
 Phase Region for:
     FCC_A1#2                      
 col-1=T, col-2=W(FCC_A1#2,C), col-3=W(FCC_A1#2,CR), col-4=W(FCC_A1#2,FE),
   col-5=W(FCC_A1#2,MN), col-6=W(FCC_A1#2,NI), col-7=W(FCC_A1#2,SI),
   col-8=NP(FCC_A1#2),
   1.17300E+03   4.30618E-15   1.50005E-02   9.84996E-01   1.00000E-06 
    1.00000E-06   1.00000E-06   1.00000E+00
   1.18300E+03   4.30618E-15   1.50005E-02   9.84996E-01   1.00000E-06 
    1.00000E-06   1.00000E-06   1.00000E+00
   1.19300E+03   4.30618E-15   1.50005E-02   9.84996E-01   1.00000E-06 
    1.00000E-06   1.00000E-06   1.00000E+00
   1.20300E+03   4.30618E-15   1.50005E-02   9.84996E-01   1.00000E-06 
    1.00000E-06   1.00000E-06   1.00000E+00
   1.21300E+03   4.30618E-15   1.50005E-02   9.84996E-01   1.00000E-06 
    1.00000E-06   1.00000E-06   1.00000E+00
   1.22300E+03   4.30618E-15   1.50005E-02   9.84996E-01   1.00000E-06 
    1.00000E-06   1.00000E-06   1.00000E+00
   1.23300E+03   4.30618E-15   1.50005E-02   9.84996E-01   1.00000E-06 
    1.00000E-06   1.00000E-06   1.00000E+00
   1.24300E+03   4.30618E-15   1.50005E-02   9.84996E-01   1.00000E-06 
    1.00000E-06   1.00000E-06   1.00000E+00
   1.25300E+03   4.30618E-15   1.50005E-02   9.84996E-01   1.00000E-06 
    1.00000E-06   1.00000E-06   1.00000E+00
   1.26300E+03   4.30618E-15   1.50005E-02   9.84996E-01   1.00000E-06 
    1.00000E-06   1.00000E-06   1.00000E+00
   1.27300E+03   4.30618E-15   1.50005E-02   9.84996E-01   1.00000E-06 
    1.00000E-06   1.00000E-06   1.00000E+00
   1.28300E+03   4.30618E-15   1.50005E-02   9.84996E-01   1.00000E-06 
    1.00000E-06   1.00000E-06   1.00000E+00
   1.29300E+03   4.30618E-15   1.50005E-02   9.84996E-01   1.00000E-06 
    1.00000E-06   1.00000E-06   1.00000E+00
   1.30300E+03   4.30618E-15   1.50005E-02   9.84996E-01   1.00000E-06 
    1.00000E-06   1.00000E-06   1.00000E+00
   1.31300E+03   4.30618E-15   1.50005E-02   9.84996E-01   1.00000E-06 
    1.00000E-06   1.00000E-06   1.00000E+00
   1.32300E+03   4.30618E-15   1.50005E-02   9.84996E-01   1.00000E-06 
    1.00000E-06   1.00000E-06   1.00000E+00
   1.33300E+03   4.30618E-15   1.50005E-02   9.84996E-01   1.00000E-06 
    1.00000E-06   1.00000E-06   1.00000E+00
   1.34300E+03   4.30618E-15   1.50005E-02   9.84996E-01   1.00000E-06 
    1.00000E-06   1.00000E-06   1.00000E+00
   1.35300E+03   4.30618E-15   1.50005E-02   9.84996E-01   1.00000E-06 
    1.00000E-06   1.00000E-06   1.00000E+00
   1.36300E+03   4.30618E-15   1.50005E-02   9.84996E-01   1.00000E-06 
    1.00000E-06   1.00000E-06   1.00000E+00
   1.37300E+03   4.30618E-15   1.50005E-02   9.84996E-01   1.00000E-06 
    1.00000E-06   1.00000E-06   1.00000E+00
   1.38300E+03   4.30618E-15   1.50005E-02   9.84996E-01   1.00000E-06 
    1.00000E-06   1.00000E-06   1.00000E+00
   1.39300E+03   4.30618E-15   1.50005E-02   9.84996E-01   1.00000E-06 
    1.00000E-06   1.00000E-06   1.00000E+00
   1.40300E+03   4.30618E-15   1.50005E-02   9.84996E-01   1.00000E-06 
    1.00000E-06   1.00000E-06   1.00000E+00
   1.41300E+03   4.30618E-15   1.50005E-02   9.84996E-01   1.00000E-06 
    1.00000E-06   1.00000E-06   1.00000E+00
   1.42300E+03   4.30618E-15   1.50005E-02   9.84996E-01   1.00000E-06 
    1.00000E-06   1.00000E-06   1.00000E+00
   1.43300E+03   4.30618E-15   1.50005E-02   9.84996E-01   1.00000E-06 
    1.00000E-06   1.00000E-06   1.00000E+00
   1.44300E+03   4.30618E-15   1.50005E-02   9.84996E-01   1.00000E-06 
    1.00000E-06   1.00000E-06   1.00000E+00
   1.45300E+03   4.30618E-15   1.50005E-02   9.84996E-01   1.00000E-06 
    1.00000E-06   1.00000E-06   1.00000E+00
   1.46300E+03   4.30618E-15   1.50005E-02   9.84996E-01   1.00000E-06 
    1.00000E-06   1.00000E-06   1.00000E+00
   1.47300E+03   4.30618E-15   1.50005E-02   9.84996E-01   1.00000E-06 
    1.00000E-06   1.00000E-06   1.00000E+00

 Phase Region for:
     FCC_A1#2                      
 col-1=T, col-2=W(FCC_A1#2,C), col-3=W(FCC_A1#2,CR), col-4=W(FCC_A1#2,FE),
   col-5=W(FCC_A1#2,MN), col-6=W(FCC_A1#2,NI), col-7=W(FCC_A1#2,SI),
   col-8=NP(FCC_A1#2),
   1.17300E+03   4.30618E-15   1.50005E-02   9.84996E-01   1.00000E-06 
    1.00000E-06   1.00000E-06   1.00000E+00
   1.16300E+03   4.30618E-15   1.50005E-02   9.84996E-01   1.00000E-06 
    1.00000E-06   1.00000E-06   1.00000E+00
   1.16298E+03   4.30618E-15   1.50005E-02   9.84996E-01   1.00000E-06 
    1.00000E-06   1.00000E-06   1.00000E+00

 Phase Region for:
     BCC_A2                        
     FCC_A1#2                      
 col-1=T, col-2=W(BCC_A2,C), col-3=W(BCC_A2,CR), col-4=W(BCC_A2,FE),
   col-5=W(BCC_A2,MN), col-6=W(BCC_A2,NI), col-7=W(BCC_A2,SI),
   col-8=W(FCC_A1#2,C), col-9=W(FCC_A1#2,CR), col-10=W(FCC_A1#2,FE),
   col-11=W(FCC_A1#2,MN), col-12=W(FCC_A1#2,NI), col-13=W(FCC_A1#2,SI),
   col-14=NP(BCC_A2), col-15=NP(FCC_A1#2),
   1.16298E+03   1.29169E-14   1.33142E-02   9.86683E-01   5.80811E-07 
    5.74242E-07   1.28089E-06   4.30816E-15   1.50006E-02   9.84996E-01 
    1.00002E-06   1.00002E-06   9.99987E-07   4.64356E-05   9.99954E-01
   1.16066E+03   1.29185E-14   1.50005E-02   9.84996E-01   1.00000E-06 
    1.00000E-06   1.00000E-06   1.18408E-13   1.68467E-02   9.83149E-01 
    1.72494E-06   1.74491E-06   7.83967E-07   1.00000E+00   0.00000E+00

 Phase Region for:
     BCC_A2                        
 col-1=T, col-2=W(BCC_A2,C), col-3=W(BCC_A2,CR), col-4=W(BCC_A2,FE),
   col-5=W(BCC_A2,MN), col-6=W(BCC_A2,NI), col-7=W(BCC_A2,SI),
   col-8=NP(BCC_A2),
   1.16066E+03   1.29185E-14   1.50005E-02   9.84996E-01   1.00000E-06 
    1.00000E-06   1.00000E-06   1.00000E+00  NONE
   1.15300E+03   1.29185E-14   1.50005E-02   9.84996E-01   1.00000E-06 
    1.00000E-06   1.00000E-06   1.00000E+00  NONE
   1.14300E+03   1.29185E-14   1.50005E-02   9.84996E-01   1.00000E-06 
    1.00000E-06   1.00000E-06   1.00000E+00  NONE
   1.13300E+03   1.29185E-14   1.50005E-02   9.84996E-01   1.00000E-06 
    1.00000E-06   1.00000E-06   1.00000E+00  NONE
   1.12300E+03   1.29185E-14   1.50005E-02   9.84996E-01   1.00000E-06 
    1.00000E-06   1.00000E-06   1.00000E+00  NONE
   1.11300E+03   1.29185E-14   1.50005E-02   9.84996E-01   1.00000E-06 
    1.00000E-06   1.00000E-06   1.00000E+00  NONE
   1.10300E+03   1.29185E-14   1.50005E-02   9.84996E-01   1.00000E-06 
    1.00000E-06   1.00000E-06   1.00000E+00  NONE
   1.09300E+03   1.29185E-14   1.50005E-02   9.84996E-01   1.00000E-06 
    1.00000E-06   1.00000E-06   1.00000E+00  NONE
   1.08300E+03   1.29185E-14   1.50005E-02   9.84996E-01   1.00000E-06 
    1.00000E-06   1.00000E-06   1.00000E+00  NONE
   1.07300E+03   1.29185E-14   1.50005E-02   9.84996E-01   1.00000E-06 
    1.00000E-06   1.00000E-06   1.00000E+00  NONE
   1.06300E+03   1.29185E-14   1.50005E-02   9.84996E-01   1.00000E-06 
    1.00000E-06   1.00000E-06   1.00000E+00  NONE
   1.05300E+03   1.29185E-14   1.50005E-02   9.84996E-01   1.00000E-06 
    1.00000E-06   1.00000E-06   1.00000E+00  NONE
   1.04300E+03   1.29185E-14   1.50005E-02   9.84996E-01   1.00000E-06 
    1.00000E-06   1.00000E-06   1.00000E+00  NONE
   1.03300E+03   1.29185E-14   1.50005E-02   9.84996E-01   1.00000E-06 
    1.00000E-06   1.00000E-06   1.00000E+00  NONE
   1.02300E+03   1.29185E-14   1.50005E-02   9.84996E-01   1.00000E-06 
    1.00000E-06   1.00000E-06   1.00000E+00  NONE
   1.01300E+03   1.29185E-14   1.50005E-02   9.84996E-01   1.00000E-06 
    1.00000E-06   1.00000E-06   1.00000E+00  NONE
   1.00300E+03   1.29185E-14   1.50005E-02   9.84996E-01   1.00000E-06 
    1.00000E-06   1.00000E-06   1.00000E+00  NONE
   9.93000E+02   1.29185E-14   1.50005E-02   9.84996E-01   1.00000E-06 
    1.00000E-06   1.00000E-06   1.00000E+00  NONE
   9.83000E+02   1.29185E-14   1.50005E-02   9.84996E-01   1.00000E-06 
    1.00000E-06   1.00000E-06   1.00000E+00  NONE
   9.73000E+02   1.29185E-14   1.50005E-02   9.84996E-01   1.00000E-06 
    1.00000E-06   1.00000E-06   1.00000E+00  NONE
   9.63000E+02   1.29185E-14   1.50005E-02   9.84996E-01   1.00000E-06 
    1.00000E-06   1.00000E-06   1.00000E+00  NONE
   9.53000E+02   1.29185E-14   1.50005E-02   9.84996E-01   1.00000E-06 
    1.00000E-06   1.00000E-06   1.00000E+00  NONE
   9.43000E+02   1.29185E-14   1.50005E-02   9.84996E-01   1.00000E-06 
    1.00000E-06   1.00000E-06   1.00000E+00  NONE
   9.33000E+02   1.29185E-14   1.50005E-02   9.84996E-01   1.00000E-06 
    1.00000E-06   1.00000E-06   1.00000E+00  NONE
   9.23000E+02   1.29185E-14   1.50005E-02   9.84996E-01   1.00000E-06 
    1.00000E-06   1.00000E-06   1.00000E+00  NONE
   9.13000E+02   1.29185E-14   1.50005E-02   9.84996E-01   1.00000E-06 
    1.00000E-06   1.00000E-06   1.00000E+00  NONE
   9.03000E+02   1.29185E-14   1.50005E-02   9.84996E-01   1.00000E-06 
    1.00000E-06   1.00000E-06   1.00000E+00  NONE
   8.93000E+02   1.29185E-14   1.50005E-02   9.84996E-01   1.00000E-06 
    1.00000E-06   1.00000E-06   1.00000E+00  NONE
   8.83000E+02   1.29185E-14   1.50005E-02   9.84996E-01   1.00000E-06 
    1.00000E-06   1.00000E-06   1.00000E+00  NONE
   8.73000E+02   1.29185E-14   1.50005E-02   9.84996E-01   1.00000E-06 
    1.00000E-06   1.00000E-06   1.00000E+00  NONE
   8.63000E+02   1.29185E-14   1.50005E-02   9.84996E-01   1.00000E-06 
    1.00000E-06   1.00000E-06   1.00000E+00  NONE
   8.53000E+02   1.29185E-14   1.50005E-02   9.84996E-01   1.00000E-06 
    1.00000E-06   1.00000E-06   1.00000E+00  NONE
   8.43000E+02   1.29185E-14   1.50005E-02   9.84996E-01   1.00000E-06 
    1.00000E-06   1.00000E-06   1.00000E+00  NONE
   8.33000E+02   1.29185E-14   1.50005E-02   9.84996E-01   1.00000E-06 
    1.00000E-06   1.00000E-06   1.00000E+00  NONE
   8.23000E+02   1.29185E-14   1.50005E-02   9.84996E-01   1.00000E-06 
    1.00000E-06   1.00000E-06   1.00000E+00  NONE
   8.13000E+02   1.29185E-14   1.50005E-02   9.84996E-01   1.00000E-06 
    1.00000E-06   1.00000E-06   1.00000E+00  NONE
   8.03000E+02   1.29185E-14   1.50005E-02   9.84996E-01   1.00000E-06 
    1.00000E-06   1.00000E-06   1.00000E+00  NONE
   7.93000E+02   1.29185E-14   1.50005E-02   9.84996E-01   1.00000E-06 
    1.00000E-06   1.00000E-06   1.00000E+00  NONE
   7.83000E+02   1.29185E-14   1.50005E-02   9.84996E-01   1.00000E-06 
    1.00000E-06   1.00000E-06   1.00000E+00  NONE
   7.73000E+02   1.29185E-14   1.50005E-02   9.84996E-01   1.00000E-06 
    1.00000E-06   1.00000E-06   1.00000E+00  NONE
   7.63000E+02   1.29185E-14   1.50005E-02   9.84996E-01   1.00000E-06 
    1.00000E-06   1.00000E-06   1.00000E+00  NONE
   7.53000E+02   1.29185E-14   1.50005E-02   9.84996E-01   1.00000E-06 
    1.00000E-06   1.00000E-06   1.00000E+00  NONE
   7.43000E+02   1.29185E-14   1.50005E-02   9.84996E-01   1.00000E-06 
    1.00000E-06   1.00000E-06   1.00000E+00  NONE
   7.33000E+02   1.29185E-14   1.50005E-02   9.84996E-01   1.00000E-06 
    1.00000E-06   1.00000E-06   1.00000E+00  NONE
   7.23000E+02   1.29185E-14   1.50005E-02   9.84996E-01   1.00000E-06 
    1.00000E-06   1.00000E-06   1.00000E+00  NONE
   7.13000E+02   1.29185E-14   1.50005E-02   9.84996E-01   1.00000E-06 
    1.00000E-06   1.00000E-06   1.00000E+00  NONE
   7.03000E+02   1.29185E-14   1.50005E-02   9.84996E-01   1.00000E-06 
    1.00000E-06   1.00000E-06   1.00000E+00  NONE
   6.93000E+02   1.29185E-14   1.50005E-02   9.84996E-01   1.00000E-06 
    1.00000E-06   1.00000E-06   1.00000E+00  NONE
   6.83000E+02   1.29185E-14   1.50005E-02   9.84996E-01   1.00000E-06 
    1.00000E-06   1.00000E-06   1.00000E+00  NONE
   6.73000E+02   1.29185E-14   1.50005E-02   9.84996E-01   1.00000E-06 
    1.00000E-06   1.00000E-06   1.00000E+00  NONE
