
 Phase Region for:
     FCC_A1#1                      
 col-1=T, col-2=X(FCC_A1#1,C), col-3=X(FCC_A1#1,CR), col-4=X(FCC_A1#1,FE),
   col-5=X(FCC_A1#1,MN), col-6=X(FCC_A1#1,NI), col-7=X(FCC_A1#1,SI),
   col-8=NP(FCC_A1#1),
   1.17300E+03   2.00000E-14   3.21465E-02   9.60244E-01   7.60700E-03 
    9.49331E-07   1.98377E-06   1.00000E+00  NONE
   1.18300E+03   2.00000E-14   3.21465E-02   9.60244E-01   7.60700E-03 
    9.49331E-07   1.98377E-06   1.00000E+00  NONE
   1.19300E+03   2.00000E-14   3.21465E-02   9.60244E-01   7.60700E-03 
    9.49331E-07   1.98377E-06   1.00000E+00  NONE
   1.20300E+03   2.00000E-14   3.21465E-02   9.60244E-01   7.60700E-03 
    9.49331E-07   1.98377E-06   1.00000E+00  NONE
   1.21300E+03   2.00000E-14   3.21465E-02   9.60244E-01   7.60700E-03 
    9.49331E-07   1.98377E-06   1.00000E+00  NONE
   1.22300E+03   2.00000E-14   3.21465E-02   9.60244E-01   7.60700E-03 
    9.49331E-07   1.98377E-06   1.00000E+00  NONE
   1.23300E+03   2.00000E-14   3.21465E-02   9.60244E-01   7.60700E-03 
    9.49331E-07   1.98377E-06   1.00000E+00  NONE
   1.24300E+03   2.00000E-14   3.21465E-02   9.60244E-01   7.60700E-03 
    9.49331E-07   1.98377E-06   1.00000E+00  NONE
   1.25300E+03   2.00000E-14   3.21465E-02   9.60244E-01   7.60700E-03 
    9.49331E-07   1.98377E-06   1.00000E+00  NONE
   1.26300E+03   2.00000E-14   3.21465E-02   9.60244E-01   7.60700E-03 
    9.49331E-07   1.98377E-06   1.00000E+00  NONE
   1.27300E+03   2.00000E-14   3.21465E-02   9.60244E-01   7.60700E-03 
    9.49331E-07   1.98377E-06   1.00000E+00  NONE
   1.28300E+03   2.00000E-14   3.21465E-02   9.60244E-01   7.60700E-03 
    9.49331E-07   1.98377E-06   1.00000E+00  NONE
   1.29300E+03   2.00000E-14   3.21465E-02   9.60244E-01   7.60700E-03 
    9.49331E-07   1.98377E-06   1.00000E+00  NONE
   1.30300E+03   2.00000E-14   3.21465E-02   9.60244E-01   7.60700E-03 
    9.49331E-07   1.98377E-06   1.00000E+00  NONE
   1.31300E+03   2.00000E-14   3.21465E-02   9.60244E-01   7.60700E-03 
    9.49331E-07   1.98377E-06   1.00000E+00  NONE
   1.32300E+03   2.00000E-14   3.21465E-02   9.60244E-01   7.60700E-03 
    9.49331E-07   1.98377E-06   1.00000E+00  NONE
   1.33300E+03   2.00000E-14   3.21465E-02   9.60244E-01   7.60700E-03 
    9.49331E-07   1.98377E-06   1.00000E+00  NONE
   1.34300E+03   2.00000E-14   3.21465E-02   9.60244E-01   7.60700E-03 
    9.49331E-07   1.98377E-06   1.00000E+00  NONE
   1.35300E+03   2.00000E-14   3.21465E-02   9.60244E-01   7.60700E-03 
    9.49331E-07   1.98377E-06   1.00000E+00  NONE
   1.36300E+03   2.00000E-14   3.21465E-02   9.60244E-01   7.60700E-03 
    9.49331E-07   1.98377E-06   1.00000E+00  NONE
   1.37300E+03   2.00000E-14   3.21465E-02   9.60244E-01   7.60700E-03 
    9.49331E-07   1.98377E-06   1.00000E+00  NONE
   1.38300E+03   2.00000E-14   3.21465E-02   9.60244E-01   7.60700E-03 
    9.49331E-07   1.98377E-06   1.00000E+00  NONE
   1.39300E+03   2.00000E-14   3.21465E-02   9.60244E-01   7.60700E-03 
    9.49331E-07   1.98377E-06   1.00000E+00  NONE
   1.40300E+03   2.00000E-14   3.21465E-02   9.60244E-01   7.60700E-03 
    9.49331E-07   1.98377E-06   1.00000E+00  NONE
   1.41300E+03   2.00000E-14   3.21465E-02   9.60244E-01   7.60700E-03 
    9.49331E-07   1.98377E-06   1.00000E+00  NONE
   1.42300E+03   2.00000E-14   3.21465E-02   9.60244E-01   7.60700E-03 
    9.49331E-07   1.98377E-06   1.00000E+00  NONE
   1.43300E+03   2.00000E-14   3.21465E-02   9.60244E-01   7.60700E-03 
    9.49331E-07   1.98377E-06   1.00000E+00  NONE
   1.44300E+03   2.00000E-14   3.21465E-02   9.60244E-01   7.60700E-03 
    9.49331E-07   1.98377E-06   1.00000E+00  NONE
   1.45300E+03   2.00000E-14   3.21465E-02   9.60244E-01   7.60700E-03 
    9.49331E-07   1.98377E-06   1.00000E+00  NONE
   1.46300E+03   2.00000E-14   3.21465E-02   9.60244E-01   7.60700E-03 
    9.49331E-07   1.98377E-06   1.00000E+00  NONE
   1.47300E+03   2.00000E-14   3.21465E-02   9.60244E-01   7.60700E-03 
    9.49331E-07   1.98377E-06   1.00000E+00  NONE

 Phase Region for:
     FCC_A1#1                      
 col-1=T, col-2=X(FCC_A1#1,C), col-3=X(FCC_A1#1,CR), col-4=X(FCC_A1#1,FE),
   col-5=X(FCC_A1#1,MN), col-6=X(FCC_A1#1,NI), col-7=X(FCC_A1#1,SI),
   col-8=NP(FCC_A1#1),
   1.17300E+03   2.00000E-14   3.21465E-02   9.60244E-01   7.60700E-03 
    9.49331E-07   1.98377E-06   1.00000E+00  NONE
   1.16300E+03   2.00000E-14   3.21465E-02   9.60244E-01   7.60700E-03 
    9.49331E-07   1.98377E-06   1.00000E+00  NONE
   1.15300E+03   2.00000E-14   3.21465E-02   9.60244E-01   7.60700E-03 
    9.49331E-07   1.98377E-06   1.00000E+00  NONE
   1.14300E+03   2.00000E-14   3.21465E-02   9.60244E-01   7.60700E-03 
    9.49331E-07   1.98377E-06   1.00000E+00  NONE
   1.13300E+03   2.00000E-14   3.21465E-02   9.60244E-01   7.60700E-03 
    9.49331E-07   1.98377E-06   1.00000E+00  NONE
   1.12300E+03   2.00000E-14   3.21465E-02   9.60244E-01   7.60700E-03 
    9.49331E-07   1.98377E-06   1.00000E+00  NONE
   1.11658E+03   2.00000E-14   3.21465E-02   9.60244E-01   7.60700E-03 
    9.49331E-07   1.98377E-06   1.00000E+00  NONE

 Phase Region for:
     BCC_A2                        
     FCC_A1#1                      
 col-1=T, col-2=X(BCC_A2,C), col-3=X(BCC_A2,CR), col-4=X(BCC_A2,FE),
   col-5=X(BCC_A2,MN), col-6=X(BCC_A2,NI), col-7=X(BCC_A2,SI),
   col-8=X(FCC_A1#1,C), col-9=X(FCC_A1#1,CR), col-10=X(FCC_A1#1,FE),
   col-11=X(FCC_A1#1,MN), col-12=X(FCC_A1#1,NI), col-13=X(FCC_A1#1,SI),
   col-14=NP(BCC_A2), col-15=NP(FCC_A1#1),
   1.11658E+03   6.00000E-14   2.90588E-02   9.66773E-01   4.16543E-03 
    5.02516E-07   2.37137E-06   2.00014E-14   3.21465E-02   9.60244E-01 
    7.60703E-03   9.49334E-07   1.98377E-06   6.55501E-06   9.99993E-01
   1.11300E+03   6.00000E-14   2.96773E-02   9.65728E-01   4.59214E-03 
    5.55222E-07   2.26658E-06   5.99593E-14   3.28224E-02   9.58742E-01 
    8.43235E-03   1.05722E-06   1.90635E-06   2.14922E-01   7.85078E-01
   1.10300E+03   6.00000E-14   3.09989E-02   9.63155E-01   5.84352E-03 
    7.13390E-07   2.09010E-06   1.77431E-13   3.42928E-02   9.54799E-01 
    1.09053E-02   1.39062E-06   1.78491E-06   6.51610E-01   3.48390E-01
   1.09300E+03   6.00000E-14   3.19037E-02   9.60941E-01   7.15269E-03 
    8.86724E-07   2.00252E-06   4.46000E-13   3.53398E-02   9.51074E-01 
    1.35826E-02   1.77279E-06   1.73721E-06   9.29343E-01   7.06574E-02
   1.08959E+03   6.00000E-14   3.21465E-02   9.60244E-01   7.60700E-03 
    9.49331E-07   1.98377E-06   7.81194E-13   3.56311E-02   9.49830E-01 
    1.45348E-02   1.91515E-06   1.73042E-06   1.00000E+00   0.00000E+00

 Phase Region for:
     BCC_A2                        
 col-1=T, col-2=X(BCC_A2,C), col-3=X(BCC_A2,CR), col-4=X(BCC_A2,FE),
   col-5=X(BCC_A2,MN), col-6=X(BCC_A2,NI), col-7=X(BCC_A2,SI),
   col-8=NP(BCC_A2),
   1.08959E+03   6.00000E-14   3.21465E-02   9.60244E-01   7.60700E-03 
    9.49331E-07   1.98377E-06   1.00000E+00  NONE
   1.08300E+03   6.00000E-14   3.21465E-02   9.60244E-01   7.60700E-03 
    9.49331E-07   1.98377E-06   1.00000E+00  NONE
   1.07300E+03   6.00000E-14   3.21465E-02   9.60244E-01   7.60700E-03 
    9.49331E-07   1.98377E-06   1.00000E+00  NONE
   1.06300E+03   6.00000E-14   3.21465E-02   9.60244E-01   7.60700E-03 
    9.49331E-07   1.98377E-06   1.00000E+00  NONE
   1.05300E+03   6.00000E-14   3.21465E-02   9.60244E-01   7.60700E-03 
    9.49331E-07   1.98377E-06   1.00000E+00  NONE
   1.04300E+03   6.00000E-14   3.21465E-02   9.60244E-01   7.60700E-03 
    9.49331E-07   1.98377E-06   1.00000E+00  NONE
   1.03300E+03   6.00000E-14   3.21465E-02   9.60244E-01   7.60700E-03 
    9.49331E-07   1.98377E-06   1.00000E+00  NONE
   1.02300E+03   6.00000E-14   3.21465E-02   9.60244E-01   7.60700E-03 
    9.49331E-07   1.98377E-06   1.00000E+00  NONE
   1.01300E+03   6.00000E-14   3.21465E-02   9.60244E-01   7.60700E-03 
    9.49331E-07   1.98377E-06   1.00000E+00  NONE
   1.00300E+03   6.00000E-14   3.21465E-02   9.60244E-01   7.60700E-03 
    9.49331E-07   1.98377E-06   1.00000E+00  NONE
   9.93000E+02   6.00000E-14   3.21465E-02   9.60244E-01   7.60700E-03 
    9.49331E-07   1.98377E-06   1.00000E+00  NONE
   9.83000E+02   6.00000E-14   3.21465E-02   9.60244E-01   7.60700E-03 
    9.49331E-07   1.98377E-06   1.00000E+00  NONE
   9.73000E+02   6.00000E-14   3.21465E-02   9.60244E-01   7.60700E-03 
    9.49331E-07   1.98377E-06   1.00000E+00  NONE
   9.63000E+02   6.00000E-14   3.21465E-02   9.60244E-01   7.60700E-03 
    9.49331E-07   1.98377E-06   1.00000E+00  NONE
   9.53000E+02   6.00000E-14   3.21465E-02   9.60244E-01   7.60700E-03 
    9.49331E-07   1.98377E-06   1.00000E+00  NONE
   9.43000E+02   6.00000E-14   3.21465E-02   9.60244E-01   7.60700E-03 
    9.49331E-07   1.98377E-06   1.00000E+00  NONE
   9.33000E+02   6.00000E-14   3.21465E-02   9.60244E-01   7.60700E-03 
    9.49331E-07   1.98377E-06   1.00000E+00  NONE
   9.23000E+02   6.00000E-14   3.21465E-02   9.60244E-01   7.60700E-03 
    9.49331E-07   1.98377E-06   1.00000E+00  NONE
   9.13000E+02   6.00000E-14   3.21465E-02   9.60244E-01   7.60700E-03 
    9.49331E-07   1.98377E-06   1.00000E+00  NONE
   9.03000E+02   6.00000E-14   3.21465E-02   9.60244E-01   7.60700E-03 
    9.49331E-07   1.98377E-06   1.00000E+00  NONE
   8.93000E+02   6.00000E-14   3.21465E-02   9.60244E-01   7.60700E-03 
    9.49331E-07   1.98377E-06   1.00000E+00  NONE
   8.83000E+02   6.00000E-14   3.21465E-02   9.60244E-01   7.60700E-03 
    9.49331E-07   1.98377E-06   1.00000E+00  NONE
   8.73000E+02   6.00000E-14   3.21465E-02   9.60244E-01   7.60700E-03 
    9.49331E-07   1.98377E-06   1.00000E+00  NONE
   8.63000E+02   6.00000E-14   3.21465E-02   9.60244E-01   7.60700E-03 
    9.49331E-07   1.98377E-06   1.00000E+00  NONE
   8.53000E+02   6.00000E-14   3.21465E-02   9.60244E-01   7.60700E-03 
    9.49331E-07   1.98377E-06   1.00000E+00  NONE
   8.43000E+02   6.00000E-14   3.21465E-02   9.60244E-01   7.60700E-03 
    9.49331E-07   1.98377E-06   1.00000E+00  NONE
   8.33000E+02   6.00000E-14   3.21465E-02   9.60244E-01   7.60700E-03 
    9.49331E-07   1.98377E-06   1.00000E+00  NONE
   8.23000E+02   6.00000E-14   3.21465E-02   9.60244E-01   7.60700E-03 
    9.49331E-07   1.98377E-06   1.00000E+00  NONE
   8.13000E+02   6.00000E-14   3.21465E-02   9.60244E-01   7.60700E-03 
    9.49331E-07   1.98377E-06   1.00000E+00  NONE
   8.03000E+02   6.00000E-14   3.21465E-02   9.60244E-01   7.60700E-03 
    9.49331E-07   1.98377E-06   1.00000E+00  NONE
   7.93000E+02   6.00000E-14   3.21465E-02   9.60244E-01   7.60700E-03 
    9.49331E-07   1.98377E-06   1.00000E+00  NONE
   7.83000E+02   6.00000E-14   3.21465E-02   9.60244E-01   7.60700E-03 
    9.49331E-07   1.98377E-06   1.00000E+00  NONE
   7.73000E+02   6.00000E-14   3.21465E-02   9.60244E-01   7.60700E-03 
    9.49331E-07   1.98377E-06   1.00000E+00  NONE
   7.63000E+02   6.00000E-14   3.21465E-02   9.60244E-01   7.60700E-03 
    9.49331E-07   1.98377E-06   1.00000E+00  NONE
   7.53000E+02   6.00000E-14   3.21465E-02   9.60244E-01   7.60700E-03 
    9.49331E-07   1.98377E-06   1.00000E+00  NONE
   7.43000E+02   6.00000E-14   3.21465E-02   9.60244E-01   7.60700E-03 
    9.49331E-07   1.98377E-06   1.00000E+00  NONE
   7.33000E+02   6.00000E-14   3.21465E-02   9.60244E-01   7.60700E-03 
    9.49331E-07   1.98377E-06   1.00000E+00  NONE
   7.23000E+02   6.00000E-14   3.21465E-02   9.60244E-01   7.60700E-03 
    9.49331E-07   1.98377E-06   1.00000E+00  NONE
   7.13000E+02   6.00000E-14   3.21465E-02   9.60244E-01   7.60700E-03 
    9.49331E-07   1.98377E-06   1.00000E+00  NONE
   7.03000E+02   6.00000E-14   3.21465E-02   9.60244E-01   7.60700E-03 
    9.49331E-07   1.98377E-06   1.00000E+00  NONE
   6.93000E+02   6.00000E-14   3.21465E-02   9.60244E-01   7.60700E-03 
    9.49331E-07   1.98377E-06   1.00000E+00  NONE
   6.83000E+02   6.00000E-14   3.21465E-02   9.60244E-01   7.60700E-03 
    9.49331E-07   1.98377E-06   1.00000E+00  NONE
   6.73000E+02   6.00000E-14   3.21465E-02   9.60244E-01   7.60700E-03 
    9.49331E-07   1.98377E-06   1.00000E+00  NONE
