
 Phase Region for:
     FCC_A1#1                      
 col-1=T, col-2=W(FCC_A1#1,C), col-3=W(FCC_A1#1,CR), col-4=W(FCC_A1#1,FE),
   col-5=W(FCC_A1#1,MN), col-6=W(FCC_A1#1,NI), col-7=W(FCC_A1#1,SI),
   col-8=NP(FCC_A1#1),
   1.17300E+03   4.37214E-15   3.00000E-02   9.32498E-01   7.50075E-03 
    1.50005E-02   1.50005E-02   1.00000E+00
   1.18300E+03   4.37214E-15   3.00000E-02   9.32498E-01   7.50075E-03 
    1.50005E-02   1.50005E-02   1.00000E+00
   1.19300E+03   4.37214E-15   3.00000E-02   9.32498E-01   7.50075E-03 
    1.50005E-02   1.50005E-02   1.00000E+00
   1.20300E+03   4.37214E-15   3.00000E-02   9.32498E-01   7.50075E-03 
    1.50005E-02   1.50005E-02   1.00000E+00
   1.21300E+03   4.37214E-15   3.00000E-02   9.32498E-01   7.50075E-03 
    1.50005E-02   1.50005E-02   1.00000E+00
   1.22300E+03   4.37214E-15   3.00000E-02   9.32498E-01   7.50075E-03 
    1.50005E-02   1.50005E-02   1.00000E+00
   1.23300E+03   4.37214E-15   3.00000E-02   9.32498E-01   7.50075E-03 
    1.50005E-02   1.50005E-02   1.00000E+00
   1.24300E+03   4.37214E-15   3.00000E-02   9.32498E-01   7.50075E-03 
    1.50005E-02   1.50005E-02   1.00000E+00
   1.25300E+03   4.37214E-15   3.00000E-02   9.32498E-01   7.50075E-03 
    1.50005E-02   1.50005E-02   1.00000E+00
   1.26300E+03   4.37214E-15   3.00000E-02   9.32498E-01   7.50075E-03 
    1.50005E-02   1.50005E-02   1.00000E+00
   1.27300E+03   4.37214E-15   3.00000E-02   9.32498E-01   7.50075E-03 
    1.50005E-02   1.50005E-02   1.00000E+00
   1.28300E+03   4.37214E-15   3.00000E-02   9.32498E-01   7.50075E-03 
    1.50005E-02   1.50005E-02   1.00000E+00
   1.29300E+03   4.37214E-15   3.00000E-02   9.32498E-01   7.50075E-03 
    1.50005E-02   1.50005E-02   1.00000E+00
   1.30300E+03   4.37214E-15   3.00000E-02   9.32498E-01   7.50075E-03 
    1.50005E-02   1.50005E-02   1.00000E+00
   1.31300E+03   4.37214E-15   3.00000E-02   9.32498E-01   7.50075E-03 
    1.50005E-02   1.50005E-02   1.00000E+00
   1.32300E+03   4.37214E-15   3.00000E-02   9.32498E-01   7.50075E-03 
    1.50005E-02   1.50005E-02   1.00000E+00
   1.33300E+03   4.37214E-15   3.00000E-02   9.32498E-01   7.50075E-03 
    1.50005E-02   1.50005E-02   1.00000E+00
   1.34300E+03   4.37214E-15   3.00000E-02   9.32498E-01   7.50075E-03 
    1.50005E-02   1.50005E-02   1.00000E+00
   1.35300E+03   4.37214E-15   3.00000E-02   9.32498E-01   7.50075E-03 
    1.50005E-02   1.50005E-02   1.00000E+00
   1.36300E+03   4.37214E-15   3.00000E-02   9.32498E-01   7.50075E-03 
    1.50005E-02   1.50005E-02   1.00000E+00
   1.37300E+03   4.37214E-15   3.00000E-02   9.32498E-01   7.50075E-03 
    1.50005E-02   1.50005E-02   1.00000E+00
   1.38300E+03   4.37214E-15   3.00000E-02   9.32498E-01   7.50075E-03 
    1.50005E-02   1.50005E-02   1.00000E+00
   1.39300E+03   4.37214E-15   3.00000E-02   9.32498E-01   7.50075E-03 
    1.50005E-02   1.50005E-02   1.00000E+00
   1.40300E+03   4.37214E-15   3.00000E-02   9.32498E-01   7.50075E-03 
    1.50005E-02   1.50005E-02   1.00000E+00
   1.41300E+03   4.37214E-15   3.00000E-02   9.32498E-01   7.50075E-03 
    1.50005E-02   1.50005E-02   1.00000E+00
   1.42300E+03   4.37214E-15   3.00000E-02   9.32498E-01   7.50075E-03 
    1.50005E-02   1.50005E-02   1.00000E+00
   1.43300E+03   4.37214E-15   3.00000E-02   9.32498E-01   7.50075E-03 
    1.50005E-02   1.50005E-02   1.00000E+00
   1.44300E+03   4.37214E-15   3.00000E-02   9.32498E-01   7.50075E-03 
    1.50005E-02   1.50005E-02   1.00000E+00
   1.45300E+03   4.37214E-15   3.00000E-02   9.32498E-01   7.50075E-03 
    1.50005E-02   1.50005E-02   1.00000E+00
   1.46300E+03   4.37214E-15   3.00000E-02   9.32498E-01   7.50075E-03 
    1.50005E-02   1.50005E-02   1.00000E+00
   1.47300E+03   4.37214E-15   3.00000E-02   9.32498E-01   7.50075E-03 
    1.50005E-02   1.50005E-02   1.00000E+00

 Phase Region for:
     FCC_A1#1                      
 col-1=T, col-2=W(FCC_A1#1,C), col-3=W(FCC_A1#1,CR), col-4=W(FCC_A1#1,FE),
   col-5=W(FCC_A1#1,MN), col-6=W(FCC_A1#1,NI), col-7=W(FCC_A1#1,SI),
   col-8=NP(FCC_A1#1),
   1.17300E+03   4.37214E-15   3.00000E-02   9.32498E-01   7.50075E-03 
    1.50005E-02   1.50005E-02   1.00000E+00
   1.16300E+03   4.37214E-15   3.00000E-02   9.32498E-01   7.50075E-03 
    1.50005E-02   1.50005E-02   1.00000E+00
   1.15300E+03   4.37214E-15   3.00000E-02   9.32498E-01   7.50075E-03 
    1.50005E-02   1.50005E-02   1.00000E+00
   1.14300E+03   4.37214E-15   3.00000E-02   9.32498E-01   7.50075E-03 
    1.50005E-02   1.50005E-02   1.00000E+00
   1.13300E+03   4.37214E-15   3.00000E-02   9.32498E-01   7.50075E-03 
    1.50005E-02   1.50005E-02   1.00000E+00
   1.12300E+03   4.37214E-15   3.00000E-02   9.32498E-01   7.50075E-03 
    1.50005E-02   1.50005E-02   1.00000E+00
   1.12272E+03   4.37214E-15   3.00000E-02   9.32498E-01   7.50075E-03 
    1.50005E-02   1.50005E-02   1.00000E+00

 Phase Region for:
     BCC_A2                        
     FCC_A1#1                      
 col-1=T, col-2=W(BCC_A2,C), col-3=W(BCC_A2,CR), col-4=W(BCC_A2,FE),
   col-5=W(BCC_A2,MN), col-6=W(BCC_A2,NI), col-7=W(BCC_A2,SI),
   col-8=W(FCC_A1#1,C), col-9=W(FCC_A1#1,CR), col-10=W(FCC_A1#1,FE),
   col-11=W(FCC_A1#1,MN), col-12=W(FCC_A1#1,NI), col-13=W(FCC_A1#1,SI),
   col-14=NP(BCC_A2), col-15=NP(FCC_A1#1),
   1.12272E+03   1.31425E-14   2.72835E-02   9.43918E-01   3.96829E-03 
    7.87404E-03   1.69566E-02   4.37222E-15   3.00000E-02   9.32498E-01 
    7.50076E-03   1.50005E-02   1.50005E-02   1.81223E-06   9.99998E-01
   1.11300E+03   1.31378E-14   2.76517E-02   9.43125E-01   4.22176E-03 
    8.41521E-03   1.65864E-02   1.10061E-14   3.04699E-02   9.30372E-01 
    8.15685E-03   1.63182E-02   1.46832E-02   1.67002E-01   8.32998E-01
   1.10300E+03   1.31337E-14   2.80099E-02   9.42220E-01   4.50015E-03 
    9.00921E-03   1.62609E-02   1.74133E-14   3.09329E-02   9.27941E-01 
    8.90732E-03   1.78090E-02   1.44097E-02   3.19575E-01   6.80425E-01
   1.09300E+03   1.31302E-14   2.83426E-02   9.41241E-01   4.79447E-03 
    9.63524E-03   1.59865E-02   2.43262E-14   3.13705E-02   9.25269E-01 
    9.73853E-03   1.94369E-02   1.41852E-02   4.53094E-01   5.46906E-01
   1.08300E+03   1.31272E-14   2.86473E-02   9.40205E-01   5.10273E-03 
    1.02869E-02   1.57576E-02   3.22073E-14   3.17795E-02   9.22359E-01 
    1.06555E-02   2.12014E-02   1.40045E-02   5.68604E-01   4.31396E-01
   1.07300E+03   1.31247E-14   2.89229E-02   9.39128E-01   5.42299E-03 
    1.09575E-02   1.55684E-02   4.15296E-14   3.21583E-02   9.19213E-01 
    1.16643E-02   2.31020E-02   1.38626E-02   6.67515E-01   3.32485E-01
   1.06300E+03   1.31226E-14   2.91692E-02   9.38024E-01   5.75336E-03 
    1.16401E-02   1.54135E-02   5.29232E-14   3.25065E-02   9.15828E-01 
    1.27726E-02   2.51386E-02   1.37546E-02   7.51411E-01   2.48589E-01
   1.05300E+03   1.31209E-14   2.93869E-02   9.36905E-01   6.09196E-03 
    1.23276E-02   1.52880E-02   6.73460E-14   3.28241E-02   9.12198E-01 
    1.39897E-02   2.73120E-02   1.36761E-02   8.21901E-01   1.78099E-01
   1.04300E+03   1.31194E-14   2.95770E-02   9.35786E-01   6.43688E-03 
    1.30127E-02   1.51877E-02   8.64166E-14   3.31120E-02   9.08314E-01 
    1.53271E-02   2.96236E-02   1.36234E-02   8.80534E-01   1.19466E-01
   1.03300E+03   1.31182E-14   2.97408E-02   9.34677E-01   6.78603E-03 
    1.36879E-02   1.51087E-02   1.13241E-13   3.33712E-02   9.04161E-01 
    1.67982E-02   3.20760E-02   1.35933E-02   9.28742E-01   7.12582E-02
   1.02300E+03   1.31172E-14   2.98800E-02   9.33590E-01   7.13700E-03 
    1.43451E-02   1.50477E-02   1.55064E-13   3.36029E-02   8.99722E-01 
    1.84190E-02   3.46730E-02   1.35831E-02   9.67819E-01   3.21812E-02
   1.01300E+03   1.31164E-14   2.99958E-02   9.32539E-01   7.48690E-03 
    1.49761E-02   1.50020E-02   2.36798E-13   3.38088E-02   8.94972E-01 
    2.02087E-02   3.74197E-02   1.35907E-02   9.98913E-01   1.08658E-03
   1.01260E+03   1.31164E-14   3.00000E-02   9.32498E-01   7.50075E-03 
    1.50005E-02   1.50005E-02   2.41997E-13   3.38164E-02   8.94776E-01 
    2.02837E-02   3.75321E-02   1.35913E-02   1.00000E+00   0.00000E+00

 Phase Region for:
     BCC_A2                        
 col-1=T, col-2=W(BCC_A2,C), col-3=W(BCC_A2,CR), col-4=W(BCC_A2,FE),
   col-5=W(BCC_A2,MN), col-6=W(BCC_A2,NI), col-7=W(BCC_A2,SI),
   col-8=NP(BCC_A2),
   1.01260E+03   1.31164E-14   3.00000E-02   9.32498E-01   7.50075E-03 
    1.50005E-02   1.50005E-02   1.00000E+00  NONE
   1.00300E+03   1.31164E-14   3.00000E-02   9.32498E-01   7.50075E-03 
    1.50005E-02   1.50005E-02   1.00000E+00  NONE
   9.93000E+02   1.31164E-14   3.00000E-02   9.32498E-01   7.50075E-03 
    1.50005E-02   1.50005E-02   1.00000E+00  NONE
   9.83000E+02   1.31164E-14   3.00000E-02   9.32498E-01   7.50075E-03 
    1.50005E-02   1.50005E-02   1.00000E+00  NONE
   9.73000E+02   1.31164E-14   3.00000E-02   9.32498E-01   7.50075E-03 
    1.50005E-02   1.50005E-02   1.00000E+00  NONE
   9.63000E+02   1.31164E-14   3.00000E-02   9.32498E-01   7.50075E-03 
    1.50005E-02   1.50005E-02   1.00000E+00  NONE
   9.53000E+02   1.31164E-14   3.00000E-02   9.32498E-01   7.50075E-03 
    1.50005E-02   1.50005E-02   1.00000E+00  NONE
   9.43000E+02   1.31164E-14   3.00000E-02   9.32498E-01   7.50075E-03 
    1.50005E-02   1.50005E-02   1.00000E+00  NONE
   9.33000E+02   1.31164E-14   3.00000E-02   9.32498E-01   7.50075E-03 
    1.50005E-02   1.50005E-02   1.00000E+00  NONE
   9.23000E+02   1.31164E-14   3.00000E-02   9.32498E-01   7.50075E-03 
    1.50005E-02   1.50005E-02   1.00000E+00  NONE
   9.13000E+02   1.31164E-14   3.00000E-02   9.32498E-01   7.50075E-03 
    1.50005E-02   1.50005E-02   1.00000E+00  NONE
   9.03000E+02   1.31164E-14   3.00000E-02   9.32498E-01   7.50075E-03 
    1.50005E-02   1.50005E-02   1.00000E+00  NONE
   8.93000E+02   1.31164E-14   3.00000E-02   9.32498E-01   7.50075E-03 
    1.50005E-02   1.50005E-02   1.00000E+00  NONE
   8.83000E+02   1.31164E-14   3.00000E-02   9.32498E-01   7.50075E-03 
    1.50005E-02   1.50005E-02   1.00000E+00  NONE
   8.73000E+02   1.31164E-14   3.00000E-02   9.32498E-01   7.50075E-03 
    1.50005E-02   1.50005E-02   1.00000E+00  NONE
   8.63000E+02   1.31164E-14   3.00000E-02   9.32498E-01   7.50075E-03 
    1.50005E-02   1.50005E-02   1.00000E+00  NONE
   8.53000E+02   1.31164E-14   3.00000E-02   9.32498E-01   7.50075E-03 
    1.50005E-02   1.50005E-02   1.00000E+00  NONE
   8.43000E+02   1.31164E-14   3.00000E-02   9.32498E-01   7.50075E-03 
    1.50005E-02   1.50005E-02   1.00000E+00  NONE
   8.33000E+02   1.31164E-14   3.00000E-02   9.32498E-01   7.50075E-03 
    1.50005E-02   1.50005E-02   1.00000E+00  NONE
   8.23000E+02   1.31164E-14   3.00000E-02   9.32498E-01   7.50075E-03 
    1.50005E-02   1.50005E-02   1.00000E+00  NONE
   8.13000E+02   1.31164E-14   3.00000E-02   9.32498E-01   7.50075E-03 
    1.50005E-02   1.50005E-02   1.00000E+00  NONE
   8.03000E+02   1.31164E-14   3.00000E-02   9.32498E-01   7.50075E-03 
    1.50005E-02   1.50005E-02   1.00000E+00  NONE
   7.93000E+02   1.31164E-14   3.00000E-02   9.32498E-01   7.50075E-03 
    1.50005E-02   1.50005E-02   1.00000E+00  NONE
   7.83000E+02   1.31164E-14   3.00000E-02   9.32498E-01   7.50075E-03 
    1.50005E-02   1.50005E-02   1.00000E+00  NONE
   7.73000E+02   1.31164E-14   3.00000E-02   9.32498E-01   7.50075E-03 
    1.50005E-02   1.50005E-02   1.00000E+00  NONE
   7.63000E+02   1.31164E-14   3.00000E-02   9.32498E-01   7.50075E-03 
    1.50005E-02   1.50005E-02   1.00000E+00  NONE
   7.53000E+02   1.31164E-14   3.00000E-02   9.32498E-01   7.50075E-03 
    1.50005E-02   1.50005E-02   1.00000E+00  NONE
   7.43000E+02   1.31164E-14   3.00000E-02   9.32498E-01   7.50075E-03 
    1.50005E-02   1.50005E-02   1.00000E+00  NONE
   7.33000E+02   1.31164E-14   3.00000E-02   9.32498E-01   7.50075E-03 
    1.50005E-02   1.50005E-02   1.00000E+00  NONE
   7.23552E+02   1.31164E-14   3.00000E-02   9.32498E-01   7.50075E-03 
    1.50005E-02   1.50005E-02   1.00000E+00  NONE

 Phase Region for:
     BCC_A2                        
     FCC_A1#1                      
 col-1=T, col-2=W(BCC_A2,C), col-3=W(BCC_A2,CR), col-4=W(BCC_A2,FE),
   col-5=W(BCC_A2,MN), col-6=W(BCC_A2,NI), col-7=W(BCC_A2,SI),
   col-8=W(FCC_A1#1,C), col-9=W(FCC_A1#1,CR), col-10=W(FCC_A1#1,FE),
   col-11=W(FCC_A1#1,MN), col-12=W(FCC_A1#1,NI), col-13=W(FCC_A1#1,SI),
   col-14=NP(BCC_A2), col-15=NP(FCC_A1#1),
   7.23552E+02   1.31164E-14   3.00000E-02   9.32498E-01   7.50075E-03 
    1.50005E-02   1.50005E-02   4.33728E-12   2.43028E-02   4.80517E-01 
    1.95728E-01   2.92452E-01   7.00047E-03   1.00000E+00   1.79039E-08
   7.23000E+02   1.31164E-14   3.00006E-02   9.32544E-01   7.48179E-03 
    1.49726E-02   1.50013E-02   4.23229E-12   2.42915E-02   4.79584E-01 
    1.96123E-01   2.93023E-01   6.97915E-03   9.99901E-01   9.86717E-05
   7.13000E+02   1.31169E-14   3.00109E-02   9.33372E-01   7.13683E-03 
    1.44645E-02   1.50161E-02   3.21350E-12   2.41177E-02   4.63147E-01 
    2.03065E-01   3.03065E-01   6.60486E-03   9.98178E-01   1.82185E-03
   7.03000E+02   1.31173E-14   3.00211E-02   9.34203E-01   6.79014E-03 
    1.39545E-02   1.50313E-02   2.79954E-12   2.39988E-02   4.47546E-01 
    2.09643E-01   3.12560E-01   6.25190E-03   9.96566E-01   3.43360E-03
   6.93000E+02   1.31178E-14   3.00308E-02   9.35034E-01   6.44332E-03 
    1.34448E-02   1.50466E-02   2.57820E-12   2.39310E-02   4.32708E-01 
    2.15878E-01   3.21564E-01   5.91894E-03   9.95055E-01   4.94550E-03
   6.83000E+02   1.31182E-14   3.00399E-02   9.35863E-01   6.09784E-03 
    1.29374E-02   1.50620E-02   2.44847E-12   2.39112E-02   4.18562E-01 
    2.21791E-01   3.30131E-01   5.60467E-03   9.93633E-01   6.36689E-03
   6.73000E+02   1.31187E-14   3.00481E-02   9.36686E-01   5.75502E-03 
    1.24338E-02   1.50774E-02   2.37137E-12   2.39371E-02   4.05048E-01 
    2.27400E-01   3.38307E-01   5.30788E-03   9.92295E-01   7.70536E-03
