
 Phase Region for:
     BCC_A2                        
     FCC_A1#1                      
 col-1=T, col-2=W(BCC_A2,C), col-3=W(BCC_A2,CR), col-4=W(BCC_A2,FE),
   col-5=W(BCC_A2,MN), col-6=W(BCC_A2,NI), col-7=W(BCC_A2,SI),
   col-8=W(FCC_A1#1,C), col-9=W(FCC_A1#1,CR), col-10=W(FCC_A1#1,FE),
   col-11=W(FCC_A1#1,MN), col-12=W(FCC_A1#1,NI), col-13=W(FCC_A1#1,SI),
   col-14=NP(BCC_A2), col-15=NP(FCC_A1#1),
   1.17300E+03   1.33136E-14   2.99432E-02   9.25286E-01   7.34859E-03 
    7.33043E-03   3.00921E-02   1.82419E-13   3.18641E-02   9.15572E-01 
    1.24964E-02   1.30925E-02   2.69755E-02   9.70529E-01   2.94714E-02
   1.18300E+03   1.33161E-14   2.98315E-02   9.25804E-01   7.06465E-03 
    7.01611E-03   3.02836E-02   1.18457E-13   3.16856E-02   9.16940E-01 
    1.18623E-02   1.23477E-02   2.71640E-02   9.09350E-01   9.06495E-02
   1.19300E+03   1.33187E-14   2.97195E-02   9.26268E-01   6.79736E-03 
    6.72455E-03   3.04905E-02   8.87535E-14   3.15057E-02   9.18183E-01 
    1.12770E-02   1.16679E-02   2.73669E-02   8.43381E-01   1.56619E-01
   1.20300E+03   1.33216E-14   2.96094E-02   9.26676E-01   6.54732E-03 
    6.45584E-03   3.07116E-02   7.06580E-14   3.13264E-02   9.19302E-01 
    1.07388E-02   1.10495E-02   2.75833E-02   7.73062E-01   2.26938E-01
   1.21300E+03   1.33246E-14   2.95031E-02   9.27027E-01   6.31488E-03 
    6.20976E-03   3.09453E-02   5.82090E-14   3.11501E-02   9.20303E-01 
    1.02457E-02   1.04890E-02   2.78118E-02   6.98950E-01   3.01050E-01
   1.22300E+03   1.33277E-14   2.94026E-02   9.27322E-01   6.10013E-03 
    5.98586E-03   3.11897E-02   4.90220E-14   3.09788E-02   9.21192E-01 
    9.79558E-03   9.98280E-03   2.80508E-02   6.21699E-01   3.78301E-01
   1.23300E+03   1.33309E-14   2.93096E-02   9.27562E-01   5.90293E-03 
    5.78346E-03   3.14423E-02   4.19232E-14   3.08147E-02   9.21974E-01 
    9.38620E-03   9.52717E-03   2.82981E-02   5.42038E-01   4.57962E-01
   1.24300E+03   1.33342E-14   2.92259E-02   9.27749E-01   5.72291E-03 
    5.60169E-03   3.17004E-02   3.62556E-14   3.06594E-02   9.22656E-01 
    9.01513E-03   9.11840E-03   2.85515E-02   4.60740E-01   5.39260E-01
   1.25300E+03   1.33375E-14   2.91527E-02   9.27887E-01   5.55952E-03 
    5.43953E-03   3.19615E-02   3.16174E-14   3.05146E-02   9.23244E-01 
    8.67989E-03   8.75277E-03   2.88086E-02   3.78597E-01   6.21403E-01
   1.26300E+03   1.33408E-14   2.90914E-02   9.27978E-01   5.41207E-03 
    5.29588E-03   3.22224E-02   2.77466E-14   3.03816E-02   9.23747E-01 
    8.37792E-03   8.42672E-03   2.90667E-02   2.96389E-01   7.03611E-01
   1.27300E+03   1.33441E-14   2.90426E-02   9.28028E-01   5.27975E-03 
    5.16957E-03   3.24805E-02   2.44631E-14   3.02612E-02   9.24172E-01 
    8.10673E-03   8.13679E-03   2.93232E-02   2.14865E-01   7.85135E-01
   1.28300E+03   1.33474E-14   2.90070E-02   9.28039E-01   5.16170E-03 
    5.05942E-03   3.27330E-02   2.16385E-14   3.01541E-02   9.24527E-01 
    7.86384E-03   7.87972E-03   2.95758E-02   1.34725E-01   8.65275E-01
   1.29300E+03   1.33505E-14   2.89847E-02   9.28017E-01   5.05703E-03 
    4.96426E-03   3.29772E-02   1.91777E-14   3.00607E-02   9.24818E-01 
    7.64694E-03   7.65248E-03   2.98219E-02   5.66056E-02   9.43394E-01
   1.30046E+03   1.33527E-14   2.89769E-02   9.27981E-01   4.98715E-03 
    4.90239E-03   3.31524E-02   1.75353E-14   3.00000E-02   9.24998E-01 
    7.50075E-03   7.50075E-03   3.00000E-02   0.00000E+00   1.00000E+00

 Phase Region for:
     FCC_A1#1                      
 col-1=T, col-2=W(FCC_A1#1,C), col-3=W(FCC_A1#1,CR), col-4=W(FCC_A1#1,FE),
   col-5=W(FCC_A1#1,MN), col-6=W(FCC_A1#1,NI), col-7=W(FCC_A1#1,SI),
   col-8=NP(FCC_A1#1),
   1.30046E+03   1.75353E-14   3.00000E-02   9.24998E-01   7.50075E-03 
    7.50075E-03   3.00000E-02   1.00000E+00
   1.30300E+03   1.75353E-14   3.00000E-02   9.24998E-01   7.50075E-03 
    7.50075E-03   3.00000E-02   1.00000E+00
   1.31300E+03   1.75353E-14   3.00000E-02   9.24998E-01   7.50075E-03 
    7.50075E-03   3.00000E-02   1.00000E+00
   1.32300E+03   1.75353E-14   3.00000E-02   9.24998E-01   7.50075E-03 
    7.50075E-03   3.00000E-02   1.00000E+00
   1.33300E+03   1.75353E-14   3.00000E-02   9.24998E-01   7.50075E-03 
    7.50075E-03   3.00000E-02   1.00000E+00
   1.34300E+03   1.75353E-14   3.00000E-02   9.24998E-01   7.50075E-03 
    7.50075E-03   3.00000E-02   1.00000E+00
   1.35300E+03   1.75353E-14   3.00000E-02   9.24998E-01   7.50075E-03 
    7.50075E-03   3.00000E-02   1.00000E+00
   1.36300E+03   1.75353E-14   3.00000E-02   9.24998E-01   7.50075E-03 
    7.50075E-03   3.00000E-02   1.00000E+00
   1.37300E+03   1.75353E-14   3.00000E-02   9.24998E-01   7.50075E-03 
    7.50075E-03   3.00000E-02   1.00000E+00
   1.38300E+03   1.75353E-14   3.00000E-02   9.24998E-01   7.50075E-03 
    7.50075E-03   3.00000E-02   1.00000E+00
   1.39300E+03   1.75353E-14   3.00000E-02   9.24998E-01   7.50075E-03 
    7.50075E-03   3.00000E-02   1.00000E+00
   1.40300E+03   1.75353E-14   3.00000E-02   9.24998E-01   7.50075E-03 
    7.50075E-03   3.00000E-02   1.00000E+00
   1.41300E+03   1.75353E-14   3.00000E-02   9.24998E-01   7.50075E-03 
    7.50075E-03   3.00000E-02   1.00000E+00
   1.42300E+03   1.75353E-14   3.00000E-02   9.24998E-01   7.50075E-03 
    7.50075E-03   3.00000E-02   1.00000E+00
   1.43300E+03   1.75353E-14   3.00000E-02   9.24998E-01   7.50075E-03 
    7.50075E-03   3.00000E-02   1.00000E+00
   1.44300E+03   1.75353E-14   3.00000E-02   9.24998E-01   7.50075E-03 
    7.50075E-03   3.00000E-02   1.00000E+00
   1.45300E+03   1.75353E-14   3.00000E-02   9.24998E-01   7.50075E-03 
    7.50075E-03   3.00000E-02   1.00000E+00
   1.46300E+03   1.75353E-14   3.00000E-02   9.24998E-01   7.50075E-03 
    7.50075E-03   3.00000E-02   1.00000E+00
   1.47300E+03   1.75353E-14   3.00000E-02   9.24998E-01   7.50075E-03 
    7.50075E-03   3.00000E-02   1.00000E+00

 Phase Region for:
     BCC_A2                        
     FCC_A1#1                      
 col-1=T, col-2=W(BCC_A2,C), col-3=W(BCC_A2,CR), col-4=W(BCC_A2,FE),
   col-5=W(BCC_A2,MN), col-6=W(BCC_A2,NI), col-7=W(BCC_A2,SI),
   col-8=W(FCC_A1#1,C), col-9=W(FCC_A1#1,CR), col-10=W(FCC_A1#1,FE),
   col-11=W(FCC_A1#1,MN), col-12=W(FCC_A1#1,NI), col-13=W(FCC_A1#1,SI),
   col-14=NP(BCC_A2), col-15=NP(FCC_A1#1),
   1.17300E+03   1.33136E-14   2.99432E-02   9.25286E-01   7.34859E-03 
    7.33043E-03   3.00921E-02   1.82419E-13   3.18641E-02   9.15572E-01 
    1.24964E-02   1.30925E-02   2.69755E-02   9.70529E-01   2.94714E-02
   1.16786E+03   1.75353E-14   3.00000E-02   9.24998E-01   7.50075E-03 
    7.50075E-03   3.00000E-02   2.62011E-13   3.19545E-02   9.14818E-01 
    1.28419E-02   1.35016E-02   2.68844E-02   1.00000E+00   0.00000E+00

 Phase Region for:
     BCC_A2                        
 col-1=T, col-2=W(BCC_A2,C), col-3=W(BCC_A2,CR), col-4=W(BCC_A2,FE),
   col-5=W(BCC_A2,MN), col-6=W(BCC_A2,NI), col-7=W(BCC_A2,SI),
   col-8=NP(BCC_A2),
   1.16786E+03   1.75353E-14   3.00000E-02   9.24998E-01   7.50075E-03 
    7.50075E-03   3.00000E-02   1.00000E+00  NONE
   1.16300E+03   1.75353E-14   3.00000E-02   9.24998E-01   7.50075E-03 
    7.50075E-03   3.00000E-02   1.00000E+00  NONE
   1.15300E+03   1.75353E-14   3.00000E-02   9.24998E-01   7.50075E-03 
    7.50075E-03   3.00000E-02   1.00000E+00  NONE
   1.14300E+03   1.75353E-14   3.00000E-02   9.24998E-01   7.50075E-03 
    7.50075E-03   3.00000E-02   1.00000E+00  NONE
   1.13300E+03   1.75353E-14   3.00000E-02   9.24998E-01   7.50075E-03 
    7.50075E-03   3.00000E-02   1.00000E+00  NONE
   1.12300E+03   1.75353E-14   3.00000E-02   9.24998E-01   7.50075E-03 
    7.50075E-03   3.00000E-02   1.00000E+00  NONE
   1.11300E+03   1.75353E-14   3.00000E-02   9.24998E-01   7.50075E-03 
    7.50075E-03   3.00000E-02   1.00000E+00  NONE
   1.10300E+03   1.75353E-14   3.00000E-02   9.24998E-01   7.50075E-03 
    7.50075E-03   3.00000E-02   1.00000E+00  NONE
   1.09300E+03   1.75353E-14   3.00000E-02   9.24998E-01   7.50075E-03 
    7.50075E-03   3.00000E-02   1.00000E+00  NONE
   1.08300E+03   1.75353E-14   3.00000E-02   9.24998E-01   7.50075E-03 
    7.50075E-03   3.00000E-02   1.00000E+00  NONE
   1.07300E+03   1.75353E-14   3.00000E-02   9.24998E-01   7.50075E-03 
    7.50075E-03   3.00000E-02   1.00000E+00  NONE
   1.06300E+03   1.75353E-14   3.00000E-02   9.24998E-01   7.50075E-03 
    7.50075E-03   3.00000E-02   1.00000E+00  NONE
   1.05300E+03   1.75353E-14   3.00000E-02   9.24998E-01   7.50075E-03 
    7.50075E-03   3.00000E-02   1.00000E+00  NONE
   1.04300E+03   1.75353E-14   3.00000E-02   9.24998E-01   7.50075E-03 
    7.50075E-03   3.00000E-02   1.00000E+00  NONE
   1.03300E+03   1.75353E-14   3.00000E-02   9.24998E-01   7.50075E-03 
    7.50075E-03   3.00000E-02   1.00000E+00  NONE
   1.02300E+03   1.75353E-14   3.00000E-02   9.24998E-01   7.50075E-03 
    7.50075E-03   3.00000E-02   1.00000E+00  NONE
   1.01300E+03   1.75353E-14   3.00000E-02   9.24998E-01   7.50075E-03 
    7.50075E-03   3.00000E-02   1.00000E+00  NONE
   1.00300E+03   1.75353E-14   3.00000E-02   9.24998E-01   7.50075E-03 
    7.50075E-03   3.00000E-02   1.00000E+00  NONE
   9.93000E+02   1.75353E-14   3.00000E-02   9.24998E-01   7.50075E-03 
    7.50075E-03   3.00000E-02   1.00000E+00  NONE
   9.83000E+02   1.75353E-14   3.00000E-02   9.24998E-01   7.50075E-03 
    7.50075E-03   3.00000E-02   1.00000E+00  NONE
   9.73000E+02   1.75353E-14   3.00000E-02   9.24998E-01   7.50075E-03 
    7.50075E-03   3.00000E-02   1.00000E+00  NONE
   9.63000E+02   1.75353E-14   3.00000E-02   9.24998E-01   7.50075E-03 
    7.50075E-03   3.00000E-02   1.00000E+00  NONE
   9.53000E+02   1.75353E-14   3.00000E-02   9.24998E-01   7.50075E-03 
    7.50075E-03   3.00000E-02   1.00000E+00  NONE
   9.43000E+02   1.75353E-14   3.00000E-02   9.24998E-01   7.50075E-03 
    7.50075E-03   3.00000E-02   1.00000E+00  NONE
   9.33000E+02   1.75353E-14   3.00000E-02   9.24998E-01   7.50075E-03 
    7.50075E-03   3.00000E-02   1.00000E+00  NONE
   9.23000E+02   1.75353E-14   3.00000E-02   9.24998E-01   7.50075E-03 
    7.50075E-03   3.00000E-02   1.00000E+00  NONE
   9.13000E+02   1.75353E-14   3.00000E-02   9.24998E-01   7.50075E-03 
    7.50075E-03   3.00000E-02   1.00000E+00  NONE
   9.03000E+02   1.75353E-14   3.00000E-02   9.24998E-01   7.50075E-03 
    7.50075E-03   3.00000E-02   1.00000E+00  NONE
   8.93000E+02   1.75353E-14   3.00000E-02   9.24998E-01   7.50075E-03 
    7.50075E-03   3.00000E-02   1.00000E+00  NONE
   8.83000E+02   1.75353E-14   3.00000E-02   9.24998E-01   7.50075E-03 
    7.50075E-03   3.00000E-02   1.00000E+00  NONE
   8.73000E+02   1.75353E-14   3.00000E-02   9.24998E-01   7.50075E-03 
    7.50075E-03   3.00000E-02   1.00000E+00  NONE
   8.63000E+02   1.75353E-14   3.00000E-02   9.24998E-01   7.50075E-03 
    7.50075E-03   3.00000E-02   1.00000E+00  NONE
   8.53000E+02   1.75353E-14   3.00000E-02   9.24998E-01   7.50075E-03 
    7.50075E-03   3.00000E-02   1.00000E+00  NONE
   8.43000E+02   1.75353E-14   3.00000E-02   9.24998E-01   7.50075E-03 
    7.50075E-03   3.00000E-02   1.00000E+00  NONE
   8.33000E+02   1.75353E-14   3.00000E-02   9.24998E-01   7.50075E-03 
    7.50075E-03   3.00000E-02   1.00000E+00  NONE
   8.23000E+02   1.75353E-14   3.00000E-02   9.24998E-01   7.50075E-03 
    7.50075E-03   3.00000E-02   1.00000E+00  NONE
   8.13000E+02   1.75353E-14   3.00000E-02   9.24998E-01   7.50075E-03 
    7.50075E-03   3.00000E-02   1.00000E+00  NONE
   8.03000E+02   1.75353E-14   3.00000E-02   9.24998E-01   7.50075E-03 
    7.50075E-03   3.00000E-02   1.00000E+00  NONE
   7.93000E+02   1.75353E-14   3.00000E-02   9.24998E-01   7.50075E-03 
    7.50075E-03   3.00000E-02   1.00000E+00  NONE
   7.83000E+02   1.75353E-14   3.00000E-02   9.24998E-01   7.50075E-03 
    7.50075E-03   3.00000E-02   1.00000E+00  NONE
   7.73000E+02   1.75353E-14   3.00000E-02   9.24998E-01   7.50075E-03 
    7.50075E-03   3.00000E-02   1.00000E+00  NONE
   7.63000E+02   1.75353E-14   3.00000E-02   9.24998E-01   7.50075E-03 
    7.50075E-03   3.00000E-02   1.00000E+00  NONE
   7.53000E+02   1.75353E-14   3.00000E-02   9.24998E-01   7.50075E-03 
    7.50075E-03   3.00000E-02   1.00000E+00  NONE
   7.43000E+02   1.75353E-14   3.00000E-02   9.24998E-01   7.50075E-03 
    7.50075E-03   3.00000E-02   1.00000E+00  NONE
   7.33000E+02   1.75353E-14   3.00000E-02   9.24998E-01   7.50075E-03 
    7.50075E-03   3.00000E-02   1.00000E+00  NONE
   7.23000E+02   1.75353E-14   3.00000E-02   9.24998E-01   7.50075E-03 
    7.50075E-03   3.00000E-02   1.00000E+00  NONE
   7.13000E+02   1.75353E-14   3.00000E-02   9.24998E-01   7.50075E-03 
    7.50075E-03   3.00000E-02   1.00000E+00  NONE
   7.03000E+02   1.75353E-14   3.00000E-02   9.24998E-01   7.50075E-03 
    7.50075E-03   3.00000E-02   1.00000E+00  NONE
   6.93000E+02   1.75353E-14   3.00000E-02   9.24998E-01   7.50075E-03 
    7.50075E-03   3.00000E-02   1.00000E+00  NONE
   6.83000E+02   1.75353E-14   3.00000E-02   9.24998E-01   7.50075E-03 
    7.50075E-03   3.00000E-02   1.00000E+00  NONE
   6.73000E+02   1.75353E-14   3.00000E-02   9.24998E-01   7.50075E-03 
    7.50075E-03   3.00000E-02   1.00000E+00  NONE
