
 Phase Region for:
     FCC_A1#2                      
 col-1=T, col-2=X(FCC_A1#2,C), col-3=X(FCC_A1#2,CR), col-4=X(FCC_A1#2,FE),
   col-5=X(FCC_A1#2,MN), col-6=X(FCC_A1#2,NI), col-7=X(FCC_A1#2,SI),
   col-8=NP(FCC_A1#2),
   1.17300E+03   2.00000E-14   3.19256E-02   9.16492E-01   2.26622E-02 
    1.41426E-02   1.47775E-02   1.00000E+00
   1.18300E+03   2.00000E-14   3.19256E-02   9.16492E-01   2.26622E-02 
    1.41426E-02   1.47775E-02   1.00000E+00
   1.19300E+03   2.00000E-14   3.19256E-02   9.16492E-01   2.26622E-02 
    1.41426E-02   1.47775E-02   1.00000E+00
   1.20300E+03   2.00000E-14   3.19256E-02   9.16492E-01   2.26622E-02 
    1.41426E-02   1.47775E-02   1.00000E+00
   1.21300E+03   2.00000E-14   3.19256E-02   9.16492E-01   2.26622E-02 
    1.41426E-02   1.47775E-02   1.00000E+00
   1.22300E+03   2.00000E-14   3.19256E-02   9.16492E-01   2.26622E-02 
    1.41426E-02   1.47775E-02   1.00000E+00
   1.23300E+03   2.00000E-14   3.19256E-02   9.16492E-01   2.26622E-02 
    1.41426E-02   1.47775E-02   1.00000E+00
   1.24300E+03   2.00000E-14   3.19256E-02   9.16492E-01   2.26622E-02 
    1.41426E-02   1.47775E-02   1.00000E+00
   1.25300E+03   2.00000E-14   3.19256E-02   9.16492E-01   2.26622E-02 
    1.41426E-02   1.47775E-02   1.00000E+00
   1.26300E+03   2.00000E-14   3.19256E-02   9.16492E-01   2.26622E-02 
    1.41426E-02   1.47775E-02   1.00000E+00
   1.27300E+03   2.00000E-14   3.19256E-02   9.16492E-01   2.26622E-02 
    1.41426E-02   1.47775E-02   1.00000E+00
   1.28300E+03   2.00000E-14   3.19256E-02   9.16492E-01   2.26622E-02 
    1.41426E-02   1.47775E-02   1.00000E+00
   1.29300E+03   2.00000E-14   3.19256E-02   9.16492E-01   2.26622E-02 
    1.41426E-02   1.47775E-02   1.00000E+00
   1.30300E+03   2.00000E-14   3.19256E-02   9.16492E-01   2.26622E-02 
    1.41426E-02   1.47775E-02   1.00000E+00
   1.31300E+03   2.00000E-14   3.19256E-02   9.16492E-01   2.26622E-02 
    1.41426E-02   1.47775E-02   1.00000E+00
   1.32300E+03   2.00000E-14   3.19256E-02   9.16492E-01   2.26622E-02 
    1.41426E-02   1.47775E-02   1.00000E+00
   1.33300E+03   2.00000E-14   3.19256E-02   9.16492E-01   2.26622E-02 
    1.41426E-02   1.47775E-02   1.00000E+00
   1.34300E+03   2.00000E-14   3.19256E-02   9.16492E-01   2.26622E-02 
    1.41426E-02   1.47775E-02   1.00000E+00
   1.35300E+03   2.00000E-14   3.19256E-02   9.16492E-01   2.26622E-02 
    1.41426E-02   1.47775E-02   1.00000E+00
   1.36300E+03   2.00000E-14   3.19256E-02   9.16492E-01   2.26622E-02 
    1.41426E-02   1.47775E-02   1.00000E+00
   1.37300E+03   2.00000E-14   3.19256E-02   9.16492E-01   2.26622E-02 
    1.41426E-02   1.47775E-02   1.00000E+00
   1.38300E+03   2.00000E-14   3.19256E-02   9.16492E-01   2.26622E-02 
    1.41426E-02   1.47775E-02   1.00000E+00
   1.39300E+03   2.00000E-14   3.19256E-02   9.16492E-01   2.26622E-02 
    1.41426E-02   1.47775E-02   1.00000E+00
   1.40300E+03   2.00000E-14   3.19256E-02   9.16492E-01   2.26622E-02 
    1.41426E-02   1.47775E-02   1.00000E+00
   1.41300E+03   2.00000E-14   3.19256E-02   9.16492E-01   2.26622E-02 
    1.41426E-02   1.47775E-02   1.00000E+00
   1.42300E+03   2.00000E-14   3.19256E-02   9.16492E-01   2.26622E-02 
    1.41426E-02   1.47775E-02   1.00000E+00
   1.43300E+03   2.00000E-14   3.19256E-02   9.16492E-01   2.26622E-02 
    1.41426E-02   1.47775E-02   1.00000E+00
   1.44300E+03   2.00000E-14   3.19256E-02   9.16492E-01   2.26622E-02 
    1.41426E-02   1.47775E-02   1.00000E+00
   1.45300E+03   2.00000E-14   3.19256E-02   9.16492E-01   2.26622E-02 
    1.41426E-02   1.47775E-02   1.00000E+00
   1.46300E+03   2.00000E-14   3.19256E-02   9.16492E-01   2.26622E-02 
    1.41426E-02   1.47775E-02   1.00000E+00
   1.47300E+03   2.00000E-14   3.19256E-02   9.16492E-01   2.26622E-02 
    1.41426E-02   1.47775E-02   1.00000E+00

 Phase Region for:
     FCC_A1#2                      
 col-1=T, col-2=X(FCC_A1#2,C), col-3=X(FCC_A1#2,CR), col-4=X(FCC_A1#2,FE),
   col-5=X(FCC_A1#2,MN), col-6=X(FCC_A1#2,NI), col-7=X(FCC_A1#2,SI),
   col-8=NP(FCC_A1#2),
   1.17300E+03   2.00000E-14   3.19256E-02   9.16492E-01   2.26622E-02 
    1.41426E-02   1.47775E-02   1.00000E+00
   1.16300E+03   2.00000E-14   3.19256E-02   9.16492E-01   2.26622E-02 
    1.41426E-02   1.47775E-02   1.00000E+00
   1.15300E+03   2.00000E-14   3.19256E-02   9.16492E-01   2.26622E-02 
    1.41426E-02   1.47775E-02   1.00000E+00
   1.14300E+03   2.00000E-14   3.19256E-02   9.16492E-01   2.26622E-02 
    1.41426E-02   1.47775E-02   1.00000E+00
   1.13300E+03   2.00000E-14   3.19256E-02   9.16492E-01   2.26622E-02 
    1.41426E-02   1.47775E-02   1.00000E+00
   1.12300E+03   2.00000E-14   3.19256E-02   9.16492E-01   2.26622E-02 
    1.41426E-02   1.47775E-02   1.00000E+00
   1.11300E+03   2.00000E-14   3.19256E-02   9.16492E-01   2.26622E-02 
    1.41426E-02   1.47775E-02   1.00000E+00
   1.10300E+03   2.00000E-14   3.19256E-02   9.16492E-01   2.26622E-02 
    1.41426E-02   1.47775E-02   1.00000E+00
   1.09300E+03   2.00000E-14   3.19256E-02   9.16492E-01   2.26622E-02 
    1.41426E-02   1.47775E-02   1.00000E+00
   1.08300E+03   2.00000E-14   3.19256E-02   9.16492E-01   2.26622E-02 
    1.41426E-02   1.47775E-02   1.00000E+00
   1.07300E+03   2.00000E-14   3.19256E-02   9.16492E-01   2.26622E-02 
    1.41426E-02   1.47775E-02   1.00000E+00
   1.06300E+03   2.00000E-14   3.19256E-02   9.16492E-01   2.26622E-02 
    1.41426E-02   1.47775E-02   1.00000E+00
   1.05300E+03   2.00000E-14   3.19256E-02   9.16492E-01   2.26622E-02 
    1.41426E-02   1.47775E-02   1.00000E+00
   1.04680E+03   2.00000E-14   3.19256E-02   9.16492E-01   2.26622E-02 
    1.41426E-02   1.47775E-02   1.00000E+00

 Phase Region for:
     BCC_A2                        
     FCC_A1#2                      
 col-1=T, col-2=X(BCC_A2,C), col-3=X(BCC_A2,CR), col-4=X(BCC_A2,FE),
   col-5=X(BCC_A2,MN), col-6=X(BCC_A2,NI), col-7=X(BCC_A2,SI),
   col-8=X(FCC_A1#2,C), col-9=X(FCC_A1#2,CR), col-10=X(FCC_A1#2,FE),
   col-11=X(FCC_A1#2,MN), col-12=X(FCC_A1#2,NI), col-13=X(FCC_A1#2,SI),
   col-14=NP(BCC_A2), col-15=NP(FCC_A1#2),
   1.04680E+03   6.00000E-14   2.81112E-02   9.39569E-01   1.00950E-02 
    6.14793E-03   1.60772E-02   2.00004E-14   3.19256E-02   9.16492E-01 
    2.26622E-02   1.41426E-02   1.47775E-02   1.66926E-06   9.99998E-01
   1.04300E+03   6.00000E-14   2.82874E-02   9.39147E-01   1.03248E-02 
    6.29818E-03   1.59426E-02   3.34249E-14   3.21644E-02   9.15005E-01 
    2.34719E-02   1.46574E-02   1.47011E-02   6.15874E-02   9.38413E-01
   1.03300E+03   6.00000E-14   2.87168E-02   9.38024E-01   1.09259E-02 
    6.69270E-03   1.56409E-02   6.40920E-14   3.27612E-02   9.10885E-01 
    2.57184E-02   1.60826E-02   1.45527E-02   2.06608E-01   7.93392E-01
   1.02300E+03   6.00000E-14   2.90982E-02   9.36902E-01   1.15150E-02 
    7.08227E-03   1.54026E-02   9.38976E-14   3.33156E-02   9.06458E-01 
    2.81423E-02   1.76135E-02   1.44702E-02   3.29585E-01   6.70415E-01
   1.01300E+03   6.00000E-14   2.94343E-02   9.35806E-01   1.20832E-02 
    7.46142E-03   1.52149E-02   1.24955E-13   3.38316E-02   9.01715E-01 
    3.07559E-02   1.92542E-02   1.44429E-02   4.33453E-01   5.66547E-01
   1.00300E+03   6.00000E-14   2.97279E-02   9.34760E-01   1.26209E-02 
    7.82429E-03   1.50672E-02   1.58194E-13   3.43143E-02   8.96637E-01 
    3.35760E-02   2.10099E-02   1.44627E-02   5.20817E-01   4.79183E-01
   9.93000E+02   6.00000E-14   2.99386E-02   9.34028E-01   1.29835E-02 
    8.12417E-03   1.49261E-02   1.93170E-13   3.48055E-02   8.91076E-01 
    3.66903E-02   2.28656E-02   1.45623E-02   5.91734E-01   4.08266E-01
   9.83000E+02   6.00000E-14   3.01456E-02   9.33234E-01   1.33742E-02 
    8.41878E-03   1.48270E-02   2.31944E-13   3.52670E-02   8.85063E-01 
    4.00975E-02   2.48873E-02   1.46848E-02   6.52439E-01   3.47561E-01
   9.73000E+02   6.00000E-14   3.03422E-02   9.32416E-01   1.37792E-02 
    8.70241E-03   1.47602E-02   2.74927E-13   3.56908E-02   8.78624E-01 
    4.37863E-02   2.70796E-02   1.48189E-02   7.03970E-01   2.96030E-01
   9.63000E+02   6.00000E-14   3.05245E-02   9.31601E-01   1.41865E-02 
    8.97049E-03   1.47177E-02   3.22538E-13   3.60724E-02   8.71773E-01 
    4.77488E-02   2.94511E-02   1.49548E-02   7.47463E-01   2.52537E-01
   9.53000E+02   6.00000E-14   3.06907E-02   9.30810E-01   1.45866E-02 
    9.21965E-03   1.46932E-02   3.75212E-13   3.64089E-02   8.64512E-01 
    5.19803E-02   3.20151E-02   1.50837E-02   7.84038E-01   2.15962E-01
   9.43000E+02   6.00000E-14   3.08401E-02   9.30059E-01   1.49717E-02 
    9.44732E-03   1.46820E-02   4.33383E-13   3.66986E-02   8.56836E-01 
    5.64792E-02   3.47888E-02   1.51977E-02   8.14720E-01   1.85280E-01
   9.33000E+02   6.00000E-14   3.09733E-02   9.29359E-01   1.53354E-02 
    9.65152E-03   1.46803E-02   4.97466E-13   3.69405E-02   8.48729E-01 
    6.12472E-02   3.77939E-02   1.52898E-02   8.40416E-01   1.59584E-01
   9.23000E+02   6.00000E-14   3.10912E-02   9.28720E-01   1.56724E-02 
    9.83064E-03   1.46853E-02   5.67841E-13   3.71338E-02   8.40166E-01 
    6.62902E-02   4.10566E-02   1.53535E-02   8.61911E-01   1.38089E-01
   9.13000E+02   6.00000E-14   3.11949E-02   9.28149E-01   1.59783E-02 
    9.98326E-03   1.46949E-02   6.44829E-13   3.72777E-02   8.31114E-01 
    7.16182E-02   4.46077E-02   1.53827E-02   8.79873E-01   1.20127E-01
   9.03000E+02   6.00000E-14   3.12858E-02   9.27649E-01   1.62494E-02 
    1.01081E-02   1.47077E-02   7.28667E-13   3.73713E-02   8.21527E-01 
    7.72466E-02   4.84837E-02   1.53717E-02   8.94868E-01   1.05132E-01
   8.93000E+02   6.00000E-14   3.13654E-02   9.27225E-01   1.64828E-02 
    1.02038E-02   1.47227E-02   8.19490E-13   3.74133E-02   8.11348E-01 
    8.31967E-02   5.27272E-02   1.53146E-02   9.07374E-01   9.26260E-02
   8.83000E+02   6.00000E-14   3.14351E-02   9.26881E-01   1.66759E-02 
    1.02692E-02   1.47392E-02   9.17320E-13   3.74020E-02   8.00508E-01 
    8.94969E-02   5.73879E-02   1.52055E-02   9.17794E-01   8.22058E-02
   8.73000E+02   6.00000E-14   3.14963E-02   9.26617E-01   1.68270E-02 
    1.03028E-02   1.47568E-02   1.02207E-12   3.73349E-02   7.88920E-01 
    9.61836E-02   6.25230E-02   1.50384E-02   9.26469E-01   7.35312E-02
   8.63000E+02   6.00000E-14   3.15503E-02   9.26436E-01   1.69348E-02 
    1.03033E-02   1.47755E-02   1.13355E-12   3.72092E-02   7.76483E-01 
    1.03302E-01   6.81991E-02   1.48068E-02   9.33686E-01   6.63143E-02
   8.53000E+02   6.00000E-14   3.15985E-02   9.26338E-01   1.69985E-02 
    1.02693E-02   1.47951E-02   1.25152E-12   3.70216E-02   7.63077E-01 
    1.10907E-01   7.44911E-02   1.45035E-02   9.39689E-01   6.03107E-02
   8.43000E+02   6.00000E-14   3.16420E-02   9.26324E-01   1.70178E-02 
    1.01997E-02   1.48160E-02   1.37575E-12   3.67682E-02   7.48568E-01 
    1.19061E-01   8.14822E-02   1.41211E-02   9.44687E-01   5.53135E-02
   8.33000E+02   6.00000E-14   3.16819E-02   9.26393E-01   1.69930E-02 
    1.00934E-02   1.48382E-02   1.50605E-12   3.64457E-02   7.32810E-01 
    1.27833E-01   8.92589E-02   1.36523E-02   9.48852E-01   5.11480E-02
   8.23000E+02   6.00000E-14   3.17190E-02   9.26545E-01   1.69245E-02 
    9.94996E-03   1.48620E-02   1.64235E-12   3.60520E-02   7.15668E-01 
    1.37288E-01   9.79014E-02   1.30905E-02   9.52330E-01   4.76699E-02
   8.13000E+02   6.00000E-14   3.17539E-02   9.26776E-01   1.68134E-02 
    9.76944E-03   1.48875E-02   1.78464E-12   3.55885E-02   6.97042E-01 
    1.47473E-01   1.07464E-01   1.24318E-02   9.55237E-01   4.47634E-02
   8.03000E+02   6.00000E-14   3.17869E-02   9.27084E-01   1.66610E-02 
    9.55300E-03   1.49146E-02   1.93292E-12   3.50619E-02   6.76924E-01 
    1.58390E-01   1.17946E-01   1.16781E-02   9.57658E-01   4.23423E-02
   7.93000E+02   6.00000E-14   3.18179E-02   9.27467E-01   1.64689E-02 
    9.30303E-03   1.49431E-02   2.08709E-12   3.44879E-02   6.55456E-01 
    1.69967E-01   1.29249E-01   1.08402E-02   9.59652E-01   4.03479E-02
   7.83000E+02   6.00000E-14   3.18464E-02   9.27919E-01   1.62387E-02 
    9.02323E-03   1.49725E-02   2.24673E-12   3.38910E-02   6.32979E-01 
    1.82032E-01   1.41157E-01   9.94051E-03   9.61256E-01   3.87438E-02
   7.73000E+02   6.00000E-14   3.18719E-02   9.28435E-01   1.59730E-02 
    8.71831E-03   1.50023E-02   2.41120E-12   3.33021E-02   6.10007E-01 
    1.94331E-01   1.53349E-01   9.01083E-03   9.62496E-01   3.75044E-02
   7.63000E+02   6.00000E-14   3.18942E-02   9.29006E-01   1.56749E-02 
    8.39344E-03   1.50318E-02   2.57984E-12   3.27518E-02   5.87117E-01 
    2.06577E-01   1.65467E-01   8.08630E-03   9.63398E-01   3.66016E-02
   7.53000E+02   6.00000E-14   3.19130E-02   9.29624E-01   1.53484E-02 
    8.05363E-03   1.50606E-02   2.75221E-12   3.22637E-02   5.64812E-01 
    2.18523E-01   1.77203E-01   7.19729E-03   9.64002E-01   3.59976E-02
   7.43000E+02   6.00000E-14   3.19283E-02   9.30282E-01   1.49981E-02 
    7.70335E-03   1.50885E-02   2.92829E-12   3.18510E-02   5.43433E-01 
    2.30004E-01   1.88348E-01   6.36456E-03   9.64354E-01   3.56459E-02
   7.33000E+02   6.00000E-14   3.19406E-02   9.30969E-01   1.46287E-02 
    7.34638E-03   1.51154E-02   3.10842E-12   3.15187E-02   5.23148E-01 
    2.40935E-01   1.98799E-01   5.59897E-03   9.64502E-01   3.54982E-02
   7.23000E+02   6.00000E-14   3.19499E-02   9.31679E-01   1.42445E-02 
    6.98587E-03   1.51411E-02   3.29321E-12   3.12656E-02   5.04000E-01 
    2.51301E-01   2.08530E-01   4.90386E-03   9.64491E-01   3.55095E-02
   7.13000E+02   6.00000E-14   3.19565E-02   9.32404E-01   1.38492E-02 
    6.62443E-03   1.51656E-02   3.48339E-12   3.10881E-02   4.85950E-01 
    2.61119E-01   2.17565E-01   4.27799E-03   9.64359E-01   3.56412E-02
   7.03000E+02   6.00000E-14   3.19607E-02   9.33140E-01   1.34462E-02 
    6.26422E-03   1.51889E-02   3.67976E-12   3.09814E-02   4.68922E-01 
    2.70429E-01   2.25949E-01   3.71767E-03   9.64138E-01   3.58621E-02
   6.93000E+02   6.00000E-14   3.19625E-02   9.33881E-01   1.30383E-02 
    5.90708E-03   1.52111E-02   3.88315E-12   3.09410E-02   4.52824E-01 
    2.79279E-01   2.33738E-01   3.21816E-03   9.63853E-01   3.61475E-02
   6.83000E+02   6.00000E-14   3.19620E-02   9.34624E-01   1.26276E-02 
    5.55456E-03   1.52320E-02   4.09441E-12   3.09632E-02   4.37561E-01 
    2.87714E-01   2.40987E-01   2.77447E-03   9.63522E-01   3.64778E-02
   6.73000E+02   6.00000E-14   3.19593E-02   9.35365E-01   1.22162E-02 
    5.20801E-03   1.52516E-02   4.31441E-12   3.10449E-02   4.23047E-01 
    2.95781E-01   2.47745E-01   2.38170E-03   9.63162E-01   3.68380E-02
