
 Phase Region for:
     FCC_A1#1                      
 col-1=T, col-2=W(FCC_A1#1,C), col-3=W(FCC_A1#1,CR), col-4=W(FCC_A1#1,FE),
   col-5=W(FCC_A1#1,MN), col-6=W(FCC_A1#1,NI), col-7=W(FCC_A1#1,SI),
   col-8=NP(FCC_A1#1),
   1.17300E+03   4.36769E-15   2.25002E-02   9.09999E-01   2.25002E-02 
    3.00000E-02   1.50005E-02   1.00000E+00  NONE
   1.18300E+03   4.36769E-15   2.25002E-02   9.09999E-01   2.25002E-02 
    3.00000E-02   1.50005E-02   1.00000E+00  NONE
   1.19300E+03   4.36769E-15   2.25002E-02   9.09999E-01   2.25002E-02 
    3.00000E-02   1.50005E-02   1.00000E+00  NONE
   1.20300E+03   4.36769E-15   2.25002E-02   9.09999E-01   2.25002E-02 
    3.00000E-02   1.50005E-02   1.00000E+00  NONE
   1.21300E+03   4.36769E-15   2.25002E-02   9.09999E-01   2.25002E-02 
    3.00000E-02   1.50005E-02   1.00000E+00  NONE
   1.22300E+03   4.36769E-15   2.25002E-02   9.09999E-01   2.25002E-02 
    3.00000E-02   1.50005E-02   1.00000E+00  NONE
   1.23300E+03   4.36769E-15   2.25002E-02   9.09999E-01   2.25002E-02 
    3.00000E-02   1.50005E-02   1.00000E+00  NONE
   1.24300E+03   4.36769E-15   2.25002E-02   9.09999E-01   2.25002E-02 
    3.00000E-02   1.50005E-02   1.00000E+00  NONE
   1.25300E+03   4.36769E-15   2.25002E-02   9.09999E-01   2.25002E-02 
    3.00000E-02   1.50005E-02   1.00000E+00  NONE
   1.26300E+03   4.36769E-15   2.25002E-02   9.09999E-01   2.25002E-02 
    3.00000E-02   1.50005E-02   1.00000E+00  NONE
   1.27300E+03   4.36769E-15   2.25002E-02   9.09999E-01   2.25002E-02 
    3.00000E-02   1.50005E-02   1.00000E+00  NONE
   1.28300E+03   4.36769E-15   2.25002E-02   9.09999E-01   2.25002E-02 
    3.00000E-02   1.50005E-02   1.00000E+00  NONE
   1.29300E+03   4.36769E-15   2.25002E-02   9.09999E-01   2.25002E-02 
    3.00000E-02   1.50005E-02   1.00000E+00  NONE
   1.30300E+03   4.36769E-15   2.25002E-02   9.09999E-01   2.25002E-02 
    3.00000E-02   1.50005E-02   1.00000E+00  NONE
   1.31300E+03   4.36769E-15   2.25002E-02   9.09999E-01   2.25002E-02 
    3.00000E-02   1.50005E-02   1.00000E+00  NONE
   1.32300E+03   4.36769E-15   2.25002E-02   9.09999E-01   2.25002E-02 
    3.00000E-02   1.50005E-02   1.00000E+00  NONE
   1.33300E+03   4.36769E-15   2.25002E-02   9.09999E-01   2.25002E-02 
    3.00000E-02   1.50005E-02   1.00000E+00  NONE
   1.34300E+03   4.36769E-15   2.25002E-02   9.09999E-01   2.25002E-02 
    3.00000E-02   1.50005E-02   1.00000E+00  NONE
   1.35300E+03   4.36769E-15   2.25002E-02   9.09999E-01   2.25002E-02 
    3.00000E-02   1.50005E-02   1.00000E+00  NONE
   1.36300E+03   4.36769E-15   2.25002E-02   9.09999E-01   2.25002E-02 
    3.00000E-02   1.50005E-02   1.00000E+00  NONE
   1.37300E+03   4.36769E-15   2.25002E-02   9.09999E-01   2.25002E-02 
    3.00000E-02   1.50005E-02   1.00000E+00  NONE
   1.38300E+03   4.36769E-15   2.25002E-02   9.09999E-01   2.25002E-02 
    3.00000E-02   1.50005E-02   1.00000E+00  NONE
   1.39300E+03   4.36769E-15   2.25002E-02   9.09999E-01   2.25002E-02 
    3.00000E-02   1.50005E-02   1.00000E+00  NONE
   1.40300E+03   4.36769E-15   2.25002E-02   9.09999E-01   2.25002E-02 
    3.00000E-02   1.50005E-02   1.00000E+00  NONE
   1.41300E+03   4.36769E-15   2.25002E-02   9.09999E-01   2.25002E-02 
    3.00000E-02   1.50005E-02   1.00000E+00  NONE
   1.42300E+03   4.36769E-15   2.25002E-02   9.09999E-01   2.25002E-02 
    3.00000E-02   1.50005E-02   1.00000E+00  NONE
   1.43300E+03   4.36769E-15   2.25002E-02   9.09999E-01   2.25003E-02 
    3.00000E-02   1.50005E-02   1.00000E+00  NONE
   1.44300E+03   4.36769E-15   2.25002E-02   9.09999E-01   2.25003E-02 
    3.00000E-02   1.50005E-02   1.00000E+00  NONE
   1.45300E+03   4.36769E-15   2.25002E-02   9.09999E-01   2.25002E-02 
    3.00000E-02   1.50005E-02   1.00000E+00  NONE
   1.46300E+03   4.36769E-15   2.25002E-02   9.09999E-01   2.25002E-02 
    3.00000E-02   1.50005E-02   1.00000E+00  NONE
   1.47300E+03   4.36769E-15   2.25002E-02   9.09999E-01   2.25002E-02 
    3.00000E-02   1.50005E-02   1.00000E+00  NONE

 Phase Region for:
     FCC_A1#1                      
 col-1=T, col-2=W(FCC_A1#1,C), col-3=W(FCC_A1#1,CR), col-4=W(FCC_A1#1,FE),
   col-5=W(FCC_A1#1,MN), col-6=W(FCC_A1#1,NI), col-7=W(FCC_A1#1,SI),
   col-8=NP(FCC_A1#1),
   1.17300E+03   4.36769E-15   2.25002E-02   9.09999E-01   2.25002E-02 
    3.00000E-02   1.50005E-02   1.00000E+00  NONE
   1.16300E+03   4.36769E-15   2.25002E-02   9.09999E-01   2.25002E-02 
    3.00000E-02   1.50005E-02   1.00000E+00  NONE
   1.15300E+03   4.36769E-15   2.25002E-02   9.09999E-01   2.25002E-02 
    3.00000E-02   1.50005E-02   1.00000E+00  NONE
   1.14300E+03   4.36769E-15   2.25002E-02   9.09999E-01   2.25003E-02 
    3.00000E-02   1.50005E-02   1.00000E+00  NONE
   1.13300E+03   4.36769E-15   2.25002E-02   9.09999E-01   2.25002E-02 
    3.00000E-02   1.50005E-02   1.00000E+00  NONE
   1.12300E+03   4.36769E-15   2.25002E-02   9.09999E-01   2.25002E-02 
    3.00000E-02   1.50005E-02   1.00000E+00  NONE
   1.11300E+03   4.36769E-15   2.25002E-02   9.09999E-01   2.25002E-02 
    3.00000E-02   1.50005E-02   1.00000E+00  NONE
   1.10300E+03   4.36769E-15   2.25002E-02   9.09999E-01   2.25002E-02 
    3.00000E-02   1.50005E-02   1.00000E+00  NONE
   1.09300E+03   4.36769E-15   2.25002E-02   9.09999E-01   2.25002E-02 
    3.00000E-02   1.50005E-02   1.00000E+00  NONE
   1.08300E+03   4.36769E-15   2.25002E-02   9.09999E-01   2.25003E-02 
    3.00000E-02   1.50005E-02   1.00000E+00  NONE
   1.07300E+03   4.36769E-15   2.25002E-02   9.09999E-01   2.25003E-02 
    3.00000E-02   1.50005E-02   1.00000E+00  NONE
   1.06300E+03   4.36769E-15   2.25002E-02   9.09999E-01   2.25002E-02 
    3.00000E-02   1.50005E-02   1.00000E+00  NONE
   1.05300E+03   4.36769E-15   2.25002E-02   9.09999E-01   2.25002E-02 
    3.00000E-02   1.50005E-02   1.00000E+00  NONE
   1.04300E+03   4.36769E-15   2.25002E-02   9.09999E-01   2.25002E-02 
    3.00000E-02   1.50005E-02   1.00000E+00  NONE
   1.03607E+03   4.36769E-15   2.25002E-02   9.09999E-01   2.25003E-02 
    3.00000E-02   1.50005E-02   1.00000E+00  NONE

 Phase Region for:
     BCC_A2                        
     FCC_A1#1                      
 col-1=T, col-2=W(BCC_A2,C), col-3=W(BCC_A2,CR), col-4=W(BCC_A2,FE),
   col-5=W(BCC_A2,MN), col-6=W(BCC_A2,NI), col-7=W(BCC_A2,SI),
   col-8=W(FCC_A1#1,C), col-9=W(FCC_A1#1,CR), col-10=W(FCC_A1#1,FE),
   col-11=W(FCC_A1#1,MN), col-12=W(FCC_A1#1,NI), col-13=W(FCC_A1#1,SI),
   col-14=NP(BCC_A2), col-15=NP(FCC_A1#1),
   1.03607E+03   1.31295E-14   1.96918E-02   9.41874E-01   9.26394E-03 
    1.25187E-02   1.66518E-02   4.36775E-15   2.25003E-02   9.09999E-01 
    2.25003E-02   3.00000E-02   1.50005E-02   1.22758E-06   9.99999E-01
   1.03300E+03   1.31285E-14   1.97691E-02   9.41625E-01   9.36174E-03 
    1.26761E-02   1.65684E-02   6.19118E-15   2.26050E-02   9.08786E-01 
    2.30043E-02   3.06647E-02   1.49403E-02   3.70202E-02   9.62980E-01
   1.02300E+03   1.31253E-14   2.00112E-02   9.40803E-01   9.67609E-03 
    1.31886E-02   1.63214E-02   1.14252E-14   2.29362E-02   9.04604E-01 
    2.47464E-02   3.29446E-02   1.47691E-02   1.49301E-01   8.50699E-01
   1.01300E+03   1.31226E-14   2.02372E-02   9.39981E-01   9.97907E-03 
    1.36940E-02   1.61089E-02   1.64170E-14   2.32503E-02   9.00062E-01 
    2.66501E-02   3.54042E-02   1.46331E-02   2.49295E-01   7.50705E-01
   1.00300E+03   1.31202E-14   2.04464E-02   9.39178E-01   1.02645E-02 
    1.41849E-02   1.59267E-02   2.15048E-14   2.35463E-02   8.95138E-01 
    2.87322E-02   3.80550E-02   1.45288E-02   3.37891E-01   6.62109E-01
   9.93000E+02   1.31180E-14   2.06265E-02   9.38490E-01   1.04880E-02 
    1.46327E-02   1.57629E-02   2.67975E-14   2.38299E-02   8.89781E-01 
    3.10245E-02   4.09051E-02   1.44595E-02   4.15552E-01   5.84448E-01
   9.83000E+02   1.31160E-14   2.07756E-02   9.37975E-01   1.06202E-02 
    1.50188E-02   1.56104E-02   3.23914E-14   2.41122E-02   8.83851E-01 
    3.36042E-02   4.40026E-02   1.44304E-02   4.83595E-01   5.16405E-01
   9.73000E+02   1.31145E-14   2.09321E-02   9.37384E-01   1.07854E-02 
    1.54051E-02   1.54932E-02   3.84536E-14   2.43690E-02   8.77366E-01 
    3.64602E-02   4.73919E-02   1.44134E-02   5.44194E-01   4.55806E-01
   9.63000E+02   1.31133E-14   2.10887E-02   9.36757E-01   1.09701E-02 
    1.57796E-02   1.54046E-02   4.50116E-14   2.45924E-02   8.70341E-01 
    3.95892E-02   5.10762E-02   1.44016E-02   5.97584E-01   4.02416E-01
   9.53000E+02   1.31124E-14   2.12409E-02   9.36123E-01   1.11642E-02 
    1.61329E-02   1.53388E-02   5.20943E-14   2.47768E-02   8.62776E-01 
    4.29917E-02   5.50668E-02   1.43890E-02   6.44289E-01   3.55711E-01
   9.43000E+02   1.31118E-14   2.13857E-02   9.35507E-01   1.13591E-02 
    1.64573E-02   1.52912E-02   5.97295E-14   2.49182E-02   8.54660E-01 
    4.66709E-02   5.93809E-02   1.43699E-02   6.84949E-01   3.15051E-01
   9.33000E+02   1.31114E-14   2.15217E-02   9.34925E-01   1.15479E-02 
    1.67472E-02   1.52579E-02   6.79446E-14   2.50139E-02   8.45970E-01 
    5.06338E-02   6.40429E-02   1.43392E-02   7.20243E-01   2.79757E-01
   9.23000E+02   1.31111E-14   2.16481E-02   9.34393E-01   1.17248E-02 
    1.69976E-02   1.52361E-02   7.67653E-14   2.50619E-02   8.36671E-01 
    5.48906E-02   6.90843E-02   1.42923E-02   7.50830E-01   2.49170E-01
   9.13000E+02   1.31109E-14   2.17648E-02   9.33922E-01   1.18849E-02 
    1.72050E-02   1.52233E-02   8.62152E-14   2.50605E-02   8.26715E-01 
    5.94562E-02   7.45440E-02   1.42248E-02   7.77320E-01   2.22680E-01
   9.03000E+02   1.31109E-14   2.18723E-02   9.33520E-01   1.20241E-02 
    1.73662E-02   1.52178E-02   9.63157E-14   2.50086E-02   8.16041E-01 
    6.43496E-02   8.04685E-02   1.41326E-02   8.00267E-01   1.99733E-01
   8.93000E+02   1.31110E-14   2.19712E-02   9.33193E-01   1.21390E-02 
    1.74789E-02   1.52180E-02   1.07086E-13   2.49050E-02   8.04575E-01 
    6.95956E-02   8.69127E-02   1.40118E-02   8.20161E-01   1.79839E-01
   8.83000E+02   1.31111E-14   2.20622E-02   9.32947E-01   1.22266E-02 
    1.75409E-02   1.52231E-02   1.18544E-13   2.47484E-02   7.92229E-01 
    7.52247E-02   9.39398E-02   1.38583E-02   8.37433E-01   1.62567E-01
   8.73000E+02   1.31113E-14   2.21461E-02   9.32786E-01   1.22845E-02 
    1.75509E-02   1.52321E-02   1.30705E-13   2.45379E-02   7.78900E-01 
    8.12731E-02   1.01621E-01   1.36680E-02   8.52455E-01   1.47545E-01
   8.63000E+02   1.31116E-14   2.22236E-02   9.32713E-01   1.23106E-02 
    1.75078E-02   1.52446E-02   1.43585E-13   2.42726E-02   7.64474E-01 
    8.77824E-02   1.10034E-01   1.34369E-02   8.65547E-01   1.34453E-01
   8.53000E+02   1.31119E-14   2.22954E-02   9.32730E-01   1.23033E-02 
    1.74110E-02   1.52600E-02   1.57196E-13   2.39524E-02   7.48834E-01 
    9.47968E-02   1.19256E-01   1.31607E-02   8.76980E-01   1.23020E-01
   8.43000E+02   1.31123E-14   2.23620E-02   9.32838E-01   1.22614E-02 
    1.72608E-02   1.52780E-02   1.71551E-13   2.35783E-02   7.31869E-01 
    1.02358E-01   1.29359E-01   1.28360E-02   8.86978E-01   1.13022E-01
   8.33000E+02   1.31127E-14   2.24236E-02   9.33036E-01   1.21837E-02 
    1.70581E-02   1.52983E-02   1.86656E-13   2.31539E-02   7.13504E-01 
    1.10495E-01   1.40387E-01   1.24603E-02   8.95719E-01   1.04281E-01
   8.23000E+02   1.31132E-14   2.24802E-02   9.33324E-01   1.20697E-02 
    1.68053E-02   1.53205E-02   2.02510E-13   2.26861E-02   6.93735E-01 
    1.19209E-01   1.52337E-01   1.20331E-02   9.03339E-01   9.66605E-02
   8.13000E+02   1.31137E-14   2.25316E-02   9.33700E-01   1.19191E-02 
    1.65055E-02   1.53443E-02   2.19100E-13   2.21861E-02   6.72666E-01 
    1.28458E-01   1.65131E-01   1.15577E-02   9.09940E-01   9.00601E-02
   8.03000E+02   1.31142E-14   2.25774E-02   9.34158E-01   1.17319E-02 
    1.61638E-02   1.53691E-02   2.36401E-13   2.16719E-02   6.50571E-01 
    1.38136E-01   1.78579E-01   1.10420E-02   9.15587E-01   8.44132E-02
   7.93000E+02   1.31147E-14   2.26173E-02   9.34693E-01   1.15096E-02 
    1.57858E-02   1.53946E-02   2.54383E-13   2.11629E-02   6.27846E-01 
    1.48081E-01   1.92413E-01   1.04978E-02   9.20343E-01   7.96565E-02
   7.83000E+02   1.31153E-14   2.26513E-02   9.35297E-01   1.12542E-02 
    1.53774E-02   1.54202E-02   2.73028E-13   2.06789E-02   6.04975E-01 
    1.58097E-01   2.06309E-01   9.93987E-03   9.24277E-01   7.57229E-02
   7.73000E+02   1.31159E-14   2.26797E-02   9.35961E-01   1.09692E-02 
    1.49447E-02   1.54457E-02   2.92338E-13   2.02359E-02   5.82423E-01 
    1.67995E-01   2.19963E-01   9.38257E-03   9.27471E-01   7.25288E-02
   7.63000E+02   1.31164E-14   2.27030E-02   9.36674E-01   1.06586E-02 
    1.44930E-02   1.54710E-02   3.12345E-13   1.98444E-02   5.60558E-01 
    1.77623E-01   2.33138E-01   8.83759E-03   9.30024E-01   6.99761E-02
   7.53000E+02   1.31170E-14   2.27218E-02   9.37429E-01   1.03267E-02 
    1.40269E-02   1.54958E-02   3.33103E-13   1.95087E-02   5.39610E-01 
    1.86881E-01   2.45687E-01   8.31277E-03   9.32038E-01   6.79618E-02
   7.43000E+02   1.31175E-14   2.27367E-02   9.38215E-01   9.97790E-03 
    1.35504E-02   1.55201E-02   3.54681E-13   1.92292E-02   5.19690E-01 
    1.95722E-01   2.57547E-01   7.81242E-03   9.33612E-01   6.63880E-02
   7.33000E+02   1.31181E-14   2.27483E-02   9.39025E-01   9.61604E-03 
    1.30668E-02   1.55440E-02   3.77151E-13   1.90036E-02   5.00820E-01 
    2.04130E-01   2.68709E-01   7.33820E-03   9.34831E-01   6.51688E-02
   7.23000E+02   1.31186E-14   2.27569E-02   9.39852E-01   9.24461E-03 
    1.25788E-02   1.55675E-02   4.00590E-13   1.88286E-02   4.82965E-01 
    2.12115E-01   2.79201E-01   6.89006E-03   9.35768E-01   6.42321E-02
   7.13000E+02   1.31191E-14   2.27629E-02   9.40691E-01   8.86662E-03 
    1.20888E-02   1.55905E-02   4.25068E-13   1.87006E-02   4.66065E-01 
    2.19699E-01   2.89069E-01   6.46702E-03   9.36481E-01   6.35194E-02
   7.03000E+02   1.31196E-14   2.27666E-02   9.41537E-01   8.48464E-03 
    1.15988E-02   1.56130E-02   4.50659E-13   1.86162E-02   4.50044E-01 
    2.26906E-01   2.98366E-01   6.06765E-03   9.37016E-01   6.29837E-02
   6.93000E+02   1.31202E-14   2.27679E-02   9.42386E-01   8.10086E-03 
    1.11106E-02   1.56351E-02   4.77432E-13   1.85726E-02   4.34826E-01 
    2.33767E-01   3.07144E-01   5.69036E-03   9.37412E-01   6.25879E-02
   6.83000E+02   1.31206E-14   2.27672E-02   9.43234E-01   7.71720E-03 
    1.06255E-02   1.56566E-02   5.05459E-13   1.85676E-02   4.20339E-01 
    2.40306E-01   3.15454E-01   5.33359E-03   9.37698E-01   6.23024E-02
   6.73000E+02   1.31211E-14   2.27643E-02   9.44078E-01   7.33527E-03 
    1.01449E-02   1.56777E-02   5.34809E-13   1.85992E-02   4.06513E-01 
    2.46550E-01   3.23342E-01   4.99588E-03   9.37896E-01   6.21037E-02
