
 Phase Region for:
     FCC_A1#1                      
 col-1=T, col-2=W(FCC_A1#1,C), col-3=W(FCC_A1#1,CR), col-4=W(FCC_A1#1,FE),
   col-5=W(FCC_A1#1,MN), col-6=W(FCC_A1#1,NI), col-7=W(FCC_A1#1,SI),
   col-8=NP(FCC_A1#1),
   1.17300E+03   4.39710E-15   1.00000E-06   9.47498E-01   2.25002E-02 
    7.50075E-03   2.25002E-02   1.00000E+00
   1.18300E+03   4.39710E-15   1.00000E-06   9.47498E-01   2.25002E-02 
    7.50075E-03   2.25002E-02   1.00000E+00
   1.19300E+03   4.39710E-15   1.00000E-06   9.47498E-01   2.25002E-02 
    7.50075E-03   2.25002E-02   1.00000E+00
   1.20300E+03   4.39710E-15   1.00000E-06   9.47498E-01   2.25002E-02 
    7.50075E-03   2.25002E-02   1.00000E+00
   1.21300E+03   4.39710E-15   1.00000E-06   9.47498E-01   2.25002E-02 
    7.50075E-03   2.25002E-02   1.00000E+00
   1.22300E+03   4.39710E-15   1.00000E-06   9.47498E-01   2.25002E-02 
    7.50075E-03   2.25002E-02   1.00000E+00
   1.23300E+03   4.39710E-15   1.00000E-06   9.47498E-01   2.25002E-02 
    7.50075E-03   2.25002E-02   1.00000E+00
   1.24300E+03   4.39710E-15   1.00000E-06   9.47498E-01   2.25002E-02 
    7.50075E-03   2.25002E-02   1.00000E+00
   1.25300E+03   4.39710E-15   1.00000E-06   9.47498E-01   2.25002E-02 
    7.50075E-03   2.25002E-02   1.00000E+00
   1.26300E+03   4.39710E-15   1.00000E-06   9.47498E-01   2.25002E-02 
    7.50075E-03   2.25002E-02   1.00000E+00
   1.27300E+03   4.39710E-15   1.00000E-06   9.47498E-01   2.25002E-02 
    7.50075E-03   2.25002E-02   1.00000E+00
   1.28300E+03   4.39710E-15   1.00000E-06   9.47498E-01   2.25002E-02 
    7.50075E-03   2.25002E-02   1.00000E+00
   1.29300E+03   4.39710E-15   1.00000E-06   9.47498E-01   2.25002E-02 
    7.50075E-03   2.25002E-02   1.00000E+00
   1.30300E+03   4.39710E-15   1.00000E-06   9.47498E-01   2.25002E-02 
    7.50075E-03   2.25002E-02   1.00000E+00
   1.31300E+03   4.39710E-15   1.00000E-06   9.47498E-01   2.25002E-02 
    7.50075E-03   2.25002E-02   1.00000E+00
   1.32300E+03   4.39710E-15   1.00000E-06   9.47498E-01   2.25002E-02 
    7.50075E-03   2.25002E-02   1.00000E+00
   1.33300E+03   4.39710E-15   1.00000E-06   9.47498E-01   2.25002E-02 
    7.50075E-03   2.25002E-02   1.00000E+00
   1.34300E+03   4.39710E-15   1.00000E-06   9.47498E-01   2.25002E-02 
    7.50075E-03   2.25002E-02   1.00000E+00
   1.35300E+03   4.39710E-15   1.00000E-06   9.47498E-01   2.25002E-02 
    7.50075E-03   2.25002E-02   1.00000E+00
   1.36300E+03   4.39710E-15   1.00000E-06   9.47498E-01   2.25002E-02 
    7.50075E-03   2.25002E-02   1.00000E+00
   1.37300E+03   4.39710E-15   1.00000E-06   9.47498E-01   2.25002E-02 
    7.50075E-03   2.25002E-02   1.00000E+00
   1.38300E+03   4.39710E-15   1.00000E-06   9.47498E-01   2.25002E-02 
    7.50075E-03   2.25002E-02   1.00000E+00
   1.39300E+03   4.39710E-15   1.00000E-06   9.47498E-01   2.25002E-02 
    7.50075E-03   2.25002E-02   1.00000E+00
   1.40300E+03   4.39710E-15   1.00000E-06   9.47498E-01   2.25002E-02 
    7.50075E-03   2.25002E-02   1.00000E+00
   1.41300E+03   4.39710E-15   1.00000E-06   9.47498E-01   2.25002E-02 
    7.50075E-03   2.25002E-02   1.00000E+00
   1.42300E+03   4.39710E-15   1.00000E-06   9.47498E-01   2.25002E-02 
    7.50075E-03   2.25002E-02   1.00000E+00
   1.43300E+03   4.39710E-15   1.00000E-06   9.47498E-01   2.25002E-02 
    7.50075E-03   2.25002E-02   1.00000E+00
   1.44300E+03   4.39710E-15   1.00000E-06   9.47498E-01   2.25002E-02 
    7.50075E-03   2.25002E-02   1.00000E+00
   1.45300E+03   4.39710E-15   1.00000E-06   9.47498E-01   2.25002E-02 
    7.50075E-03   2.25002E-02   1.00000E+00
   1.46300E+03   4.39710E-15   1.00000E-06   9.47498E-01   2.25002E-02 
    7.50075E-03   2.25002E-02   1.00000E+00
   1.47300E+03   4.39710E-15   1.00000E-06   9.47498E-01   2.25002E-02 
    7.50075E-03   2.25002E-02   1.00000E+00

 Phase Region for:
     FCC_A1#1                      
 col-1=T, col-2=W(FCC_A1#1,C), col-3=W(FCC_A1#1,CR), col-4=W(FCC_A1#1,FE),
   col-5=W(FCC_A1#1,MN), col-6=W(FCC_A1#1,NI), col-7=W(FCC_A1#1,SI),
   col-8=NP(FCC_A1#1),
   1.17300E+03   4.39710E-15   1.00000E-06   9.47498E-01   2.25002E-02 
    7.50075E-03   2.25002E-02   1.00000E+00
   1.17290E+03   4.39710E-15   1.00000E-06   9.47498E-01   2.25002E-02 
    7.50075E-03   2.25002E-02   1.00000E+00
   1.17233E+03   4.39710E-15   1.00000E-06   9.47498E-01   2.25002E-02 
    7.50075E-03   2.25002E-02   1.00000E+00

 Phase Region for:
     BCC_A2                        
     FCC_A1#1                      
 col-1=T, col-2=W(BCC_A2,C), col-3=W(BCC_A2,CR), col-4=W(BCC_A2,FE),
   col-5=W(BCC_A2,MN), col-6=W(BCC_A2,NI), col-7=W(BCC_A2,SI),
   col-8=W(FCC_A1#1,C), col-9=W(FCC_A1#1,CR), col-10=W(FCC_A1#1,FE),
   col-11=W(FCC_A1#1,MN), col-12=W(FCC_A1#1,NI), col-13=W(FCC_A1#1,SI),
   col-14=NP(BCC_A2), col-15=NP(FCC_A1#1),
   1.17233E+03   1.32236E-14   8.81005E-07   9.57924E-01   1.30292E-02 
    4.02607E-03   2.50201E-02   4.39715E-15   1.00000E-06   9.47498E-01 
    2.25003E-02   7.50075E-03   2.25002E-02   1.15683E-06   9.99999E-01
   1.16300E+03   1.32198E-14   8.90048E-07   9.57630E-01   1.34799E-02 
    4.16604E-03   2.47234E-02   8.48331E-15   1.01289E-06   9.46310E-01 
    2.35580E-02   7.89179E-03   2.22395E-02   1.05183E-01   8.94817E-01
   1.15300E+03   1.32161E-14   8.99802E-07   9.57254E-01   1.39892E-02 
    4.32673E-03   2.44289E-02   1.25442E-14   1.02681E-06   9.44887E-01 
    2.47775E-02   8.35000E-03   2.19842E-02   2.11482E-01   7.88518E-01
   1.14300E+03   1.32126E-14   9.09511E-07   9.56818E-01   1.45238E-02 
    4.49819E-03   2.41592E-02   1.67328E-14   1.04070E-06   9.43306E-01 
    2.60875E-02   8.85109E-03   2.17542E-02   3.10717E-01   6.89283E-01
   1.13300E+03   1.32095E-14   9.19069E-07   9.56324E-01   1.50812E-02 
    4.68001E-03   2.39143E-02   2.12561E-14   1.05442E-06   9.41563E-01 
    2.74894E-02   9.39761E-03   2.15493E-02   4.02637E-01   5.97363E-01
   1.12300E+03   1.32067E-14   9.28380E-07   9.55775E-01   1.56583E-02 
    4.87171E-03   2.36939E-02   2.62760E-14   1.06787E-06   9.39653E-01 
    2.89843E-02   9.99228E-03   2.13690E-02   4.87141E-01   5.12859E-01
   1.11300E+03   1.32042E-14   9.37357E-07   9.55177E-01   1.62520E-02 
    5.07269E-03   2.34971E-02   3.19597E-14   1.08094E-06   9.37575E-01 
    3.05735E-02   1.06380E-02   2.12123E-02   5.64266E-01   4.35734E-01
   1.10300E+03   1.32020E-14   9.45927E-07   9.54535E-01   1.68586E-02 
    5.28225E-03   2.33227E-02   3.85036E-14   1.09352E-06   9.35325E-01 
    3.22580E-02   1.13379E-02   2.10778E-02   6.34158E-01   3.65842E-01
   1.09300E+03   1.32000E-14   9.54028E-07   9.53856E-01   1.74745E-02 
    5.49961E-03   2.31693E-02   4.61571E-14   1.10555E-06   9.32901E-01 
    3.40391E-02   1.20953E-02   2.09640E-02   6.97057E-01   3.02943E-01
   1.08300E+03   1.31983E-14   9.61609E-07   9.53144E-01   1.80954E-02 
    5.72383E-03   2.30356E-02   5.52508E-14   1.11695E-06   9.30297E-01 
    3.59186E-02   1.29137E-02   2.08695E-02   7.53257E-01   2.46743E-01
   1.07300E+03   1.31968E-14   9.68637E-07   9.52408E-01   1.87173E-02 
    5.95386E-03   2.29198E-02   6.62465E-14   1.12767E-06   9.27510E-01 
    3.78988E-02   1.37974E-02   2.07924E-02   8.03118E-01   1.96882E-01
   1.06300E+03   1.31955E-14   9.75081E-07   9.51654E-01   1.93358E-02 
    6.18848E-03   2.28205E-02   7.98083E-14   1.13767E-06   9.24534E-01 
    3.99828E-02   1.47505E-02   2.07311E-02   8.47006E-01   1.52994E-01
   1.05300E+03   1.31944E-14   9.80925E-07   9.50891E-01   1.99460E-02 
    6.42620E-03   2.27360E-02   9.69450E-14   1.14692E-06   9.21362E-01 
    4.21746E-02   1.57777E-02   2.06842E-02   8.85303E-01   1.14697E-01
   1.04300E+03   1.31935E-14   9.86160E-07   9.50126E-01   2.05431E-02 
    6.66527E-03   2.26650E-02   1.19284E-13   1.15543E-06   9.17986E-01 
    4.44795E-02   1.68836E-02   2.06501E-02   9.18391E-01   8.16092E-02
   1.03300E+03   1.31927E-14   9.90784E-07   9.49368E-01   2.11219E-02 
    6.90360E-03   2.26060E-02   1.49681E-13   1.16317E-06   9.14394E-01 
    4.69044E-02   1.80733E-02   2.06275E-02   9.46641E-01   5.33591E-02
   1.02300E+03   1.31921E-14   9.94801E-07   9.48626E-01   2.16765E-02 
    7.13863E-03   2.25578E-02   1.93824E-13   1.17016E-06   9.10574E-01 
    4.94578E-02   1.93519E-02   2.06152E-02   9.70408E-01   2.95919E-02
   1.01300E+03   1.31916E-14   9.98219E-07   9.47911E-01   2.22010E-02 
    7.36727E-03   2.25193E-02   2.65761E-13   1.17643E-06   9.06512E-01 
    5.21506E-02   2.07244E-02   2.06123E-02   9.90027E-01   9.97333E-03
   1.00696E+03   1.31913E-14   1.00000E-06   9.47498E-01   2.25002E-02 
    7.50075E-03   2.25002E-02   3.40323E-13   1.17988E-06   9.03933E-01 
    5.38505E-02   2.16010E-02   2.06147E-02   1.00000E+00   0.00000E+00

 Phase Region for:
     BCC_A2                        
 col-1=T, col-2=W(BCC_A2,C), col-3=W(BCC_A2,CR), col-4=W(BCC_A2,FE),
   col-5=W(BCC_A2,MN), col-6=W(BCC_A2,NI), col-7=W(BCC_A2,SI),
   col-8=NP(BCC_A2),
   1.00696E+03   1.31913E-14   1.00000E-06   9.47498E-01   2.25002E-02 
    7.50075E-03   2.25002E-02   1.00000E+00  NONE
   1.00300E+03   1.31913E-14   1.00000E-06   9.47498E-01   2.25002E-02 
    7.50075E-03   2.25002E-02   1.00000E+00  NONE
   9.93000E+02   1.31913E-14   1.00000E-06   9.47498E-01   2.25002E-02 
    7.50075E-03   2.25002E-02   1.00000E+00  NONE
   9.83000E+02   1.31913E-14   1.00000E-06   9.47498E-01   2.25002E-02 
    7.50075E-03   2.25002E-02   1.00000E+00  NONE
   9.73000E+02   1.31913E-14   1.00000E-06   9.47498E-01   2.25002E-02 
    7.50075E-03   2.25002E-02   1.00000E+00  NONE
   9.63000E+02   1.31913E-14   1.00000E-06   9.47498E-01   2.25002E-02 
    7.50075E-03   2.25002E-02   1.00000E+00  NONE
   9.53000E+02   1.31913E-14   1.00000E-06   9.47498E-01   2.25002E-02 
    7.50075E-03   2.25002E-02   1.00000E+00  NONE
   9.43000E+02   1.31913E-14   1.00000E-06   9.47498E-01   2.25002E-02 
    7.50075E-03   2.25002E-02   1.00000E+00  NONE
   9.33000E+02   1.31913E-14   1.00000E-06   9.47498E-01   2.25002E-02 
    7.50075E-03   2.25002E-02   1.00000E+00  NONE
   9.23000E+02   1.31913E-14   1.00000E-06   9.47498E-01   2.25002E-02 
    7.50075E-03   2.25002E-02   1.00000E+00  NONE
   9.13000E+02   1.31913E-14   1.00000E-06   9.47498E-01   2.25002E-02 
    7.50075E-03   2.25002E-02   1.00000E+00  NONE
   9.03000E+02   1.31913E-14   1.00000E-06   9.47498E-01   2.25002E-02 
    7.50075E-03   2.25002E-02   1.00000E+00  NONE
   8.93000E+02   1.31913E-14   1.00000E-06   9.47498E-01   2.25002E-02 
    7.50075E-03   2.25002E-02   1.00000E+00  NONE
   8.83000E+02   1.31913E-14   1.00000E-06   9.47498E-01   2.25002E-02 
    7.50075E-03   2.25002E-02   1.00000E+00  NONE
   8.73000E+02   1.31913E-14   1.00000E-06   9.47498E-01   2.25002E-02 
    7.50075E-03   2.25002E-02   1.00000E+00  NONE
   8.63000E+02   1.31913E-14   1.00000E-06   9.47498E-01   2.25002E-02 
    7.50075E-03   2.25002E-02   1.00000E+00  NONE
   8.53000E+02   1.31913E-14   1.00000E-06   9.47498E-01   2.25002E-02 
    7.50075E-03   2.25002E-02   1.00000E+00  NONE
   8.43000E+02   1.31913E-14   1.00000E-06   9.47498E-01   2.25002E-02 
    7.50075E-03   2.25002E-02   1.00000E+00  NONE
   8.33000E+02   1.31913E-14   1.00000E-06   9.47498E-01   2.25002E-02 
    7.50075E-03   2.25002E-02   1.00000E+00  NONE
   8.23000E+02   1.31913E-14   1.00000E-06   9.47498E-01   2.25002E-02 
    7.50075E-03   2.25002E-02   1.00000E+00  NONE
   8.13000E+02   1.31913E-14   1.00000E-06   9.47498E-01   2.25002E-02 
    7.50075E-03   2.25002E-02   1.00000E+00  NONE
   8.03000E+02   1.31913E-14   1.00000E-06   9.47498E-01   2.25002E-02 
    7.50075E-03   2.25002E-02   1.00000E+00  NONE
   7.93000E+02   1.31913E-14   1.00000E-06   9.47498E-01   2.25002E-02 
    7.50075E-03   2.25002E-02   1.00000E+00  NONE
   7.83000E+02   1.31913E-14   1.00000E-06   9.47498E-01   2.25002E-02 
    7.50075E-03   2.25002E-02   1.00000E+00  NONE
   7.73000E+02   1.31913E-14   1.00000E-06   9.47498E-01   2.25002E-02 
    7.50075E-03   2.25002E-02   1.00000E+00  NONE
   7.63000E+02   1.31913E-14   1.00000E-06   9.47498E-01   2.25002E-02 
    7.50075E-03   2.25002E-02   1.00000E+00  NONE
   7.62777E+02   1.31913E-14   1.00000E-06   9.47498E-01   2.25002E-02 
    7.50075E-03   2.25002E-02   1.00000E+00  NONE

 Phase Region for:
     BCC_A2                        
     FCC_A1#1                      
 col-1=T, col-2=W(BCC_A2,C), col-3=W(BCC_A2,CR), col-4=W(BCC_A2,FE),
   col-5=W(BCC_A2,MN), col-6=W(BCC_A2,NI), col-7=W(BCC_A2,SI),
   col-8=W(FCC_A1#1,C), col-9=W(FCC_A1#1,CR), col-10=W(FCC_A1#1,FE),
   col-11=W(FCC_A1#1,MN), col-12=W(FCC_A1#1,NI), col-13=W(FCC_A1#1,SI),
   col-14=NP(BCC_A2), col-15=NP(FCC_A1#1),
   7.62777E+02   1.31913E-14   1.00000E-06   9.47498E-01   2.25002E-02 
    7.50075E-03   2.25003E-02   1.14586E-11   9.48499E-07   6.14241E-01 
    2.11620E-01   1.60684E-01   1.34540E-02   1.00000E+00   1.97274E-08
   7.53000E+02   1.31916E-14   1.00014E-06   9.48168E-01   2.21233E-02 
    7.18925E-03   2.25189E-02   5.94376E-12   9.26833E-07   5.90199E-01 
    2.23591E-01   1.73669E-01   1.25399E-02   9.98156E-01   1.84442E-03
   7.43000E+02   1.31920E-14   1.00033E-06   9.48885E-01   2.17245E-02 
    6.84954E-03   2.25398E-02   4.67533E-12   9.08004E-07   5.66053E-01 
    2.35787E-01   1.86543E-01   1.16166E-02   9.96432E-01   3.56766E-03
   7.33000E+02   1.31925E-14   1.00056E-06   9.49627E-01   2.13151E-02 
    6.49457E-03   2.25622E-02   4.10241E-12   8.92965E-07   5.42830E-01 
    2.47731E-01   1.98713E-01   1.07242E-02   9.94853E-01   5.14658E-03
   7.23000E+02   1.31929E-14   1.00080E-06   9.50386E-01   2.08975E-02 
    6.13007E-03   2.25857E-02   3.78985E-12   8.81785E-07   5.20805E-01 
    2.59301E-01   2.10018E-01   9.87389E-03   9.93398E-01   6.60186E-03
   7.13000E+02   1.31933E-14   1.00103E-06   9.51154E-01   2.04742E-02 
    5.76100E-03   2.26100E-02   3.60736E-12   8.74311E-07   5.00081E-01 
    2.70445E-01   2.20404E-01   9.07007E-03   9.92049E-01   7.95084E-03
   7.03000E+02   1.31938E-14   1.00123E-06   9.51926E-01   2.00470E-02 
    5.39150E-03   2.26348E-02   3.50101E-12   8.70297E-07   4.80645E-01 
    2.81157E-01   2.29885E-01   8.31296E-03   9.90793E-01   9.20703E-03
   6.93000E+02   1.31943E-14   1.00140E-06   9.52696E-01   1.96178E-02 
    5.02500E-03   2.26599E-02   3.44426E-12   8.69494E-07   4.62424E-01 
    2.91460E-01   2.38514E-01   7.60052E-03   9.89619E-01   1.03806E-02
   6.83000E+02   1.31947E-14   1.00152E-06   9.53461E-01   1.91884E-02 
    4.66430E-03   2.26851E-02   3.42253E-12   8.71687E-07   4.45319E-01 
    3.01392E-01   2.46358E-01   6.92985E-03   9.88521E-01   1.14792E-02
   6.73000E+02   1.31952E-14   1.00160E-06   9.54217E-01   1.87601E-02 
    4.31168E-03   2.27103E-02   3.42715E-12   8.76711E-07   4.29228E-01 
    3.10989E-01   2.53484E-01   6.29801E-03   9.87491E-01   1.25087E-02
