
 Phase Region for:
     FCC_A1#1                      
 col-1=T, col-2=X(FCC_A1#1,C), col-3=X(FCC_A1#1,CR), col-4=X(FCC_A1#1,FE),
   col-5=X(FCC_A1#1,MN), col-6=X(FCC_A1#1,NI), col-7=X(FCC_A1#1,SI),
   col-8=NP(FCC_A1#1),
   1.17300E+03   2.00000E-14   3.93500E-02   8.59733E-01   2.23458E-02 
    3.48619E-02   4.37098E-02   1.00000E+00
   1.18300E+03   2.00000E-14   3.93500E-02   8.59733E-01   2.23458E-02 
    3.48619E-02   4.37098E-02   1.00000E+00
   1.19300E+03   2.00000E-14   3.93500E-02   8.59733E-01   2.23458E-02 
    3.48619E-02   4.37098E-02   1.00000E+00
   1.20300E+03   2.00000E-14   3.93500E-02   8.59733E-01   2.23458E-02 
    3.48619E-02   4.37098E-02   1.00000E+00
   1.21300E+03   2.00000E-14   3.93500E-02   8.59733E-01   2.23458E-02 
    3.48619E-02   4.37098E-02   1.00000E+00
   1.22300E+03   2.00000E-14   3.93500E-02   8.59733E-01   2.23458E-02 
    3.48619E-02   4.37098E-02   1.00000E+00
   1.23300E+03   2.00000E-14   3.93500E-02   8.59733E-01   2.23458E-02 
    3.48619E-02   4.37098E-02   1.00000E+00
   1.24300E+03   2.00000E-14   3.93500E-02   8.59733E-01   2.23458E-02 
    3.48619E-02   4.37098E-02   1.00000E+00
   1.25300E+03   2.00000E-14   3.93500E-02   8.59733E-01   2.23458E-02 
    3.48619E-02   4.37098E-02   1.00000E+00
   1.26300E+03   2.00000E-14   3.93500E-02   8.59733E-01   2.23458E-02 
    3.48619E-02   4.37098E-02   1.00000E+00
   1.27300E+03   2.00000E-14   3.93500E-02   8.59733E-01   2.23458E-02 
    3.48619E-02   4.37098E-02   1.00000E+00
   1.28300E+03   2.00000E-14   3.93500E-02   8.59733E-01   2.23458E-02 
    3.48619E-02   4.37098E-02   1.00000E+00
   1.29300E+03   2.00000E-14   3.93500E-02   8.59733E-01   2.23458E-02 
    3.48619E-02   4.37098E-02   1.00000E+00
   1.30300E+03   2.00000E-14   3.93500E-02   8.59733E-01   2.23458E-02 
    3.48619E-02   4.37098E-02   1.00000E+00
   1.31300E+03   2.00000E-14   3.93500E-02   8.59733E-01   2.23458E-02 
    3.48619E-02   4.37098E-02   1.00000E+00
   1.32300E+03   2.00000E-14   3.93500E-02   8.59733E-01   2.23458E-02 
    3.48619E-02   4.37098E-02   1.00000E+00
   1.33300E+03   2.00000E-14   3.93500E-02   8.59733E-01   2.23458E-02 
    3.48619E-02   4.37098E-02   1.00000E+00
   1.34300E+03   2.00000E-14   3.93500E-02   8.59733E-01   2.23458E-02 
    3.48619E-02   4.37098E-02   1.00000E+00
   1.35300E+03   2.00000E-14   3.93500E-02   8.59733E-01   2.23458E-02 
    3.48619E-02   4.37098E-02   1.00000E+00
   1.36300E+03   2.00000E-14   3.93500E-02   8.59733E-01   2.23458E-02 
    3.48619E-02   4.37098E-02   1.00000E+00
   1.37300E+03   2.00000E-14   3.93500E-02   8.59733E-01   2.23458E-02 
    3.48619E-02   4.37098E-02   1.00000E+00
   1.38300E+03   2.00000E-14   3.93500E-02   8.59733E-01   2.23458E-02 
    3.48619E-02   4.37098E-02   1.00000E+00
   1.39300E+03   2.00000E-14   3.93500E-02   8.59733E-01   2.23458E-02 
    3.48619E-02   4.37098E-02   1.00000E+00
   1.40300E+03   2.00000E-14   3.93500E-02   8.59733E-01   2.23458E-02 
    3.48619E-02   4.37098E-02   1.00000E+00
   1.41300E+03   2.00000E-14   3.93500E-02   8.59733E-01   2.23458E-02 
    3.48619E-02   4.37098E-02   1.00000E+00
   1.42300E+03   2.00000E-14   3.93500E-02   8.59733E-01   2.23458E-02 
    3.48619E-02   4.37098E-02   1.00000E+00
   1.43300E+03   2.00000E-14   3.93500E-02   8.59733E-01   2.23458E-02 
    3.48619E-02   4.37098E-02   1.00000E+00
   1.44300E+03   2.00000E-14   3.93500E-02   8.59733E-01   2.23458E-02 
    3.48619E-02   4.37098E-02   1.00000E+00
   1.45300E+03   2.00000E-14   3.93500E-02   8.59733E-01   2.23458E-02 
    3.48619E-02   4.37098E-02   1.00000E+00
   1.46300E+03   2.00000E-14   3.93500E-02   8.59733E-01   2.23458E-02 
    3.48619E-02   4.37098E-02   1.00000E+00
   1.47300E+03   2.00000E-14   3.93500E-02   8.59733E-01   2.23458E-02 
    3.48619E-02   4.37098E-02   1.00000E+00

 Phase Region for:
     FCC_A1#1                      
 col-1=T, col-2=X(FCC_A1#1,C), col-3=X(FCC_A1#1,CR), col-4=X(FCC_A1#1,FE),
   col-5=X(FCC_A1#1,MN), col-6=X(FCC_A1#1,NI), col-7=X(FCC_A1#1,SI),
   col-8=NP(FCC_A1#1),
   1.17300E+03   2.00000E-14   3.93500E-02   8.59733E-01   2.23458E-02 
    3.48619E-02   4.37098E-02   1.00000E+00
   1.16300E+03   2.00000E-14   3.93500E-02   8.59733E-01   2.23458E-02 
    3.48619E-02   4.37098E-02   1.00000E+00
   1.15300E+03   2.00000E-14   3.93500E-02   8.59733E-01   2.23458E-02 
    3.48619E-02   4.37098E-02   1.00000E+00
   1.14300E+03   2.00000E-14   3.93500E-02   8.59733E-01   2.23458E-02 
    3.48619E-02   4.37098E-02   1.00000E+00
   1.13300E+03   2.00000E-14   3.93500E-02   8.59733E-01   2.23458E-02 
    3.48619E-02   4.37098E-02   1.00000E+00
   1.12300E+03   2.00000E-14   3.93500E-02   8.59733E-01   2.23458E-02 
    3.48619E-02   4.37098E-02   1.00000E+00
   1.11300E+03   2.00000E-14   3.93500E-02   8.59733E-01   2.23458E-02 
    3.48619E-02   4.37098E-02   1.00000E+00
   1.10300E+03   2.00000E-14   3.93500E-02   8.59733E-01   2.23458E-02 
    3.48619E-02   4.37098E-02   1.00000E+00
   1.09300E+03   2.00000E-14   3.93500E-02   8.59733E-01   2.23458E-02 
    3.48619E-02   4.37098E-02   1.00000E+00
   1.08300E+03   2.00000E-14   3.93500E-02   8.59733E-01   2.23458E-02 
    3.48619E-02   4.37098E-02   1.00000E+00
   1.07300E+03   2.00000E-14   3.93500E-02   8.59733E-01   2.23458E-02 
    3.48619E-02   4.37098E-02   1.00000E+00
   1.06300E+03   2.00000E-14   3.93500E-02   8.59733E-01   2.23458E-02 
    3.48619E-02   4.37098E-02   1.00000E+00
   1.05300E+03   2.00000E-14   3.93500E-02   8.59733E-01   2.23458E-02 
    3.48619E-02   4.37098E-02   1.00000E+00
   1.04300E+03   2.00000E-14   3.93500E-02   8.59733E-01   2.23458E-02 
    3.48619E-02   4.37098E-02   1.00000E+00
   1.03300E+03   2.00000E-14   3.93500E-02   8.59733E-01   2.23458E-02 
    3.48619E-02   4.37098E-02   1.00000E+00
   1.02300E+03   2.00000E-14   3.93500E-02   8.59733E-01   2.23458E-02 
    3.48619E-02   4.37098E-02   1.00000E+00
   1.02241E+03   2.00000E-14   3.93500E-02   8.59733E-01   2.23458E-02 
    3.48619E-02   4.37098E-02   1.00000E+00

 Phase Region for:
     BCC_A2                        
     FCC_A1#1                      
 col-1=T, col-2=X(BCC_A2,C), col-3=X(BCC_A2,CR), col-4=X(BCC_A2,FE),
   col-5=X(BCC_A2,MN), col-6=X(BCC_A2,NI), col-7=X(BCC_A2,SI),
   col-8=X(FCC_A1#1,C), col-9=X(FCC_A1#1,CR), col-10=X(FCC_A1#1,FE),
   col-11=X(FCC_A1#1,MN), col-12=X(FCC_A1#1,NI), col-13=X(FCC_A1#1,SI),
   col-14=NP(BCC_A2), col-15=NP(FCC_A1#1),
   1.02241E+03   6.00000E-14   3.60968E-02   8.91273E-01   9.19587E-03 
    1.43459E-02   4.90881E-02   2.00002E-14   3.93500E-02   8.59732E-01 
    2.23458E-02   3.48619E-02   4.37098E-02   1.05865E-06   9.99999E-01
   1.01300E+03   6.00000E-14   3.63627E-02   8.90922E-01   9.41139E-03 
    1.47910E-02   4.85132E-02   4.07802E-14   3.96663E-02   8.56431E-01 
    2.37151E-02   3.69867E-02   4.32013E-02   9.57296E-02   9.04270E-01
   1.00300E+03   6.00000E-14   3.66333E-02   8.90505E-01   9.63291E-03 
    1.52639E-02   4.79645E-02   6.09625E-14   3.99832E-02   8.52560E-01 
    2.53088E-02   3.94296E-02   4.27181E-02   1.89015E-01   8.10985E-01
   9.93000E+02   6.00000E-14   3.68895E-02   8.90063E-01   9.84181E-03 
    1.57299E-02   4.74754E-02   8.11666E-14   4.02779E-02   8.48295E-01 
    2.70611E-02   4.20767E-02   4.22897E-02   2.73841E-01   7.26159E-01
   9.83000E+02   6.00000E-14   3.71296E-02   8.89616E-01   1.00323E-02 
    1.61815E-02   4.70410E-02   1.02091E-13   4.05485E-02   8.43603E-01 
    2.89919E-02   4.49445E-02   4.19118E-02   3.50540E-01   6.49460E-01
   9.73000E+02   6.00000E-14   3.73159E-02   8.89367E-01   1.01245E-02 
    1.65697E-02   4.66229E-02   1.23909E-13   4.08160E-02   8.38375E-01 
    3.11537E-02   4.80451E-02   4.16103E-02   4.18842E-01   5.81158E-01
   9.63000E+02   6.00000E-14   3.74942E-02   8.89136E-01   1.01867E-02 
    1.69298E-02   4.62531E-02   1.47287E-13   4.10676E-02   8.32520E-01 
    3.35988E-02   5.14578E-02   4.13560E-02   4.80650E-01   5.19350E-01
   9.53000E+02   6.00000E-14   3.76920E-02   8.88779E-01   1.02820E-02 
    1.72908E-02   4.59559E-02   1.72590E-13   4.12701E-02   8.26095E-01 
    3.63161E-02   5.52099E-02   4.11087E-02   5.36617E-01   4.63383E-01
   9.43000E+02   6.00000E-14   3.78974E-02   8.88346E-01   1.03977E-02 
    1.76399E-02   4.57190E-02   1.99895E-13   4.14123E-02   8.19110E-01 
    3.93084E-02   5.93119E-02   4.08572E-02   5.86725E-01   4.13275E-01
   9.33000E+02   6.00000E-14   3.81024E-02   8.87875E-01   1.05236E-02 
    1.79668E-02   4.55318E-02   2.29286E-13   4.14858E-02   8.11559E-01 
    4.25825E-02   6.37823E-02   4.05909E-02   6.31236E-01   3.68764E-01
   9.23000E+02   6.00000E-14   3.83016E-02   8.87399E-01   1.06514E-02 
    1.82631E-02   4.53852E-02   2.60844E-13   4.14842E-02   8.03419E-01 
    4.61493E-02   6.86484E-02   4.02994E-02   6.70562E-01   3.29438E-01
   9.13000E+02   6.00000E-14   3.84919E-02   8.86940E-01   1.07744E-02 
    1.85219E-02   4.52718E-02   2.94651E-13   4.14026E-02   7.94653E-01 
    5.00244E-02   7.39469E-02   3.99733E-02   7.05187E-01   2.94813E-01
   9.03000E+02   6.00000E-14   3.86718E-02   8.86518E-01   1.08866E-02 
    1.87376E-02   4.51857E-02   3.30778E-13   4.12371E-02   7.85208E-01 
    5.42278E-02   7.97233E-02   3.96034E-02   7.35606E-01   2.64394E-01
   8.93000E+02   6.00000E-14   3.88405E-02   8.86149E-01   1.09832E-02 
    1.89058E-02   4.51220E-02   3.69285E-13   4.09842E-02   7.75016E-01 
    5.87859E-02   8.60334E-02   3.91808E-02   7.62302E-01   2.37698E-01
   8.83000E+02   6.00000E-14   3.89980E-02   8.85843E-01   1.10599E-02 
    1.90227E-02   4.50769E-02   4.10220E-13   4.06409E-02   7.63988E-01 
    6.37308E-02   9.29437E-02   3.86966E-02   7.85728E-01   2.14272E-01
   8.73000E+02   6.00000E-14   3.91448E-02   8.85610E-01   1.11130E-02 
    1.90853E-02   4.50473E-02   4.53616E-13   4.02042E-02   7.52020E-01 
    6.91019E-02   1.00531E-01   3.81421E-02   8.06294E-01   1.93706E-01
   8.63000E+02   6.00000E-14   3.92815E-02   8.85457E-01   1.11393E-02 
    1.90916E-02   4.50310E-02   4.99487E-13   3.96719E-02   7.38992E-01 
    7.49449E-02   1.08882E-01   3.75084E-02   8.24366E-01   1.75634E-01
   8.53000E+02   6.00000E-14   3.94084E-02   8.85390E-01   1.11362E-02 
    1.90399E-02   4.50259E-02   5.47824E-13   3.90429E-02   7.24772E-01 
    8.13101E-02   1.18088E-01   3.67869E-02   8.40260E-01   1.59740E-01
   8.43000E+02   6.00000E-14   3.95261E-02   8.85412E-01   1.11013E-02 
    1.89300E-02   4.50304E-02   5.98590E-13   3.83182E-02   7.09229E-01 
    8.82474E-02   1.28236E-01   3.59700E-02   8.54244E-01   1.45756E-01
   8.33000E+02   6.00000E-14   3.96345E-02   8.85528E-01   1.10325E-02 
    1.87623E-02   4.50431E-02   6.51705E-13   3.75035E-02   6.92260E-01 
    9.57964E-02   1.39387E-01   3.50531E-02   8.66532E-01   1.33468E-01
   8.23000E+02   6.00000E-14   3.97331E-02   8.85737E-01   1.09283E-02 
    1.85389E-02   4.50629E-02   7.07048E-13   3.66113E-02   6.73827E-01 
    1.03970E-01   1.51556E-01   3.40364E-02   8.77286E-01   1.22714E-01
   8.13000E+02   6.00000E-14   3.98216E-02   8.86039E-01   1.07877E-02 
    1.82633E-02   4.50885E-02   7.64454E-13   3.56628E-02   6.54012E-01 
    1.12732E-01   1.64665E-01   3.29282E-02   8.86623E-01   1.13377E-01
   8.03000E+02   6.00000E-14   3.98990E-02   8.86432E-01   1.06102E-02 
    1.79405E-02   4.51188E-02   8.23756E-13   3.46899E-02   6.33063E-01 
    1.21979E-01   1.78521E-01   3.17476E-02   8.94624E-01   1.05376E-01
   7.93000E+02   6.00000E-14   3.99651E-02   8.86909E-01   1.03969E-02 
    1.75766E-02   4.51528E-02   8.84847E-13   3.37296E-02   6.11383E-01 
    1.31541E-01   1.92824E-01   3.05226E-02   9.01366E-01   9.86335E-02
   7.83000E+02   6.00000E-14   4.00202E-02   8.87462E-01   1.01502E-02 
    1.71784E-02   4.51897E-02   9.47753E-13   3.28182E-02   5.89474E-01 
    1.41209E-01   2.07213E-01   2.92859E-02   9.06946E-01   9.30542E-02
   7.73000E+02   6.00000E-14   4.00654E-02   8.88080E-01   9.87364E-03 
    1.67522E-02   4.52287E-02   1.01267E-12   3.19841E-02   5.67820E-01 
    1.50779E-01   2.21349E-01   2.80679E-02   9.11486E-01   8.85142E-02
   7.63000E+02   6.00000E-14   4.01018E-02   8.88753E-01   9.57176E-03 
    1.63038E-02   4.52695E-02   1.07991E-12   3.12436E-02   5.46797E-01 
    1.60090E-01   2.34978E-01   2.68911E-02   9.15133E-01   8.48667E-02
   7.53000E+02   6.00000E-14   4.01310E-02   8.89470E-01   9.24927E-03 
    1.58381E-02   4.53115E-02   1.14989E-12   3.06023E-02   5.26640E-01 
    1.69041E-01   2.47948E-01   2.57691E-02   9.18040E-01   8.19600E-02
   7.43000E+02   6.00000E-14   4.01542E-02   8.90221E-01   8.91072E-03 
    1.53595E-02   4.53544E-02   1.22303E-12   3.00583E-02   5.07456E-01 
    1.77579E-01   2.60200E-01   2.47072E-02   9.20346E-01   7.96537E-02
   7.33000E+02   6.00000E-14   4.01724E-02   8.90998E-01   8.56015E-03 
    1.48713E-02   4.53980E-02   1.29972E-12   2.96057E-02   4.89265E-01 
    1.85692E-01   2.71731E-01   2.37060E-02   9.22173E-01   7.78268E-02
   7.23000E+02   6.00000E-14   4.01863E-02   8.91794E-01   8.20108E-03 
    1.43767E-02   4.54420E-02   1.38032E-12   2.92372E-02   4.72034E-01 
    1.93389E-01   2.82577E-01   2.27629E-02   9.23620E-01   7.63801E-02
   7.13000E+02   6.00000E-14   4.01965E-02   8.92603E-01   7.83653E-03 
    1.38781E-02   4.54862E-02   1.46518E-12   2.89453E-02   4.55701E-01 
    2.00690E-01   2.92789E-01   2.18738E-02   9.24765E-01   7.52346E-02
   7.03000E+02   6.00000E-14   4.02033E-02   8.93419E-01   7.46903E-03 
    1.33777E-02   4.55305E-02   1.55459E-12   2.87235E-02   4.40197E-01 
    2.07620E-01   3.02425E-01   2.10344E-02   9.25672E-01   7.43276E-02
   6.93000E+02   6.00000E-14   4.02069E-02   8.94240E-01   7.10077E-03 
    1.28773E-02   4.55746E-02   1.64885E-12   2.85661E-02   4.25448E-01 
    2.14206E-01   3.11540E-01   2.02403E-02   9.26390E-01   7.36101E-02
   6.83000E+02   6.00000E-14   4.02075E-02   8.95062E-01   6.73360E-03 
    1.23785E-02   4.56185E-02   1.74825E-12   2.84685E-02   4.11385E-01 
    2.20472E-01   3.20187E-01   1.94876E-02   9.26957E-01   7.30434E-02
   6.73000E+02   6.00000E-14   4.02051E-02   8.95881E-01   6.36914E-03 
    1.18826E-02   4.56619E-02   1.85306E-12   2.84271E-02   3.97944E-01 
    2.26442E-01   3.28415E-01   1.87725E-02   9.27403E-01   7.25972E-02
