
 Phase Region for:
     FCC_A1#1                      
 col-1=T, col-2=X(FCC_A1#1,C), col-3=X(FCC_A1#1,CR), col-4=X(FCC_A1#1,FE),
   col-5=X(FCC_A1#1,MN), col-6=X(FCC_A1#1,NI), col-7=X(FCC_A1#1,SI),
   col-8=NP(FCC_A1#1),
   1.17300E+03   2.00000E-14   5.27318E-02   8.76355E-01   2.99448E-02 
    1.16800E-02   2.92879E-02   1.00000E+00
   1.18300E+03   2.00000E-14   5.27318E-02   8.76355E-01   2.99448E-02 
    1.16800E-02   2.92879E-02   1.00000E+00
   1.19300E+03   2.00000E-14   5.27318E-02   8.76355E-01   2.99448E-02 
    1.16800E-02   2.92879E-02   1.00000E+00
   1.20300E+03   2.00000E-14   5.27318E-02   8.76355E-01   2.99448E-02 
    1.16800E-02   2.92879E-02   1.00000E+00
   1.21300E+03   2.00000E-14   5.27318E-02   8.76355E-01   2.99448E-02 
    1.16800E-02   2.92879E-02   1.00000E+00
   1.22300E+03   2.00000E-14   5.27318E-02   8.76355E-01   2.99448E-02 
    1.16800E-02   2.92879E-02   1.00000E+00
   1.23300E+03   2.00000E-14   5.27318E-02   8.76355E-01   2.99448E-02 
    1.16800E-02   2.92879E-02   1.00000E+00
   1.24300E+03   2.00000E-14   5.27318E-02   8.76355E-01   2.99448E-02 
    1.16800E-02   2.92879E-02   1.00000E+00
   1.25300E+03   2.00000E-14   5.27318E-02   8.76355E-01   2.99448E-02 
    1.16800E-02   2.92879E-02   1.00000E+00
   1.26300E+03   2.00000E-14   5.27318E-02   8.76355E-01   2.99448E-02 
    1.16800E-02   2.92879E-02   1.00000E+00
   1.27300E+03   2.00000E-14   5.27318E-02   8.76355E-01   2.99448E-02 
    1.16800E-02   2.92879E-02   1.00000E+00
   1.28300E+03   2.00000E-14   5.27318E-02   8.76355E-01   2.99448E-02 
    1.16800E-02   2.92879E-02   1.00000E+00
   1.29300E+03   2.00000E-14   5.27318E-02   8.76355E-01   2.99448E-02 
    1.16800E-02   2.92879E-02   1.00000E+00
   1.30300E+03   2.00000E-14   5.27318E-02   8.76355E-01   2.99448E-02 
    1.16800E-02   2.92879E-02   1.00000E+00
   1.31300E+03   2.00000E-14   5.27318E-02   8.76355E-01   2.99448E-02 
    1.16800E-02   2.92879E-02   1.00000E+00
   1.32300E+03   2.00000E-14   5.27318E-02   8.76355E-01   2.99448E-02 
    1.16800E-02   2.92879E-02   1.00000E+00
   1.33300E+03   2.00000E-14   5.27318E-02   8.76355E-01   2.99448E-02 
    1.16800E-02   2.92879E-02   1.00000E+00
   1.34300E+03   2.00000E-14   5.27318E-02   8.76355E-01   2.99448E-02 
    1.16800E-02   2.92879E-02   1.00000E+00
   1.35300E+03   2.00000E-14   5.27318E-02   8.76355E-01   2.99448E-02 
    1.16800E-02   2.92879E-02   1.00000E+00
   1.36300E+03   2.00000E-14   5.27318E-02   8.76355E-01   2.99448E-02 
    1.16800E-02   2.92879E-02   1.00000E+00
   1.37300E+03   2.00000E-14   5.27318E-02   8.76355E-01   2.99448E-02 
    1.16800E-02   2.92879E-02   1.00000E+00
   1.38300E+03   2.00000E-14   5.27318E-02   8.76355E-01   2.99448E-02 
    1.16800E-02   2.92879E-02   1.00000E+00
   1.39300E+03   2.00000E-14   5.27318E-02   8.76355E-01   2.99448E-02 
    1.16800E-02   2.92879E-02   1.00000E+00
   1.40300E+03   2.00000E-14   5.27318E-02   8.76355E-01   2.99448E-02 
    1.16800E-02   2.92879E-02   1.00000E+00
   1.41300E+03   2.00000E-14   5.27318E-02   8.76355E-01   2.99448E-02 
    1.16800E-02   2.92879E-02   1.00000E+00
   1.42300E+03   2.00000E-14   5.27318E-02   8.76355E-01   2.99448E-02 
    1.16800E-02   2.92879E-02   1.00000E+00
   1.43300E+03   2.00000E-14   5.27318E-02   8.76355E-01   2.99448E-02 
    1.16800E-02   2.92879E-02   1.00000E+00
   1.44300E+03   2.00000E-14   5.27318E-02   8.76355E-01   2.99448E-02 
    1.16800E-02   2.92879E-02   1.00000E+00
   1.45300E+03   2.00000E-14   5.27318E-02   8.76355E-01   2.99448E-02 
    1.16800E-02   2.92879E-02   1.00000E+00
   1.46300E+03   2.00000E-14   5.27318E-02   8.76355E-01   2.99448E-02 
    1.16800E-02   2.92879E-02   1.00000E+00
   1.47300E+03   2.00000E-14   5.27318E-02   8.76355E-01   2.99448E-02 
    1.16800E-02   2.92879E-02   1.00000E+00

 Phase Region for:
     FCC_A1#1                      
 col-1=T, col-2=X(FCC_A1#1,C), col-3=X(FCC_A1#1,CR), col-4=X(FCC_A1#1,FE),
   col-5=X(FCC_A1#1,MN), col-6=X(FCC_A1#1,NI), col-7=X(FCC_A1#1,SI),
   col-8=NP(FCC_A1#1),
   1.17300E+03   2.00000E-14   5.27318E-02   8.76355E-01   2.99448E-02 
    1.16800E-02   2.92879E-02   1.00000E+00
   1.16300E+03   2.00000E-14   5.27318E-02   8.76355E-01   2.99448E-02 
    1.16800E-02   2.92879E-02   1.00000E+00
   1.15300E+03   2.00000E-14   5.27318E-02   8.76355E-01   2.99448E-02 
    1.16800E-02   2.92879E-02   1.00000E+00
   1.14300E+03   2.00000E-14   5.27318E-02   8.76355E-01   2.99448E-02 
    1.16800E-02   2.92879E-02   1.00000E+00
   1.13300E+03   2.00000E-14   5.27318E-02   8.76355E-01   2.99448E-02 
    1.16800E-02   2.92879E-02   1.00000E+00
   1.12300E+03   2.00000E-14   5.27318E-02   8.76355E-01   2.99448E-02 
    1.16800E-02   2.92879E-02   1.00000E+00
   1.11300E+03   2.00000E-14   5.27318E-02   8.76355E-01   2.99448E-02 
    1.16800E-02   2.92879E-02   1.00000E+00
   1.10300E+03   2.00000E-14   5.27318E-02   8.76355E-01   2.99448E-02 
    1.16800E-02   2.92879E-02   1.00000E+00
   1.09300E+03   2.00000E-14   5.27318E-02   8.76355E-01   2.99448E-02 
    1.16800E-02   2.92879E-02   1.00000E+00
   1.08300E+03   2.00000E-14   5.27318E-02   8.76355E-01   2.99448E-02 
    1.16800E-02   2.92879E-02   1.00000E+00
   1.07300E+03   2.00000E-14   5.27318E-02   8.76355E-01   2.99448E-02 
    1.16800E-02   2.92879E-02   1.00000E+00
   1.06300E+03   2.00000E-14   5.27318E-02   8.76355E-01   2.99448E-02 
    1.16800E-02   2.92879E-02   1.00000E+00
   1.05300E+03   2.00000E-14   5.27318E-02   8.76355E-01   2.99448E-02 
    1.16800E-02   2.92879E-02   1.00000E+00
   1.04300E+03   2.00000E-14   5.27318E-02   8.76355E-01   2.99448E-02 
    1.16800E-02   2.92879E-02   1.00000E+00
   1.03300E+03   2.00000E-14   5.27318E-02   8.76355E-01   2.99448E-02 
    1.16800E-02   2.92879E-02   1.00000E+00
   1.03054E+03   2.00000E-14   5.27318E-02   8.76355E-01   2.99448E-02 
    1.16800E-02   2.92879E-02   1.00000E+00

 Phase Region for:
     BCC_A2                        
     FCC_A1#1                      
 col-1=T, col-2=X(BCC_A2,C), col-3=X(BCC_A2,CR), col-4=X(BCC_A2,FE),
   col-5=X(BCC_A2,MN), col-6=X(BCC_A2,NI), col-7=X(BCC_A2,SI),
   col-8=X(FCC_A1#1,C), col-9=X(FCC_A1#1,CR), col-10=X(FCC_A1#1,FE),
   col-11=X(FCC_A1#1,MN), col-12=X(FCC_A1#1,NI), col-13=X(FCC_A1#1,SI),
   col-14=NP(BCC_A2), col-15=NP(FCC_A1#1),
   1.03054E+03   6.00000E-14   4.91187E-02   9.00090E-01   1.40882E-02 
    4.98474E-03   3.17182E-02   2.00003E-14   5.27318E-02   8.76355E-01 
    2.99448E-02   1.16801E-02   2.92879E-02   1.43624E-06   9.99999E-01
   1.02300E+03   6.00000E-14   4.94132E-02   8.99407E-01   1.46083E-02 
    5.18475E-03   3.13863E-02   4.18512E-14   5.31133E-02   8.73706E-01 
    3.17077E-02   1.24267E-02   2.90467E-02   1.03100E-01   8.96900E-01
   1.01300E+03   6.00000E-14   4.97701E-02   8.98476E-01   1.52927E-02 
    5.45053E-03   3.10111E-02   6.78059E-14   5.35901E-02   8.69945E-01 
    3.41908E-02   1.34853E-02   2.87885E-02   2.24679E-01   7.75321E-01
   1.00300E+03   6.00000E-14   5.00891E-02   8.97536E-01   1.59618E-02 
    5.71372E-03   3.06994E-02   9.37603E-14   5.40360E-02   8.65902E-01 
    3.68456E-02   1.46245E-02   2.85913E-02   3.30440E-01   6.69560E-01
   9.93000E+02   6.00000E-14   5.03716E-02   8.96612E-01   1.66051E-02 
    5.97057E-03   3.04410E-02   1.20917E-13   5.44547E-02   8.61569E-01 
    3.96825E-02   1.58479E-02   2.84461E-02   4.21961E-01   5.78039E-01
   9.83000E+02   6.00000E-14   5.06188E-02   8.95726E-01   1.72111E-02 
    6.21683E-03   3.02273E-02   1.49900E-13   5.48508E-02   8.56929E-01 
    4.27150E-02   1.71589E-02   2.83458E-02   5.00717E-01   4.99283E-01
   9.73000E+02   6.00000E-14   5.07823E-02   8.95132E-01   1.76352E-02 
    6.42297E-03   3.00278E-02   1.80207E-13   5.52737E-02   8.51874E-01 
    4.59948E-02   1.85346E-02   2.83232E-02   5.65948E-01   4.34052E-01
   9.63000E+02   6.00000E-14   5.09234E-02   8.94613E-01   1.79943E-02 
    6.60689E-03   2.98627E-02   2.12889E-13   5.57023E-02   8.46365E-01 
    4.95753E-02   2.00135E-02   2.83438E-02   6.21594E-01   3.78406E-01
   9.53000E+02   6.00000E-14   5.10795E-02   8.93996E-01   1.83936E-02 
    6.78716E-03   2.97433E-02   2.49072E-13   5.60912E-02   8.40489E-01 
    5.34300E-02   2.16280E-02   2.83621E-02   6.70310E-01   3.29690E-01
   9.43000E+02   6.00000E-14   5.12394E-02   8.93326E-01   1.88155E-02 
    6.96016E-03   2.96589E-02   2.89107E-13   5.64331E-02   8.34267E-01 
    5.75460E-02   2.33857E-02   2.83678E-02   7.12650E-01   2.87350E-01
   9.33000E+02   6.00000E-14   5.13961E-02   8.92633E-01   1.92467E-02 
    7.12315E-03   2.96012E-02   3.33394E-13   5.67235E-02   8.27712E-01 
    6.19150E-02   2.52979E-02   2.83517E-02   7.49273E-01   2.50727E-01
   9.23000E+02   6.00000E-14   5.15453E-02   8.91941E-01   1.96762E-02 
    7.27395E-03   2.95635E-02   3.82367E-13   5.69596E-02   8.20823E-01 
    6.65326E-02   2.73794E-02   2.83058E-02   7.80851E-01   2.19149E-01
   9.13000E+02   6.00000E-14   5.16846E-02   8.91268E-01   2.00955E-02 
    7.41079E-03   2.95409E-02   4.36492E-13   5.71395E-02   8.13590E-01 
    7.13988E-02   2.96487E-02   2.82233E-02   8.08019E-01   1.91981E-01
   9.03000E+02   6.00000E-14   5.18129E-02   8.90628E-01   2.04972E-02 
    7.53209E-03   2.95294E-02   4.96252E-13   5.72618E-02   8.05995E-01 
    7.65176E-02   3.21279E-02   2.80976E-02   8.31355E-01   1.68645E-01
   8.93000E+02   6.00000E-14   5.19299E-02   8.90032E-01   2.08752E-02 
    7.63637E-03   2.95262E-02   5.62139E-13   5.73254E-02   7.98010E-01 
    8.18979E-02   3.48434E-02   2.79230E-02   8.51374E-01   1.48626E-01
   8.83000E+02   6.00000E-14   5.20360E-02   8.89488E-01   2.12243E-02 
    7.72216E-03   2.95293E-02   6.34639E-13   5.73285E-02   7.89597E-01 
    8.75540E-02   3.78266E-02   2.76935E-02   8.68528E-01   1.31472E-01
   8.73000E+02   6.00000E-14   5.21318E-02   8.89003E-01   2.15401E-02 
    7.78796E-03   2.95371E-02   7.14220E-13   5.72693E-02   7.80707E-01 
    9.35062E-02   4.11143E-02   2.74035E-02   8.83213E-01   1.16787E-01
   8.63000E+02   6.00000E-14   5.22183E-02   8.88582E-01   2.18187E-02 
    7.83215E-03   2.95487E-02   8.01322E-13   5.71447E-02   7.71276E-01 
    9.97827E-02   4.47501E-02   2.70465E-02   8.95772E-01   1.04228E-01
   8.53000E+02   6.00000E-14   5.22966E-02   8.88230E-01   2.20572E-02 
    7.85303E-03   2.95635E-02   8.96355E-13   5.69511E-02   7.61227E-01 
    1.06420E-01   4.87857E-02   2.66159E-02   9.06505E-01   9.34955E-02
   8.43000E+02   6.00000E-14   5.23679E-02   8.87949E-01   2.22530E-02 
    7.84876E-03   2.95811E-02   9.99701E-13   5.66836E-02   7.50464E-01 
    1.13466E-01   5.32824E-02   2.61038E-02   9.15673E-01   8.43270E-02
   8.33000E+02   6.00000E-14   5.24333E-02   8.87743E-01   2.24043E-02 
    7.81746E-03   2.96016E-02   1.11175E-12   5.63358E-02   7.38868E-01 
    1.20982E-01   5.83136E-02   2.55012E-02   9.23507E-01   7.64927E-02
   8.23000E+02   6.00000E-14   5.24941E-02   8.87614E-01   2.25099E-02 
    7.75721E-03   2.96248E-02   1.23293E-12   5.59002E-02   7.26295E-01 
    1.29041E-01   6.39662E-02   2.47976E-02   9.30210E-01   6.97902E-02
   8.13000E+02   6.00000E-14   5.25514E-02   8.87562E-01   2.25693E-02 
    7.66617E-03   2.96510E-02   1.36378E-12   5.53683E-02   7.12571E-01 
    1.37737E-01   7.03426E-02   2.39809E-02   9.35959E-01   6.40411E-02
   8.03000E+02   6.00000E-14   5.26063E-02   8.87588E-01   2.25824E-02 
    7.54276E-03   2.96804E-02   1.50504E-12   5.47310E-02   6.97494E-01 
    1.47178E-01   7.75595E-02   2.30376E-02   9.40910E-01   5.90900E-02
   7.93000E+02   6.00000E-14   5.26594E-02   8.87692E-01   2.25500E-02 
    7.38584E-03   2.97132E-02   1.65768E-12   5.39805E-02   6.80845E-01 
    1.57480E-01   8.57409E-02   2.19538E-02   9.45196E-01   5.48044E-02
   7.83000E+02   6.00000E-14   5.27112E-02   8.87872E-01   2.24729E-02 
    7.19513E-03   2.97492E-02   1.82287E-12   5.31143E-02   6.62416E-01 
    1.68753E-01   9.49984E-02   2.07183E-02   9.48921E-01   5.10792E-02
   7.73000E+02   6.00000E-14   5.27615E-02   8.88127E-01   2.23519E-02 
    6.97161E-03   2.97883E-02   2.00173E-12   5.21409E-02   6.42087E-01 
    1.81056E-01   1.05387E-01   1.93285E-02   9.52157E-01   4.78425E-02
   7.63000E+02   6.00000E-14   5.28093E-02   8.88455E-01   2.21874E-02 
    6.71806E-03   2.98300E-02   2.19481E-12   5.10888E-02   6.19940E-01 
    1.94338E-01   1.16833E-01   1.77997E-02   9.54938E-01   4.50617E-02
   7.53000E+02   6.00000E-14   5.28533E-02   8.88855E-01   2.19789E-02 
    6.43914E-03   2.98734E-02   2.40144E-12   5.00109E-02   5.96383E-01 
    2.08366E-01   1.29067E-01   1.61730E-02   9.57262E-01   4.27385E-02
   7.43000E+02   6.00000E-14   5.28918E-02   8.89323E-01   2.17263E-02 
    6.14094E-03   2.99177E-02   2.61949E-12   4.89782E-02   5.72155E-01 
    2.22736E-01   1.41618E-01   1.45137E-02   9.59114E-01   4.08860E-02
   7.33000E+02   6.00000E-14   5.29240E-02   8.89853E-01   2.14313E-02 
    5.82980E-03   2.99621E-02   2.84606E-12   4.80584E-02   5.48120E-01 
    2.36980E-01   1.53949E-01   1.28928E-02   9.60503E-01   3.94968E-02
   7.23000E+02   6.00000E-14   5.29496E-02   8.90435E-01   2.10981E-02 
    5.51129E-03   3.00061E-02   3.07873E-12   4.72957E-02   5.24987E-01 
    2.50723E-01   1.65628E-01   1.13659E-02   9.61473E-01   3.85266E-02
   7.13000E+02   6.00000E-14   5.29692E-02   8.91059E-01   2.07328E-02 
    5.18981E-03   3.00493E-02   3.31627E-12   4.67066E-02   5.03161E-01 
    2.63759E-01   1.76411E-01   9.96284E-03   9.62095E-01   3.79055E-02
   7.03000E+02   6.00000E-14   5.29833E-02   8.91714E-01   2.03419E-02 
    4.86878E-03   3.00916E-02   3.55853E-12   4.62880E-02   4.82774E-01 
    2.76023E-01   1.86223E-01   8.69236E-03   9.62442E-01   3.75578E-02
   6.93000E+02   6.00000E-14   5.29924E-02   8.92392E-01   1.99318E-02 
    4.55082E-03   3.01328E-02   3.80605E-12   4.60277E-02   4.63792E-01 
    2.87541E-01   1.95089E-01   7.55107E-03   9.62584E-01   3.74163E-02
   6.83000E+02   6.00000E-14   5.29970E-02   8.93084E-01   1.95077E-02 
    4.23805E-03   3.01728E-02   4.05976E-12   4.59117E-02   4.46103E-01 
    2.98375E-01   2.03080E-01   6.53028E-03   9.62573E-01   3.74266E-02
   6.73000E+02   6.00000E-14   5.29973E-02   8.93785E-01   1.90739E-02 
    3.93219E-03   3.02112E-02   4.32070E-12   4.59270E-02   4.29570E-01 
    3.08600E-01   2.10283E-01   5.61992E-03   9.62453E-01   3.75471E-02
