
 Phase Region for:
     FCC_A1#1                      
 col-1=T, col-2=W(FCC_A1#1,C), col-3=W(FCC_A1#1,CR), col-4=W(FCC_A1#1,FE),
   col-5=W(FCC_A1#1,MN), col-6=W(FCC_A1#1,NI), col-7=W(FCC_A1#1,SI),
   col-8=NP(FCC_A1#1),
   1.17300E+03   4.40011E-15   2.25002E-02   8.94999E-01   3.00000E-02 
    3.00000E-02   2.25002E-02   1.00000E+00
   1.18300E+03   4.40011E-15   2.25002E-02   8.94999E-01   3.00000E-02 
    3.00000E-02   2.25002E-02   1.00000E+00
   1.19300E+03   4.40011E-15   2.25003E-02   8.94999E-01   3.00000E-02 
    3.00000E-02   2.25002E-02   1.00000E+00
   1.20300E+03   4.40011E-15   2.25002E-02   8.94999E-01   3.00000E-02 
    3.00000E-02   2.25002E-02   1.00000E+00
   1.21300E+03   4.40011E-15   2.25002E-02   8.94999E-01   3.00000E-02 
    3.00000E-02   2.25002E-02   1.00000E+00
   1.22300E+03   4.40011E-15   2.25002E-02   8.94999E-01   3.00000E-02 
    3.00000E-02   2.25002E-02   1.00000E+00
   1.23300E+03   4.40011E-15   2.25003E-02   8.94999E-01   3.00000E-02 
    3.00000E-02   2.25002E-02   1.00000E+00
   1.24300E+03   4.40011E-15   2.25002E-02   8.94999E-01   3.00000E-02 
    3.00000E-02   2.25002E-02   1.00000E+00
   1.25300E+03   4.40011E-15   2.25002E-02   8.94999E-01   3.00000E-02 
    3.00000E-02   2.25002E-02   1.00000E+00
   1.26300E+03   4.40011E-15   2.25002E-02   8.94999E-01   3.00000E-02 
    3.00000E-02   2.25002E-02   1.00000E+00
   1.27300E+03   4.40011E-15   2.25002E-02   8.94999E-01   3.00000E-02 
    3.00000E-02   2.25002E-02   1.00000E+00
   1.28300E+03   4.40011E-15   2.25002E-02   8.94999E-01   3.00000E-02 
    3.00000E-02   2.25002E-02   1.00000E+00
   1.29300E+03   4.40011E-15   2.25002E-02   8.94999E-01   3.00000E-02 
    3.00000E-02   2.25002E-02   1.00000E+00
   1.30300E+03   4.40011E-15   2.25002E-02   8.94999E-01   3.00000E-02 
    3.00000E-02   2.25002E-02   1.00000E+00
   1.31300E+03   4.40011E-15   2.25002E-02   8.94999E-01   3.00000E-02 
    3.00000E-02   2.25002E-02   1.00000E+00
   1.32300E+03   4.40011E-15   2.25003E-02   8.94999E-01   3.00000E-02 
    3.00000E-02   2.25002E-02   1.00000E+00
   1.33300E+03   4.40011E-15   2.25002E-02   8.94999E-01   3.00000E-02 
    3.00000E-02   2.25002E-02   1.00000E+00
   1.34300E+03   4.40011E-15   2.25003E-02   8.94999E-01   3.00000E-02 
    3.00000E-02   2.25002E-02   1.00000E+00
   1.35300E+03   4.40011E-15   2.25003E-02   8.94999E-01   3.00000E-02 
    3.00000E-02   2.25002E-02   1.00000E+00
   1.36300E+03   4.40011E-15   2.25002E-02   8.94999E-01   3.00000E-02 
    3.00000E-02   2.25002E-02   1.00000E+00
   1.37300E+03   4.40011E-15   2.25002E-02   8.94999E-01   3.00000E-02 
    3.00000E-02   2.25002E-02   1.00000E+00
   1.38300E+03   4.40011E-15   2.25002E-02   8.94999E-01   3.00000E-02 
    3.00000E-02   2.25002E-02   1.00000E+00
   1.39300E+03   4.40011E-15   2.25002E-02   8.94999E-01   3.00000E-02 
    3.00000E-02   2.25002E-02   1.00000E+00
   1.40300E+03   4.40011E-15   2.25003E-02   8.94999E-01   3.00000E-02 
    3.00000E-02   2.25002E-02   1.00000E+00
   1.41300E+03   4.40011E-15   2.25003E-02   8.94999E-01   3.00000E-02 
    3.00000E-02   2.25002E-02   1.00000E+00
   1.42300E+03   4.40011E-15   2.25002E-02   8.94999E-01   3.00000E-02 
    3.00000E-02   2.25002E-02   1.00000E+00
   1.43300E+03   4.40011E-15   2.25002E-02   8.94999E-01   3.00000E-02 
    3.00000E-02   2.25002E-02   1.00000E+00
   1.44300E+03   4.40011E-15   2.25002E-02   8.94999E-01   3.00000E-02 
    3.00000E-02   2.25002E-02   1.00000E+00
   1.45300E+03   4.40011E-15   2.25002E-02   8.94999E-01   3.00000E-02 
    3.00000E-02   2.25002E-02   1.00000E+00
   1.46300E+03   4.40011E-15   2.25002E-02   8.94999E-01   3.00000E-02 
    3.00000E-02   2.25002E-02   1.00000E+00
   1.47300E+03   4.40011E-15   2.25002E-02   8.94999E-01   3.00000E-02 
    3.00000E-02   2.25002E-02   1.00000E+00

 Phase Region for:
     FCC_A1#1                      
 col-1=T, col-2=W(FCC_A1#1,C), col-3=W(FCC_A1#1,CR), col-4=W(FCC_A1#1,FE),
   col-5=W(FCC_A1#1,MN), col-6=W(FCC_A1#1,NI), col-7=W(FCC_A1#1,SI),
   col-8=NP(FCC_A1#1),
   1.17300E+03   4.40011E-15   2.25002E-02   8.94999E-01   3.00000E-02 
    3.00000E-02   2.25002E-02   1.00000E+00
   1.16300E+03   4.40011E-15   2.25002E-02   8.94999E-01   3.00000E-02 
    3.00000E-02   2.25002E-02   1.00000E+00
   1.15300E+03   4.40011E-15   2.25002E-02   8.94999E-01   3.00000E-02 
    3.00000E-02   2.25002E-02   1.00000E+00
   1.14300E+03   4.40011E-15   2.25003E-02   8.94999E-01   3.00000E-02 
    3.00000E-02   2.25002E-02   1.00000E+00
   1.13300E+03   4.40011E-15   2.25002E-02   8.94999E-01   3.00000E-02 
    3.00000E-02   2.25002E-02   1.00000E+00
   1.12300E+03   4.40011E-15   2.25002E-02   8.94999E-01   3.00000E-02 
    3.00000E-02   2.25002E-02   1.00000E+00
   1.11300E+03   4.40011E-15   2.25003E-02   8.94999E-01   3.00000E-02 
    3.00000E-02   2.25002E-02   1.00000E+00
   1.10300E+03   4.40011E-15   2.25003E-02   8.94999E-01   3.00000E-02 
    3.00000E-02   2.25002E-02   1.00000E+00
   1.09300E+03   4.40011E-15   2.25002E-02   8.94999E-01   3.00000E-02 
    3.00000E-02   2.25002E-02   1.00000E+00
   1.08300E+03   4.40011E-15   2.25002E-02   8.94999E-01   3.00000E-02 
    3.00000E-02   2.25002E-02   1.00000E+00
   1.07300E+03   4.40011E-15   2.25002E-02   8.94999E-01   3.00000E-02 
    3.00000E-02   2.25002E-02   1.00000E+00
   1.06300E+03   4.40011E-15   2.25002E-02   8.94999E-01   3.00000E-02 
    3.00000E-02   2.25002E-02   1.00000E+00
   1.05300E+03   4.40011E-15   2.25003E-02   8.94999E-01   3.00000E-02 
    3.00000E-02   2.25002E-02   1.00000E+00
   1.04300E+03   4.40011E-15   2.25002E-02   8.94999E-01   3.00000E-02 
    3.00000E-02   2.25002E-02   1.00000E+00
   1.03372E+03   4.40011E-15   2.25002E-02   8.94999E-01   3.00000E-02 
    3.00000E-02   2.25002E-02   1.00000E+00

 Phase Region for:
     BCC_A2                        
     FCC_A1#1                      
 col-1=T, col-2=W(BCC_A2,C), col-3=W(BCC_A2,CR), col-4=W(BCC_A2,FE),
   col-5=W(BCC_A2,MN), col-6=W(BCC_A2,NI), col-7=W(BCC_A2,SI),
   col-8=W(FCC_A1#1,C), col-9=W(FCC_A1#1,CR), col-10=W(FCC_A1#1,FE),
   col-11=W(FCC_A1#1,MN), col-12=W(FCC_A1#1,NI), col-13=W(FCC_A1#1,SI),
   col-14=NP(BCC_A2), col-15=NP(FCC_A1#1),
   1.03372E+03   1.32398E-14   2.01559E-02   9.29287E-01   1.30609E-02 
    1.23103E-02   2.51858E-02   4.40016E-15   2.25003E-02   8.94999E-01 
    3.00000E-02   3.00000E-02   2.25002E-02   1.00548E-06   9.99999E-01
   1.03300E+03   1.32395E-14   2.01692E-02   9.29246E-01   1.30848E-02 
    1.23362E-02   2.51633E-02   4.77345E-15   2.25171E-02   8.94752E-01 
    3.01224E-02   3.01279E-02   2.24810E-02   7.20743E-03   9.92793E-01
   1.02300E+03   1.32358E-14   2.03516E-02   9.28669E-01   1.34139E-02 
    1.26975E-02   2.48684E-02   9.38399E-15   2.27466E-02   8.91140E-01 
    3.19013E-02   3.19835E-02   2.22288E-02   1.03121E-01   8.96879E-01
   1.01300E+03   1.32324E-14   2.05265E-02   9.28079E-01   1.37344E-02 
    1.30564E-02   2.46040E-02   1.36676E-14   2.29650E-02   8.87211E-01 
    3.38297E-02   3.39894E-02   2.20049E-02   1.91041E-01   8.08959E-01
   1.00300E+03   1.32294E-14   2.06928E-02   9.27491E-01   1.40401E-02 
    1.34075E-02   2.43682E-02   1.79814E-14   2.31708E-02   8.82945E-01 
    3.59209E-02   3.61556E-02   2.18073E-02   2.71194E-01   7.28806E-01
   9.93000E+02   1.32267E-14   2.08492E-02   9.26924E-01   1.43239E-02 
    1.37449E-02   2.41584E-02   2.24590E-14   2.33629E-02   8.78319E-01 
    3.81911E-02   3.84936E-02   2.16338E-02   3.43881E-01   6.56119E-01
   9.83000E+02   1.32243E-14   2.09949E-02   9.26393E-01   1.45781E-02 
    1.40616E-02   2.39725E-02   2.71763E-14   2.35408E-02   8.73300E-01 
    4.06600E-02   4.10170E-02   2.14826E-02   4.09455E-01   5.90545E-01
   9.73000E+02   1.32220E-14   2.11081E-02   9.26101E-01   1.46911E-02 
    1.43074E-02   2.37927E-02   3.21034E-14   2.37178E-02   8.67800E-01 
    4.33883E-02   4.37238E-02   2.13699E-02   4.67302E-01   5.32698E-01
   9.63000E+02   1.32200E-14   2.12124E-02   9.25895E-01   1.47471E-02 
    1.45134E-02   2.36324E-02   3.73817E-14   2.38876E-02   8.61716E-01 
    4.64322E-02   4.66839E-02   2.12806E-02   5.19381E-01   4.80619E-01
   9.53000E+02   1.32183E-14   2.13280E-02   9.25597E-01   1.48503E-02 
    1.47194E-02   2.35051E-02   4.31345E-14   2.40296E-02   8.55081E-01 
    4.97646E-02   4.99353E-02   2.11893E-02   5.66861E-01   4.33139E-01
   9.43000E+02   1.32171E-14   2.14486E-02   9.25247E-01   1.49839E-02 
    1.49154E-02   2.34055E-02   4.93827E-14   2.41378E-02   8.47903E-01 
    5.33810E-02   5.34877E-02   2.10907E-02   6.09700E-01   3.90300E-01
   9.33000E+02   1.32162E-14   2.15698E-02   9.24873E-01   1.51350E-02 
    1.50936E-02   2.33287E-02   5.61527E-14   2.42079E-02   8.40173E-01 
    5.72815E-02   5.73575E-02   2.09799E-02   6.48078E-01   3.51922E-01
   9.23000E+02   1.32155E-14   2.16887E-02   9.24500E-01   1.52933E-02 
    1.52476E-02   2.32706E-02   6.34753E-14   2.42368E-02   8.31873E-01 
    6.14705E-02   6.15683E-02   2.08519E-02   6.82297E-01   3.17703E-01
   9.13000E+02   1.32150E-14   2.18037E-02   9.24146E-01   1.54504E-02 
    1.53722E-02   2.32278E-02   7.13848E-14   2.42218E-02   8.22969E-01 
    6.59572E-02   6.61504E-02   2.07021E-02   7.12718E-01   2.87282E-01
   9.03000E+02   1.32147E-14   2.19134E-02   9.23826E-01   1.55994E-02 
    1.54633E-02   2.31978E-02   7.99188E-14   2.41610E-02   8.13415E-01 
    7.07562E-02   7.11415E-02   2.05261E-02   7.39719E-01   2.60281E-01
   8.93000E+02   1.32145E-14   2.20176E-02   9.23552E-01   1.57348E-02 
    1.55172E-02   2.31782E-02   8.91182E-14   2.40527E-02   8.03153E-01 
    7.58875E-02   7.65873E-02   2.03194E-02   7.63670E-01   2.36330E-01
   8.83000E+02   1.32145E-14   2.21161E-02   9.23334E-01   1.58517E-02 
    1.55310E-02   2.31674E-02   9.90280E-14   2.38954E-02   7.92107E-01 
    8.13777E-02   8.25423E-02   2.00775E-02   7.84922E-01   2.15078E-01
   8.73000E+02   1.32146E-14   2.22089E-02   9.23179E-01   1.59461E-02 
    1.55019E-02   2.31640E-02   1.09698E-13   2.36875E-02   7.80186E-01 
    8.72606E-02   8.90701E-02   1.97958E-02   8.03797E-01   1.96203E-01
   8.63000E+02   1.32148E-14   2.22963E-02   9.23094E-01   1.60147E-02 
    1.54280E-02   2.31669E-02   1.21183E-13   2.34276E-02   7.67281E-01 
    9.35774E-02   9.62442E-02   1.94695E-02   8.20586E-01   1.79414E-01
   8.53000E+02   1.32150E-14   2.23785E-02   9.23084E-01   1.60546E-02 
    1.53076E-02   2.31753E-02   1.33546E-13   2.31145E-02   7.53268E-01 
    1.00377E-01   1.04147E-01   1.90935E-02   8.35548E-01   1.64452E-01
   8.43000E+02   1.32154E-14   2.24559E-02   9.23153E-01   1.60634E-02 
    1.51396E-02   2.31885E-02   1.46854E-13   2.27474E-02   7.38010E-01 
    1.07714E-01   1.12866E-01   1.86625E-02   8.48905E-01   1.51095E-01
   8.33000E+02   1.32158E-14   2.25285E-02   9.23303E-01   1.60389E-02 
    1.49236E-02   2.32058E-02   1.61181E-13   2.23271E-02   7.21370E-01 
    1.15644E-01   1.22486E-01   1.81718E-02   8.60844E-01   1.39156E-01
   8.23000E+02   1.32163E-14   2.25961E-02   9.23538E-01   1.59792E-02 
    1.46603E-02   2.32269E-02   1.76598E-13   2.18563E-02   7.03233E-01 
    1.24215E-01   1.33078E-01   1.76175E-02   8.71513E-01   1.28487E-01
   8.13000E+02   1.32168E-14   2.26584E-02   9.23857E-01   1.58822E-02 
    1.43517E-02   2.32511E-02   1.93167E-13   2.13416E-02   6.83545E-01 
    1.33450E-01   1.44665E-01   1.69985E-02   8.81017E-01   1.18983E-01
   8.03000E+02   1.32174E-14   2.27148E-02   9.24260E-01   1.57461E-02 
    1.40012E-02   2.32779E-02   2.10923E-13   2.07949E-02   6.62369E-01 
    1.43323E-01   1.57195E-01   1.63180E-02   8.89421E-01   1.10579E-01
   7.93000E+02   1.32180E-14   2.27646E-02   9.24746E-01   1.55689E-02 
    1.36139E-02   2.33066E-02   2.29855E-13   2.02337E-02   6.39936E-01 
    1.53741E-01   1.70504E-01   1.55858E-02   8.96758E-01   1.03242E-01
   7.83000E+02   1.32187E-14   2.28073E-02   9.25310E-01   1.53499E-02 
    1.31959E-02   2.33368E-02   2.49906E-13   1.96803E-02   6.16665E-01 
    1.64529E-01   1.84308E-01   1.48179E-02   9.03048E-01   9.69521E-02
   7.73000E+02   1.32193E-14   2.28429E-02   9.25946E-01   1.50894E-02 
    1.27540E-02   2.33680E-02   2.70987E-13   1.91572E-02   5.93102E-01 
    1.75461E-01   1.98244E-01   1.40352E-02   9.08330E-01   9.16704E-02
   7.63000E+02   1.32200E-14   2.28718E-02   9.26644E-01   1.47899E-02 
    1.22943E-02   2.33996E-02   2.93009E-13   1.86820E-02   5.69799E-01 
    1.86307E-01   2.11954E-01   1.32577E-02   9.12677E-01   8.73230E-02
   7.53000E+02   1.32206E-14   2.28945E-02   9.27396E-01   1.44552E-02 
    1.18226E-02   2.34316E-02   3.15918E-13   1.82678E-02   5.47208E-01 
    1.96880E-01   2.25142E-01   1.25021E-02   9.16195E-01   8.38053E-02
   7.43000E+02   1.32213E-14   2.29120E-02   9.28191E-01   1.40906E-02 
    1.13431E-02   2.34637E-02   3.39703E-13   1.79178E-02   5.25607E-01 
    2.07060E-01   2.37637E-01   1.17783E-02   9.19011E-01   8.09893E-02
   7.33000E+02   1.32219E-14   2.29251E-02   9.29018E-01   1.37014E-02 
    1.08595E-02   2.34958E-02   3.64392E-13   1.76309E-02   5.05128E-01 
    2.16790E-01   2.49360E-01   1.10911E-02   9.21251E-01   7.87493E-02
   7.23000E+02   1.32226E-14   2.29346E-02   9.29870E-01   1.32926E-02 
    1.03746E-02   2.35279E-02   3.90039E-13   1.74036E-02   4.85791E-01 
    2.26060E-01   2.60303E-01   1.04413E-02   9.23027E-01   7.69727E-02
   7.13000E+02   1.32232E-14   2.29408E-02   9.30740E-01   1.28688E-02 
    9.89079E-03   2.35599E-02   4.16715E-13   1.72313E-02   4.67556E-01 
    2.34884E-01   2.70501E-01   9.82743E-03   9.24435E-01   7.55646E-02
   7.03000E+02   1.32238E-14   2.29442E-02   9.31620E-01   1.24339E-02 
    9.41012E-03   2.35917E-02   4.44495E-13   1.71092E-02   4.50345E-01 
    2.43292E-01   2.80007E-01   9.24707E-03   9.25552E-01   7.44482E-02
   6.93000E+02   1.32244E-14   2.29450E-02   9.32506E-01   1.19907E-02 
    8.93441E-03   2.36234E-02   4.73470E-13   1.70343E-02   4.34070E-01 
    2.51320E-01   2.88879E-01   8.69728E-03   9.26437E-01   7.35626E-02
   6.83000E+02   1.32250E-14   2.29435E-02   9.33394E-01   1.15425E-02 
    8.46494E-03   2.36549E-02   5.03704E-13   1.70014E-02   4.18648E-01 
    2.58997E-01   2.97179E-01   8.17538E-03   9.27140E-01   7.28600E-02
   6.73000E+02   1.32256E-14   2.29396E-02   9.34280E-01   1.10914E-02 
    8.00310E-03   2.36860E-02   5.35289E-13   1.70088E-02   4.03994E-01 
    2.66358E-01   3.04961E-01   7.67872E-03   9.27697E-01   7.23025E-02
