
 Phase Region for:
     FCC_A1#1                      
 col-1=T, col-2=X(FCC_A1#1,C), col-3=X(FCC_A1#1,CR), col-4=X(FCC_A1#1,FE),
   col-5=X(FCC_A1#1,MN), col-6=X(FCC_A1#1,NI), col-7=X(FCC_A1#1,SI),
   col-8=NP(FCC_A1#1),
   1.17300E+03   6.87293E-03   5.29213E-02   8.90343E-01   1.00175E-06 
    3.51641E-02   1.46975E-02   1.00000E+00
   1.18300E+03   6.87293E-03   5.29213E-02   8.90343E-01   1.00175E-06 
    3.51641E-02   1.46975E-02   1.00000E+00
   1.19300E+03   6.87293E-03   5.29213E-02   8.90343E-01   1.00175E-06 
    3.51641E-02   1.46975E-02   1.00000E+00
   1.20300E+03   6.87293E-03   5.29213E-02   8.90343E-01   1.00175E-06 
    3.51641E-02   1.46975E-02   1.00000E+00
   1.21300E+03   6.87293E-03   5.29213E-02   8.90343E-01   1.00175E-06 
    3.51641E-02   1.46975E-02   1.00000E+00
   1.22300E+03   6.87293E-03   5.29213E-02   8.90343E-01   1.00175E-06 
    3.51641E-02   1.46975E-02   1.00000E+00
   1.23300E+03   6.87293E-03   5.29213E-02   8.90343E-01   1.00175E-06 
    3.51641E-02   1.46975E-02   1.00000E+00
   1.24300E+03   6.87293E-03   5.29213E-02   8.90343E-01   1.00175E-06 
    3.51641E-02   1.46975E-02   1.00000E+00
   1.25300E+03   6.87293E-03   5.29213E-02   8.90343E-01   1.00175E-06 
    3.51641E-02   1.46975E-02   1.00000E+00
   1.26300E+03   6.87293E-03   5.29213E-02   8.90343E-01   1.00175E-06 
    3.51641E-02   1.46975E-02   1.00000E+00
   1.27300E+03   6.87293E-03   5.29213E-02   8.90343E-01   1.00175E-06 
    3.51641E-02   1.46975E-02   1.00000E+00
   1.28300E+03   6.87293E-03   5.29213E-02   8.90343E-01   1.00175E-06 
    3.51641E-02   1.46975E-02   1.00000E+00
   1.29300E+03   6.87293E-03   5.29213E-02   8.90343E-01   1.00175E-06 
    3.51641E-02   1.46975E-02   1.00000E+00
   1.30300E+03   6.87293E-03   5.29213E-02   8.90343E-01   1.00175E-06 
    3.51641E-02   1.46975E-02   1.00000E+00
   1.31300E+03   6.87293E-03   5.29213E-02   8.90343E-01   1.00175E-06 
    3.51641E-02   1.46975E-02   1.00000E+00
   1.32300E+03   6.87293E-03   5.29213E-02   8.90343E-01   1.00175E-06 
    3.51641E-02   1.46975E-02   1.00000E+00
   1.33300E+03   6.87293E-03   5.29213E-02   8.90343E-01   1.00175E-06 
    3.51641E-02   1.46975E-02   1.00000E+00
   1.34300E+03   6.87293E-03   5.29213E-02   8.90343E-01   1.00175E-06 
    3.51641E-02   1.46975E-02   1.00000E+00
   1.35300E+03   6.87293E-03   5.29213E-02   8.90343E-01   1.00175E-06 
    3.51641E-02   1.46975E-02   1.00000E+00
   1.36300E+03   6.87293E-03   5.29213E-02   8.90343E-01   1.00175E-06 
    3.51641E-02   1.46975E-02   1.00000E+00
   1.37300E+03   6.87293E-03   5.29213E-02   8.90343E-01   1.00175E-06 
    3.51641E-02   1.46975E-02   1.00000E+00
   1.38300E+03   6.87293E-03   5.29213E-02   8.90343E-01   1.00175E-06 
    3.51641E-02   1.46975E-02   1.00000E+00
   1.39300E+03   6.87293E-03   5.29213E-02   8.90343E-01   1.00175E-06 
    3.51641E-02   1.46975E-02   1.00000E+00
   1.40300E+03   6.87293E-03   5.29213E-02   8.90343E-01   1.00175E-06 
    3.51641E-02   1.46975E-02   1.00000E+00
   1.41300E+03   6.87293E-03   5.29213E-02   8.90343E-01   1.00175E-06 
    3.51641E-02   1.46975E-02   1.00000E+00
   1.42300E+03   6.87293E-03   5.29213E-02   8.90343E-01   1.00175E-06 
    3.51641E-02   1.46975E-02   1.00000E+00
   1.43300E+03   6.87293E-03   5.29213E-02   8.90343E-01   1.00175E-06 
    3.51641E-02   1.46975E-02   1.00000E+00
   1.44300E+03   6.87293E-03   5.29213E-02   8.90343E-01   1.00175E-06 
    3.51641E-02   1.46975E-02   1.00000E+00
   1.45300E+03   6.87293E-03   5.29213E-02   8.90343E-01   1.00175E-06 
    3.51641E-02   1.46975E-02   1.00000E+00
   1.46300E+03   6.87293E-03   5.29213E-02   8.90343E-01   1.00175E-06 
    3.51641E-02   1.46975E-02   1.00000E+00
   1.47300E+03   6.87293E-03   5.29213E-02   8.90343E-01   1.00175E-06 
    3.51641E-02   1.46975E-02   1.00000E+00

 Phase Region for:
     FCC_A1#1                      
 col-1=T, col-2=X(FCC_A1#1,C), col-3=X(FCC_A1#1,CR), col-4=X(FCC_A1#1,FE),
   col-5=X(FCC_A1#1,MN), col-6=X(FCC_A1#1,NI), col-7=X(FCC_A1#1,SI),
   col-8=NP(FCC_A1#1),
   1.17300E+03   6.87293E-03   5.29213E-02   8.90343E-01   1.00175E-06 
    3.51641E-02   1.46975E-02   1.00000E+00
   1.16300E+03   6.87293E-03   5.29213E-02   8.90343E-01   1.00175E-06 
    3.51641E-02   1.46975E-02   1.00000E+00
   1.15300E+03   6.87293E-03   5.29213E-02   8.90343E-01   1.00175E-06 
    3.51641E-02   1.46975E-02   1.00000E+00
   1.14300E+03   6.87293E-03   5.29213E-02   8.90343E-01   1.00175E-06 
    3.51641E-02   1.46975E-02   1.00000E+00
   1.13300E+03   6.87293E-03   5.29213E-02   8.90343E-01   1.00175E-06 
    3.51641E-02   1.46975E-02   1.00000E+00
   1.12300E+03   6.87293E-03   5.29213E-02   8.90343E-01   1.00175E-06 
    3.51641E-02   1.46975E-02   1.00000E+00
   1.11300E+03   6.87293E-03   5.29213E-02   8.90343E-01   1.00175E-06 
    3.51641E-02   1.46975E-02   1.00000E+00
   1.10300E+03   6.87293E-03   5.29213E-02   8.90343E-01   1.00175E-06 
    3.51641E-02   1.46975E-02   1.00000E+00
   1.09300E+03   6.87293E-03   5.29213E-02   8.90343E-01   1.00175E-06 
    3.51641E-02   1.46975E-02   1.00000E+00
   1.08300E+03   6.87293E-03   5.29213E-02   8.90343E-01   1.00175E-06 
    3.51641E-02   1.46975E-02   1.00000E+00
   1.07300E+03   6.87293E-03   5.29213E-02   8.90343E-01   1.00175E-06 
    3.51641E-02   1.46975E-02   1.00000E+00
   1.06300E+03   6.87293E-03   5.29213E-02   8.90343E-01   1.00175E-06 
    3.51641E-02   1.46975E-02   1.00000E+00
   1.05300E+03   6.87293E-03   5.29213E-02   8.90343E-01   1.00175E-06 
    3.51641E-02   1.46975E-02   1.00000E+00
   1.04300E+03   6.87293E-03   5.29213E-02   8.90343E-01   1.00175E-06 
    3.51641E-02   1.46975E-02   1.00000E+00
   1.03300E+03   6.87293E-03   5.29213E-02   8.90343E-01   1.00175E-06 
    3.51641E-02   1.46975E-02   1.00000E+00
   1.02300E+03   6.87293E-03   5.29213E-02   8.90343E-01   1.00175E-06 
    3.51641E-02   1.46975E-02   1.00000E+00
   1.01789E+03   6.87293E-03   5.29213E-02   8.90343E-01   1.00175E-06 
    3.51641E-02   1.46975E-02   1.00000E+00

 Phase Region for:
     CEMENTITE                     
     FCC_A1#1                      
 col-1=T, col-2=X(CEMENTITE,C), col-3=X(CEMENTITE,CR), col-4=X(CEMENTITE,FE),
   col-5=X(CEMENTITE,MN), col-6=X(CEMENTITE,NI), col-7=X(CEMENTITE,SI),
   col-8=X(FCC_A1#1,C), col-9=X(FCC_A1#1,CR), col-10=X(FCC_A1#1,FE),
   col-11=X(FCC_A1#1,MN), col-12=X(FCC_A1#1,NI), col-13=X(FCC_A1#1,SI),
   col-14=NP(CEMENTITE), col-15=NP(FCC_A1#1),
   1.01789E+03   2.50000E-01   4.54775E-01   2.94205E-01   6.47520E-07 
    1.01925E-03   0.00000E+00   6.87293E-03   5.29212E-02   8.90343E-01 
    1.00175E-06   3.51641E-02   1.46975E-02   2.34604E-08   1.00000E+00
   1.01300E+03   2.50000E-01   4.57790E-01   2.91209E-01   6.45101E-07 
    9.99936E-04   0.00000E+00   6.59754E-03   5.24627E-02   8.91022E-01 
    1.00215E-06   3.52028E-02   1.47142E-02   1.13142E-03   9.98869E-01
   1.01176E+03   2.50000E-01   4.58562E-01   2.90443E-01   6.44474E-07 
    9.95072E-04   0.00000E+00   6.52882E-03   5.23471E-02   8.91192E-01 
    1.00225E-06   3.52125E-02   1.47183E-02   1.41336E-03   9.98587E-01

 Phase Region for:
     BCC_A2                        
     CEMENTITE                     
     FCC_A1#1                      
 col-1=T, col-2=X(BCC_A2,C), col-3=X(BCC_A2,CR), col-4=X(BCC_A2,FE),
   col-5=X(BCC_A2,MN), col-6=X(BCC_A2,NI), col-7=X(BCC_A2,SI),
   col-8=X(CEMENTITE,C), col-9=X(CEMENTITE,CR), col-10=X(CEMENTITE,FE),
   col-11=X(CEMENTITE,MN), col-12=X(CEMENTITE,NI), col-13=X(CEMENTITE,SI),
   col-14=X(FCC_A1#1,C), col-15=X(FCC_A1#1,CR), col-16=X(FCC_A1#1,FE),
   col-17=X(FCC_A1#1,MN), col-18=X(FCC_A1#1,NI), col-19=X(FCC_A1#1,SI),
   col-20=NP(BCC_A2), col-21=NP(CEMENTITE), col-22=NP(FCC_A1#1),
   1.01176E+03   1.98243E-04   4.32698E-02   9.23293E-01   3.35804E-07 
    1.59778E-02   1.72607E-02   2.50000E-01   4.58562E-01   2.90443E-01 
    6.44475E-07   9.95073E-04   0.00000E+00   6.52881E-03   5.23471E-02 
    8.91192E-01   1.00225E-06   3.52126E-02   1.47183E-02   3.02871E-06 
    1.41347E-03   9.98584E-01
   1.00300E+03   1.71824E-04   4.21483E-02   9.23203E-01   3.69920E-07 
    1.79019E-02   1.65743E-02   2.50000E-01   4.64840E-01   2.84053E-01 
    7.39431E-07   1.10587E-03   0.00000E+00   5.92849E-03   5.11439E-02 
    8.87767E-01   1.19788E-06   4.08536E-02   1.43053E-02   2.31722E-01 
    9.33492E-03   7.58943E-01
   9.93000E+02   1.44469E-04   4.12506E-02   9.22447E-01   4.11120E-07 
    2.00965E-02   1.60611E-02   2.50000E-01   4.73516E-01   2.75258E-01 
    8.52546E-07   1.22573E-03   0.00000E+00   5.23262E-03   5.01074E-02 
    8.82867E-01   1.46125E-06   4.77328E-02   1.40591E-02   4.28520E-01 
    1.56095E-02   5.55871E-01
   9.83000E+02   1.20343E-04   4.06196E-02   9.21286E-01   4.54314E-07 
    2.22451E-02   1.57280E-02   2.50000E-01   4.83308E-01   2.65355E-01 
    9.70179E-07   1.33583E-03   0.00000E+00   4.55768E-03   4.93129E-02 
    8.77169E-01   1.77398E-06   5.49972E-02   1.39614E-02   5.73119E-01 
    1.97944E-02   4.07087E-01
   9.73000E+02   9.94272E-05   4.01573E-02   9.19911E-01   4.99656E-07 
    2.43231E-02   1.55084E-02   2.50000E-01   4.93831E-01   2.54733E-01 
    1.09293E-06   1.43498E-03   0.00000E+00   3.92454E-03   4.86760E-02 
    8.70845E-01   2.14659E-06   6.25977E-02   1.39551E-02   6.80702E-01 
    2.25628E-02   2.96736E-01
   9.63000E+02   8.15339E-05   3.97999E-02   9.18438E-01   5.47705E-07 
    2.63177E-02   1.53621E-02   2.50000E-01   5.04802E-01   2.43674E-01 
    1.22227E-06   1.52285E-03   0.00000E+00   3.34467E-03   4.81399E-02 
    8.63998E-01   2.59380E-06   7.05086E-02   1.40060E-02   7.61751E-01 
    2.43820E-02   2.13867E-01
   9.53000E+02   6.63907E-05   3.95056E-02   9.16941E-01   5.99371E-07 
    2.82222E-02   1.52647E-02   2.50000E-01   5.16020E-01   2.32379E-01 
    1.36047E-06   1.59947E-03   0.00000E+00   2.82320E-03   4.76669E-02 
    8.56697E-01   3.13591E-06   7.87169E-02   1.40933E-02   8.23472E-01 
    2.55683E-02   1.50959E-01
   9.43000E+02   5.36913E-05   3.92471E-02   9.15465E-01   6.55960E-07 
    3.00334E-02   1.52002E-02   2.50000E-01   5.27341E-01   2.20992E-01 
    1.51071E-06   1.66508E-03   0.00000E+00   2.36113E-03   4.72321E-02 
    8.48982E-01   3.80100E-06   8.72168E-02   1.42042E-02   8.70877E-01 
    2.63339E-02   1.02789E-01
   9.33000E+02   4.31274E-05   3.90069E-02   9.14041E-01   7.19306E-07 
    3.17496E-02   1.51585E-02   2.50000E-01   5.38661E-01   2.09618E-01 
    1.67743E-06   1.71993E-03   0.00000E+00   1.95685E-03   4.68192E-02 
    8.40882E-01   4.62866E-06   9.60060E-02   1.43309E-02   9.07505E-01 
    2.68211E-02   6.56736E-02
   9.23000E+02   3.44053E-05   3.87742E-02   9.12688E-01   7.92029E-07 
    3.33703E-02   1.51326E-02   2.50000E-01   5.49903E-01   1.98331E-01 
    1.86700E-06   1.76426E-03   0.00000E+00   1.60713E-03   4.64183E-02 
    8.32416E-01   5.67604E-06   1.05084E-01   1.44688E-02   9.35906E-01 
    2.71253E-02   3.69690E-02
   9.13000E+02   2.72555E-05   3.85423E-02   9.11417E-01   8.77997E-07 
    3.48951E-02   1.51178E-02   2.50000E-01   5.61010E-01   1.87190E-01 
    2.08875E-06   1.79830E-03   0.00000E+00   1.30782E-03   4.60235E-02 
    8.23597E-01   7.02852E-06   1.14450E-01   1.46155E-02   9.57946E-01 
    2.73102E-02   1.47439E-02
   9.04586E+02   2.22793E-05   3.83452E-02   9.10416E-01   9.64864E-07 
    3.61037E-02   1.51117E-02   2.50000E-01   5.70219E-01   1.77960E-01 
    2.31063E-06   1.81910E-03   0.00000E+00   1.09165E-03   4.56939E-02 
    8.15910E-01   8.49820E-06   1.22551E-01   1.47448E-02   9.72595E-01 
    2.74051E-02   0.00000E+00

 Phase Region for:
     BCC_A2                        
     CEMENTITE                     
 col-1=T, col-2=X(BCC_A2,C), col-3=X(BCC_A2,CR), col-4=X(BCC_A2,FE),
   col-5=X(BCC_A2,MN), col-6=X(BCC_A2,NI), col-7=X(BCC_A2,SI),
   col-8=X(CEMENTITE,C), col-9=X(CEMENTITE,CR), col-10=X(CEMENTITE,FE),
   col-11=X(CEMENTITE,MN), col-12=X(CEMENTITE,NI), col-13=X(CEMENTITE,SI),
   col-14=NP(BCC_A2), col-15=NP(CEMENTITE),
   9.04586E+02   2.22793E-05   3.83452E-02   9.10416E-01   9.64864E-07 
    3.61037E-02   1.51117E-02   2.50000E-01   5.70219E-01   1.77960E-01 
    2.31063E-06   1.81910E-03   0.00000E+00   9.72595E-01   2.74051E-02  NONE
   9.03000E+02   2.14481E-05   3.82955E-02   9.10466E-01   9.64702E-07 
    3.61041E-02   1.51117E-02   2.50000E-01   5.71921E-01   1.76265E-01 
    2.31622E-06   1.81093E-03   0.00000E+00   9.72592E-01   2.74083E-02  NONE
   8.93000E+02   1.67964E-05   3.79854E-02   9.10779E-01   9.63751E-07 
    3.61062E-02   1.51120E-02   2.50000E-01   5.82565E-01   1.65674E-01 
    2.34906E-06   1.75872E-03   0.00000E+00   9.72574E-01   2.74264E-02  NONE
   8.83000E+02   1.30424E-05   3.76820E-02   9.11084E-01   9.62923E-07 
    3.61082E-02   1.51122E-02   2.50000E-01   5.93027E-01   1.55266E-01 
    2.37766E-06   1.70514E-03   0.00000E+00   9.72559E-01   2.74410E-02  NONE
   8.73000E+02   1.00382E-05   3.73862E-02   9.11380E-01   9.62222E-07 
    3.61102E-02   1.51124E-02   2.50000E-01   6.03271E-01   1.45077E-01 
    2.40190E-06   1.65008E-03   0.00000E+00   9.72547E-01   2.74527E-02  NONE
   8.63000E+02   7.65519E-06   3.70987E-02   9.11668E-01   9.61649E-07 
    3.61121E-02   1.51126E-02   2.50000E-01   6.13263E-01   1.35141E-01 
    2.42169E-06   1.59349E-03   0.00000E+00   9.72538E-01   2.74620E-02  NONE
   8.53000E+02   5.78225E-06   3.68202E-02   9.11946E-01   9.61207E-07 
    3.61140E-02   1.51127E-02   2.50000E-01   6.22970E-01   1.25492E-01 
    2.43698E-06   1.53531E-03   0.00000E+00   9.72531E-01   2.74692E-02  NONE
   8.43000E+02   4.32435E-06   3.65514E-02   9.12215E-01   9.60895E-07 
    3.61159E-02   1.51128E-02   2.50000E-01   6.32362E-01   1.16160E-01 
    2.44771E-06   1.47553E-03   0.00000E+00   9.72525E-01   2.74749E-02  NONE
   8.33000E+02   3.20088E-06   3.62930E-02   9.12472E-01   9.60714E-07 
    3.61178E-02   1.51128E-02   2.50000E-01   6.41411E-01   1.07172E-01 
    2.45389E-06   1.41421E-03   0.00000E+00   9.72521E-01   2.74793E-02  NONE
   8.23000E+02   2.34415E-06   3.60456E-02   9.12718E-01   9.60662E-07 
    3.61197E-02   1.51129E-02   2.50000E-01   6.50092E-01   9.85537E-02 
    2.45553E-06   1.35142E-03   0.00000E+00   9.72517E-01   2.74826E-02  NONE
   8.13000E+02   1.69789E-06   3.58097E-02   9.12953E-01   9.60739E-07 
    3.61216E-02   1.51129E-02   2.50000E-01   6.58386E-01   9.03241E-02 
    2.45267E-06   1.28731E-03   0.00000E+00   9.72515E-01   2.74851E-02  NONE
   8.03000E+02   1.21588E-06   3.55855E-02   9.13176E-01   9.60942E-07 
    3.61235E-02   1.51130E-02   2.50000E-01   6.66276E-01   8.25000E-02 
    2.44538E-06   1.22207E-03   0.00000E+00   9.72513E-01   2.74870E-02  NONE
   7.93000E+02   8.60533E-07   3.53734E-02   9.13386E-01   9.61269E-07 
    3.61254E-02   1.51130E-02   2.50000E-01   6.73748E-01   7.50937E-02 
    2.43375E-06   1.15596E-03   0.00000E+00   9.72512E-01   2.74884E-02  NONE
   7.83000E+02   6.01710E-07   3.51735E-02   9.13585E-01   9.61716E-07 
    3.61273E-02   1.51130E-02   2.50000E-01   6.80795E-01   6.81133E-02 
    2.41789E-06   1.08926E-03   0.00000E+00   9.72511E-01   2.74894E-02  NONE
   7.73000E+02   4.15519E-07   3.49860E-02   9.13770E-01   9.62279E-07 
    3.61292E-02   1.51130E-02   2.50000E-01   6.87413E-01   6.15627E-02 
    2.39793E-06   1.02232E-03   0.00000E+00   9.72510E-01   2.74901E-02  NONE
   7.63000E+02   2.83284E-07   3.48107E-02   9.13944E-01   9.62954E-07 
    3.61311E-02   1.51130E-02   2.50000E-01   6.93600E-01   5.54422E-02 
    2.37402E-06   9.55500E-04   0.00000E+00   9.72509E-01   2.74906E-02  NONE
   7.53000E+02   1.90599E-07   3.46476E-02   9.14105E-01   9.63736E-07 
    3.61330E-02   1.51130E-02   2.50000E-01   6.99360E-01   4.97480E-02 
    2.34632E-06   8.89188E-04   0.00000E+00   9.72509E-01   2.74910E-02  NONE
   7.43000E+02   1.26508E-07   3.44965E-02   9.14254E-01   9.64621E-07 
    3.61349E-02   1.51130E-02   2.50000E-01   7.04701E-01   4.44732E-02 
    2.31501E-06   8.23783E-04   0.00000E+00   9.72509E-01   2.74912E-02  NONE
   7.33000E+02   8.28038E-08   3.43570E-02   9.14392E-01   9.65603E-07 
    3.61367E-02   1.51130E-02   2.50000E-01   7.09630E-01   3.96078E-02 
    2.28026E-06   7.59676E-04   0.00000E+00   9.72509E-01   2.74914E-02  NONE
   7.23000E+02   5.34243E-08   3.42289E-02   9.14519E-01   9.66677E-07 
    3.61385E-02   1.51130E-02   2.50000E-01   7.14161E-01   3.51393E-02 
    2.24227E-06   6.97247E-04   0.00000E+00   9.72508E-01   2.74915E-02  NONE
   7.13000E+02   3.39626E-08   3.41116E-02   9.14634E-01   9.67837E-07 
    3.61402E-02   1.51130E-02   2.50000E-01   7.18308E-01   3.10528E-02 
    2.20123E-06   6.36852E-04   0.00000E+00   9.72508E-01   2.74916E-02  NONE
   7.03000E+02   2.12639E-08   3.40047E-02   9.14739E-01   9.69078E-07 
    3.61418E-02   1.51130E-02   2.50000E-01   7.22087E-01   2.73317E-02 
    2.15733E-06   5.78812E-04   0.00000E+00   9.72508E-01   2.74917E-02  NONE
   6.93000E+02   1.31058E-08   3.39078E-02   9.14835E-01   9.70394E-07 
    3.61434E-02   1.51130E-02   2.50000E-01   7.25517E-01   2.39579E-02 
    2.11078E-06   5.23406E-04   0.00000E+00   9.72508E-01   2.74917E-02  NONE
   6.83000E+02   7.94774E-09   3.38202E-02   9.14921E-01   9.71779E-07 
    3.61449E-02   1.51130E-02   2.50000E-01   7.28615E-01   2.09121E-02 
    2.06178E-06   4.70869E-04   0.00000E+00   9.72508E-01   2.74917E-02  NONE
   6.73000E+02   4.73974E-09   3.37414E-02   9.14998E-01   9.73228E-07 
    3.61463E-02   1.51130E-02   2.50000E-01   7.31402E-01   1.81747E-02 
    2.01052E-06   4.21385E-04   0.00000E+00   9.72508E-01   2.74917E-02  NONE
