
 Phase Region for:
     FCC_A1#1                      
 col-1=T, col-2=W(FCC_A1#1,C), col-3=W(FCC_A1#1,CR), col-4=W(FCC_A1#1,FE),
   col-5=W(FCC_A1#1,MN), col-6=W(FCC_A1#1,NI), col-7=W(FCC_A1#1,SI),
   col-8=NP(FCC_A1#1),
   1.17300E+03   1.50000E-03   7.50075E-03   9.45998E-01   1.00000E-06 
    2.25002E-02   2.25003E-02   1.00000E+00
   1.18300E+03   1.50000E-03   7.50075E-03   9.45998E-01   1.00000E-06 
    2.25002E-02   2.25003E-02   1.00000E+00
   1.19300E+03   1.50000E-03   7.50075E-03   9.45998E-01   1.00000E-06 
    2.25002E-02   2.25003E-02   1.00000E+00
   1.20300E+03   1.50000E-03   7.50075E-03   9.45998E-01   1.00000E-06 
    2.25002E-02   2.25003E-02   1.00000E+00
   1.21300E+03   1.50000E-03   7.50075E-03   9.45998E-01   1.00000E-06 
    2.25002E-02   2.25003E-02   1.00000E+00
   1.22300E+03   1.50000E-03   7.50075E-03   9.45998E-01   1.00000E-06 
    2.25002E-02   2.25002E-02   1.00000E+00
   1.23300E+03   1.50000E-03   7.50075E-03   9.45998E-01   1.00000E-06 
    2.25002E-02   2.25003E-02   1.00000E+00
   1.24300E+03   1.50000E-03   7.50075E-03   9.45998E-01   1.00000E-06 
    2.25002E-02   2.25003E-02   1.00000E+00
   1.25300E+03   1.50000E-03   7.50075E-03   9.45998E-01   1.00000E-06 
    2.25002E-02   2.25003E-02   1.00000E+00
   1.26300E+03   1.50000E-03   7.50075E-03   9.45998E-01   1.00000E-06 
    2.25002E-02   2.25003E-02   1.00000E+00
   1.27300E+03   1.50000E-03   7.50075E-03   9.45998E-01   1.00000E-06 
    2.25002E-02   2.25003E-02   1.00000E+00
   1.28300E+03   1.50000E-03   7.50075E-03   9.45998E-01   1.00000E-06 
    2.25002E-02   2.25003E-02   1.00000E+00
   1.29300E+03   1.50000E-03   7.50075E-03   9.45998E-01   1.00000E-06 
    2.25002E-02   2.25003E-02   1.00000E+00
   1.30300E+03   1.50000E-03   7.50075E-03   9.45998E-01   1.00000E-06 
    2.25002E-02   2.25003E-02   1.00000E+00
   1.31300E+03   1.50000E-03   7.50075E-03   9.45998E-01   1.00000E-06 
    2.25002E-02   2.25003E-02   1.00000E+00
   1.32300E+03   1.50000E-03   7.50075E-03   9.45998E-01   1.00000E-06 
    2.25002E-02   2.25003E-02   1.00000E+00
   1.33300E+03   1.50000E-03   7.50075E-03   9.45998E-01   1.00000E-06 
    2.25002E-02   2.25003E-02   1.00000E+00
   1.34300E+03   1.50000E-03   7.50075E-03   9.45998E-01   1.00000E-06 
    2.25002E-02   2.25003E-02   1.00000E+00
   1.35300E+03   1.50000E-03   7.50075E-03   9.45998E-01   1.00000E-06 
    2.25002E-02   2.25003E-02   1.00000E+00
   1.36300E+03   1.50000E-03   7.50075E-03   9.45998E-01   1.00000E-06 
    2.25002E-02   2.25003E-02   1.00000E+00
   1.37300E+03   1.50000E-03   7.50075E-03   9.45998E-01   1.00000E-06 
    2.25002E-02   2.25003E-02   1.00000E+00
   1.38300E+03   1.50000E-03   7.50075E-03   9.45998E-01   1.00000E-06 
    2.25002E-02   2.25003E-02   1.00000E+00
   1.39300E+03   1.50000E-03   7.50075E-03   9.45998E-01   1.00000E-06 
    2.25002E-02   2.25003E-02   1.00000E+00
   1.40300E+03   1.50000E-03   7.50075E-03   9.45998E-01   1.00000E-06 
    2.25002E-02   2.25002E-02   1.00000E+00
   1.41300E+03   1.50000E-03   7.50075E-03   9.45998E-01   1.00000E-06 
    2.25002E-02   2.25003E-02   1.00000E+00
   1.42300E+03   1.50000E-03   7.50075E-03   9.45998E-01   1.00000E-06 
    2.25002E-02   2.25003E-02   1.00000E+00
   1.43300E+03   1.50000E-03   7.50075E-03   9.45998E-01   1.00000E-06 
    2.25002E-02   2.25003E-02   1.00000E+00
   1.44300E+03   1.50000E-03   7.50075E-03   9.45998E-01   1.00000E-06 
    2.25002E-02   2.25002E-02   1.00000E+00
   1.45300E+03   1.50000E-03   7.50075E-03   9.45998E-01   1.00000E-06 
    2.25002E-02   2.25003E-02   1.00000E+00
   1.46300E+03   1.50000E-03   7.50075E-03   9.45998E-01   1.00000E-06 
    2.25002E-02   2.25003E-02   1.00000E+00
   1.47300E+03   1.50000E-03   7.50075E-03   9.45998E-01   1.00000E-06 
    2.25002E-02   2.25003E-02   1.00000E+00

 Phase Region for:
     FCC_A1#1                      
 col-1=T, col-2=W(FCC_A1#1,C), col-3=W(FCC_A1#1,CR), col-4=W(FCC_A1#1,FE),
   col-5=W(FCC_A1#1,MN), col-6=W(FCC_A1#1,NI), col-7=W(FCC_A1#1,SI),
   col-8=NP(FCC_A1#1),
   1.17300E+03   1.50000E-03   7.50075E-03   9.45998E-01   1.00000E-06 
    2.25002E-02   2.25003E-02   1.00000E+00
   1.16300E+03   1.50000E-03   7.50075E-03   9.45998E-01   1.00000E-06 
    2.25002E-02   2.25003E-02   1.00000E+00
   1.15300E+03   1.50000E-03   7.50075E-03   9.45998E-01   1.00000E-06 
    2.25002E-02   2.25003E-02   1.00000E+00
   1.14300E+03   1.50000E-03   7.50075E-03   9.45998E-01   1.00000E-06 
    2.25002E-02   2.25003E-02   1.00000E+00
   1.14213E+03   1.50000E-03   7.50075E-03   9.45998E-01   1.00000E-06 
    2.25002E-02   2.25003E-02   1.00000E+00

 Phase Region for:
     BCC_A2                        
     FCC_A1#1                      
 col-1=T, col-2=W(BCC_A2,C), col-3=W(BCC_A2,CR), col-4=W(BCC_A2,FE),
   col-5=W(BCC_A2,MN), col-6=W(BCC_A2,NI), col-7=W(BCC_A2,SI),
   col-8=W(FCC_A1#1,C), col-9=W(FCC_A1#1,CR), col-10=W(FCC_A1#1,FE),
   col-11=W(FCC_A1#1,MN), col-12=W(FCC_A1#1,NI), col-13=W(FCC_A1#1,SI),
   col-14=NP(BCC_A2), col-15=NP(FCC_A1#1),
   1.14213E+03   8.30578E-05   6.09896E-03   9.54533E-01   5.01045E-07 
    1.24262E-02   2.68586E-02   1.50000E-03   7.50075E-03   9.45998E-01 
    1.00000E-06   2.25003E-02   2.25002E-02   8.20922E-07   9.99999E-01
   1.13300E+03   8.48711E-05   6.12803E-03   9.54505E-01   5.09758E-07 
    1.27044E-02   2.65769E-02   1.61169E-03   7.60909E-03   9.45326E-01 
    1.03869E-06   2.32734E-02   2.21785E-02   7.30953E-02   9.26905E-01
   1.12300E+03   8.70345E-05   6.15916E-03   9.54449E-01   5.19326E-07 
    1.30180E-02   2.62863E-02   1.74702E-03   7.73529E-03   9.44520E-01 
    1.08403E-06   2.41579E-02   2.18384E-02   1.48654E-01   8.51346E-01
   1.11300E+03   8.93738E-05   6.18915E-03   9.54367E-01   5.28835E-07 
    1.33391E-02   2.60146E-02   1.89723E-03   7.87009E-03   9.43641E-01 
    1.13268E-06   2.50800E-02   2.15106E-02   2.19439E-01   7.80561E-01
   1.10300E+03   9.18765E-05   6.21764E-03   9.54263E-01   5.38191E-07 
    1.36655E-02   2.57616E-02   2.06365E-03   8.01436E-03   9.42689E-01 
    1.18486E-06   2.60367E-02   2.11948E-02   2.85419E-01   7.14581E-01
   1.09300E+03   9.45297E-05   6.24429E-03   9.54139E-01   5.47297E-07 
    1.39951E-02   2.55269E-02   2.24771E-03   8.16919E-03   9.41667E-01 
    1.24084E-06   2.70250E-02   2.08901E-02   3.46645E-01   6.53355E-01
   1.08300E+03   9.73196E-05   6.26880E-03   9.53998E-01   5.56058E-07 
    1.43258E-02   2.53098E-02   2.45094E-03   8.33594E-03   9.40574E-01 
    1.30097E-06   2.80421E-02   2.05955E-02   4.03231E-01   5.96769E-01
   1.07300E+03   1.00232E-04   6.29093E-03   9.53843E-01   5.64378E-07 
    1.46557E-02   2.51095E-02   2.67495E-03   8.51626E-03   9.39412E-01 
    1.36566E-06   2.90849E-02   2.03101E-02   4.55347E-01   5.44653E-01
   1.06300E+03   1.03254E-04   6.31044E-03   9.53678E-01   5.72163E-07 
    1.49829E-02   2.49251E-02   2.92152E-03   8.71217E-03   9.38182E-01 
    1.43542E-06   3.01509E-02   2.00324E-02   5.03204E-01   4.96796E-01
   1.05300E+03   1.06373E-04   6.32714E-03   9.53505E-01   5.79317E-07 
    1.53059E-02   2.47555E-02   3.19253E-03   8.92607E-03   9.36881E-01 
    1.51091E-06   3.12376E-02   1.97613E-02   5.47040E-01   4.52960E-01
   1.04300E+03   1.09576E-04   6.34084E-03   9.53326E-01   5.85743E-07 
    1.56232E-02   2.45996E-02   3.49006E-03   9.16088E-03   9.35509E-01 
    1.59291E-06   3.23431E-02   1.94956E-02   5.87113E-01   4.12887E-01
   1.03300E+03   1.12853E-04   6.35136E-03   9.53145E-01   5.91340E-07 
    1.59336E-02   2.44563E-02   3.81637E-03   9.42009E-03   9.34062E-01 
    1.68242E-06   3.34658E-02   1.92339E-02   6.23688E-01   3.76312E-01
   1.02300E+03   1.16198E-04   6.35853E-03   9.52964E-01   5.95997E-07 
    1.62360E-02   2.43245E-02   4.17398E-03   9.70792E-03   9.32536E-01 
    1.78067E-06   3.46049E-02   1.89751E-02   6.57033E-01   3.42967E-01
   1.01300E+03   1.19604E-04   6.36213E-03   9.52785E-01   5.99595E-07 
    1.65294E-02   2.42032E-02   4.56565E-03   1.00295E-02   9.30924E-01 
    1.88924E-06   3.57605E-02   1.87183E-02   6.87409E-01   3.12591E-01
   1.00981E+03   1.20704E-04   6.36249E-03   9.52729E-01   6.00498E-07 
    1.66211E-02   2.41665E-02   4.69826E-03   1.01401E-02   9.30390E-01 
    1.92635E-06   3.61327E-02   1.86366E-02   6.96516E-01   3.03484E-01

 Phase Region for:
     BCC_A2                        
     CEMENTITE                     
     FCC_A1#1                      
 col-1=T, col-2=W(BCC_A2,C), col-3=W(BCC_A2,CR), col-4=W(BCC_A2,FE),
   col-5=W(BCC_A2,MN), col-6=W(BCC_A2,NI), col-7=W(BCC_A2,SI),
   col-8=W(CEMENTITE,C), col-9=W(CEMENTITE,CR), col-10=W(CEMENTITE,FE),
   col-11=W(CEMENTITE,MN), col-12=W(CEMENTITE,NI), col-13=W(CEMENTITE,SI),
   col-14=W(FCC_A1#1,C), col-15=W(FCC_A1#1,CR), col-16=W(FCC_A1#1,FE),
   col-17=W(FCC_A1#1,MN), col-18=W(FCC_A1#1,NI), col-19=W(FCC_A1#1,SI),
   col-20=NP(BCC_A2), col-21=NP(CEMENTITE), col-22=NP(FCC_A1#1),
   1.00981E+03   1.20704E-04   6.36248E-03   9.52729E-01   6.00499E-07 
    1.66211E-02   2.41665E-02   6.75027E-02   1.24897E-01   8.04386E-01 
    2.94113E-06   3.21167E-03   0.00000E+00   4.69826E-03   1.01401E-02 
    9.30390E-01   1.92636E-06   3.61328E-02   1.86366E-02   6.96517E-01 
    1.54310E-07   3.03483E-01
   1.00300E+03   1.13085E-04   5.92823E-03   9.51993E-01   6.68194E-07 
    1.82315E-02   2.37339E-02   6.74827E-02   1.21099E-01   8.07849E-01 
    3.43088E-06   3.56624E-03   0.00000E+00   4.56521E-03   9.44893E-03 
    9.26958E-01   2.25919E-06   4.06771E-02   1.83487E-02   7.94197E-01 
    9.39201E-03   1.96411E-01
   9.93000E+02   1.01897E-04   5.45521E-03   9.50507E-01   7.82384E-07 
    2.06716E-02   2.32634E-02   6.74663E-02   1.18135E-01   8.10289E-01 
    4.32674E-06   4.10453E-03   0.00000E+00   4.32745E-03   8.67499E-03 
    9.20712E-01   2.89633E-06   4.81595E-02   1.81235E-02   9.03969E-01 
    1.95176E-02   7.65129E-02
   9.84095E+02   9.22054E-05   5.15517E-03   9.48889E-01   9.07553E-07 
    2.28827E-02   2.29805E-02   6.74611E-02   1.17401E-01   8.10553E-01 
    5.33153E-06   4.58014E-03   0.00000E+00   4.08923E-03   8.14980E-03 
    9.14253E-01   3.64500E-06   5.54613E-02   1.80429E-02   9.74475E-01 
    2.55251E-02   0.00000E+00

 Phase Region for:
     BCC_A2                        
     CEMENTITE                     
 col-1=T, col-2=W(BCC_A2,C), col-3=W(BCC_A2,CR), col-4=W(BCC_A2,FE),
   col-5=W(BCC_A2,MN), col-6=W(BCC_A2,NI), col-7=W(BCC_A2,SI),
   col-8=W(CEMENTITE,C), col-9=W(CEMENTITE,CR), col-10=W(CEMENTITE,FE),
   col-11=W(CEMENTITE,MN), col-12=W(CEMENTITE,NI), col-13=W(CEMENTITE,SI),
   col-14=NP(BCC_A2), col-15=NP(CEMENTITE),
   9.84095E+02   9.22054E-05   5.15517E-03   9.48889E-01   9.07553E-07 
    2.28827E-02   2.29805E-02   6.74611E-02   1.17401E-01   8.10553E-01 
    5.33153E-06   4.58014E-03   0.00000E+00   9.74475E-01   2.55251E-02  NONE
   9.83000E+02   9.09821E-05   5.14409E-03   9.48900E-01   9.06716E-07 
    2.28831E-02   2.29809E-02   6.74632E-02   1.17828E-01   8.10126E-01 
    5.36710E-06   4.57745E-03   0.00000E+00   9.74453E-01   2.55468E-02  NONE
   9.73000E+02   8.04398E-05   5.04154E-03   9.49006E-01   8.98903E-07 
    2.28864E-02   2.29843E-02   6.74830E-02   1.21808E-01   8.06153E-01 
    5.69913E-06   4.55054E-03   0.00000E+00   9.74266E-01   2.57339E-02  NONE
   9.63000E+02   7.09658E-05   4.93658E-03   9.49115E-01   8.90783E-07 
    2.28895E-02   2.29874E-02   6.75036E-02   1.25933E-01   8.02037E-01 
    6.04445E-06   4.51965E-03   0.00000E+00   9.74098E-01   2.59020E-02  NONE
   9.53000E+02   6.24665E-05   4.82908E-03   9.49225E-01   8.82346E-07 
    2.28925E-02   2.29901E-02   6.75249E-02   1.30209E-01   7.97775E-01 
    6.40377E-06   4.48498E-03   0.00000E+00   9.73947E-01   2.60528E-02  NONE
   9.43000E+02   5.48559E-05   4.71894E-03   9.49337E-01   8.73578E-07 
    2.28953E-02   2.29926E-02   6.75469E-02   1.34637E-01   7.93363E-01 
    6.77784E-06   4.44671E-03   0.00000E+00   9.73812E-01   2.61877E-02  NONE
   9.33000E+02   4.80547E-05   4.60605E-03   9.49452E-01   8.64465E-07 
    2.28979E-02   2.29947E-02   6.75698E-02   1.39222E-01   7.88796E-01 
    7.16744E-06   4.40506E-03   0.00000E+00   9.73692E-01   2.63083E-02  NONE
   9.23000E+02   4.19898E-05   4.49035E-03   9.49570E-01   8.54992E-07 
    2.29004E-02   2.29966E-02   6.75934E-02   1.43966E-01   7.84073E-01 
    7.57341E-06   4.36021E-03   0.00000E+00   9.73584E-01   2.64158E-02  NONE
   9.13000E+02   3.65937E-05   4.37177E-03   9.49690E-01   8.45142E-07 
    2.29028E-02   2.29983E-02   6.76179E-02   1.48871E-01   7.79191E-01 
    7.99662E-06   4.31238E-03   0.00000E+00   9.73489E-01   2.65115E-02  NONE
   9.03000E+02   3.18040E-05   4.25027E-03   9.49812E-01   8.34897E-07 
    2.29051E-02   2.29997E-02   6.76431E-02   1.53937E-01   7.74150E-01 
    8.43799E-06   4.26179E-03   0.00000E+00   9.73404E-01   2.65964E-02  NONE
   8.93000E+02   2.75634E-05   4.12584E-03   9.49938E-01   8.24238E-07 
    2.29073E-02   2.30009E-02   6.76692E-02   1.59164E-01   7.68949E-01 
    8.89849E-06   4.20864E-03   0.00000E+00   9.73328E-01   2.66715E-02  NONE
   8.83000E+02   2.38187E-05   3.99851E-03   9.50065E-01   8.13144E-07 
    2.29094E-02   2.30020E-02   6.76961E-02   1.64551E-01   7.63590E-01 
    9.37913E-06   4.15318E-03   0.00000E+00   9.73262E-01   2.67379E-02  NONE
   8.73000E+02   2.05211E-05   3.86831E-03   9.50196E-01   8.01595E-07 
    2.29114E-02   2.30029E-02   6.77237E-02   1.70094E-01   7.58076E-01 
    9.88093E-06   4.09563E-03   0.00000E+00   9.73204E-01   2.67963E-02  NONE
   8.63000E+02   1.76258E-05   3.73533E-03   9.50329E-01   7.89566E-07 
    2.29134E-02   2.30037E-02   6.77521E-02   1.75790E-01   7.52411E-01 
    1.04050E-05   4.03624E-03   0.00000E+00   9.73152E-01   2.68476E-02  NONE
   8.53000E+02   1.50912E-05   3.59968E-03   9.50465E-01   7.77035E-07 
    2.29153E-02   2.30043E-02   6.77813E-02   1.81631E-01   7.46601E-01 
    1.09524E-05   3.97527E-03   0.00000E+00   9.73108E-01   2.68925E-02  NONE
   8.43000E+02   1.28793E-05   3.46154E-03   9.50603E-01   7.63977E-07 
    2.29171E-02   2.30049E-02   6.78111E-02   1.87610E-01   7.40654E-01 
    1.15243E-05   3.91297E-03   0.00000E+00   9.73068E-01   2.69316E-02  NONE
   8.33000E+02   1.09554E-05   3.32111E-03   9.50743E-01   7.50368E-07 
    2.29189E-02   2.30053E-02   6.78416E-02   1.93717E-01   7.34580E-01 
    1.21219E-05   3.84961E-03   0.00000E+00   9.73034E-01   2.69657E-02  NONE
   8.23000E+02   9.28761E-06   3.17864E-03   9.50885E-01   7.36181E-07 
    2.29206E-02   2.30056E-02   6.78726E-02   1.99939E-01   7.28390E-01 
    1.27463E-05   3.78545E-03   0.00000E+00   9.73005E-01   2.69953E-02  NONE
   8.13000E+02   7.84673E-06   3.03444E-03   9.51029E-01   7.21392E-07 
    2.29222E-02   2.30058E-02   6.79041E-02   2.06262E-01   7.22100E-01 
    1.33987E-05   3.72076E-03   0.00000E+00   9.72979E-01   2.70208E-02  NONE
   8.03000E+02   6.60634E-06   2.88885E-03   9.51174E-01   7.05976E-07 
    2.29238E-02   2.30060E-02   6.79361E-02   2.12669E-01   7.15725E-01 
    1.40801E-05   3.65581E-03   0.00000E+00   9.72957E-01   2.70427E-02  NONE
   7.93000E+02   5.54239E-06   2.74229E-03   9.51320E-01   6.89908E-07 
    2.29254E-02   2.30061E-02   6.79684E-02   2.19141E-01   7.09285E-01 
    1.47918E-05   3.59085E-03   0.00000E+00   9.72938E-01   2.70616E-02  NONE
   7.83000E+02   4.63316E-06   2.59519E-03   9.51466E-01   6.73166E-07 
    2.29269E-02   2.30062E-02   6.80009E-02   2.25657E-01   7.02800E-01 
    1.55347E-05   3.52614E-03   0.00000E+00   9.72922E-01   2.70777E-02  NONE
   7.73000E+02   3.85906E-06   2.44807E-03   9.51613E-01   6.55729E-07 
    2.29284E-02   2.30062E-02   6.80335E-02   2.32194E-01   6.96295E-01 
    1.63097E-05   3.46193E-03   0.00000E+00   9.72909E-01   2.70914E-02  NONE
   7.63000E+02   3.20250E-06   2.30145E-03   9.51759E-01   6.37581E-07 
    2.29298E-02   2.30062E-02   6.80660E-02   2.38726E-01   6.89793E-01 
    1.71176E-05   3.39842E-03   0.00000E+00   9.72897E-01   2.71030E-02  NONE
   7.53000E+02   2.64777E-06   2.15590E-03   9.51904E-01   6.18708E-07 
    2.29311E-02   2.30061E-02   6.80984E-02   2.45226E-01   6.83322E-01 
    1.79589E-05   3.33584E-03   0.00000E+00   9.72887E-01   2.71128E-02  NONE
   7.43000E+02   2.18089E-06   2.01202E-03   9.52047E-01   5.99103E-07 
    2.29324E-02   2.30060E-02   6.81305E-02   2.51667E-01   6.76909E-01 
    1.88339E-05   3.27436E-03   0.00000E+00   9.72879E-01   2.71211E-02  NONE
   7.33000E+02   1.78947E-06   1.87043E-03   9.52188E-01   5.78767E-07 
    2.29337E-02   2.30059E-02   6.81622E-02   2.58019E-01   6.70585E-01 
    1.97426E-05   3.21414E-03   0.00000E+00   9.72872E-01   2.71280E-02  NONE
   7.23000E+02   1.46260E-06   1.73174E-03   9.52326E-01   5.57709E-07 
    2.29349E-02   2.30058E-02   6.81933E-02   2.64254E-01   6.64377E-01 
    2.06844E-05   3.15530E-03   0.00000E+00   9.72866E-01   2.71338E-02  NONE
   7.13000E+02   1.19069E-06   1.59657E-03   9.52460E-01   5.35946E-07 
    2.29361E-02   2.30057E-02   6.82236E-02   2.70342E-01   6.58315E-01 
    2.16586E-05   3.09795E-03   0.00000E+00   9.72861E-01   2.71386E-02  NONE
   7.03000E+02   9.65384E-07   1.46551E-03   9.52590E-01   5.13510E-07 
    2.29372E-02   2.30055E-02   6.82531E-02   2.76254E-01   6.52428E-01 
    2.26638E-05   3.04215E-03   0.00000E+00   9.72857E-01   2.71426E-02  NONE
   6.93000E+02   7.79440E-07   1.33911E-03   9.52716E-01   4.90446E-07 
    2.29383E-02   2.30054E-02   6.82816E-02   2.81966E-01   6.46741E-01 
    2.36977E-05   2.98793E-03   0.00000E+00   9.72854E-01   2.71459E-02  NONE
   6.83000E+02   6.26587E-07   1.21790E-03   9.52836E-01   4.66812E-07 
    2.29393E-02   2.30052E-02   6.83089E-02   2.87451E-01   6.41280E-01 
    2.47578E-05   2.93529E-03   0.00000E+00   9.72851E-01   2.71486E-02  NONE
   6.73000E+02   5.01445E-07   1.10233E-03   9.52951E-01   4.42683E-07 
    2.29404E-02   2.30051E-02   6.83351E-02   2.92689E-01   6.36066E-01 
    2.58405E-05   2.88420E-03   0.00000E+00   9.72849E-01   2.71508E-02  NONE
