
 Phase Region for:
     BCC_A2                        
     FCC_A1#1                      
 col-1=T, col-2=X(BCC_A2,C), col-3=X(BCC_A2,CR), col-4=X(BCC_A2,FE),
   col-5=X(BCC_A2,MN), col-6=X(BCC_A2,NI), col-7=X(BCC_A2,SI),
   col-8=X(FCC_A1#1,C), col-9=X(FCC_A1#1,CR), col-10=X(FCC_A1#1,FE),
   col-11=X(FCC_A1#1,MN), col-12=X(FCC_A1#1,NI), col-13=X(FCC_A1#1,SI),
   col-14=NP(BCC_A2), col-15=NP(FCC_A1#1),
   1.17300E+03   6.40426E-04   2.29530E-02   9.27620E-01   6.55048E-07 
    6.40468E-07   4.87855E-02   9.57639E-03   2.75100E-02   9.21891E-01 
    1.13917E-06   1.05387E-06   4.10203E-02   3.13586E-01   6.86414E-01
   1.18300E+03   6.21298E-04   2.28975E-02   9.27320E-01   6.43139E-07 
    6.26652E-07   4.91597E-02   8.82105E-03   2.71401E-02   9.22479E-01 
    1.10186E-06   1.02323E-06   4.15577E-02   2.49624E-01   7.50376E-01
   1.19300E+03   6.02896E-04   2.28389E-02   9.26993E-01   6.30938E-07 
    6.12800E-07   4.95638E-02   8.13299E-03   2.67949E-02   9.22960E-01 
    1.06583E-06   9.92805E-07   4.21104E-02   1.80449E-01   8.19551E-01
   1.20300E+03   5.85422E-04   2.27785E-02   9.26637E-01   6.18557E-07 
    5.99032E-07   4.99976E-02   7.50850E-03   2.64729E-02   9.23338E-01 
    1.03111E-06   9.62818E-07   4.26791E-02   1.06066E-01   8.93934E-01
   1.21300E+03   5.69070E-04   2.27175E-02   9.26252E-01   6.06122E-07 
    5.85480E-07   5.04604E-02   6.94388E-03   2.61730E-02   9.23617E-01 
    9.97779E-07   9.33496E-07   4.32638E-02   2.66172E-02   9.73383E-01
   1.21622E+03   5.64072E-04   2.26979E-02   9.26121E-01   6.02128E-07 
    5.81184E-07   5.06154E-02   6.77420E-03   2.60810E-02   9.23688E-01 
    9.87354E-07   9.24233E-07   4.34553E-02   0.00000E+00   1.00000E+00

 Phase Region for:
     FCC_A1#1                      
 col-1=T, col-2=X(FCC_A1#1,C), col-3=X(FCC_A1#1,CR), col-4=X(FCC_A1#1,FE),
   col-5=X(FCC_A1#1,MN), col-6=X(FCC_A1#1,NI), col-7=X(FCC_A1#1,SI),
   col-8=NP(FCC_A1#1),
   1.21622E+03   6.77420E-03   2.60810E-02   9.23688E-01   9.87354E-07 
    9.24233E-07   4.34553E-02   1.00000E+00
   1.22300E+03   6.77420E-03   2.60810E-02   9.23688E-01   9.87354E-07 
    9.24233E-07   4.34553E-02   1.00000E+00
   1.23300E+03   6.77420E-03   2.60810E-02   9.23688E-01   9.87354E-07 
    9.24233E-07   4.34553E-02   1.00000E+00
   1.24300E+03   6.77420E-03   2.60810E-02   9.23688E-01   9.87354E-07 
    9.24233E-07   4.34553E-02   1.00000E+00
   1.25300E+03   6.77420E-03   2.60810E-02   9.23688E-01   9.87354E-07 
    9.24233E-07   4.34553E-02   1.00000E+00
   1.26300E+03   6.77420E-03   2.60810E-02   9.23688E-01   9.87354E-07 
    9.24233E-07   4.34553E-02   1.00000E+00
   1.27300E+03   6.77420E-03   2.60810E-02   9.23688E-01   9.87354E-07 
    9.24233E-07   4.34553E-02   1.00000E+00
   1.28300E+03   6.77420E-03   2.60810E-02   9.23688E-01   9.87354E-07 
    9.24233E-07   4.34553E-02   1.00000E+00
   1.29300E+03   6.77420E-03   2.60810E-02   9.23688E-01   9.87354E-07 
    9.24233E-07   4.34553E-02   1.00000E+00
   1.30300E+03   6.77420E-03   2.60810E-02   9.23688E-01   9.87354E-07 
    9.24233E-07   4.34553E-02   1.00000E+00
   1.31300E+03   6.77420E-03   2.60810E-02   9.23688E-01   9.87354E-07 
    9.24233E-07   4.34553E-02   1.00000E+00
   1.32300E+03   6.77420E-03   2.60810E-02   9.23688E-01   9.87354E-07 
    9.24233E-07   4.34553E-02   1.00000E+00
   1.33300E+03   6.77420E-03   2.60810E-02   9.23688E-01   9.87354E-07 
    9.24233E-07   4.34553E-02   1.00000E+00
   1.34300E+03   6.77420E-03   2.60810E-02   9.23688E-01   9.87354E-07 
    9.24233E-07   4.34553E-02   1.00000E+00
   1.35300E+03   6.77420E-03   2.60810E-02   9.23688E-01   9.87354E-07 
    9.24233E-07   4.34553E-02   1.00000E+00
   1.36300E+03   6.77420E-03   2.60810E-02   9.23688E-01   9.87354E-07 
    9.24233E-07   4.34553E-02   1.00000E+00
   1.37300E+03   6.77420E-03   2.60810E-02   9.23688E-01   9.87354E-07 
    9.24233E-07   4.34553E-02   1.00000E+00
   1.38300E+03   6.77420E-03   2.60810E-02   9.23688E-01   9.87354E-07 
    9.24233E-07   4.34553E-02   1.00000E+00
   1.39300E+03   6.77420E-03   2.60810E-02   9.23688E-01   9.87354E-07 
    9.24233E-07   4.34553E-02   1.00000E+00
   1.40300E+03   6.77420E-03   2.60810E-02   9.23688E-01   9.87354E-07 
    9.24233E-07   4.34553E-02   1.00000E+00
   1.41300E+03   6.77420E-03   2.60810E-02   9.23688E-01   9.87354E-07 
    9.24233E-07   4.34553E-02   1.00000E+00
   1.42300E+03   6.77420E-03   2.60810E-02   9.23688E-01   9.87354E-07 
    9.24233E-07   4.34553E-02   1.00000E+00
   1.43300E+03   6.77420E-03   2.60810E-02   9.23688E-01   9.87354E-07 
    9.24233E-07   4.34553E-02   1.00000E+00
   1.44300E+03   6.77420E-03   2.60810E-02   9.23688E-01   9.87354E-07 
    9.24233E-07   4.34553E-02   1.00000E+00
   1.45300E+03   6.77420E-03   2.60810E-02   9.23688E-01   9.87354E-07 
    9.24233E-07   4.34553E-02   1.00000E+00
   1.46300E+03   6.77420E-03   2.60810E-02   9.23688E-01   9.87354E-07 
    9.24233E-07   4.34553E-02   1.00000E+00
   1.47300E+03   6.77420E-03   2.60810E-02   9.23688E-01   9.87354E-07 
    9.24233E-07   4.34553E-02   1.00000E+00

 Phase Region for:
     BCC_A2                        
     FCC_A1#1                      
 col-1=T, col-2=X(BCC_A2,C), col-3=X(BCC_A2,CR), col-4=X(BCC_A2,FE),
   col-5=X(BCC_A2,MN), col-6=X(BCC_A2,NI), col-7=X(BCC_A2,SI),
   col-8=X(FCC_A1#1,C), col-9=X(FCC_A1#1,CR), col-10=X(FCC_A1#1,FE),
   col-11=X(FCC_A1#1,MN), col-12=X(FCC_A1#1,NI), col-13=X(FCC_A1#1,SI),
   col-14=NP(BCC_A2), col-15=NP(FCC_A1#1),
   1.17300E+03   6.40426E-04   2.29530E-02   9.27620E-01   6.55048E-07 
    6.40468E-07   4.87855E-02   9.57639E-03   2.75100E-02   9.21891E-01 
    1.13917E-06   1.05387E-06   4.10203E-02   3.13586E-01   6.86414E-01
   1.16300E+03   6.60076E-04   2.30048E-02   9.27894E-01   6.66567E-07 
    6.54141E-07   4.84402E-02   1.04028E-02   2.79067E-02   9.21191E-01 
    1.17774E-06   1.08453E-06   4.04969E-02   3.72444E-01   6.27556E-01
   1.15300E+03   6.80042E-04   2.30521E-02   9.28144E-01   6.77617E-07 
    6.67582E-07   4.81227E-02   1.13043E-02   2.83326E-02   9.20375E-01 
    1.21760E-06   1.11502E-06   3.99859E-02   4.26394E-01   5.73606E-01
   1.14300E+03   7.00127E-04   2.30944E-02   9.28373E-01   6.88134E-07 
    6.80718E-07   4.78313E-02   1.22852E-02   2.87907E-02   9.19437E-01 
    1.25883E-06   1.14517E-06   3.94850E-02   4.75697E-01   5.24303E-01
   1.13300E+03   7.20142E-04   2.31314E-02   9.28583E-01   6.98069E-07 
    6.93495E-07   4.75644E-02   1.33499E-02   2.92848E-02   9.18371E-01 
    1.30156E-06   1.17485E-06   3.89922E-02   5.20651E-01   4.79349E-01
   1.12300E+03   7.39909E-04   2.31627E-02   9.28776E-01   7.07389E-07 
    7.05874E-07   4.73201E-02   1.45035E-02   2.98191E-02   9.17170E-01 
    1.34596E-06   1.20393E-06   3.85050E-02   5.61577E-01   4.38423E-01
   1.11300E+03   7.59266E-04   2.31881E-02   9.28955E-01   7.16068E-07 
    7.17827E-07   4.70963E-02   1.57517E-02   3.03988E-02   9.15826E-01 
    1.39226E-06   1.23230E-06   3.80210E-02   5.98801E-01   4.01199E-01
   1.10300E+03   7.78059E-04   2.32074E-02   9.29122E-01   7.24092E-07 
    7.29343E-07   4.68914E-02   1.71005E-02   3.10298E-02   9.14329E-01 
    1.44073E-06   1.25986E-06   3.75378E-02   6.32644E-01   3.67356E-01
   1.09300E+03   7.96148E-04   2.32205E-02   9.29278E-01   7.31452E-07 
    7.40417E-07   4.67036E-02   1.85570E-02   3.17191E-02   9.12668E-01 
    1.49174E-06   1.28654E-06   3.70530E-02   6.63415E-01   3.36585E-01
   1.08300E+03   8.13407E-04   2.32271E-02   9.29427E-01   7.38140E-07 
    7.51055E-07   4.65311E-02   2.01293E-02   3.24752E-02   9.10829E-01 
    1.54571E-06   1.31224E-06   3.65640E-02   6.91405E-01   3.08595E-01
   1.07797E+03   8.21739E-04   2.32279E-02   9.29499E-01   7.41251E-07 
    7.56245E-07   4.64497E-02   2.09669E-02   3.28837E-02   9.09831E-01 
    1.57415E-06   1.32477E-06   3.63157E-02   7.04522E-01   2.95478E-01

 Phase Region for:
     BCC_A2                        
     CEMENTITE                     
     FCC_A1#1                      
 col-1=T, col-2=X(BCC_A2,C), col-3=X(BCC_A2,CR), col-4=X(BCC_A2,FE),
   col-5=X(BCC_A2,MN), col-6=X(BCC_A2,NI), col-7=X(BCC_A2,SI),
   col-8=X(CEMENTITE,C), col-9=X(CEMENTITE,CR), col-10=X(CEMENTITE,FE),
   col-11=X(CEMENTITE,MN), col-12=X(CEMENTITE,NI), col-13=X(CEMENTITE,SI),
   col-14=X(FCC_A1#1,C), col-15=X(FCC_A1#1,CR), col-16=X(FCC_A1#1,FE),
   col-17=X(FCC_A1#1,MN), col-18=X(FCC_A1#1,NI), col-19=X(FCC_A1#1,SI),
   col-20=NP(BCC_A2), col-21=NP(CEMENTITE), col-22=NP(FCC_A1#1),
   1.07797E+03   8.21739E-04   2.32279E-02   9.29499E-01   7.41255E-07 
    7.56249E-07   4.64497E-02   2.50000E-01   2.36453E-01   5.13545E-01 
    1.73865E-06   8.18461E-08   0.00000E+00   2.09669E-02   3.28837E-02 
    9.09831E-01   1.57416E-06   1.32478E-06   3.63157E-02   7.04529E-01 
    5.82117E-07   2.95471E-01
   1.07396E+03   8.22577E-04   2.12251E-02   9.33432E-01   9.53867E-07 
    9.44291E-07   4.45187E-02   2.50000E-01   2.24529E-01   5.25468E-01 
    2.35588E-06   1.04533E-07   0.00000E+00   2.15845E-02   3.05568E-02 
    9.13382E-01   2.06302E-06   1.66403E-06   3.44732E-02   9.76115E-01 
    2.38851E-02   0.00000E+00

 Phase Region for:
     BCC_A2                        
     CEMENTITE                     
 col-1=T, col-2=X(BCC_A2,C), col-3=X(BCC_A2,CR), col-4=X(BCC_A2,FE),
   col-5=X(BCC_A2,MN), col-6=X(BCC_A2,NI), col-7=X(BCC_A2,SI),
   col-8=X(CEMENTITE,C), col-9=X(CEMENTITE,CR), col-10=X(CEMENTITE,FE),
   col-11=X(CEMENTITE,MN), col-12=X(CEMENTITE,NI), col-13=X(CEMENTITE,SI),
   col-14=NP(BCC_A2), col-15=NP(CEMENTITE),
   1.07396E+03   8.22577E-04   2.12251E-02   9.33432E-01   9.53867E-07 
    9.44291E-07   4.45187E-02   2.50000E-01   2.24529E-01   5.25468E-01 
    2.35588E-06   1.04533E-07   0.00000E+00   9.76115E-01   2.38851E-02  NONE
   1.07300E+03   8.13058E-04   2.12034E-02   9.33461E-01   9.53661E-07 
    9.44328E-07   4.45204E-02   2.50000E-01   2.25098E-01   5.24899E-01 
    2.36210E-06   1.04337E-07   0.00000E+00   9.76078E-01   2.39224E-02  NONE
   1.06300E+03   7.19325E-04   2.09755E-02   9.33766E-01   9.51449E-07 
    9.44694E-07   4.45371E-02   2.50000E-01   2.31169E-01   5.18829E-01 
    2.42966E-06   1.02316E-07   0.00000E+00   9.75711E-01   2.42894E-02  NONE
   1.05300E+03   6.34440E-04   2.07429E-02   9.34068E-01   9.49089E-07 
    9.45031E-07   4.45523E-02   2.50000E-01   2.37550E-01   5.12448E-01 
    2.50321E-06   1.00319E-07   0.00000E+00   9.75378E-01   2.46215E-02  NONE
   1.04300E+03   5.57770E-04   2.05047E-02   9.34370E-01   9.46555E-07 
    9.45341E-07   4.45660E-02   2.50000E-01   2.44262E-01   5.05735E-01 
    2.58366E-06   9.83497E-08   0.00000E+00   9.75079E-01   2.49213E-02  NONE
   1.03300E+03   4.88706E-04   2.02600E-02   9.34671E-01   9.43815E-07 
    9.45626E-07   4.45783E-02   2.50000E-01   2.51331E-01   4.98666E-01 
    2.67216E-06   9.64157E-08   0.00000E+00   9.74809E-01   2.51912E-02  NONE
   1.02300E+03   4.26670E-04   2.00081E-02   9.34974E-01   9.40828E-07 
    9.45886E-07   4.45894E-02   2.50000E-01   2.58784E-01   4.91213E-01 
    2.77013E-06   9.45248E-08   0.00000E+00   9.74566E-01   2.54335E-02  NONE
   1.01300E+03   3.71109E-04   1.97479E-02   9.35280E-01   9.37546E-07 
    9.46124E-07   4.45993E-02   2.50000E-01   2.66650E-01   4.83347E-01 
    2.87934E-06   9.26864E-08   0.00000E+00   9.74350E-01   2.56504E-02  NONE
   1.00300E+03   3.21158E-04   1.94704E-02   9.35598E-01   9.33318E-07 
    9.46338E-07   4.46083E-02   2.50000E-01   2.75247E-01   4.74750E-01 
    3.02405E-06   9.10819E-08   0.00000E+00   9.74155E-01   2.58454E-02  NONE
   9.93000E+02   2.76810E-04   1.91827E-02   9.35922E-01   9.28666E-07 
    9.46531E-07   4.46162E-02   2.50000E-01   2.84314E-01   4.65683E-01 
    3.18431E-06   8.95298E-08   0.00000E+00   9.73982E-01   2.60184E-02  NONE
   9.83000E+02   2.37736E-04   1.88892E-02   9.36248E-01   9.23939E-07 
    9.46708E-07   4.46232E-02   2.50000E-01   2.93692E-01   4.56305E-01 
    3.34705E-06   8.79328E-08   0.00000E+00   9.73829E-01   2.61707E-02  NONE
   9.73000E+02   2.03408E-04   1.85895E-02   9.36576E-01   9.19146E-07 
    9.46870E-07   4.46293E-02   2.50000E-01   3.03389E-01   4.46607E-01 
    3.51215E-06   8.62997E-08   0.00000E+00   9.73695E-01   2.63046E-02  NONE
   9.63000E+02   1.73344E-04   1.82832E-02   9.36907E-01   9.14292E-07 
    9.47019E-07   4.46347E-02   2.50000E-01   3.13412E-01   4.36584E-01 
    3.67951E-06   8.46393E-08   0.00000E+00   9.73578E-01   2.64217E-02  NONE
   9.53000E+02   1.47103E-04   1.79701E-02   9.37242E-01   9.09383E-07 
    9.47155E-07   4.46394E-02   2.50000E-01   3.23767E-01   4.26229E-01 
    3.84901E-06   8.29601E-08   0.00000E+00   9.73476E-01   2.65240E-02  NONE
   9.43000E+02   1.24282E-04   1.76499E-02   9.37581E-01   9.04427E-07 
    9.47280E-07   4.46434E-02   2.50000E-01   3.34457E-01   4.15539E-01 
    4.02048E-06   8.12704E-08   0.00000E+00   9.73387E-01   2.66129E-02  NONE
   9.33000E+02   1.04512E-04   1.73225E-02   9.37924E-01   8.99428E-07 
    9.47395E-07   4.46470E-02   2.50000E-01   3.45482E-01   4.04513E-01 
    4.19377E-06   7.95780E-08   0.00000E+00   9.73310E-01   2.66899E-02  NONE
   9.23000E+02   8.74563E-05   1.69878E-02   9.38273E-01   8.94395E-07 
    9.47501E-07   4.46500E-02   2.50000E-01   3.56842E-01   3.93153E-01 
    4.36866E-06   7.78905E-08   0.00000E+00   9.73244E-01   2.67563E-02  NONE
   9.13000E+02   7.28064E-05   1.66457E-02   9.38627E-01   8.89335E-07 
    9.47598E-07   4.46526E-02   2.50000E-01   3.68533E-01   3.81463E-01 
    4.54492E-06   7.62148E-08   0.00000E+00   9.73187E-01   2.68134E-02  NONE
   9.03000E+02   6.02818E-05   1.62965E-02   9.38987E-01   8.84256E-07 
    9.47687E-07   4.46549E-02   2.50000E-01   3.80545E-01   3.69450E-01 
    4.72228E-06   7.45572E-08   0.00000E+00   9.73138E-01   2.68621E-02  NONE
   8.93000E+02   4.96273E-05   1.59403E-02   9.39352E-01   8.79167E-07 
    9.47770E-07   4.46568E-02   2.50000E-01   3.92869E-01   3.57126E-01 
    4.90045E-06   7.29232E-08   0.00000E+00   9.73096E-01   2.69036E-02  NONE
   8.83000E+02   4.06111E-05   1.55773E-02   9.39722E-01   8.74076E-07 
    9.47846E-07   4.46584E-02   2.50000E-01   4.05490E-01   3.44505E-01 
    5.07909E-06   7.13177E-08   0.00000E+00   9.73061E-01   2.69387E-02  NONE
   8.73000E+02   3.30235E-05   1.52080E-02   9.40097E-01   8.68995E-07 
    9.47916E-07   4.46597E-02   2.50000E-01   4.18388E-01   3.31607E-01 
    5.25782E-06   6.97442E-08   0.00000E+00   9.73032E-01   2.69683E-02  NONE
   8.63000E+02   2.66756E-05   1.48328E-02   9.40478E-01   8.63934E-07 
    9.47981E-07   4.46609E-02   2.50000E-01   4.31540E-01   3.18454E-01 
    5.43622E-06   6.82053E-08   0.00000E+00   9.73007E-01   2.69930E-02  NONE
   8.53000E+02   2.13975E-05   1.44526E-02   9.40862E-01   8.58906E-07 
    9.48041E-07   4.46618E-02   2.50000E-01   4.44919E-01   3.05075E-01 
    5.61384E-06   6.67020E-08   0.00000E+00   9.72986E-01   2.70135E-02  NONE
   8.43000E+02   1.70377E-05   1.40680E-02   9.41251E-01   8.53925E-07 
    9.48097E-07   4.46626E-02   2.50000E-01   4.58492E-01   2.91503E-01 
    5.79018E-06   6.52342E-08   0.00000E+00   9.72970E-01   2.70305E-02  NONE
   8.33000E+02   1.34610E-05   1.36800E-02   9.41641E-01   8.49003E-07 
    9.48150E-07   4.46632E-02   2.50000E-01   4.72222E-01   2.77772E-01 
    5.96469E-06   6.37998E-08   0.00000E+00   9.72956E-01   2.70444E-02  NONE
   8.23000E+02   1.05482E-05   1.32896E-02   9.42034E-01   8.44158E-07 
    9.48199E-07   4.46637E-02   2.50000E-01   4.86069E-01   2.63925E-01 
    6.13677E-06   6.23953E-08   0.00000E+00   9.72944E-01   2.70557E-02  NONE
   8.13000E+02   8.19410E-06   1.28980E-02   9.42428E-01   8.39406E-07 
    9.48246E-07   4.46642E-02   2.50000E-01   4.99987E-01   2.50007E-01 
    6.30580E-06   6.10150E-08   0.00000E+00   9.72935E-01   2.70649E-02  NONE
   8.03000E+02   6.30707E-06   1.25064E-02   9.42821E-01   8.34766E-07 
    9.48291E-07   4.46645E-02   2.50000E-01   5.13929E-01   2.36065E-01 
    6.47108E-06   5.96516E-08   0.00000E+00   9.72928E-01   2.70722E-02  NONE
   7.93000E+02   4.80743E-06   1.21161E-02   9.43213E-01   8.30257E-07 
    9.48334E-07   4.46648E-02   2.50000E-01   5.27842E-01   2.22151E-01 
    6.63187E-06   5.82959E-08   0.00000E+00   9.72922E-01   2.70781E-02  NONE
   7.83000E+02   3.62653E-06   1.17287E-02   9.43601E-01   8.25901E-07 
    9.48376E-07   4.46650E-02   2.50000E-01   5.41674E-01   2.08319E-01 
    6.78737E-06   5.69368E-08   0.00000E+00   9.72917E-01   2.70827E-02  NONE
   7.73000E+02   2.70565E-06   1.13455E-02   9.43985E-01   8.21721E-07 
    9.48417E-07   4.46651E-02   2.50000E-01   5.55368E-01   1.94625E-01 
    6.93673E-06   5.55617E-08   0.00000E+00   9.72914E-01   2.70863E-02  NONE
   7.63000E+02   1.99498E-06   1.09680E-02   9.44363E-01   8.17741E-07 
    9.48459E-07   4.46653E-02   2.50000E-01   5.68869E-01   1.81124E-01 
    7.07905E-06   5.41566E-08   0.00000E+00   9.72911E-01   2.70890E-02  NONE
   7.53000E+02   1.45261E-06   1.05978E-02   9.44734E-01   8.13988E-07 
    9.48501E-07   4.46654E-02   2.50000E-01   5.82120E-01   1.67872E-01 
    7.21334E-06   5.27064E-08   0.00000E+00   9.72909E-01   2.70911E-02  NONE
   7.43000E+02   1.04359E-06   1.02364E-02   9.45095E-01   8.10490E-07 
    9.48545E-07   4.46654E-02   2.50000E-01   5.95067E-01   1.54926E-01 
    7.33857E-06   5.11958E-08   0.00000E+00   9.72907E-01   2.70927E-02  NONE
   7.33000E+02   7.39057E-07   9.88511E-03   9.45447E-01   8.07278E-07 
    9.48590E-07   4.46655E-02   2.50000E-01   6.07654E-01   1.42338E-01 
    7.45365E-06   4.96096E-08   0.00000E+00   9.72906E-01   2.70939E-02  NONE
   7.23000E+02   5.15417E-07   9.54542E-03   9.45787E-01   8.04382E-07 
    9.48638E-07   4.46655E-02   2.50000E-01   6.19833E-01   1.30160E-01 
    7.55742E-06   4.79333E-08   0.00000E+00   9.72905E-01   2.70948E-02  NONE
   7.13000E+02   3.53599E-07   9.21859E-03   9.46114E-01   8.01836E-07 
    9.48688E-07   4.46656E-02   2.50000E-01   6.31554E-01   1.18439E-01 
    7.64867E-06   4.61547E-08   0.00000E+00   9.72905E-01   2.70954E-02  NONE
   7.03000E+02   2.38364E-07   8.90582E-03   9.46427E-01   7.99675E-07 
    9.48741E-07   4.46656E-02   2.50000E-01   6.42774E-01   1.07219E-01 
    7.72617E-06   4.42638E-08   0.00000E+00   9.72904E-01   2.70959E-02  NONE
   6.93000E+02   1.57699E-07   8.60817E-03   9.46724E-01   7.97932E-07 
    9.48797E-07   4.46656E-02   2.50000E-01   6.53454E-01   9.65386E-02 
    7.78865E-06   4.22548E-08   0.00000E+00   9.72904E-01   2.70962E-02  NONE
   6.83000E+02   1.02268E-07   8.32656E-03   9.47006E-01   7.96644E-07 
    9.48857E-07   4.46656E-02   2.50000E-01   6.63560E-01   8.64325E-02 
    7.83485E-06   4.01261E-08   0.00000E+00   9.72904E-01   2.70964E-02  NONE
   6.73000E+02   6.49242E-08   8.06177E-03   9.47271E-01   7.95844E-07 
    9.48919E-07   4.46656E-02   2.50000E-01   6.73064E-01   7.69284E-02 
    7.86354E-06   3.78818E-08   0.00000E+00   9.72903E-01   2.70965E-02  NONE
