
 Phase Region for:
     FCC_A1#1                      
 col-1=T, col-2=W(FCC_A1#1,C), col-3=W(FCC_A1#1,CR), col-4=W(FCC_A1#1,FE),
   col-5=W(FCC_A1#1,MN), col-6=W(FCC_A1#1,NI), col-7=W(FCC_A1#1,SI),
   col-8=NP(FCC_A1#1),
   1.17300E+03   1.50000E-03   3.00000E-02   9.38498E-01   1.00000E-06 
    7.50075E-03   2.25003E-02   1.00000E+00
   1.18300E+03   1.50000E-03   3.00000E-02   9.38498E-01   1.00000E-06 
    7.50075E-03   2.25003E-02   1.00000E+00
   1.19300E+03   1.50000E-03   3.00000E-02   9.38498E-01   1.00000E-06 
    7.50075E-03   2.25003E-02   1.00000E+00
   1.20300E+03   1.50000E-03   3.00000E-02   9.38498E-01   1.00000E-06 
    7.50075E-03   2.25002E-02   1.00000E+00
   1.21300E+03   1.50000E-03   3.00000E-02   9.38498E-01   1.00000E-06 
    7.50075E-03   2.25003E-02   1.00000E+00
   1.22300E+03   1.50000E-03   3.00000E-02   9.38498E-01   1.00000E-06 
    7.50075E-03   2.25003E-02   1.00000E+00
   1.23300E+03   1.50000E-03   3.00000E-02   9.38498E-01   1.00000E-06 
    7.50075E-03   2.25002E-02   1.00000E+00
   1.24300E+03   1.50000E-03   3.00000E-02   9.38498E-01   1.00000E-06 
    7.50075E-03   2.25003E-02   1.00000E+00
   1.25300E+03   1.50000E-03   3.00000E-02   9.38498E-01   1.00000E-06 
    7.50075E-03   2.25003E-02   1.00000E+00
   1.26300E+03   1.50000E-03   3.00000E-02   9.38498E-01   1.00000E-06 
    7.50075E-03   2.25003E-02   1.00000E+00
   1.27300E+03   1.50000E-03   3.00000E-02   9.38498E-01   1.00000E-06 
    7.50075E-03   2.25003E-02   1.00000E+00
   1.28300E+03   1.50000E-03   3.00000E-02   9.38498E-01   1.00000E-06 
    7.50075E-03   2.25003E-02   1.00000E+00
   1.29300E+03   1.50000E-03   3.00000E-02   9.38498E-01   1.00000E-06 
    7.50075E-03   2.25002E-02   1.00000E+00
   1.30300E+03   1.50000E-03   3.00000E-02   9.38498E-01   1.00000E-06 
    7.50075E-03   2.25002E-02   1.00000E+00
   1.31300E+03   1.50000E-03   3.00000E-02   9.38498E-01   1.00000E-06 
    7.50075E-03   2.25003E-02   1.00000E+00
   1.32300E+03   1.50000E-03   3.00000E-02   9.38498E-01   1.00000E-06 
    7.50075E-03   2.25003E-02   1.00000E+00
   1.33300E+03   1.50000E-03   3.00000E-02   9.38498E-01   1.00000E-06 
    7.50075E-03   2.25002E-02   1.00000E+00
   1.34300E+03   1.50000E-03   3.00000E-02   9.38498E-01   1.00000E-06 
    7.50075E-03   2.25003E-02   1.00000E+00
   1.35300E+03   1.50000E-03   3.00000E-02   9.38498E-01   1.00000E-06 
    7.50075E-03   2.25003E-02   1.00000E+00
   1.36300E+03   1.50000E-03   3.00000E-02   9.38498E-01   1.00000E-06 
    7.50075E-03   2.25003E-02   1.00000E+00
   1.37300E+03   1.50000E-03   3.00000E-02   9.38498E-01   1.00000E-06 
    7.50075E-03   2.25003E-02   1.00000E+00
   1.38300E+03   1.50000E-03   3.00000E-02   9.38498E-01   1.00000E-06 
    7.50075E-03   2.25002E-02   1.00000E+00
   1.39300E+03   1.50000E-03   3.00000E-02   9.38498E-01   1.00000E-06 
    7.50075E-03   2.25002E-02   1.00000E+00
   1.40300E+03   1.50000E-03   3.00000E-02   9.38498E-01   1.00000E-06 
    7.50075E-03   2.25002E-02   1.00000E+00
   1.41300E+03   1.50000E-03   3.00000E-02   9.38498E-01   1.00000E-06 
    7.50075E-03   2.25003E-02   1.00000E+00
   1.42300E+03   1.50000E-03   3.00000E-02   9.38498E-01   1.00000E-06 
    7.50075E-03   2.25002E-02   1.00000E+00
   1.43300E+03   1.50000E-03   3.00000E-02   9.38498E-01   1.00000E-06 
    7.50075E-03   2.25003E-02   1.00000E+00
   1.44300E+03   1.50000E-03   3.00000E-02   9.38498E-01   1.00000E-06 
    7.50075E-03   2.25003E-02   1.00000E+00
   1.45300E+03   1.50000E-03   3.00000E-02   9.38498E-01   1.00000E-06 
    7.50075E-03   2.25003E-02   1.00000E+00
   1.46300E+03   1.50000E-03   3.00000E-02   9.38498E-01   1.00000E-06 
    7.50075E-03   2.25003E-02   1.00000E+00
   1.47300E+03   1.50000E-03   3.00000E-02   9.38498E-01   1.00000E-06 
    7.50075E-03   2.25002E-02   1.00000E+00

 Phase Region for:
     FCC_A1#1                      
 col-1=T, col-2=W(FCC_A1#1,C), col-3=W(FCC_A1#1,CR), col-4=W(FCC_A1#1,FE),
   col-5=W(FCC_A1#1,MN), col-6=W(FCC_A1#1,NI), col-7=W(FCC_A1#1,SI),
   col-8=NP(FCC_A1#1),
   1.17300E+03   1.50000E-03   3.00000E-02   9.38498E-01   1.00000E-06 
    7.50075E-03   2.25003E-02   1.00000E+00
   1.17290E+03   1.50000E-03   3.00000E-02   9.38498E-01   1.00000E-06 
    7.50075E-03   2.25002E-02   1.00000E+00
   1.16876E+03   1.50000E-03   3.00000E-02   9.38498E-01   1.00000E-06 
    7.50075E-03   2.25003E-02   1.00000E+00

 Phase Region for:
     BCC_A2                        
     FCC_A1#1                      
 col-1=T, col-2=W(BCC_A2,C), col-3=W(BCC_A2,CR), col-4=W(BCC_A2,FE),
   col-5=W(BCC_A2,MN), col-6=W(BCC_A2,NI), col-7=W(BCC_A2,SI),
   col-8=W(FCC_A1#1,C), col-9=W(FCC_A1#1,CR), col-10=W(FCC_A1#1,FE),
   col-11=W(FCC_A1#1,MN), col-12=W(FCC_A1#1,NI), col-13=W(FCC_A1#1,SI),
   col-14=NP(BCC_A2), col-15=NP(FCC_A1#1),
   1.16876E+03   9.96767E-05   2.58319E-02   9.43364E-01   5.65225E-07 
    4.44017E-03   2.62635E-02   1.50000E-03   3.00000E-02   9.38498E-01 
    1.00000E-06   7.50075E-03   2.25002E-02   9.11240E-07   9.99999E-01
   1.16300E+03   1.01610E-04   2.58806E-02   9.43412E-01   5.72853E-07 
    4.51148E-03   2.60942E-02   1.57612E-03   3.02242E-02   9.38231E-01 
    1.02325E-06   7.66348E-03   2.23046E-02   5.15408E-02   9.48459E-01
   1.15300E+03   1.05165E-04   2.59641E-02   9.43476E-01   5.86113E-07 
    4.63742E-03   2.58172E-02   1.72031E-03   3.06375E-02   9.37712E-01 
    1.06537E-06   7.95301E-03   2.19763E-02   1.36143E-01   8.63857E-01
   1.14300E+03   1.08945E-04   2.60446E-02   9.43519E-01   5.99281E-07 
    4.76517E-03   2.55615E-02   1.88096E-03   3.10832E-02   9.37123E-01 
    1.10974E-06   8.24993E-03   2.16619E-02   2.14525E-01   7.85475E-01
   1.13300E+03   1.12913E-04   2.61208E-02   9.43545E-01   6.12223E-07 
    4.89354E-03   2.53268E-02   2.05933E-03   3.15643E-02   9.36463E-01 
    1.15637E-06   8.55209E-03   2.13605E-02   2.86687E-01   7.13313E-01
   1.12300E+03   1.17029E-04   2.61914E-02   9.43557E-01   6.24814E-07 
    5.02148E-03   2.51122E-02   2.25677E-03   3.20841E-02   9.35730E-01 
    1.20530E-06   8.85741E-03   2.10710E-02   3.52770E-01   6.47230E-01
   1.11300E+03   1.21251E-04   2.62555E-02   9.43558E-01   6.36947E-07 
    5.14805E-03   2.49166E-02   2.47467E-03   3.26470E-02   9.34921E-01 
    1.25665E-06   9.16393E-03   2.07921E-02   4.13021E-01   5.86979E-01
   1.10300E+03   1.25537E-04   2.63125E-02   9.43550E-01   6.48532E-07 
    5.27246E-03   2.47389E-02   2.71457E-03   3.32586E-02   9.34034E-01 
    1.31058E-06   9.46982E-03   2.05220E-02   4.67768E-01   5.32232E-01
   1.09300E+03   1.29845E-04   2.63616E-02   9.43536E-01   6.59493E-07 
    5.39407E-03   2.45775E-02   2.97813E-03   3.39251E-02   9.33063E-01 
    1.36734E-06   9.77345E-03   2.02593E-02   5.17385E-01   4.82615E-01
   1.08300E+03   1.34135E-04   2.64026E-02   9.43519E-01   6.69772E-07 
    5.51242E-03   2.44311E-02   3.26722E-03   3.46545E-02   9.32001E-01 
    1.42726E-06   1.00733E-02   2.00021E-02   5.62272E-01   4.37728E-01
   1.07300E+03   1.38367E-04   2.64351E-02   9.43500E-01   6.79322E-07 
    5.62717E-03   2.42982E-02   3.58392E-03   3.54559E-02   9.30842E-01 
    1.49078E-06   1.03682E-02   1.97486E-02   6.02838E-01   3.97162E-01
   1.06741E+03   1.40694E-04   2.64494E-02   9.43490E-01   6.84331E-07 
    5.68969E-03   2.42293E-02   3.77394E-03   3.59396E-02   9.30147E-01 
    1.52807E-06   1.05304E-02   1.96078E-02   6.23787E-01   3.76213E-01

 Phase Region for:
     BCC_A2                        
     CEMENTITE                     
     FCC_A1#1                      
 col-1=T, col-2=W(BCC_A2,C), col-3=W(BCC_A2,CR), col-4=W(BCC_A2,FE),
   col-5=W(BCC_A2,MN), col-6=W(BCC_A2,NI), col-7=W(BCC_A2,SI),
   col-8=W(CEMENTITE,C), col-9=W(CEMENTITE,CR), col-10=W(CEMENTITE,FE),
   col-11=W(CEMENTITE,MN), col-12=W(CEMENTITE,NI), col-13=W(CEMENTITE,SI),
   col-14=W(FCC_A1#1,C), col-15=W(FCC_A1#1,CR), col-16=W(FCC_A1#1,FE),
   col-17=W(FCC_A1#1,MN), col-18=W(FCC_A1#1,NI), col-19=W(FCC_A1#1,SI),
   col-20=NP(BCC_A2), col-21=NP(CEMENTITE), col-22=NP(FCC_A1#1),
   1.06741E+03   1.40694E-04   2.64494E-02   9.43490E-01   6.84333E-07 
    5.68971E-03   2.42293E-02   6.85369E-02   3.31991E-01   5.98780E-01 
    1.84765E-06   6.90359E-04   0.00000E+00   3.77394E-03   3.59396E-02 
    9.30147E-01   1.52808E-06   1.05305E-02   1.96078E-02   6.23791E-01 
    2.94475E-07   3.76209E-01
   1.06300E+03   1.36252E-04   2.52684E-02   9.44516E-01   7.91714E-07 
    6.47459E-03   2.36040E-02   6.85115E-02   3.26937E-01   6.03760E-01 
    2.20631E-06   7.89538E-04   0.00000E+00   3.75981E-03   3.45505E-02 
    9.30519E-01   1.80613E-06   1.21184E-02   1.90507E-02   7.95287E-01 
    1.21126E-02   1.92600E-01
   1.05739E+03   1.29997E-04   2.40226E-02   9.45251E-01   9.63532E-07 
    7.63502E-03   2.29604E-02   6.84879E-02   3.22274E-01   6.08300E-01 
    2.78316E-06   9.35250E-04   0.00000E+00   3.71443E-03   3.30335E-02 
    9.30250E-01   2.26084E-06   1.45111E-02   1.84888E-02   9.75205E-01 
    2.47953E-02   0.00000E+00

 Phase Region for:
     BCC_A2                        
     CEMENTITE                     
 col-1=T, col-2=W(BCC_A2,C), col-3=W(BCC_A2,CR), col-4=W(BCC_A2,FE),
   col-5=W(BCC_A2,MN), col-6=W(BCC_A2,NI), col-7=W(BCC_A2,SI),
   col-8=W(CEMENTITE,C), col-9=W(CEMENTITE,CR), col-10=W(CEMENTITE,FE),
   col-11=W(CEMENTITE,MN), col-12=W(CEMENTITE,NI), col-13=W(CEMENTITE,SI),
   col-14=NP(BCC_A2), col-15=NP(CEMENTITE),
   1.05739E+03   1.29997E-04   2.40226E-02   9.45251E-01   9.63532E-07 
    7.63502E-03   2.29604E-02   6.84879E-02   3.22274E-01   6.08300E-01 
    2.78316E-06   9.35250E-04   0.00000E+00   9.75205E-01   2.47953E-02  NONE
   1.05300E+03   1.22708E-04   2.39130E-02   9.45365E-01   9.62647E-07 
    7.63587E-03   2.29627E-02   6.85071E-02   3.26141E-01   6.04422E-01 
    2.81726E-06   9.26859E-04   0.00000E+00   9.75075E-01   2.49246E-02  NONE
   1.04300E+03   1.07326E-04   2.36597E-02   9.45627E-01   9.60538E-07 
    7.63768E-03   2.29676E-02   6.85524E-02   3.35263E-01   5.95273E-01 
    2.89993E-06   9.08007E-04   0.00000E+00   9.74803E-01   2.51973E-02  NONE
   1.03300E+03   9.35238E-05   2.34004E-02   9.45894E-01   9.58276E-07 
    7.63933E-03   2.29719E-02   6.85999E-02   3.44851E-01   5.85656E-01 
    2.99055E-06   8.89554E-04   0.00000E+00   9.74558E-01   2.54418E-02  NONE
   1.02300E+03   8.11781E-05   2.31343E-02   9.46167E-01   9.55830E-07 
    7.64082E-03   2.29757E-02   6.86500E-02   3.54938E-01   5.75538E-01 
    3.09048E-06   8.71573E-04   0.00000E+00   9.74339E-01   2.56605E-02  NONE
   1.01300E+03   7.01702E-05   2.28605E-02   9.46447E-01   9.53161E-07 
    7.64217E-03   2.29790E-02   6.87026E-02   3.65559E-01   5.64881E-01 
    3.20145E-06   8.54149E-04   0.00000E+00   9.74145E-01   2.58554E-02  NONE
   1.00300E+03   6.03629E-05   2.25753E-02   9.46738E-01   9.50045E-07 
    7.64336E-03   2.29819E-02   6.87588E-02   3.76875E-01   5.53525E-01 
    3.33385E-06   8.37912E-04   0.00000E+00   9.73971E-01   2.60290E-02  NONE
   9.93000E+02   5.16266E-05   2.22730E-02   9.47046E-01   9.46088E-07 
    7.64440E-03   2.29843E-02   6.88196E-02   3.89148E-01   5.41205E-01 
    3.50580E-06   8.23830E-04   0.00000E+00   9.73816E-01   2.61836E-02  NONE
   9.83000E+02   4.39779E-05   2.19655E-02   9.47358E-01   9.42108E-07 
    7.64534E-03   2.29864E-02   6.88825E-02   4.01824E-01   5.28481E-01 
    3.67915E-06   8.09429E-04   0.00000E+00   9.73681E-01   2.63190E-02  NONE
   9.73000E+02   3.73035E-05   2.16527E-02   9.47675E-01   9.38114E-07 
    7.64618E-03   2.29882E-02   6.89473E-02   4.14909E-01   5.15345E-01 
    3.85367E-06   7.94789E-04   0.00000E+00   9.73563E-01   2.64370E-02  NONE
   9.63000E+02   3.14997E-05   2.13342E-02   9.47997E-01   9.34114E-07 
    7.64693E-03   2.29897E-02   6.90143E-02   4.28408E-01   5.01794E-01 
    4.02909E-06   7.79985E-04   0.00000E+00   9.73460E-01   2.65397E-02  NONE
   9.53000E+02   2.64722E-05   2.10101E-02   9.48324E-01   9.30119E-07 
    7.64761E-03   2.29908E-02   6.90832E-02   4.42323E-01   4.87824E-01 
    4.20509E-06   7.65087E-04   0.00000E+00   9.73371E-01   2.66286E-02  NONE
   9.43000E+02   2.21352E-05   2.06801E-02   9.48657E-01   9.26137E-07 
    7.64821E-03   2.29918E-02   6.91543E-02   4.56652E-01   4.73440E-01 
    4.38134E-06   7.50160E-04   0.00000E+00   9.73295E-01   2.67053E-02  NONE
   9.33000E+02   1.84101E-05   2.03443E-02   9.48995E-01   9.22178E-07 
    7.64875E-03   2.29925E-02   6.92273E-02   4.71388E-01   4.58645E-01 
    4.55745E-06   7.35263E-04   0.00000E+00   9.73229E-01   2.67712E-02  NONE
   9.23000E+02   1.52258E-05   2.00028E-02   9.49339E-01   9.18253E-07 
    7.64923E-03   2.29930E-02   6.93024E-02   4.86522E-01   4.43451E-01 
    4.73300E-06   7.20443E-04   0.00000E+00   9.73173E-01   2.68274E-02  NONE
   9.13000E+02   1.25174E-05   1.96559E-02   9.49688E-01   9.14372E-07 
    7.64965E-03   2.29933E-02   6.93793E-02   5.02038E-01   4.27872E-01 
    4.90751E-06   7.05743E-04   0.00000E+00   9.73125E-01   2.68753E-02  NONE
   9.03000E+02   1.02261E-05   1.93039E-02   9.50041E-01   9.10548E-07 
    7.65003E-03   2.29935E-02   6.94580E-02   5.17916E-01   4.11930E-01 
    5.08046E-06   6.91191E-04   0.00000E+00   9.73084E-01   2.69158E-02  NONE
   8.93000E+02   8.29881E-06   1.89472E-02   9.50400E-01   9.06793E-07 
    7.65036E-03   2.29936E-02   6.95384E-02   5.34131E-01   3.95649E-01 
    5.25127E-06   6.76807E-04   0.00000E+00   9.73050E-01   2.69499E-02  NONE
   8.83000E+02   6.68746E-06   1.85865E-02   9.50762E-01   9.03121E-07 
    7.65065E-03   2.29935E-02   6.96203E-02   5.50649E-01   3.79063E-01 
    5.41933E-06   6.62596E-04   0.00000E+00   9.73022E-01   2.69784E-02  NONE
   8.73000E+02   5.34899E-06   1.82224E-02   9.51127E-01   8.99545E-07 
    7.65091E-03   2.29933E-02   6.97035E-02   5.67433E-01   3.62209E-01 
    5.58394E-06   6.48547E-04   0.00000E+00   9.72998E-01   2.70020E-02  NONE
   8.63000E+02   4.24482E-06   1.78557E-02   9.51495E-01   8.96080E-07 
    7.65114E-03   2.29931E-02   6.97878E-02   5.84439E-01   3.45133E-01 
    5.74439E-06   6.34635E-04   0.00000E+00   9.72978E-01   2.70216E-02  NONE
   8.53000E+02   3.34060E-06   1.74876E-02   9.51864E-01   8.92743E-07 
    7.65135E-03   2.29928E-02   6.98729E-02   6.01614E-01   3.27886E-01 
    5.89989E-06   6.20818E-04   0.00000E+00   9.72962E-01   2.70375E-02  NONE
   8.43000E+02   2.60586E-06   1.71189E-02   9.52234E-01   8.89550E-07 
    7.65154E-03   2.29924E-02   6.99586E-02   6.18904E-01   3.10525E-01 
    6.04962E-06   6.07036E-04   0.00000E+00   9.72949E-01   2.70505E-02  NONE
   8.33000E+02   2.01378E-06   1.67510E-02   9.52602E-01   8.86517E-07 
    7.65171E-03   2.29920E-02   7.00446E-02   6.36244E-01   2.93112E-01 
    6.19272E-06   5.93213E-04   0.00000E+00   9.72939E-01   2.70610E-02  NONE
   8.23000E+02   1.54085E-06   1.63852E-02   9.52969E-01   8.83664E-07 
    7.65187E-03   2.29915E-02   7.01304E-02   6.53567E-01   2.75717E-01 
    6.32829E-06   5.79257E-04   0.00000E+00   9.72931E-01   2.70694E-02  NONE
   8.13000E+02   1.16664E-06   1.60228E-02   9.53332E-01   8.81007E-07 
    7.65203E-03   2.29910E-02   7.02159E-02   6.70802E-01   2.58411E-01 
    6.45540E-06   5.65059E-04   0.00000E+00   9.72924E-01   2.70760E-02  NONE
   8.03000E+02   8.73497E-07   1.56653E-02   9.53690E-01   8.78565E-07 
    7.65219E-03   2.29905E-02   7.03005E-02   6.87874E-01   2.41269E-01 
    6.57311E-06   5.50500E-04   0.00000E+00   9.72919E-01   2.70812E-02  NONE
   7.93000E+02   6.46313E-07   1.53141E-02   9.54042E-01   8.76357E-07 
    7.65236E-03   2.29900E-02   7.03839E-02   7.04705E-01   2.24369E-01 
    6.68048E-06   5.35455E-04   0.00000E+00   9.72915E-01   2.70852E-02  NONE
   7.83000E+02   4.72249E-07   1.49708E-02   9.54386E-01   8.74400E-07 
    7.65254E-03   2.29895E-02   7.04658E-02   7.21219E-01   2.07789E-01 
    6.77655E-06   5.19792E-04   0.00000E+00   9.72912E-01   2.70883E-02  NONE
   7.73000E+02   3.40502E-07   1.46367E-02   9.54720E-01   8.72713E-07 
    7.65273E-03   2.29890E-02   7.05457E-02   7.37339E-01   1.91605E-01 
    6.86041E-06   5.03389E-04   0.00000E+00   9.72909E-01   2.70906E-02  NONE
   7.63000E+02   2.42077E-07   1.43134E-02   9.55044E-01   8.71312E-07 
    7.65295E-03   2.29884E-02   7.06233E-02   7.52991E-01   1.75893E-01 
    6.93118E-06   4.86132E-04   0.00000E+00   9.72908E-01   2.70923E-02  NONE
   7.53000E+02   1.69558E-07   1.40020E-02   9.55356E-01   8.70213E-07 
    7.65318E-03   2.29879E-02   7.06983E-02   7.68104E-01   1.60722E-01 
    6.98802E-06   4.67928E-04   0.00000E+00   9.72906E-01   2.70936E-02  NONE
   7.43000E+02   1.16913E-07   1.37039E-02   9.55654E-01   8.69431E-07 
    7.65345E-03   2.29874E-02   7.07702E-02   7.82615E-01   1.46159E-01 
    7.03017E-06   4.48713E-04   0.00000E+00   9.72905E-01   2.70945E-02  NONE
   7.33000E+02   7.92899E-08   1.34200E-02   9.55938E-01   8.68977E-07 
    7.65374E-03   2.29870E-02   7.08389E-02   7.96465E-01   1.32261E-01 
    7.05698E-06   4.28458E-04   0.00000E+00   9.72905E-01   2.70952E-02  NONE
   7.23000E+02   5.28470E-08   1.31514E-02   9.56207E-01   8.68862E-07 
    7.65405E-03   2.29865E-02   7.09041E-02   8.09603E-01   1.19078E-01 
    7.06788E-06   4.07178E-04   0.00000E+00   9.72904E-01   2.70957E-02  NONE
   7.13000E+02   3.45863E-08   1.28986E-02   9.56460E-01   8.69094E-07 
    7.65440E-03   2.29861E-02   7.09655E-02   8.21990E-01   1.06652E-01 
    7.06245E-06   3.84937E-04   0.00000E+00   9.72904E-01   2.70960E-02  NONE
   7.03000E+02   2.22080E-08   1.26622E-02   9.56696E-01   8.69676E-07 
    7.65477E-03   2.29857E-02   7.10231E-02   8.33595E-01   9.50135E-02 
    7.04042E-06   3.61844E-04   0.00000E+00   9.72904E-01   2.70962E-02  NONE
   6.93000E+02   1.39791E-08   1.24427E-02   9.56916E-01   8.70611E-07 
    7.65517E-03   2.29853E-02   7.10767E-02   8.44395E-01   8.41836E-02 
    7.00167E-06   3.38059E-04   0.00000E+00   9.72904E-01   2.70964E-02  NONE
   6.83000E+02   8.61932E-09   1.22400E-02   9.57119E-01   8.71897E-07 
    7.65558E-03   2.29850E-02   7.11262E-02   8.54380E-01   7.41726E-02 
    6.94625E-06   3.13785E-04   0.00000E+00   9.72904E-01   2.70964E-02  NONE
   6.73000E+02   5.20180E-09   1.20541E-02   9.57304E-01   8.73528E-07 
    7.65601E-03   2.29847E-02   7.11717E-02   8.63551E-01   6.49808E-02 
    6.87436E-06   2.89258E-04   0.00000E+00   9.72903E-01   2.70965E-02  NONE
