
 Phase Region for:
     FCC_A1#1                      
 col-1=T, col-2=X(FCC_A1#1,C), col-3=X(FCC_A1#1,CR), col-4=X(FCC_A1#1,FE),
   col-5=X(FCC_A1#1,MN), col-6=X(FCC_A1#1,NI), col-7=X(FCC_A1#1,SI),
   col-8=NP(FCC_A1#1),
   1.17300E+03   6.73966E-03   1.29745E-02   8.99652E-01   9.82320E-07 
    2.29885E-02   5.76444E-02   1.00000E+00
   1.18300E+03   6.73966E-03   1.29745E-02   8.99652E-01   9.82320E-07 
    2.29885E-02   5.76444E-02   1.00000E+00
   1.19300E+03   6.73966E-03   1.29745E-02   8.99652E-01   9.82320E-07 
    2.29885E-02   5.76444E-02   1.00000E+00
   1.20300E+03   6.73966E-03   1.29745E-02   8.99652E-01   9.82320E-07 
    2.29885E-02   5.76444E-02   1.00000E+00
   1.21300E+03   6.73966E-03   1.29745E-02   8.99652E-01   9.82320E-07 
    2.29885E-02   5.76444E-02   1.00000E+00
   1.22300E+03   6.73966E-03   1.29745E-02   8.99652E-01   9.82320E-07 
    2.29885E-02   5.76444E-02   1.00000E+00
   1.23300E+03   6.73966E-03   1.29745E-02   8.99652E-01   9.82320E-07 
    2.29885E-02   5.76444E-02   1.00000E+00
   1.24300E+03   6.73966E-03   1.29745E-02   8.99652E-01   9.82320E-07 
    2.29885E-02   5.76444E-02   1.00000E+00
   1.25300E+03   6.73966E-03   1.29745E-02   8.99652E-01   9.82320E-07 
    2.29885E-02   5.76444E-02   1.00000E+00
   1.26300E+03   6.73966E-03   1.29745E-02   8.99652E-01   9.82320E-07 
    2.29885E-02   5.76444E-02   1.00000E+00
   1.27300E+03   6.73966E-03   1.29745E-02   8.99652E-01   9.82320E-07 
    2.29885E-02   5.76444E-02   1.00000E+00
   1.28300E+03   6.73966E-03   1.29745E-02   8.99652E-01   9.82320E-07 
    2.29885E-02   5.76444E-02   1.00000E+00
   1.29300E+03   6.73966E-03   1.29745E-02   8.99652E-01   9.82320E-07 
    2.29885E-02   5.76444E-02   1.00000E+00
   1.30300E+03   6.73966E-03   1.29745E-02   8.99652E-01   9.82320E-07 
    2.29885E-02   5.76444E-02   1.00000E+00
   1.31300E+03   6.73966E-03   1.29745E-02   8.99652E-01   9.82320E-07 
    2.29885E-02   5.76444E-02   1.00000E+00
   1.32300E+03   6.73966E-03   1.29745E-02   8.99652E-01   9.82320E-07 
    2.29885E-02   5.76444E-02   1.00000E+00
   1.33300E+03   6.73966E-03   1.29745E-02   8.99652E-01   9.82320E-07 
    2.29885E-02   5.76444E-02   1.00000E+00
   1.34300E+03   6.73966E-03   1.29745E-02   8.99652E-01   9.82320E-07 
    2.29885E-02   5.76444E-02   1.00000E+00
   1.35300E+03   6.73966E-03   1.29745E-02   8.99652E-01   9.82320E-07 
    2.29885E-02   5.76444E-02   1.00000E+00
   1.36300E+03   6.73966E-03   1.29745E-02   8.99652E-01   9.82320E-07 
    2.29885E-02   5.76444E-02   1.00000E+00
   1.37300E+03   6.73966E-03   1.29745E-02   8.99652E-01   9.82320E-07 
    2.29885E-02   5.76444E-02   1.00000E+00
   1.38300E+03   6.73966E-03   1.29745E-02   8.99652E-01   9.82320E-07 
    2.29885E-02   5.76444E-02   1.00000E+00
   1.39300E+03   6.73966E-03   1.29745E-02   8.99652E-01   9.82320E-07 
    2.29885E-02   5.76444E-02   1.00000E+00
   1.40300E+03   6.73966E-03   1.29745E-02   8.99652E-01   9.82320E-07 
    2.29885E-02   5.76444E-02   1.00000E+00
   1.41300E+03   6.73966E-03   1.29745E-02   8.99652E-01   9.82320E-07 
    2.29885E-02   5.76444E-02   1.00000E+00
   1.42300E+03   6.73966E-03   1.29745E-02   8.99652E-01   9.82320E-07 
    2.29885E-02   5.76444E-02   1.00000E+00
   1.43300E+03   6.73966E-03   1.29745E-02   8.99652E-01   9.82320E-07 
    2.29885E-02   5.76444E-02   1.00000E+00
   1.44300E+03   6.73966E-03   1.29745E-02   8.99652E-01   9.82320E-07 
    2.29885E-02   5.76444E-02   1.00000E+00
   1.45300E+03   6.73966E-03   1.29745E-02   8.99652E-01   9.82320E-07 
    2.29885E-02   5.76444E-02   1.00000E+00
   1.46300E+03   6.73966E-03   1.29745E-02   8.99652E-01   9.82320E-07 
    2.29885E-02   5.76444E-02   1.00000E+00
   1.47300E+03   6.73966E-03   1.29745E-02   8.99652E-01   9.82320E-07 
    2.29885E-02   5.76444E-02   1.00000E+00

 Phase Region for:
     FCC_A1#1                      
 col-1=T, col-2=X(FCC_A1#1,C), col-3=X(FCC_A1#1,CR), col-4=X(FCC_A1#1,FE),
   col-5=X(FCC_A1#1,MN), col-6=X(FCC_A1#1,NI), col-7=X(FCC_A1#1,SI),
   col-8=NP(FCC_A1#1),
   1.17300E+03   6.73966E-03   1.29745E-02   8.99652E-01   9.82320E-07 
    2.29885E-02   5.76444E-02   1.00000E+00
   1.17290E+03   6.73966E-03   1.29745E-02   8.99652E-01   9.82320E-07 
    2.29885E-02   5.76444E-02   1.00000E+00
   1.17097E+03   6.73966E-03   1.29745E-02   8.99652E-01   9.82320E-07 
    2.29885E-02   5.76444E-02   1.00000E+00

 Phase Region for:
     BCC_A2                        
     FCC_A1#1                      
 col-1=T, col-2=X(BCC_A2,C), col-3=X(BCC_A2,CR), col-4=X(BCC_A2,FE),
   col-5=X(BCC_A2,MN), col-6=X(BCC_A2,NI), col-7=X(BCC_A2,SI),
   col-8=X(FCC_A1#1,C), col-9=X(FCC_A1#1,CR), col-10=X(FCC_A1#1,FE),
   col-11=X(FCC_A1#1,MN), col-12=X(FCC_A1#1,NI), col-13=X(FCC_A1#1,SI),
   col-14=NP(BCC_A2), col-15=NP(FCC_A1#1),
   1.17097E+03   4.42631E-04   1.08689E-02   9.07754E-01   5.18142E-07 
    1.31978E-02   6.77358E-02   6.73966E-03   1.29745E-02   8.99652E-01 
    9.82320E-07   2.29885E-02   5.76444E-02   6.17638E-07   9.99999E-01
   1.16300E+03   4.44501E-04   1.08892E-02   9.07985E-01   5.23249E-07 
    1.33555E-02   6.73254E-02   7.06200E-03   1.30813E-02   8.99225E-01 
    1.00583E-06   2.34817E-02   5.71487E-02   4.87103E-02   9.51290E-01
   1.15300E+03   4.47529E-04   1.09159E-02   9.08250E-01   5.29814E-07 
    1.35639E-02   6.68224E-02   7.50376E-03   1.32245E-02   8.98608E-01 
    1.03727E-06   2.41330E-02   5.65298E-02   1.08288E-01   8.91712E-01
   1.14300E+03   4.51285E-04   1.09434E-02   9.08487E-01   5.36512E-07 
    1.37830E-02   6.63347E-02   7.99054E-03   1.33786E-02   8.97894E-01 
    1.07100E-06   2.48196E-02   5.59157E-02   1.65916E-01   8.34084E-01
   1.13300E+03   4.55732E-04   1.09713E-02   9.08697E-01   5.43292E-07 
    1.40118E-02   6.58641E-02   8.52645E-03   1.35441E-02   8.97080E-01 
    1.10715E-06   2.55409E-02   5.53072E-02   2.21392E-01   7.78608E-01
   1.12300E+03   4.60826E-04   1.09992E-02   9.08878E-01   5.50100E-07 
    1.42493E-02   6.54120E-02   9.11592E-03   1.37221E-02   8.96160E-01 
    1.14590E-06   2.62959E-02   5.47047E-02   2.74551E-01   7.25449E-01
   1.11300E+03   4.66522E-04   1.10266E-02   9.09032E-01   5.56881E-07 
    1.44942E-02   6.49797E-02   9.76368E-03   1.39136E-02   8.95130E-01 
    1.18741E-06   2.70832E-02   5.41084E-02   3.25263E-01   6.74737E-01
   1.10300E+03   4.72769E-04   1.10530E-02   9.09161E-01   5.63572E-07 
    1.47453E-02   6.45677E-02   1.04748E-02   1.41198E-02   8.93985E-01 
    1.23190E-06   2.79015E-02   5.35180E-02   3.73440E-01   6.26560E-01
   1.09300E+03   4.79514E-04   1.10781E-02   9.09264E-01   5.70113E-07 
    1.50015E-02   6.41765E-02   1.12548E-02   1.43423E-02   8.92719E-01 
    1.27962E-06   2.87491E-02   5.29331E-02   4.19027E-01   5.80973E-01
   1.08300E+03   4.86703E-04   1.11015E-02   9.09344E-01   5.76437E-07 
    1.52613E-02   6.38062E-02   1.21095E-02   1.45831E-02   8.91329E-01 
    1.33088E-06   2.96243E-02   5.23528E-02   4.62009E-01   5.37991E-01
   1.07300E+03   4.94278E-04   1.11226E-02   9.09402E-01   5.82479E-07 
    1.55237E-02   6.34567E-02   1.30452E-02   1.48443E-02   8.89808E-01 
    1.38601E-06   3.05252E-02   5.17761E-02   5.02397E-01   4.97603E-01
   1.06300E+03   5.02185E-04   1.11413E-02   9.09441E-01   5.88169E-07 
    1.57874E-02   6.31276E-02   1.40688E-02   1.51286E-02   8.88150E-01 
    1.44546E-06   3.14499E-02   5.12015E-02   5.40235E-01   4.59765E-01
   1.05300E+03   5.10366E-04   1.11571E-02   9.09462E-01   5.93436E-07 
    1.60513E-02   6.28183E-02   1.51879E-02   1.54394E-02   8.86347E-01 
    1.50973E-06   3.23967E-02   5.06276E-02   5.75589E-01   4.24411E-01
   1.04300E+03   5.18770E-04   1.11697E-02   9.09469E-01   5.98206E-07 
    1.63144E-02   6.25279E-02   1.64104E-02   1.57803E-02   8.84391E-01 
    1.57945E-06   3.33637E-02   5.00526E-02   6.08543E-01   3.91457E-01
   1.03300E+03   5.27345E-04   1.11787E-02   9.09462E-01   6.02398E-07 
    1.65758E-02   6.22557E-02   1.77454E-02   1.61560E-02   8.82273E-01 
    1.65539E-06   3.43493E-02   4.94749E-02   6.39199E-01   3.60801E-01
   1.02733E+03   5.32270E-04   1.11821E-02   9.09453E-01   6.04487E-07 
    1.67230E-02   6.21090E-02   1.85568E-02   1.63868E-02   8.80993E-01 
    1.70161E-06   3.49162E-02   4.91451E-02   6.55614E-01   3.44386E-01

 Phase Region for:
     BCC_A2                        
     CEMENTITE                     
     FCC_A1#1                      
 col-1=T, col-2=X(BCC_A2,C), col-3=X(BCC_A2,CR), col-4=X(BCC_A2,FE),
   col-5=X(BCC_A2,MN), col-6=X(BCC_A2,NI), col-7=X(BCC_A2,SI),
   col-8=X(CEMENTITE,C), col-9=X(CEMENTITE,CR), col-10=X(CEMENTITE,FE),
   col-11=X(CEMENTITE,MN), col-12=X(CEMENTITE,NI), col-13=X(CEMENTITE,SI),
   col-14=X(FCC_A1#1,C), col-15=X(FCC_A1#1,CR), col-16=X(FCC_A1#1,FE),
   col-17=X(FCC_A1#1,MN), col-18=X(FCC_A1#1,NI), col-19=X(FCC_A1#1,SI),
   col-20=NP(BCC_A2), col-21=NP(CEMENTITE), col-22=NP(FCC_A1#1),
   1.02733E+03   5.32270E-04   1.11821E-02   9.09453E-01   6.04488E-07 
    1.67230E-02   6.21090E-02   2.50000E-01   1.53388E-01   5.94221E-01 
    1.87127E-06   2.38920E-03   0.00000E+00   1.85568E-02   1.63868E-02 
    8.80993E-01   1.70161E-06   3.49163E-02   4.91451E-02   6.55615E-01 
    1.26934E-07   3.44385E-01
   1.02300E+03   5.09598E-04   1.08377E-02   9.09535E-01   6.38442E-07 
    1.75724E-02   6.15449E-02   2.50000E-01   1.52163E-01   5.95321E-01 
    2.02249E-06   2.51404E-03   0.00000E+00   1.81999E-02   1.58765E-02 
    8.79968E-01   1.84345E-06   3.72313E-02   4.87227E-02   7.15392E-01 
    5.15646E-03   2.79452E-01
   1.01300E+03   4.57901E-04   1.01807E-02   9.09294E-01   7.23996E-07 
    1.95901E-02   6.04770E-02   2.50000E-01   1.50740E-01   5.96453E-01 
    2.41542E-06   2.80443E-03   0.00000E+00   1.72754E-02   1.48694E-02 
    8.76859E-01   2.22436E-06   4.30120E-02   4.79820E-02   8.29696E-01 
    1.46854E-02   1.55619E-01
   1.00300E+03   4.08180E-04   9.67850E-03   9.08590E-01   8.19966E-07 
    2.16340E-02   5.96881E-02   2.50000E-01   1.51042E-01   5.95866E-01 
    2.87780E-06   3.08894E-03   0.00000E+00   1.62435E-02   1.40574E-02 
    8.72835E-01   2.69401E-06   4.93417E-02   4.75195E-02   9.15462E-01 
    2.13589E-02   6.31794E-02
   9.93751E+02   3.64758E-04   9.31527E-03   9.07661E-01   9.19428E-07 
    2.35034E-02   5.91550E-02   2.50000E-01   1.52609E-01   5.94048E-01 
    3.38220E-06   3.33981E-03   0.00000E+00   1.52252E-02   1.34362E-02 
    8.68406E-01   3.23009E-06   5.56416E-02   4.72876E-02   9.74463E-01 
    2.55369E-02   0.00000E+00

 Phase Region for:
     BCC_A2                        
     CEMENTITE                     
 col-1=T, col-2=X(BCC_A2,C), col-3=X(BCC_A2,CR), col-4=X(BCC_A2,FE),
   col-5=X(BCC_A2,MN), col-6=X(BCC_A2,NI), col-7=X(BCC_A2,SI),
   col-8=X(CEMENTITE,C), col-9=X(CEMENTITE,CR), col-10=X(CEMENTITE,FE),
   col-11=X(CEMENTITE,MN), col-12=X(CEMENTITE,NI), col-13=X(CEMENTITE,SI),
   col-14=NP(BCC_A2), col-15=NP(CEMENTITE),
   9.93751E+02   3.64758E-04   9.31527E-03   9.07661E-01   9.19428E-07 
    2.35034E-02   5.91550E-02   2.50000E-01   1.52609E-01   5.94048E-01 
    3.38220E-06   3.33981E-03   0.00000E+00   9.74463E-01   2.55369E-02  NONE
   9.93000E+02   3.61213E-04   9.30358E-03   9.07675E-01   9.19071E-07 
    2.35038E-02   5.91559E-02   2.50000E-01   1.52977E-01   5.93683E-01 
    3.39450E-06   3.33640E-03   0.00000E+00   9.74449E-01   2.55507E-02  NONE
   9.83000E+02   3.16746E-04   9.13923E-03   9.07868E-01   9.13162E-07 
    2.35083E-02   5.91664E-02   2.50000E-01   1.58232E-01   5.88463E-01 
    3.60158E-06   3.30095E-03   0.00000E+00   9.74276E-01   2.57242E-02  NONE
   9.73000E+02   2.77052E-04   8.96904E-03   9.08065E-01   9.06774E-07 
    2.35125E-02   5.91758E-02   2.50000E-01   1.63746E-01   5.82985E-01 
    3.82597E-06   3.26501E-03   0.00000E+00   9.74121E-01   2.58791E-02  NONE
   9.63000E+02   2.41689E-04   8.79434E-03   9.08262E-01   9.00154E-07 
    2.35164E-02   5.91842E-02   2.50000E-01   1.69466E-01   5.77304E-01 
    4.05831E-06   3.22598E-03   0.00000E+00   9.73983E-01   2.60170E-02  NONE
   9.53000E+02   2.10254E-04   8.61488E-03   9.08462E-01   8.93297E-07 
    2.35201E-02   5.91916E-02   2.50000E-01   1.75398E-01   5.71413E-01 
    4.29897E-06   3.18410E-03   0.00000E+00   9.73860E-01   2.61396E-02  NONE
   9.43000E+02   1.82378E-04   8.43045E-03   9.08665E-01   8.86195E-07 
    2.35235E-02   5.91982E-02   2.50000E-01   1.81550E-01   5.65306E-01 
    4.54834E-06   3.13963E-03   0.00000E+00   9.73752E-01   2.62483E-02  NONE
   9.33000E+02   1.57722E-04   8.24082E-03   9.08870E-01   8.78839E-07 
    2.35268E-02   5.92041E-02   2.50000E-01   1.87927E-01   5.58976E-01 
    4.80684E-06   3.09281E-03   0.00000E+00   9.73656E-01   2.63444E-02  NONE
   9.23000E+02   1.35973E-04   8.04584E-03   9.09078E-01   8.71220E-07 
    2.35299E-02   5.92092E-02   2.50000E-01   1.94533E-01   5.52418E-01 
    5.07492E-06   3.04390E-03   0.00000E+00   9.73571E-01   2.64291E-02  NONE
   9.13000E+02   1.16843E-04   7.84534E-03   9.09290E-01   8.63325E-07 
    2.35329E-02   5.92138E-02   2.50000E-01   2.01373E-01   5.45628E-01 
    5.35309E-06   2.99318E-03   0.00000E+00   9.73496E-01   2.65036E-02  NONE
   9.03000E+02   1.00068E-04   7.63922E-03   9.09506E-01   8.55142E-07 
    2.35357E-02   5.92178E-02   2.50000E-01   2.08449E-01   5.38604E-01 
    5.64184E-06   2.94089E-03   0.00000E+00   9.73431E-01   2.65690E-02  NONE
   8.93000E+02   8.54058E-05   7.42739E-03   9.09727E-01   8.46658E-07 
    2.35383E-02   5.92212E-02   2.50000E-01   2.15762E-01   5.31345E-01 
    5.94174E-06   2.88732E-03   0.00000E+00   9.73374E-01   2.66261E-02  NONE
   8.83000E+02   7.26326E-05   7.20984E-03   9.09952E-01   8.37856E-07 
    2.35409E-02   5.92243E-02   2.50000E-01   2.23312E-01   5.23849E-01 
    6.25339E-06   2.83275E-03   0.00000E+00   9.73324E-01   2.66759E-02  NONE
   8.73000E+02   6.15442E-05   6.98658E-03   9.10181E-01   8.28720E-07 
    2.35433E-02   5.92269E-02   2.50000E-01   2.31095E-01   5.16121E-01 
    6.57743E-06   2.77744E-03   0.00000E+00   9.73281E-01   2.67190E-02  NONE
   8.63000E+02   5.19536E-05   6.75770E-03   9.10415E-01   8.19231E-07 
    2.35457E-02   5.92292E-02   2.50000E-01   2.39107E-01   5.08164E-01 
    6.91454E-06   2.72169E-03   0.00000E+00   9.73244E-01   2.67564E-02  NONE
   8.53000E+02   4.36903E-05   6.52335E-03   9.10653E-01   8.09370E-07 
    2.35479E-02   5.92311E-02   2.50000E-01   2.47342E-01   4.99985E-01 
    7.26546E-06   2.66576E-03   0.00000E+00   9.73211E-01   2.67886E-02  NONE
   8.43000E+02   3.65985E-05   6.28376E-03   9.10896E-01   7.99115E-07 
    2.35500E-02   5.92328E-02   2.50000E-01   2.55789E-01   4.91593E-01 
    7.63101E-06   2.60995E-03   0.00000E+00   9.73184E-01   2.68162E-02  NONE
   8.33000E+02   3.05369E-05   6.03923E-03   9.11143E-01   7.88440E-07 
    2.35521E-02   5.92342E-02   2.50000E-01   2.64436E-01   4.83001E-01 
    8.01203E-06   2.55451E-03   0.00000E+00   9.73160E-01   2.68398E-02  NONE
   8.23000E+02   2.53777E-05   5.79014E-03   9.11394E-01   7.77321E-07 
    2.35540E-02   5.92355E-02   2.50000E-01   2.73267E-01   4.74224E-01 
    8.40947E-06   2.49972E-03   0.00000E+00   9.73140E-01   2.68598E-02  NONE
   8.13000E+02   2.10054E-05   5.53697E-03   9.11649E-01   7.65729E-07 
    2.35559E-02   5.92365E-02   2.50000E-01   2.82264E-01   4.65281E-01 
    8.82435E-06   2.44583E-03   0.00000E+00   9.73123E-01   2.68769E-02  NONE
   8.03000E+02   1.73162E-05   5.28030E-03   9.11907E-01   7.53633E-07 
    2.35576E-02   5.92374E-02   2.50000E-01   2.91405E-01   4.56193E-01 
    9.25776E-06   2.39308E-03   0.00000E+00   9.73109E-01   2.68912E-02  NONE
   7.93000E+02   1.42172E-05   5.02078E-03   9.12167E-01   7.41000E-07 
    2.35593E-02   5.92381E-02   2.50000E-01   3.00663E-01   4.46985E-01 
    9.71089E-06   2.34171E-03   0.00000E+00   9.73097E-01   2.69033E-02  NONE
   7.83000E+02   1.16259E-05   4.75918E-03   9.12429E-01   7.27794E-07 
    2.35609E-02   5.92387E-02   2.50000E-01   3.10011E-01   4.37687E-01 
    1.01850E-05   2.29191E-03   0.00000E+00   9.73087E-01   2.69134E-02  NONE
   7.73000E+02   9.46889E-06   4.49634E-03   9.12692E-01   7.13976E-07 
    2.35624E-02   5.92392E-02   2.50000E-01   3.19416E-01   4.28329E-01 
    1.06815E-05   2.24387E-03   0.00000E+00   9.73078E-01   2.69218E-02  NONE
   7.63000E+02   7.68159E-06   4.23319E-03   9.12955E-01   6.99506E-07 
    2.35638E-02   5.92396E-02   2.50000E-01   3.28844E-01   4.18947E-01 
    1.12018E-05   2.19775E-03   0.00000E+00   9.73071E-01   2.69287E-02  NONE
   7.53000E+02   6.20737E-06   3.97073E-03   9.13217E-01   6.84340E-07 
    2.35652E-02   5.92400E-02   2.50000E-01   3.38256E-01   4.09578E-01 
    1.17475E-05   2.15370E-03   0.00000E+00   9.73066E-01   2.69345E-02  NONE
   7.43000E+02   4.99689E-06   3.71005E-03   9.13478E-01   6.68434E-07 
    2.35665E-02   5.92403E-02   2.50000E-01   3.47614E-01   4.00262E-01 
    1.23201E-05   2.11181E-03   0.00000E+00   9.73061E-01   2.69392E-02  NONE
   7.33000E+02   4.00740E-06   3.45227E-03   9.13735E-01   6.51744E-07 
    2.35676E-02   5.92405E-02   2.50000E-01   3.56875E-01   3.91040E-01 
    1.29212E-05   2.07217E-03   0.00000E+00   9.73057E-01   2.69430E-02  NONE
   7.23000E+02   3.20211E-06   3.19853E-03   9.13988E-01   6.34223E-07 
    2.35687E-02   5.92407E-02   2.50000E-01   3.65996E-01   3.81956E-01 
    1.35524E-05   2.03482E-03   0.00000E+00   9.73054E-01   2.69462E-02  NONE
   7.13000E+02   2.54952E-06   2.95002E-03   9.14236E-01   6.15830E-07 
    2.35698E-02   5.92409E-02   2.50000E-01   3.74935E-01   3.73051E-01 
    1.42154E-05   1.99980E-03   0.00000E+00   9.73051E-01   2.69487E-02  NONE
   7.03000E+02   2.02287E-06   2.70790E-03   9.14478E-01   5.96525E-07 
    2.35707E-02   5.92410E-02   2.50000E-01   3.83649E-01   3.64369E-01 
    1.49113E-05   1.96710E-03   0.00000E+00   9.73049E-01   2.69508E-02  NONE
   6.93000E+02   1.59958E-06   2.47329E-03   9.14712E-01   5.76276E-07 
    2.35716E-02   5.92411E-02   2.50000E-01   3.92095E-01   3.55952E-01 
    1.56415E-05   1.93668E-03   0.00000E+00   9.73048E-01   2.69524E-02  NONE
   6.83000E+02   1.26066E-06   2.24728E-03   9.14937E-01   5.55059E-07 
    2.35724E-02   5.92412E-02   2.50000E-01   4.00235E-01   3.47840E-01 
    1.64067E-05   1.90850E-03   0.00000E+00   9.73046E-01   2.69537E-02  NONE
   6.73000E+02   9.90301E-07   2.03088E-03   9.15153E-01   5.32864E-07 
    2.35732E-02   5.92412E-02   2.50000E-01   4.08031E-01   3.40069E-01 
    1.72073E-05   1.88246E-03   0.00000E+00   9.73045E-01   2.69548E-02  NONE
