
 Phase Region for:
     BCC_A2                        
     FCC_A1#2                      
 col-1=T, col-2=X(BCC_A2,C), col-3=X(BCC_A2,CR), col-4=X(BCC_A2,FE),
   col-5=X(BCC_A2,MN), col-6=X(BCC_A2,NI), col-7=X(BCC_A2,SI),
   col-8=X(FCC_A1#2,C), col-9=X(FCC_A1#2,CR), col-10=X(FCC_A1#2,FE),
   col-11=X(FCC_A1#2,MN), col-12=X(FCC_A1#2,NI), col-13=X(FCC_A1#2,SI),
   col-14=NP(BCC_A2), col-15=NP(FCC_A1#2),
   1.17300E+03   5.13337E-04   8.70156E-07   9.20870E-01   4.30344E-03 
    8.45569E-03   6.58568E-02   8.01652E-03   1.07262E-06   9.13109E-01 
    7.99812E-03   1.48908E-02   5.59848E-02   1.69900E-01   8.30100E-01
   1.18300E+03   5.10855E-04   8.67919E-07   9.20622E-01   4.25016E-03 
    8.34187E-03   6.62743E-02   7.55682E-03   1.06050E-06   9.13617E-01 
    7.77857E-03   1.45112E-02   5.65355E-02   1.15682E-01   8.84318E-01
   1.19300E+03   5.09040E-04   8.65736E-07   9.20355E-01   4.19771E-03 
    8.23314E-03   6.67038E-02   7.13693E-03   1.04916E-06   9.14051E-01 
    7.57157E-03   1.41503E-02   5.70887E-02   5.96283E-02   9.40372E-01
   1.20300E+03   5.07938E-04   8.63641E-07   9.20071E-01   4.14642E-03 
    8.13005E-03   6.71434E-02   6.75384E-03   1.03856E-06   9.14416E-01 
    7.37666E-03   1.38085E-02   5.76436E-02   1.94010E-03   9.98060E-01
   1.20333E+03   5.07914E-04   8.63573E-07   9.20062E-01   4.14474E-03 
    8.12673E-03   6.71581E-02   6.74172E-03   1.03822E-06   9.14427E-01 
    7.37039E-03   1.37975E-02   5.76621E-02   0.00000E+00   1.00000E+00

 Phase Region for:
     FCC_A1#2                      
 col-1=T, col-2=X(FCC_A1#2,C), col-3=X(FCC_A1#2,CR), col-4=X(FCC_A1#2,FE),
   col-5=X(FCC_A1#2,MN), col-6=X(FCC_A1#2,NI), col-7=X(FCC_A1#2,SI),
   col-8=NP(FCC_A1#2),
   1.20333E+03   6.74172E-03   1.03822E-06   9.14427E-01   7.37039E-03 
    1.37975E-02   5.76621E-02   1.00000E+00
   1.21300E+03   6.74172E-03   1.03822E-06   9.14427E-01   7.37039E-03 
    1.37975E-02   5.76621E-02   1.00000E+00
   1.22300E+03   6.74172E-03   1.03822E-06   9.14427E-01   7.37039E-03 
    1.37975E-02   5.76621E-02   1.00000E+00
   1.23300E+03   6.74172E-03   1.03822E-06   9.14427E-01   7.37039E-03 
    1.37975E-02   5.76621E-02   1.00000E+00
   1.24300E+03   6.74172E-03   1.03822E-06   9.14427E-01   7.37039E-03 
    1.37975E-02   5.76621E-02   1.00000E+00
   1.25300E+03   6.74172E-03   1.03822E-06   9.14427E-01   7.37039E-03 
    1.37975E-02   5.76621E-02   1.00000E+00
   1.26300E+03   6.74172E-03   1.03822E-06   9.14427E-01   7.37039E-03 
    1.37975E-02   5.76621E-02   1.00000E+00
   1.27300E+03   6.74172E-03   1.03822E-06   9.14427E-01   7.37039E-03 
    1.37975E-02   5.76621E-02   1.00000E+00
   1.28300E+03   6.74172E-03   1.03822E-06   9.14427E-01   7.37039E-03 
    1.37975E-02   5.76621E-02   1.00000E+00
   1.29300E+03   6.74172E-03   1.03822E-06   9.14427E-01   7.37039E-03 
    1.37975E-02   5.76621E-02   1.00000E+00
   1.30300E+03   6.74172E-03   1.03822E-06   9.14427E-01   7.37039E-03 
    1.37975E-02   5.76621E-02   1.00000E+00
   1.31300E+03   6.74172E-03   1.03822E-06   9.14427E-01   7.37039E-03 
    1.37975E-02   5.76621E-02   1.00000E+00
   1.32300E+03   6.74172E-03   1.03822E-06   9.14427E-01   7.37039E-03 
    1.37975E-02   5.76621E-02   1.00000E+00
   1.33300E+03   6.74172E-03   1.03822E-06   9.14427E-01   7.37039E-03 
    1.37975E-02   5.76621E-02   1.00000E+00
   1.34300E+03   6.74172E-03   1.03822E-06   9.14427E-01   7.37039E-03 
    1.37975E-02   5.76621E-02   1.00000E+00
   1.35300E+03   6.74172E-03   1.03822E-06   9.14427E-01   7.37039E-03 
    1.37975E-02   5.76621E-02   1.00000E+00
   1.36300E+03   6.74172E-03   1.03822E-06   9.14427E-01   7.37039E-03 
    1.37975E-02   5.76621E-02   1.00000E+00
   1.37300E+03   6.74172E-03   1.03822E-06   9.14427E-01   7.37039E-03 
    1.37975E-02   5.76621E-02   1.00000E+00
   1.38300E+03   6.74172E-03   1.03822E-06   9.14427E-01   7.37039E-03 
    1.37975E-02   5.76621E-02   1.00000E+00
   1.39300E+03   6.74172E-03   1.03822E-06   9.14427E-01   7.37039E-03 
    1.37975E-02   5.76621E-02   1.00000E+00
   1.40300E+03   6.74172E-03   1.03822E-06   9.14427E-01   7.37039E-03 
    1.37975E-02   5.76621E-02   1.00000E+00
   1.41300E+03   6.74172E-03   1.03822E-06   9.14427E-01   7.37039E-03 
    1.37975E-02   5.76621E-02   1.00000E+00
   1.42300E+03   6.74172E-03   1.03822E-06   9.14427E-01   7.37039E-03 
    1.37975E-02   5.76621E-02   1.00000E+00
   1.43300E+03   6.74172E-03   1.03822E-06   9.14427E-01   7.37039E-03 
    1.37975E-02   5.76621E-02   1.00000E+00
   1.44300E+03   6.74172E-03   1.03822E-06   9.14427E-01   7.37039E-03 
    1.37975E-02   5.76621E-02   1.00000E+00
   1.45300E+03   6.74172E-03   1.03822E-06   9.14427E-01   7.37039E-03 
    1.37975E-02   5.76621E-02   1.00000E+00
   1.46300E+03   6.74172E-03   1.03822E-06   9.14427E-01   7.37039E-03 
    1.37975E-02   5.76621E-02   1.00000E+00
   1.47300E+03   6.74172E-03   1.03822E-06   9.14427E-01   7.37039E-03 
    1.37975E-02   5.76621E-02   1.00000E+00

 Phase Region for:
     BCC_A2                        
     FCC_A1#2                      
 col-1=T, col-2=X(BCC_A2,C), col-3=X(BCC_A2,CR), col-4=X(BCC_A2,FE),
   col-5=X(BCC_A2,MN), col-6=X(BCC_A2,NI), col-7=X(BCC_A2,SI),
   col-8=X(FCC_A1#2,C), col-9=X(FCC_A1#2,CR), col-10=X(FCC_A1#2,FE),
   col-11=X(FCC_A1#2,MN), col-12=X(FCC_A1#2,NI), col-13=X(FCC_A1#2,SI),
   col-14=NP(BCC_A2), col-15=NP(FCC_A1#2),
   1.17300E+03   5.13337E-04   8.70156E-07   9.20870E-01   4.30344E-03 
    8.45569E-03   6.58568E-02   8.01652E-03   1.07262E-06   9.13109E-01 
    7.99812E-03   1.48908E-02   5.59848E-02   1.69900E-01   8.30100E-01
   1.16300E+03   5.16432E-04   8.72416E-07   9.21099E-01   4.35719E-03 
    8.57400E-03   6.54528E-02   8.51921E-03   1.08556E-06   9.12522E-01 
    8.23075E-03   1.52890E-02   5.54376E-02   2.22109E-01   7.77891E-01
   1.15300E+03   5.20083E-04   8.74666E-07   9.21308E-01   4.41102E-03 
    8.69614E-03   6.50637E-02   9.06825E-03   1.09938E-06   9.11854E-01 
    8.47702E-03   1.57051E-02   5.48943E-02   2.72166E-01   7.27834E-01
   1.14300E+03   5.24231E-04   8.76873E-07   9.21498E-01   4.46454E-03 
    8.82141E-03   6.46905E-02   9.66710E-03   1.11413E-06   9.11100E-01 
    8.73762E-03   1.61388E-02   5.43551E-02   3.19963E-01   6.80037E-01
   1.13300E+03   5.28811E-04   8.79006E-07   9.21670E-01   4.51732E-03 
    8.94910E-03   6.43339E-02   1.03194E-02   1.12990E-06   9.10257E-01 
    9.01333E-03   1.65894E-02   5.38201E-02   3.65421E-01   6.34579E-01
   1.12300E+03   5.33757E-04   8.81035E-07   9.21824E-01   4.56895E-03 
    9.07848E-03   6.39944E-02   1.10290E-02   1.14677E-06   9.09319E-01 
    9.30508E-03   1.70565E-02   5.32890E-02   4.08495E-01   5.91505E-01
   1.11300E+03   5.39001E-04   8.82932E-07   9.21960E-01   4.61900E-03 
    9.20881E-03   6.36721E-02   1.17997E-02   1.16485E-06   9.08285E-01 
    9.61401E-03   1.75393E-02   5.27612E-02   4.49171E-01   5.50829E-01
   1.10300E+03   5.44475E-04   8.84670E-07   9.22081E-01   4.66703E-03 
    9.33936E-03   6.33672E-02   1.26357E-02   1.18425E-06   9.07148E-01 
    9.94147E-03   1.80375E-02   5.22362E-02   4.87460E-01   5.12540E-01
   1.09300E+03   5.50111E-04   8.86223E-07   9.22188E-01   4.71263E-03 
    9.46944E-03   6.30792E-02   1.35412E-02   1.20514E-06   9.05905E-01 
    1.02891E-02   1.85505E-02   5.17131E-02   5.23397E-01   4.76603E-01
   1.08300E+03   5.55843E-04   8.87567E-07   9.22282E-01   4.75535E-03 
    9.59836E-03   6.28079E-02   1.45207E-02   1.22767E-06   9.04550E-01 
    1.06589E-02   1.90781E-02   5.11910E-02   5.57038E-01   4.42962E-01
   1.07300E+03   5.61607E-04   8.88680E-07   9.22365E-01   4.79477E-03 
    9.72548E-03   6.25528E-02   1.55786E-02   1.25204E-06   9.03078E-01 
    1.10532E-02   1.96200E-02   5.06690E-02   5.88458E-01   4.11542E-01
   1.06300E+03   5.67342E-04   8.89539E-07   9.22438E-01   4.83042E-03 
    9.85018E-03   6.23130E-02   1.67197E-02   1.27849E-06   9.01481E-01 
    1.14751E-02   2.01765E-02   5.01460E-02   6.17741E-01   3.82259E-01
   1.05300E+03   5.72994E-04   8.90123E-07   9.22504E-01   4.86186E-03 
    9.97186E-03   6.20880E-02   1.79490E-02   1.30728E-06   8.99753E-01 
    1.19279E-02   2.07479E-02   4.96212E-02   6.44985E-01   3.55015E-01
   1.04300E+03   5.78511E-04   8.90410E-07   9.22565E-01   4.88856E-03 
    1.00899E-02   6.18768E-02   1.92714E-02   1.33871E-06   8.97883E-01 
    1.24159E-02   2.13349E-02   4.90935E-02   6.70292E-01   3.29708E-01
   1.03300E+03   5.83849E-04   8.90377E-07   9.22623E-01   4.91000E-03 
    1.02039E-02   6.16787E-02   2.06924E-02   1.37315E-06   8.95861E-01 
    1.29444E-02   2.19388E-02   4.85624E-02   6.93768E-01   3.06232E-01
   1.02300E+03   5.88971E-04   8.89999E-07   9.22679E-01   4.92554E-03 
    1.03131E-02   6.14927E-02   2.22172E-02   1.41102E-06   8.93673E-01 
    1.35197E-02   2.25614E-02   4.80273E-02   7.15522E-01   2.84478E-01
   1.01300E+03   5.93845E-04   8.89250E-07   9.22736E-01   4.93446E-03 
    1.04171E-02   6.13179E-02   2.38515E-02   1.45281E-06   8.91304E-01 
    1.41497E-02   2.32053E-02   4.74879E-02   7.35662E-01   2.64338E-01
   1.00300E+03   5.98446E-04   8.88097E-07   9.22796E-01   4.93593E-03 
    1.05151E-02   6.11533E-02   2.56008E-02   1.49908E-06   8.88735E-01 
    1.48439E-02   2.38741E-02   4.69444E-02   7.54292E-01   2.45708E-01
   1.00282E+03   5.98524E-04   8.88073E-07   9.22797E-01   4.93588E-03 
    1.05168E-02   6.11505E-02   2.56325E-02   1.49993E-06   8.88688E-01 
    1.48567E-02   2.38861E-02   4.69348E-02   7.54606E-01   2.45394E-01

 Phase Region for:
     BCC_A2                        
     CEMENTITE                     
     FCC_A1#2                      
 col-1=T, col-2=X(BCC_A2,C), col-3=X(BCC_A2,CR), col-4=X(BCC_A2,FE),
   col-5=X(BCC_A2,MN), col-6=X(BCC_A2,NI), col-7=X(BCC_A2,SI),
   col-8=X(CEMENTITE,C), col-9=X(CEMENTITE,CR), col-10=X(CEMENTITE,FE),
   col-11=X(CEMENTITE,MN), col-12=X(CEMENTITE,NI), col-13=X(CEMENTITE,SI),
   col-14=X(FCC_A1#2,C), col-15=X(FCC_A1#2,CR), col-16=X(FCC_A1#2,FE),
   col-17=X(FCC_A1#2,MN), col-18=X(FCC_A1#2,NI), col-19=X(FCC_A1#2,SI),
   col-20=NP(BCC_A2), col-21=NP(CEMENTITE), col-22=NP(FCC_A1#2),
   1.00282E+03   5.98523E-04   8.88072E-07   9.22797E-01   4.93589E-03 
    1.05168E-02   6.11505E-02   2.50000E-01   1.45660E-05   7.25199E-01 
    2.23026E-02   2.48379E-03   0.00000E+00   2.56325E-02   1.49993E-06 
    8.88688E-01   1.48567E-02   2.38861E-02   4.69348E-02   7.54607E-01 
    1.54132E-07   2.45393E-01
   9.93000E+02   5.32558E-04   8.06261E-07   9.21927E-01   5.55578E-03 
    1.17970E-02   6.01869E-02   2.50000E-01   1.38217E-05   7.20841E-01 
    2.63643E-02   2.78122E-03   0.00000E+00   2.44714E-02   1.34687E-06 
    8.83421E-01   1.75373E-02   2.80639E-02   4.65049E-02   8.57704E-01 
    1.24276E-02   1.29868E-01
   9.83000E+02   4.70924E-04   7.51875E-07   9.20845E-01   6.13068E-03 
    1.30047E-02   5.95485E-02   2.50000E-01   1.35077E-05   7.16007E-01 
    3.09026E-02   3.07661E-03   0.00000E+00   2.32557E-02   1.24205E-06 
    8.77111E-01   2.05603E-02   3.26477E-02   4.64239E-02   9.28778E-01 
    2.04989E-02   5.07233E-02
   9.73546E+02   4.17673E-04   7.15669E-07   9.19712E-01   6.63900E-03 
    1.40692E-02   5.91611E-02   2.50000E-01   1.34453E-05   7.11137E-01 
    3.55039E-02   3.34526E-03   0.00000E+00   2.20986E-02   1.16801E-06 
    8.70447E-01   2.36510E-02   3.72904E-02   4.65116E-02   9.74661E-01 
    2.53385E-02   0.00000E+00

 Phase Region for:
     BCC_A2                        
     CEMENTITE                     
 col-1=T, col-2=X(BCC_A2,C), col-3=X(BCC_A2,CR), col-4=X(BCC_A2,FE),
   col-5=X(BCC_A2,MN), col-6=X(BCC_A2,NI), col-7=X(BCC_A2,SI),
   col-8=X(CEMENTITE,C), col-9=X(CEMENTITE,CR), col-10=X(CEMENTITE,FE),
   col-11=X(CEMENTITE,MN), col-12=X(CEMENTITE,NI), col-13=X(CEMENTITE,SI),
   col-14=NP(BCC_A2), col-15=NP(CEMENTITE),
   9.73546E+02   4.17673E-04   7.15669E-07   9.19712E-01   6.63900E-03 
    1.40692E-02   5.91611E-02   2.50000E-01   1.34453E-05   7.11137E-01 
    3.55039E-02   3.34526E-03   0.00000E+00   9.74661E-01   2.53385E-02  NONE
   9.73000E+02   4.14940E-04   7.14919E-07   9.19718E-01   6.63548E-03 
    1.40693E-02   5.91618E-02   2.50000E-01   1.34688E-05   7.11012E-01 
    3.56273E-02   3.34696E-03   0.00000E+00   9.74651E-01   2.53492E-02  NONE
   9.63000E+02   3.67507E-04   7.01050E-07   9.19819E-01   6.56948E-03 
    1.40705E-02   5.91730E-02   2.50000E-01   1.39055E-05   7.08673E-01 
    3.79356E-02   3.37743E-03   0.00000E+00   9.74466E-01   2.55344E-02  NONE
   9.53000E+02   3.24787E-04   6.86920E-07   9.19919E-01   6.50077E-03 
    1.40716E-02   5.91832E-02   2.50000E-01   1.43555E-05   7.06242E-01 
    4.03367E-02   3.40670E-03   0.00000E+00   9.74299E-01   2.57011E-02  NONE
   9.43000E+02   2.86378E-04   6.72517E-07   9.20019E-01   6.42928E-03 
    1.40725E-02   5.91923E-02   2.50000E-01   1.48191E-05   7.03716E-01 
    4.28347E-02   3.43488E-03   0.00000E+00   9.74149E-01   2.58510E-02  NONE
   9.33000E+02   2.51908E-04   6.57829E-07   9.20119E-01   6.35491E-03 
    1.40732E-02   5.92004E-02   2.50000E-01   1.52964E-05   7.01089E-01 
    4.54339E-02   3.46210E-03   0.00000E+00   9.74015E-01   2.59855E-02  NONE
   9.23000E+02   2.21033E-04   6.42848E-07   9.20219E-01   6.27757E-03 
    1.40738E-02   5.92077E-02   2.50000E-01   1.57878E-05   6.98357E-01 
    4.81387E-02   3.48847E-03   0.00000E+00   9.73894E-01   2.61058E-02  NONE
   9.13000E+02   1.93435E-04   6.27565E-07   9.20320E-01   6.19717E-03 
    1.40743E-02   5.92143E-02   2.50000E-01   1.62933E-05   6.95516E-01 
    5.09539E-02   3.51412E-03   0.00000E+00   9.73787E-01   2.62134E-02  NONE
   9.03000E+02   1.68819E-04   6.11977E-07   9.20422E-01   6.11359E-03 
    1.40747E-02   5.92201E-02   2.50000E-01   1.68131E-05   6.92560E-01 
    5.38840E-02   3.53915E-03   0.00000E+00   9.73691E-01   2.63094E-02  NONE
   8.93000E+02   1.46914E-04   5.96078E-07   9.20526E-01   6.02672E-03 
    1.40749E-02   5.92253E-02   2.50000E-01   1.73472E-05   6.89485E-01 
    5.69336E-02   3.56368E-03   0.00000E+00   9.73605E-01   2.63948E-02  NONE
   8.83000E+02   1.27469E-04   5.79869E-07   9.20630E-01   5.93646E-03 
    1.40751E-02   5.92299E-02   2.50000E-01   1.78954E-05   6.86287E-01 
    6.01076E-02   3.58780E-03   0.00000E+00   9.73529E-01   2.64705E-02  NONE
   8.73000E+02   1.10252E-04   5.63351E-07   9.20737E-01   5.84268E-03 
    1.40752E-02   5.92340E-02   2.50000E-01   1.84575E-05   6.82959E-01 
    6.34105E-02   3.61163E-03   0.00000E+00   9.73462E-01   2.65376E-02  NONE
   8.63000E+02   9.50498E-05   5.46529E-07   9.20846E-01   5.74529E-03 
    1.40752E-02   5.92376E-02   2.50000E-01   1.90333E-05   6.79499E-01 
    6.68468E-02   3.63527E-03   0.00000E+00   9.73403E-01   2.65968E-02  NONE
   8.53000E+02   8.16646E-05   5.29411E-07   9.20958E-01   5.64416E-03 
    1.40751E-02   5.92408E-02   2.50000E-01   1.96224E-05   6.75901E-01 
    7.04209E-02   3.65883E-03   0.00000E+00   9.73351E-01   2.66489E-02  NONE
   8.43000E+02   6.99152E-05   5.12007E-07   9.21072E-01   5.53920E-03 
    1.40749E-02   5.92436E-02   2.50000E-01   2.02242E-05   6.72161E-01 
    7.41369E-02   3.68240E-03   0.00000E+00   9.73305E-01   2.66947E-02  NONE
   8.33000E+02   5.96346E-05   4.94334E-07   9.21189E-01   5.43030E-03 
    1.40747E-02   5.92460E-02   2.50000E-01   2.08381E-05   6.68275E-01 
    7.79985E-02   3.70610E-03   0.00000E+00   9.73265E-01   2.67347E-02  NONE
   8.23000E+02   5.06693E-05   4.76408E-07   9.21309E-01   5.31738E-03 
    1.40744E-02   5.92481E-02   2.50000E-01   2.14633E-05   6.64239E-01 
    8.20092E-02   3.73002E-03   0.00000E+00   9.73230E-01   2.67696E-02  NONE
   8.13000E+02   4.28789E-05   4.58252E-07   9.21432E-01   5.20036E-03 
    1.40741E-02   5.92500E-02   2.50000E-01   2.20988E-05   6.60052E-01 
    8.61720E-02   3.75428E-03   0.00000E+00   9.73200E-01   2.68000E-02  NONE
   8.03000E+02   3.61343E-05   4.39893E-07   9.21559E-01   5.07917E-03 
    1.40737E-02   5.92516E-02   2.50000E-01   2.27437E-05   6.55709E-01 
    9.04892E-02   3.77899E-03   0.00000E+00   9.73174E-01   2.68262E-02  NONE
   7.93000E+02   3.03181E-05   4.21361E-07   9.21689E-01   4.95376E-03 
    1.40732E-02   5.92530E-02   2.50000E-01   2.33965E-05   6.51210E-01 
    9.49625E-02   3.80424E-03   0.00000E+00   9.73151E-01   2.68489E-02  NONE
   7.83000E+02   2.53229E-05   4.02691E-07   9.21823E-01   4.82411E-03 
    1.40727E-02   5.92541E-02   2.50000E-01   2.40561E-05   6.46553E-01 
    9.95929E-02   3.83016E-03   0.00000E+00   9.73132E-01   2.68683E-02  NONE
   7.73000E+02   2.10512E-05   3.83922E-07   9.21961E-01   4.69023E-03 
    1.40721E-02   5.92551E-02   2.50000E-01   2.47208E-05   6.41738E-01 
    1.04381E-01   3.85686E-03   0.00000E+00   9.73115E-01   2.68850E-02  NONE
   7.63000E+02   1.74147E-05   3.65096E-07   9.22103E-01   4.55212E-03 
    1.40715E-02   5.92560E-02   2.50000E-01   2.53891E-05   6.36766E-01 
    1.09324E-01   3.88445E-03   0.00000E+00   9.73101E-01   2.68991E-02  NONE
   7.53000E+02   1.43333E-05   3.46261E-07   9.22248E-01   4.40985E-03 
    1.40709E-02   5.92567E-02   2.50000E-01   2.60590E-05   6.31639E-01 
    1.14422E-01   3.91304E-03   0.00000E+00   9.73089E-01   2.69111E-02  NONE
   7.43000E+02   1.17352E-05   3.27466E-07   9.22397E-01   4.26351E-03 
    1.40701E-02   5.92574E-02   2.50000E-01   2.67287E-05   6.26360E-01 
    1.19670E-01   3.94276E-03   0.00000E+00   9.73079E-01   2.69212E-02  NONE
   7.33000E+02   9.55574E-06   3.08766E-07   9.22550E-01   4.11323E-03 
    1.40694E-02   5.92579E-02   2.50000E-01   2.73961E-05   6.20935E-01 
    1.25064E-01   3.97372E-03   0.00000E+00   9.73070E-01   2.69297E-02  NONE
   7.23000E+02   7.73722E-06   2.90217E-07   9.22706E-01   3.95919E-03 
    1.40686E-02   5.92583E-02   2.50000E-01   2.80590E-05   6.15369E-01 
    1.30597E-01   4.00603E-03   0.00000E+00   9.73063E-01   2.69368E-02  NONE
   7.13000E+02   6.22826E-06   2.71878E-07   9.22866E-01   3.80161E-03 
    1.40677E-02   5.92587E-02   2.50000E-01   2.87153E-05   6.09671E-01 
    1.36260E-01   4.03981E-03   0.00000E+00   9.73057E-01   2.69427E-02  NONE
   7.03000E+02   4.98341E-06   2.53810E-07   9.23028E-01   3.64077E-03 
    1.40668E-02   5.92590E-02   2.50000E-01   2.93626E-05   6.03851E-01 
    1.42044E-01   4.07517E-03   0.00000E+00   9.73052E-01   2.69475E-02  NONE
   6.93000E+02   3.96257E-06   2.36074E-07   9.23194E-01   3.47700E-03 
    1.40658E-02   5.92592E-02   2.50000E-01   2.99986E-05   5.97921E-01 
    1.47936E-01   4.11223E-03   0.00000E+00   9.73049E-01   2.69515E-02  NONE
   6.83000E+02   3.13064E-06   2.18732E-07   9.23362E-01   3.31069E-03 
    1.40647E-02   5.92594E-02   2.50000E-01   3.06211E-05   5.91895E-01 
    1.53923E-01   4.15108E-03   0.00000E+00   9.73045E-01   2.69547E-02  NONE
   6.73000E+02   2.45702E-06   2.01846E-07   9.23532E-01   3.14229E-03 
    1.40636E-02   5.92596E-02   2.50000E-01   3.12277E-05   5.85790E-01 
    1.59987E-01   4.19183E-03   0.00000E+00   9.73043E-01   2.69573E-02  NONE
