
 Phase Region for:
     FCC_A1#1                      
 col-1=T, col-2=W(FCC_A1#1,C), col-3=W(FCC_A1#1,CR), col-4=W(FCC_A1#1,FE),
   col-5=W(FCC_A1#1,MN), col-6=W(FCC_A1#1,NI), col-7=W(FCC_A1#1,SI),
   col-8=NP(FCC_A1#1),
   1.17300E+03   1.50000E-03   3.00000E-02   9.00999E-01   7.50075E-03 
    3.00000E-02   3.00000E-02   1.00000E+00
   1.18300E+03   1.50000E-03   3.00000E-02   9.00999E-01   7.50075E-03 
    3.00000E-02   3.00000E-02   1.00000E+00
   1.19300E+03   1.50000E-03   3.00000E-02   9.00999E-01   7.50075E-03 
    3.00000E-02   3.00000E-02   1.00000E+00
   1.20300E+03   1.50000E-03   3.00000E-02   9.00999E-01   7.50075E-03 
    3.00000E-02   3.00000E-02   1.00000E+00
   1.21300E+03   1.50000E-03   3.00000E-02   9.00999E-01   7.50075E-03 
    3.00000E-02   3.00000E-02   1.00000E+00
   1.22300E+03   1.50000E-03   3.00000E-02   9.00999E-01   7.50075E-03 
    3.00000E-02   3.00000E-02   1.00000E+00
   1.23300E+03   1.50000E-03   3.00000E-02   9.00999E-01   7.50075E-03 
    3.00000E-02   3.00000E-02   1.00000E+00
   1.24300E+03   1.50000E-03   3.00000E-02   9.00999E-01   7.50075E-03 
    3.00000E-02   3.00000E-02   1.00000E+00
   1.25300E+03   1.50000E-03   3.00000E-02   9.00999E-01   7.50075E-03 
    3.00000E-02   3.00000E-02   1.00000E+00
   1.26300E+03   1.50000E-03   3.00000E-02   9.00999E-01   7.50075E-03 
    3.00000E-02   3.00000E-02   1.00000E+00
   1.27300E+03   1.50000E-03   3.00000E-02   9.00999E-01   7.50075E-03 
    3.00000E-02   3.00000E-02   1.00000E+00
   1.28300E+03   1.50000E-03   3.00000E-02   9.00999E-01   7.50075E-03 
    3.00000E-02   3.00000E-02   1.00000E+00
   1.29300E+03   1.50000E-03   3.00000E-02   9.00999E-01   7.50075E-03 
    3.00000E-02   3.00000E-02   1.00000E+00
   1.30300E+03   1.50000E-03   3.00000E-02   9.00999E-01   7.50075E-03 
    3.00000E-02   3.00000E-02   1.00000E+00
   1.31300E+03   1.50000E-03   3.00000E-02   9.00999E-01   7.50075E-03 
    3.00000E-02   3.00000E-02   1.00000E+00
   1.32300E+03   1.50000E-03   3.00000E-02   9.00999E-01   7.50075E-03 
    3.00000E-02   3.00000E-02   1.00000E+00
   1.33300E+03   1.50000E-03   3.00000E-02   9.00999E-01   7.50075E-03 
    3.00000E-02   3.00000E-02   1.00000E+00
   1.34300E+03   1.50000E-03   3.00000E-02   9.00999E-01   7.50075E-03 
    3.00000E-02   3.00000E-02   1.00000E+00
   1.35300E+03   1.50000E-03   3.00000E-02   9.00999E-01   7.50075E-03 
    3.00000E-02   3.00000E-02   1.00000E+00
   1.36300E+03   1.50000E-03   3.00000E-02   9.00999E-01   7.50075E-03 
    3.00000E-02   3.00000E-02   1.00000E+00
   1.37300E+03   1.50000E-03   3.00000E-02   9.00999E-01   7.50075E-03 
    3.00000E-02   3.00000E-02   1.00000E+00
   1.38300E+03   1.50000E-03   3.00000E-02   9.00999E-01   7.50075E-03 
    3.00000E-02   3.00000E-02   1.00000E+00
   1.39300E+03   1.50000E-03   3.00000E-02   9.00999E-01   7.50075E-03 
    3.00000E-02   3.00000E-02   1.00000E+00
   1.40300E+03   1.50000E-03   3.00000E-02   9.00999E-01   7.50075E-03 
    3.00000E-02   3.00000E-02   1.00000E+00
   1.41300E+03   1.50000E-03   3.00000E-02   9.00999E-01   7.50075E-03 
    3.00000E-02   3.00000E-02   1.00000E+00
   1.42300E+03   1.50000E-03   3.00000E-02   9.00999E-01   7.50075E-03 
    3.00000E-02   3.00000E-02   1.00000E+00
   1.43300E+03   1.50000E-03   3.00000E-02   9.00999E-01   7.50075E-03 
    3.00000E-02   3.00000E-02   1.00000E+00
   1.44300E+03   1.50000E-03   3.00000E-02   9.00999E-01   7.50075E-03 
    3.00000E-02   3.00000E-02   1.00000E+00
   1.45300E+03   1.50000E-03   3.00000E-02   9.00999E-01   7.50075E-03 
    3.00000E-02   3.00000E-02   1.00000E+00
   1.46300E+03   1.50000E-03   3.00000E-02   9.00999E-01   7.50075E-03 
    3.00000E-02   3.00000E-02   1.00000E+00
   1.47300E+03   1.50000E-03   3.00000E-02   9.00999E-01   7.50075E-03 
    3.00000E-02   3.00000E-02   1.00000E+00

 Phase Region for:
     FCC_A1#1                      
 col-1=T, col-2=W(FCC_A1#1,C), col-3=W(FCC_A1#1,CR), col-4=W(FCC_A1#1,FE),
   col-5=W(FCC_A1#1,MN), col-6=W(FCC_A1#1,NI), col-7=W(FCC_A1#1,SI),
   col-8=NP(FCC_A1#1),
   1.17300E+03   1.50000E-03   3.00000E-02   9.00999E-01   7.50075E-03 
    3.00000E-02   3.00000E-02   1.00000E+00
   1.16300E+03   1.50000E-03   3.00000E-02   9.00999E-01   7.50075E-03 
    3.00000E-02   3.00000E-02   1.00000E+00
   1.15300E+03   1.50000E-03   3.00000E-02   9.00999E-01   7.50075E-03 
    3.00000E-02   3.00000E-02   1.00000E+00
   1.14300E+03   1.50000E-03   3.00000E-02   9.00999E-01   7.50075E-03 
    3.00000E-02   3.00000E-02   1.00000E+00
   1.13300E+03   1.50000E-03   3.00000E-02   9.00999E-01   7.50075E-03 
    3.00000E-02   3.00000E-02   1.00000E+00
   1.12300E+03   1.50000E-03   3.00000E-02   9.00999E-01   7.50075E-03 
    3.00000E-02   3.00000E-02   1.00000E+00
   1.11300E+03   1.50000E-03   3.00000E-02   9.00999E-01   7.50075E-03 
    3.00000E-02   3.00000E-02   1.00000E+00
   1.10300E+03   1.50000E-03   3.00000E-02   9.00999E-01   7.50075E-03 
    3.00000E-02   3.00000E-02   1.00000E+00
   1.09300E+03   1.50000E-03   3.00000E-02   9.00999E-01   7.50075E-03 
    3.00000E-02   3.00000E-02   1.00000E+00
   1.08958E+03   1.50000E-03   3.00000E-02   9.00999E-01   7.50075E-03 
    3.00000E-02   3.00000E-02   1.00000E+00

 Phase Region for:
     BCC_A2                        
     FCC_A1#1                      
 col-1=T, col-2=W(BCC_A2,C), col-3=W(BCC_A2,CR), col-4=W(BCC_A2,FE),
   col-5=W(BCC_A2,MN), col-6=W(BCC_A2,NI), col-7=W(BCC_A2,SI),
   col-8=W(FCC_A1#1,C), col-9=W(FCC_A1#1,CR), col-10=W(FCC_A1#1,FE),
   col-11=W(FCC_A1#1,MN), col-12=W(FCC_A1#1,NI), col-13=W(FCC_A1#1,SI),
   col-14=NP(BCC_A2), col-15=NP(FCC_A1#1),
   1.08958E+03   6.45378E-05   2.55279E-02   9.20496E-01   3.57345E-03 
    1.52142E-02   3.51240E-02   1.50000E-03   3.00000E-02   9.00999E-01 
    7.50075E-03   3.00000E-02   3.00000E-02   7.25223E-07   9.99999E-01
   1.08300E+03   6.50290E-05   2.55671E-02   9.20439E-01   3.60528E-03 
    1.54176E-02   3.49063E-02   1.57084E-03   3.02188E-02   9.00040E-01 
    7.69306E-03   3.07199E-02   2.97578E-02   4.70418E-02   9.52958E-01
   1.07300E+03   6.58578E-05   2.56278E-02   9.20326E-01   3.65373E-03 
    1.57379E-02   3.45888E-02   1.68815E-03   3.05736E-02   8.98464E-01 
    8.00546E-03   3.18711E-02   2.93980E-02   1.15936E-01   8.84064E-01
   1.06300E+03   6.67768E-05   2.56886E-02   9.20185E-01   3.70175E-03 
    1.60699E-02   3.42881E-02   1.81806E-03   3.09568E-02   8.96742E-01 
    8.34383E-03   3.30914E-02   2.90484E-02   1.81494E-01   8.18506E-01
   1.05300E+03   6.77752E-05   2.57480E-02   9.20019E-01   3.74870E-03 
    1.64118E-02   3.40045E-02   1.96179E-03   3.13710E-02   8.94867E-01 
    8.71051E-03   3.43812E-02   2.87089E-02   2.43582E-01   7.56418E-01
   1.04300E+03   6.88408E-05   2.58050E-02   9.19833E-01   3.79391E-03 
    1.67616E-02   3.37378E-02   2.12066E-03   3.18193E-02   8.92832E-01 
    9.10831E-03   3.57412E-02   2.83790E-02   3.02123E-01   6.97877E-01
   1.03300E+03   6.99603E-05   2.58583E-02   9.19630E-01   3.83663E-03 
    1.71170E-02   3.34878E-02   2.29611E-03   3.23057E-02   8.90627E-01 
    9.54058E-03   3.71720E-02   2.80583E-02   3.57094E-01   6.42906E-01
   1.02649E+03   7.07117E-05   2.58905E-02   9.19492E-01   3.86275E-03 
    1.73507E-02   3.33338E-02   2.42007E-03   3.26454E-02   8.89095E-01 
    9.84262E-03   3.81427E-02   2.78539E-02   3.90994E-01   6.09006E-01

 Phase Region for:
     BCC_A2                        
     CEMENTITE                     
     FCC_A1#1                      
 col-1=T, col-2=W(BCC_A2,C), col-3=W(BCC_A2,CR), col-4=W(BCC_A2,FE),
   col-5=W(BCC_A2,MN), col-6=W(BCC_A2,NI), col-7=W(BCC_A2,SI),
   col-8=W(CEMENTITE,C), col-9=W(CEMENTITE,CR), col-10=W(CEMENTITE,FE),
   col-11=W(CEMENTITE,MN), col-12=W(CEMENTITE,NI), col-13=W(CEMENTITE,SI),
   col-14=W(FCC_A1#1,C), col-15=W(FCC_A1#1,CR), col-16=W(FCC_A1#1,FE),
   col-17=W(FCC_A1#1,MN), col-18=W(FCC_A1#1,NI), col-19=W(FCC_A1#1,SI),
   col-20=NP(BCC_A2), col-21=NP(CEMENTITE), col-22=NP(FCC_A1#1),
   1.02649E+03   7.07117E-05   2.58905E-02   9.19492E-01   3.86276E-03 
    1.73507E-02   3.33338E-02   6.87054E-02   3.64593E-01   5.54246E-01 
    1.03951E-02   2.06010E-03   0.00000E+00   2.42007E-03   3.26454E-02 
    8.89095E-01   9.84263E-03   3.81427E-02   2.78539E-02   3.90995E-01 
    7.95120E-08   6.09005E-01
   1.02300E+03   6.75949E-05   2.55557E-02   9.19489E-01   3.96189E-03 
    1.78119E-02   3.31142E-02   6.87121E-02   3.65878E-01   5.52498E-01 
    1.08081E-02   2.10404E-03   0.00000E+00   2.36236E-03   3.21860E-02 
    8.87872E-01   1.02570E-02   3.96436E-02   2.76786E-02   4.37202E-01 
    2.65495E-03   5.60143E-01
   1.01300E+03   5.90711E-05   2.47047E-02   9.19287E-01   4.24663E-03 
    1.91291E-02   3.25738E-02   6.87368E-02   3.70665E-01   5.46337E-01 
    1.20367E-02   2.22505E-03   0.00000E+00   2.19169E-03   3.09748E-02 
    8.83869E-01   1.15299E-02   4.41791E-02   2.72555E-02   5.52311E-01 
    9.07100E-03   4.38618E-01
   1.00300E+03   5.12211E-05   2.39905E-02   9.18872E-01   4.52638E-03 
    2.04131E-02   3.21472E-02   6.87691E-02   3.76973E-01   5.38600E-01 
    1.33215E-02   2.33587E-03   0.00000E+00   2.01669E-03   2.98995E-02 
    8.79189E-01   1.29301E-02   4.90328E-02   2.69324E-02   6.44597E-01 
    1.39478E-02   3.41456E-01
   9.93000E+02   4.40849E-05   2.33833E-02   9.18327E-01   4.79500E-03 
    2.16382E-02   3.18124E-02   6.88084E-02   3.84658E-01   5.29445E-01 
    1.46548E-02   2.43411E-03   0.00000E+00   1.84105E-03   2.89327E-02 
    8.73886E-01   1.44647E-02   5.41876E-02   2.66882E-02   7.17924E-01 
    1.75896E-02   2.64486E-01
   9.83000E+02   3.76719E-05   2.28574E-02   9.17723E-01   5.04713E-03 
    2.27836E-02   3.15508E-02   6.88538E-02   3.93582E-01   5.19012E-01 
    1.60335E-02   2.51847E-03   0.00000E+00   1.66788E-03   2.80502E-02 
    8.67991E-01   1.61469E-02   5.96386E-02   2.65052E-02   7.75756E-01 
    2.02686E-02   2.03975E-01
   9.73000E+02   3.19413E-05   2.23837E-02   9.17201E-01   5.25371E-03 
    2.37822E-02   3.13470E-02   6.89063E-02   4.03886E-01   5.07123E-01 
    1.74973E-02   2.58763E-03   0.00000E+00   1.49782E-03   2.72519E-02 
    8.61407E-01   1.80424E-02   6.54031E-02   2.63976E-02   8.20091E-01 
    2.21931E-02   1.57715E-01
   9.63000E+02   2.68881E-05   2.19522E-02   9.16729E-01   5.43308E-03 
    2.46682E-02   3.11902E-02   6.89643E-02   4.15285E-01   4.94059E-01 
    1.90474E-02   2.64385E-03   0.00000E+00   1.33421E-03   2.64982E-02 
    8.54102E-01   2.01775E-02   7.15590E-02   2.63291E-02   8.54519E-01 
    2.35760E-02   1.21905E-01
   9.53000E+02   2.24946E-05   2.15569E-02   9.16258E-01   5.60715E-03 
    2.54856E-02   3.10702E-02   6.90259E-02   4.27394E-01   4.80259E-01 
    2.06333E-02   2.68786E-03   0.00000E+00   1.18049E-03   2.57527E-02 
    8.46169E-01   2.25186E-02   7.81217E-02   2.62575E-02   8.81737E-01 
    2.45707E-02   9.36923E-02
   9.43000E+02   1.87044E-05   2.11860E-02   9.15822E-01   5.77065E-03 
    2.62246E-02   3.09784E-02   6.90906E-02   4.40121E-01   4.65834E-01 
    2.22350E-02   2.71947E-03   0.00000E+00   1.03754E-03   2.50072E-02 
    8.37605E-01   2.50710E-02   8.51047E-02   2.61750E-02   9.03040E-01 
    2.52775E-02   7.16827E-02
   9.33000E+02   1.54583E-05   2.08310E-02   9.15447E-01   5.91938E-03 
    2.68791E-02   3.09083E-02   6.91581E-02   4.53392E-01   4.50879E-01 
    2.38327E-02   2.73885E-03   0.00000E+00   9.05811E-04   2.42553E-02 
    8.28387E-01   2.78426E-02   9.25336E-02   2.60753E-02   9.19545E-01 
    2.57744E-02   5.46808E-02
   9.23000E+02   1.26972E-05   2.04854E-02   9.15151E-01   6.04998E-03 
    2.74456E-02   3.08549E-02   6.92279E-02   4.67148E-01   4.35472E-01 
    2.54064E-02   2.74644E-03   0.00000E+00   7.85412E-04   2.34928E-02 
    8.18480E-01   3.08440E-02   1.00444E-01   2.59536E-02   9.32186E-01 
    2.61208E-02   4.16932E-02
   9.13000E+02   1.03640E-05   2.01448E-02   9.14948E-01   6.15974E-03 
    2.79224E-02   3.08145E-02   6.93000E-02   4.81343E-01   4.19678E-01 
    2.69358E-02   2.74278E-03   0.00000E+00   6.76218E-04   2.27170E-02 
    8.07833E-01   3.40882E-02   1.08879E-01   2.58060E-02   9.41731E-01 
    2.63603E-02   3.19088E-02
   9.03000E+02   8.40512E-06   1.98062E-02   9.14846E-01   6.24653E-03 
    2.83088E-02   3.07843E-02   6.93740E-02   4.95940E-01   4.03558E-01 
    2.84004E-02   2.72848E-03   0.00000E+00   5.77933E-04   2.19266E-02 
    7.96385E-01   3.75914E-02   1.17890E-01   2.56294E-02   9.48805E-01 
    2.65251E-02   2.46702E-02
   8.93000E+02   6.77116E-06   1.94674E-02   9.14850E-01   6.30870E-03 
    2.86051E-02   3.07625E-02   6.94497E-02   5.10906E-01   3.87161E-01 
    2.97799E-02   2.70412E-03   0.00000E+00   4.90140E-04   2.11215E-02 
    7.84064E-01   4.13724E-02   1.27531E-01   2.54214E-02   9.53915E-01 
    2.66381E-02   1.94468E-02
   8.83000E+02   5.41711E-06   1.91274E-02   9.14963E-01   6.34511E-03 
    2.88119E-02   3.07473E-02   6.95271E-02   5.26212E-01   3.70536E-01 
    3.10540E-02   2.67029E-03   0.00000E+00   4.12341E-04   2.03029E-02 
    7.70795E-01   4.54520E-02   1.37857E-01   2.51805E-02   9.57475E-01 
    2.67157E-02   1.58097E-02
   8.73000E+02   4.30253E-06   1.87854E-02   9.15187E-01   6.35500E-03 
    2.89304E-02   3.07379E-02   6.96059E-02   5.41832E-01   3.53731E-01 
    3.22032E-02   2.62755E-03   0.00000E+00   3.43983E-04   1.94731E-02 
    7.56506E-01   4.98520E-02   1.48920E-01   2.49054E-02   9.59819E-01 
    2.67694E-02   1.34118E-02
   8.63000E+02   3.39139E-06   1.84414E-02   9.15521E-01   6.33809E-03 
    2.89625E-02   3.07332E-02   6.96859E-02   5.57735E-01   3.36794E-01 
    3.32088E-02   2.57643E-03   0.00000E+00   2.84472E-04   1.86357E-02 
    7.41132E-01   5.45921E-02   1.60759E-01   2.45960E-02   9.61221E-01 
    2.68070E-02   1.19720E-02
   8.53000E+02   2.65193E-06   1.80955E-02   9.15964E-01   6.29447E-03 
    2.89106E-02   3.07327E-02   6.97671E-02   5.73889E-01   3.19772E-01 
    3.40537E-02   2.51745E-03   0.00000E+00   2.33188E-04   1.77962E-02 
    7.24640E-01   5.96865E-02   1.73391E-01   2.42533E-02   9.61903E-01 
    2.68340E-02   1.12626E-02
   8.43000E+02   2.05632E-06   1.77482E-02   9.16511E-01   6.22466E-03 
    2.87780E-02   3.07357E-02   6.98491E-02   5.90258E-01   3.02719E-01 
    3.47226E-02   2.45116E-03   0.00000E+00   1.89481E-04   1.69614E-02 
    7.07036E-01   6.51376E-02   1.86796E-01   2.38799E-02   9.62046E-01 
    2.68538E-02   1.11001E-02
   8.33000E+02   1.58038E-06   1.74000E-02   9.17158E-01   6.12959E-03 
    2.85688E-02   3.07419E-02   6.99319E-02   6.06800E-01   2.85687E-01 
    3.52028E-02   2.37809E-03   0.00000E+00   1.52674E-04   1.61401E-02 
    6.88396E-01   7.09296E-02   2.00902E-01   2.34801E-02   9.61793E-01 
    2.68689E-02   1.13386E-02
   8.23000E+02   1.20324E-06   1.70518E-02   9.17897E-01   6.01064E-03 
    2.82882E-02   3.07508E-02   7.00150E-02   6.23466E-01   2.68736E-01 
    3.54849E-02   2.29885E-03   0.00000E+00   1.22060E-04   1.53422E-02 
    6.68873E-01   7.70230E-02   2.15579E-01   2.30604E-02   9.61255E-01 
    2.68806E-02   1.18641E-02
   8.13000E+02   9.07035E-07   1.67044E-02   9.18721E-01   5.86955E-03 
    2.79424E-02   3.07619E-02   7.00983E-02   6.40199E-01   2.51925E-01 
    3.55631E-02   2.21403E-03   0.00000E+00   9.69091E-05   1.45776E-02 
    6.48703E-01   8.33524E-02   2.30641E-01   2.26289E-02   9.60520E-01 
    2.68899E-02   1.25902E-02
   8.03000E+02   6.76589E-07   1.63588E-02   9.19619E-01   5.70847E-03 
    2.75381E-02   3.07751E-02   7.01814E-02   6.56939E-01   2.35319E-01 
    3.54358E-02   2.12429E-03   0.00000E+00   7.64775E-05   1.38556E-02 
    6.28179E-01   8.98310E-02   2.45863E-01   2.21947E-02   9.59649E-01 
    2.68974E-02   1.34532E-02
   7.93000E+02   4.99089E-07   1.60161E-02   9.20581E-01   5.52978E-03 
    2.70828E-02   3.07898E-02   7.02639E-02   6.73618E-01   2.18983E-01 
    3.51055E-02   2.03026E-03   0.00000E+00   6.00380E-05   1.31832E-02 
    6.07614E-01   9.63612E-02   2.61015E-01   2.17667E-02   9.58689E-01 
    2.69034E-02   1.44075E-02
   7.83000E+02   3.63823E-07   1.56774E-02   9.21596E-01   5.33605E-03 
    2.65838E-02   3.08059E-02   7.03456E-02   6.90163E-01   2.02981E-01 
    3.45783E-02   1.93258E-03   0.00000E+00   4.69085E-05   1.25643E-02 
    5.87297E-01   1.02848E-01   2.75891E-01   2.13527E-02   9.57671E-01 
    2.69084E-02   1.54207E-02
   7.73000E+02   2.61909E-07   1.53442E-02   9.22655E-01   5.12986E-03 
    2.60483E-02   3.08228E-02   7.04261E-02   7.06500E-01   1.87378E-01 
    3.38637E-02   1.83186E-03   0.00000E+00   3.64792E-05   1.20001E-02 
    5.67462E-01   1.09210E-01   2.90333E-01   2.09584E-02   9.56618E-01 
    2.69124E-02   1.64698E-02
   7.63000E+02   1.86049E-07   1.50176E-02   9.23745E-01   4.91374E-03 
    2.54829E-02   3.08406E-02   7.05050E-02   7.22553E-01   1.72239E-01 
    3.29740E-02   1.72871E-03   0.00000E+00   2.82272E-05   1.14897E-02 
    5.48269E-01   1.15384E-01   3.04241E-01   2.05876E-02   9.55547E-01 
    2.69156E-02   1.75376E-02
   7.53000E+02   1.30311E-07   1.46989E-02   9.24859E-01   4.69004E-03 
    2.48933E-02   3.08587E-02   7.05819E-02   7.38249E-01   1.57622E-01 
    3.19233E-02   1.62373E-03   0.00000E+00   2.17189E-05   1.10306E-02 
    5.29815E-01   1.21327E-01   3.17563E-01   2.02423E-02   9.54470E-01 
    2.69183E-02   1.86113E-02
   7.43000E+02   8.99187E-08   1.43896E-02   9.25987E-01   4.46093E-03 
    2.42850E-02   3.08772E-02   7.06566E-02   7.53514E-01   1.43584E-01 
    3.07277E-02   1.51752E-03   0.00000E+00   1.66021E-05   1.06194E-02 
    5.12140E-01   1.27013E-01   3.30287E-01   1.99234E-02   9.53398E-01 
    2.69204E-02   1.96811E-02
   7.33000E+02   6.10752E-08   1.40907E-02   9.27123E-01   4.22835E-03 
    2.36623E-02   3.08957E-02   7.07286E-02   7.68282E-01   1.30175E-01 
    2.94042E-02   1.41073E-03   0.00000E+00   1.25949E-05   1.02526E-02 
    4.95248E-01   1.32427E-01   3.42429E-01   1.96306E-02   9.52339E-01 
    2.69221E-02   2.07392E-02
   7.23000E+02   4.07988E-08   1.38035E-02   9.28259E-01   3.99407E-03 
    2.30293E-02   3.09142E-02   7.07978E-02   7.82489E-01   1.17438E-01 
    2.79713E-02   1.30402E-03   0.00000E+00   9.47186E-06   9.92695E-03 
    4.79117E-01   1.37564E-01   3.54019E-01   1.93636E-02   9.51297E-01 
    2.69235E-02   2.17793E-02
   7.13000E+02   2.67800E-08   1.35290E-02   9.29390E-01   3.75964E-03 
    2.23892E-02   3.09324E-02   7.08638E-02   7.96080E-01   1.05410E-01 
    2.64479E-02   1.19812E-03   0.00000E+00   7.05309E-06   9.63936E-03 
    4.63710E-01   1.42425E-01   3.65097E-01   1.91217E-02   9.50279E-01 
    2.69245E-02   2.27967E-02
   7.03000E+02   1.72569E-08   1.32681E-02   9.30510E-01   3.52646E-03 
    2.17451E-02   3.09503E-02   7.09264E-02   8.09006E-01   9.41206E-02 
    2.48536E-02   1.09379E-03   0.00000E+00   5.19417E-06   9.38716E-03 
    4.48984E-01   1.47011E-01   3.75709E-01   1.89040E-02   9.49287E-01 
    2.69254E-02   2.37875E-02
   6.93000E+02   1.09072E-08   1.30215E-02   9.31616E-01   3.29578E-03 
    2.10993E-02   3.09677E-02   7.09854E-02   8.21226E-01   8.35883E-02 
    2.32083E-02   9.91799E-04   0.00000E+00   3.77869E-06   9.16802E-03 
    4.34892E-01   1.51328E-01   3.85898E-01   1.87100E-02   9.48325E-01 
    2.69261E-02   2.47487E-02
   6.83000E+02   6.75567E-09   1.27897E-02   9.32703E-01   3.06871E-03 
    2.04541E-02   3.09845E-02   7.10408E-02   8.32710E-01   7.38246E-02 
    2.15318E-02   8.92940E-04   0.00000E+00   2.71246E-06   8.98001E-03 
    4.21390E-01   1.55381E-01   3.95707E-01   1.85391E-02   9.47396E-01 
    2.69266E-02   2.56779E-02
   6.73000E+02   4.09677E-09   1.25732E-02   9.33769E-01   2.84628E-03 
    1.98113E-02   3.10006E-02   7.10924E-02   8.43434E-01   6.48317E-02 
    1.98437E-02   7.97974E-04   0.00000E+00   1.91915E-06   8.82146E-03 
    4.08433E-01   1.59174E-01   4.05179E-01   1.83909E-02   9.46500E-01 
    2.69270E-02   2.65734E-02
