
 Phase Region for:
     FCC_A1#1                      
 col-1=T, col-2=X(FCC_A1#1,C), col-3=X(FCC_A1#1,CR), col-4=X(FCC_A1#1,FE),
   col-5=X(FCC_A1#1,MN), col-6=X(FCC_A1#1,NI), col-7=X(FCC_A1#1,SI),
   col-8=NP(FCC_A1#1),
   1.17300E+03   6.82548E-03   5.25558E-02   8.49944E-01   1.49229E-02 
    4.65615E-02   2.91902E-02   1.00000E+00
   1.18300E+03   6.82548E-03   5.25558E-02   8.49944E-01   1.49229E-02 
    4.65615E-02   2.91902E-02   1.00000E+00
   1.19300E+03   6.82548E-03   5.25558E-02   8.49944E-01   1.49229E-02 
    4.65615E-02   2.91902E-02   1.00000E+00
   1.20300E+03   6.82548E-03   5.25558E-02   8.49944E-01   1.49229E-02 
    4.65615E-02   2.91902E-02   1.00000E+00
   1.21300E+03   6.82548E-03   5.25558E-02   8.49944E-01   1.49229E-02 
    4.65615E-02   2.91902E-02   1.00000E+00
   1.22300E+03   6.82548E-03   5.25558E-02   8.49944E-01   1.49229E-02 
    4.65615E-02   2.91902E-02   1.00000E+00
   1.23300E+03   6.82548E-03   5.25558E-02   8.49944E-01   1.49229E-02 
    4.65615E-02   2.91902E-02   1.00000E+00
   1.24300E+03   6.82548E-03   5.25558E-02   8.49944E-01   1.49229E-02 
    4.65615E-02   2.91902E-02   1.00000E+00
   1.25300E+03   6.82548E-03   5.25558E-02   8.49944E-01   1.49229E-02 
    4.65615E-02   2.91902E-02   1.00000E+00
   1.26300E+03   6.82548E-03   5.25558E-02   8.49944E-01   1.49229E-02 
    4.65615E-02   2.91902E-02   1.00000E+00
   1.27300E+03   6.82548E-03   5.25558E-02   8.49944E-01   1.49229E-02 
    4.65615E-02   2.91902E-02   1.00000E+00
   1.28300E+03   6.82548E-03   5.25558E-02   8.49944E-01   1.49229E-02 
    4.65615E-02   2.91902E-02   1.00000E+00
   1.29300E+03   6.82548E-03   5.25558E-02   8.49944E-01   1.49229E-02 
    4.65615E-02   2.91902E-02   1.00000E+00
   1.30300E+03   6.82548E-03   5.25558E-02   8.49944E-01   1.49229E-02 
    4.65615E-02   2.91902E-02   1.00000E+00
   1.31300E+03   6.82548E-03   5.25558E-02   8.49944E-01   1.49229E-02 
    4.65615E-02   2.91902E-02   1.00000E+00
   1.32300E+03   6.82548E-03   5.25558E-02   8.49944E-01   1.49229E-02 
    4.65615E-02   2.91902E-02   1.00000E+00
   1.33300E+03   6.82548E-03   5.25558E-02   8.49944E-01   1.49229E-02 
    4.65615E-02   2.91902E-02   1.00000E+00
   1.34300E+03   6.82548E-03   5.25558E-02   8.49944E-01   1.49229E-02 
    4.65615E-02   2.91902E-02   1.00000E+00
   1.35300E+03   6.82548E-03   5.25558E-02   8.49944E-01   1.49229E-02 
    4.65615E-02   2.91902E-02   1.00000E+00
   1.36300E+03   6.82548E-03   5.25558E-02   8.49944E-01   1.49229E-02 
    4.65615E-02   2.91902E-02   1.00000E+00
   1.37300E+03   6.82548E-03   5.25558E-02   8.49944E-01   1.49229E-02 
    4.65615E-02   2.91902E-02   1.00000E+00
   1.38300E+03   6.82548E-03   5.25558E-02   8.49944E-01   1.49229E-02 
    4.65615E-02   2.91902E-02   1.00000E+00
   1.39300E+03   6.82548E-03   5.25558E-02   8.49944E-01   1.49229E-02 
    4.65615E-02   2.91902E-02   1.00000E+00
   1.40300E+03   6.82548E-03   5.25558E-02   8.49944E-01   1.49229E-02 
    4.65615E-02   2.91902E-02   1.00000E+00
   1.41300E+03   6.82548E-03   5.25558E-02   8.49944E-01   1.49229E-02 
    4.65615E-02   2.91902E-02   1.00000E+00
   1.42300E+03   6.82548E-03   5.25558E-02   8.49944E-01   1.49229E-02 
    4.65615E-02   2.91902E-02   1.00000E+00
   1.43300E+03   6.82548E-03   5.25558E-02   8.49944E-01   1.49229E-02 
    4.65615E-02   2.91902E-02   1.00000E+00
   1.44300E+03   6.82548E-03   5.25558E-02   8.49944E-01   1.49229E-02 
    4.65615E-02   2.91902E-02   1.00000E+00
   1.45300E+03   6.82548E-03   5.25558E-02   8.49944E-01   1.49229E-02 
    4.65615E-02   2.91902E-02   1.00000E+00
   1.46300E+03   6.82548E-03   5.25558E-02   8.49944E-01   1.49229E-02 
    4.65615E-02   2.91902E-02   1.00000E+00
   1.47300E+03   6.82548E-03   5.25558E-02   8.49944E-01   1.49229E-02 
    4.65615E-02   2.91902E-02   1.00000E+00

 Phase Region for:
     FCC_A1#1                      
 col-1=T, col-2=X(FCC_A1#1,C), col-3=X(FCC_A1#1,CR), col-4=X(FCC_A1#1,FE),
   col-5=X(FCC_A1#1,MN), col-6=X(FCC_A1#1,NI), col-7=X(FCC_A1#1,SI),
   col-8=NP(FCC_A1#1),
   1.17300E+03   6.82548E-03   5.25558E-02   8.49944E-01   1.49229E-02 
    4.65615E-02   2.91902E-02   1.00000E+00
   1.16300E+03   6.82548E-03   5.25558E-02   8.49944E-01   1.49229E-02 
    4.65615E-02   2.91902E-02   1.00000E+00
   1.15300E+03   6.82548E-03   5.25558E-02   8.49944E-01   1.49229E-02 
    4.65615E-02   2.91902E-02   1.00000E+00
   1.14300E+03   6.82548E-03   5.25558E-02   8.49944E-01   1.49229E-02 
    4.65615E-02   2.91902E-02   1.00000E+00
   1.13300E+03   6.82548E-03   5.25558E-02   8.49944E-01   1.49229E-02 
    4.65615E-02   2.91902E-02   1.00000E+00
   1.12300E+03   6.82548E-03   5.25558E-02   8.49944E-01   1.49229E-02 
    4.65615E-02   2.91902E-02   1.00000E+00
   1.11300E+03   6.82548E-03   5.25558E-02   8.49944E-01   1.49229E-02 
    4.65615E-02   2.91902E-02   1.00000E+00
   1.10300E+03   6.82548E-03   5.25558E-02   8.49944E-01   1.49229E-02 
    4.65615E-02   2.91902E-02   1.00000E+00
   1.09300E+03   6.82548E-03   5.25558E-02   8.49944E-01   1.49229E-02 
    4.65615E-02   2.91902E-02   1.00000E+00
   1.08300E+03   6.82548E-03   5.25558E-02   8.49944E-01   1.49229E-02 
    4.65615E-02   2.91902E-02   1.00000E+00
   1.07300E+03   6.82548E-03   5.25558E-02   8.49944E-01   1.49229E-02 
    4.65615E-02   2.91902E-02   1.00000E+00
   1.06300E+03   6.82548E-03   5.25558E-02   8.49944E-01   1.49229E-02 
    4.65615E-02   2.91902E-02   1.00000E+00
   1.05300E+03   6.82548E-03   5.25558E-02   8.49944E-01   1.49229E-02 
    4.65615E-02   2.91902E-02   1.00000E+00
   1.04300E+03   6.82548E-03   5.25558E-02   8.49944E-01   1.49229E-02 
    4.65615E-02   2.91902E-02   1.00000E+00
   1.03300E+03   6.82548E-03   5.25558E-02   8.49944E-01   1.49229E-02 
    4.65615E-02   2.91902E-02   1.00000E+00
   1.02803E+03   6.82548E-03   5.25558E-02   8.49944E-01   1.49229E-02 
    4.65615E-02   2.91902E-02   1.00000E+00

 Phase Region for:
     CEMENTITE                     
     FCC_A1#1                      
 col-1=T, col-2=X(CEMENTITE,C), col-3=X(CEMENTITE,CR), col-4=X(CEMENTITE,FE),
   col-5=X(CEMENTITE,MN), col-6=X(CEMENTITE,NI), col-7=X(CEMENTITE,SI),
   col-8=X(FCC_A1#1,C), col-9=X(FCC_A1#1,CR), col-10=X(FCC_A1#1,FE),
   col-11=X(FCC_A1#1,MN), col-12=X(FCC_A1#1,NI), col-13=X(FCC_A1#1,SI),
   col-14=NP(CEMENTITE), col-15=NP(FCC_A1#1),
   1.02803E+03   2.50000E-01   4.36710E-01   3.02683E-01   9.24466E-03 
    1.36213E-03   0.00000E+00   6.82547E-03   5.25558E-02   8.49944E-01 
    1.49229E-02   4.65615E-02   2.91902E-02   2.27144E-08   1.00000E+00
   1.02300E+03   2.50000E-01   4.39733E-01   2.99721E-01   9.21190E-03 
    1.33463E-03   0.00000E+00   6.55123E-03   5.21192E-02   8.50565E-01 
    1.49294E-02   4.66125E-02   2.92231E-02   1.12652E-03   9.98873E-01
   1.01300E+03   2.50000E-01   4.45888E-01   2.93688E-01   9.14318E-03 
    1.28087E-03   0.00000E+00   6.02609E-03   5.12628E-02   8.51773E-01 
    1.49419E-02   4.67103E-02   2.92861E-02   3.27651E-03   9.96723E-01
   1.00300E+03   2.50000E-01   4.52235E-01   2.87467E-01   9.06949E-03 
    1.22836E-03   0.00000E+00   5.52782E-03   5.04230E-02   8.52946E-01 
    1.49542E-02   4.68034E-02   2.93459E-02   5.30800E-03   9.94692E-01
   9.93000E+02   2.50000E-01   4.58778E-01   2.81055E-01   8.99052E-03 
    1.17709E-03   0.00000E+00   5.05607E-03   4.96000E-02   8.54084E-01 
    1.49661E-02   4.68917E-02   2.94026E-02   7.22374E-03   9.92776E-01
   9.83000E+02   2.50000E-01   4.65516E-01   2.74450E-01   8.90597E-03 
    1.12707E-03   0.00000E+00   4.61047E-03   4.87943E-02   8.55186E-01 
    1.49777E-02   4.69753E-02   2.94561E-02   9.02650E-03   9.90973E-01
   9.79014E+02   2.50000E-01   4.68257E-01   2.71764E-01   8.87064E-03 
    1.10748E-03   0.00000E+00   4.44006E-03   4.84780E-02   8.55616E-01 
    1.49823E-02   4.70074E-02   2.94765E-02   9.71419E-03   9.90286E-01

 Phase Region for:
     BCC_A2                        
     CEMENTITE                     
     FCC_A1#1                      
 col-1=T, col-2=X(BCC_A2,C), col-3=X(BCC_A2,CR), col-4=X(BCC_A2,FE),
   col-5=X(BCC_A2,MN), col-6=X(BCC_A2,NI), col-7=X(BCC_A2,SI),
   col-8=X(CEMENTITE,C), col-9=X(CEMENTITE,CR), col-10=X(CEMENTITE,FE),
   col-11=X(CEMENTITE,MN), col-12=X(CEMENTITE,NI), col-13=X(CEMENTITE,SI),
   col-14=X(FCC_A1#1,C), col-15=X(FCC_A1#1,CR), col-16=X(FCC_A1#1,FE),
   col-17=X(FCC_A1#1,MN), col-18=X(FCC_A1#1,NI), col-19=X(FCC_A1#1,SI),
   col-20=NP(BCC_A2), col-21=NP(CEMENTITE), col-22=NP(FCC_A1#1),
   9.79014E+02   1.09655E-04   4.10584E-02   9.03061E-01   4.41604E-03 
    1.79803E-02   3.33750E-02   2.50000E-01   4.68258E-01   2.71764E-01 
    8.87064E-03   1.10748E-03   0.00000E+00   4.44006E-03   4.84780E-02 
    8.55616E-01   1.49823E-02   4.70074E-02   2.94765E-02   1.72583E-06 
    9.71424E-03   9.90284E-01
   9.73000E+02   9.81493E-05   4.05840E-02   9.03222E-01   4.52853E-03 
    1.86642E-02   3.29036E-02   2.50000E-01   4.73746E-01   2.65800E-01 
    9.31660E-03   1.13737E-03   0.00000E+00   4.11235E-03   4.78916E-02 
    8.52393E-01   1.61418E-02   5.02640E-02   2.91973E-02   9.75385E-02 
    1.26264E-02   8.89835E-01
   9.63000E+02   8.10099E-05   3.99461E-02   9.03202E-01   4.71393E-03 
    1.97581E-02   3.22984E-02   2.50000E-01   4.83515E-01   2.55264E-01 
    1.00408E-02   1.18103E-03   0.00000E+00   3.58707E-03   4.70227E-02 
    8.46333E-01   1.82321E-02   5.59666E-02   2.88580E-02   2.34810E-01 
    1.64832E-02   7.48707E-01
   9.53000E+02   6.62707E-05   3.94477E-02   9.02953E-01   4.89121E-03 
    2.07826E-02   3.18590E-02   2.50000E-01   4.93886E-01   2.44165E-01 
    1.07324E-02   1.21649E-03   0.00000E+00   3.09592E-03   4.62463E-02 
    8.39490E-01   2.05269E-02   6.20171E-02   2.86239E-02   3.46285E-01 
    1.93544E-02   6.34361E-01
   9.43000E+02   5.37571E-05   3.90473E-02   9.02579E-01   5.05562E-03 
    2.17267E-02   3.15380E-02   2.50000E-01   5.04676E-01   2.32699E-01 
    1.13814E-02   1.24347E-03   0.00000E+00   2.64561E-03   4.55262E-02 
    8.31923E-01   2.30335E-02   6.84195E-02   2.84521E-02   4.37221E-01 
    2.14796E-02   5.41299E-01
   9.33000E+02   4.32511E-05   3.87154E-02   9.02151E-01   5.20392E-03 
    2.25838E-02   3.13026E-02   2.50000E-01   5.15736E-01   2.21022E-01 
    1.19799E-02   1.26199E-03   0.00000E+00   2.23927E-03   4.48351E-02 
    8.23657E-01   2.57641E-02   7.51925E-02   2.83120E-02   5.11838E-01 
    2.30473E-02   4.65115E-01
   9.23000E+02   3.45186E-05   3.84312E-02   9.01720E-01   5.33373E-03 
    2.33506E-02   3.11299E-02   2.50000E-01   5.26950E-01   2.09257E-01 
    1.25211E-02   1.27223E-03   0.00000E+00   1.87755E-03   4.41525E-02 
    8.14687E-01   2.87344E-02   8.23670E-02   2.81814E-02   5.73450E-01 
    2.42010E-02   4.02349E-01
   9.13000E+02   2.73278E-05   3.81800E-02   9.01321E-01   5.44319E-03 
    2.40254E-02   3.10036E-02   2.50000E-01   5.38223E-01   1.97503E-01 
    1.29989E-02   1.27445E-03   0.00000E+00   1.55940E-03   4.34624E-02 
    8.04987E-01   3.19638E-02   8.99839E-02   2.80439E-02   6.24640E-01 
    2.50485E-02   3.50311E-01
   9.03000E+02   2.14591E-05   3.79514E-02   9.00977E-01   5.53079E-03 
    2.46075E-02   3.09122E-02   2.50000E-01   5.49479E-01   1.85844E-01 
    1.34076E-02   1.26899E-03   0.00000E+00   1.28270E-03   4.27526E-02 
    7.94510E-01   3.54747E-02   9.80930E-02   2.78868E-02   6.67425E-01 
    2.56700E-02   3.06905E-01
   8.93000E+02   1.67112E-05   3.77384E-02   9.00705E-01   5.59524E-03 
    2.50975E-02   3.08473E-02   2.50000E-01   5.60655E-01   1.74347E-01 
    1.37420E-02   1.25619E-03   0.00000E+00   1.04462E-03   4.20137E-02 
    7.83197E-01   3.92926E-02   1.06752E-01   2.77002E-02   7.03384E-01 
    2.61246E-02   2.70492E-01
   8.83000E+02   1.29033E-05   3.75360E-02   9.00516E-01   5.63546E-03 
    2.54963E-02   3.08029E-02   2.50000E-01   5.71697E-01   1.63069E-01 
    1.39973E-02   1.23645E-03   0.00000E+00   8.41967E-04   4.12387E-02 
    7.70974E-01   4.34454E-02   1.16024E-01   2.74759E-02   7.33759E-01 
    2.64565E-02   2.39784E-01
   8.73000E+02   9.87588E-06   3.73409E-02   9.00419E-01   5.65055E-03 
    2.58055E-02   3.07743E-02   2.50000E-01   5.82560E-01   1.52060E-01 
    1.41695E-02   1.21019E-03   0.00000E+00   6.71365E-04   4.04226E-02 
    7.57763E-01   4.79627E-02   1.25973E-01   2.72072E-02   7.59535E-01 
    2.66978E-02   2.13767E-01
   8.63000E+02   7.49058E-06   3.71510E-02   9.00416E-01   5.63985E-03 
    2.60275E-02   3.07583E-02   2.50000E-01   5.93204E-01   1.41362E-01 
    1.42554E-02   1.17789E-03   0.00000E+00   5.29403E-04   3.95630E-02 
    7.43484E-01   5.28725E-02   1.36662E-01   2.68888E-02   7.81490E-01 
    2.68727E-02   1.91637E-01
   8.53000E+02   5.62839E-06   3.69646E-02   9.00510E-01   5.60298E-03 
    2.61652E-02   3.07521E-02   2.50000E-01   6.03595E-01   1.31012E-01 
    1.42529E-02   1.14007E-03   0.00000E+00   4.12728E-04   3.86606E-02 
    7.28075E-01   5.81980E-02   1.48136E-01   2.65171E-02   8.00240E-01 
    2.69987E-02   1.72762E-01
   8.43000E+02   4.18837E-06   3.67806E-02   9.00699E-01   5.53992E-03 
    2.62223E-02   3.07537E-02   2.50000E-01   6.13699E-01   1.21042E-01 
    1.41613E-02   1.09732E-03   0.00000E+00   3.18109E-04   3.77198E-02 
    7.11509E-01   6.39500E-02   1.60413E-01   2.60904E-02   8.16269E-01 
    2.70889E-02   1.56642E-01
   8.33000E+02   3.08569E-06   3.65982E-02   9.00983E-01   5.45112E-03 
    2.62033E-02   3.07615E-02   2.50000E-01   6.23490E-01   1.11478E-01 
    1.39815E-02   1.05028E-03   0.00000E+00   2.42462E-04   3.67500E-02 
    6.93818E-01   7.01188E-02   1.73461E-01   2.56102E-02   8.29960E-01 
    2.71531E-02   1.42887E-01
   8.23000E+02   2.24988E-06   3.64168E-02   9.01356E-01   5.33758E-03 
    2.61136E-02   3.07739E-02   2.50000E-01   6.32940E-01   1.02343E-01 
    1.37168E-02   9.99640E-04   0.00000E+00   1.82881E-04   3.57660E-02 
    6.75121E-01   7.66645E-02   1.87184E-01   2.50818E-02   8.41611E-01 
    2.71984E-02   1.31191E-01
   8.13000E+02   1.62297E-06   3.62358E-02   9.01813E-01   5.20099E-03 
    2.59591E-02   3.07898E-02   2.50000E-01   6.42027E-01   9.36543E-02 
    1.33724E-02   9.46133E-04   0.00000E+00   1.36654E-04   3.47874E-02 
    6.55633E-01   8.35124E-02   2.01416E-01   2.45145E-02   8.51467E-01 
    2.72301E-02   1.21303E-01
   8.03000E+02   1.15782E-06   3.60554E-02   9.02345E-01   5.04367E-03 
    2.57464E-02   3.08080E-02   2.50000E-01   6.50731E-01   8.54227E-02 
    1.29555E-02   8.90496E-04   0.00000E+00   1.01294E-04   3.38362E-02 
    6.35655E-01   9.05558E-02   2.15930E-01   2.39212E-02   8.59739E-01 
    2.72521E-02   1.13009E-01
   7.93000E+02   8.16549E-07   3.58761E-02   9.02945E-01   4.86844E-03 
    2.54820E-02   3.08278E-02   2.50000E-01   6.59036E-01   7.76554E-02 
    1.24752E-02   8.33455E-04   0.00000E+00   7.45821E-05   3.29338E-02 
    6.15529E-01   9.76701E-02   2.30476E-01   2.33166E-02   8.66624E-01 
    2.72674E-02   1.06109E-01
   7.83000E+02   5.69048E-07   3.56988E-02   9.03601E-01   4.67845E-03 
    2.51724E-02   3.08484E-02   2.50000E-01   6.66928E-01   7.03544E-02 
    1.19417E-02   7.75709E-04   0.00000E+00   5.46049E-05   3.20974E-02 
    5.95583E-01   1.04732E-01   2.44819E-01   2.27146E-02   8.72312E-01 
    2.72780E-02   1.00410E-01
   7.73000E+02   3.91698E-07   3.55247E-02   9.04305E-01   4.47689E-03 
    2.48239E-02   3.08693E-02   2.50000E-01   6.74399E-01   6.35182E-02 
    1.13653E-02   7.17917E-04   0.00000E+00   3.97786E-05   3.13384E-02 
    5.76086E-01   1.11636E-01   2.58773E-01   2.21272E-02   8.76987E-01 
    2.72853E-02   9.57274E-02
   7.63000E+02   2.66192E-07   3.53552E-02   9.05045E-01   4.26677E-03 
    2.44423E-02   3.08903E-02   2.50000E-01   6.81441E-01   5.71419E-02 
    1.07563E-02   6.60685E-04   0.00000E+00   2.88378E-05   3.06622E-02 
    5.57226E-01   1.18304E-01   2.72216E-01   2.15628E-02   8.80819E-01 
    2.72904E-02   9.18911E-02
   7.53000E+02   1.78519E-07   3.51912E-02   9.05814E-01   4.05085E-03 
    2.40328E-02   3.09111E-02   2.50000E-01   6.88053E-01   5.12182E-02 
    1.01246E-02   6.04566E-04   0.00000E+00   2.08008E-05   3.00697E-02 
    5.39112E-01   1.24686E-01   2.85085E-01   2.10270E-02   8.83957E-01 
    2.72939E-02   8.87493E-02
   7.43000E+02   1.18092E-07   3.50339E-02   9.06603E-01   3.83152E-03 
    2.35999E-02   3.09314E-02   2.50000E-01   6.94234E-01   4.57371E-02 
    9.47915E-03   5.50052E-04   0.00000E+00   1.49210E-05   2.95588E-02 
    5.21789E-01   1.30754E-01   2.97361E-01   2.05229E-02   8.86531E-01 
    2.72963E-02   8.61729E-02
   7.33000E+02   7.70202E-08   3.48838E-02   9.07406E-01   3.61089E-03 
    2.31477E-02   3.09513E-02   2.50000E-01   6.99988E-01   4.06864E-02 
    8.82801E-03   4.97569E-04   0.00000E+00   1.06377E-05   2.91255E-02 
    5.05259E-01   1.36496E-01   3.09057E-01   2.00516E-02   8.88647E-01 
    2.72981E-02   8.40549E-02
   7.23000E+02   4.95036E-08   3.47414E-02   9.08218E-01   3.39074E-03 
    2.26796E-02   3.09704E-02   2.50000E-01   7.05322E-01   3.60520E-02 
    8.17853E-03   4.47476E-04   0.00000E+00   7.53227E-06   2.87655E-02 
    4.89497E-01   1.41912E-01   3.20204E-01   1.96133E-02   8.90392E-01 
    2.72993E-02   8.23084E-02
   7.13000E+02   3.13409E-08   3.46068E-02   9.09033E-01   3.17261E-03 
    2.21986E-02   3.09889E-02   2.50000E-01   7.10245E-01   3.18176E-02 
    7.53716E-03   4.00062E-04   0.00000E+00   5.29330E-06   2.84742E-02 
    4.74462E-01   1.47010E-01   3.30842E-01   1.92075E-02   8.91836E-01 
    2.73001E-02   8.08635E-02
   7.03000E+02   1.95353E-08   3.44800E-02   9.09848E-01   2.95785E-03 
    2.17073E-02   3.10064E-02   2.50000E-01   7.14769E-01   2.79656E-02 
    6.90954E-03   3.55551E-04   0.00000E+00   3.68928E-06   2.82474E-02 
    4.60105E-01   1.51798E-01   3.41012E-01   1.88335E-02   8.93035E-01 
    2.73007E-02   7.96641E-02
   6.93000E+02   1.19823E-08   3.43609E-02   9.10661E-01   2.74757E-03 
    2.12075E-02   3.10230E-02   2.50000E-01   7.18909E-01   2.44766E-02 
    6.30056E-03   3.14096E-04   0.00000E+00   2.54843E-06   2.80816E-02 
    4.46378E-01   1.56288E-01   3.50759E-01   1.84902E-02   8.94033E-01 
    2.73011E-02   7.86655E-02
   6.83000E+02   7.22848E-09   3.42492E-02   9.11468E-01   2.54277E-03 
    2.07013E-02   3.10386E-02   2.50000E-01   7.22679E-01   2.13307E-02 
    5.71432E-03   2.75790E-04   0.00000E+00   1.74354E-06   2.79735E-02 
    4.33231E-01   1.60493E-01   3.60124E-01   1.81769E-02   8.94867E-01 
    2.73013E-02   7.78319E-02
   6.73000E+02   4.28648E-09   3.41445E-02   9.12268E-01   2.34429E-03 
    2.01899E-02   3.10531E-02   2.50000E-01   7.26098E-01   1.85067E-02 
    5.15426E-03   2.40667E-04   0.00000E+00   1.18072E-06   2.79209E-02 
    4.20619E-01   1.64424E-01   3.69142E-01   1.78926E-02   8.95564E-01 
    2.73015E-02   7.71344E-02
