
 Phase Region for:
     FCC_A1#1                      
 col-1=T, col-2=X(FCC_A1#1,C), col-3=X(FCC_A1#1,CR), col-4=X(FCC_A1#1,FE),
   col-5=X(FCC_A1#1,MN), col-6=X(FCC_A1#1,NI), col-7=X(FCC_A1#1,SI),
   col-8=NP(FCC_A1#1),
   1.17300E+03   6.83019E-03   2.36667E-02   9.04392E-01   1.49332E-02 
    2.09674E-02   2.92103E-02   1.00000E+00
   1.18300E+03   6.83019E-03   2.36667E-02   9.04392E-01   1.49332E-02 
    2.09674E-02   2.92103E-02   1.00000E+00
   1.19300E+03   6.83019E-03   2.36667E-02   9.04392E-01   1.49332E-02 
    2.09674E-02   2.92103E-02   1.00000E+00
   1.20300E+03   6.83019E-03   2.36667E-02   9.04392E-01   1.49332E-02 
    2.09674E-02   2.92103E-02   1.00000E+00
   1.21300E+03   6.83019E-03   2.36667E-02   9.04392E-01   1.49332E-02 
    2.09674E-02   2.92103E-02   1.00000E+00
   1.22300E+03   6.83019E-03   2.36667E-02   9.04392E-01   1.49332E-02 
    2.09674E-02   2.92103E-02   1.00000E+00
   1.23300E+03   6.83019E-03   2.36667E-02   9.04392E-01   1.49332E-02 
    2.09674E-02   2.92103E-02   1.00000E+00
   1.24300E+03   6.83019E-03   2.36667E-02   9.04392E-01   1.49332E-02 
    2.09674E-02   2.92103E-02   1.00000E+00
   1.25300E+03   6.83019E-03   2.36667E-02   9.04392E-01   1.49332E-02 
    2.09674E-02   2.92103E-02   1.00000E+00
   1.26300E+03   6.83019E-03   2.36667E-02   9.04392E-01   1.49332E-02 
    2.09674E-02   2.92103E-02   1.00000E+00
   1.27300E+03   6.83019E-03   2.36667E-02   9.04392E-01   1.49332E-02 
    2.09674E-02   2.92103E-02   1.00000E+00
   1.28300E+03   6.83019E-03   2.36667E-02   9.04392E-01   1.49332E-02 
    2.09674E-02   2.92103E-02   1.00000E+00
   1.29300E+03   6.83019E-03   2.36667E-02   9.04392E-01   1.49332E-02 
    2.09674E-02   2.92103E-02   1.00000E+00
   1.30300E+03   6.83019E-03   2.36667E-02   9.04392E-01   1.49332E-02 
    2.09674E-02   2.92103E-02   1.00000E+00
   1.31300E+03   6.83019E-03   2.36667E-02   9.04392E-01   1.49332E-02 
    2.09674E-02   2.92103E-02   1.00000E+00
   1.32300E+03   6.83019E-03   2.36667E-02   9.04392E-01   1.49332E-02 
    2.09674E-02   2.92103E-02   1.00000E+00
   1.33300E+03   6.83019E-03   2.36667E-02   9.04392E-01   1.49332E-02 
    2.09674E-02   2.92103E-02   1.00000E+00
   1.34300E+03   6.83019E-03   2.36667E-02   9.04392E-01   1.49332E-02 
    2.09674E-02   2.92103E-02   1.00000E+00
   1.35300E+03   6.83019E-03   2.36667E-02   9.04392E-01   1.49332E-02 
    2.09674E-02   2.92103E-02   1.00000E+00
   1.36300E+03   6.83019E-03   2.36667E-02   9.04392E-01   1.49332E-02 
    2.09674E-02   2.92103E-02   1.00000E+00
   1.37300E+03   6.83019E-03   2.36667E-02   9.04392E-01   1.49332E-02 
    2.09674E-02   2.92103E-02   1.00000E+00
   1.38300E+03   6.83019E-03   2.36667E-02   9.04392E-01   1.49332E-02 
    2.09674E-02   2.92103E-02   1.00000E+00
   1.39300E+03   6.83019E-03   2.36667E-02   9.04392E-01   1.49332E-02 
    2.09674E-02   2.92103E-02   1.00000E+00
   1.40300E+03   6.83019E-03   2.36667E-02   9.04392E-01   1.49332E-02 
    2.09674E-02   2.92103E-02   1.00000E+00
   1.41300E+03   6.83019E-03   2.36667E-02   9.04392E-01   1.49332E-02 
    2.09674E-02   2.92103E-02   1.00000E+00
   1.42300E+03   6.83019E-03   2.36667E-02   9.04392E-01   1.49332E-02 
    2.09674E-02   2.92103E-02   1.00000E+00
   1.43300E+03   6.83019E-03   2.36667E-02   9.04392E-01   1.49332E-02 
    2.09674E-02   2.92103E-02   1.00000E+00
   1.44300E+03   6.83019E-03   2.36667E-02   9.04392E-01   1.49332E-02 
    2.09674E-02   2.92103E-02   1.00000E+00
   1.45300E+03   6.83019E-03   2.36667E-02   9.04392E-01   1.49332E-02 
    2.09674E-02   2.92103E-02   1.00000E+00
   1.46300E+03   6.83019E-03   2.36667E-02   9.04392E-01   1.49332E-02 
    2.09674E-02   2.92103E-02   1.00000E+00
   1.47300E+03   6.83019E-03   2.36667E-02   9.04392E-01   1.49332E-02 
    2.09674E-02   2.92103E-02   1.00000E+00

 Phase Region for:
     FCC_A1#1                      
 col-1=T, col-2=X(FCC_A1#1,C), col-3=X(FCC_A1#1,CR), col-4=X(FCC_A1#1,FE),
   col-5=X(FCC_A1#1,MN), col-6=X(FCC_A1#1,NI), col-7=X(FCC_A1#1,SI),
   col-8=NP(FCC_A1#1),
   1.17300E+03   6.83019E-03   2.36667E-02   9.04392E-01   1.49332E-02 
    2.09674E-02   2.92103E-02   1.00000E+00
   1.16300E+03   6.83019E-03   2.36667E-02   9.04392E-01   1.49332E-02 
    2.09674E-02   2.92103E-02   1.00000E+00
   1.15300E+03   6.83019E-03   2.36667E-02   9.04392E-01   1.49332E-02 
    2.09674E-02   2.92103E-02   1.00000E+00
   1.14300E+03   6.83019E-03   2.36667E-02   9.04392E-01   1.49332E-02 
    2.09674E-02   2.92103E-02   1.00000E+00
   1.13300E+03   6.83019E-03   2.36667E-02   9.04392E-01   1.49332E-02 
    2.09674E-02   2.92103E-02   1.00000E+00
   1.12300E+03   6.83019E-03   2.36667E-02   9.04392E-01   1.49332E-02 
    2.09674E-02   2.92103E-02   1.00000E+00
   1.11300E+03   6.83019E-03   2.36667E-02   9.04392E-01   1.49332E-02 
    2.09674E-02   2.92103E-02   1.00000E+00
   1.10300E+03   6.83019E-03   2.36667E-02   9.04392E-01   1.49332E-02 
    2.09674E-02   2.92103E-02   1.00000E+00
   1.09300E+03   6.83019E-03   2.36667E-02   9.04392E-01   1.49332E-02 
    2.09674E-02   2.92103E-02   1.00000E+00
   1.08300E+03   6.83019E-03   2.36667E-02   9.04392E-01   1.49332E-02 
    2.09674E-02   2.92103E-02   1.00000E+00
   1.07300E+03   6.83019E-03   2.36667E-02   9.04392E-01   1.49332E-02 
    2.09674E-02   2.92103E-02   1.00000E+00
   1.06300E+03   6.83019E-03   2.36667E-02   9.04392E-01   1.49332E-02 
    2.09674E-02   2.92103E-02   1.00000E+00
   1.05300E+03   6.83019E-03   2.36667E-02   9.04392E-01   1.49332E-02 
    2.09674E-02   2.92103E-02   1.00000E+00
   1.04324E+03   6.83019E-03   2.36667E-02   9.04392E-01   1.49332E-02 
    2.09674E-02   2.92103E-02   1.00000E+00

 Phase Region for:
     BCC_A2                        
     FCC_A1#1                      
 col-1=T, col-2=X(BCC_A2,C), col-3=X(BCC_A2,CR), col-4=X(BCC_A2,FE),
   col-5=X(BCC_A2,MN), col-6=X(BCC_A2,NI), col-7=X(BCC_A2,SI),
   col-8=X(FCC_A1#1,C), col-9=X(FCC_A1#1,CR), col-10=X(FCC_A1#1,FE),
   col-11=X(FCC_A1#1,MN), col-12=X(FCC_A1#1,NI), col-13=X(FCC_A1#1,SI),
   col-14=NP(BCC_A2), col-15=NP(FCC_A1#1),
   1.04324E+03   2.11534E-04   1.89988E-02   9.30872E-01   6.19357E-03 
    9.52458E-03   3.41993E-02   6.83019E-03   2.36667E-02   9.04392E-01 
    1.49332E-02   2.09674E-02   2.92103E-02   1.08399E-06   9.99999E-01
   1.04300E+03   2.11753E-04   1.90027E-02   9.30869E-01   6.19744E-03 
    9.53324E-03   3.41862E-02   6.84748E-03   2.36789E-02   9.04323E-01 
    1.49560E-02   2.09972E-02   2.91973E-02   2.60610E-03   9.97394E-01
   1.03300E+03   2.20980E-04   1.91590E-02   9.30701E-01   6.35315E-03 
    9.89247E-03   3.36735E-02   7.60806E-03   2.41973E-02   9.01296E-01 
    1.59430E-02   2.22708E-02   2.86850E-02   1.05302E-01   8.94698E-01
   1.02300E+03   2.30441E-04   1.92998E-02   9.30503E-01   6.49739E-03 
    1.02482E-02   3.32211E-02   8.45563E-03   2.47422E-02   8.97961E-01 
    1.70109E-02   2.36074E-02   2.82225E-02   1.97617E-01   8.02383E-01
   1.01300E+03   2.40027E-04   1.94246E-02   9.30289E-01   6.62705E-03 
    1.05969E-02   3.28221E-02   9.39730E-03   2.53192E-02   8.94304E-01 
    1.81688E-02   2.50070E-02   2.78034E-02   2.80336E-01   7.19664E-01
   1.00300E+03   2.49621E-04   1.95327E-02   9.30074E-01   6.73883E-03 
    1.09349E-02   3.24697E-02   1.04404E-02   2.59347E-02   8.90303E-01 
    1.94288E-02   2.64713E-02   2.74222E-02   3.54264E-01   6.45736E-01
   9.93000E+02   2.59038E-04   1.95933E-02   9.30052E-01   6.76209E-03 
    1.12249E-02   3.21090E-02   1.15897E-02   2.66171E-02   8.85807E-01 
    2.08516E-02   2.80238E-02   2.71108E-02   4.20055E-01   5.79945E-01
   9.92051E+02   2.59950E-04   1.95994E-02   9.30045E-01   6.76498E-03 
    1.12528E-02   3.20781E-02   1.17059E-02   2.66851E-02   8.85356E-01 
    2.09948E-02   2.81764E-02   2.70822E-02   4.25977E-01   5.74023E-01

 Phase Region for:
     BCC_A2                        
     CEMENTITE                     
     FCC_A1#1                      
 col-1=T, col-2=X(BCC_A2,C), col-3=X(BCC_A2,CR), col-4=X(BCC_A2,FE),
   col-5=X(BCC_A2,MN), col-6=X(BCC_A2,NI), col-7=X(BCC_A2,SI),
   col-8=X(CEMENTITE,C), col-9=X(CEMENTITE,CR), col-10=X(CEMENTITE,FE),
   col-11=X(CEMENTITE,MN), col-12=X(CEMENTITE,NI), col-13=X(CEMENTITE,SI),
   col-14=X(FCC_A1#1,C), col-15=X(FCC_A1#1,CR), col-16=X(FCC_A1#1,FE),
   col-17=X(FCC_A1#1,MN), col-18=X(FCC_A1#1,NI), col-19=X(FCC_A1#1,SI),
   col-20=NP(BCC_A2), col-21=NP(CEMENTITE), col-22=NP(FCC_A1#1),
   9.92051E+02   2.59950E-04   1.95993E-02   9.30045E-01   6.76499E-03 
    1.12528E-02   3.20781E-02   2.50000E-01   2.88305E-01   4.39094E-01 
    2.15917E-02   1.00927E-03   0.00000E+00   1.17059E-02   2.66850E-02 
    8.85356E-01   2.09948E-02   2.81765E-02   2.70822E-02   4.25978E-01 
    8.69629E-08   5.74022E-01
   9.83000E+02   2.29785E-04   1.87460E-02   9.30150E-01   7.26074E-03 
    1.21100E-02   3.15036E-02   2.50000E-01   2.89190E-01   4.35164E-01 
    2.45600E-02   1.08637E-03   0.00000E+00   1.10457E-02   2.55245E-02 
    8.80623E-01   2.39985E-02   3.19055E-02   2.69024E-02   5.41838E-01 
    6.88391E-03   4.51278E-01
   9.73000E+02   1.98645E-04   1.79959E-02   9.29942E-01   7.79626E-03 
    1.30038E-02   3.10636E-02   2.50000E-01   2.91829E-01   4.29063E-01 
    2.79461E-02   1.16232E-03   0.00000E+00   1.02629E-02   2.44322E-02 
    8.74537E-01   2.75883E-02   3.63250E-02   2.68548E-02   6.39630E-01 
    1.25333E-02   3.47837E-01
   9.63000E+02   1.70232E-04   1.73914E-02   9.29543E-01   8.30344E-03 
    1.38270E-02   3.07645E-02   2.50000E-01   2.95911E-01   4.21473E-01 
    3.13889E-02   1.22734E-03   0.00000E+00   9.45394E-03   2.34842E-02 
    8.67676E-01   3.14360E-02   4.10477E-02   2.69025E-02   7.13366E-01 
    1.66244E-02   2.70009E-01
   9.53000E+02   1.44747E-04   1.68888E-02   9.29062E-01   8.77161E-03 
    1.45718E-02   3.05612E-02   2.50000E-01   3.01165E-01   4.12710E-01 
    3.48438E-02   1.28115E-03   0.00000E+00   8.64311E-03   2.26358E-02 
    8.60120E-01   3.55244E-02   4.60793E-02   2.69978E-02   7.69186E-01 
    1.95722E-02   2.11242E-01
   9.43000E+02   1.22201E-04   1.64565E-02   9.28569E-01   9.19393E-03 
    1.52355E-02   3.04230E-02   2.50000E-01   3.07375E-01   4.03025E-01 
    3.82755E-02   1.32407E-03   0.00000E+00   7.84814E-03   2.18541E-02 
    8.51906E-01   3.98461E-02   5.14391E-02   2.71062E-02   8.11649E-01 
    2.16922E-02   1.66658E-01
   9.33000E+02   1.02482E-04   1.60720E-02   9.28112E-01   9.56632E-03 
    1.58182E-02   3.03293E-02   2.50000E-01   3.14377E-01   3.92612E-01 
    4.16549E-02   1.35670E-03   0.00000E+00   7.08140E-03   2.11149E-02 
    8.43041E-01   4.44019E-02   5.71583E-02   2.72027E-02   8.44106E-01 
    2.32165E-02   1.32678E-01
   9.23000E+02   8.53994E-05   1.57193E-02   9.27722E-01   9.88640E-03 
    1.63212E-02   3.02660E-02   2.50000E-01   3.22046E-01   3.81618E-01 
    4.49561E-02   1.37979E-03   0.00000E+00   6.35132E-03   2.04011E-02 
    8.33502E-01   4.92000E-02   6.32769E-02   2.72686E-02   8.69002E-01 
    2.43135E-02   1.06684E-01
   9.13000E+02   7.07259E-05   1.53871E-02   9.27419E-01   1.01531E-02 
    1.67464E-02   3.02236E-02   2.50000E-01   3.30292E-01   3.70158E-01 
    4.81559E-02   1.39406E-03   0.00000E+00   5.66331E-03   1.97004E-02 
    8.23248E-01   5.42561E-02   6.98431E-02   2.72895E-02   8.88142E-01 
    2.51042E-02   8.67537E-02
   9.03000E+02   5.82172E-05   1.50671E-02   9.27217E-01   1.03662E-02 
    1.70958E-02   3.01958E-02   2.50000E-01   3.39046E-01   3.58321E-01 
    5.12328E-02   1.40020E-03   0.00000E+00   5.02066E-03   1.90039E-02 
    8.12216E-01   5.95929E-02   7.69130E-02   2.72539E-02   9.02865E-01 
    2.56754E-02   7.14596E-02
   8.93000E+02   4.76294E-05   1.47536E-02   9.27123E-01   1.05264E-02 
    1.73712E-02   3.01784E-02   2.50000E-01   3.48259E-01   3.46176E-01 
    5.41661E-02   1.39886E-03   0.00000E+00   4.42509E-03   1.83056E-02 
    8.00328E-01   6.52399E-02   8.45493E-02   2.71523E-02   9.14176E-01 
    2.60893E-02   5.97346E-02
   8.83000E+02   3.87278E-05   1.44426E-02   9.27141E-01   1.06347E-02 
    1.75741E-02   3.01686E-02   2.50000E-01   3.57892E-01   3.33781E-01 
    5.69362E-02   1.39060E-03   0.00000E+00   3.87721E-03   1.76014E-02 
    7.87491E-01   7.12333E-02   9.28206E-02   2.69762E-02   9.22839E-01 
    2.63904E-02   5.07708E-02
   8.73000E+02   3.12930E-05   1.41310E-02   9.27275E-01   1.06925E-02 
    1.77060E-02   3.01645E-02   2.50000E-01   3.67918E-01   3.21182E-01 
    5.95241E-02   1.37592E-03   0.00000E+00   3.37686E-03   1.68892E-02 
    7.73603E-01   7.76146E-02   1.01799E-01   2.67180E-02   9.29438E-01 
    2.66107E-02   4.39508E-02
   8.63000E+02   2.51236E-05   1.38168E-02   9.27523E-01   1.07018E-02 
    1.77682E-02   3.01652E-02   2.50000E-01   3.78311E-01   3.08422E-01 
    6.19117E-02   1.35530E-03   0.00000E+00   2.92333E-03   1.61683E-02 
    7.58557E-01   8.44279E-02   1.11553E-01   2.63707E-02   9.34429E-01 
    2.67732E-02   3.87976E-02
   8.53000E+02   2.00377E-05   1.34988E-02   9.27884E-01   1.06647E-02 
    1.77622E-02   3.01699E-02   2.50000E-01   3.89051E-01   2.95538E-01 
    6.40820E-02   1.32920E-03   0.00000E+00   2.51552E-03   1.54400E-02 
    7.42260E-01   9.17149E-02   1.22141E-01   2.59287E-02   9.38165E-01 
    2.68940E-02   3.49407E-02
   8.43000E+02   1.58725E-05   1.31760E-02   9.28356E-01   1.05836E-02 
    1.76901E-02   3.01784E-02   2.50000E-01   4.00118E-01   2.82564E-01 
    6.60191E-02   1.29805E-03   0.00000E+00   2.15202E-03   1.47075E-02 
    7.24651E-01   9.95063E-02   1.33595E-01   2.53883E-02   9.40924E-01 
    2.69848E-02   3.20915E-02
   8.33000E+02   1.24845E-05   1.28480E-02   9.28933E-01   1.04615E-02 
    1.75545E-02   3.01905E-02   2.50000E-01   4.11492E-01   2.69536E-01 
    6.77089E-02   1.26233E-03   0.00000E+00   1.83115E-03   1.39762E-02 
    7.05735E-01   1.07809E-01   1.45898E-01   2.47495E-02   9.42920E-01 
    2.70537E-02   3.00260E-02
   8.23000E+02   9.74759E-06   1.25146E-02   9.29610E-01   1.03013E-02 
    1.73588E-02   3.02059E-02   2.50000E-01   4.23150E-01   2.56488E-01 
    6.91396E-02   1.22254E-03   0.00000E+00   1.55094E-03   1.32544E-02 
    6.85625E-01   1.16591E-01   1.58961E-01   2.40182E-02   9.44320E-01 
    2.71067E-02   2.85730E-02
   8.13000E+02   7.55253E-06   1.21759E-02   9.30378E-01   1.01065E-02 
    1.71075E-02   3.02245E-02   2.50000E-01   4.35064E-01   2.43455E-01 
    7.03023E-02   1.17922E-03   0.00000E+00   1.30890E-03   1.25514E-02 
    6.64553E-01   1.25769E-01   1.72611E-01   2.32069E-02   9.45250E-01 
    2.71477E-02   2.76021E-02
   8.03000E+02   5.80504E-06   1.18322E-02   9.31229E-01   9.88093E-03 
    1.68063E-02   3.02461E-02   2.50000E-01   4.47203E-01   2.30472E-01 
    7.11918E-02   1.13295E-03   0.00000E+00   1.10199E-03   1.18771E-02 
    6.42875E-01   1.35212E-01   1.86599E-01   2.23348E-02   9.45805E-01 
    2.71797E-02   2.70154E-02
   7.93000E+02   4.42455E-06   1.14841E-02   9.32151E-01   9.62856E-03 
    1.64613E-02   3.02703E-02   2.50000E-01   4.59532E-01   2.17577E-01 
    7.18067E-02   1.08430E-03   0.00000E+00   9.26607E-04   1.12400E-02 
    6.21014E-01   1.44759E-01   2.00635E-01   2.14259E-02   9.46057E-01 
    2.72049E-02   2.67379E-02
   7.83000E+02   3.34271E-06   1.11323E-02   9.33135E-01   9.35360E-03 
    1.60789E-02   3.02967E-02   2.50000E-01   4.72011E-01   2.04805E-01 
    7.21493E-02   1.03384E-03   0.00000E+00   7.78780E-04   1.06456E-02 
    5.99383E-01   1.54248E-01   2.14441E-01   2.05039E-02   9.46066E-01 
    2.72249E-02   2.67092E-02
   7.73000E+02   2.50201E-06   1.07778E-02   9.34169E-01   9.06020E-03 
    1.56654E-02   3.03250E-02   2.50000E-01   4.84597E-01   1.92196E-01 
    7.22251E-02   9.82062E-04   0.00000E+00   6.54473E-04   1.00960E-02 
    5.78318E-01   1.63543E-01   2.27800E-01   1.95892E-02   9.45880E-01 
    2.72409E-02   2.68790E-02
   7.63000E+02   1.85444E-06   1.04216E-02   9.35243E-01   8.75228E-03 
    1.52266E-02   3.03548E-02   2.50000E-01   4.97243E-01   1.79787E-01 
    7.20412E-02   9.29420E-04   0.00000E+00   5.49904E-04   9.59037E-03 
    5.58042E-01   1.72551E-01   2.40571E-01   1.86962E-02   9.45542E-01 
    2.72539E-02   2.72046E-02
   7.53000E+02   1.36029E-06   1.00649E-02   9.36347E-01   8.43338E-03 
    1.47677E-02   3.03858E-02   2.50000E-01   5.09901E-01   1.67616E-01 
    7.16064E-02   8.76289E-04   0.00000E+00   4.61754E-04   9.12616E-03 
    5.38674E-01   1.81218E-01   2.52686E-01   1.78342E-02   9.45086E-01 
    2.72645E-02   2.76497E-02
   7.43000E+02   9.86900E-07   9.70892E-03   9.37472E-01   8.10665E-03 
    1.42933E-02   3.04179E-02   2.50000E-01   5.22526E-01   1.55722E-01 
    7.09296E-02   8.22987E-04   0.00000E+00   3.87233E-04   8.69983E-03 
    5.20252E-01   1.89525E-01   2.64129E-01   1.70075E-02   9.44542E-01 
    2.72734E-02   2.81845E-02
   7.33000E+02   7.07716E-07   9.35502E-03   9.38612E-01   7.77479E-03 
    1.38070E-02   3.04507E-02   2.50000E-01   5.35068E-01   1.44142E-01 
    7.00203E-02   7.69786E-04   0.00000E+00   3.24060E-04   8.30771E-03 
    5.02761E-01   1.97471E-01   2.74919E-01   1.62176E-02   9.43935E-01 
    2.72808E-02   2.87846E-02
   7.23000E+02   5.01283E-07   9.00442E-03   9.39758E-01   7.44014E-03 
    1.33124E-02   3.04842E-02   2.50000E-01   5.47481E-01   1.32914E-01 
    6.88879E-02   7.16929E-04   0.00000E+00   2.70391E-04   7.94640E-03 
    4.86155E-01   2.05070E-01   2.85094E-01   1.54639E-02   9.43282E-01 
    2.72870E-02   2.94306E-02
   7.13000E+02   3.50443E-07   8.65837E-03   9.40906E-01   7.10465E-03 
    1.28121E-02   3.05181E-02   2.50000E-01   5.59722E-01   1.22072E-01 
    6.75422E-02   6.64639E-04   0.00000E+00   2.24743E-04   7.61290E-03 
    4.70375E-01   2.12342E-01   2.94701E-01   1.47447E-02   9.42601E-01 
    2.72924E-02   3.01070E-02
   7.03000E+02   2.41609E-07   8.31805E-03   9.42051E-01   6.77001E-03 
    1.23086E-02   3.05524E-02   2.50000E-01   5.71747E-01   1.11647E-01 
    6.59933E-02   6.13130E-04   0.00000E+00   1.85914E-04   7.30467E-03 
    4.55355E-01   2.19310E-01   3.03787E-01   1.40581E-02   9.41901E-01 
    2.72969E-02   3.08017E-02
   6.93000E+02   1.64132E-07   7.98460E-03   9.43187E-01   6.43765E-03 
    1.18040E-02   3.05868E-02   2.50000E-01   5.83517E-01   1.01669E-01 
    6.42518E-02   5.62619E-04   0.00000E+00   1.52923E-04   7.01962E-03 
    4.41030E-01   2.25996E-01   3.12399E-01   1.34017E-02   9.41194E-01 
    2.73009E-02   3.15049E-02
   6.83000E+02   1.09763E-07   7.65905E-03   9.44310E-01   6.10879E-03 
    1.13003E-02   3.06213E-02   2.50000E-01   5.94995E-01   9.21631E-02 
    6.23290E-02   5.13326E-04   0.00000E+00   1.24957E-04   6.75604E-03 
    4.27342E-01   2.32424E-01   3.20580E-01   1.27734E-02   9.40487E-01 
    2.73042E-02   3.22090E-02
   6.73000E+02   7.21897E-08   7.34236E-03   9.45418E-01   5.78447E-03 
    1.07990E-02   3.06557E-02   2.50000E-01   6.06147E-01   8.31504E-02 
    6.02367E-02   4.65478E-04   0.00000E+00   1.01338E-04   6.51256E-03 
    4.14233E-01   2.38611E-01   3.28370E-01   1.21710E-02   9.39785E-01 
    2.73071E-02   3.29078E-02
