
 Phase Region for:
     FCC_A1#1                      
 col-1=T, col-2=W(FCC_A1#1,C), col-3=W(FCC_A1#1,CR), col-4=W(FCC_A1#1,FE),
   col-5=W(FCC_A1#1,MN), col-6=W(FCC_A1#1,NI), col-7=W(FCC_A1#1,SI),
   col-8=NP(FCC_A1#1),
   1.17300E+03   1.50000E-03   1.50005E-02   9.23498E-01   1.50005E-02 
    1.50005E-02   3.00000E-02   1.00000E+00
   1.18300E+03   1.50000E-03   1.50005E-02   9.23498E-01   1.50005E-02 
    1.50005E-02   3.00000E-02   1.00000E+00
   1.19300E+03   1.50000E-03   1.50005E-02   9.23498E-01   1.50005E-02 
    1.50005E-02   3.00000E-02   1.00000E+00
   1.20300E+03   1.50000E-03   1.50005E-02   9.23498E-01   1.50005E-02 
    1.50005E-02   3.00000E-02   1.00000E+00
   1.21300E+03   1.50000E-03   1.50005E-02   9.23498E-01   1.50005E-02 
    1.50005E-02   3.00000E-02   1.00000E+00
   1.22300E+03   1.50000E-03   1.50005E-02   9.23498E-01   1.50005E-02 
    1.50005E-02   3.00000E-02   1.00000E+00
   1.23300E+03   1.50000E-03   1.50005E-02   9.23498E-01   1.50005E-02 
    1.50005E-02   3.00000E-02   1.00000E+00
   1.24300E+03   1.50000E-03   1.50005E-02   9.23498E-01   1.50005E-02 
    1.50005E-02   3.00000E-02   1.00000E+00
   1.25300E+03   1.50000E-03   1.50005E-02   9.23498E-01   1.50005E-02 
    1.50005E-02   3.00000E-02   1.00000E+00
   1.26300E+03   1.50000E-03   1.50005E-02   9.23498E-01   1.50005E-02 
    1.50005E-02   3.00000E-02   1.00000E+00
   1.27300E+03   1.50000E-03   1.50005E-02   9.23498E-01   1.50005E-02 
    1.50005E-02   3.00000E-02   1.00000E+00
   1.28300E+03   1.50000E-03   1.50005E-02   9.23498E-01   1.50005E-02 
    1.50005E-02   3.00000E-02   1.00000E+00
   1.29300E+03   1.50000E-03   1.50005E-02   9.23498E-01   1.50005E-02 
    1.50005E-02   3.00000E-02   1.00000E+00
   1.30300E+03   1.50000E-03   1.50005E-02   9.23498E-01   1.50005E-02 
    1.50005E-02   3.00000E-02   1.00000E+00
   1.31300E+03   1.50000E-03   1.50005E-02   9.23498E-01   1.50005E-02 
    1.50005E-02   3.00000E-02   1.00000E+00
   1.32300E+03   1.50000E-03   1.50005E-02   9.23498E-01   1.50005E-02 
    1.50005E-02   3.00000E-02   1.00000E+00
   1.33300E+03   1.50000E-03   1.50005E-02   9.23498E-01   1.50005E-02 
    1.50005E-02   3.00000E-02   1.00000E+00
   1.34300E+03   1.50000E-03   1.50005E-02   9.23498E-01   1.50005E-02 
    1.50005E-02   3.00000E-02   1.00000E+00
   1.35300E+03   1.50000E-03   1.50005E-02   9.23498E-01   1.50005E-02 
    1.50005E-02   3.00000E-02   1.00000E+00
   1.36300E+03   1.50000E-03   1.50005E-02   9.23498E-01   1.50005E-02 
    1.50005E-02   3.00000E-02   1.00000E+00
   1.37300E+03   1.50000E-03   1.50005E-02   9.23498E-01   1.50005E-02 
    1.50005E-02   3.00000E-02   1.00000E+00
   1.38300E+03   1.50000E-03   1.50005E-02   9.23498E-01   1.50005E-02 
    1.50005E-02   3.00000E-02   1.00000E+00
   1.39300E+03   1.50000E-03   1.50005E-02   9.23498E-01   1.50005E-02 
    1.50005E-02   3.00000E-02   1.00000E+00
   1.40300E+03   1.50000E-03   1.50005E-02   9.23498E-01   1.50005E-02 
    1.50005E-02   3.00000E-02   1.00000E+00
   1.41300E+03   1.50000E-03   1.50005E-02   9.23498E-01   1.50005E-02 
    1.50005E-02   3.00000E-02   1.00000E+00
   1.42300E+03   1.50000E-03   1.50005E-02   9.23498E-01   1.50005E-02 
    1.50005E-02   3.00000E-02   1.00000E+00
   1.43300E+03   1.50000E-03   1.50005E-02   9.23498E-01   1.50005E-02 
    1.50005E-02   3.00000E-02   1.00000E+00
   1.44300E+03   1.50000E-03   1.50005E-02   9.23498E-01   1.50005E-02 
    1.50005E-02   3.00000E-02   1.00000E+00
   1.45300E+03   1.50000E-03   1.50005E-02   9.23498E-01   1.50005E-02 
    1.50005E-02   3.00000E-02   1.00000E+00
   1.46300E+03   1.50000E-03   1.50005E-02   9.23498E-01   1.50005E-02 
    1.50005E-02   3.00000E-02   1.00000E+00
   1.47300E+03   1.50000E-03   1.50005E-02   9.23498E-01   1.50005E-02 
    1.50005E-02   3.00000E-02   1.00000E+00

 Phase Region for:
     FCC_A1#1                      
 col-1=T, col-2=W(FCC_A1#1,C), col-3=W(FCC_A1#1,CR), col-4=W(FCC_A1#1,FE),
   col-5=W(FCC_A1#1,MN), col-6=W(FCC_A1#1,NI), col-7=W(FCC_A1#1,SI),
   col-8=NP(FCC_A1#1),
   1.17300E+03   1.50000E-03   1.50005E-02   9.23498E-01   1.50005E-02 
    1.50005E-02   3.00000E-02   1.00000E+00
   1.16300E+03   1.50000E-03   1.50005E-02   9.23498E-01   1.50005E-02 
    1.50005E-02   3.00000E-02   1.00000E+00
   1.15300E+03   1.50000E-03   1.50005E-02   9.23498E-01   1.50005E-02 
    1.50005E-02   3.00000E-02   1.00000E+00
   1.14300E+03   1.50000E-03   1.50005E-02   9.23498E-01   1.50005E-02 
    1.50005E-02   3.00000E-02   1.00000E+00
   1.13366E+03   1.50000E-03   1.50005E-02   9.23498E-01   1.50005E-02 
    1.50005E-02   3.00000E-02   1.00000E+00

 Phase Region for:
     BCC_A2                        
     FCC_A1#1                      
 col-1=T, col-2=W(BCC_A2,C), col-3=W(BCC_A2,CR), col-4=W(BCC_A2,FE),
   col-5=W(BCC_A2,MN), col-6=W(BCC_A2,NI), col-7=W(BCC_A2,SI),
   col-8=W(FCC_A1#1,C), col-9=W(FCC_A1#1,CR), col-10=W(FCC_A1#1,FE),
   col-11=W(FCC_A1#1,MN), col-12=W(FCC_A1#1,NI), col-13=W(FCC_A1#1,SI),
   col-14=NP(BCC_A2), col-15=NP(FCC_A1#1),
   1.13366E+03   7.78644E-05   1.26135E-02   9.36571E-01   7.99705E-03 
    8.02562E-03   3.47153E-02   1.50000E-03   1.50005E-02   9.23498E-01 
    1.50005E-02   1.50005E-02   3.00000E-02   6.92979E-07   9.99999E-01
   1.13300E+03   7.79053E-05   1.26158E-02   9.36570E-01   8.00518E-03 
    8.03502E-03   3.46963E-02   1.50657E-03   1.50115E-02   9.23438E-01 
    1.50328E-02   1.50327E-02   2.99783E-02   4.59462E-03   9.95405E-01
   1.12300E+03   7.85755E-05   1.26503E-02   9.36546E-01   8.12862E-03 
    8.17999E-03   3.44165E-02   1.61084E-03   1.51838E-02   9.22481E-01 
    1.55364E-02   1.55323E-02   2.96556E-02   7.22825E-02   9.27718E-01
   1.11300E+03   7.93399E-05   1.26851E-02   9.36502E-01   8.25308E-03 
    8.33052E-03   3.41498E-02   1.72576E-03   1.53684E-02   9.21432E-01 
    1.60727E-02   1.60604E-02   2.93405E-02   1.36984E-01   8.63016E-01
   1.10300E+03   8.01855E-05   1.27197E-02   9.36440E-01   8.37752E-03 
    8.48572E-03   3.38967E-02   1.85226E-03   1.55664E-02   9.20288E-01 
    1.66437E-02   1.66168E-02   2.90332E-02   1.98535E-01   8.01465E-01
   1.09300E+03   8.10979E-05   1.27534E-02   9.36362E-01   8.50086E-03 
    8.64461E-03   3.36577E-02   1.99131E-03   1.57786E-02   9.19044E-01 
    1.72511E-02   1.72013E-02   2.87335E-02   2.56823E-01   7.43177E-01
   1.08300E+03   8.20614E-05   1.27857E-02   9.36271E-01   8.62193E-03 
    8.80619E-03   3.34326E-02   2.14396E-03   1.60063E-02   9.17698E-01 
    1.78973E-02   1.78137E-02   2.84411E-02   3.11786E-01   6.88214E-01
   1.07300E+03   8.30592E-05   1.28162E-02   9.36170E-01   8.73957E-03 
    8.96940E-03   3.32216E-02   2.31129E-03   1.62512E-02   9.16243E-01 
    1.85853E-02   1.84537E-02   2.81555E-02   3.63407E-01   6.36593E-01
   1.06300E+03   8.40735E-05   1.28442E-02   9.36062E-01   8.85256E-03 
    9.13317E-03   3.30241E-02   2.49445E-03   1.65149E-02   9.14675E-01 
    1.93184E-02   1.91213E-02   2.78761E-02   4.11712E-01   5.88288E-01
   1.05300E+03   8.50855E-05   1.28695E-02   9.35949E-01   8.95965E-03 
    9.29642E-03   3.28399E-02   2.69464E-03   1.67998E-02   9.12986E-01 
    2.01009E-02   1.98166E-02   2.76022E-02   4.56762E-01   5.43238E-01
   1.04300E+03   8.60754E-05   1.28915E-02   9.35836E-01   9.05957E-03 
    9.45809E-03   3.26685E-02   2.91314E-03   1.71083E-02   9.11168E-01 
    2.09381E-02   2.05398E-02   2.73330E-02   4.98650E-01   5.01350E-01
   1.03300E+03   8.70228E-05   1.29100E-02   9.35726E-01   9.15098E-03 
    9.61708E-03   3.25091E-02   3.15126E-03   1.74436E-02   9.09209E-01 
    2.18365E-02   2.12918E-02   2.70678E-02   5.37494E-01   4.62506E-01
   1.02300E+03   8.79063E-05   1.29245E-02   9.35622E-01   9.23247E-03 
    9.77232E-03   3.23611E-02   3.41039E-03   1.78090E-02   9.07097E-01 
    2.28039E-02   2.20736E-02   2.68057E-02   5.73426E-01   4.26574E-01
   1.01446E+03   8.85933E-05   1.29336E-02   9.35540E-01   9.29307E-03 
    9.90106E-03   3.22433E-02   3.64935E-03   1.81481E-02   9.05161E-01 
    2.36920E-02   2.27661E-02   2.65838E-02   6.01911E-01   3.98089E-01

 Phase Region for:
     BCC_A2                        
     CEMENTITE                     
     FCC_A1#1                      
 col-1=T, col-2=W(BCC_A2,C), col-3=W(BCC_A2,CR), col-4=W(BCC_A2,FE),
   col-5=W(BCC_A2,MN), col-6=W(BCC_A2,NI), col-7=W(BCC_A2,SI),
   col-8=W(CEMENTITE,C), col-9=W(CEMENTITE,CR), col-10=W(CEMENTITE,FE),
   col-11=W(CEMENTITE,MN), col-12=W(CEMENTITE,NI), col-13=W(CEMENTITE,SI),
   col-14=W(FCC_A1#1,C), col-15=W(FCC_A1#1,CR), col-16=W(FCC_A1#1,FE),
   col-17=W(FCC_A1#1,MN), col-18=W(FCC_A1#1,NI), col-19=W(FCC_A1#1,SI),
   col-20=NP(BCC_A2), col-21=NP(CEMENTITE), col-22=NP(FCC_A1#1),
   1.01446E+03   8.85932E-05   1.29336E-02   9.35540E-01   9.29308E-03 
    9.90107E-03   3.22433E-02   6.79851E-02   2.13527E-01   6.82703E-01 
    3.42452E-02   1.53965E-03   0.00000E+00   3.64935E-03   1.81481E-02 
    9.05161E-01   2.36920E-02   2.27662E-02   2.65838E-02   6.01913E-01 
    9.44026E-08   3.98087E-01
   1.01300E+03   8.70640E-05   1.28268E-02   9.35480E-01   9.41037E-03 
    1.00287E-02   3.21669E-02   6.79843E-02   2.13233E-01   6.82303E-01 
    3.49213E-02   1.55899E-03   0.00000E+00   3.62439E-03   1.79875E-02 
    9.04538E-01   2.41180E-02   2.32009E-02   2.65311E-02   6.18915E-01 
    1.35299E-03   3.79732E-01
   1.00300E+03   7.69063E-05   1.21867E-02   9.34909E-01   1.02047E-02 
    1.09025E-02   3.17198E-02   6.79845E-02   2.12284E-01   6.78349E-01 
    3.96943E-02   1.68880E-03   0.00000E+00   3.44339E-03   1.69960E-02 
    8.99836E-01   2.71435E-02   2.63422E-02   2.62387E-02   7.19987E-01 
    9.24629E-03   2.70767E-01
   9.93000E+02   6.73858E-05   1.16771E-02   9.34142E-01   1.09672E-02 
    1.17625E-02   3.13842E-02   6.79932E-02   2.13017E-01   6.72495E-01 
    4.46832E-02   1.81174E-03   0.00000E+00   3.24857E-03   1.61612E-02 
    8.94432E-01   3.03450E-02   2.97682E-02   2.60448E-02   7.97889E-01 
    1.50773E-02   1.87034E-01
   9.83000E+02   5.86063E-05   1.12656E-02   9.33275E-01   1.16765E-02 
    1.25889E-02   3.11352E-02   6.80094E-02   2.15193E-01   6.65026E-01 
    4.98464E-02   1.92514E-03   0.00000E+00   3.04523E-03   1.54461E-02 
    8.88407E-01   3.37065E-02   3.34716E-02   2.59237E-02   8.57060E-01 
    1.92736E-02   1.23667E-01
   9.73000E+02   5.05830E-05   1.09271E-02   9.32457E-01   1.22769E-02 
    1.33320E-02   3.09560E-02   6.80328E-02   2.18791E-01   6.55907E-01 
    5.52448E-02   2.02488E-03   0.00000E+00   2.83569E-03   1.48339E-02 
    8.81738E-01   3.72843E-02   3.74280E-02   2.58803E-02   9.00088E-01 
    2.21545E-02   7.77580E-02
   9.63000E+02   4.33347E-05   1.06406E-02   9.31748E-01   1.27613E-02 
    1.39755E-02   3.08315E-02   6.80628E-02   2.23623E-01   6.45249E-01 
    6.09555E-02   2.11030E-03   0.00000E+00   2.62383E-03   1.42961E-02 
    8.74385E-01   4.11398E-02   4.16588E-02   2.58966E-02   9.30506E-01 
    2.40652E-02   4.54286E-02
   9.53000E+02   3.69146E-05   1.03886E-02   9.31050E-01   1.32035E-02 
    1.45791E-02   3.07415E-02   6.80965E-02   2.29162E-01   6.33753E-01 
    6.68030E-02   2.18568E-03   0.00000E+00   2.41683E-03   1.37872E-02 
    8.66489E-01   4.51634E-02   4.62392E-02   2.59038E-02   9.53236E-01 
    2.53698E-02   2.13939E-02
   9.43000E+02   3.12758E-05   1.01604E-02   9.30398E-01   1.35952E-02 
    1.51386E-02   3.06761E-02   6.81333E-02   2.35312E-01   6.21564E-01 
    7.27393E-02   2.25081E-03   0.00000E+00   2.21653E-03   1.32962E-02 
    8.58054E-01   4.93450E-02   5.11970E-02   2.58912E-02   9.69942E-01 
    2.62348E-02   3.82338E-03
   9.40306E+02   2.98831E-05   1.01019E-02   9.30234E-01   1.36913E-02 
    1.52814E-02   3.06618E-02   6.81437E-02   2.37064E-01   6.18178E-01 
    7.43480E-02   2.26661E-03   0.00000E+00   2.16390E-03   1.31659E-02 
    8.55687E-01   5.04979E-02   5.26015E-02   2.58832E-02   9.73590E-01 
    2.64097E-02   0.00000E+00

 Phase Region for:
     BCC_A2                        
     CEMENTITE                     
 col-1=T, col-2=W(BCC_A2,C), col-3=W(BCC_A2,CR), col-4=W(BCC_A2,FE),
   col-5=W(BCC_A2,MN), col-6=W(BCC_A2,NI), col-7=W(BCC_A2,SI),
   col-8=W(CEMENTITE,C), col-9=W(CEMENTITE,CR), col-10=W(CEMENTITE,FE),
   col-11=W(CEMENTITE,MN), col-12=W(CEMENTITE,NI), col-13=W(CEMENTITE,SI),
   col-14=NP(BCC_A2), col-15=NP(CEMENTITE),
   9.40306E+02   2.98831E-05   1.01019E-02   9.30234E-01   1.36913E-02 
    1.52814E-02   3.06618E-02   6.81437E-02   2.37064E-01   6.18178E-01 
    7.43480E-02   2.26661E-03   0.00000E+00   9.73590E-01   2.64097E-02  NONE
   9.33000E+02   2.64278E-05   9.96538E-03   9.30439E-01   1.36240E-02 
    1.52823E-02   3.06630E-02   6.81756E-02   2.42828E-01   6.09462E-01 
    7.72849E-02   2.25012E-03   0.00000E+00   9.73530E-01   2.64705E-02  NONE
   9.23000E+02   2.22524E-05   9.77472E-03   9.30725E-01   1.35301E-02 
    1.52834E-02   3.06645E-02   6.82204E-02   2.50945E-01   5.97217E-01 
    8.13908E-02   2.22662E-03   0.00000E+00   9.73456E-01   2.65438E-02  NONE
   9.13000E+02   1.86511E-05   9.57956E-03   9.31018E-01   1.34342E-02 
    1.52845E-02   3.06656E-02   6.82667E-02   2.59331E-01   5.84602E-01 
    8.55982E-02   2.20218E-03   0.00000E+00   9.73393E-01   2.66071E-02  NONE
   9.03000E+02   1.55579E-05   9.37975E-03   9.31317E-01   1.33362E-02 
    1.52854E-02   3.06665E-02   6.83145E-02   2.67989E-01   5.71610E-01 
    8.99088E-02   2.17699E-03   0.00000E+00   9.73339E-01   2.66615E-02  NONE
   8.93000E+02   1.29125E-05   9.17519E-03   9.31622E-01   1.32363E-02 
    1.52863E-02   3.06672E-02   6.83637E-02   2.76923E-01   5.58238E-01 
    9.43242E-02   2.15121E-03   0.00000E+00   9.73292E-01   2.67079E-02  NONE
   8.83000E+02   1.06607E-05   8.96581E-03   9.31934E-01   1.31343E-02 
    1.52871E-02   3.06677E-02   6.84144E-02   2.86133E-01   5.44482E-01 
    9.88460E-02   2.12500E-03   0.00000E+00   9.73253E-01   2.67475E-02  NONE
   8.73000E+02   8.75315E-06   8.75160E-03   9.32253E-01   1.30303E-02 
    1.52878E-02   3.06681E-02   6.84666E-02   2.95616E-01   5.30344E-01 
    1.03475E-01   2.09852E-03   0.00000E+00   9.73219E-01   2.67810E-02  NONE
   8.63000E+02   7.14558E-06   8.53262E-03   9.32579E-01   1.29242E-02 
    1.52885E-02   3.06682E-02   6.85203E-02   3.05370E-01   5.15826E-01 
    1.08212E-01   2.07190E-03   0.00000E+00   9.73191E-01   2.68092E-02  NONE
   8.53000E+02   5.79813E-06   8.30894E-03   9.32912E-01   1.28161E-02 
    1.52891E-02   3.06683E-02   6.85753E-02   3.15387E-01   5.00934E-01 
    1.13058E-01   2.04529E-03   0.00000E+00   9.73167E-01   2.68329E-02  NONE
   8.43000E+02   4.67512E-06   8.08075E-03   9.33251E-01   1.27060E-02 
    1.52897E-02   3.06682E-02   6.86318E-02   3.25659E-01   4.85679E-01 
    1.18011E-01   2.01881E-03   0.00000E+00   9.73147E-01   2.68526E-02  NONE
   8.33000E+02   3.74478E-06   7.84827E-03   9.33596E-01   1.25938E-02 
    1.52902E-02   3.06681E-02   6.86896E-02   3.36172E-01   4.70073E-01 
    1.23073E-01   1.99257E-03   0.00000E+00   9.73131E-01   2.68690E-02  NONE
   8.23000E+02   2.97890E-06   7.61180E-03   9.33947E-01   1.24797E-02 
    1.52906E-02   3.06678E-02   6.87486E-02   3.46913E-01   4.54133E-01 
    1.28240E-01   1.96666E-03   0.00000E+00   9.73118E-01   2.68824E-02  NONE
   8.13000E+02   2.35255E-06   7.37172E-03   9.34304E-01   1.23636E-02 
    1.52911E-02   3.06675E-02   6.88087E-02   3.57861E-01   4.37879E-01 
    1.33510E-01   1.94114E-03   0.00000E+00   9.73107E-01   2.68934E-02  NONE
   8.03000E+02   1.84385E-06   7.12847E-03   9.34665E-01   1.22456E-02 
    1.52915E-02   3.06671E-02   6.88699E-02   3.68994E-01   4.21337E-01 
    1.38882E-01   1.91606E-03   0.00000E+00   9.73098E-01   2.69024E-02  NONE
   7.93000E+02   1.43372E-06   6.88258E-03   9.35032E-01   1.21259E-02 
    1.52918E-02   3.06667E-02   6.89320E-02   3.80288E-01   4.04537E-01 
    1.44352E-01   1.89142E-03   0.00000E+00   9.73090E-01   2.69096E-02  NONE
   7.83000E+02   1.10555E-06   6.63464E-03   9.35401E-01   1.20044E-02 
    1.52922E-02   3.06662E-02   6.89949E-02   3.91713E-01   3.87511E-01 
    1.49913E-01   1.86722E-03   0.00000E+00   9.73085E-01   2.69153E-02  NONE
   7.73000E+02   8.45077E-07   6.38531E-03   9.35774E-01   1.18814E-02 
    1.52925E-02   3.06657E-02   6.90583E-02   4.03238E-01   3.70299E-01 
    1.55562E-01   1.84338E-03   0.00000E+00   9.73080E-01   2.69199E-02  NONE
   7.63000E+02   6.40057E-07   6.13531E-03   9.36149E-01   1.17569E-02 
    1.52928E-02   3.06652E-02   6.91221E-02   4.14827E-01   3.52942E-01 
    1.61290E-01   1.81981E-03   0.00000E+00   9.73077E-01   2.69235E-02  NONE
   7.60376E+02   5.94106E-07   6.06969E-03   9.36248E-01   1.17240E-02 
    1.52928E-02   3.06650E-02   6.91389E-02   4.17874E-01   3.48369E-01 
    1.62805E-01   1.81365E-03   0.00000E+00   9.73076E-01   2.69243E-02  NONE

 Phase Region for:
     BCC_A2                        
     CEMENTITE                     
     FCC_A1#1                      
 col-1=T, col-2=W(BCC_A2,C), col-3=W(BCC_A2,CR), col-4=W(BCC_A2,FE),
   col-5=W(BCC_A2,MN), col-6=W(BCC_A2,NI), col-7=W(BCC_A2,SI),
   col-8=W(CEMENTITE,C), col-9=W(CEMENTITE,CR), col-10=W(CEMENTITE,FE),
   col-11=W(CEMENTITE,MN), col-12=W(CEMENTITE,NI), col-13=W(CEMENTITE,SI),
   col-14=W(FCC_A1#1,C), col-15=W(FCC_A1#1,CR), col-16=W(FCC_A1#1,FE),
   col-17=W(FCC_A1#1,MN), col-18=W(FCC_A1#1,NI), col-19=W(FCC_A1#1,SI),
   col-20=NP(BCC_A2), col-21=NP(CEMENTITE), col-22=NP(FCC_A1#1),
   7.60376E+02   5.94105E-07   6.06968E-03   9.36248E-01   1.17240E-02 
    1.52928E-02   3.06650E-02   6.91389E-02   4.17874E-01   3.48369E-01 
    1.62805E-01   1.81365E-03   0.00000E+00   2.33037E-04   4.70063E-03 
    5.49400E-01   1.73778E-01   2.53997E-01   1.78912E-02   9.73076E-01 
    2.69243E-02   1.94418E-08
   7.53000E+02   4.84925E-07   5.87095E-03   9.37087E-01   1.14290E-02 
    1.49286E-02   3.06839E-02   6.91883E-02   4.27287E-01   3.36688E-01 
    1.65084E-01   1.75230E-03   0.00000E+00   2.11711E-04   4.46762E-03 
    5.33961E-01   1.80006E-01   2.63932E-01   1.74208E-02   9.71681E-01 
    2.69208E-02   1.39776E-03
   7.43000E+02   3.65817E-07   5.59928E-03   9.38250E-01   1.10226E-02 
    1.44175E-02   3.07102E-02   6.92555E-02   4.40153E-01   3.20925E-01 
    1.67998E-01   1.66866E-03   0.00000E+00   1.86389E-04   4.17419E-03 
    5.13977E-01   1.88161E-01   2.76688E-01   1.68133E-02   9.69898E-01 
    2.69174E-02   3.18509E-03
   7.33000E+02   2.73825E-07   5.32587E-03   9.39434E-01   1.06111E-02 
    1.38916E-02   3.07372E-02   6.93229E-02   4.53096E-01   3.05284E-01 
    1.70712E-01   1.58511E-03   0.00000E+00   1.64554E-04   3.90355E-03 
    4.95079E-01   1.95976E-01   2.88637E-01   1.62397E-02   9.68223E-01 
    2.69152E-02   4.86163E-03
   7.23000E+02   2.03324E-07   5.05170E-03   9.40631E-01   1.01965E-02 
    1.33557E-02   3.07645E-02   6.93903E-02   4.66072E-01   2.89803E-01 
    1.73232E-01   1.50216E-03   0.00000E+00   1.45618E-04   3.65258E-03 
    4.77221E-01   2.03458E-01   2.99824E-01   1.56982E-02   9.66647E-01 
    2.69138E-02   6.43953E-03
   7.13000E+02   1.49722E-07   4.77780E-03   9.41836E-01   9.78064E-03 
    1.28135E-02   3.07921E-02   6.94573E-02   4.79033E-01   2.74527E-01 
    1.75563E-01   1.42023E-03   0.00000E+00   1.29105E-04   3.41865E-03 
    4.60332E-01   2.10626E-01   3.10308E-01   1.51859E-02   9.65158E-01 
    2.69132E-02   7.92864E-03
   7.03000E+02   1.09305E-07   4.50521E-03   9.43041E-01   9.36508E-03 
    1.22684E-02   3.08198E-02   6.95239E-02   4.91931E-01   2.59496E-01 
    1.77710E-01   1.33961E-03   0.00000E+00   1.14636E-04   3.19953E-03 
    4.44333E-01   2.17501E-01   3.20152E-01   1.47000E-02   9.63750E-01 
    2.69130E-02   9.33686E-03
   6.93000E+02   7.90912E-08   4.23497E-03   9.44243E-01   8.95121E-03 
    1.17231E-02   3.08475E-02   6.95896E-02   5.04717E-01   2.44753E-01 
    1.79681E-01   1.26055E-03   0.00000E+00   1.01902E-04   2.99344E-03 
    4.29145E-01   2.24105E-01   3.29416E-01   1.42379E-02   9.62416E-01 
    2.69132E-02   1.06705E-02
   6.83000E+02   5.67038E-08   3.96813E-03   9.45436E-01   8.54022E-03 
    1.11801E-02   3.08751E-02   6.96544E-02   5.17342E-01   2.30338E-01 
    1.81482E-01   1.18323E-03   0.00000E+00   9.06552E-05   2.79894E-03 
    4.14695E-01   2.30463E-01   3.38156E-01   1.37969E-02   9.61151E-01 
    2.69137E-02   1.19348E-02
   6.73000E+02   4.02677E-08   3.70571E-03   9.46617E-01   8.13317E-03 
    1.06415E-02   3.09026E-02   6.97180E-02   5.29760E-01   2.16292E-01 
    1.83122E-01   1.10780E-03   0.00000E+00   8.06920E-05   2.61487E-03 
    4.00913E-01   2.36593E-01   3.46424E-01   1.33749E-02   9.59952E-01 
    2.69144E-02   1.31339E-02
