
 Phase Region for:
     FCC_A1#1                      
 col-1=T, col-2=X(FCC_A1#1,C), col-3=X(FCC_A1#1,CR), col-4=X(FCC_A1#1,FE),
   col-5=X(FCC_A1#1,MN), col-6=X(FCC_A1#1,NI), col-7=X(FCC_A1#1,SI),
   col-8=NP(FCC_A1#1),
   1.17300E+03   6.92756E-03   1.33363E-02   9.57015E-01   2.27187E-02 
    9.45157E-07   1.97505E-06   1.00000E+00
   1.18300E+03   6.92756E-03   1.33363E-02   9.57015E-01   2.27187E-02 
    9.45157E-07   1.97505E-06   1.00000E+00
   1.19300E+03   6.92756E-03   1.33363E-02   9.57015E-01   2.27187E-02 
    9.45157E-07   1.97505E-06   1.00000E+00
   1.20300E+03   6.92756E-03   1.33363E-02   9.57015E-01   2.27187E-02 
    9.45157E-07   1.97505E-06   1.00000E+00
   1.21300E+03   6.92756E-03   1.33363E-02   9.57015E-01   2.27187E-02 
    9.45157E-07   1.97505E-06   1.00000E+00
   1.22300E+03   6.92756E-03   1.33363E-02   9.57015E-01   2.27187E-02 
    9.45157E-07   1.97505E-06   1.00000E+00
   1.23300E+03   6.92756E-03   1.33363E-02   9.57015E-01   2.27187E-02 
    9.45157E-07   1.97505E-06   1.00000E+00
   1.24300E+03   6.92756E-03   1.33363E-02   9.57015E-01   2.27187E-02 
    9.45157E-07   1.97505E-06   1.00000E+00
   1.25300E+03   6.92756E-03   1.33363E-02   9.57015E-01   2.27187E-02 
    9.45157E-07   1.97505E-06   1.00000E+00
   1.26300E+03   6.92756E-03   1.33363E-02   9.57015E-01   2.27187E-02 
    9.45157E-07   1.97505E-06   1.00000E+00
   1.27300E+03   6.92756E-03   1.33363E-02   9.57015E-01   2.27187E-02 
    9.45157E-07   1.97505E-06   1.00000E+00
   1.28300E+03   6.92756E-03   1.33363E-02   9.57015E-01   2.27187E-02 
    9.45157E-07   1.97505E-06   1.00000E+00
   1.29300E+03   6.92756E-03   1.33363E-02   9.57015E-01   2.27187E-02 
    9.45157E-07   1.97505E-06   1.00000E+00
   1.30300E+03   6.92756E-03   1.33363E-02   9.57015E-01   2.27187E-02 
    9.45157E-07   1.97505E-06   1.00000E+00
   1.31300E+03   6.92756E-03   1.33363E-02   9.57015E-01   2.27187E-02 
    9.45157E-07   1.97505E-06   1.00000E+00
   1.32300E+03   6.92756E-03   1.33363E-02   9.57015E-01   2.27187E-02 
    9.45157E-07   1.97505E-06   1.00000E+00
   1.33300E+03   6.92756E-03   1.33363E-02   9.57015E-01   2.27187E-02 
    9.45157E-07   1.97505E-06   1.00000E+00
   1.34300E+03   6.92756E-03   1.33363E-02   9.57015E-01   2.27187E-02 
    9.45157E-07   1.97505E-06   1.00000E+00
   1.35300E+03   6.92756E-03   1.33363E-02   9.57015E-01   2.27187E-02 
    9.45157E-07   1.97505E-06   1.00000E+00
   1.36300E+03   6.92756E-03   1.33363E-02   9.57015E-01   2.27187E-02 
    9.45157E-07   1.97505E-06   1.00000E+00
   1.37300E+03   6.92756E-03   1.33363E-02   9.57015E-01   2.27187E-02 
    9.45157E-07   1.97505E-06   1.00000E+00
   1.38300E+03   6.92756E-03   1.33363E-02   9.57015E-01   2.27187E-02 
    9.45157E-07   1.97505E-06   1.00000E+00
   1.39300E+03   6.92756E-03   1.33363E-02   9.57015E-01   2.27187E-02 
    9.45157E-07   1.97505E-06   1.00000E+00
   1.40300E+03   6.92756E-03   1.33363E-02   9.57015E-01   2.27187E-02 
    9.45157E-07   1.97505E-06   1.00000E+00
   1.41300E+03   6.92756E-03   1.33363E-02   9.57015E-01   2.27187E-02 
    9.45157E-07   1.97505E-06   1.00000E+00
   1.42300E+03   6.92756E-03   1.33363E-02   9.57015E-01   2.27187E-02 
    9.45157E-07   1.97505E-06   1.00000E+00
   1.43300E+03   6.92756E-03   1.33363E-02   9.57015E-01   2.27187E-02 
    9.45157E-07   1.97505E-06   1.00000E+00
   1.44300E+03   6.92756E-03   1.33363E-02   9.57015E-01   2.27187E-02 
    9.45157E-07   1.97505E-06   1.00000E+00
   1.45300E+03   6.92756E-03   1.33363E-02   9.57015E-01   2.27187E-02 
    9.45157E-07   1.97505E-06   1.00000E+00
   1.46300E+03   6.92756E-03   1.33363E-02   9.57015E-01   2.27187E-02 
    9.45157E-07   1.97505E-06   1.00000E+00
   1.47300E+03   6.92756E-03   1.33363E-02   9.57015E-01   2.27187E-02 
    9.45157E-07   1.97505E-06   1.00000E+00

 Phase Region for:
     FCC_A1#1                      
 col-1=T, col-2=X(FCC_A1#1,C), col-3=X(FCC_A1#1,CR), col-4=X(FCC_A1#1,FE),
   col-5=X(FCC_A1#1,MN), col-6=X(FCC_A1#1,NI), col-7=X(FCC_A1#1,SI),
   col-8=NP(FCC_A1#1),
   1.17300E+03   6.92756E-03   1.33363E-02   9.57015E-01   2.27187E-02 
    9.45157E-07   1.97505E-06   1.00000E+00
   1.16300E+03   6.92756E-03   1.33363E-02   9.57015E-01   2.27187E-02 
    9.45157E-07   1.97505E-06   1.00000E+00
   1.15300E+03   6.92756E-03   1.33363E-02   9.57015E-01   2.27187E-02 
    9.45157E-07   1.97505E-06   1.00000E+00
   1.14300E+03   6.92756E-03   1.33363E-02   9.57015E-01   2.27187E-02 
    9.45157E-07   1.97505E-06   1.00000E+00
   1.13300E+03   6.92756E-03   1.33363E-02   9.57015E-01   2.27187E-02 
    9.45157E-07   1.97505E-06   1.00000E+00
   1.12300E+03   6.92756E-03   1.33363E-02   9.57015E-01   2.27187E-02 
    9.45157E-07   1.97505E-06   1.00000E+00
   1.11300E+03   6.92756E-03   1.33363E-02   9.57015E-01   2.27187E-02 
    9.45157E-07   1.97505E-06   1.00000E+00
   1.10300E+03   6.92756E-03   1.33363E-02   9.57015E-01   2.27187E-02 
    9.45157E-07   1.97505E-06   1.00000E+00
   1.09300E+03   6.92756E-03   1.33363E-02   9.57015E-01   2.27187E-02 
    9.45157E-07   1.97505E-06   1.00000E+00
   1.08300E+03   6.92756E-03   1.33363E-02   9.57015E-01   2.27187E-02 
    9.45157E-07   1.97505E-06   1.00000E+00
   1.07300E+03   6.92756E-03   1.33363E-02   9.57015E-01   2.27187E-02 
    9.45157E-07   1.97505E-06   1.00000E+00
   1.06300E+03   6.92756E-03   1.33363E-02   9.57015E-01   2.27187E-02 
    9.45157E-07   1.97505E-06   1.00000E+00
   1.05300E+03   6.92756E-03   1.33363E-02   9.57015E-01   2.27187E-02 
    9.45157E-07   1.97505E-06   1.00000E+00
   1.04906E+03   6.92756E-03   1.33363E-02   9.57015E-01   2.27187E-02 
    9.45157E-07   1.97505E-06   1.00000E+00

 Phase Region for:
     BCC_A2                        
     FCC_A1#1                      
 col-1=T, col-2=X(BCC_A2,C), col-3=X(BCC_A2,CR), col-4=X(BCC_A2,FE),
   col-5=X(BCC_A2,MN), col-6=X(BCC_A2,NI), col-7=X(BCC_A2,SI),
   col-8=X(FCC_A1#1,C), col-9=X(FCC_A1#1,CR), col-10=X(FCC_A1#1,FE),
   col-11=X(FCC_A1#1,MN), col-12=X(FCC_A1#1,NI), col-13=X(FCC_A1#1,SI),
   col-14=NP(BCC_A2), col-15=NP(FCC_A1#1),
   1.04906E+03   1.89839E-04   1.02089E-02   9.79660E-01   9.93812E-03 
    4.22014E-07   2.39100E-06   6.92757E-03   1.33363E-02   9.57015E-01 
    2.27187E-02   9.45158E-07   1.97505E-06   1.61279E-06   9.99998E-01
   1.04300E+03   2.00167E-04   1.03087E-02   9.79230E-01   1.02586E-02 
    4.37975E-07   2.33896E-06   7.60868E-03   1.36428E-02   9.54765E-01 
    2.39802E-02   9.96507E-07   1.93821E-06   9.19381E-02   9.08062E-01
   1.03300E+03   2.17006E-04   1.04480E-02   9.78591E-01   1.07411E-02 
    4.62919E-07   2.27025E-06   8.83411E-03   1.41568E-02   9.50884E-01 
    2.61216E-02   1.08217E-06   1.89118E-06   2.21252E-01   7.78748E-01
   1.02300E+03   2.33363E-04   1.05585E-02   9.78047E-01   1.11587E-02 
    4.85925E-07   2.21682E-06   1.01917E-02   1.46907E-02   9.46759E-01 
    2.83554E-02   1.16908E-06   1.85716E-06   3.27782E-01   6.72218E-01
   1.01300E+03   2.48574E-04   1.06292E-02   9.77706E-01   1.14140E-02 
    5.05245E-07   2.16799E-06   1.16848E-02   1.52644E-02   9.42277E-01 
    3.07706E-02   1.25849E-06   1.83763E-06   4.15979E-01   5.84021E-01
   1.00300E+03   2.63476E-04   1.06901E-02   9.77370E-01   1.16737E-02 
    5.23850E-07   2.13157E-06   1.33510E-02   1.58869E-02   9.37394E-01 
    3.33649E-02   1.35125E-06   1.82418E-06   4.90807E-01   5.09193E-01
   9.93000E+02   2.77645E-04   1.07397E-02   9.77052E-01   1.19280E-02 
    5.41478E-07   2.10452E-06   1.51918E-02   1.65632E-02   9.32113E-01 
    3.61288E-02   1.44683E-06   1.81415E-06   5.54122E-01   4.45878E-01
   9.83000E+02   2.90702E-04   1.07773E-02   9.76759E-01   1.21708E-02 
    5.57972E-07   2.08457E-06   1.72083E-02   1.73002E-02   9.26431E-01 
    3.90576E-02   1.54492E-06   1.80540E-06   6.07694E-01   3.92306E-01
   9.79378E+02   2.95090E-04   1.07879E-02   9.76659E-01   1.22550E-02 
    5.63649E-07   2.07876E-06   1.79821E-02   1.75837E-02   9.24272E-01 
    4.01588E-02   1.58103E-06   1.80219E-06   6.25010E-01   3.74990E-01

 Phase Region for:
     BCC_A2                        
     CEMENTITE                     
     FCC_A1#1                      
 col-1=T, col-2=X(BCC_A2,C), col-3=X(BCC_A2,CR), col-4=X(BCC_A2,FE),
   col-5=X(BCC_A2,MN), col-6=X(BCC_A2,NI), col-7=X(BCC_A2,SI),
   col-8=X(CEMENTITE,C), col-9=X(CEMENTITE,CR), col-10=X(CEMENTITE,FE),
   col-11=X(CEMENTITE,MN), col-12=X(CEMENTITE,NI), col-13=X(CEMENTITE,SI),
   col-14=X(FCC_A1#1,C), col-15=X(FCC_A1#1,CR), col-16=X(FCC_A1#1,FE),
   col-17=X(FCC_A1#1,MN), col-18=X(FCC_A1#1,NI), col-19=X(FCC_A1#1,SI),
   col-20=NP(BCC_A2), col-21=NP(CEMENTITE), col-22=NP(FCC_A1#1),
   9.79378E+02   2.95090E-04   1.07879E-02   9.76659E-01   1.22550E-02 
    5.63650E-07   2.07876E-06   2.50000E-01   2.08471E-01   4.77434E-01 
    6.40945E-02   6.09016E-08   0.00000E+00   1.79821E-02   1.75837E-02 
    9.24272E-01   4.01589E-02   1.58103E-06   1.80219E-06   6.25012E-01 
    1.16855E-07   3.74988E-01
   9.73000E+02   2.71284E-04   1.01864E-02   9.76153E-01   1.33865E-02 
    6.11916E-07   2.05187E-06   2.50000E-01   2.01848E-01   4.75495E-01 
    7.26561E-02   6.72023E-08   0.00000E+00   1.77527E-02   1.67046E-02 
    9.20700E-01   4.48388E-02   1.79857E-06   1.83030E-06   7.09287E-01 
    6.77817E-03   2.83935E-01
   9.63000E+02   2.34027E-04   9.48779E-03   9.75103E-01   1.51723E-02 
    6.92872E-07   2.02817E-06   2.50000E-01   1.94657E-01   4.68826E-01 
    8.65168E-02   7.73532E-08   0.00000E+00   1.72035E-02   1.56541E-02 
    9.14674E-01   5.24646E-02   2.19879E-06   1.89747E-06   8.11340E-01 
    1.50005E-02   1.73660E-01
   9.53000E+02   1.98659E-04   9.00014E-03   9.73862E-01   1.69367E-02 
    7.82344E-07   2.02043E-06   2.50000E-01   1.90462E-01   4.58856E-01 
    1.00682E-01   8.80230E-08   0.00000E+00   1.64895E-02   1.48968E-02 
    9.08278E-01   6.03309E-02   2.68977E-06   1.98598E-06   8.86169E-01 
    2.08748E-02   9.29561E-02
   9.43000E+02   1.66410E-04   8.65341E-03   9.72527E-01   1.86508E-02 
    8.83929E-07   2.02339E-06   2.50000E-01   1.88445E-01   4.46589E-01 
    1.14966E-01   9.95964E-08   0.00000E+00   1.56703E-02   1.43431E-02 
    9.01637E-01   6.83441E-02   3.30188E-06   2.08992E-06   9.41584E-01 
    2.49882E-02   3.34277E-02
   9.35727E+02   1.45245E-04   8.46274E-03   9.71534E-01   1.98547E-02 
    9.68490E-07   2.03016E-06   2.50000E-01   1.87999E-01   4.36641E-01 
    1.25359E-01   1.08916E-07   0.00000E+00   1.50335E-02   1.40326E-02 
    8.96700E-01   7.42278E-02   3.84877E-06   2.17254E-06   9.72855E-01 
    2.71450E-02   0.00000E+00

 Phase Region for:
     BCC_A2                        
     CEMENTITE                     
 col-1=T, col-2=X(BCC_A2,C), col-3=X(BCC_A2,CR), col-4=X(BCC_A2,FE),
   col-5=X(BCC_A2,MN), col-6=X(BCC_A2,NI), col-7=X(BCC_A2,SI),
   col-8=X(CEMENTITE,C), col-9=X(CEMENTITE,CR), col-10=X(CEMENTITE,FE),
   col-11=X(CEMENTITE,MN), col-12=X(CEMENTITE,NI), col-13=X(CEMENTITE,SI),
   col-14=NP(BCC_A2), col-15=NP(CEMENTITE),
   9.35727E+02   1.45245E-04   8.46274E-03   9.71534E-01   1.98547E-02 
    9.68490E-07   2.03016E-06   2.50000E-01   1.87999E-01   4.36641E-01 
    1.25359E-01   1.08916E-07   0.00000E+00   9.72855E-01   2.71450E-02  NONE
   9.33000E+02   1.38497E-04   8.41939E-03   9.71628E-01   1.98111E-02 
    9.68520E-07   2.03021E-06   2.50000E-01   1.89378E-01   4.33804E-01 
    1.26818E-01   1.08688E-07   0.00000E+00   9.72829E-01   2.71713E-02  NONE
   9.23000E+02   1.15980E-04   8.25885E-03   9.71972E-01   1.96500E-02 
    9.68621E-07   2.03040E-06   2.50000E-01   1.94525E-01   4.23249E-01 
    1.32226E-01   1.07831E-07   0.00000E+00   9.72741E-01   2.72590E-02  NONE
   9.13000E+02   9.66545E-05   8.09575E-03   9.72318E-01   1.94867E-02 
    9.68713E-07   2.03055E-06   2.50000E-01   1.99816E-01   4.12458E-01 
    1.37726E-01   1.06944E-07   0.00000E+00   9.72666E-01   2.73342E-02  NONE
   9.03000E+02   8.01406E-05   7.92999E-03   9.72666E-01   1.93213E-02 
    9.68795E-07   2.03069E-06   2.50000E-01   2.05250E-01   4.01432E-01 
    1.43318E-01   1.06030E-07   0.00000E+00   9.72602E-01   2.73985E-02  NONE
   8.93000E+02   6.60939E-05   7.76151E-03   9.73015E-01   1.91539E-02 
    9.68870E-07   2.03080E-06   2.50000E-01   2.10826E-01   3.90173E-01 
    1.49001E-01   1.05092E-07   0.00000E+00   9.72547E-01   2.74531E-02  NONE
   8.83000E+02   5.42039E-05   7.59029E-03   9.73368E-01   1.89845E-02 
    9.68939E-07   2.03090E-06   2.50000E-01   2.16539E-01   3.78686E-01 
    1.54774E-01   1.04134E-07   0.00000E+00   9.72501E-01   2.74994E-02  NONE
   8.73000E+02   4.41913E-05   7.41635E-03   9.73723E-01   1.88131E-02 
    9.69001E-07   2.03098E-06   2.50000E-01   2.22386E-01   3.66978E-01 
    1.60635E-01   1.03158E-07   0.00000E+00   9.72462E-01   2.75383E-02  NONE
   8.63000E+02   3.58059E-05   7.23973E-03   9.74082E-01   1.86398E-02 
    9.69058E-07   2.03105E-06   2.50000E-01   2.28361E-01   3.55058E-01 
    1.66581E-01   1.02164E-07   0.00000E+00   9.72429E-01   2.75710E-02  NONE
   8.53000E+02   2.88235E-05   7.06056E-03   9.74443E-01   1.84646E-02 
    9.69111E-07   2.03110E-06   2.50000E-01   2.34457E-01   3.42936E-01 
    1.72607E-01   1.01155E-07   0.00000E+00   9.72402E-01   2.75981E-02  NONE
   8.43000E+02   2.30448E-05   6.87899E-03   9.74807E-01   1.82877E-02 
    9.69160E-07   2.03115E-06   2.50000E-01   2.40664E-01   3.30626E-01 
    1.78710E-01   1.00129E-07   0.00000E+00   9.72379E-01   2.76206E-02  NONE
   8.33000E+02   1.82930E-05   6.69520E-03   9.75174E-01   1.81092E-02 
    9.69206E-07   2.03119E-06   2.50000E-01   2.46973E-01   3.18143E-01 
    1.84883E-01   9.90856E-08   0.00000E+00   9.72361E-01   2.76391E-02  NONE
   8.23000E+02   1.44120E-05   6.50945E-03   9.75544E-01   1.79292E-02 
    9.69250E-07   2.03122E-06   2.50000E-01   2.53373E-01   3.05507E-01 
    1.91120E-01   9.80228E-08   0.00000E+00   9.72346E-01   2.76542E-02  NONE
   8.13000E+02   1.12649E-05   6.32204E-03   9.75916E-01   1.77480E-02 
    9.69292E-07   2.03125E-06   2.50000E-01   2.59851E-01   2.92738E-01 
    1.97412E-01   9.69370E-08   0.00000E+00   9.72334E-01   2.76664E-02  NONE
   8.03000E+02   8.73214E-06   6.13330E-03   9.76289E-01   1.75658E-02 
    9.69332E-07   2.03127E-06   2.50000E-01   2.66391E-01   2.79860E-01 
    2.03749E-01   9.58234E-08   0.00000E+00   9.72324E-01   2.76763E-02  NONE
   7.93000E+02   6.70987E-06   5.94363E-03   9.76664E-01   1.73829E-02 
    9.69372E-07   2.03128E-06   2.50000E-01   2.72979E-01   2.66900E-01 
    2.10121E-01   9.46758E-08   0.00000E+00   9.72316E-01   2.76841E-02  NONE
   7.83000E+02   5.10871E-06   5.75346E-03   9.77039E-01   1.71995E-02 
    9.69412E-07   2.03130E-06   2.50000E-01   2.79596E-01   2.53888E-01 
    2.16516E-01   9.34862E-08   0.00000E+00   9.72310E-01   2.76904E-02  NONE
   7.73000E+02   3.85213E-06   5.56325E-03   9.77414E-01   1.70161E-02 
    9.69451E-07   2.03131E-06   2.50000E-01   2.86226E-01   2.40855E-01 
    2.22919E-01   9.22450E-08   0.00000E+00   9.72305E-01   2.76952E-02  NONE
   7.63000E+02   2.87514E-06   5.37351E-03   9.77788E-01   1.68331E-02 
    9.69492E-07   2.03132E-06   2.50000E-01   2.92848E-01   2.27837E-01 
    2.29315E-01   9.09412E-08   0.00000E+00   9.72301E-01   2.76990E-02  NONE
   7.53000E+02   2.12298E-06   5.18475E-03   9.78159E-01   1.66509E-02 
    9.69534E-07   2.03132E-06   2.50000E-01   2.99442E-01   2.14870E-01 
    2.35688E-01   8.95618E-08   0.00000E+00   9.72298E-01   2.77020E-02  NONE
   7.43000E+02   1.54990E-06   4.99753E-03   9.78528E-01   1.64700E-02 
    9.69578E-07   2.03133E-06   2.50000E-01   3.05989E-01   2.01994E-01 
    2.42017E-01   8.80926E-08   0.00000E+00   9.72296E-01   2.77042E-02  NONE
   7.33000E+02   1.11805E-06   4.81240E-03   9.78892E-01   1.62911E-02 
    9.69624E-07   2.03133E-06   2.50000E-01   3.12468E-01   1.89248E-01 
    2.48284E-01   8.65178E-08   0.00000E+00   9.72294E-01   2.77059E-02  NONE
   7.23000E+02   7.96385E-07   4.62989E-03   9.79252E-01   1.61147E-02 
    9.69674E-07   2.03133E-06   2.50000E-01   3.18858E-01   1.76677E-01 
    2.54465E-01   8.48210E-08   0.00000E+00   9.72293E-01   2.77071E-02  NONE
   7.13000E+02   5.59735E-07   4.45057E-03   9.79604E-01   1.59414E-02 
    9.69727E-07   2.03133E-06   2.50000E-01   3.25141E-01   1.64323E-01 
    2.60537E-01   8.29850E-08   0.00000E+00   9.72292E-01   2.77081E-02  NONE
   7.03000E+02   3.87890E-07   4.27493E-03   9.79950E-01   1.57720E-02 
    9.69784E-07   2.03134E-06   2.50000E-01   3.31296E-01   1.52229E-01 
    2.66475E-01   8.09931E-08   0.00000E+00   9.72291E-01   2.77087E-02  NONE
   6.93000E+02   2.64820E-07   4.10347E-03   9.80286E-01   1.56072E-02 
    9.69846E-07   2.03134E-06   2.50000E-01   3.37307E-01   1.40440E-01 
    2.72253E-01   7.88294E-08   0.00000E+00   9.72291E-01   2.77092E-02  NONE
   6.83000E+02   1.77968E-07   3.93663E-03   9.80612E-01   1.54478E-02 
    9.69914E-07   2.03134E-06   2.50000E-01   3.43157E-01   1.29000E-01 
    2.77843E-01   7.64798E-08   0.00000E+00   9.72290E-01   2.77095E-02  NONE
   6.73000E+02   1.17623E-07   3.77480E-03   9.80928E-01   1.52945E-02 
    9.69986E-07   2.03134E-06   2.50000E-01   3.48832E-01   1.17949E-01 
    2.83219E-01   7.39333E-08   0.00000E+00   9.72290E-01   2.77098E-02  NONE
