
 Phase Region for:
     FCC_A1#1                      
 col-1=T, col-2=W(FCC_A1#1,C), col-3=W(FCC_A1#1,CR), col-4=W(FCC_A1#1,FE),
   col-5=W(FCC_A1#1,MN), col-6=W(FCC_A1#1,NI), col-7=W(FCC_A1#1,SI),
   col-8=NP(FCC_A1#1),
   1.17300E+03   1.50000E-03   3.00000E-02   9.08499E-01   2.25003E-02 
    3.00000E-02   7.50075E-03   1.00000E+00
   1.18300E+03   1.50000E-03   3.00000E-02   9.08499E-01   2.25003E-02 
    3.00000E-02   7.50075E-03   1.00000E+00
   1.19300E+03   1.50000E-03   3.00000E-02   9.08499E-01   2.25003E-02 
    3.00000E-02   7.50075E-03   1.00000E+00
   1.20300E+03   1.50000E-03   3.00000E-02   9.08499E-01   2.25002E-02 
    3.00000E-02   7.50075E-03   1.00000E+00
   1.21300E+03   1.50000E-03   3.00000E-02   9.08499E-01   2.25003E-02 
    3.00000E-02   7.50075E-03   1.00000E+00
   1.22300E+03   1.50000E-03   3.00000E-02   9.08499E-01   2.25003E-02 
    3.00000E-02   7.50075E-03   1.00000E+00
   1.23300E+03   1.50000E-03   3.00000E-02   9.08499E-01   2.25003E-02 
    3.00000E-02   7.50075E-03   1.00000E+00
   1.24300E+03   1.50000E-03   3.00000E-02   9.08499E-01   2.25003E-02 
    3.00000E-02   7.50075E-03   1.00000E+00
   1.25300E+03   1.50000E-03   3.00000E-02   9.08499E-01   2.25003E-02 
    3.00000E-02   7.50075E-03   1.00000E+00
   1.26300E+03   1.50000E-03   3.00000E-02   9.08499E-01   2.25002E-02 
    3.00000E-02   7.50075E-03   1.00000E+00
   1.27300E+03   1.50000E-03   3.00000E-02   9.08499E-01   2.25003E-02 
    3.00000E-02   7.50075E-03   1.00000E+00
   1.28300E+03   1.50000E-03   3.00000E-02   9.08499E-01   2.25002E-02 
    3.00000E-02   7.50075E-03   1.00000E+00
   1.29300E+03   1.50000E-03   3.00000E-02   9.08499E-01   2.25003E-02 
    3.00000E-02   7.50075E-03   1.00000E+00
   1.30300E+03   1.50000E-03   3.00000E-02   9.08499E-01   2.25002E-02 
    3.00000E-02   7.50075E-03   1.00000E+00
   1.31300E+03   1.50000E-03   3.00000E-02   9.08499E-01   2.25003E-02 
    3.00000E-02   7.50075E-03   1.00000E+00
   1.32300E+03   1.50000E-03   3.00000E-02   9.08499E-01   2.25003E-02 
    3.00000E-02   7.50075E-03   1.00000E+00
   1.33300E+03   1.50000E-03   3.00000E-02   9.08499E-01   2.25003E-02 
    3.00000E-02   7.50075E-03   1.00000E+00
   1.34300E+03   1.50000E-03   3.00000E-02   9.08499E-01   2.25003E-02 
    3.00000E-02   7.50075E-03   1.00000E+00
   1.35300E+03   1.50000E-03   3.00000E-02   9.08499E-01   2.25003E-02 
    3.00000E-02   7.50075E-03   1.00000E+00
   1.36300E+03   1.50000E-03   3.00000E-02   9.08499E-01   2.25003E-02 
    3.00000E-02   7.50075E-03   1.00000E+00
   1.37300E+03   1.50000E-03   3.00000E-02   9.08499E-01   2.25002E-02 
    3.00000E-02   7.50075E-03   1.00000E+00
   1.38300E+03   1.50000E-03   3.00000E-02   9.08499E-01   2.25003E-02 
    3.00000E-02   7.50075E-03   1.00000E+00
   1.39300E+03   1.50000E-03   3.00000E-02   9.08499E-01   2.25003E-02 
    3.00000E-02   7.50075E-03   1.00000E+00
   1.40300E+03   1.50000E-03   3.00000E-02   9.08499E-01   2.25003E-02 
    3.00000E-02   7.50075E-03   1.00000E+00
   1.41300E+03   1.50000E-03   3.00000E-02   9.08499E-01   2.25003E-02 
    3.00000E-02   7.50075E-03   1.00000E+00
   1.42300E+03   1.50000E-03   3.00000E-02   9.08499E-01   2.25003E-02 
    3.00000E-02   7.50075E-03   1.00000E+00
   1.43300E+03   1.50000E-03   3.00000E-02   9.08499E-01   2.25003E-02 
    3.00000E-02   7.50075E-03   1.00000E+00
   1.44300E+03   1.50000E-03   3.00000E-02   9.08499E-01   2.25003E-02 
    3.00000E-02   7.50075E-03   1.00000E+00
   1.45300E+03   1.50000E-03   3.00000E-02   9.08499E-01   2.25003E-02 
    3.00000E-02   7.50075E-03   1.00000E+00
   1.46300E+03   1.50000E-03   3.00000E-02   9.08499E-01   2.25003E-02 
    3.00000E-02   7.50075E-03   1.00000E+00
   1.47300E+03   1.50000E-03   3.00000E-02   9.08499E-01   2.25003E-02 
    3.00000E-02   7.50075E-03   1.00000E+00

 Phase Region for:
     FCC_A1#1                      
 col-1=T, col-2=W(FCC_A1#1,C), col-3=W(FCC_A1#1,CR), col-4=W(FCC_A1#1,FE),
   col-5=W(FCC_A1#1,MN), col-6=W(FCC_A1#1,NI), col-7=W(FCC_A1#1,SI),
   col-8=NP(FCC_A1#1),
   1.17300E+03   1.50000E-03   3.00000E-02   9.08499E-01   2.25003E-02 
    3.00000E-02   7.50075E-03   1.00000E+00
   1.16300E+03   1.50000E-03   3.00000E-02   9.08499E-01   2.25003E-02 
    3.00000E-02   7.50075E-03   1.00000E+00
   1.15300E+03   1.50000E-03   3.00000E-02   9.08499E-01   2.25003E-02 
    3.00000E-02   7.50075E-03   1.00000E+00
   1.14300E+03   1.50000E-03   3.00000E-02   9.08499E-01   2.25003E-02 
    3.00000E-02   7.50075E-03   1.00000E+00
   1.13300E+03   1.50000E-03   3.00000E-02   9.08499E-01   2.25003E-02 
    3.00000E-02   7.50075E-03   1.00000E+00
   1.12300E+03   1.50000E-03   3.00000E-02   9.08499E-01   2.25002E-02 
    3.00000E-02   7.50075E-03   1.00000E+00
   1.11300E+03   1.50000E-03   3.00000E-02   9.08499E-01   2.25003E-02 
    3.00000E-02   7.50075E-03   1.00000E+00
   1.10300E+03   1.50000E-03   3.00000E-02   9.08499E-01   2.25003E-02 
    3.00000E-02   7.50075E-03   1.00000E+00
   1.09300E+03   1.50000E-03   3.00000E-02   9.08499E-01   2.25002E-02 
    3.00000E-02   7.50075E-03   1.00000E+00
   1.08300E+03   1.50000E-03   3.00000E-02   9.08499E-01   2.25002E-02 
    3.00000E-02   7.50075E-03   1.00000E+00
   1.07300E+03   1.50000E-03   3.00000E-02   9.08499E-01   2.25003E-02 
    3.00000E-02   7.50075E-03   1.00000E+00
   1.06300E+03   1.50000E-03   3.00000E-02   9.08499E-01   2.25003E-02 
    3.00000E-02   7.50075E-03   1.00000E+00
   1.05300E+03   1.50000E-03   3.00000E-02   9.08499E-01   2.25003E-02 
    3.00000E-02   7.50075E-03   1.00000E+00
   1.04300E+03   1.50000E-03   3.00000E-02   9.08499E-01   2.25003E-02 
    3.00000E-02   7.50075E-03   1.00000E+00
   1.03300E+03   1.50000E-03   3.00000E-02   9.08499E-01   2.25003E-02 
    3.00000E-02   7.50075E-03   1.00000E+00
   1.02300E+03   1.50000E-03   3.00000E-02   9.08499E-01   2.25003E-02 
    3.00000E-02   7.50075E-03   1.00000E+00
   1.01300E+03   1.50000E-03   3.00000E-02   9.08499E-01   2.25003E-02 
    3.00000E-02   7.50075E-03   1.00000E+00
   1.00300E+03   1.50000E-03   3.00000E-02   9.08499E-01   2.25003E-02 
    3.00000E-02   7.50075E-03   1.00000E+00
   9.93591E+02   1.50000E-03   3.00000E-02   9.08499E-01   2.25003E-02 
    3.00000E-02   7.50075E-03   1.00000E+00

 Phase Region for:
     BCC_A2                        
     FCC_A1#1                      
 col-1=T, col-2=W(BCC_A2,C), col-3=W(BCC_A2,CR), col-4=W(BCC_A2,FE),
   col-5=W(BCC_A2,MN), col-6=W(BCC_A2,NI), col-7=W(BCC_A2,SI),
   col-8=W(FCC_A1#1,C), col-9=W(FCC_A1#1,CR), col-10=W(FCC_A1#1,FE),
   col-11=W(FCC_A1#1,MN), col-12=W(FCC_A1#1,NI), col-13=W(FCC_A1#1,SI),
   col-14=NP(BCC_A2), col-15=NP(FCC_A1#1),
   9.93591E+02   3.35076E-05   2.32013E-02   9.49817E-01   7.09149E-03 
    1.15103E-02   8.34610E-03   1.50000E-03   3.00000E-02   9.08499E-01 
    2.25003E-02   3.00000E-02   7.50075E-03   1.23842E-06   9.99999E-01
   9.93000E+02   3.36143E-05   2.32148E-02   9.49779E-01   7.09866E-03 
    1.15377E-02   8.33583E-03   1.51081E-03   3.00500E-02   9.08195E-01 
    2.26138E-02   3.01361E-02   7.49459E-03   7.28810E-03   9.92712E-01
   9.83000E+02   3.54252E-05   2.34423E-02   9.49108E-01   7.22725E-03 
    1.20009E-02   8.18644E-03   1.70494E-03   3.09176E-02   9.02817E-01 
    2.46374E-02   3.25187E-02   7.40480E-03   1.22207E-01   8.77793E-01
   9.77329E+02   3.64431E-05   2.35688E-02   9.48710E-01   7.30407E-03 
    1.22607E-02   8.11960E-03   1.82444E-03   3.14257E-02   8.99585E-01 
    2.58690E-02   3.39325E-02   7.36356E-03   1.80634E-01   8.19366E-01

 Phase Region for:
     BCC_A2                        
     CEMENTITE                     
     FCC_A1#1                      
 col-1=T, col-2=W(BCC_A2,C), col-3=W(BCC_A2,CR), col-4=W(BCC_A2,FE),
   col-5=W(BCC_A2,MN), col-6=W(BCC_A2,NI), col-7=W(BCC_A2,SI),
   col-8=W(CEMENTITE,C), col-9=W(CEMENTITE,CR), col-10=W(CEMENTITE,FE),
   col-11=W(CEMENTITE,MN), col-12=W(CEMENTITE,NI), col-13=W(CEMENTITE,SI),
   col-14=W(FCC_A1#1,C), col-15=W(FCC_A1#1,CR), col-16=W(FCC_A1#1,FE),
   col-17=W(FCC_A1#1,MN), col-18=W(FCC_A1#1,NI), col-19=W(FCC_A1#1,SI),
   col-20=NP(BCC_A2), col-21=NP(CEMENTITE), col-22=NP(FCC_A1#1),
   9.77329E+02   3.64431E-05   2.35687E-02   9.48710E-01   7.30408E-03 
    1.22607E-02   8.11960E-03   6.91411E-02   4.47747E-01   4.52867E-01 
    2.91054E-02   1.14005E-03   0.00000E+00   1.82444E-03   3.14257E-02 
    8.99585E-01   2.58690E-02   3.39325E-02   7.36356E-03   1.80636E-01 
    8.00186E-08   8.19364E-01
   9.73000E+02   3.40930E-05   2.31534E-02   9.48572E-01   7.54275E-03 
    1.26626E-02   8.03491E-03   6.91511E-02   4.49417E-01   4.49482E-01 
    3.07741E-02   1.17557E-03   0.00000E+00   1.76330E-03   3.08742E-02 
    8.96522E-01   2.75313E-02   3.59636E-02   7.34585E-03   2.50936E-01 
    3.24961E-03   7.45814E-01
   9.63000E+02   2.90242E-05   2.23357E-02   9.48148E-01   8.06931E-03 
    1.35295E-02   7.88840E-03   6.91812E-02   4.54680E-01   4.40269E-01 
    3.46215E-02   1.24838E-03   0.00000E+00   1.61791E-03   2.97403E-02 
    8.88867E-01   3.15663E-02   4.08641E-02   7.34427E-03   3.84889E-01 
    9.32752E-03   6.05784E-01
   9.53000E+02   2.44848E-05   2.16701E-02   9.47654E-01   8.55504E-03 
    1.43052E-02   7.79156E-03   6.92196E-02   4.61626E-01   4.29428E-01 
    3.84182E-02   1.30804E-03   0.00000E+00   1.47070E-03   2.87564E-02 
    8.80465E-01   3.58668E-02   4.60624E-02   7.37872E-03   4.87916E-01 
    1.38402E-02   4.98243E-01
   9.43000E+02   2.04805E-05   2.11134E-02   9.47156E-01   8.99453E-03 
    1.49871E-02   7.72848E-03   6.92649E-02   4.69965E-01   4.17293E-01 
    4.21223E-02   1.35481E-03   0.00000E+00   1.32554E-03   2.78783E-02 
    8.71355E-01   4.04317E-02   5.15772E-02   7.43211E-03   5.68116E-01 
    1.71995E-02   4.14684E-01
   9.33000E+02   1.69936E-05   2.06345E-02   9.46699E-01   9.38474E-03 
    1.55755E-02   7.68877E-03   6.93158E-02   4.79460E-01   4.04135E-01 
    4.56997E-02   1.38930E-03   0.00000E+00   1.18524E-03   2.70731E-02 
    8.61545E-01   4.52672E-02   5.74378E-02   7.49204E-03   6.31270E-01 
    1.97093E-02   3.49021E-01
   9.23000E+02   1.39909E-05   2.02111E-02   9.46313E-01   9.72407E-03 
    1.60721E-02   7.66550E-03   6.93713E-02   4.89923E-01   3.90171E-01 
    4.91217E-02   1.41229E-03   0.00000E+00   1.05179E-03   2.63162E-02 
    8.51014E-01   5.03863E-02   6.36831E-02   7.54907E-03   6.81538E-01 
    2.15920E-02   2.96870E-01
   9.13000E+02   1.14310E-05   1.98271E-02   9.46016E-01   1.00120E-02 
    1.64794E-02   7.65399E-03   6.94308E-02   5.01206E-01   3.75576E-01 
    5.23626E-02   1.42462E-03   0.00000E+00   9.26480E-04   2.55889E-02 
    8.39720E-01   5.58082E-02   7.03605E-02   7.59563E-03   7.21949E-01 
    2.30099E-02   2.55041E-01
   9.03000E+02   9.26864E-06   1.94707E-02   9.45820E-01   1.02487E-02 
    1.68003E-02   7.65100E-03   6.94935E-02   5.13191E-01   3.60490E-01 
    5.53988E-02   1.42712E-03   0.00000E+00   8.10136E-04   2.48773E-02 
    8.27603E-01   6.15584E-02   7.75255E-02   7.62538E-03   7.54738E-01 
    2.40820E-02   2.21180E-01
   8.93000E+02   7.45783E-06   1.91336E-02   9.45732E-01   1.04348E-02 
    1.70377E-02   7.65431E-03   6.95590E-02   5.25782E-01   3.45030E-01 
    5.82081E-02   1.42056E-03   0.00000E+00   7.03192E-04   2.41709E-02 
    8.14583E-01   6.76689E-02   8.52414E-02   7.63275E-03   7.81569E-01 
    2.48956E-02   1.93535E-01
   8.83000E+02   5.95409E-06   1.88096E-02   9.45756E-01   1.05713E-02 
    1.71946E-02   7.66239E-03   6.96269E-02   5.38902E-01   3.29297E-01 
    6.07693E-02   1.40565E-03   0.00000E+00   6.05805E-04   2.34615E-02 
    8.00565E-01   7.41771E-02   9.35780E-02   7.61262E-03   8.03701E-01 
    2.55150E-02   1.70784E-01
   8.73000E+02   4.71560E-06   1.84946E-02   9.45893E-01   1.06596E-02 
    1.72737E-02   7.67419E-03   6.96968E-02   5.52481E-01   3.13377E-01 
    6.30620E-02   1.38306E-03   0.00000E+00   5.17926E-04   2.27436E-02 
    7.85445E-01   8.11246E-02   1.02609E-01   7.56023E-03   8.22091E-01 
    2.59878E-02   1.51921E-01
   8.63000E+02   3.70399E-06   1.81853E-02   9.46143E-01   1.07010E-02 
    1.72783E-02   7.68896E-03   6.97684E-02   5.66460E-01   2.97351E-01 
    6.50670E-02   1.35342E-03   0.00000E+00   4.39355E-04   2.20134E-02 
    7.69115E-01   8.85542E-02   1.12407E-01   7.47110E-03   8.37472E-01 
    2.63493E-02   1.36179E-01
   8.53000E+02   2.88460E-06   1.78795E-02   9.46503E-01   1.06971E-02 
    1.72117E-02   7.70616E-03   6.98413E-02   5.80781E-01   2.81294E-01 
    6.67662E-02   1.31736E-03   0.00000E+00   3.69780E-04   2.12694E-02 
    7.51486E-01   9.65033E-02   1.23030E-01   7.34131E-03   8.50405E-01 
    2.66259E-02   1.22969E-01
   8.43000E+02   2.22660E-06   1.75758E-02   9.46969E-01   1.06498E-02 
    1.70776E-02   7.72534E-03   6.99154E-02   5.95388E-01   2.65278E-01 
    6.81431E-02   1.27550E-03   0.00000E+00   3.08805E-04   2.05132E-02 
    7.32504E-01   1.04994E-01   1.34512E-01   7.16788E-03   8.61318E-01 
    2.68374E-02   1.11845E-01
   8.33000E+02   1.70290E-06   1.72729E-02   9.47538E-01   1.05609E-02 
    1.68809E-02   7.74608E-03   6.99902E-02   6.10225E-01   2.49373E-01 
    6.91834E-02   1.22850E-03   0.00000E+00   2.55961E-04   1.97493E-02 
    7.12196E-01   1.14017E-01   1.46832E-01   6.94968E-03   8.70533E-01 
    2.69988E-02   1.02468E-01
   8.23000E+02   1.28990E-06   1.69701E-02   9.48201E-01   1.04325E-02 
    1.66269E-02   7.76793E-03   7.00655E-02   6.25231E-01   2.33650E-01 
    6.98767E-02   1.17707E-03   0.00000E+00   2.10697E-04   1.89857E-02 
    6.90700E-01   1.23519E-01   1.59896E-01   6.68825E-03   8.78292E-01 
    2.71215E-02   9.45865E-02
   8.13000E+02   9.67334E-07   1.66668E-02   9.48953E-01   1.02668E-02 
    1.63223E-02   7.79035E-03   7.01409E-02   6.40346E-01   2.18176E-01 
    7.02151E-02   1.12198E-03   0.00000E+00   1.72410E-04   1.82356E-02 
    6.68311E-01   1.33386E-01   1.73506E-01   6.38905E-03   8.84771E-01 
    2.72145E-02   8.80145E-02
   8.03000E+02   7.17887E-07   1.63629E-02   9.49782E-01   1.00670E-02 
    1.59741E-02   7.81285E-03   7.02162E-02   6.55505E-01   2.03016E-01 
    7.01988E-02   1.06397E-03   0.00000E+00   1.40380E-04   1.75119E-02 
    6.45430E-01   1.43454E-01   1.87402E-01   6.06078E-03   8.90122E-01 
    2.72848E-02   8.25936E-02
   7.93000E+02   5.26964E-07   1.60588E-02   9.50680E-01   9.83664E-03 
    1.55892E-02   7.83498E-03   7.02910E-02   6.70643E-01   1.88228E-01 
    6.98339E-02   1.00380E-03   0.00000E+00   1.13836E-04   1.68275E-02 
    6.22523E-01   1.53539E-01   2.01282E-01   5.71447E-03   8.94480E-01 
    2.73377E-02   7.81820E-02
   7.83000E+02   3.82394E-07   1.57551E-02   9.51634E-01   9.57986E-03 
    1.51744E-02   7.85642E-03   7.03650E-02   6.85695E-01   1.73865E-01 
    6.91332E-02   9.42147E-04   0.00000E+00   9.19887E-05   1.61921E-02 
    6.00022E-01   1.63463E-01   2.14870E-01   5.36135E-03   8.97982E-01 
    2.73778E-02   7.46398E-02
   7.73000E+02   2.74145E-07   1.54532E-02   9.52633E-01   9.30110E-03 
    1.47358E-02   7.87699E-03   7.04378E-02   7.00593E-01   1.59975E-01 
    6.81152E-02   8.79631E-04   0.00000E+00   7.40813E-05   1.56110E-02 
    5.78257E-01   1.73091E-01   2.27955E-01   5.01091E-03   9.00763E-01 
    2.74083E-02   7.18288E-02
   7.63000E+02   1.94043E-07   1.51542E-02   9.53666E-01   9.00473E-03 
    1.42785E-02   7.89664E-03   7.05093E-02   7.15272E-01   1.46600E-01 
    6.68019E-02   8.16818E-04   0.00000E+00   5.94377E-05   1.50857E-02 
    5.57431E-01   1.82340E-01   2.40414E-01   4.67006E-03   9.02950E-01 
    2.74316E-02   6.96188E-02
   7.53000E+02   1.35506E-07   1.48597E-02   9.54723E-01   8.69481E-03 
    1.38070E-02   7.91540E-03   7.05791E-02   7.29670E-01   1.33779E-01 
    6.52177E-02   7.54224E-04   0.00000E+00   4.74806E-05   1.46149E-02 
    5.37634E-01   1.91168E-01   2.52192E-01   4.34311E-03   9.04656E-01 
    2.74495E-02   6.78942E-02
   7.43000E+02   9.32907E-08   1.45711E-02   9.55796E-01   8.37493E-03 
    1.33250E-02   7.93331E-03   7.06469E-02   7.43724E-01   1.21548E-01 
    6.33880E-02   6.92331E-04   0.00000E+00   3.77324E-05   1.41959E-02 
    5.18877E-01   1.99569E-01   2.63288E-01   4.03230E-03   9.05979E-01 
    2.74635E-02   6.65572E-02
   7.33000E+02   6.32715E-08   1.42896E-02   9.56876E-01   8.04817E-03 
    1.28359E-02   7.95045E-03   7.07125E-02   7.57380E-01   1.09937E-01 
    6.13385E-02   6.31598E-04   0.00000E+00   2.98030E-05   1.38251E-02 
    5.01121E-01   2.07555E-01   2.73730E-01   3.73850E-03   9.06998E-01 
    2.74744E-02   6.55275E-02
   7.23000E+02   4.22406E-08   1.40165E-02   9.57957E-01   7.71714E-03 
    1.23422E-02   7.96686E-03   7.07756E-02   7.70585E-01   9.89711E-02 
    5.90954E-02   5.72465E-04   0.00000E+00   2.33748E-05   1.34992E-02 
    4.84303E-01   2.15149E-01   2.83563E-01   3.46172E-03   9.07776E-01 
    2.74829E-02   6.47408E-02
   7.13000E+02   2.77370E-08   1.37529E-02   9.59034E-01   7.38401E-03 
    1.18465E-02   7.98262E-03   7.08361E-02   7.83294E-01   8.86696E-02 
    5.66847E-02   5.15346E-04   0.00000E+00   1.81877E-05   1.32153E-02 
    4.68349E-01   2.22378E-01   2.92838E-01   3.20146E-03   9.08364E-01 
    2.74897E-02   6.41462E-02
   7.03000E+02   1.78998E-08   1.34995E-02   9.60101E-01   7.05059E-03 
    1.13508E-02   7.99773E-03   7.08938E-02   7.95467E-01   7.90459E-02 
    5.41327E-02   4.60629E-04   0.00000E+00   1.40271E-05   1.29705E-02 
    4.53182E-01   2.29270E-01   3.01606E-01   2.95702E-03   9.08802E-01 
    2.74949E-02   6.37030E-02
   6.93000E+02   1.13435E-08   1.32570E-02   9.61155E-01   6.71841E-03 
    1.08569E-02   8.01224E-03   7.09485E-02   8.07071E-01   7.01065E-02 
    5.14656E-02   4.08666E-04   0.00000E+00   1.07139E-05   1.27627E-02 
    4.38732E-01   2.35852E-01   3.09916E-01   2.72759E-03   9.09122E-01 
    2.74990E-02   6.33791E-02
   6.83000E+02   7.05337E-09   1.30260E-02   9.62193E-01   6.38874E-03 
    1.03665E-02   8.02616E-03   7.10001E-02   8.18079E-01   6.18513E-02 
    4.87095E-02   3.59763E-04   0.00000E+00   8.09792E-06   1.25901E-02 
    4.24930E-01   2.42148E-01   3.17812E-01   2.51235E-03   9.09349E-01 
    2.75022E-02   6.31490E-02
   6.73000E+02   4.29978E-09   1.28068E-02   9.63210E-01   6.06268E-03 
    9.88081E-03   8.03949E-03   7.10486E-02   8.28473E-01   5.42735E-02 
    4.58902E-02   3.14173E-04   0.00000E+00   6.05220E-06   1.24511E-02 
    4.11717E-01   2.48181E-01   3.25335E-01   2.31054E-03   9.09503E-01 
    2.75047E-02   6.29922E-02
