
 Phase Region for:
     FCC_A1#1                      
 col-1=T, col-2=X(FCC_A1#1,C), col-3=X(FCC_A1#1,CR), col-4=X(FCC_A1#1,FE),
   col-5=X(FCC_A1#1,MN), col-6=X(FCC_A1#1,NI), col-7=X(FCC_A1#1,SI),
   col-8=NP(FCC_A1#1),
   1.17300E+03   6.73774E-03   1.03761E-06   9.06642E-01   2.20962E-02 
    6.89514E-03   5.76280E-02   1.00000E+00
   1.18300E+03   6.73774E-03   1.03761E-06   9.06642E-01   2.20962E-02 
    6.89514E-03   5.76280E-02   1.00000E+00
   1.19300E+03   6.73774E-03   1.03761E-06   9.06642E-01   2.20962E-02 
    6.89514E-03   5.76280E-02   1.00000E+00
   1.20300E+03   6.73774E-03   1.03761E-06   9.06642E-01   2.20962E-02 
    6.89514E-03   5.76280E-02   1.00000E+00
   1.21300E+03   6.73774E-03   1.03761E-06   9.06642E-01   2.20962E-02 
    6.89514E-03   5.76280E-02   1.00000E+00
   1.22300E+03   6.73774E-03   1.03761E-06   9.06642E-01   2.20962E-02 
    6.89514E-03   5.76280E-02   1.00000E+00
   1.23300E+03   6.73774E-03   1.03761E-06   9.06642E-01   2.20962E-02 
    6.89514E-03   5.76280E-02   1.00000E+00
   1.24300E+03   6.73774E-03   1.03761E-06   9.06642E-01   2.20962E-02 
    6.89514E-03   5.76280E-02   1.00000E+00
   1.25300E+03   6.73774E-03   1.03761E-06   9.06642E-01   2.20962E-02 
    6.89514E-03   5.76280E-02   1.00000E+00
   1.26300E+03   6.73774E-03   1.03761E-06   9.06642E-01   2.20962E-02 
    6.89514E-03   5.76280E-02   1.00000E+00
   1.27300E+03   6.73774E-03   1.03761E-06   9.06642E-01   2.20962E-02 
    6.89514E-03   5.76280E-02   1.00000E+00
   1.28300E+03   6.73774E-03   1.03761E-06   9.06642E-01   2.20962E-02 
    6.89514E-03   5.76280E-02   1.00000E+00
   1.29300E+03   6.73774E-03   1.03761E-06   9.06642E-01   2.20962E-02 
    6.89514E-03   5.76280E-02   1.00000E+00
   1.30300E+03   6.73774E-03   1.03761E-06   9.06642E-01   2.20962E-02 
    6.89514E-03   5.76280E-02   1.00000E+00
   1.31300E+03   6.73774E-03   1.03761E-06   9.06642E-01   2.20962E-02 
    6.89514E-03   5.76280E-02   1.00000E+00
   1.32300E+03   6.73774E-03   1.03761E-06   9.06642E-01   2.20962E-02 
    6.89514E-03   5.76280E-02   1.00000E+00
   1.33300E+03   6.73774E-03   1.03761E-06   9.06642E-01   2.20962E-02 
    6.89514E-03   5.76280E-02   1.00000E+00
   1.34300E+03   6.73774E-03   1.03761E-06   9.06642E-01   2.20962E-02 
    6.89514E-03   5.76280E-02   1.00000E+00
   1.35300E+03   6.73774E-03   1.03761E-06   9.06642E-01   2.20962E-02 
    6.89514E-03   5.76280E-02   1.00000E+00
   1.36300E+03   6.73774E-03   1.03761E-06   9.06642E-01   2.20962E-02 
    6.89514E-03   5.76280E-02   1.00000E+00
   1.37300E+03   6.73774E-03   1.03761E-06   9.06642E-01   2.20962E-02 
    6.89514E-03   5.76280E-02   1.00000E+00
   1.38300E+03   6.73774E-03   1.03761E-06   9.06642E-01   2.20962E-02 
    6.89514E-03   5.76280E-02   1.00000E+00
   1.39300E+03   6.73774E-03   1.03761E-06   9.06642E-01   2.20962E-02 
    6.89514E-03   5.76280E-02   1.00000E+00
   1.40300E+03   6.73774E-03   1.03761E-06   9.06642E-01   2.20962E-02 
    6.89514E-03   5.76280E-02   1.00000E+00
   1.41300E+03   6.73774E-03   1.03761E-06   9.06642E-01   2.20962E-02 
    6.89514E-03   5.76280E-02   1.00000E+00
   1.42300E+03   6.73774E-03   1.03761E-06   9.06642E-01   2.20962E-02 
    6.89514E-03   5.76280E-02   1.00000E+00
   1.43300E+03   6.73774E-03   1.03761E-06   9.06642E-01   2.20962E-02 
    6.89514E-03   5.76280E-02   1.00000E+00
   1.44300E+03   6.73774E-03   1.03761E-06   9.06642E-01   2.20962E-02 
    6.89514E-03   5.76280E-02   1.00000E+00
   1.45300E+03   6.73774E-03   1.03761E-06   9.06642E-01   2.20962E-02 
    6.89514E-03   5.76280E-02   1.00000E+00
   1.46300E+03   6.73774E-03   1.03761E-06   9.06642E-01   2.20962E-02 
    6.89514E-03   5.76280E-02   1.00000E+00
   1.47300E+03   6.73774E-03   1.03761E-06   9.06642E-01   2.20962E-02 
    6.89514E-03   5.76280E-02   1.00000E+00

 Phase Region for:
     FCC_A1#1                      
 col-1=T, col-2=X(FCC_A1#1,C), col-3=X(FCC_A1#1,CR), col-4=X(FCC_A1#1,FE),
   col-5=X(FCC_A1#1,MN), col-6=X(FCC_A1#1,NI), col-7=X(FCC_A1#1,SI),
   col-8=NP(FCC_A1#1),
   1.17300E+03   6.73774E-03   1.03761E-06   9.06642E-01   2.20962E-02 
    6.89514E-03   5.76280E-02   1.00000E+00
   1.16300E+03   6.73774E-03   1.03761E-06   9.06642E-01   2.20962E-02 
    6.89514E-03   5.76280E-02   1.00000E+00
   1.15409E+03   6.73774E-03   1.03761E-06   9.06642E-01   2.20962E-02 
    6.89514E-03   5.76280E-02   1.00000E+00

 Phase Region for:
     BCC_A2                        
     FCC_A1#1                      
 col-1=T, col-2=X(BCC_A2,C), col-3=X(BCC_A2,CR), col-4=X(BCC_A2,FE),
   col-5=X(BCC_A2,MN), col-6=X(BCC_A2,NI), col-7=X(BCC_A2,SI),
   col-8=X(FCC_A1#1,C), col-9=X(FCC_A1#1,CR), col-10=X(FCC_A1#1,FE),
   col-11=X(FCC_A1#1,MN), col-12=X(FCC_A1#1,NI), col-13=X(FCC_A1#1,SI),
   col-14=NP(BCC_A2), col-15=NP(FCC_A1#1),
   1.15409E+03   3.75033E-04   8.56033E-07   9.17390E-01   1.22747E-02 
    3.71835E-03   6.62409E-02   6.73775E-03   1.03761E-06   9.06642E-01 
    2.20962E-02   6.89514E-03   5.76280E-02   6.70445E-07   9.99999E-01
   1.15300E+03   3.75254E-04   8.56363E-07   9.17414E-01   1.22959E-02 
    3.72490E-03   6.61888E-02   6.78451E-03   1.03894E-06   9.06563E-01 
    2.21682E-02   6.91844E-03   5.75651E-02   7.29716E-03   9.92703E-01
   1.14300E+03   3.77510E-04   8.59402E-07   9.17622E-01   1.24909E-02 
    3.78633E-03   6.57226E-02   7.23615E-03   1.05157E-06   9.05782E-01 
    2.28489E-02   7.13875E-03   5.69937E-02   7.26682E-02   9.27332E-01
   1.13300E+03   3.80144E-04   8.62433E-07   9.17805E-01   1.26871E-02 
    3.84987E-03   6.52773E-02   7.73137E-03   1.06498E-06   9.04897E-01 
    2.35667E-02   7.37108E-03   5.64325E-02   1.35165E-01   8.64835E-01
   1.12300E+03   3.83097E-04   8.65415E-07   9.17964E-01   1.28830E-02 
    3.91515E-03   6.48537E-02   8.27362E-03   1.07922E-06   9.03905E-01 
    2.43229E-02   7.61538E-03   5.58816E-02   1.94648E-01   8.05352E-01
   1.11300E+03   3.86308E-04   8.68309E-07   9.18101E-01   1.30772E-02 
    3.98173E-03   6.44526E-02   8.86648E-03   1.09435E-06   9.02801E-01 
    2.51189E-02   7.87159E-03   5.53407E-02   2.51025E-01   7.48975E-01
   1.10300E+03   3.89708E-04   8.71079E-07   9.18218E-01   1.32680E-02 
    4.04919E-03   6.40740E-02   9.51363E-03   1.11042E-06   9.01580E-01 
    2.59566E-02   8.13962E-03   5.48093E-02   3.04243E-01   6.95757E-01
   1.09300E+03   3.93225E-04   8.73691E-07   9.18317E-01   1.34538E-02 
    4.11706E-03   6.37179E-02   1.02188E-02   1.12754E-06   9.00236E-01 
    2.68380E-02   8.41941E-03   5.42866E-02   3.54289E-01   6.45711E-01
   1.08300E+03   3.96786E-04   8.76113E-07   9.18400E-01   1.36332E-02 
    4.18487E-03   6.33840E-02   1.09860E-02   1.14580E-06   8.98764E-01 
    2.77661E-02   8.71094E-03   5.37717E-02   4.01187E-01   5.98813E-01
   1.07300E+03   4.00312E-04   8.78316E-07   9.18471E-01   1.38044E-02 
    4.25216E-03   6.30717E-02   1.18190E-02   1.16532E-06   8.97158E-01 
    2.87444E-02   9.01424E-03   5.32633E-02   4.44995E-01   5.55005E-01
   1.06300E+03   4.03723E-04   8.80273E-07   9.18531E-01   1.39658E-02 
    4.31844E-03   6.27802E-02   1.27218E-02   1.18625E-06   8.95410E-01 
    2.97773E-02   9.32947E-03   5.27605E-02   4.85795E-01   5.14205E-01
   1.05300E+03   4.06939E-04   8.81961E-07   9.18584E-01   1.41159E-02 
    4.38323E-03   6.25087E-02   1.36983E-02   1.20873E-06   8.93511E-01 
    3.08703E-02   9.65692E-03   5.22619E-02   5.23691E-01   4.76309E-01
   1.04300E+03   4.09877E-04   8.83355E-07   9.18634E-01   1.42529E-02 
    4.44606E-03   6.22559E-02   1.47525E-02   1.23298E-06   8.91452E-01 
    3.20303E-02   9.99709E-03   5.17664E-02   5.58807E-01   4.41193E-01
   1.03300E+03   4.12451E-04   8.84434E-07   9.18684E-01   1.43750E-02 
    4.50645E-03   6.20209E-02   1.58881E-02   1.25919E-06   8.89221E-01 
    3.32659E-02   1.03507E-02   5.12731E-02   5.91275E-01   4.08725E-01
   1.02300E+03   4.14581E-04   8.85179E-07   9.18738E-01   1.44806E-02 
    4.56385E-03   6.18025E-02   1.71088E-02   1.28761E-06   8.86803E-01 
    3.45870E-02   1.07189E-02   5.07812E-02   6.21238E-01   3.78762E-01
   1.01300E+03   4.16176E-04   8.85567E-07   9.18798E-01   1.45676E-02 
    4.61775E-03   6.15993E-02   1.84181E-02   1.31853E-06   8.84181E-01 
    3.60066E-02   1.11031E-02   5.02902E-02   6.48840E-01   3.51160E-01
   1.00300E+03   4.17148E-04   8.85577E-07   9.18870E-01   1.46338E-02 
    4.66757E-03   6.14103E-02   1.98189E-02   1.35225E-06   8.81334E-01 
    3.75404E-02   1.15053E-02   4.98001E-02   6.74226E-01   3.25774E-01
   9.93000E+02   4.17401E-04   8.85184E-07   9.18958E-01   1.46764E-02 
    4.71264E-03   6.12342E-02   2.13137E-02   1.38912E-06   8.78238E-01 
    3.92076E-02   1.19284E-02   4.93114E-02   6.97538E-01   3.02462E-01
   9.83000E+02   4.16830E-04   8.84360E-07   9.19068E-01   1.46922E-02 
    4.75220E-03   6.10698E-02   2.29040E-02   1.42954E-06   8.74861E-01 
    4.10323E-02   1.23759E-02   4.88252E-02   7.18910E-01   2.81090E-01
   9.81050E+02   4.16613E-04   8.84147E-07   9.19092E-01   1.46919E-02 
    4.75920E-03   6.10391E-02   2.32253E-02   1.43788E-06   8.74167E-01 
    4.14090E-02   1.24664E-02   4.87309E-02   7.22863E-01   2.77137E-01

 Phase Region for:
     BCC_A2                        
     CEMENTITE                     
     FCC_A1#1                      
 col-1=T, col-2=X(BCC_A2,C), col-3=X(BCC_A2,CR), col-4=X(BCC_A2,FE),
   col-5=X(BCC_A2,MN), col-6=X(BCC_A2,NI), col-7=X(BCC_A2,SI),
   col-8=X(CEMENTITE,C), col-9=X(CEMENTITE,CR), col-10=X(CEMENTITE,FE),
   col-11=X(CEMENTITE,MN), col-12=X(CEMENTITE,NI), col-13=X(CEMENTITE,SI),
   col-14=X(FCC_A1#1,C), col-15=X(FCC_A1#1,CR), col-16=X(FCC_A1#1,FE),
   col-17=X(FCC_A1#1,MN), col-18=X(FCC_A1#1,NI), col-19=X(FCC_A1#1,SI),
   col-20=NP(BCC_A2), col-21=NP(CEMENTITE), col-22=NP(FCC_A1#1),
   9.81050E+02   4.16613E-04   8.84146E-07   9.19092E-01   1.46919E-02 
    4.75920E-03   6.10390E-02   2.50000E-01   1.50426E-05   6.78921E-01 
    6.99869E-02   1.07749E-03   0.00000E+00   2.32253E-02   1.43788E-06 
    8.74167E-01   4.14090E-02   1.24664E-02   4.87309E-02   7.22864E-01 
    1.15392E-07   2.77135E-01
   9.73000E+02   3.71723E-04   8.27383E-07   9.18394E-01   1.56282E-02 
    5.13197E-03   6.04730E-02   2.50000E-01   1.45423E-05   6.71014E-01 
    7.78099E-02   1.16164E-03   0.00000E+00   2.22994E-02   1.33429E-06 
    8.69440E-01   4.55069E-02   1.41073E-02   4.86455E-02   7.92107E-01 
    7.93765E-03   1.99956E-01
   9.63000E+02   3.20945E-04   7.76071E-07   9.17426E-01   1.66933E-02 
    5.59097E-03   5.99679E-02   2.50000E-01   1.42086E-05   6.60750E-01 
    8.79676E-02   1.26788E-03   0.00000E+00   2.11424E-02   1.23741E-06 
    8.63052E-01   5.07522E-02   1.63729E-02   4.86791E-02   8.57875E-01 
    1.51079E-02   1.27017E-01
   9.53000E+02   2.75652E-04   7.38207E-07   9.16376E-01   1.76767E-02 
    6.05334E-03   5.96174E-02   2.50000E-01   1.40776E-05   6.50161E-01 
    9.84484E-02   1.37618E-03   0.00000E+00   1.99931E-02   1.16190E-06 
    8.56230E-01   5.60841E-02   1.89234E-02   4.87681E-02   9.07141E-01 
    2.01348E-02   7.27246E-02
   9.43000E+02   2.35612E-04   7.09067E-07   9.15316E-01   1.85600E-02 
    6.51631E-03   5.93717E-02   2.50000E-01   1.40881E-05   6.39342E-01 
    1.09158E-01   1.48608E-03   0.00000E+00   1.88597E-02   1.10014E-06 
    8.49016E-01   6.14665E-02   2.17911E-02   4.88656E-02   9.43822E-01 
    2.36041E-02   3.25742E-02
   9.33000E+02   2.00483E-04   6.85744E-07   9.14293E-01   1.93323E-02 
    6.97730E-03   5.91966E-02   2.50000E-01   1.42025E-05   6.28369E-01 
    1.20020E-01   1.59717E-03   0.00000E+00   1.77484E-02   1.04743E-06 
    8.41417E-01   6.68813E-02   2.50145E-02   4.89380E-02   9.70869E-01 
    2.59463E-02   3.18421E-03
   9.31694E+02   1.96237E-04   6.83021E-07   9.14164E-01   1.94246E-02 
    7.03721E-03   5.91777E-02   2.50000E-01   1.42237E-05   6.26928E-01 
    1.21446E-01   1.61174E-03   0.00000E+00   1.76052E-02   1.04104E-06 
    8.40395E-01   6.75905E-02   2.54640E-02   4.89443E-02   9.73813E-01 
    2.61866E-02   0.00000E+00

 Phase Region for:
     BCC_A2                        
     CEMENTITE                     
 col-1=T, col-2=X(BCC_A2,C), col-3=X(BCC_A2,CR), col-4=X(BCC_A2,FE),
   col-5=X(BCC_A2,MN), col-6=X(BCC_A2,NI), col-7=X(BCC_A2,SI),
   col-8=X(CEMENTITE,C), col-9=X(CEMENTITE,CR), col-10=X(CEMENTITE,FE),
   col-11=X(CEMENTITE,MN), col-12=X(CEMENTITE,NI), col-13=X(CEMENTITE,SI),
   col-14=NP(BCC_A2), col-15=NP(CEMENTITE),
   9.31694E+02   1.96237E-04   6.83021E-07   9.14164E-01   1.94246E-02 
    7.03721E-03   5.91777E-02   2.50000E-01   1.42237E-05   6.26928E-01 
    1.21446E-01   1.61174E-03   0.00000E+00   9.73813E-01   2.61866E-02  NONE
   9.23000E+02   1.71953E-04   6.71628E-07   9.14356E-01   1.92510E-02 
    7.03737E-03   5.91834E-02   2.50000E-01   1.45971E-05   6.20850E-01 
    1.27510E-01   1.62532E-03   0.00000E+00   9.73719E-01   2.62812E-02  NONE
   9.13000E+02   1.47209E-04   6.58311E-07   9.14580E-01   1.90455E-02 
    7.03749E-03   5.91893E-02   2.50000E-01   1.50377E-05   6.13646E-01 
    1.34698E-01   1.64074E-03   0.00000E+00   9.73622E-01   2.63777E-02  NONE
   9.03000E+02   1.25545E-04   6.44755E-07   9.14808E-01   1.88337E-02 
    7.03754E-03   5.91944E-02   2.50000E-01   1.54906E-05   6.06205E-01 
    1.42124E-01   1.65601E-03   0.00000E+00   9.73538E-01   2.64621E-02  NONE
   8.93000E+02   1.06641E-04   6.30948E-07   9.15041E-01   1.86152E-02 
    7.03754E-03   5.91989E-02   2.50000E-01   1.59559E-05   5.98517E-01 
    1.49796E-01   1.67121E-03   0.00000E+00   9.73464E-01   2.65357E-02  NONE
   8.83000E+02   9.02034E-05   6.16881E-07   9.15279E-01   1.83899E-02 
    7.03747E-03   5.92028E-02   2.50000E-01   1.64337E-05   5.90574E-01 
    1.57723E-01   1.68640E-03   0.00000E+00   9.73400E-01   2.65998E-02  NONE
   8.73000E+02   7.59639E-05   6.02547E-07   9.15522E-01   1.81576E-02 
    7.03736E-03   5.92062E-02   2.50000E-01   1.69243E-05   5.82366E-01 
    1.65915E-01   1.70164E-03   0.00000E+00   9.73345E-01   2.66552E-02  NONE
   8.63000E+02   6.36773E-05   5.87939E-07   9.15771E-01   1.79181E-02 
    7.03720E-03   5.92091E-02   2.50000E-01   1.74275E-05   5.73885E-01 
    1.74380E-01   1.71701E-03   0.00000E+00   9.73297E-01   2.67031E-02  NONE
   8.53000E+02   5.31200E-05   5.73055E-07   9.16027E-01   1.76712E-02 
    7.03700E-03   5.92116E-02   2.50000E-01   1.79432E-05   5.65123E-01 
    1.83127E-01   1.73255E-03   0.00000E+00   9.73256E-01   2.67442E-02  NONE
   8.43000E+02   4.40885E-05   5.57894E-07   9.16288E-01   1.74166E-02 
    7.03676E-03   5.92137E-02   2.50000E-01   1.84714E-05   5.56070E-01 
    1.92163E-01   1.74834E-03   0.00000E+00   9.73221E-01   2.67793E-02  NONE
   8.33000E+02   3.63983E-05   5.42457E-07   9.16557E-01   1.71541E-02 
    7.03648E-03   5.92155E-02   2.50000E-01   1.90118E-05   5.46720E-01 
    2.01496E-01   1.76442E-03   0.00000E+00   9.73191E-01   2.68093E-02  NONE
   8.23000E+02   2.98823E-05   5.26749E-07   9.16833E-01   1.68835E-02 
    7.03616E-03   5.92171E-02   2.50000E-01   1.95640E-05   5.37066E-01 
    2.11134E-01   1.78085E-03   0.00000E+00   9.73165E-01   2.68346E-02  NONE
   8.13000E+02   2.43898E-05   5.10778E-07   9.17116E-01   1.66047E-02 
    7.03581E-03   5.92184E-02   2.50000E-01   2.01275E-05   5.27100E-01 
    2.21082E-01   1.79768E-03   0.00000E+00   9.73144E-01   2.68560E-02  NONE
   8.03000E+02   1.97853E-05   4.94554E-07   9.17407E-01   1.63175E-02 
    7.03543E-03   5.92195E-02   2.50000E-01   2.07019E-05   5.16818E-01 
    2.31346E-01   1.81497E-03   0.00000E+00   9.73126E-01   2.68740E-02  NONE
   7.93000E+02   1.59474E-05   4.78092E-07   9.17706E-01   1.60217E-02 
    7.03502E-03   5.92204E-02   2.50000E-01   2.12864E-05   5.06215E-01 
    2.41930E-01   1.83274E-03   0.00000E+00   9.73111E-01   2.68889E-02  NONE
   7.83000E+02   1.27678E-05   4.61409E-07   9.18014E-01   1.57173E-02 
    7.03458E-03   5.92211E-02   2.50000E-01   2.18803E-05   4.95288E-01 
    2.52839E-01   1.85105E-03   0.00000E+00   9.73099E-01   2.69013E-02  NONE
   7.73000E+02   1.01505E-05   4.44526E-07   9.18329E-01   1.54041E-02 
    7.03411E-03   5.92218E-02   2.50000E-01   2.24827E-05   4.84035E-01 
    2.64073E-01   1.86993E-03   0.00000E+00   9.73089E-01   2.69115E-02  NONE
   7.63000E+02   8.01044E-06   4.27469E-07   9.18654E-01   1.50822E-02 
    7.03362E-03   5.92223E-02   2.50000E-01   2.30924E-05   4.72454E-01 
    2.75634E-01   1.88940E-03   0.00000E+00   9.73080E-01   2.69198E-02  NONE
   7.53000E+02   6.27294E-06   4.10267E-07   9.18986E-01   1.47514E-02 
    7.03310E-03   5.92227E-02   2.50000E-01   2.37084E-05   4.60547E-01 
    2.87520E-01   1.90947E-03   0.00000E+00   9.73073E-01   2.69266E-02  NONE
   7.43000E+02   4.87275E-06   3.92951E-07   9.19327E-01   1.44120E-02 
    7.03255E-03   5.92230E-02   2.50000E-01   2.43293E-05   4.48316E-01 
    2.99729E-01   1.93016E-03   0.00000E+00   9.73068E-01   2.69320E-02  NONE
   7.33000E+02   3.75317E-06   3.75558E-07   9.19677E-01   1.40639E-02 
    7.03199E-03   5.92233E-02   2.50000E-01   2.49538E-05   4.35767E-01 
    3.12256E-01   1.95146E-03   0.00000E+00   9.73064E-01   2.69364E-02  NONE
   7.23000E+02   2.86530E-06   3.58129E-07   9.20034E-01   1.37074E-02 
    7.03140E-03   5.92235E-02   2.50000E-01   2.55801E-05   4.22906E-01 
    3.25095E-01   1.97334E-03   0.00000E+00   9.73060E-01   2.69398E-02  NONE
   7.13000E+02   2.16724E-06   3.40707E-07   9.20400E-01   1.33427E-02 
    7.03079E-03   5.92236E-02   2.50000E-01   2.62068E-05   4.09743E-01 
    3.38235E-01   1.99576E-03   0.00000E+00   9.73057E-01   2.69425E-02  NONE
   7.03000E+02   1.62337E-06   3.23337E-07   9.20774E-01   1.29701E-02 
    7.03017E-03   5.92238E-02   2.50000E-01   2.68321E-05   3.96290E-01 
    3.51665E-01   2.01868E-03   0.00000E+00   9.73055E-01   2.69446E-02  NONE
   6.93000E+02   1.20364E-06   3.06069E-07   9.21155E-01   1.25900E-02 
    7.02953E-03   5.92239E-02   2.50000E-01   2.74540E-05   3.82560E-01 
    3.65370E-01   2.04199E-03   0.00000E+00   9.73054E-01   2.69463E-02  NONE
   6.83000E+02   8.82938E-07   2.88953E-07   9.21543E-01   1.22029E-02 
    7.02889E-03   5.92240E-02   2.50000E-01   2.80708E-05   3.68573E-01 
    3.79333E-01   2.06559E-03   0.00000E+00   9.73052E-01   2.69475E-02  NONE
   6.73000E+02   6.40464E-07   2.72044E-07   9.21938E-01   1.18093E-02 
    7.02823E-03   5.92240E-02   2.50000E-01   2.86804E-05   3.54348E-01 
    3.93534E-01   2.08932E-03   0.00000E+00   9.73052E-01   2.69485E-02  NONE
