
 Phase Region for:
     FCC_A1#1                      
 col-1=T, col-2=X(FCC_A1#1,C), col-3=X(FCC_A1#1,CR), col-4=X(FCC_A1#1,FE),
   col-5=X(FCC_A1#1,MN), col-6=X(FCC_A1#1,NI), col-7=X(FCC_A1#1,SI),
   col-8=NP(FCC_A1#1),
   1.17300E+03   6.72913E-03   3.88608E-02   8.40359E-01   2.20679E-02 
    3.44284E-02   5.75544E-02   1.00000E+00
   1.18300E+03   6.72913E-03   3.88608E-02   8.40359E-01   2.20679E-02 
    3.44284E-02   5.75544E-02   1.00000E+00
   1.19300E+03   6.72913E-03   3.88608E-02   8.40359E-01   2.20679E-02 
    3.44284E-02   5.75544E-02   1.00000E+00
   1.20300E+03   6.72913E-03   3.88608E-02   8.40359E-01   2.20679E-02 
    3.44284E-02   5.75544E-02   1.00000E+00
   1.21300E+03   6.72913E-03   3.88608E-02   8.40359E-01   2.20679E-02 
    3.44284E-02   5.75544E-02   1.00000E+00
   1.22300E+03   6.72913E-03   3.88608E-02   8.40359E-01   2.20679E-02 
    3.44284E-02   5.75544E-02   1.00000E+00
   1.23300E+03   6.72913E-03   3.88608E-02   8.40359E-01   2.20679E-02 
    3.44284E-02   5.75544E-02   1.00000E+00
   1.24300E+03   6.72913E-03   3.88608E-02   8.40359E-01   2.20679E-02 
    3.44284E-02   5.75544E-02   1.00000E+00
   1.25300E+03   6.72913E-03   3.88608E-02   8.40359E-01   2.20679E-02 
    3.44284E-02   5.75544E-02   1.00000E+00
   1.26300E+03   6.72913E-03   3.88608E-02   8.40359E-01   2.20679E-02 
    3.44284E-02   5.75544E-02   1.00000E+00
   1.27300E+03   6.72913E-03   3.88608E-02   8.40359E-01   2.20679E-02 
    3.44284E-02   5.75544E-02   1.00000E+00
   1.28300E+03   6.72913E-03   3.88608E-02   8.40359E-01   2.20679E-02 
    3.44284E-02   5.75544E-02   1.00000E+00
   1.29300E+03   6.72913E-03   3.88608E-02   8.40359E-01   2.20679E-02 
    3.44284E-02   5.75544E-02   1.00000E+00
   1.30300E+03   6.72913E-03   3.88608E-02   8.40359E-01   2.20679E-02 
    3.44284E-02   5.75544E-02   1.00000E+00
   1.31300E+03   6.72913E-03   3.88608E-02   8.40359E-01   2.20679E-02 
    3.44284E-02   5.75544E-02   1.00000E+00
   1.32300E+03   6.72913E-03   3.88608E-02   8.40359E-01   2.20679E-02 
    3.44284E-02   5.75544E-02   1.00000E+00
   1.33300E+03   6.72913E-03   3.88608E-02   8.40359E-01   2.20679E-02 
    3.44284E-02   5.75544E-02   1.00000E+00
   1.34300E+03   6.72913E-03   3.88608E-02   8.40359E-01   2.20679E-02 
    3.44284E-02   5.75544E-02   1.00000E+00
   1.35300E+03   6.72913E-03   3.88608E-02   8.40359E-01   2.20679E-02 
    3.44284E-02   5.75544E-02   1.00000E+00
   1.36300E+03   6.72913E-03   3.88608E-02   8.40359E-01   2.20679E-02 
    3.44284E-02   5.75544E-02   1.00000E+00
   1.37300E+03   6.72913E-03   3.88608E-02   8.40359E-01   2.20679E-02 
    3.44284E-02   5.75544E-02   1.00000E+00
   1.38300E+03   6.72913E-03   3.88608E-02   8.40359E-01   2.20679E-02 
    3.44284E-02   5.75544E-02   1.00000E+00
   1.39300E+03   6.72913E-03   3.88608E-02   8.40359E-01   2.20679E-02 
    3.44284E-02   5.75544E-02   1.00000E+00
   1.40300E+03   6.72913E-03   3.88608E-02   8.40359E-01   2.20679E-02 
    3.44284E-02   5.75544E-02   1.00000E+00
   1.41300E+03   6.72913E-03   3.88608E-02   8.40359E-01   2.20679E-02 
    3.44284E-02   5.75544E-02   1.00000E+00
   1.42300E+03   6.72913E-03   3.88608E-02   8.40359E-01   2.20679E-02 
    3.44284E-02   5.75544E-02   1.00000E+00
   1.43300E+03   6.72913E-03   3.88608E-02   8.40359E-01   2.20679E-02 
    3.44284E-02   5.75544E-02   1.00000E+00
   1.44300E+03   6.72913E-03   3.88608E-02   8.40359E-01   2.20679E-02 
    3.44284E-02   5.75544E-02   1.00000E+00
   1.45300E+03   6.72913E-03   3.88608E-02   8.40359E-01   2.20679E-02 
    3.44284E-02   5.75544E-02   1.00000E+00
   1.46300E+03   6.72913E-03   3.88608E-02   8.40359E-01   2.20679E-02 
    3.44284E-02   5.75544E-02   1.00000E+00
   1.47300E+03   6.72913E-03   3.88608E-02   8.40359E-01   2.20679E-02 
    3.44284E-02   5.75544E-02   1.00000E+00

 Phase Region for:
     FCC_A1#1                      
 col-1=T, col-2=X(FCC_A1#1,C), col-3=X(FCC_A1#1,CR), col-4=X(FCC_A1#1,FE),
   col-5=X(FCC_A1#1,MN), col-6=X(FCC_A1#1,NI), col-7=X(FCC_A1#1,SI),
   col-8=NP(FCC_A1#1),
   1.17300E+03   6.72913E-03   3.88608E-02   8.40359E-01   2.20679E-02 
    3.44284E-02   5.75544E-02   1.00000E+00
   1.16300E+03   6.72913E-03   3.88608E-02   8.40359E-01   2.20679E-02 
    3.44284E-02   5.75544E-02   1.00000E+00
   1.15300E+03   6.72913E-03   3.88608E-02   8.40359E-01   2.20679E-02 
    3.44284E-02   5.75544E-02   1.00000E+00
   1.14300E+03   6.72913E-03   3.88608E-02   8.40359E-01   2.20679E-02 
    3.44284E-02   5.75544E-02   1.00000E+00
   1.13300E+03   6.72913E-03   3.88608E-02   8.40359E-01   2.20679E-02 
    3.44284E-02   5.75544E-02   1.00000E+00
   1.12300E+03   6.72913E-03   3.88608E-02   8.40359E-01   2.20679E-02 
    3.44284E-02   5.75544E-02   1.00000E+00
   1.11300E+03   6.72913E-03   3.88608E-02   8.40359E-01   2.20679E-02 
    3.44284E-02   5.75544E-02   1.00000E+00
   1.10300E+03   6.72913E-03   3.88608E-02   8.40359E-01   2.20679E-02 
    3.44284E-02   5.75544E-02   1.00000E+00
   1.09300E+03   6.72913E-03   3.88608E-02   8.40359E-01   2.20679E-02 
    3.44284E-02   5.75544E-02   1.00000E+00
   1.08300E+03   6.72913E-03   3.88608E-02   8.40359E-01   2.20679E-02 
    3.44284E-02   5.75544E-02   1.00000E+00
   1.07300E+03   6.72913E-03   3.88608E-02   8.40359E-01   2.20679E-02 
    3.44284E-02   5.75544E-02   1.00000E+00
   1.06300E+03   6.72913E-03   3.88608E-02   8.40359E-01   2.20679E-02 
    3.44284E-02   5.75544E-02   1.00000E+00
   1.05300E+03   6.72913E-03   3.88608E-02   8.40359E-01   2.20679E-02 
    3.44284E-02   5.75544E-02   1.00000E+00
   1.04300E+03   6.72913E-03   3.88608E-02   8.40359E-01   2.20679E-02 
    3.44284E-02   5.75544E-02   1.00000E+00
   1.03300E+03   6.72913E-03   3.88608E-02   8.40359E-01   2.20679E-02 
    3.44284E-02   5.75544E-02   1.00000E+00
   1.02300E+03   6.72913E-03   3.88608E-02   8.40359E-01   2.20679E-02 
    3.44284E-02   5.75544E-02   1.00000E+00
   1.01478E+03   6.72913E-03   3.88608E-02   8.40359E-01   2.20679E-02 
    3.44284E-02   5.75544E-02   1.00000E+00

 Phase Region for:
     BCC_A2                        
     FCC_A1#1                      
 col-1=T, col-2=X(BCC_A2,C), col-3=X(BCC_A2,CR), col-4=X(BCC_A2,FE),
   col-5=X(BCC_A2,MN), col-6=X(BCC_A2,NI), col-7=X(BCC_A2,SI),
   col-8=X(FCC_A1#1,C), col-9=X(FCC_A1#1,CR), col-10=X(FCC_A1#1,FE),
   col-11=X(FCC_A1#1,MN), col-12=X(FCC_A1#1,NI), col-13=X(FCC_A1#1,SI),
   col-14=NP(BCC_A2), col-15=NP(FCC_A1#1),
   1.01478E+03   1.83574E-04   3.33807E-02   8.75333E-01   9.09059E-03 
    1.45383E-02   6.74733E-02   6.72914E-03   3.88608E-02   8.40359E-01 
    2.20679E-02   3.44284E-02   5.75544E-02   7.69330E-07   9.99999E-01
   1.01300E+03   1.83897E-04   3.33975E-02   8.75368E-01   9.10589E-03 
    1.45904E-02   6.73544E-02   6.81956E-03   3.89362E-02   8.39876E-01 
    2.22470E-02   3.47025E-02   5.74190E-02   1.36276E-02   9.86372E-01
   1.00549E+03   1.85308E-04   3.34677E-02   8.75501E-01   9.16714E-03 
    1.48109E-02   6.68679E-02   7.21894E-03   3.92644E-02   8.37729E-01 
    2.30336E-02   3.58968E-02   5.68573E-02   6.96379E-02   9.30362E-01

 Phase Region for:
     BCC_A2                        
     CEMENTITE                     
     FCC_A1#1                      
 col-1=T, col-2=X(BCC_A2,C), col-3=X(BCC_A2,CR), col-4=X(BCC_A2,FE),
   col-5=X(BCC_A2,MN), col-6=X(BCC_A2,NI), col-7=X(BCC_A2,SI),
   col-8=X(CEMENTITE,C), col-9=X(CEMENTITE,CR), col-10=X(CEMENTITE,FE),
   col-11=X(CEMENTITE,MN), col-12=X(CEMENTITE,NI), col-13=X(CEMENTITE,SI),
   col-14=X(FCC_A1#1,C), col-15=X(FCC_A1#1,CR), col-16=X(FCC_A1#1,FE),
   col-17=X(FCC_A1#1,MN), col-18=X(FCC_A1#1,NI), col-19=X(FCC_A1#1,SI),
   col-20=NP(BCC_A2), col-21=NP(CEMENTITE), col-22=NP(FCC_A1#1),
   1.00549E+03   1.85308E-04   3.34676E-02   8.75501E-01   9.16714E-03 
    1.48110E-02   6.68679E-02   2.50000E-01   3.72010E-01   3.58748E-01 
    1.80171E-02   1.22458E-03   0.00000E+00   7.21894E-03   3.92644E-02 
    8.37729E-01   2.30336E-02   3.58968E-02   5.68573E-02   6.96393E-02 
    6.05351E-08   9.30361E-01
   1.00300E+03   1.78630E-04   3.32270E-02   8.75761E-01   9.26538E-03 
    1.49910E-02   6.65772E-02   2.50000E-01   3.73264E-01   3.57135E-01 
    1.83675E-02   1.23319E-03   0.00000E+00   7.07456E-03   3.89520E-02 
    8.37125E-01   2.35311E-02   3.66952E-02   5.66222E-02   1.02032E-01 
    1.47442E-03   8.96494E-01
   9.93000E+02   1.53396E-04   3.23393E-02   8.76627E-01   9.64869E-03 
    1.57008E-02   6.55308E-02   2.50000E-01   3.78914E-01   3.50024E-01 
    1.97964E-02   1.26552E-03   0.00000E+00   6.49229E-03   3.77681E-02 
    8.34274E-01   2.56295E-02   4.00573E-02   5.57793E-02   2.20415E-01 
    6.71040E-03   7.72874E-01
   9.83000E+02   1.30653E-04   3.15597E-02   8.77268E-01   1.00068E-02 
    1.63803E-02   6.46548E-02   2.50000E-01   3.85515E-01   3.41937E-01 
    2.12549E-02   1.29366E-03   0.00000E+00   5.91158E-03   3.66823E-02 
    8.30755E-01   2.78979E-02   4.36771E-02   5.50764E-02   3.21785E-01 
    1.09705E-02   6.67245E-01
   9.73000E+02   1.10372E-04   3.08686E-02   8.77753E-01   1.03295E-02 
    1.70155E-02   6.39232E-02   2.50000E-01   3.93002E-01   3.32948E-01 
    2.27336E-02   1.31693E-03   0.00000E+00   5.34081E-03   3.56784E-02 
    8.26584E-01   3.03475E-02   4.75607E-02   5.44884E-02   4.08130E-01 
    1.43997E-02   5.77471E-01
   9.63000E+02   9.24101E-05   3.02289E-02   8.78272E-01   1.05529E-02 
    1.75608E-02   6.32928E-02   2.50000E-01   4.01421E-01   3.23002E-01 
    2.42431E-02   1.33454E-03   0.00000E+00   4.78367E-03   3.47550E-02 
    8.21698E-01   3.30250E-02   5.17170E-02   5.40215E-02   4.80889E-01 
    1.71336E-02   5.01977E-01
   9.53000E+02   7.66570E-05   2.96375E-02   8.78820E-01   1.06913E-02 
    1.80193E-02   6.27552E-02   2.50000E-01   4.10723E-01   3.12126E-01 
    2.58041E-02   1.34702E-03   0.00000E+00   4.24587E-03   3.38933E-02 
    8.15998E-01   3.59979E-02   5.62165E-02   5.36484E-02   5.42670E-01 
    1.93111E-02   4.38019E-01
   9.43000E+02   6.30778E-05   2.91176E-02   8.79203E-01   1.08422E-02 
    1.84458E-02   6.23287E-02   2.50000E-01   4.20617E-01   3.00655E-01 
    2.73727E-02   1.35474E-03   0.00000E+00   3.73944E-03   3.30532E-02 
    8.09587E-01   3.92329E-02   6.10975E-02   5.32900E-02   5.95812E-01 
    2.10351E-02   3.83153E-01
   9.33000E+02   5.14918E-05   2.86520E-02   8.79483E-01   1.09933E-02 
    1.88296E-02   6.19908E-02   2.50000E-01   4.31005E-01   2.88715E-01 
    2.89235E-02   1.35726E-03   0.00000E+00   3.26843E-03   3.22233E-02 
    8.02478E-01   4.27293E-02   6.63747E-02   5.29261E-02   6.41300E-01 
    2.23876E-02   3.36312E-01
   9.23000E+02   4.17011E-05   2.82271E-02   8.79709E-01   1.11356E-02 
    1.91632E-02   6.17233E-02   2.50000E-01   4.41800E-01   2.76412E-01 
    3.04336E-02   1.35435E-03   0.00000E+00   2.83514E-03   3.13944E-02 
    7.94662E-01   4.64937E-02   7.20747E-02   5.25395E-02   6.80164E-01 
    2.34418E-02   2.96394E-01
   9.13000E+02   3.35031E-05   2.78329E-02   8.79917E-01   1.12626E-02 
    1.94415E-02   6.15121E-02   2.50000E-01   4.52928E-01   2.63844E-01 
    3.18821E-02   1.34596E-03   0.00000E+00   2.44053E-03   3.05587E-02 
    7.86111E-01   5.05390E-02   7.82352E-02   5.21155E-02   7.13367E-01 
    2.42596E-02   2.62374E-01
   9.03000E+02   2.66993E-05   2.74619E-02   8.80135E-01   1.13695E-02 
    1.96608E-02   6.13459E-02   2.50000E-01   4.64323E-01   2.51095E-01 
    3.32496E-02   1.33211E-03   0.00000E+00   2.08447E-03   2.97103E-02 
    7.76775E-01   5.48846E-02   8.49039E-02   5.16413E-02   7.41768E-01 
    2.48918E-02   2.33340E-01
   8.93000E+02   2.11018E-05   2.71083E-02   8.80383E-01   1.14524E-02 
    1.98186E-02   6.12161E-02   2.50000E-01   4.75927E-01   2.38243E-01 
    3.45179E-02   1.31288E-03   0.00000E+00   1.76606E-03   2.88442E-02 
    7.66589E-01   5.95563E-02   9.21388E-02   5.11058E-02   7.66111E-01 
    2.53789E-02   2.08510E-01
   8.83000E+02   1.65366E-05   2.67681E-02   8.80678E-01   1.15086E-02 
    1.99131E-02   6.11161E-02   2.50000E-01   4.87684E-01   2.25358E-01 
    3.56697E-02   1.28839E-03   0.00000E+00   1.48384E-03   2.79571E-02 
    7.55467E-01   6.45863E-02   1.00007E-01   5.04989E-02   7.87029E-01 
    2.57533E-02   1.87217E-01
   8.73000E+02   1.28460E-05   2.64382E-02   8.81029E-01   1.15359E-02 
    1.99431E-02   6.10405E-02   2.50000E-01   4.99546E-01   2.12506E-01 
    3.66887E-02   1.25880E-03   0.00000E+00   1.23596E-03   2.70467E-02 
    7.43309E-01   7.00127E-02   1.08584E-01   4.98115E-02   8.05055E-01 
    2.60401E-02   1.68905E-01
   8.63000E+02   9.88897E-06   2.61166E-02   8.81447E-01   1.15325E-02 
    1.99082E-02   6.09855E-02   2.50000E-01   5.11464E-01   1.99751E-01 
    3.75600E-02   1.22429E-03   0.00000E+00   1.02028E-03   2.61122E-02 
    7.30006E-01   7.58780E-02   1.17948E-01   4.90356E-02   8.20631E-01 
    2.62592E-02   1.53110E-01
   8.53000E+02   7.54148E-06   2.58016E-02   8.81938E-01   1.14971E-02 
    1.98085E-02   6.09476E-02   2.50000E-01   5.23394E-01   1.87152E-01 
    3.82695E-02   1.18509E-03   0.00000E+00   8.34505E-04   2.51550E-02 
    7.15445E-01   8.22260E-02   1.28175E-01   4.81646E-02   8.34121E-01 
    2.64259E-02   1.39453E-01
   8.43000E+02   5.69549E-06   2.54922E-02   8.82504E-01   1.14286E-02 
    1.96453E-02   6.09244E-02   2.50000E-01   5.35289E-01   1.74764E-01 
    3.88050E-02   1.14151E-03   0.00000E+00   6.76219E-04   2.41789E-02 
    6.99532E-01   8.90947E-02   1.39324E-01   4.71946E-02   8.45819E-01 
    2.65520E-02   1.27629E-01
   8.33000E+02   4.25807E-06   2.51875E-02   8.83148E-01   1.13263E-02 
    1.94206E-02   6.09136E-02   2.50000E-01   5.47106E-01   1.62644E-01 
    3.91556E-02   1.09393E-03   0.00000E+00   5.42950E-04   2.31917E-02 
    6.82217E-01   9.65061E-02   1.51416E-01   4.61263E-02   8.55954E-01 
    2.66470E-02   1.17399E-01
   8.23000E+02   3.15016E-06   2.48868E-02   8.83869E-01   1.11899E-02 
    1.91379E-02   6.09134E-02   2.50000E-01   5.58803E-01   1.50841E-01 
    3.93130E-02   1.04281E-03   0.00000E+00   4.32179E-04   2.22055E-02 
    6.63538E-01   1.04450E-01   1.64407E-01   4.49670E-02   8.64697E-01 
    2.67179E-02   1.08585E-01
   8.13000E+02   2.30522E-06   2.45896E-02   8.84664E-01   1.10196E-02 
    1.88019E-02   6.09223E-02   2.50000E-01   5.70338E-01   1.39401E-01 
    3.92716E-02   9.88703E-04   0.00000E+00   3.41337E-04   2.12368E-02 
    6.43656E-01   1.12870E-01   1.78163E-01   4.37328E-02   8.72179E-01 
    2.67705E-02   1.01050E-01
   8.03000E+02   1.66786E-06   2.42958E-02   8.85529E-01   1.08164E-02 
    1.84185E-02   6.09390E-02   2.50000E-01   5.81672E-01   1.28366E-01 
    3.90294E-02   9.32242E-04   0.00000E+00   2.67821E-04   2.03050E-02 
    6.22875E-01   1.21655E-01   1.92449E-01   4.24484E-02   8.78502E-01 
    2.68092E-02   9.46890E-02
   7.93000E+02   1.19251E-06   2.40058E-02   8.86454E-01   1.05821E-02 
    1.79943E-02   6.09622E-02   2.50000E-01   5.92766E-01   1.17770E-01 
    3.85896E-02   8.74086E-04   0.00000E+00   2.09028E-04   1.94291E-02 
    6.01607E-01   1.30651E-01   2.06960E-01   4.11443E-02   8.83762E-01 
    2.68376E-02   8.94006E-02
   7.83000E+02   8.42149E-07   2.37202E-02   8.87432E-01   1.03197E-02 
    1.75360E-02   6.09910E-02   2.50000E-01   6.03584E-01   1.07641E-01 
    3.79600E-02   8.14895E-04   0.00000E+00   1.62450E-04   1.86240E-02 
    5.80302E-01   1.39686E-01   2.21374E-01   3.98509E-02   8.88067E-01 
    2.68583E-02   8.50747E-02
   7.73000E+02   5.87067E-07   2.34402E-02   8.88451E-01   1.00331E-02 
    1.70503E-02   6.10244E-02   2.50000E-01   6.14090E-01   9.80015E-02 
    3.71531E-02   7.55306E-04   0.00000E+00   1.25790E-04   1.78982E-02 
    5.59357E-01   1.48609E-01   2.35418E-01   3.85930E-02   8.91539E-01 
    2.68734E-02   8.15876E-02
   7.63000E+02   4.03733E-07   2.31669E-02   8.89502E-01   9.72612E-03 
    1.65427E-02   6.10618E-02   2.50000E-01   6.24251E-01   8.88681E-02 
    3.61848E-02   6.95915E-04   0.00000E+00   9.70517E-05   1.72538E-02 
    5.39062E-01   1.57303E-01   2.48897E-01   3.73875E-02   8.94306E-01 
    2.68845E-02   7.88096E-02
   7.53000E+02   2.73738E-07   2.29018E-02   8.90574E-01   9.40291E-03 
    1.60185E-02   6.11022E-02   2.50000E-01   6.34036E-01   8.02541E-02 
    3.50730E-02   6.37282E-04   0.00000E+00   7.45804E-05   1.66882E-02 
    5.19591E-01   1.65698E-01   2.61706E-01   3.62426E-02   8.96491E-01 
    2.68927E-02   7.66159E-02
   7.43000E+02   1.82866E-07   2.26459E-02   8.91659E-01   9.06717E-03 
    1.54821E-02   6.11452E-02   2.50000E-01   6.43415E-01   7.21684E-02 
    3.38364E-02   5.79922E-04   0.00000E+00   5.70453E-05   1.61961E-02 
    5.01021E-01   1.73758E-01   2.73807E-01   3.51608E-02   8.98206E-01 
    2.68988E-02   7.48948E-02
   7.33000E+02   1.20286E-07   2.24001E-02   8.92750E-01   8.72213E-03 
    1.49372E-02   6.11902E-02   2.50000E-01   6.52366E-01   6.46157E-02 
    3.24936E-02   5.24309E-04   0.00000E+00   4.33947E-05   1.57713E-02 
    4.83360E-01   1.81475E-01   2.85209E-01   3.41403E-02   8.99545E-01 
    2.69033E-02   7.35516E-02
   7.23000E+02   7.78577E-08   2.21653E-02   8.93840E-01   8.37059E-03 
    1.43871E-02   6.12366E-02   2.50000E-01   6.60870E-01   5.75961E-02 
    3.10631E-02   4.70869E-04   0.00000E+00   3.28022E-05   1.54074E-02 
    4.66577E-01   1.88856E-01   2.95949E-01   3.31774E-02   9.00584E-01 
    2.69067E-02   7.25088E-02
   7.13000E+02   4.95590E-08   2.19420E-02   8.94924E-01   8.01493E-03 
    1.38346E-02   6.12841E-02   2.50000E-01   6.68912E-01   5.11057E-02 
    2.95626E-02   4.19976E-04   0.00000E+00   2.46180E-05   1.50986E-02 
    4.50620E-01   1.95915E-01   3.06075E-01   3.22677E-02   9.01387E-01 
    2.69093E-02   7.17041E-02
   7.03000E+02   3.10029E-08   2.17304E-02   8.95998E-01   7.65714E-03 
    1.32820E-02   6.13323E-02   2.50000E-01   6.76483E-01   4.51358E-02 
    2.80093E-02   3.71946E-04   0.00000E+00   1.83291E-05   1.48401E-02 
    4.35427E-01   2.02670E-01   3.15638E-01   3.14063E-02   9.02001E-01 
    2.69112E-02   7.10879E-02
   6.93000E+02   1.90487E-08   2.15308E-02   8.97058E-01   7.29894E-03 
    1.27314E-02   6.13809E-02   2.50000E-01   6.83580E-01   3.96740E-02 
    2.64195E-02   3.27033E-04   0.00000E+00   1.35282E-05   1.46276E-02 
    4.20936E-01   2.09143E-01   3.24691E-01   3.05889E-02   9.02467E-01 
    2.69126E-02   7.06208E-02
   6.83000E+02   1.14877E-08   2.13431E-02   8.98101E-01   6.94179E-03 
    1.21846E-02   6.14296E-02   2.50000E-01   6.90203E-01   3.47037E-02 
    2.48084E-02   2.85420E-04   0.00000E+00   9.89116E-06   1.44576E-02 
    4.07087E-01   2.15352E-01   3.33283E-01   2.98113E-02   9.02815E-01 
    2.69137E-02   7.02716E-02
   6.73000E+02   6.79557E-09   2.11673E-02   8.99125E-01   6.58698E-03 
    1.16431E-02   6.14781E-02   2.50000E-01   6.96357E-01   3.02054E-02 
    2.31905E-02   2.47225E-04   0.00000E+00   7.15952E-06   1.43274E-02 
    3.93824E-01   2.21313E-01   3.41458E-01   2.90700E-02   9.03070E-01 
    2.69145E-02   7.00151E-02
