
 Phase Region for:
     FCC_A1#1                      
 col-1=T, col-2=X(FCC_A1#1,C), col-3=X(FCC_A1#1,CR), col-4=X(FCC_A1#1,FE),
   col-5=X(FCC_A1#1,MN), col-6=X(FCC_A1#1,NI), col-7=X(FCC_A1#1,SI),
   col-8=NP(FCC_A1#1),
   1.17300E+03   6.88483E-03   1.06026E-06   9.41241E-01   3.01044E-02 
    7.04566E-03   1.47230E-02   1.00000E+00
   1.18300E+03   6.88483E-03   1.06026E-06   9.41241E-01   3.01044E-02 
    7.04566E-03   1.47230E-02   1.00000E+00
   1.19300E+03   6.88483E-03   1.06026E-06   9.41241E-01   3.01044E-02 
    7.04566E-03   1.47230E-02   1.00000E+00
   1.20300E+03   6.88483E-03   1.06026E-06   9.41241E-01   3.01044E-02 
    7.04566E-03   1.47230E-02   1.00000E+00
   1.21300E+03   6.88483E-03   1.06026E-06   9.41241E-01   3.01044E-02 
    7.04566E-03   1.47230E-02   1.00000E+00
   1.22300E+03   6.88483E-03   1.06026E-06   9.41241E-01   3.01044E-02 
    7.04566E-03   1.47230E-02   1.00000E+00
   1.23300E+03   6.88483E-03   1.06026E-06   9.41241E-01   3.01044E-02 
    7.04566E-03   1.47230E-02   1.00000E+00
   1.24300E+03   6.88483E-03   1.06026E-06   9.41241E-01   3.01044E-02 
    7.04566E-03   1.47230E-02   1.00000E+00
   1.25300E+03   6.88483E-03   1.06026E-06   9.41241E-01   3.01044E-02 
    7.04566E-03   1.47230E-02   1.00000E+00
   1.26300E+03   6.88483E-03   1.06026E-06   9.41241E-01   3.01044E-02 
    7.04566E-03   1.47230E-02   1.00000E+00
   1.27300E+03   6.88483E-03   1.06026E-06   9.41241E-01   3.01044E-02 
    7.04566E-03   1.47230E-02   1.00000E+00
   1.28300E+03   6.88483E-03   1.06026E-06   9.41241E-01   3.01044E-02 
    7.04566E-03   1.47230E-02   1.00000E+00
   1.29300E+03   6.88483E-03   1.06026E-06   9.41241E-01   3.01044E-02 
    7.04566E-03   1.47230E-02   1.00000E+00
   1.30300E+03   6.88483E-03   1.06026E-06   9.41241E-01   3.01044E-02 
    7.04566E-03   1.47230E-02   1.00000E+00
   1.31300E+03   6.88483E-03   1.06026E-06   9.41241E-01   3.01044E-02 
    7.04566E-03   1.47230E-02   1.00000E+00
   1.32300E+03   6.88483E-03   1.06026E-06   9.41241E-01   3.01044E-02 
    7.04566E-03   1.47230E-02   1.00000E+00
   1.33300E+03   6.88483E-03   1.06026E-06   9.41241E-01   3.01044E-02 
    7.04566E-03   1.47230E-02   1.00000E+00
   1.34300E+03   6.88483E-03   1.06026E-06   9.41241E-01   3.01044E-02 
    7.04566E-03   1.47230E-02   1.00000E+00
   1.35300E+03   6.88483E-03   1.06026E-06   9.41241E-01   3.01044E-02 
    7.04566E-03   1.47230E-02   1.00000E+00
   1.36300E+03   6.88483E-03   1.06026E-06   9.41241E-01   3.01044E-02 
    7.04566E-03   1.47230E-02   1.00000E+00
   1.37300E+03   6.88483E-03   1.06026E-06   9.41241E-01   3.01044E-02 
    7.04566E-03   1.47230E-02   1.00000E+00
   1.38300E+03   6.88483E-03   1.06026E-06   9.41241E-01   3.01044E-02 
    7.04566E-03   1.47230E-02   1.00000E+00
   1.39300E+03   6.88483E-03   1.06026E-06   9.41241E-01   3.01044E-02 
    7.04566E-03   1.47230E-02   1.00000E+00
   1.40300E+03   6.88483E-03   1.06026E-06   9.41241E-01   3.01044E-02 
    7.04566E-03   1.47230E-02   1.00000E+00
   1.41300E+03   6.88483E-03   1.06026E-06   9.41241E-01   3.01044E-02 
    7.04566E-03   1.47230E-02   1.00000E+00
   1.42300E+03   6.88483E-03   1.06026E-06   9.41241E-01   3.01044E-02 
    7.04566E-03   1.47230E-02   1.00000E+00
   1.43300E+03   6.88483E-03   1.06026E-06   9.41241E-01   3.01044E-02 
    7.04566E-03   1.47230E-02   1.00000E+00
   1.44300E+03   6.88483E-03   1.06026E-06   9.41241E-01   3.01044E-02 
    7.04566E-03   1.47230E-02   1.00000E+00
   1.45300E+03   6.88483E-03   1.06026E-06   9.41241E-01   3.01044E-02 
    7.04566E-03   1.47230E-02   1.00000E+00
   1.46300E+03   6.88483E-03   1.06026E-06   9.41241E-01   3.01044E-02 
    7.04566E-03   1.47230E-02   1.00000E+00
   1.47300E+03   6.88483E-03   1.06026E-06   9.41241E-01   3.01044E-02 
    7.04566E-03   1.47230E-02   1.00000E+00

 Phase Region for:
     FCC_A1#1                      
 col-1=T, col-2=X(FCC_A1#1,C), col-3=X(FCC_A1#1,CR), col-4=X(FCC_A1#1,FE),
   col-5=X(FCC_A1#1,MN), col-6=X(FCC_A1#1,NI), col-7=X(FCC_A1#1,SI),
   col-8=NP(FCC_A1#1),
   1.17300E+03   6.88483E-03   1.06026E-06   9.41241E-01   3.01044E-02 
    7.04566E-03   1.47230E-02   1.00000E+00
   1.16300E+03   6.88483E-03   1.06026E-06   9.41241E-01   3.01044E-02 
    7.04566E-03   1.47230E-02   1.00000E+00
   1.15300E+03   6.88483E-03   1.06026E-06   9.41241E-01   3.01044E-02 
    7.04566E-03   1.47230E-02   1.00000E+00
   1.14300E+03   6.88483E-03   1.06026E-06   9.41241E-01   3.01044E-02 
    7.04566E-03   1.47230E-02   1.00000E+00
   1.13300E+03   6.88483E-03   1.06026E-06   9.41241E-01   3.01044E-02 
    7.04566E-03   1.47230E-02   1.00000E+00
   1.12300E+03   6.88483E-03   1.06026E-06   9.41241E-01   3.01044E-02 
    7.04566E-03   1.47230E-02   1.00000E+00
   1.11300E+03   6.88483E-03   1.06026E-06   9.41241E-01   3.01044E-02 
    7.04566E-03   1.47230E-02   1.00000E+00
   1.10300E+03   6.88483E-03   1.06026E-06   9.41241E-01   3.01044E-02 
    7.04566E-03   1.47230E-02   1.00000E+00
   1.09300E+03   6.88483E-03   1.06026E-06   9.41241E-01   3.01044E-02 
    7.04566E-03   1.47230E-02   1.00000E+00
   1.08300E+03   6.88483E-03   1.06026E-06   9.41241E-01   3.01044E-02 
    7.04566E-03   1.47230E-02   1.00000E+00
   1.07300E+03   6.88483E-03   1.06026E-06   9.41241E-01   3.01044E-02 
    7.04566E-03   1.47230E-02   1.00000E+00
   1.06300E+03   6.88483E-03   1.06026E-06   9.41241E-01   3.01044E-02 
    7.04566E-03   1.47230E-02   1.00000E+00
   1.05300E+03   6.88483E-03   1.06026E-06   9.41241E-01   3.01044E-02 
    7.04566E-03   1.47230E-02   1.00000E+00
   1.04300E+03   6.88483E-03   1.06026E-06   9.41241E-01   3.01044E-02 
    7.04566E-03   1.47230E-02   1.00000E+00
   1.04283E+03   6.88483E-03   1.06026E-06   9.41241E-01   3.01044E-02 
    7.04566E-03   1.47230E-02   1.00000E+00

 Phase Region for:
     BCC_A2                        
     FCC_A1#1                      
 col-1=T, col-2=X(BCC_A2,C), col-3=X(BCC_A2,CR), col-4=X(BCC_A2,FE),
   col-5=X(BCC_A2,MN), col-6=X(BCC_A2,NI), col-7=X(BCC_A2,SI),
   col-8=X(FCC_A1#1,C), col-9=X(FCC_A1#1,CR), col-10=X(FCC_A1#1,FE),
   col-11=X(FCC_A1#1,MN), col-12=X(FCC_A1#1,NI), col-13=X(FCC_A1#1,SI),
   col-14=NP(BCC_A2), col-15=NP(FCC_A1#1),
   1.04283E+03   1.80545E-04   7.99004E-07   9.66896E-01   1.27845E-02 
    2.96208E-03   1.71760E-02   6.88484E-03   1.06026E-06   9.41241E-01 
    3.01044E-02   7.04567E-03   1.47230E-02   1.18429E-06   9.99999E-01
   1.03300E+03   1.88860E-04   8.07913E-07   9.66720E-01   1.31727E-02 
    3.07536E-03   1.68422E-02   7.70621E-03   1.09121E-06   9.38116E-01 
    3.21813E-02   7.53269E-03   1.44630E-02   1.09265E-01   8.90735E-01
   1.02300E+03   1.97201E-04   8.15827E-07   9.66533E-01   1.35305E-02 
    3.18513E-03   1.65537E-02   8.62886E-03   1.12400E-06   9.34645E-01 
    3.44266E-02   8.05243E-03   1.42456E-02   2.06843E-01   7.93157E-01
   1.01300E+03   2.05292E-04   8.22573E-07   9.66355E-01   1.38435E-02 
    3.28789E-03   1.63074E-02   9.64384E-03   1.15843E-06   9.30868E-01 
    3.68210E-02   8.59782E-03   1.40685E-02   2.92313E-01   7.07687E-01
   1.00300E+03   2.12769E-04   8.26674E-07   9.66384E-01   1.39744E-02 
    3.36904E-03   1.60587E-02   1.07477E-02   1.19549E-06   9.26684E-01 
    3.94430E-02   9.17429E-03   1.39497E-02   3.66673E-01   6.33327E-01
   9.93000E+02   2.20089E-04   8.30467E-07   9.66371E-01   1.41061E-02 
    3.44676E-03   1.58553E-02   1.19700E-02   1.23558E-06   9.22067E-01 
    4.23109E-02   9.79158E-03   1.38590E-02   4.32781E-01   5.67219E-01
   9.83000E+02   2.27059E-04   8.34133E-07   9.66289E-01   1.42620E-02 
    3.52270E-03   1.56984E-02   1.33134E-02   1.27860E-06   9.17055E-01 
    4.54015E-02   1.04474E-02   1.37812E-02   4.91244E-01   5.08756E-01
   9.73000E+02   2.33431E-04   8.37462E-07   9.66162E-01   1.44296E-02 
    3.59504E-03   1.55789E-02   1.47771E-02   1.32462E-06   9.11671E-01 
    4.87033E-02   1.11400E-02   1.37074E-02   5.42660E-01   4.57340E-01
   9.63000E+02   2.38994E-04   8.40319E-07   9.66008E-01   1.46000E-02 
    3.66247E-03   1.54895E-02   1.63599E-02   1.37383E-06   9.05930E-01 
    5.22091E-02   1.18691E-02   1.36301E-02   5.87749E-01   4.12251E-01
   9.53000E+02   2.43579E-04   8.42615E-07   9.65841E-01   1.47663E-02 
    3.72406E-03   1.54244E-02   1.80607E-02   1.42651E-06   8.99845E-01 
    5.59152E-02   1.26352E-02   1.35427E-02   6.27255E-01   3.72745E-01
   9.43000E+02   2.47048E-04   8.44294E-07   9.65671E-01   1.49237E-02 
    3.77916E-03   1.53786E-02   1.98787E-02   1.48302E-06   8.93419E-01 
    5.98213E-02   1.34400E-02   1.34395E-02   6.61883E-01   3.38117E-01
   9.33000E+02   2.49295E-04   8.45324E-07   9.65505E-01   1.50685E-02 
    3.82731E-03   1.53485E-02   2.18127E-02   1.54379E-06   8.86654E-01 
    6.39303E-02   1.42859E-02   1.33157E-02   6.92278E-01   3.07722E-01
   9.29929E+02   2.49728E-04   8.45506E-07   9.65457E-01   1.51100E-02 
    3.84065E-03   1.53419E-02   2.24298E-02   1.56339E-06   8.84507E-01 
    6.52337E-02   1.45545E-02   1.32729E-02   7.00853E-01   2.99147E-01

 Phase Region for:
     BCC_A2                        
     CEMENTITE                     
     FCC_A1#1                      
 col-1=T, col-2=X(BCC_A2,C), col-3=X(BCC_A2,CR), col-4=X(BCC_A2,FE),
   col-5=X(BCC_A2,MN), col-6=X(BCC_A2,NI), col-7=X(BCC_A2,SI),
   col-8=X(CEMENTITE,C), col-9=X(CEMENTITE,CR), col-10=X(CEMENTITE,FE),
   col-11=X(CEMENTITE,MN), col-12=X(CEMENTITE,NI), col-13=X(CEMENTITE,SI),
   col-14=X(FCC_A1#1,C), col-15=X(FCC_A1#1,CR), col-16=X(FCC_A1#1,FE),
   col-17=X(FCC_A1#1,MN), col-18=X(FCC_A1#1,NI), col-19=X(FCC_A1#1,SI),
   col-20=NP(BCC_A2), col-21=NP(CEMENTITE), col-22=NP(FCC_A1#1),
   9.29929E+02   2.49727E-04   8.45505E-07   9.65457E-01   1.51100E-02 
    3.84065E-03   1.53419E-02   2.50000E-01   2.08639E-05   6.20304E-01 
    1.28842E-01   8.32330E-04   0.00000E+00   2.24298E-02   1.56338E-06 
    8.84507E-01   6.52338E-02   1.45545E-02   1.32729E-02   7.00854E-01 
    9.26030E-08   2.99146E-01
   9.23000E+02   2.20810E-04   7.89374E-07   9.64541E-01   1.59381E-02 
    4.05002E-03   1.52496E-02   2.50000E-01   1.99125E-05   6.09590E-01 
    1.39513E-01   8.76556E-04   0.00000E+00   2.15389E-02   1.44805E-06 
    8.77993E-01   7.06973E-02   1.63087E-02   1.34610E-02   7.48459E-01 
    5.69745E-03   2.45843E-01
   9.13000E+02   1.84193E-04   7.32032E-07   9.63289E-01   1.70167E-02 
    4.33901E-03   1.51698E-02   2.50000E-01   1.90782E-05   5.94268E-01 
    1.54775E-01   9.37827E-04   0.00000E+00   2.02748E-02   1.32673E-06 
    8.68305E-01   7.85799E-02   1.91037E-02   1.37350E-02   8.02090E-01 
    1.18598E-02   1.86051E-01
   9.03000E+02   1.53005E-04   6.91304E-07   9.62148E-01   1.79557E-02 
    4.61280E-03   1.51303E-02   2.50000E-01   1.86370E-05   5.79145E-01 
    1.69840E-01   9.96314E-04   0.00000E+00   1.90425E-02   1.23703E-06 
    8.58248E-01   8.64683E-02   2.22510E-02   1.39889E-02   8.42471E-01 
    1.62635E-02   1.41266E-01
   8.93000E+02   1.26583E-04   6.60442E-07   9.61132E-01   1.87551E-02 
    4.87103E-03   1.51145E-02   2.50000E-01   1.84444E-05   5.64246E-01 
    1.84683E-01   1.05209E-03   0.00000E+00   1.78471E-02   1.16605E-06 
    8.47761E-01   9.43853E-02   2.58019E-02   1.42036E-02   8.73132E-01 
    1.94272E-02   1.07440E-01
   8.83000E+02   1.04309E-04   6.35720E-07   9.60254E-01   1.94167E-02 
    5.11253E-03   1.51121E-02   2.50000E-01   1.84211E-05   5.49593E-01 
    1.99283E-01   1.10504E-03   0.00000E+00   1.66930E-02   1.10665E-06 
    8.36761E-01   1.02366E-01   2.98137E-02   1.43646E-02   8.96514E-01 
    2.17045E-02   8.17818E-02
   8.73000E+02   8.56210E-05   6.14917E-07   9.59518E-01   1.99435E-02 
    5.33532E-03   1.51168E-02   2.50000E-01   1.85200E-05   5.35202E-01 
    2.13625E-01   1.15484E-03   0.00000E+00   1.55835E-02   1.05460E-06 
    8.25146E-01   1.10459E-01   3.43510E-02   1.44601E-02   9.14349E-01 
    2.33422E-02   6.23085E-02
   8.63000E+02   7.00108E-05   5.96625E-07   9.58928E-01   2.03401E-02 
    5.53678E-03   1.51245E-02   2.50000E-01   1.87113E-05   5.21083E-01 
    2.27697E-01   1.20102E-03   0.00000E+00   1.45213E-02   1.00718E-06 
    8.12789E-01   1.18723E-01   3.94860E-02   1.44795E-02   9.27908E-01 
    2.45160E-02   4.75763E-02
   8.53000E+02   5.70271E-05   5.79912E-07   9.58484E-01   2.06119E-02 
    5.71379E-03   1.51329E-02   2.50000E-01   1.89754E-05   5.07243E-01 
    2.41495E-01   1.24295E-03   0.00000E+00   1.35087E-02   9.62621E-07 
    7.99544E-01   1.27233E-01   4.53004E-02   1.44129E-02   9.38140E-01 
    2.53526E-02   3.65077E-02
   8.43000E+02   4.62723E-05   5.64141E-07   9.58184E-01   2.07656E-02 
    5.86297E-03   1.51410E-02   2.50000E-01   1.92985E-05   4.93682E-01 
    2.55019E-01   1.27992E-03   0.00000E+00   1.25471E-02   9.19689E-07 
    7.85240E-01   1.36076E-01   5.18862E-02   1.42503E-02   9.45774E-01 
    2.59449E-02   2.82812E-02
   8.33000E+02   3.73991E-05   5.48866E-07   9.58024E-01   2.08087E-02 
    5.98089E-03   1.51483E-02   2.50000E-01   1.96710E-05   4.80393E-01 
    2.68277E-01   1.31116E-03   0.00000E+00   1.16379E-02   8.77546E-07 
    7.69684E-01   1.45351E-01   5.93453E-02   1.39814E-02   9.51380E-01 
    2.63608E-02   2.22595E-02
   8.23000E+02   3.01063E-05   5.33777E-07   9.58001E-01   2.07496E-02 
    6.06434E-03   1.51548E-02   2.50000E-01   2.00855E-05   4.67365E-01 
    2.81279E-01   1.33590E-03   0.00000E+00   1.07820E-02   8.35635E-07 
    7.52667E-01   1.55167E-01   6.77868E-02   1.35956E-02   9.55409E-01 
    2.66505E-02   1.79405E-02
   8.13000E+02   2.41352E-05   5.18656E-07   9.58106E-01   2.05973E-02 
    6.11065E-03   1.51611E-02   2.50000E-01   2.05364E-05   4.54580E-01 
    2.94046E-01   1.35344E-03   0.00000E+00   9.97986E-03   7.93639E-07 
    7.33985E-01   1.65635E-01   7.73163E-02   1.30832E-02   9.58224E-01 
    2.68510E-02   1.49251E-02
   8.03000E+02   1.92645E-05   5.03355E-07   9.58333E-01   2.03613E-02 
    6.11799E-03   1.51675E-02   2.50000E-01   2.10191E-05   4.42015E-01 
    3.06601E-01   1.36323E-03   0.00000E+00   9.23201E-03   7.51479E-07 
    7.13478E-01   1.76839E-01   8.80126E-02   1.24378E-02   9.60116E-01 
    2.69892E-02   1.28946E-02
   7.93000E+02   1.53065E-05   4.87779E-07   9.58672E-01   2.00513E-02 
    6.08580E-03   1.51747E-02   2.50000E-01   2.15297E-05   4.29643E-01 
    3.18971E-01   1.36492E-03   0.00000E+00   8.53849E-03   7.09337E-07 
    6.91107E-01   1.88808E-01   9.98842E-02   1.16608E-02   9.61319E-01 
    2.70844E-02   1.15964E-02
   7.83000E+02   1.21026E-05   4.71876E-07   9.59112E-01   1.96773E-02 
    6.01506E-03   1.51831E-02   2.50000E-01   2.20649E-05   4.17432E-01 
    3.31187E-01   1.35851E-03   0.00000E+00   7.89877E-03   6.67676E-07 
    6.67064E-01   2.01459E-01   1.12810E-01   1.07677E-02   9.62015E-01 
    2.71504E-02   1.08342E-02
   7.73000E+02   9.51963E-06   4.55623E-07   9.59640E-01   1.92488E-02 
    5.90854E-03   1.51927E-02   2.50000E-01   2.26215E-05   4.05349E-01 
    3.43284E-01   1.34434E-03   0.00000E+00   7.31121E-03   6.27183E-07 
    6.41844E-01   2.14558E-01   1.26493E-01   9.79235E-03   9.62344E-01 
    2.71968E-02   1.04595E-02
   7.63000E+02   7.44619E-06   4.39026E-07   9.60243E-01   1.87753E-02 
    5.77060E-03   1.52035E-02   2.50000E-01   2.31964E-05   3.93359E-01 
    3.55294E-01   1.32316E-03   0.00000E+00   6.77260E-03   5.88594E-07 
    6.16204E-01   2.27751E-01   1.40488E-01   8.78365E-03   9.62407E-01 
    2.72299E-02   1.03636E-02
   7.53000E+02   5.78946E-06   4.22108E-07   9.60907E-01   1.82653E-02 
    5.60661E-03   1.52154E-02   2.50000E-01   2.37868E-05   3.81428E-01 
    3.67252E-01   1.29591E-03   0.00000E+00   6.27818E-03   5.52452E-07 
    5.90957E-01   2.40655E-01   1.54317E-01   7.79308E-03   9.62279E-01 
    2.72542E-02   1.04669E-02
   7.43000E+02   4.47233E-06   4.04907E-07   9.61618E-01   1.77268E-02 
    5.42213E-03   1.52279E-02   2.50000E-01   2.43897E-05   3.69523E-01 
    3.79189E-01   1.26364E-03   0.00000E+00   5.82237E-03   5.18972E-07 
    5.66743E-01   2.52972E-01   1.67600E-01   6.86078E-03   9.62017E-01 
    2.72727E-02   1.07101E-02
   7.33000E+02   3.43094E-06   3.87472E-07   9.62366E-01   1.71668E-02 
    5.22233E-03   1.52409E-02   2.50000E-01   2.50022E-05   3.57616E-01 
    3.91131E-01   1.22733E-03   0.00000E+00   5.39966E-03   4.88067E-07 
    5.43922E-01   2.64543E-01   1.80125E-01   6.00945E-03   9.61664E-01 
    2.72875E-02   1.10482E-02
   7.23000E+02   2.61253E-06   3.69860E-07   9.63141E-01   1.65908E-02 
    5.01164E-03   1.52540E-02   2.50000E-01   2.56215E-05   3.45685E-01 
    4.03102E-01   1.18785E-03   0.00000E+00   5.00526E-03   4.59479E-07 
    5.22606E-01   2.75323E-01   1.91818E-01   5.24680E-03   9.61253E-01 
    2.73001E-02   1.14472E-02
   7.13000E+02   1.97361E-06   3.52131E-07   9.63933E-01   1.60038E-02 
    4.79374E-03   1.52670E-02   2.50000E-01   2.62448E-05   3.33712E-01 
    4.15116E-01   1.14589E-03   0.00000E+00   4.63533E-03   4.32899E-07 
    5.02754E-01   2.85338E-01   2.02701E-01   4.57111E-03   9.60807E-01 
    2.73114E-02   1.18821E-02
   7.03000E+02   1.47842E-06   3.34348E-07   9.64737E-01   1.54095E-02 
    4.57156E-03   1.52799E-02   2.50000E-01   2.68696E-05   3.21689E-01 
    4.27183E-01   1.10204E-03   0.00000E+00   4.28693E-03   4.08032E-07 
    4.84249E-01   2.94650E-01   2.12838E-01   3.97600E-03   9.60343E-01 
    2.73221E-02   1.23347E-02
   6.93000E+02   1.09760E-06   3.16579E-07   9.65548E-01   1.48111E-02 
    4.34749E-03   1.52924E-02   2.50000E-01   2.74932E-05   3.09610E-01 
    4.39306E-01   1.05677E-03   0.00000E+00   3.95785E-03   3.84630E-07 
    4.66952E-01   3.03330E-01   2.22307E-01   3.45349E-03   9.59875E-01 
    2.73326E-02   1.27919E-02
   6.83000E+02   8.07191E-07   2.98891E-07   9.66360E-01   1.42112E-02 
    4.12341E-03   1.53045E-02   2.50000E-01   2.81131E-05   2.97477E-01 
    4.51484E-01   1.01045E-03   0.00000E+00   3.64647E-03   3.62492E-07 
    4.50721E-01   3.11449E-01   2.31188E-01   2.99543E-03   9.59412E-01 
    2.73430E-02   1.32446E-02
   6.73000E+02   5.87706E-07   2.81352E-07   9.67170E-01   1.36120E-02 
    3.90085E-03   1.53160E-02   2.50000E-01   2.87267E-05   2.85296E-01 
    4.63712E-01   9.63400E-04   0.00000E+00   3.35160E-03   3.41464E-07 
    4.35429E-01   3.19072E-01   2.39553E-01   2.59423E-03   9.58960E-01 
    2.73536E-02   1.36861E-02
