
 Phase Region for:
     FCC_A1#1                      
 col-1=T, col-2=W(FCC_A1#1,C), col-3=W(FCC_A1#1,CR), col-4=W(FCC_A1#1,FE),
   col-5=W(FCC_A1#1,MN), col-6=W(FCC_A1#1,NI), col-7=W(FCC_A1#1,SI),
   col-8=NP(FCC_A1#1),
   1.17300E+03   1.50000E-03   1.50005E-02   9.45998E-01   3.00000E-02 
    1.00000E-06   7.50075E-03   1.00000E+00
   1.18300E+03   1.50000E-03   1.50005E-02   9.45998E-01   3.00000E-02 
    1.00000E-06   7.50075E-03   1.00000E+00
   1.19300E+03   1.50000E-03   1.50005E-02   9.45998E-01   3.00000E-02 
    1.00000E-06   7.50075E-03   1.00000E+00
   1.20300E+03   1.50000E-03   1.50005E-02   9.45998E-01   3.00000E-02 
    1.00000E-06   7.50075E-03   1.00000E+00
   1.21300E+03   1.50000E-03   1.50005E-02   9.45998E-01   3.00000E-02 
    1.00000E-06   7.50075E-03   1.00000E+00
   1.22300E+03   1.50000E-03   1.50005E-02   9.45998E-01   3.00000E-02 
    1.00000E-06   7.50075E-03   1.00000E+00
   1.23300E+03   1.50000E-03   1.50005E-02   9.45998E-01   3.00000E-02 
    1.00000E-06   7.50075E-03   1.00000E+00
   1.24300E+03   1.50000E-03   1.50005E-02   9.45998E-01   3.00000E-02 
    1.00000E-06   7.50075E-03   1.00000E+00
   1.25300E+03   1.50000E-03   1.50005E-02   9.45998E-01   3.00000E-02 
    1.00000E-06   7.50075E-03   1.00000E+00
   1.26300E+03   1.50000E-03   1.50005E-02   9.45998E-01   3.00000E-02 
    1.00000E-06   7.50075E-03   1.00000E+00
   1.27300E+03   1.50000E-03   1.50005E-02   9.45998E-01   3.00000E-02 
    1.00000E-06   7.50075E-03   1.00000E+00
   1.28300E+03   1.50000E-03   1.50005E-02   9.45998E-01   3.00000E-02 
    1.00000E-06   7.50075E-03   1.00000E+00
   1.29300E+03   1.50000E-03   1.50005E-02   9.45998E-01   3.00000E-02 
    1.00000E-06   7.50075E-03   1.00000E+00
   1.30300E+03   1.50000E-03   1.50005E-02   9.45998E-01   3.00000E-02 
    1.00000E-06   7.50075E-03   1.00000E+00
   1.31300E+03   1.50000E-03   1.50005E-02   9.45998E-01   3.00000E-02 
    1.00000E-06   7.50075E-03   1.00000E+00
   1.32300E+03   1.50000E-03   1.50005E-02   9.45998E-01   3.00000E-02 
    1.00000E-06   7.50075E-03   1.00000E+00
   1.33300E+03   1.50000E-03   1.50005E-02   9.45998E-01   3.00000E-02 
    1.00000E-06   7.50075E-03   1.00000E+00
   1.34300E+03   1.50000E-03   1.50005E-02   9.45998E-01   3.00000E-02 
    1.00000E-06   7.50075E-03   1.00000E+00
   1.35300E+03   1.50000E-03   1.50005E-02   9.45998E-01   3.00000E-02 
    1.00000E-06   7.50075E-03   1.00000E+00
   1.36300E+03   1.50000E-03   1.50005E-02   9.45998E-01   3.00000E-02 
    1.00000E-06   7.50075E-03   1.00000E+00
   1.37300E+03   1.50000E-03   1.50005E-02   9.45998E-01   3.00000E-02 
    1.00000E-06   7.50075E-03   1.00000E+00
   1.38300E+03   1.50000E-03   1.50005E-02   9.45998E-01   3.00000E-02 
    1.00000E-06   7.50075E-03   1.00000E+00
   1.39300E+03   1.50000E-03   1.50005E-02   9.45998E-01   3.00000E-02 
    1.00000E-06   7.50075E-03   1.00000E+00
   1.40300E+03   1.50000E-03   1.50005E-02   9.45998E-01   3.00000E-02 
    1.00000E-06   7.50075E-03   1.00000E+00
   1.41300E+03   1.50000E-03   1.50005E-02   9.45998E-01   3.00000E-02 
    1.00000E-06   7.50075E-03   1.00000E+00
   1.42300E+03   1.50000E-03   1.50005E-02   9.45998E-01   3.00000E-02 
    1.00000E-06   7.50075E-03   1.00000E+00
   1.43300E+03   1.50000E-03   1.50005E-02   9.45998E-01   3.00000E-02 
    1.00000E-06   7.50075E-03   1.00000E+00
   1.44300E+03   1.50000E-03   1.50005E-02   9.45998E-01   3.00000E-02 
    1.00000E-06   7.50075E-03   1.00000E+00
   1.45300E+03   1.50000E-03   1.50005E-02   9.45998E-01   3.00000E-02 
    1.00000E-06   7.50075E-03   1.00000E+00
   1.46300E+03   1.50000E-03   1.50005E-02   9.45998E-01   3.00000E-02 
    1.00000E-06   7.50075E-03   1.00000E+00
   1.47300E+03   1.50000E-03   1.50005E-02   9.45998E-01   3.00000E-02 
    1.00000E-06   7.50075E-03   1.00000E+00

 Phase Region for:
     FCC_A1#1                      
 col-1=T, col-2=W(FCC_A1#1,C), col-3=W(FCC_A1#1,CR), col-4=W(FCC_A1#1,FE),
   col-5=W(FCC_A1#1,MN), col-6=W(FCC_A1#1,NI), col-7=W(FCC_A1#1,SI),
   col-8=NP(FCC_A1#1),
   1.17300E+03   1.50000E-03   1.50005E-02   9.45998E-01   3.00000E-02 
    1.00000E-06   7.50075E-03   1.00000E+00
   1.16300E+03   1.50000E-03   1.50005E-02   9.45998E-01   3.00000E-02 
    1.00000E-06   7.50075E-03   1.00000E+00
   1.15300E+03   1.50000E-03   1.50005E-02   9.45998E-01   3.00000E-02 
    1.00000E-06   7.50075E-03   1.00000E+00
   1.14300E+03   1.50000E-03   1.50005E-02   9.45998E-01   3.00000E-02 
    1.00000E-06   7.50075E-03   1.00000E+00
   1.13300E+03   1.50000E-03   1.50005E-02   9.45998E-01   3.00000E-02 
    1.00000E-06   7.50075E-03   1.00000E+00
   1.12300E+03   1.50000E-03   1.50005E-02   9.45998E-01   3.00000E-02 
    1.00000E-06   7.50075E-03   1.00000E+00
   1.11300E+03   1.50000E-03   1.50005E-02   9.45998E-01   3.00000E-02 
    1.00000E-06   7.50075E-03   1.00000E+00
   1.10300E+03   1.50000E-03   1.50005E-02   9.45998E-01   3.00000E-02 
    1.00000E-06   7.50075E-03   1.00000E+00
   1.09300E+03   1.50000E-03   1.50005E-02   9.45998E-01   3.00000E-02 
    1.00000E-06   7.50075E-03   1.00000E+00
   1.08300E+03   1.50000E-03   1.50005E-02   9.45998E-01   3.00000E-02 
    1.00000E-06   7.50075E-03   1.00000E+00
   1.07300E+03   1.50000E-03   1.50005E-02   9.45998E-01   3.00000E-02 
    1.00000E-06   7.50075E-03   1.00000E+00
   1.06300E+03   1.50000E-03   1.50005E-02   9.45998E-01   3.00000E-02 
    1.00000E-06   7.50075E-03   1.00000E+00
   1.05300E+03   1.50000E-03   1.50005E-02   9.45998E-01   3.00000E-02 
    1.00000E-06   7.50075E-03   1.00000E+00
   1.04447E+03   1.50000E-03   1.50005E-02   9.45998E-01   3.00000E-02 
    1.00000E-06   7.50075E-03   1.00000E+00

 Phase Region for:
     BCC_A2                        
     FCC_A1#1                      
 col-1=T, col-2=W(BCC_A2,C), col-3=W(BCC_A2,CR), col-4=W(BCC_A2,FE),
   col-5=W(BCC_A2,MN), col-6=W(BCC_A2,NI), col-7=W(BCC_A2,SI),
   col-8=W(FCC_A1#1,C), col-9=W(FCC_A1#1,CR), col-10=W(FCC_A1#1,FE),
   col-11=W(FCC_A1#1,MN), col-12=W(FCC_A1#1,NI), col-13=W(FCC_A1#1,SI),
   col-14=NP(BCC_A2), col-15=NP(FCC_A1#1),
   1.04447E+03   4.09512E-05   1.16484E-02   9.66232E-01   1.35341E-02 
    4.34138E-07   8.54431E-03   1.50000E-03   1.50005E-02   9.45998E-01 
    3.00000E-02   1.00000E-06   7.50075E-03   1.28458E-06   9.99999E-01
   1.04300E+03   4.12836E-05   1.16678E-02   9.66160E-01   1.36115E-02 
    4.37089E-07   8.51934E-03   1.52784E-03   1.50641E-02   9.45613E-01 
    3.03128E-02   1.01074E-06   7.48131E-03   1.86393E-02   9.81361E-01
   1.03300E+03   4.35403E-05   1.17895E-02   9.65681E-01   1.41195E-02 
    4.56857E-07   8.36628E-03   1.73031E-03   1.55082E-02   9.42885E-01 
    3.25111E-02   1.08589E-06   7.36389E-03   1.35869E-01   8.64131E-01
   1.02300E+03   4.57486E-05   1.18934E-02   9.65234E-01   1.45868E-02 
    4.75830E-07   8.23907E-03   1.95570E-03   1.59741E-02   9.39970E-01 
    3.48299E-02   1.16425E-06   7.26939E-03   2.37403E-01   7.62597E-01
   1.01300E+03   4.78639E-05   1.19799E-02   9.64833E-01   1.50059E-02 
    4.93778E-07   8.13261E-03   2.20535E-03   1.64677E-02   9.36849E-01 
    3.72832E-02   1.24589E-06   7.19384E-03   3.25273E-01   6.74727E-01
   1.00300E+03   4.97643E-05   1.20377E-02   9.64583E-01   1.52957E-02 
    5.09377E-07   8.03344E-03   2.47818E-03   1.69989E-02   9.33462E-01 
    3.99180E-02   1.33092E-06   7.14146E-03   4.00729E-01   5.99271E-01
   9.93000E+02   5.14577E-05   1.20735E-02   9.64456E-01   1.54764E-02 
    5.22847E-07   7.94199E-03   2.77806E-03   1.75830E-02   9.29712E-01 
    4.28143E-02   1.42100E-06   7.11145E-03   4.66285E-01   5.33715E-01
   9.83000E+02   5.30403E-05   1.21093E-02   9.64274E-01   1.56894E-02 
    5.36216E-07   7.87338E-03   3.11131E-03   1.82201E-02   9.25645E-01 
    4.59361E-02   1.51646E-06   7.08580E-03   5.24085E-01   4.75915E-01
   9.75456E+02   5.41179E-05   1.21343E-02   9.64115E-01   1.58625E-02 
    5.46064E-07   7.83387E-03   3.38516E-03   1.87375E-02   9.22377E-01 
    4.84327E-02   1.59185E-06   7.06643E-03   5.62928E-01   4.37072E-01

 Phase Region for:
     BCC_A2                        
     CEMENTITE                     
     FCC_A1#1                      
 col-1=T, col-2=W(BCC_A2,C), col-3=W(BCC_A2,CR), col-4=W(BCC_A2,FE),
   col-5=W(BCC_A2,MN), col-6=W(BCC_A2,NI), col-7=W(BCC_A2,SI),
   col-8=W(CEMENTITE,C), col-9=W(CEMENTITE,CR), col-10=W(CEMENTITE,FE),
   col-11=W(CEMENTITE,MN), col-12=W(CEMENTITE,NI), col-13=W(CEMENTITE,SI),
   col-14=W(FCC_A1#1,C), col-15=W(FCC_A1#1,CR), col-16=W(FCC_A1#1,FE),
   col-17=W(FCC_A1#1,MN), col-18=W(FCC_A1#1,NI), col-19=W(FCC_A1#1,SI),
   col-20=NP(BCC_A2), col-21=NP(CEMENTITE), col-22=NP(FCC_A1#1),
   9.75456E+02   5.41178E-05   1.21343E-02   9.64115E-01   1.58625E-02 
    5.46065E-07   7.83387E-03   6.82884E-02   2.61812E-01   5.82289E-01 
    8.76103E-02   6.93089E-08   0.00000E+00   3.38516E-03   1.87374E-02 
    9.22377E-01   4.84328E-02   1.59185E-06   7.06643E-03   5.62930E-01 
    9.50019E-08   4.37070E-01
   9.73000E+02   5.22275E-05   1.19365E-02   9.63927E-01   1.62803E-02 
    5.59574E-07   7.80323E-03   6.82838E-02   2.60090E-01   5.80463E-01 
    9.11635E-02   7.12476E-08   0.00000E+00   3.35342E-03   1.84576E-02 
    9.20974E-01   5.01285E-02   1.65914E-06   7.08457E-03   5.93653E-01 
    2.25389E-03   4.04093E-01
   9.63000E+02   4.47922E-05   1.12676E-02   9.62996E-01   1.79783E-02 
    6.16005E-07   7.71310E-03   6.82745E-02   2.54919E-01   5.70851E-01 
    1.05955E-01   7.91182E-08   0.00000E+00   3.20591E-03   1.74892E-02 
    9.14938E-01   5.71749E-02   1.96006E-06   7.19011E-03   6.99319E-01 
    9.94386E-03   2.90738E-01
   9.53000E+02   3.79267E-05   1.07693E-02   9.61877E-01   1.96503E-02 
    6.75320E-07   7.66434E-03   6.82779E-02   2.52213E-01   5.58380E-01 
    1.21129E-01   8.70101E-08   0.00000E+00   3.03655E-03   1.67392E-02 
    9.08508E-01   6.43835E-02   2.31099E-06   7.33060E-03   7.80122E-01 
    1.56533E-02   2.04225E-01
   9.43000E+02   3.17511E-05   1.03917E-02   9.60657E-01   2.12761E-02 
    7.38655E-07   7.64290E-03   6.82910E-02   2.51413E-01   5.43750E-01 
    1.36546E-01   9.50624E-08   0.00000E+00   2.85374E-03   1.61492E-02 
    9.01817E-01   7.16878E-02   2.72365E-06   7.48955E-03   8.42581E-01 
    1.98490E-02   1.37570E-01
   9.33000E+02   2.63086E-05   1.00997E-02   9.59391E-01   2.28434E-02 
    8.07641E-07   7.63910E-03   6.83116E-02   2.52083E-01   5.27496E-01 
    1.52109E-01   1.03480E-07   0.00000E+00   2.66397E-03   1.56767E-02 
    8.94959E-01   7.90424E-02   3.21425E-06   7.65489E-03   8.91376E-01 
    2.29020E-02   8.57224E-02
   9.23000E+02   2.15907E-05   9.86888E-03   9.58117E-01   2.43451E-02 
    8.84547E-07   7.64624E-03   6.83378E-02   2.53894E-01   5.10017E-01 
    1.67751E-01   1.12541E-07   0.00000E+00   2.47209E-03   1.52921E-02 
    8.87996E-01   8.64180E-02   3.80558E-06   7.81778E-03   9.29870E-01 
    2.50979E-02   4.50322E-02
   9.13000E+02   1.75571E-05   9.68215E-03   9.56862E-01   2.57778E-02 
    9.72571E-07   7.65964E-03   6.83686E-02   2.56598E-01   4.91613E-01 
    1.83420E-01   1.22621E-07   0.00000E+00   2.28171E-03   1.49741E-02 
    8.80971E-01   9.37968E-02   4.53030E-06   7.97170E-03   9.60501E-01 
    2.66534E-02   1.28451E-02
   9.08269E+02   1.58710E-05   9.60551E-03   9.56279E-01   2.64313E-02 
    1.01935E-06   7.66719E-03   6.83844E-02   2.58133E-01   4.82652E-01 
    1.90830E-01   1.27890E-07   0.00000E+00   2.19295E-03   1.48425E-02 
    8.77634E-01   9.72859E-02   4.93274E-06   8.03996E-03   9.72785E-01 
    2.72147E-02   0.00000E+00

 Phase Region for:
     BCC_A2                        
     CEMENTITE                     
 col-1=T, col-2=W(BCC_A2,C), col-3=W(BCC_A2,CR), col-4=W(BCC_A2,FE),
   col-5=W(BCC_A2,MN), col-6=W(BCC_A2,NI), col-7=W(BCC_A2,SI),
   col-8=W(CEMENTITE,C), col-9=W(CEMENTITE,CR), col-10=W(CEMENTITE,FE),
   col-11=W(CEMENTITE,MN), col-12=W(CEMENTITE,NI), col-13=W(CEMENTITE,SI),
   col-14=NP(BCC_A2), col-15=NP(CEMENTITE),
   9.08269E+02   1.58710E-05   9.60551E-03   9.56279E-01   2.64313E-02 
    1.01935E-06   7.66719E-03   6.83844E-02   2.58133E-01   4.82652E-01 
    1.90830E-01   1.27890E-07   0.00000E+00   9.72785E-01   2.72147E-02  NONE
   9.03000E+02   1.42794E-05   9.51804E-03   9.56461E-01   2.63381E-02 
    1.01938E-06   7.66731E-03   6.84075E-02   2.61896E-01   4.74787E-01 
    1.94909E-01   1.27269E-07   0.00000E+00   9.72757E-01   2.72432E-02  NONE
   8.93000E+02   1.16318E-05   9.35003E-03   9.56809E-01   2.61606E-02 
    1.01943E-06   7.66749E-03   6.84523E-02   2.69179E-01   4.59658E-01 
    2.02710E-01   1.26052E-07   0.00000E+00   9.72709E-01   2.72907E-02  NONE
   8.83000E+02   9.41669E-06   9.17936E-03   9.57160E-01   2.59824E-02 
    1.01947E-06   7.66763E-03   6.84980E-02   2.76646E-01   4.44273E-01 
    2.10582E-01   1.24787E-07   0.00000E+00   9.72670E-01   2.73304E-02  NONE
   8.73000E+02   7.57411E-06   9.00603E-03   9.57514E-01   2.58035E-02 
    1.01951E-06   7.66772E-03   6.85446E-02   2.84291E-01   4.28645E-01 
    2.18519E-01   1.23475E-07   0.00000E+00   9.72637E-01   2.73635E-02  NONE
   8.63000E+02   6.05061E-06   8.83011E-03   9.57871E-01   2.56243E-02 
    1.01955E-06   7.66777E-03   6.85922E-02   2.92108E-01   4.12790E-01 
    2.26509E-01   1.22115E-07   0.00000E+00   9.72609E-01   2.73908E-02  NONE
   8.53000E+02   4.79897E-06   8.65170E-03   9.58230E-01   2.54449E-02 
    1.01958E-06   7.66779E-03   6.86406E-02   3.00088E-01   3.96729E-01 
    2.34543E-01   1.20703E-07   0.00000E+00   9.72587E-01   2.74132E-02  NONE
   8.43000E+02   3.77762E-06   8.47094E-03   9.58591E-01   2.52656E-02 
    1.01961E-06   7.66778E-03   6.86898E-02   3.08219E-01   3.80484E-01 
    2.42607E-01   1.19238E-07   0.00000E+00   9.72568E-01   2.74316E-02  NONE
   8.33000E+02   2.95014E-06   8.28803E-03   9.58954E-01   2.50866E-02 
    1.01964E-06   7.66775E-03   6.87398E-02   3.16490E-01   3.64085E-01 
    2.50685E-01   1.17713E-07   0.00000E+00   9.72554E-01   2.74464E-02  NONE
   8.23000E+02   2.28477E-06   8.10324E-03   9.59317E-01   2.49083E-02 
    1.01967E-06   7.66770E-03   6.87903E-02   3.24885E-01   3.47563E-01 
    2.58762E-01   1.16122E-07   0.00000E+00   9.72542E-01   2.74583E-02  NONE
   8.13000E+02   1.75401E-06   7.91685E-03   9.59682E-01   2.47312E-02 
    1.01970E-06   7.66763E-03   6.88413E-02   3.33388E-01   3.30953E-01 
    2.66818E-01   1.14457E-07   0.00000E+00   9.72532E-01   2.74678E-02  NONE
   8.03000E+02   1.33419E-06   7.72921E-03   9.60045E-01   2.45555E-02 
    1.01973E-06   7.66755E-03   6.88928E-02   3.41979E-01   3.14296E-01 
    2.74832E-01   1.12708E-07   0.00000E+00   9.72525E-01   2.74754E-02  NONE
   7.93000E+02   1.00506E-06   7.54073E-03   9.60408E-01   2.43818E-02 
    1.01976E-06   7.66746E-03   6.89445E-02   3.50639E-01   2.97636E-01 
    2.82781E-01   1.10864E-07   0.00000E+00   9.72519E-01   2.74813E-02  NONE
   7.83000E+02   7.49445E-07   7.35182E-03   9.60768E-01   2.42106E-02 
    1.01979E-06   7.66736E-03   6.89963E-02   3.59344E-01   2.81020E-01 
    2.90639E-01   1.08912E-07   0.00000E+00   9.72514E-01   2.74859E-02  NONE
   7.73000E+02   5.52882E-07   7.16296E-03   9.61126E-01   2.40424E-02 
    1.01983E-06   7.66725E-03   6.90481E-02   3.68071E-01   2.64500E-01 
    2.98380E-01   1.06836E-07   0.00000E+00   9.72511E-01   2.74894E-02  NONE
   7.63000E+02   4.03302E-07   6.97465E-03   9.61479E-01   2.38779E-02 
    1.01986E-06   7.66714E-03   6.90997E-02   3.76795E-01   2.48130E-01 
    3.05975E-01   1.04623E-07   0.00000E+00   9.72508E-01   2.74921E-02  NONE
   7.53000E+02   2.90726E-07   6.78738E-03   9.61827E-01   2.37177E-02 
    1.01990E-06   7.66703E-03   6.91510E-02   3.85490E-01   2.31966E-01 
    3.13393E-01   1.02257E-07   0.00000E+00   9.72506E-01   2.74941E-02  NONE
   7.43000E+02   2.06980E-07   6.60168E-03   9.62168E-01   2.35623E-02 
    1.01994E-06   7.66691E-03   6.92018E-02   3.94130E-01   2.16067E-01 
    3.20602E-01   9.97221E-08   0.00000E+00   9.72504E-01   2.74956E-02  NONE
   7.33000E+02   1.45441E-07   6.41807E-03   9.62501E-01   2.34126E-02 
    1.01999E-06   7.66680E-03   6.92519E-02   4.02689E-01   2.00490E-01 
    3.27569E-01   9.70043E-08   0.00000E+00   9.72503E-01   2.74967E-02  NONE
   7.23000E+02   1.00804E-07   6.23704E-03   9.62826E-01   2.32692E-02 
    1.02004E-06   7.66668E-03   6.93012E-02   4.11143E-01   1.85296E-01 
    3.34260E-01   9.40911E-08   0.00000E+00   9.72503E-01   2.74975E-02  NONE
   7.13000E+02   6.88656E-08   6.05907E-03   9.63141E-01   2.31327E-02 
    1.02010E-06   7.66657E-03   6.93495E-02   4.19467E-01   1.70542E-01 
    3.40641E-01   9.09725E-08   0.00000E+00   9.72502E-01   2.74981E-02  NONE
   7.03000E+02   4.63394E-08   5.88461E-03   9.63444E-01   2.30040E-02 
    1.02016E-06   7.66645E-03   6.93967E-02   4.27639E-01   1.56284E-01 
    3.46680E-01   8.76427E-08   0.00000E+00   9.72502E-01   2.74985E-02  NONE
   6.93000E+02   3.06906E-08   5.71404E-03   9.63735E-01   2.28836E-02 
    1.02022E-06   7.66634E-03   6.94426E-02   4.35640E-01   1.42574E-01 
    3.52343E-01   8.41005E-08   0.00000E+00   9.72501E-01   2.74988E-02  NONE
   6.83000E+02   1.99913E-08   5.54769E-03   9.64013E-01   2.27722E-02 
    1.02029E-06   7.66624E-03   6.94871E-02   4.43453E-01   1.29460E-01 
    3.57600E-01   8.03505E-08   0.00000E+00   9.72501E-01   2.74989E-02  NONE
   6.73000E+02   1.27975E-08   5.38582E-03   9.64277E-01   2.26705E-02 
    1.02036E-06   7.66613E-03   6.95302E-02   4.51063E-01   1.16984E-01 
    3.62423E-01   7.64038E-08   0.00000E+00   9.72501E-01   2.74991E-02  NONE
