
 Phase Region for:
     FCC_A1#1                      
 col-1=T, col-2=W(FCC_A1#1,C), col-3=W(FCC_A1#1,CR), col-4=W(FCC_A1#1,FE),
   col-5=W(FCC_A1#1,MN), col-6=W(FCC_A1#1,NI), col-7=W(FCC_A1#1,SI),
   col-8=NP(FCC_A1#1),
   1.17300E+03   1.50000E-03   1.50005E-02   9.38498E-01   3.00000E-02 
    7.50075E-03   7.50075E-03   1.00000E+00
   1.18300E+03   1.50000E-03   1.50005E-02   9.38498E-01   3.00000E-02 
    7.50075E-03   7.50075E-03   1.00000E+00
   1.19300E+03   1.50000E-03   1.50005E-02   9.38498E-01   3.00000E-02 
    7.50075E-03   7.50075E-03   1.00000E+00
   1.20300E+03   1.50000E-03   1.50005E-02   9.38498E-01   3.00000E-02 
    7.50075E-03   7.50075E-03   1.00000E+00
   1.21300E+03   1.50000E-03   1.50005E-02   9.38498E-01   3.00000E-02 
    7.50075E-03   7.50075E-03   1.00000E+00
   1.22300E+03   1.50000E-03   1.50005E-02   9.38498E-01   3.00000E-02 
    7.50075E-03   7.50075E-03   1.00000E+00
   1.23300E+03   1.50000E-03   1.50005E-02   9.38498E-01   3.00000E-02 
    7.50075E-03   7.50075E-03   1.00000E+00
   1.24300E+03   1.50000E-03   1.50005E-02   9.38498E-01   3.00000E-02 
    7.50075E-03   7.50075E-03   1.00000E+00
   1.25300E+03   1.50000E-03   1.50005E-02   9.38498E-01   3.00000E-02 
    7.50075E-03   7.50075E-03   1.00000E+00
   1.26300E+03   1.50000E-03   1.50005E-02   9.38498E-01   3.00000E-02 
    7.50075E-03   7.50075E-03   1.00000E+00
   1.27300E+03   1.50000E-03   1.50005E-02   9.38498E-01   3.00000E-02 
    7.50075E-03   7.50075E-03   1.00000E+00
   1.28300E+03   1.50000E-03   1.50005E-02   9.38498E-01   3.00000E-02 
    7.50075E-03   7.50075E-03   1.00000E+00
   1.29300E+03   1.50000E-03   1.50005E-02   9.38498E-01   3.00000E-02 
    7.50075E-03   7.50075E-03   1.00000E+00
   1.30300E+03   1.50000E-03   1.50005E-02   9.38498E-01   3.00000E-02 
    7.50075E-03   7.50075E-03   1.00000E+00
   1.31300E+03   1.50000E-03   1.50005E-02   9.38498E-01   3.00000E-02 
    7.50075E-03   7.50075E-03   1.00000E+00
   1.32300E+03   1.50000E-03   1.50005E-02   9.38498E-01   3.00000E-02 
    7.50075E-03   7.50075E-03   1.00000E+00
   1.33300E+03   1.50000E-03   1.50005E-02   9.38498E-01   3.00000E-02 
    7.50075E-03   7.50075E-03   1.00000E+00
   1.34300E+03   1.50000E-03   1.50005E-02   9.38498E-01   3.00000E-02 
    7.50075E-03   7.50075E-03   1.00000E+00
   1.35300E+03   1.50000E-03   1.50005E-02   9.38498E-01   3.00000E-02 
    7.50075E-03   7.50075E-03   1.00000E+00
   1.36300E+03   1.50000E-03   1.50005E-02   9.38498E-01   3.00000E-02 
    7.50075E-03   7.50075E-03   1.00000E+00
   1.37300E+03   1.50000E-03   1.50005E-02   9.38498E-01   3.00000E-02 
    7.50075E-03   7.50075E-03   1.00000E+00
   1.38300E+03   1.50000E-03   1.50005E-02   9.38498E-01   3.00000E-02 
    7.50075E-03   7.50075E-03   1.00000E+00
   1.39300E+03   1.50000E-03   1.50005E-02   9.38498E-01   3.00000E-02 
    7.50075E-03   7.50075E-03   1.00000E+00
   1.40300E+03   1.50000E-03   1.50005E-02   9.38498E-01   3.00000E-02 
    7.50075E-03   7.50075E-03   1.00000E+00
   1.41300E+03   1.50000E-03   1.50005E-02   9.38498E-01   3.00000E-02 
    7.50075E-03   7.50075E-03   1.00000E+00
   1.42300E+03   1.50000E-03   1.50005E-02   9.38498E-01   3.00000E-02 
    7.50075E-03   7.50075E-03   1.00000E+00
   1.43300E+03   1.50000E-03   1.50005E-02   9.38498E-01   3.00000E-02 
    7.50075E-03   7.50075E-03   1.00000E+00
   1.44300E+03   1.50000E-03   1.50005E-02   9.38498E-01   3.00000E-02 
    7.50075E-03   7.50075E-03   1.00000E+00
   1.45300E+03   1.50000E-03   1.50005E-02   9.38498E-01   3.00000E-02 
    7.50075E-03   7.50075E-03   1.00000E+00
   1.46300E+03   1.50000E-03   1.50005E-02   9.38498E-01   3.00000E-02 
    7.50075E-03   7.50075E-03   1.00000E+00
   1.47300E+03   1.50000E-03   1.50005E-02   9.38498E-01   3.00000E-02 
    7.50075E-03   7.50075E-03   1.00000E+00

 Phase Region for:
     FCC_A1#1                      
 col-1=T, col-2=W(FCC_A1#1,C), col-3=W(FCC_A1#1,CR), col-4=W(FCC_A1#1,FE),
   col-5=W(FCC_A1#1,MN), col-6=W(FCC_A1#1,NI), col-7=W(FCC_A1#1,SI),
   col-8=NP(FCC_A1#1),
   1.17300E+03   1.50000E-03   1.50005E-02   9.38498E-01   3.00000E-02 
    7.50075E-03   7.50075E-03   1.00000E+00
   1.16300E+03   1.50000E-03   1.50005E-02   9.38498E-01   3.00000E-02 
    7.50075E-03   7.50075E-03   1.00000E+00
   1.15300E+03   1.50000E-03   1.50005E-02   9.38498E-01   3.00000E-02 
    7.50075E-03   7.50075E-03   1.00000E+00
   1.14300E+03   1.50000E-03   1.50005E-02   9.38498E-01   3.00000E-02 
    7.50075E-03   7.50075E-03   1.00000E+00
   1.13300E+03   1.50000E-03   1.50005E-02   9.38498E-01   3.00000E-02 
    7.50075E-03   7.50075E-03   1.00000E+00
   1.12300E+03   1.50000E-03   1.50005E-02   9.38498E-01   3.00000E-02 
    7.50075E-03   7.50075E-03   1.00000E+00
   1.11300E+03   1.50000E-03   1.50005E-02   9.38498E-01   3.00000E-02 
    7.50075E-03   7.50075E-03   1.00000E+00
   1.10300E+03   1.50000E-03   1.50005E-02   9.38498E-01   3.00000E-02 
    7.50075E-03   7.50075E-03   1.00000E+00
   1.09300E+03   1.50000E-03   1.50005E-02   9.38498E-01   3.00000E-02 
    7.50075E-03   7.50075E-03   1.00000E+00
   1.08300E+03   1.50000E-03   1.50005E-02   9.38498E-01   3.00000E-02 
    7.50075E-03   7.50075E-03   1.00000E+00
   1.07300E+03   1.50000E-03   1.50005E-02   9.38498E-01   3.00000E-02 
    7.50075E-03   7.50075E-03   1.00000E+00
   1.06300E+03   1.50000E-03   1.50005E-02   9.38498E-01   3.00000E-02 
    7.50075E-03   7.50075E-03   1.00000E+00
   1.05300E+03   1.50000E-03   1.50005E-02   9.38498E-01   3.00000E-02 
    7.50075E-03   7.50075E-03   1.00000E+00
   1.04300E+03   1.50000E-03   1.50005E-02   9.38498E-01   3.00000E-02 
    7.50075E-03   7.50075E-03   1.00000E+00
   1.03300E+03   1.50000E-03   1.50005E-02   9.38498E-01   3.00000E-02 
    7.50075E-03   7.50075E-03   1.00000E+00
   1.02874E+03   1.50000E-03   1.50005E-02   9.38498E-01   3.00000E-02 
    7.50075E-03   7.50075E-03   1.00000E+00

 Phase Region for:
     BCC_A2                        
     FCC_A1#1                      
 col-1=T, col-2=W(BCC_A2,C), col-3=W(BCC_A2,CR), col-4=W(BCC_A2,FE),
   col-5=W(BCC_A2,MN), col-6=W(BCC_A2,NI), col-7=W(BCC_A2,SI),
   col-8=W(FCC_A1#1,C), col-9=W(FCC_A1#1,CR), col-10=W(FCC_A1#1,FE),
   col-11=W(FCC_A1#1,MN), col-12=W(FCC_A1#1,NI), col-13=W(FCC_A1#1,SI),
   col-14=NP(BCC_A2), col-15=NP(FCC_A1#1),
   1.02874E+03   3.73247E-05   1.15251E-02   9.64443E-01   1.23898E-02 
    3.10318E-03   8.50134E-03   1.50000E-03   1.50005E-02   9.38498E-01 
    3.00000E-02   7.50076E-03   7.50075E-03   1.22603E-06   9.99999E-01
   1.02300E+03   3.83713E-05   1.15952E-02   9.64159E-01   1.26214E-02 
    3.17749E-03   8.40857E-03   1.60664E-03   1.52490E-02   9.36626E-01 
    3.12680E-02   7.81618E-03   7.43451E-03   6.76801E-02   9.32320E-01
   1.01300E+03   4.01582E-05   1.17040E-02   9.63693E-01   1.29934E-02 
    3.30234E-03   8.26760E-03   1.80860E-03   1.56974E-02   9.33172E-01 
    3.35951E-02   8.38827E-03   7.33864E-03   1.73664E-01   8.26336E-01
   1.00300E+03   4.18272E-05   1.17791E-02   9.63411E-01   1.32247E-02 
    3.41065E-03   8.13268E-03   2.03135E-03   1.61744E-02   9.29420E-01 
    3.61128E-02   8.99115E-03   7.27048E-03   2.65752E-01   7.34248E-01
   9.93000E+02   4.34235E-05   1.18399E-02   9.63190E-01   1.34005E-02 
    3.51035E-03   8.01617E-03   2.27939E-03   1.66917E-02   9.25286E-01 
    3.88822E-02   9.63596E-03   7.22496E-03   3.46810E-01   6.53190E-01
   9.83000E+02   4.49381E-05   1.19008E-02   9.62912E-01   1.36047E-02 
    3.60879E-03   7.92863E-03   2.55472E-03   1.72474E-02   9.20801E-01 
    4.18843E-02   1.03219E-02   7.19060E-03   4.18088E-01   5.81912E-01
   9.73000E+02   4.63114E-05   1.19581E-02   9.62604E-01   1.38239E-02 
    3.70388E-03   7.86403E-03   2.85766E-03   1.78419E-02   9.15985E-01 
    4.51076E-02   1.10468E-02   7.16147E-03   4.80418E-01   5.19582E-01
   9.66156E+02   4.71432E-05   1.19940E-02   9.62385E-01   1.39773E-02 
    3.76627E-03   7.83052E-03   3.08114E-03   1.82724E-02   9.12502E-01 
    4.74374E-02   1.15650E-02   7.14187E-03   5.18425E-01   4.81575E-01

 Phase Region for:
     BCC_A2                        
     CEMENTITE                     
     FCC_A1#1                      
 col-1=T, col-2=W(BCC_A2,C), col-3=W(BCC_A2,CR), col-4=W(BCC_A2,FE),
   col-5=W(BCC_A2,MN), col-6=W(BCC_A2,NI), col-7=W(BCC_A2,SI),
   col-8=W(CEMENTITE,C), col-9=W(CEMENTITE,CR), col-10=W(CEMENTITE,FE),
   col-11=W(CEMENTITE,MN), col-12=W(CEMENTITE,NI), col-13=W(CEMENTITE,SI),
   col-14=W(FCC_A1#1,C), col-15=W(FCC_A1#1,CR), col-16=W(FCC_A1#1,FE),
   col-17=W(FCC_A1#1,MN), col-18=W(FCC_A1#1,NI), col-19=W(FCC_A1#1,SI),
   col-20=NP(BCC_A2), col-21=NP(CEMENTITE), col-22=NP(FCC_A1#1),
   9.66156E+02   4.71431E-05   1.19940E-02   9.62385E-01   1.39773E-02 
    3.76627E-03   7.83051E-03   6.83400E-02   2.73987E-01   5.76077E-01 
    8.11220E-02   4.74398E-04   0.00000E+00   3.08113E-03   1.82724E-02 
    9.12502E-01   4.74374E-02   1.15650E-02   7.14187E-03   5.18426E-01 
    7.99208E-08   4.81573E-01
   9.63000E+02   4.50136E-05   1.17670E-02   9.62181E-01   1.43544E-02 
    3.85675E-03   7.79571E-03   6.83369E-02   2.72553E-01   5.73805E-01 
    8.48179E-02   4.87356E-04   0.00000E+00   3.03632E-03   1.79399E-02 
    9.10341E-01   4.94116E-02   1.21080E-02   7.16295E-03   5.52732E-01 
    2.41486E-03   4.44853E-01
   9.53000E+02   3.85830E-05   1.11602E-02   9.61440E-01   1.55119E-02 
    4.13498E-03   7.71444E-03   6.83355E-02   2.69656E-01   5.64832E-01 
    9.66502E-02   5.26045E-04   0.00000E+00   2.88095E-03   1.70241E-02 
    9.03096E-01   5.57962E-02   1.39498E-02   7.25267E-03   6.43971E-01 
    8.79599E-03   3.47233E-01
   9.43000E+02   3.27242E-05   1.06853E-02   9.60619E-01   1.65981E-02 
    4.39937E-03   7.66586E-03   6.83447E-02   2.68865E-01   5.53668E-01 
    1.08562E-01   5.61028E-04   0.00000E+00   2.71138E-03   1.62729E-02 
    8.95326E-01   6.23373E-02   1.59885E-02   7.36359E-03   7.14000E-01 
    1.35926E-02   2.72408E-01
   9.33000E+02   2.74967E-05   1.03039E-02   9.59781E-01   1.75996E-02 
    4.64912E-03   7.63908E-03   6.83621E-02   2.69747E-01   5.40851E-01 
    1.20448E-01   5.92327E-04   0.00000E+00   2.53411E-03   1.56398E-02 
    8.87099E-01   6.89999E-02   1.82451E-02   7.48176E-03   7.68160E-01 
    1.71821E-02   2.14658E-01
   9.23000E+02   2.29096E-05   9.98852E-03   9.58970E-01   1.85081E-02 
    4.88371E-03   7.62660E-03   6.83860E-02   2.71965E-01   5.26798E-01 
    1.32231E-01   6.20052E-04   0.00000E+00   2.35413E-03   1.50910E-02 
    8.78448E-01   7.57654E-02   2.07447E-02   7.59657E-03   8.10329E-01 
    1.98595E-02   1.69812E-01
   9.13000E+02   1.89391E-05   9.71948E-03   9.58217E-01   1.93191E-02 
    5.10256E-03   7.62322E-03   6.84152E-02   2.75266E-01   5.11823E-01 
    1.43852E-01   6.44324E-04   0.00000E+00   2.17518E-03   1.46016E-02 
    8.69378E-01   8.26286E-02   2.35167E-02   7.69979E-03   8.43335E-01 
    2.18510E-02   1.34814E-01
   9.03000E+02   1.55418E-05   9.48270E-03   9.57541E-01   2.00301E-02 
    5.30493E-03   7.62536E-03   6.84485E-02   2.79458E-01   4.96166E-01 
    1.55263E-01   6.65234E-04   0.00000E+00   2.00002E-03   1.41534E-02 
    8.59871E-01   8.95961E-02   2.65948E-02   7.78486E-03   8.69260E-01 
    2.33283E-02   1.07412E-01
   8.93000E+02   1.26641E-05   9.26792E-03   9.56958E-01   2.06410E-02 
    5.48974E-03   7.63060E-03   6.84853E-02   2.84397E-01   4.80011E-01 
    1.66423E-01   6.82819E-04   0.00000E+00   1.83068E-03   1.37328E-02 
    8.49888E-01   9.66845E-02   3.00175E-02   7.84644E-03   8.89655E-01 
    2.44207E-02   8.59240E-02
   8.83000E+02   1.02486E-05   9.06767E-03   9.56477E-01   2.11525E-02 
    5.65557E-03   7.63730E-03   6.85249E-02   2.89977E-01   4.63502E-01 
    1.77299E-01   6.97059E-04   0.00000E+00   1.66860E-03   1.33296E-02 
    8.39373E-01   1.03920E-01   3.38286E-02   7.87997E-03   9.05691E-01 
    2.52256E-02   6.90830E-02
   8.73000E+02   8.23784E-06   8.87642E-03   9.56104E-01   2.15666E-02 
    5.80063E-03   7.64445E-03   6.85670E-02   2.96116E-01   4.46750E-01 
    1.87859E-01   7.07878E-04   0.00000E+00   1.51479E-03   1.29360E-02 
    8.28252E-01   1.11338E-01   3.80775E-02   7.88137E-03   9.18264E-01 
    2.58164E-02   5.59201E-02
   8.63000E+02   6.57718E-06   8.69006E-03   9.55843E-01   2.18863E-02 
    5.92283E-03   7.65143E-03   6.86111E-02   3.02752E-01   4.29845E-01 
    1.98077E-01   7.15151E-04   0.00000E+00   1.36993E-03   1.25460E-02 
    8.16433E-01   1.18984E-01   4.28201E-02   7.84682E-03   9.28067E-01 
    2.62482E-02   4.56846E-02
   8.53000E+02   5.21594E-06   8.50557E-03   9.55696E-01   2.21151E-02 
    6.01979E-03   7.65797E-03   6.86571E-02   3.09837E-01   4.12859E-01 
    2.07929E-01   7.18718E-04   0.00000E+00   1.23442E-03   1.21547E-02 
    8.03805E-01   1.26914E-01   4.81195E-02   7.77255E-03   9.35651E-01 
    2.65626E-02   3.77862E-02
   8.43000E+02   4.10827E-06   8.32075E-03   9.55665E-01   2.22574E-02 
    6.08900E-03   7.66400E-03   6.87048E-02   3.17331E-01   3.95850E-01 
    2.17395E-01   7.18404E-04   0.00000E+00   1.10847E-03   1.17586E-02 
    7.90239E-01   1.35193E-01   5.40465E-02   7.65465E-03   9.41454E-01 
    2.67910E-02   3.17548E-02
   8.33000E+02   3.21339E-06   8.13402E-03   9.55747E-01   2.23182E-02 
    6.12796E-03   7.66965E-03   6.87538E-02   3.25205E-01   3.78867E-01 
    2.26460E-01   7.14035E-04   0.00000E+00   9.92113E-04   1.13547E-02 
    7.75587E-01   1.43897E-01   6.06797E-02   7.48903E-03   9.45833E-01 
    2.69566E-02   2.72105E-02
   8.23000E+02   2.49556E-06   7.94432E-03   9.55941E-01   2.23032E-02 
    6.13433E-03   7.67511E-03   6.88042E-02   3.33432E-01   3.61946E-01 
    2.35112E-01   7.05465E-04   0.00000E+00   8.85262E-04   1.09413E-02 
    7.59687E-01   1.53112E-01   6.81032E-02   7.27144E-03   9.49080E-01 
    2.70770E-02   2.38435E-02
   8.13000E+02   1.92386E-06   7.75098E-03   9.56242E-01   2.22185E-02 
    6.10615E-03   7.68066E-03   6.88557E-02   3.41985E-01   3.45122E-01 
    2.43344E-01   6.92606E-04   0.00000E+00   7.87723E-04   1.05175E-02 
    7.42370E-01   1.62926E-01   7.64014E-02   6.99777E-03   9.51436E-01 
    2.71649E-02   2.13991E-02
   8.03000E+02   1.47184E-06   7.55367E-03   9.56645E-01   2.20709E-02 
    6.04211E-03   7.68658E-03   6.89083E-02   3.50842E-01   3.28421E-01 
    2.51153E-01   6.75452E-04   0.00000E+00   6.99220E-04   1.00835E-02 
    7.23487E-01   1.73419E-01   8.56465E-02   6.66474E-03   9.53102E-01 
    2.72297E-02   1.96685E-02
   7.93000E+02   1.11709E-06   7.35233E-03   9.57144E-01   2.18673E-02 
    5.94185E-03   7.69313E-03   6.89618E-02   3.59976E-01   3.11869E-01 
    2.58539E-01   6.54113E-04   0.00000E+00   6.19404E-04   9.64149E-03 
    7.02948E-01   1.84646E-01   9.58736E-02   6.27133E-03   9.54240E-01 
    2.72782E-02   1.84823E-02
   7.83000E+02   8.40804E-07   7.14709E-03   9.57731E-01   2.16147E-02 
    5.80622E-03   7.70047E-03   6.90161E-02   3.69362E-01   2.95489E-01 
    2.65504E-01   6.28846E-04   0.00000E+00   5.47851E-04   9.19569E-03 
    6.80795E-01   1.96597E-01   1.07043E-01   5.82082E-03   9.54977E-01 
    2.73151E-02   1.77076E-02
   7.73000E+02   6.27347E-07   6.93822E-03   9.58395E-01   2.13199E-02 
    5.63753E-03   7.70865E-03   6.90710E-02   3.78969E-01   2.79307E-01 
    2.72053E-01   6.00072E-04   0.00000E+00   4.84053E-04   8.75284E-03 
    6.57275E-01   2.09167E-01   1.18998E-01   5.32317E-03   9.55411E-01 
    2.73437E-02   1.72453E-02
   7.63000E+02   4.63810E-07   6.72611E-03   9.59127E-01   2.09896E-02 
    5.43953E-03   7.71758E-03   6.91264E-02   3.88767E-01   2.63351E-01 
    2.78188E-01   5.68361E-04   0.00000E+00   4.27398E-04   8.32151E-03 
    6.32880E-01   2.22135E-01   1.31439E-01   4.79598E-03   9.55608E-01 
    2.73662E-02   1.70255E-02
   7.53000E+02   3.39621E-07   6.51123E-03   9.59915E-01   2.06297E-02 
    5.21708E-03   7.72708E-03   6.91822E-02   3.98720E-01   2.47650E-01 
    2.83914E-01   5.34392E-04   0.00000E+00   3.77181E-04   7.91036E-03 
    6.08284E-01   2.35196E-01   1.43970E-01   4.26203E-03   9.55616E-01 
    2.73843E-02   1.69998E-02
   7.43000E+02   2.46180E-07   6.29418E-03   9.60747E-01   2.02462E-02 
    4.97556E-03   7.73693E-03   6.92381E-02   4.08792E-01   2.32235E-01 
    2.89236E-01   4.98873E-04   0.00000E+00   3.32648E-04   7.52594E-03 
    5.84169E-01   2.48041E-01   1.56188E-01   3.74390E-03   9.55470E-01 
    2.73990E-02   1.71312E-02
   7.33000E+02   1.76554E-07   6.07563E-03   9.61612E-01   1.98448E-02 
    4.72019E-03   7.74691E-03   6.92940E-02   4.18945E-01   2.17137E-01 
    2.94162E-01   4.62472E-04   0.00000E+00   2.93068E-04   7.17143E-03 
    5.61062E-01   2.60435E-01   1.67780E-01   3.25869E-03   9.55201E-01 
    2.74114E-02   1.73876E-02
   7.23000E+02   1.25200E-07   5.85637E-03   9.62500E-01   1.94308E-02 
    4.45566E-03   7.75687E-03   6.93496E-02   4.29137E-01   2.02387E-01 
    2.98701E-01   4.25778E-04   0.00000E+00   2.57786E-04   6.84690E-03 
    5.39259E-01   2.72253E-01   1.78568E-01   2.81609E-03   9.54839E-01 
    2.74219E-02   1.77391E-02
   7.13000E+02   8.77310E-08   5.63720E-03   9.63401E-01   1.90091E-02 
    4.18599E-03   7.76668E-03   6.94048E-02   4.39327E-01   1.88018E-01 
    3.02861E-01   3.89292E-04   0.00000E+00   2.26256E-04   6.55046E-03 
    5.18860E-01   2.83456E-01   1.88487E-01   2.41945E-03   9.54410E-01 
    2.74311E-02   1.81593E-02
   7.03000E+02   6.07048E-08   5.41895E-03   9.64307E-01   1.85836E-02 
    3.91451E-03   7.77623E-03   6.94594E-02   4.49478E-01   1.74061E-01 
    3.06648E-01   3.53432E-04   0.00000E+00   1.98033E-04   6.27944E-03 
    4.99835E-01   2.94070E-01   1.97550E-01   2.06806E-03   9.53935E-01 
    2.74394E-02   1.86257E-02
   6.93000E+02   4.14473E-08   5.20241E-03   9.65210E-01   1.81580E-02 
    3.64399E-03   7.78547E-03   6.95132E-02   4.59550E-01   1.60551E-01 
    3.10068E-01   3.18548E-04   0.00000E+00   1.72758E-04   6.03108E-03 
    4.82088E-01   3.04145E-01   2.05804E-01   1.75910E-03   9.53433E-01 
    2.74469E-02   1.91205E-02
   6.83000E+02   2.79023E-08   4.98835E-03   9.66106E-01   1.77350E-02 
    3.37672E-03   7.79434E-03   6.95661E-02   4.69508E-01   1.47520E-01 
    3.13121E-01   2.84936E-04   0.00000E+00   1.50137E-04   5.80291E-03 
    4.65497E-01   3.13746E-01   2.13315E-01   1.48893E-03   9.52916E-01 
    2.74537E-02   1.96298E-02
   6.73000E+02   1.85059E-08   4.77745E-03   9.66988E-01   1.73170E-02 
    3.11463E-03   7.80278E-03   6.96177E-02   4.79320E-01   1.35000E-01 
    3.15809E-01   2.52844E-04   0.00000E+00   1.29925E-04   5.59289E-03 
    4.49939E-01   3.22938E-01   2.20146E-01   1.25374E-03   9.52397E-01 
    2.74600E-02   2.01431E-02
