
 Phase Region for:
     FCC_A1#1                      
 col-1=T, col-2=X(FCC_A1#1,C), col-3=X(FCC_A1#1,CR), col-4=X(FCC_A1#1,FE),
   col-5=X(FCC_A1#1,MN), col-6=X(FCC_A1#1,NI), col-7=X(FCC_A1#1,SI),
   col-8=NP(FCC_A1#1),
   1.17300E+03   6.84863E-03   1.05468E-06   8.87196E-01   2.99461E-02 
    4.67194E-02   2.92892E-02   1.00000E+00
   1.18300E+03   6.84863E-03   1.05468E-06   8.87196E-01   2.99461E-02 
    4.67194E-02   2.92892E-02   1.00000E+00
   1.19300E+03   6.84863E-03   1.05468E-06   8.87196E-01   2.99461E-02 
    4.67194E-02   2.92892E-02   1.00000E+00
   1.20300E+03   6.84863E-03   1.05468E-06   8.87196E-01   2.99461E-02 
    4.67194E-02   2.92892E-02   1.00000E+00
   1.21300E+03   6.84863E-03   1.05468E-06   8.87196E-01   2.99461E-02 
    4.67194E-02   2.92892E-02   1.00000E+00
   1.22300E+03   6.84863E-03   1.05468E-06   8.87196E-01   2.99461E-02 
    4.67194E-02   2.92892E-02   1.00000E+00
   1.23300E+03   6.84863E-03   1.05468E-06   8.87196E-01   2.99461E-02 
    4.67194E-02   2.92892E-02   1.00000E+00
   1.24300E+03   6.84863E-03   1.05468E-06   8.87196E-01   2.99461E-02 
    4.67194E-02   2.92892E-02   1.00000E+00
   1.25300E+03   6.84863E-03   1.05468E-06   8.87196E-01   2.99461E-02 
    4.67194E-02   2.92892E-02   1.00000E+00
   1.26300E+03   6.84863E-03   1.05468E-06   8.87196E-01   2.99461E-02 
    4.67194E-02   2.92892E-02   1.00000E+00
   1.27300E+03   6.84863E-03   1.05468E-06   8.87196E-01   2.99461E-02 
    4.67194E-02   2.92892E-02   1.00000E+00
   1.28300E+03   6.84863E-03   1.05468E-06   8.87196E-01   2.99461E-02 
    4.67194E-02   2.92892E-02   1.00000E+00
   1.29300E+03   6.84863E-03   1.05468E-06   8.87196E-01   2.99461E-02 
    4.67194E-02   2.92892E-02   1.00000E+00
   1.30300E+03   6.84863E-03   1.05468E-06   8.87196E-01   2.99461E-02 
    4.67194E-02   2.92892E-02   1.00000E+00
   1.31300E+03   6.84863E-03   1.05468E-06   8.87196E-01   2.99461E-02 
    4.67194E-02   2.92892E-02   1.00000E+00
   1.32300E+03   6.84863E-03   1.05468E-06   8.87196E-01   2.99461E-02 
    4.67194E-02   2.92892E-02   1.00000E+00
   1.33300E+03   6.84863E-03   1.05468E-06   8.87196E-01   2.99461E-02 
    4.67194E-02   2.92892E-02   1.00000E+00
   1.34300E+03   6.84863E-03   1.05468E-06   8.87196E-01   2.99461E-02 
    4.67194E-02   2.92892E-02   1.00000E+00
   1.35300E+03   6.84863E-03   1.05468E-06   8.87196E-01   2.99461E-02 
    4.67194E-02   2.92892E-02   1.00000E+00
   1.36300E+03   6.84863E-03   1.05468E-06   8.87196E-01   2.99461E-02 
    4.67194E-02   2.92892E-02   1.00000E+00
   1.37300E+03   6.84863E-03   1.05468E-06   8.87196E-01   2.99461E-02 
    4.67194E-02   2.92892E-02   1.00000E+00
   1.38300E+03   6.84863E-03   1.05468E-06   8.87196E-01   2.99461E-02 
    4.67194E-02   2.92892E-02   1.00000E+00
   1.39300E+03   6.84863E-03   1.05468E-06   8.87196E-01   2.99461E-02 
    4.67194E-02   2.92892E-02   1.00000E+00
   1.40300E+03   6.84863E-03   1.05468E-06   8.87196E-01   2.99461E-02 
    4.67194E-02   2.92892E-02   1.00000E+00
   1.41300E+03   6.84863E-03   1.05468E-06   8.87196E-01   2.99461E-02 
    4.67194E-02   2.92892E-02   1.00000E+00
   1.42300E+03   6.84863E-03   1.05468E-06   8.87196E-01   2.99461E-02 
    4.67194E-02   2.92892E-02   1.00000E+00
   1.43300E+03   6.84863E-03   1.05468E-06   8.87196E-01   2.99461E-02 
    4.67194E-02   2.92892E-02   1.00000E+00
   1.44300E+03   6.84863E-03   1.05468E-06   8.87196E-01   2.99461E-02 
    4.67194E-02   2.92892E-02   1.00000E+00
   1.45300E+03   6.84863E-03   1.05468E-06   8.87196E-01   2.99461E-02 
    4.67194E-02   2.92892E-02   1.00000E+00
   1.46300E+03   6.84863E-03   1.05468E-06   8.87196E-01   2.99461E-02 
    4.67194E-02   2.92892E-02   1.00000E+00
   1.47300E+03   6.84863E-03   1.05468E-06   8.87196E-01   2.99461E-02 
    4.67194E-02   2.92892E-02   1.00000E+00

 Phase Region for:
     FCC_A1#1                      
 col-1=T, col-2=X(FCC_A1#1,C), col-3=X(FCC_A1#1,CR), col-4=X(FCC_A1#1,FE),
   col-5=X(FCC_A1#1,MN), col-6=X(FCC_A1#1,NI), col-7=X(FCC_A1#1,SI),
   col-8=NP(FCC_A1#1),
   1.17300E+03   6.84863E-03   1.05468E-06   8.87196E-01   2.99461E-02 
    4.67194E-02   2.92892E-02   1.00000E+00
   1.16300E+03   6.84863E-03   1.05468E-06   8.87196E-01   2.99461E-02 
    4.67194E-02   2.92892E-02   1.00000E+00
   1.15300E+03   6.84863E-03   1.05468E-06   8.87196E-01   2.99461E-02 
    4.67194E-02   2.92892E-02   1.00000E+00
   1.14300E+03   6.84863E-03   1.05468E-06   8.87196E-01   2.99461E-02 
    4.67194E-02   2.92892E-02   1.00000E+00
   1.13300E+03   6.84863E-03   1.05468E-06   8.87196E-01   2.99461E-02 
    4.67194E-02   2.92892E-02   1.00000E+00
   1.12300E+03   6.84863E-03   1.05468E-06   8.87196E-01   2.99461E-02 
    4.67194E-02   2.92892E-02   1.00000E+00
   1.11300E+03   6.84863E-03   1.05468E-06   8.87196E-01   2.99461E-02 
    4.67194E-02   2.92892E-02   1.00000E+00
   1.10300E+03   6.84863E-03   1.05468E-06   8.87196E-01   2.99461E-02 
    4.67194E-02   2.92892E-02   1.00000E+00
   1.09300E+03   6.84863E-03   1.05468E-06   8.87196E-01   2.99461E-02 
    4.67194E-02   2.92892E-02   1.00000E+00
   1.08300E+03   6.84863E-03   1.05468E-06   8.87196E-01   2.99461E-02 
    4.67194E-02   2.92892E-02   1.00000E+00
   1.07300E+03   6.84863E-03   1.05468E-06   8.87196E-01   2.99461E-02 
    4.67194E-02   2.92892E-02   1.00000E+00
   1.06300E+03   6.84863E-03   1.05468E-06   8.87196E-01   2.99461E-02 
    4.67194E-02   2.92892E-02   1.00000E+00
   1.05300E+03   6.84863E-03   1.05468E-06   8.87196E-01   2.99461E-02 
    4.67194E-02   2.92892E-02   1.00000E+00
   1.04300E+03   6.84863E-03   1.05468E-06   8.87196E-01   2.99461E-02 
    4.67194E-02   2.92892E-02   1.00000E+00
   1.03300E+03   6.84863E-03   1.05468E-06   8.87196E-01   2.99461E-02 
    4.67194E-02   2.92892E-02   1.00000E+00
   1.02300E+03   6.84863E-03   1.05468E-06   8.87196E-01   2.99461E-02 
    4.67194E-02   2.92892E-02   1.00000E+00
   1.01300E+03   6.84863E-03   1.05468E-06   8.87196E-01   2.99461E-02 
    4.67194E-02   2.92892E-02   1.00000E+00
   1.00300E+03   6.84863E-03   1.05468E-06   8.87196E-01   2.99461E-02 
    4.67194E-02   2.92892E-02   1.00000E+00
   9.93000E+02   6.84863E-03   1.05468E-06   8.87196E-01   2.99461E-02 
    4.67194E-02   2.92892E-02   1.00000E+00
   9.83000E+02   6.84863E-03   1.05468E-06   8.87196E-01   2.99461E-02 
    4.67194E-02   2.92892E-02   1.00000E+00
   9.82202E+02   6.84863E-03   1.05468E-06   8.87196E-01   2.99461E-02 
    4.67194E-02   2.92892E-02   1.00000E+00

 Phase Region for:
     BCC_A2                        
     FCC_A1#1                      
 col-1=T, col-2=X(BCC_A2,C), col-3=X(BCC_A2,CR), col-4=X(BCC_A2,FE),
   col-5=X(BCC_A2,MN), col-6=X(BCC_A2,NI), col-7=X(BCC_A2,SI),
   col-8=X(FCC_A1#1,C), col-9=X(FCC_A1#1,CR), col-10=X(FCC_A1#1,FE),
   col-11=X(FCC_A1#1,MN), col-12=X(FCC_A1#1,NI), col-13=X(FCC_A1#1,SI),
   col-14=NP(BCC_A2), col-15=NP(FCC_A1#1),
   9.82202E+02   1.33536E-04   7.82679E-07   9.42115E-01   8.29126E-03 
    1.58424E-02   3.36173E-02   6.84864E-03   1.05468E-06   8.87196E-01 
    2.99461E-02   4.67195E-02   2.92892E-02   9.72956E-07   9.99999E-01
   9.73000E+02   1.37306E-04   7.90078E-07   9.42290E-01   8.28092E-03 
    1.61492E-02   3.31414E-02   7.47744E-03   1.07947E-06   8.82034E-01 
    3.19760E-02   4.95837E-02   2.89283E-02   8.56675E-02   9.14333E-01
   9.63000E+02   1.41371E-04   7.98404E-07   9.42367E-01   8.28531E-03 
    1.64794E-02   3.27261E-02   8.22326E-03   1.10721E-06   8.75888E-01 
    3.43854E-02   5.29170E-02   2.85848E-02   1.70087E-01   8.29913E-01
   9.53000E+02   1.45288E-04   8.06750E-07   9.42361E-01   8.29755E-03 
    1.67967E-02   3.23987E-02   9.03400E-03   1.13551E-06   8.69211E-01 
    3.70038E-02   5.64746E-02   2.82755E-02   2.45859E-01   7.54141E-01
   9.43000E+02   1.48957E-04   8.14918E-07   9.42302E-01   8.31104E-03 
    1.70933E-02   3.21434E-02   9.90976E-03   1.16423E-06   8.62017E-01 
    3.98313E-02   6.02558E-02   2.79851E-02   3.13614E-01   6.86386E-01
   9.33000E+02   1.52295E-04   8.22773E-07   9.42216E-01   8.32068E-03 
    1.73635E-02   3.19471E-02   1.08508E-02   1.19329E-06   8.54312E-01 
    4.28708E-02   6.42644E-02   2.77007E-02   3.74086E-01   6.25914E-01
   9.23000E+02   1.55237E-04   8.30225E-07   9.42120E-01   8.32243E-03 
    1.76026E-02   3.17992E-02   1.18575E-02   1.22265E-06   8.46094E-01 
    4.61278E-02   6.85086E-02   2.74109E-02   4.28027E-01   5.71973E-01
   9.13000E+02   1.57729E-04   8.37220E-07   9.42030E-01   8.31310E-03 
    1.78071E-02   3.16911E-02   1.29307E-02   1.25236E-06   8.37351E-01 
    4.96105E-02   7.30008E-02   2.71059E-02   4.76166E-01   5.23834E-01
   9.03000E+02   1.59732E-04   8.43727E-07   9.41959E-01   8.29010E-03 
    1.79743E-02   3.16159E-02   1.40711E-02   1.28247E-06   8.28064E-01 
    5.33296E-02   7.77576E-02   2.67769E-02   5.19178E-01   4.80822E-01
   8.93000E+02   1.61219E-04   8.49732E-07   9.41917E-01   8.25130E-03 
    1.81022E-02   3.15679E-02   1.52801E-02   1.31308E-06   8.18204E-01 
    5.72988E-02   8.27999E-02   2.64163E-02   5.57678E-01   4.42322E-01
   8.92645E+02   1.61262E-04   8.49936E-07   9.41916E-01   8.24961E-03 
    1.81060E-02   3.15666E-02   1.53243E-02   1.31418E-06   8.17843E-01 
    5.74444E-02   8.29843E-02   2.64028E-02   5.58968E-01   4.41032E-01

 Phase Region for:
     BCC_A2                        
     CEMENTITE                     
     FCC_A1#1                      
 col-1=T, col-2=X(BCC_A2,C), col-3=X(BCC_A2,CR), col-4=X(BCC_A2,FE),
   col-5=X(BCC_A2,MN), col-6=X(BCC_A2,NI), col-7=X(BCC_A2,SI),
   col-8=X(CEMENTITE,C), col-9=X(CEMENTITE,CR), col-10=X(CEMENTITE,FE),
   col-11=X(CEMENTITE,MN), col-12=X(CEMENTITE,NI), col-13=X(CEMENTITE,SI),
   col-14=X(FCC_A1#1,C), col-15=X(FCC_A1#1,CR), col-16=X(FCC_A1#1,FE),
   col-17=X(FCC_A1#1,MN), col-18=X(FCC_A1#1,NI), col-19=X(FCC_A1#1,SI),
   col-20=NP(BCC_A2), col-21=NP(CEMENTITE), col-22=NP(FCC_A1#1),
   8.92645E+02   1.61261E-04   8.49935E-07   9.41916E-01   8.24962E-03 
    1.81061E-02   3.15666E-02   2.50000E-01   2.56199E-05   6.61966E-01 
    8.37422E-02   4.26608E-03   0.00000E+00   1.53243E-02   1.31418E-06 
    8.17843E-01   5.74445E-02   8.29844E-02   2.64028E-02   5.58969E-01 
    5.88028E-08   4.41031E-01
   8.83000E+02   1.39157E-04   7.80245E-07   9.41570E-01   8.39610E-03 
    1.84855E-02   3.14087E-02   2.50000E-01   2.47335E-05   6.55373E-01 
    9.02259E-02   4.37672E-03   0.00000E+00   1.42455E-02   1.17622E-06 
    8.04332E-01   6.32037E-02   9.18915E-02   2.63261E-02   6.09313E-01 
    5.08279E-03   3.85605E-01
   8.73000E+02   1.19049E-04   7.22991E-07   9.41297E-01   8.49896E-03 
    1.87814E-02   3.13025E-02   2.50000E-01   2.41768E-05   6.48545E-01 
    9.69603E-02   4.47034E-03   0.00000E+00   1.31611E-02   1.05935E-06 
    7.89226E-01   6.95427E-02   1.01864E-01   2.62049E-02   6.52835E-01 
    9.29685E-03   3.37868E-01
   8.63000E+02   1.01522E-04   6.75894E-07   9.41122E-01   8.55265E-03 
    1.89830E-02   3.12404E-02   2.50000E-01   2.38773E-05   6.41749E-01 
    1.03684E-01   4.54335E-03   0.00000E+00   1.21164E-02   9.60519E-07 
    7.72913E-01   7.62886E-02   1.12659E-01   2.60217E-02   6.89288E-01 
    1.26698E-02   2.98042E-01
   8.53000E+02   8.63066E-05   6.35779E-07   9.41048E-01   8.55818E-03 
    1.90957E-02   3.12115E-02   2.50000E-01   2.37660E-05   6.35010E-01 
    1.10370E-01   4.59683E-03   0.00000E+00   1.11169E-02   8.74516E-07 
    7.55317E-01   8.34701E-02   1.24334E-01   2.57608E-02   7.20015E-01 
    1.53796E-02   2.64605E-01
   8.43000E+02   7.31494E-05   6.00611E-07   9.41076E-01   8.51679E-03 
    1.91260E-02   3.12076E-02   2.50000E-01   2.37988E-05   6.28356E-01 
    1.16988E-01   4.63204E-03   0.00000E+00   1.01688E-02   7.98197E-07 
    7.36399E-01   9.11021E-02   1.36918E-01   2.54112E-02   7.46023E-01 
    1.75600E-02   2.36417E-01
   8.33000E+02   6.18149E-05   5.69031E-07   9.41204E-01   8.43019E-03 
    1.90809E-02   3.12221E-02   2.50000E-01   2.39464E-05   6.21818E-01 
    1.23508E-01   4.65039E-03   0.00000E+00   9.27836E-03   7.29642E-07 
    7.16195E-01   9.91733E-02   1.50385E-01   2.49671E-02   7.68071E-01 
    1.93137E-02   2.12615E-01
   8.23000E+02   5.20862E-05   5.40098E-07   9.41429E-01   8.30047E-03 
    1.89681E-02   3.12498E-02   2.50000E-01   2.41887E-05   6.15425E-01 
    1.29897E-01   4.65348E-03   0.00000E+00   8.45249E-03   6.67721E-07 
    6.94852E-01   1.07631E-01   1.64634E-01   2.44303E-02   7.86729E-01 
    2.07205E-02   1.92550E-01
   8.13000E+02   4.37651E-05   5.13141E-07   9.41743E-01   8.13037E-03 
    1.87962E-02   3.12861E-02   2.50000E-01   2.45112E-05   6.09207E-01 
    1.36126E-01   4.64307E-03   0.00000E+00   7.69728E-03   6.11769E-07 
    6.72653E-01   1.16372E-01   1.79466E-01   2.38112E-02   8.02439E-01 
    2.18439E-02   1.75717E-01
   8.03000E+02   3.66709E-05   4.87662E-07   9.42139E-01   7.92350E-03 
    1.85736E-02   3.13272E-02   2.50000E-01   2.49022E-05   6.03183E-01 
    1.42171E-01   4.62094E-03   0.00000E+00   7.01669E-03   5.61339E-07 
    6.49998E-01   1.25248E-01   1.94609E-01   2.31280E-02   8.15573E-01 
    2.27368E-02   1.61690E-01
   7.93000E+02   3.06402E-05   4.63282E-07   9.42606E-01   7.68436E-03 
    1.83085E-02   3.13703E-02   2.50000E-01   2.53514E-05   5.97363E-01 
    1.48023E-01   4.58880E-03   0.00000E+00   6.41128E-03   5.16020E-07 
    6.27340E-01   1.34091E-01   2.09752E-01   2.24045E-02   8.26472E-01 
    2.34443E-02   1.50083E-01
   7.83000E+02   2.55270E-05   4.39716E-07   9.43134E-01   7.41810E-03 
    1.80083E-02   3.14132E-02   2.50000E-01   2.58492E-05   5.91746E-01 
    1.53680E-01   4.54815E-03   0.00000E+00   5.87786E-03   4.75341E-07 
    6.05099E-01   1.42742E-01   2.24615E-01   2.16648E-02   8.35466E-01 
    2.40052E-02   1.40529E-01
   7.73000E+02   2.12023E-05   4.16755E-07   9.43714E-01   7.13011E-03 
    1.76794E-02   3.14547E-02   2.50000E-01   2.63866E-05   5.86318E-01 
    1.59155E-01   4.50031E-03   0.00000E+00   5.41024E-03   4.38763E-07 
    5.83597E-01   1.51078E-01   2.38984E-01   2.09299E-02   8.42870E-01 
    2.44518E-02   1.32678E-01
   7.63000E+02   1.75531E-05   3.94256E-07   9.44335E-01   6.82562E-03 
    1.73270E-02   3.14942E-02   2.50000E-01   2.69550E-05   5.81063E-01 
    1.64463E-01   4.44636E-03   0.00000E+00   5.00059E-03   4.05726E-07 
    5.63033E-01   1.59019E-01   2.52732E-01   2.02150E-02   8.48973E-01 
    2.48103E-02   1.26217E-01
   7.53000E+02   1.44818E-05   3.72132E-07   9.44989E-01   6.50937E-03 
    1.69556E-02   3.15314E-02   2.50000E-01   2.75468E-05   5.75961E-01 
    1.69624E-01   4.38724E-03   0.00000E+00   4.64071E-03   3.75695E-07 
    5.43498E-01   1.66529E-01   2.65802E-01   1.95298E-02   8.54024E-01 
    2.51013E-02   1.20875E-01
   7.43000E+02   1.19039E-05   3.50339E-07   9.45667E-01   6.18554E-03 
    1.65690E-02   3.15661E-02   2.50000E-01   2.81554E-05   5.70993E-01 
    1.74655E-01   4.32370E-03   0.00000E+00   4.32294E-03   3.48198E-07 
    5.25005E-01   1.73597E-01   2.78195E-01   1.88799E-02   8.58231E-01 
    2.53404E-02   1.16429E-01
   7.33000E+02   9.74649E-06   3.28871E-07   9.46363E-01   5.85764E-03 
    1.61704E-02   3.15986E-02   2.50000E-01   2.87747E-05   5.66143E-01 
    1.79572E-01   4.25639E-03   0.00000E+00   4.04056E-03   3.22840E-07 
    5.07520E-01   1.80233E-01   2.89939E-01   1.82675E-02   8.61762E-01 
    2.55395E-02   1.12699E-01
   7.23000E+02   7.94696E-06   3.07744E-07   9.47072E-01   5.52867E-03 
    1.57623E-02   3.16289E-02   2.50000E-01   2.93992E-05   5.61398E-01 
    1.84387E-01   4.18586E-03   0.00000E+00   3.78787E-03   2.99301E-07 
    4.90980E-01   1.86457E-01   3.01081E-01   1.76930E-02   8.64750E-01 
    2.57073E-02   1.09543E-01
   7.13000E+02   6.45125E-06   2.86997E-07   9.47788E-01   5.20113E-03 
    1.53471E-02   3.16570E-02   2.50000E-01   3.00241E-05   5.56746E-01 
    1.89111E-01   4.11259E-03   0.00000E+00   3.56018E-03   2.77327E-07 
    4.75317E-01   1.92292E-01   3.11675E-01   1.71558E-02   8.67299E-01 
    2.58505E-02   1.06851E-01
   7.03000E+02   5.21282E-06   2.66677E-07   9.48508E-01   4.87712E-03 
    1.49266E-02   3.16831E-02   2.50000E-01   3.06448E-05   5.52182E-01 
    1.93751E-01   4.03695E-03   0.00000E+00   3.35361E-03   2.56720E-07 
    4.60456E-01   1.97764E-01   3.21772E-01   1.66545E-02   8.69492E-01 
    2.59741E-02   1.04534E-01
   6.93000E+02   4.19163E-06   2.46845E-07   9.49227E-01   4.55841E-03 
    1.45024E-02   3.17073E-02   2.50000E-01   3.12573E-05   5.47698E-01 
    1.98311E-01   3.95929E-03   0.00000E+00   3.16501E-03   2.37328E-07 
    4.46327E-01   2.02895E-01   3.31425E-01   1.61878E-02   8.71394E-01 
    2.60820E-02   1.02524E-01
   6.83000E+02   3.35326E-06   2.27562E-07   9.49944E-01   4.24652E-03 
    1.40758E-02   3.17296E-02   2.50000E-01   3.18577E-05   5.43292E-01 
    2.02796E-01   3.87987E-03   0.00000E+00   2.99178E-03   2.19036E-07 
    4.32866E-01   2.07709E-01   3.40679E-01   1.57540E-02   8.73057E-01 
    2.61769E-02   1.00766E-01
   6.73000E+02   2.66817E-06   2.08894E-07   9.50656E-01   3.94273E-03 
    1.36481E-02   3.17500E-02   2.50000E-01   3.24425E-05   5.38961E-01 
    2.07207E-01   3.79892E-03   0.00000E+00   2.83178E-03   2.01755E-07 
    4.20014E-01   2.12226E-01   3.49577E-01   1.53516E-02   8.74521E-01 
    2.62613E-02   9.92176E-02
