
 Phase Region for:
     FCC_A1#1                      
 col-1=T, col-2=X(FCC_A1#1,C), col-3=X(FCC_A1#1,CR), col-4=X(FCC_A1#1,FE),
   col-5=X(FCC_A1#1,MN), col-6=X(FCC_A1#1,NI), col-7=X(FCC_A1#1,SI),
   col-8=NP(FCC_A1#1),
   1.17300E+03   1.34766E-02   3.11308E-02   9.05271E-01   9.82125E-07 
    6.89573E-03   4.32252E-02   1.00000E+00
   1.18300E+03   1.34766E-02   3.11308E-02   9.05271E-01   9.82125E-07 
    6.89573E-03   4.32252E-02   1.00000E+00
   1.19300E+03   1.34766E-02   3.11308E-02   9.05271E-01   9.82125E-07 
    6.89573E-03   4.32252E-02   1.00000E+00
   1.20300E+03   1.34766E-02   3.11308E-02   9.05271E-01   9.82125E-07 
    6.89573E-03   4.32252E-02   1.00000E+00
   1.21300E+03   1.34766E-02   3.11308E-02   9.05271E-01   9.82125E-07 
    6.89573E-03   4.32252E-02   1.00000E+00
   1.22300E+03   1.34766E-02   3.11308E-02   9.05271E-01   9.82125E-07 
    6.89573E-03   4.32252E-02   1.00000E+00
   1.23300E+03   1.34766E-02   3.11308E-02   9.05271E-01   9.82125E-07 
    6.89573E-03   4.32252E-02   1.00000E+00
   1.24300E+03   1.34766E-02   3.11308E-02   9.05271E-01   9.82125E-07 
    6.89573E-03   4.32252E-02   1.00000E+00
   1.25300E+03   1.34766E-02   3.11308E-02   9.05271E-01   9.82125E-07 
    6.89573E-03   4.32252E-02   1.00000E+00
   1.26300E+03   1.34766E-02   3.11308E-02   9.05271E-01   9.82125E-07 
    6.89573E-03   4.32252E-02   1.00000E+00
   1.27300E+03   1.34766E-02   3.11308E-02   9.05271E-01   9.82125E-07 
    6.89573E-03   4.32252E-02   1.00000E+00
   1.28300E+03   1.34766E-02   3.11308E-02   9.05271E-01   9.82125E-07 
    6.89573E-03   4.32252E-02   1.00000E+00
   1.29300E+03   1.34766E-02   3.11308E-02   9.05271E-01   9.82125E-07 
    6.89573E-03   4.32252E-02   1.00000E+00
   1.30300E+03   1.34766E-02   3.11308E-02   9.05271E-01   9.82125E-07 
    6.89573E-03   4.32252E-02   1.00000E+00
   1.31300E+03   1.34766E-02   3.11308E-02   9.05271E-01   9.82125E-07 
    6.89573E-03   4.32252E-02   1.00000E+00
   1.32300E+03   1.34766E-02   3.11308E-02   9.05271E-01   9.82125E-07 
    6.89573E-03   4.32252E-02   1.00000E+00
   1.33300E+03   1.34766E-02   3.11308E-02   9.05271E-01   9.82125E-07 
    6.89573E-03   4.32252E-02   1.00000E+00
   1.34300E+03   1.34766E-02   3.11308E-02   9.05271E-01   9.82125E-07 
    6.89573E-03   4.32252E-02   1.00000E+00
   1.35300E+03   1.34766E-02   3.11308E-02   9.05271E-01   9.82125E-07 
    6.89573E-03   4.32252E-02   1.00000E+00
   1.36300E+03   1.34766E-02   3.11308E-02   9.05271E-01   9.82125E-07 
    6.89573E-03   4.32252E-02   1.00000E+00
   1.37300E+03   1.34766E-02   3.11308E-02   9.05271E-01   9.82125E-07 
    6.89573E-03   4.32252E-02   1.00000E+00
   1.38300E+03   1.34766E-02   3.11308E-02   9.05271E-01   9.82125E-07 
    6.89573E-03   4.32252E-02   1.00000E+00
   1.39300E+03   1.34766E-02   3.11308E-02   9.05271E-01   9.82125E-07 
    6.89573E-03   4.32252E-02   1.00000E+00
   1.40300E+03   1.34766E-02   3.11308E-02   9.05271E-01   9.82125E-07 
    6.89573E-03   4.32252E-02   1.00000E+00
   1.41300E+03   1.34766E-02   3.11308E-02   9.05271E-01   9.82125E-07 
    6.89573E-03   4.32252E-02   1.00000E+00
   1.42300E+03   1.34766E-02   3.11308E-02   9.05271E-01   9.82125E-07 
    6.89573E-03   4.32252E-02   1.00000E+00
   1.43300E+03   1.34766E-02   3.11308E-02   9.05271E-01   9.82125E-07 
    6.89573E-03   4.32252E-02   1.00000E+00
   1.44300E+03   1.34766E-02   3.11308E-02   9.05271E-01   9.82125E-07 
    6.89573E-03   4.32252E-02   1.00000E+00
   1.45300E+03   1.34766E-02   3.11308E-02   9.05271E-01   9.82125E-07 
    6.89573E-03   4.32252E-02   1.00000E+00
   1.46300E+03   1.34766E-02   3.11308E-02   9.05271E-01   9.82125E-07 
    6.89573E-03   4.32252E-02   1.00000E+00
   1.47300E+03   1.34766E-02   3.11308E-02   9.05271E-01   9.82125E-07 
    6.89573E-03   4.32252E-02   1.00000E+00

 Phase Region for:
     FCC_A1#1                      
 col-1=T, col-2=X(FCC_A1#1,C), col-3=X(FCC_A1#1,CR), col-4=X(FCC_A1#1,FE),
   col-5=X(FCC_A1#1,MN), col-6=X(FCC_A1#1,NI), col-7=X(FCC_A1#1,SI),
   col-8=NP(FCC_A1#1),
   1.17300E+03   1.34766E-02   3.11308E-02   9.05271E-01   9.82125E-07 
    6.89573E-03   4.32252E-02   1.00000E+00
   1.16300E+03   1.34766E-02   3.11308E-02   9.05271E-01   9.82125E-07 
    6.89573E-03   4.32252E-02   1.00000E+00
   1.15300E+03   1.34766E-02   3.11308E-02   9.05271E-01   9.82125E-07 
    6.89573E-03   4.32252E-02   1.00000E+00
   1.14300E+03   1.34766E-02   3.11308E-02   9.05271E-01   9.82125E-07 
    6.89573E-03   4.32252E-02   1.00000E+00
   1.13300E+03   1.34766E-02   3.11308E-02   9.05271E-01   9.82125E-07 
    6.89573E-03   4.32252E-02   1.00000E+00
   1.12300E+03   1.34766E-02   3.11308E-02   9.05271E-01   9.82125E-07 
    6.89573E-03   4.32252E-02   1.00000E+00
   1.11330E+03   1.34766E-02   3.11308E-02   9.05271E-01   9.82125E-07 
    6.89573E-03   4.32252E-02   1.00000E+00

 Phase Region for:
     BCC_A2                        
     FCC_A1#1                      
 col-1=T, col-2=X(BCC_A2,C), col-3=X(BCC_A2,CR), col-4=X(BCC_A2,FE),
   col-5=X(BCC_A2,MN), col-6=X(BCC_A2,NI), col-7=X(BCC_A2,SI),
   col-8=X(FCC_A1#1,C), col-9=X(FCC_A1#1,CR), col-10=X(FCC_A1#1,FE),
   col-11=X(FCC_A1#1,MN), col-12=X(FCC_A1#1,NI), col-13=X(FCC_A1#1,SI),
   col-14=NP(BCC_A2), col-15=NP(FCC_A1#1),
   1.11330E+03   6.56600E-04   2.44276E-02   9.18414E-01   4.98746E-07 
    3.93657E-03   5.25649E-02   1.34767E-02   3.11309E-02   9.05271E-01 
    9.82125E-07   6.89573E-03   4.32252E-02   7.91320E-07   9.99999E-01
   1.11300E+03   6.56961E-04   2.44287E-02   9.18426E-01   4.98999E-07 
    3.93962E-03   5.25482E-02   1.35073E-02   3.11469E-02   9.05239E-01 
    9.83281E-07   6.90280E-03   4.32029E-02   2.38749E-03   9.97613E-01
   1.10300E+03   6.69139E-04   2.44640E-02   9.18810E-01   5.07273E-07 
    4.04172E-03   5.20145E-02   1.45733E-02   3.17017E-02   9.04111E-01 
    1.02279E-06   7.14012E-03   4.24726E-02   7.88759E-02   9.21124E-01
   1.09300E+03   6.81656E-04   2.44924E-02   9.19164E-01   5.15283E-07 
    4.14576E-03   5.15162E-02   1.57417E-02   3.23060E-02   9.02811E-01 
    1.06477E-06   7.38254E-03   4.17575E-02   1.50400E-01   8.49600E-01
   1.08300E+03   6.94348E-04   2.45125E-02   9.19489E-01   5.22946E-07 
    4.25126E-03   5.10520E-02   1.70202E-02   3.29656E-02   9.01329E-01 
    1.10942E-06   7.62884E-03   4.10554E-02   2.17053E-01   7.82947E-01
   1.07300E+03   7.07053E-04   2.45231E-02   9.19791E-01   5.30182E-07 
    4.35777E-03   5.06203E-02   1.84178E-02   3.36877E-02   8.99652E-01 
    1.15700E-06   7.87779E-03   4.03637E-02   2.78993E-01   7.21007E-01
   1.07100E+03   7.09580E-04   2.45240E-02   9.19849E-01   5.31570E-07 
    4.37915E-03   5.05378E-02   1.87123E-02   3.38403E-02   8.99292E-01 
    1.16689E-06   7.92775E-03   4.02264E-02   2.90825E-01   7.09175E-01

 Phase Region for:
     BCC_A2                        
     CEMENTITE                     
     FCC_A1#1                      
 col-1=T, col-2=X(BCC_A2,C), col-3=X(BCC_A2,CR), col-4=X(BCC_A2,FE),
   col-5=X(BCC_A2,MN), col-6=X(BCC_A2,NI), col-7=X(BCC_A2,SI),
   col-8=X(CEMENTITE,C), col-9=X(CEMENTITE,CR), col-10=X(CEMENTITE,FE),
   col-11=X(CEMENTITE,MN), col-12=X(CEMENTITE,NI), col-13=X(CEMENTITE,SI),
   col-14=X(FCC_A1#1,C), col-15=X(FCC_A1#1,CR), col-16=X(FCC_A1#1,FE),
   col-17=X(FCC_A1#1,MN), col-18=X(FCC_A1#1,NI), col-19=X(FCC_A1#1,SI),
   col-20=NP(BCC_A2), col-21=NP(CEMENTITE), col-22=NP(FCC_A1#1),
   1.07100E+03   7.09579E-04   2.45239E-02   9.19849E-01   5.31571E-07 
    4.37916E-03   5.05377E-02   2.50000E-01   2.51023E-01   4.98512E-01 
    1.20290E-06   4.63864E-04   0.00000E+00   1.87123E-02   3.38402E-02 
    8.99292E-01   1.16690E-06   7.92777E-03   4.02264E-02   2.90830E-01 
    3.56645E-07   7.09170E-01
   1.06300E+03   6.77254E-04   2.22789E-02   9.23670E-01   6.66484E-07 
    5.45433E-03   4.79191E-02   2.50000E-01   2.41243E-01   5.08170E-01 
    1.60616E-06   5.85216E-04   0.00000E+00   1.87962E-02   3.11835E-02 
    9.02073E-01   1.51920E-06   1.00622E-02   3.78834E-02   6.32552E-01 
    2.65637E-02   3.40885E-01
   1.05326E+03   6.29845E-04   2.01784E-02   9.26390E-01   9.08401E-07 
    7.22763E-03   4.55730E-02   2.50000E-01   2.32778E-01   5.16435E-01 
    2.33946E-06   7.85063E-04   0.00000E+00   1.85621E-02   2.85716E-02 
    9.03327E-01   2.17539E-06   1.36892E-02   3.58478E-02   9.48483E-01 
    5.15170E-02   0.00000E+00

 Phase Region for:
     BCC_A2                        
     CEMENTITE                     
 col-1=T, col-2=X(BCC_A2,C), col-3=X(BCC_A2,CR), col-4=X(BCC_A2,FE),
   col-5=X(BCC_A2,MN), col-6=X(BCC_A2,NI), col-7=X(BCC_A2,SI),
   col-8=X(CEMENTITE,C), col-9=X(CEMENTITE,CR), col-10=X(CEMENTITE,FE),
   col-11=X(CEMENTITE,MN), col-12=X(CEMENTITE,NI), col-13=X(CEMENTITE,SI),
   col-14=NP(BCC_A2), col-15=NP(CEMENTITE),
   1.05326E+03   6.29845E-04   2.01784E-02   9.26390E-01   9.08401E-07 
    7.22763E-03   4.55730E-02   2.50000E-01   2.32778E-01   5.16435E-01 
    2.33946E-06   7.85063E-04   0.00000E+00   9.48483E-01   5.15170E-02  NONE
   1.05300E+03   6.27792E-04   2.01690E-02   9.26401E-01   9.08287E-07 
    7.22770E-03   4.55734E-02   2.50000E-01   2.32917E-01   5.16296E-01 
    2.34134E-06   7.84712E-04   0.00000E+00   9.48475E-01   5.15248E-02  NONE
   1.04300E+03   5.54147E-04   1.98124E-02   9.26815E-01   9.03803E-07 
    7.23032E-03   4.55868E-02   2.50000E-01   2.38295E-01   5.10931E-01 
    2.41568E-06   7.71606E-04   0.00000E+00   9.48195E-01   5.18048E-02  NONE
   1.03300E+03   4.87771E-04   1.94463E-02   9.27233E-01   8.98912E-07 
    7.23274E-03   4.55990E-02   2.50000E-01   2.43904E-01   5.05335E-01 
    2.49741E-06   7.58855E-04   0.00000E+00   9.47943E-01   5.20570E-02  NONE
   1.02300E+03   4.28104E-04   1.90697E-02   9.27656E-01   8.93543E-07 
    7.23497E-03   4.56099E-02   2.50000E-01   2.49756E-01   4.99495E-01 
    2.58780E-06   7.46521E-04   0.00000E+00   9.47716E-01   5.22837E-02  NONE
   1.01300E+03   3.74613E-04   1.86817E-02   9.28086E-01   8.87606E-07 
    7.23702E-03   4.56196E-02   2.50000E-01   2.55868E-01   4.93395E-01 
    2.68842E-06   7.34682E-04   0.00000E+00   9.47513E-01   5.24868E-02  NONE
   1.00300E+03   3.26682E-04   1.82754E-02   9.28530E-01   8.80476E-07 
    7.23885E-03   4.56284E-02   2.50000E-01   2.62358E-01   4.86915E-01 
    2.81045E-06   7.24138E-04   0.00000E+00   9.47331E-01   5.26687E-02  NONE
   9.93000E+02   2.83862E-04   1.78464E-02   9.28992E-01   8.71703E-07 
    7.24046E-03   4.56362E-02   2.50000E-01   2.69297E-01   4.79985E-01 
    2.96179E-06   7.15304E-04   0.00000E+00   9.47169E-01   5.28311E-02  NONE
   9.83000E+02   2.46009E-04   1.74113E-02   9.29457E-01   8.62746E-07 
    7.24196E-03   4.56431E-02   2.50000E-01   2.76395E-01   4.72896E-01 
    3.11626E-06   7.06125E-04   0.00000E+00   9.47025E-01   5.29747E-02  NONE
   9.73000E+02   2.12623E-04   1.69696E-02   9.29924E-01   8.53601E-07 
    7.24337E-03   4.56492E-02   2.50000E-01   2.83653E-01   4.65647E-01 
    3.27397E-06   6.96658E-04   0.00000E+00   9.46899E-01   5.31012E-02  NONE
   9.63000E+02   1.83249E-04   1.65214E-02   9.30395E-01   8.44262E-07 
    7.24468E-03   4.56546E-02   2.50000E-01   2.91071E-01   4.58239E-01 
    3.43506E-06   6.86958E-04   0.00000E+00   9.46787E-01   5.32126E-02  NONE
   9.53000E+02   1.57470E-04   1.60664E-02   9.30870E-01   8.34723E-07 
    7.24592E-03   4.56593E-02   2.50000E-01   2.98647E-01   4.50672E-01 
    3.59970E-06   6.77079E-04   0.00000E+00   9.46690E-01   5.33103E-02  NONE
   9.43000E+02   1.34909E-04   1.56047E-02   9.31349E-01   8.24977E-07 
    7.24707E-03   4.56634E-02   2.50000E-01   3.06379E-01   4.42950E-01 
    3.76805E-06   6.67072E-04   0.00000E+00   9.46604E-01   5.33957E-02  NONE
   9.33000E+02   1.15220E-04   1.51364E-02   9.31832E-01   8.15015E-07 
    7.24816E-03   4.56670E-02   2.50000E-01   3.14263E-01   4.35076E-01 
    3.94030E-06   6.56986E-04   0.00000E+00   9.46530E-01   5.34703E-02  NONE
   9.23000E+02   9.80893E-05   1.46616E-02   9.32320E-01   8.04826E-07 
    7.24919E-03   4.56702E-02   2.50000E-01   3.22295E-01   4.27054E-01 
    4.11665E-06   6.46871E-04   0.00000E+00   9.46465E-01   5.35352E-02  NONE
   9.13000E+02   8.32318E-05   1.41806E-02   9.32812E-01   7.94398E-07 
    7.25015E-03   4.56729E-02   2.50000E-01   3.30466E-01   4.18892E-01 
    4.29732E-06   6.36770E-04   0.00000E+00   9.46409E-01   5.35915E-02  NONE
   9.03000E+02   7.03879E-05   1.36937E-02   9.33309E-01   7.83719E-07 
    7.25106E-03   4.56752E-02   2.50000E-01   3.38770E-01   4.10599E-01 
    4.48255E-06   6.26728E-04   0.00000E+00   9.46360E-01   5.36401E-02  NONE
   8.93000E+02   5.93224E-05   1.32013E-02   9.33809E-01   7.72775E-07 
    7.25192E-03   4.56773E-02   2.50000E-01   3.47196E-01   4.02182E-01 
    4.67260E-06   6.16786E-04   0.00000E+00   9.46318E-01   5.36820E-02  NONE
   8.83000E+02   4.98227E-05   1.27040E-02   9.34314E-01   7.61549E-07 
    7.25272E-03   4.56790E-02   2.50000E-01   3.55733E-01   3.93655E-01 
    4.86773E-06   6.06984E-04   0.00000E+00   9.46282E-01   5.37180E-02  NONE
   8.73000E+02   4.16967E-05   1.22024E-02   9.34821E-01   7.50025E-07 
    7.25349E-03   4.56805E-02   2.50000E-01   3.64368E-01   3.85030E-01 
    5.06826E-06   5.97356E-04   0.00000E+00   9.46251E-01   5.37487E-02  NONE
   8.63000E+02   3.47716E-05   1.16972E-02   9.35331E-01   7.38185E-07 
    7.25421E-03   4.56817E-02   2.50000E-01   3.73085E-01   3.76322E-01 
    5.27449E-06   5.87937E-04   0.00000E+00   9.46225E-01   5.37750E-02  NONE
   8.53000E+02   2.88925E-05   1.11893E-02   9.35843E-01   7.26009E-07 
    7.25489E-03   4.56828E-02   2.50000E-01   3.81868E-01   3.67547E-01 
    5.48678E-06   5.78758E-04   0.00000E+00   9.46203E-01   5.37972E-02  NONE
   8.43000E+02   2.39207E-05   1.06797E-02   9.36356E-01   7.13475E-07 
    7.25553E-03   4.56837E-02   2.50000E-01   3.90700E-01   3.58724E-01 
    5.70549E-06   5.69845E-04   0.00000E+00   9.46184E-01   5.38160E-02  NONE
   8.33000E+02   1.97328E-05   1.01692E-02   9.36870E-01   7.00559E-07 
    7.25613E-03   4.56845E-02   2.50000E-01   3.99560E-01   3.49873E-01 
    5.93102E-06   5.61225E-04   0.00000E+00   9.46168E-01   5.38319E-02  NONE
   8.23000E+02   1.62194E-05   9.65911E-03   9.37382E-01   6.87238E-07 
    7.25670E-03   4.56851E-02   2.50000E-01   4.08427E-01   3.41014E-01 
    6.16380E-06   5.52918E-04   0.00000E+00   9.46155E-01   5.38452E-02  NONE
   8.13000E+02   1.32837E-05   9.15058E-03   9.37893E-01   6.73486E-07 
    7.25723E-03   4.56857E-02   2.50000E-01   4.17279E-01   3.32170E-01 
    6.40427E-06   5.44942E-04   0.00000E+00   9.46144E-01   5.38563E-02  NONE
   8.03000E+02   1.08406E-05   8.64489E-03   9.38400E-01   6.59275E-07 
    7.25773E-03   4.56861E-02   2.50000E-01   4.26091E-01   3.23365E-01 
    6.65291E-06   5.37314E-04   0.00000E+00   9.46134E-01   5.38655E-02  NONE
   7.93000E+02   8.81586E-06   8.14339E-03   9.38902E-01   6.44575E-07 
    7.25820E-03   4.56865E-02   2.50000E-01   4.34839E-01   3.14624E-01 
    6.91021E-06   5.30046E-04   0.00000E+00   9.46127E-01   5.38732E-02  NONE
   7.83000E+02   7.14457E-06   7.64747E-03   9.39399E-01   6.29359E-07 
    7.25863E-03   4.56868E-02   2.50000E-01   4.43497E-01   3.05973E-01 
    7.17667E-06   5.23148E-04   0.00000E+00   9.46120E-01   5.38795E-02  NONE
   7.73000E+02   5.77062E-06   7.15857E-03   9.39889E-01   6.13595E-07 
    7.25904E-03   4.56870E-02   2.50000E-01   4.52039E-01   2.97437E-01 
    7.45282E-06   5.16627E-04   0.00000E+00   9.46115E-01   5.38847E-02  NONE
   7.63000E+02   4.64560E-06   6.67816E-03   9.40370E-01   5.97255E-07 
    7.25942E-03   4.56872E-02   2.50000E-01   4.60439E-01   2.89043E-01 
    7.73916E-06   5.10487E-04   0.00000E+00   9.46111E-01   5.38890E-02  NONE
   7.53000E+02   3.72804E-06   6.20769E-03   9.40841E-01   5.80308E-07 
    7.25977E-03   4.56874E-02   2.50000E-01   4.68669E-01   2.80819E-01 
    8.03621E-06   5.04731E-04   0.00000E+00   9.46108E-01   5.38925E-02  NONE
   7.43000E+02   2.98257E-06   5.74865E-03   9.41300E-01   5.62728E-07 
    7.26010E-03   4.56875E-02   2.50000E-01   4.76703E-01   2.72790E-01 
    8.34442E-06   4.99361E-04   0.00000E+00   9.46105E-01   5.38953E-02  NONE
   7.33000E+02   2.37918E-06   5.30247E-03   9.41747E-01   5.44492E-07 
    7.26040E-03   4.56877E-02   2.50000E-01   4.84515E-01   2.64982E-01 
    8.66421E-06   4.94375E-04   0.00000E+00   9.46102E-01   5.38976E-02  NONE
   7.23000E+02   1.89256E-06   4.87054E-03   9.42179E-01   5.25579E-07 
    7.26068E-03   4.56877E-02   2.50000E-01   4.92080E-01   2.57421E-01 
    8.99591E-06   4.89772E-04   0.00000E+00   9.46101E-01   5.38994E-02  NONE
   7.13000E+02   1.50148E-06   4.45420E-03   9.42595E-01   5.05978E-07 
    7.26093E-03   4.56878E-02   2.50000E-01   4.99375E-01   2.50131E-01 
    9.33973E-06   4.85548E-04   0.00000E+00   9.46099E-01   5.39009E-02  NONE
   7.03000E+02   1.18824E-06   4.05472E-03   9.42995E-01   4.85684E-07 
    7.26116E-03   4.56879E-02   2.50000E-01   5.06375E-01   2.43133E-01 
    9.69574E-06   4.81702E-04   0.00000E+00   9.46098E-01   5.39021E-02  NONE
   6.93000E+02   9.38126E-07   3.67324E-03   9.43376E-01   4.64704E-07 
    7.26136E-03   4.56879E-02   2.50000E-01   5.13062E-01   2.36449E-01 
    1.00638E-05   4.78227E-04   0.00000E+00   9.46097E-01   5.39030E-02  NONE
   6.83000E+02   7.39010E-07   3.31080E-03   9.43739E-01   4.43061E-07 
    7.26154E-03   4.56880E-02   2.50000E-01   5.19417E-01   2.30098E-01 
    1.04436E-05   4.75120E-04   0.00000E+00   9.46096E-01   5.39038E-02  NONE
   6.73000E+02   5.80928E-07   2.96829E-03   9.44081E-01   4.20790E-07 
    7.26170E-03   4.56880E-02   2.50000E-01   5.25422E-01   2.24095E-01 
    1.08343E-05   4.72374E-04   0.00000E+00   9.46096E-01   5.39044E-02  NONE
