
 Phase Region for:
     FCC_A1#1                      
 col-1=T, col-2=X(FCC_A1#1,C), col-3=X(FCC_A1#1,CR), col-4=X(FCC_A1#1,FE),
   col-5=X(FCC_A1#1,MN), col-6=X(FCC_A1#1,NI), col-7=X(FCC_A1#1,SI),
   col-8=NP(FCC_A1#1),
   1.17300E+03   1.36958E-02   1.05457E-06   9.64172E-01   7.48645E-03 
    9.34287E-07   1.46440E-02   1.00000E+00
   1.18300E+03   1.36958E-02   1.05457E-06   9.64172E-01   7.48645E-03 
    9.34287E-07   1.46440E-02   1.00000E+00
   1.19300E+03   1.36958E-02   1.05457E-06   9.64172E-01   7.48645E-03 
    9.34287E-07   1.46440E-02   1.00000E+00
   1.20300E+03   1.36958E-02   1.05457E-06   9.64172E-01   7.48645E-03 
    9.34287E-07   1.46440E-02   1.00000E+00
   1.21300E+03   1.36958E-02   1.05457E-06   9.64172E-01   7.48645E-03 
    9.34287E-07   1.46440E-02   1.00000E+00
   1.22300E+03   1.36958E-02   1.05457E-06   9.64172E-01   7.48645E-03 
    9.34287E-07   1.46440E-02   1.00000E+00
   1.23300E+03   1.36958E-02   1.05457E-06   9.64172E-01   7.48645E-03 
    9.34287E-07   1.46440E-02   1.00000E+00
   1.24300E+03   1.36958E-02   1.05457E-06   9.64172E-01   7.48645E-03 
    9.34287E-07   1.46440E-02   1.00000E+00
   1.25300E+03   1.36958E-02   1.05457E-06   9.64172E-01   7.48645E-03 
    9.34287E-07   1.46440E-02   1.00000E+00
   1.26300E+03   1.36958E-02   1.05457E-06   9.64172E-01   7.48645E-03 
    9.34287E-07   1.46440E-02   1.00000E+00
   1.27300E+03   1.36958E-02   1.05457E-06   9.64172E-01   7.48645E-03 
    9.34287E-07   1.46440E-02   1.00000E+00
   1.28300E+03   1.36958E-02   1.05457E-06   9.64172E-01   7.48645E-03 
    9.34287E-07   1.46440E-02   1.00000E+00
   1.29300E+03   1.36958E-02   1.05457E-06   9.64172E-01   7.48645E-03 
    9.34287E-07   1.46440E-02   1.00000E+00
   1.30300E+03   1.36958E-02   1.05457E-06   9.64172E-01   7.48645E-03 
    9.34287E-07   1.46440E-02   1.00000E+00
   1.31300E+03   1.36958E-02   1.05457E-06   9.64172E-01   7.48645E-03 
    9.34287E-07   1.46440E-02   1.00000E+00
   1.32300E+03   1.36958E-02   1.05457E-06   9.64172E-01   7.48645E-03 
    9.34287E-07   1.46440E-02   1.00000E+00
   1.33300E+03   1.36958E-02   1.05457E-06   9.64172E-01   7.48645E-03 
    9.34287E-07   1.46440E-02   1.00000E+00
   1.34300E+03   1.36958E-02   1.05457E-06   9.64172E-01   7.48645E-03 
    9.34287E-07   1.46440E-02   1.00000E+00
   1.35300E+03   1.36958E-02   1.05457E-06   9.64172E-01   7.48645E-03 
    9.34287E-07   1.46440E-02   1.00000E+00
   1.36300E+03   1.36958E-02   1.05457E-06   9.64172E-01   7.48645E-03 
    9.34287E-07   1.46440E-02   1.00000E+00
   1.37300E+03   1.36958E-02   1.05457E-06   9.64172E-01   7.48645E-03 
    9.34287E-07   1.46440E-02   1.00000E+00
   1.38300E+03   1.36958E-02   1.05457E-06   9.64172E-01   7.48645E-03 
    9.34287E-07   1.46440E-02   1.00000E+00
   1.39300E+03   1.36958E-02   1.05457E-06   9.64172E-01   7.48645E-03 
    9.34287E-07   1.46440E-02   1.00000E+00
   1.40300E+03   1.36958E-02   1.05457E-06   9.64172E-01   7.48645E-03 
    9.34287E-07   1.46440E-02   1.00000E+00
   1.41300E+03   1.36958E-02   1.05457E-06   9.64172E-01   7.48645E-03 
    9.34287E-07   1.46440E-02   1.00000E+00
   1.42300E+03   1.36958E-02   1.05457E-06   9.64172E-01   7.48645E-03 
    9.34287E-07   1.46440E-02   1.00000E+00
   1.43300E+03   1.36958E-02   1.05457E-06   9.64172E-01   7.48645E-03 
    9.34287E-07   1.46440E-02   1.00000E+00
   1.44300E+03   1.36958E-02   1.05457E-06   9.64172E-01   7.48645E-03 
    9.34287E-07   1.46440E-02   1.00000E+00
   1.45300E+03   1.36958E-02   1.05457E-06   9.64172E-01   7.48645E-03 
    9.34287E-07   1.46440E-02   1.00000E+00
   1.46300E+03   1.36958E-02   1.05457E-06   9.64172E-01   7.48645E-03 
    9.34287E-07   1.46440E-02   1.00000E+00
   1.47300E+03   1.36958E-02   1.05457E-06   9.64172E-01   7.48645E-03 
    9.34287E-07   1.46440E-02   1.00000E+00

 Phase Region for:
     FCC_A1#1                      
 col-1=T, col-2=X(FCC_A1#1,C), col-3=X(FCC_A1#1,CR), col-4=X(FCC_A1#1,FE),
   col-5=X(FCC_A1#1,MN), col-6=X(FCC_A1#1,NI), col-7=X(FCC_A1#1,SI),
   col-8=NP(FCC_A1#1),
   1.17300E+03   1.36958E-02   1.05457E-06   9.64172E-01   7.48645E-03 
    9.34287E-07   1.46440E-02   1.00000E+00
   1.16300E+03   1.36958E-02   1.05457E-06   9.64172E-01   7.48645E-03 
    9.34287E-07   1.46440E-02   1.00000E+00
   1.15300E+03   1.36958E-02   1.05457E-06   9.64172E-01   7.48645E-03 
    9.34287E-07   1.46440E-02   1.00000E+00
   1.14300E+03   1.36958E-02   1.05457E-06   9.64172E-01   7.48645E-03 
    9.34287E-07   1.46440E-02   1.00000E+00
   1.13300E+03   1.36958E-02   1.05457E-06   9.64172E-01   7.48645E-03 
    9.34287E-07   1.46440E-02   1.00000E+00
   1.12300E+03   1.36958E-02   1.05457E-06   9.64172E-01   7.48645E-03 
    9.34287E-07   1.46440E-02   1.00000E+00
   1.11300E+03   1.36958E-02   1.05457E-06   9.64172E-01   7.48645E-03 
    9.34287E-07   1.46440E-02   1.00000E+00
   1.10300E+03   1.36958E-02   1.05457E-06   9.64172E-01   7.48645E-03 
    9.34287E-07   1.46440E-02   1.00000E+00
   1.09300E+03   1.36958E-02   1.05457E-06   9.64172E-01   7.48645E-03 
    9.34287E-07   1.46440E-02   1.00000E+00
   1.08980E+03   1.36958E-02   1.05457E-06   9.64172E-01   7.48645E-03 
    9.34287E-07   1.46440E-02   1.00000E+00

 Phase Region for:
     BCC_A2                        
     FCC_A1#1                      
 col-1=T, col-2=X(BCC_A2,C), col-3=X(BCC_A2,CR), col-4=X(BCC_A2,FE),
   col-5=X(BCC_A2,MN), col-6=X(BCC_A2,NI), col-7=X(BCC_A2,SI),
   col-8=X(FCC_A1#1,C), col-9=X(FCC_A1#1,CR), col-10=X(FCC_A1#1,FE),
   col-11=X(FCC_A1#1,MN), col-12=X(FCC_A1#1,NI), col-13=X(FCC_A1#1,SI),
   col-14=NP(BCC_A2), col-15=NP(FCC_A1#1),
   1.08980E+03   5.28271E-04   7.54244E-07   9.76240E-01   3.51339E-03 
    4.91473E-07   1.97170E-02   1.36958E-02   1.05457E-06   9.64172E-01 
    7.48646E-03   9.34287E-07   1.46440E-02   1.05665E-06   9.99999E-01
   1.08300E+03   5.45109E-04   7.57025E-07   9.76472E-01   3.57036E-03 
    5.03954E-07   1.94109E-02   1.46697E-02   1.07660E-06   9.63261E-01 
    7.77649E-03   9.66158E-07   1.42909E-02   6.89545E-02   9.31046E-01
   1.07300E+03   5.70022E-04   7.60258E-07   9.76772E-01   3.64652E-03 
    5.21793E-07   1.90099E-02   1.62045E-02   1.11082E-06   9.61763E-01 
    8.22038E-03   1.01313E-06   1.38095E-02   1.60461E-01   8.39539E-01
   1.06300E+03   5.94984E-04   7.62470E-07   9.77032E-01   3.71288E-03 
    5.38929E-07   1.86591E-02   1.78653E-02   1.14753E-06   9.60079E-01 
    8.68745E-03   1.06012E-06   1.33661E-02   2.41427E-01   7.58573E-01
   1.05300E+03   6.19883E-04   7.63659E-07   9.77260E-01   3.76869E-03 
    5.55284E-07   1.83505E-02   1.96570E-02   1.18719E-06   9.58205E-01 
    9.18138E-03   1.10707E-06   1.29542E-02   3.13139E-01   6.86861E-01
   1.04300E+03   6.44649E-04   7.63820E-07   9.77463E-01   3.81322E-03 
    5.70798E-07   1.80773E-02   2.15855E-02   1.23033E-06   9.56137E-01 
    9.70701E-03   1.15402E-06   1.25684E-02   3.76762E-01   6.23238E-01
   1.03300E+03   6.69251E-04   7.62938E-07   9.77650E-01   3.84572E-03 
    5.85424E-07   1.78337E-02   2.36571E-02   1.27758E-06   9.53865E-01 
    1.02705E-02   1.20106E-06   1.22048E-02   4.33330E-01   5.66670E-01
   1.02300E+03   6.93824E-04   7.60399E-07   9.77854E-01   3.84907E-03 
    5.98347E-07   1.76015E-02   2.58811E-02   1.33026E-06   9.51349E-01 
    1.08954E-02   1.24913E-06   1.18722E-02   4.83789E-01   5.16211E-01
   1.01300E+03   7.19548E-04   7.56543E-07   9.78065E-01   3.83179E-03 
    6.10222E-07   1.73828E-02   2.83034E-02   1.39006E-06   9.48532E-01 
    1.16006E-02   1.29910E-06   1.15608E-02   5.29572E-01   4.70428E-01
   1.00300E+03   7.45960E-04   7.52260E-07   9.78235E-01   3.82043E-03 
    6.22247E-07   1.71973E-02   3.09243E-02   1.45676E-06   9.45462E-01 
    1.23638E-02   1.34943E-06   1.12470E-02   5.70891E-01   4.29109E-01
   9.99279E+02   7.55799E-04   7.50515E-07   9.78290E-01   3.81702E-03 
    6.26695E-07   1.71358E-02   3.19467E-02   1.48341E-06   9.44259E-01 
    1.26619E-02   1.36812E-06   1.11295E-02   5.85136E-01   4.14864E-01

 Phase Region for:
     BCC_A2                        
     CEMENTITE                     
     FCC_A1#1                      
 col-1=T, col-2=X(BCC_A2,C), col-3=X(BCC_A2,CR), col-4=X(BCC_A2,FE),
   col-5=X(BCC_A2,MN), col-6=X(BCC_A2,NI), col-7=X(BCC_A2,SI),
   col-8=X(CEMENTITE,C), col-9=X(CEMENTITE,CR), col-10=X(CEMENTITE,FE),
   col-11=X(CEMENTITE,MN), col-12=X(CEMENTITE,NI), col-13=X(CEMENTITE,SI),
   col-14=X(FCC_A1#1,C), col-15=X(FCC_A1#1,CR), col-16=X(FCC_A1#1,FE),
   col-17=X(FCC_A1#1,MN), col-18=X(FCC_A1#1,NI), col-19=X(FCC_A1#1,SI),
   col-20=NP(BCC_A2), col-21=NP(CEMENTITE), col-22=NP(FCC_A1#1),
   9.99279E+02   7.55798E-04   7.50510E-07   9.78290E-01   3.81704E-03 
    6.26698E-07   1.71357E-02   2.50000E-01   1.50866E-05   7.24627E-01 
    2.53581E-02   1.39063E-07   0.00000E+00   3.19467E-02   1.48340E-06 
    9.44259E-01   1.26620E-02   1.36813E-06   1.11295E-02   5.85142E-01 
    8.89124E-07   4.14857E-01
   9.93000E+02   6.91652E-04   5.50965E-07   9.78364E-01   5.22843E-03 
    8.78271E-07   1.57143E-02   2.50000E-01   1.13393E-05   7.14132E-01 
    3.58562E-02   1.94152E-07   0.00000E+00   3.12204E-02   1.08904E-06 
    9.40580E-01   1.77257E-02   2.00891E-06   1.04709E-02   8.81576E-01 
    4.29144E-02   7.55094E-02
   9.90968E+02   6.70612E-04   5.19675E-07   9.78157E-01   5.71985E-03 
    9.73936E-07   1.54512E-02   2.50000E-01   1.07587E-05   7.10453E-01 
    3.95364E-02   2.14961E-07   0.00000E+00   3.09558E-02   1.02633E-06 
    9.39136E-01   1.95045E-02   2.26355E-06   1.04008E-02   9.47759E-01 
    5.22408E-02   0.00000E+00

 Phase Region for:
     BCC_A2                        
     CEMENTITE                     
 col-1=T, col-2=X(BCC_A2,C), col-3=X(BCC_A2,CR), col-4=X(BCC_A2,FE),
   col-5=X(BCC_A2,MN), col-6=X(BCC_A2,NI), col-7=X(BCC_A2,SI),
   col-8=X(CEMENTITE,C), col-9=X(CEMENTITE,CR), col-10=X(CEMENTITE,FE),
   col-11=X(CEMENTITE,MN), col-12=X(CEMENTITE,NI), col-13=X(CEMENTITE,SI),
   col-14=NP(BCC_A2), col-15=NP(CEMENTITE),
   9.90968E+02   6.70612E-04   5.19675E-07   9.78157E-01   5.71985E-03 
    9.73936E-07   1.54512E-02   2.50000E-01   1.07587E-05   7.10453E-01 
    3.95364E-02   2.14961E-07   0.00000E+00   9.47759E-01   5.22408E-02  NONE
   9.83000E+02   6.13310E-04   5.07528E-07   9.78303E-01   5.62734E-03 
    9.74042E-07   1.54547E-02   2.50000E-01   1.09356E-05   7.08922E-01 
    4.10670E-02   2.16205E-07   0.00000E+00   9.47541E-01   5.24585E-02  NONE
   9.73000E+02   5.47460E-04   4.92270E-07   9.78483E-01   5.50930E-03 
    9.74158E-07   1.54588E-02   2.50000E-01   1.11603E-05   7.06968E-01 
    4.30203E-02   2.17715E-07   0.00000E+00   9.47291E-01   5.27087E-02  NONE
   9.63000E+02   4.87841E-04   4.76997E-07   9.78659E-01   5.38912E-03 
    9.74257E-07   1.54625E-02   2.50000E-01   1.13879E-05   7.04978E-01 
    4.50100E-02   2.19171E-07   0.00000E+00   9.47065E-01   5.29350E-02  NONE
   9.53000E+02   4.33935E-04   4.61710E-07   9.78832E-01   5.26685E-03 
    9.74341E-07   1.54658E-02   2.50000E-01   1.16183E-05   7.02952E-01 
    4.70362E-02   2.20578E-07   0.00000E+00   9.46860E-01   5.31396E-02  NONE
   9.43000E+02   3.85260E-04   4.46412E-07   9.79002E-01   5.14252E-03 
    9.74412E-07   1.54688E-02   2.50000E-01   1.18513E-05   7.00889E-01 
    4.90989E-02   2.21943E-07   0.00000E+00   9.46676E-01   5.33242E-02  NONE
   9.33000E+02   3.41375E-04   4.31107E-07   9.79169E-01   5.01616E-03 
    9.74469E-07   1.54716E-02   2.50000E-01   1.20866E-05   6.98790E-01 
    5.11979E-02   2.23268E-07   0.00000E+00   9.46509E-01   5.34906E-02  NONE
   9.23000E+02   3.01870E-04   4.15803E-07   9.79335E-01   4.88783E-03 
    9.74515E-07   1.54740E-02   2.50000E-01   1.23241E-05   6.96654E-01 
    5.33331E-02   2.24560E-07   0.00000E+00   9.46360E-01   5.36404E-02  NONE
   9.13000E+02   2.66368E-04   4.00508E-07   9.79498E-01   4.75759E-03 
    9.74550E-07   1.54762E-02   2.50000E-01   1.25634E-05   6.94484E-01 
    5.55037E-02   2.25820E-07   0.00000E+00   9.46225E-01   5.37749E-02  NONE
   9.03000E+02   2.34520E-04   3.85234E-07   9.79660E-01   4.62549E-03 
    9.74575E-07   1.54782E-02   2.50000E-01   1.28043E-05   6.92278E-01 
    5.77090E-02   2.27055E-07   0.00000E+00   9.46104E-01   5.38956E-02  NONE
   8.93000E+02   2.06003E-04   3.69995E-07   9.79821E-01   4.49161E-03 
    9.74591E-07   1.54800E-02   2.50000E-01   1.30464E-05   6.90039E-01 
    5.99480E-02   2.28266E-07   0.00000E+00   9.45996E-01   5.40036E-02  NONE
   8.83000E+02   1.80519E-04   3.54804E-07   9.79981E-01   4.35605E-03 
    9.74599E-07   1.54815E-02   2.50000E-01   1.32894E-05   6.87767E-01 
    6.22192E-02   2.29457E-07   0.00000E+00   9.45900E-01   5.41001E-02  NONE
   8.73000E+02   1.57793E-04   3.39679E-07   9.80139E-01   4.21892E-03 
    9.74600E-07   1.54829E-02   2.50000E-01   1.35329E-05   6.85465E-01 
    6.45210E-02   2.30632E-07   0.00000E+00   9.45814E-01   5.41861E-02  NONE
