
 Phase Region for:
     FCC_A1#1                      
 col-1=T, col-2=W(FCC_A1#1,C), col-3=W(FCC_A1#1,CR), col-4=W(FCC_A1#1,FE),
   col-5=W(FCC_A1#1,MN), col-6=W(FCC_A1#1,NI), col-7=W(FCC_A1#1,SI),
   col-8=NP(FCC_A1#1),
   1.17300E+03   3.00000E-03   7.50075E-03   9.66997E-01   7.50075E-03 
    7.50075E-03   7.50075E-03   1.00000E+00
   1.18300E+03   3.00000E-03   7.50075E-03   9.66997E-01   7.50075E-03 
    7.50075E-03   7.50075E-03   1.00000E+00
   1.19300E+03   3.00000E-03   7.50075E-03   9.66997E-01   7.50075E-03 
    7.50075E-03   7.50075E-03   1.00000E+00
   1.20300E+03   3.00000E-03   7.50075E-03   9.66997E-01   7.50075E-03 
    7.50075E-03   7.50075E-03   1.00000E+00
   1.21300E+03   3.00000E-03   7.50075E-03   9.66997E-01   7.50075E-03 
    7.50075E-03   7.50075E-03   1.00000E+00
   1.22300E+03   3.00000E-03   7.50075E-03   9.66997E-01   7.50075E-03 
    7.50075E-03   7.50075E-03   1.00000E+00
   1.23300E+03   3.00000E-03   7.50075E-03   9.66997E-01   7.50075E-03 
    7.50075E-03   7.50075E-03   1.00000E+00
   1.24300E+03   3.00000E-03   7.50075E-03   9.66997E-01   7.50075E-03 
    7.50075E-03   7.50075E-03   1.00000E+00
   1.25300E+03   3.00000E-03   7.50075E-03   9.66997E-01   7.50075E-03 
    7.50075E-03   7.50075E-03   1.00000E+00
   1.26300E+03   3.00000E-03   7.50075E-03   9.66997E-01   7.50075E-03 
    7.50075E-03   7.50075E-03   1.00000E+00
   1.27300E+03   3.00000E-03   7.50075E-03   9.66997E-01   7.50075E-03 
    7.50075E-03   7.50075E-03   1.00000E+00
   1.28300E+03   3.00000E-03   7.50075E-03   9.66997E-01   7.50075E-03 
    7.50075E-03   7.50075E-03   1.00000E+00
   1.29300E+03   3.00000E-03   7.50075E-03   9.66997E-01   7.50075E-03 
    7.50075E-03   7.50075E-03   1.00000E+00
   1.30300E+03   3.00000E-03   7.50075E-03   9.66997E-01   7.50075E-03 
    7.50075E-03   7.50075E-03   1.00000E+00
   1.31300E+03   3.00000E-03   7.50075E-03   9.66997E-01   7.50075E-03 
    7.50075E-03   7.50075E-03   1.00000E+00
   1.32300E+03   3.00000E-03   7.50075E-03   9.66997E-01   7.50075E-03 
    7.50075E-03   7.50075E-03   1.00000E+00
   1.33300E+03   3.00000E-03   7.50075E-03   9.66997E-01   7.50075E-03 
    7.50075E-03   7.50075E-03   1.00000E+00
   1.34300E+03   3.00000E-03   7.50075E-03   9.66997E-01   7.50075E-03 
    7.50075E-03   7.50075E-03   1.00000E+00
   1.35300E+03   3.00000E-03   7.50075E-03   9.66997E-01   7.50075E-03 
    7.50075E-03   7.50075E-03   1.00000E+00
   1.36300E+03   3.00000E-03   7.50075E-03   9.66997E-01   7.50075E-03 
    7.50075E-03   7.50075E-03   1.00000E+00
   1.37300E+03   3.00000E-03   7.50075E-03   9.66997E-01   7.50075E-03 
    7.50075E-03   7.50075E-03   1.00000E+00
   1.38300E+03   3.00000E-03   7.50075E-03   9.66997E-01   7.50075E-03 
    7.50075E-03   7.50075E-03   1.00000E+00
   1.39300E+03   3.00000E-03   7.50075E-03   9.66997E-01   7.50075E-03 
    7.50075E-03   7.50075E-03   1.00000E+00
   1.40300E+03   3.00000E-03   7.50075E-03   9.66997E-01   7.50075E-03 
    7.50075E-03   7.50075E-03   1.00000E+00
   1.41300E+03   3.00000E-03   7.50075E-03   9.66997E-01   7.50075E-03 
    7.50075E-03   7.50075E-03   1.00000E+00
   1.42300E+03   3.00000E-03   7.50075E-03   9.66997E-01   7.50075E-03 
    7.50075E-03   7.50075E-03   1.00000E+00
   1.43300E+03   3.00000E-03   7.50075E-03   9.66997E-01   7.50075E-03 
    7.50075E-03   7.50075E-03   1.00000E+00
   1.44300E+03   3.00000E-03   7.50075E-03   9.66997E-01   7.50075E-03 
    7.50075E-03   7.50075E-03   1.00000E+00
   1.45300E+03   3.00000E-03   7.50075E-03   9.66997E-01   7.50075E-03 
    7.50075E-03   7.50075E-03   1.00000E+00
   1.46300E+03   3.00000E-03   7.50075E-03   9.66997E-01   7.50075E-03 
    7.50075E-03   7.50075E-03   1.00000E+00
   1.47300E+03   3.00000E-03   7.50075E-03   9.66997E-01   7.50075E-03 
    7.50075E-03   7.50075E-03   1.00000E+00

 Phase Region for:
     FCC_A1#1                      
 col-1=T, col-2=W(FCC_A1#1,C), col-3=W(FCC_A1#1,CR), col-4=W(FCC_A1#1,FE),
   col-5=W(FCC_A1#1,MN), col-6=W(FCC_A1#1,NI), col-7=W(FCC_A1#1,SI),
   col-8=NP(FCC_A1#1),
   1.17300E+03   3.00000E-03   7.50075E-03   9.66997E-01   7.50075E-03 
    7.50075E-03   7.50075E-03   1.00000E+00
   1.16300E+03   3.00000E-03   7.50075E-03   9.66997E-01   7.50075E-03 
    7.50075E-03   7.50075E-03   1.00000E+00
   1.15300E+03   3.00000E-03   7.50075E-03   9.66997E-01   7.50075E-03 
    7.50075E-03   7.50075E-03   1.00000E+00
   1.14300E+03   3.00000E-03   7.50075E-03   9.66997E-01   7.50075E-03 
    7.50075E-03   7.50075E-03   1.00000E+00
   1.13300E+03   3.00000E-03   7.50075E-03   9.66997E-01   7.50075E-03 
    7.50075E-03   7.50075E-03   1.00000E+00
   1.12300E+03   3.00000E-03   7.50075E-03   9.66997E-01   7.50075E-03 
    7.50075E-03   7.50075E-03   1.00000E+00
   1.11300E+03   3.00000E-03   7.50075E-03   9.66997E-01   7.50075E-03 
    7.50075E-03   7.50075E-03   1.00000E+00
   1.10300E+03   3.00000E-03   7.50075E-03   9.66997E-01   7.50075E-03 
    7.50075E-03   7.50075E-03   1.00000E+00
   1.09300E+03   3.00000E-03   7.50075E-03   9.66997E-01   7.50075E-03 
    7.50075E-03   7.50075E-03   1.00000E+00
   1.08300E+03   3.00000E-03   7.50075E-03   9.66997E-01   7.50075E-03 
    7.50075E-03   7.50075E-03   1.00000E+00
   1.07300E+03   3.00000E-03   7.50075E-03   9.66997E-01   7.50075E-03 
    7.50075E-03   7.50075E-03   1.00000E+00
   1.06333E+03   3.00000E-03   7.50075E-03   9.66997E-01   7.50075E-03 
    7.50075E-03   7.50075E-03   1.00000E+00

 Phase Region for:
     BCC_A2                        
     FCC_A1#1                      
 col-1=T, col-2=W(BCC_A2,C), col-3=W(BCC_A2,CR), col-4=W(BCC_A2,FE),
   col-5=W(BCC_A2,MN), col-6=W(BCC_A2,NI), col-7=W(BCC_A2,SI),
   col-8=W(FCC_A1#1,C), col-9=W(FCC_A1#1,CR), col-10=W(FCC_A1#1,FE),
   col-11=W(FCC_A1#1,MN), col-12=W(FCC_A1#1,NI), col-13=W(FCC_A1#1,SI),
   col-14=NP(BCC_A2), col-15=NP(FCC_A1#1),
   1.06333E+03   9.94758E-05   5.29876E-03   9.77895E-01   3.17244E-03 
    3.72584E-03   9.80816E-03   3.00000E-03   7.50075E-03   9.66997E-01 
    7.50075E-03   7.50075E-03   7.50075E-03   1.09140E-06   9.99999E-01
   1.06300E+03   9.96306E-05   5.29976E-03   9.77895E-01   3.17490E-03 
    3.73070E-03   9.80041E-03   3.01040E-03   7.50864E-03   9.66958E-01 
    7.51626E-03   7.51427E-03   7.49250E-03   3.54389E-03   9.96456E-01
   1.05300E+03   1.04422E-04   5.32656E-03   9.77866E-01   3.24600E-03 
    3.87819E-03   9.57881E-03   3.34614E-03   7.76066E-03   9.65698E-01 
    8.00937E-03   7.93380E-03   7.25234E-03   1.05879E-01   8.94121E-01
   1.04300E+03   1.09257E-04   5.34592E-03   9.77829E-01   3.30766E-03 
    4.02159E-03   9.38610E-03   3.71428E-03   8.03319E-03   9.64320E-01 
    8.53683E-03   8.36043E-03   7.03489E-03   1.96434E-01   8.03566E-01
   1.03300E+03   1.14104E-04   5.35771E-03   9.77792E-01   3.35874E-03 
    4.16001E-03   9.21756E-03   4.11692E-03   8.33017E-03   9.62819E-01 
    9.10383E-03   8.79371E-03   6.83629E-03   2.76596E-01   7.23404E-01
   1.02300E+03   1.18939E-04   5.36041E-03   9.77770E-01   3.39333E-03 
    4.29084E-03   9.06659E-03   4.55634E-03   8.65696E-03   9.61178E-01 
    9.71957E-03   9.23474E-03   6.65488E-03   3.47621E-01   6.52379E-01
   1.01300E+03   1.23909E-04   5.34853E-03   9.77812E-01   3.39016E-03 
    4.40728E-03   8.91828E-03   5.04093E-03   9.02801E-03   9.59323E-01 
    1.04177E-02   9.69594E-03   6.49484E-03   4.11337E-01   5.88663E-01
   1.00390E+03   1.28570E-04   5.33632E-03   9.77819E-01   3.39406E-03 
    4.51626E-03   8.80542E-03   5.52627E-03   9.40501E-03   9.57476E-01 
    1.11138E-02   1.01265E-02   6.35291E-03   4.63766E-01   5.36234E-01

 Phase Region for:
     BCC_A2                        
     CEMENTITE                     
     FCC_A1#1                      
 col-1=T, col-2=W(BCC_A2,C), col-3=W(BCC_A2,CR), col-4=W(BCC_A2,FE),
   col-5=W(BCC_A2,MN), col-6=W(BCC_A2,NI), col-7=W(BCC_A2,SI),
   col-8=W(CEMENTITE,C), col-9=W(CEMENTITE,CR), col-10=W(CEMENTITE,FE),
   col-11=W(CEMENTITE,MN), col-12=W(CEMENTITE,NI), col-13=W(CEMENTITE,SI),
   col-14=W(FCC_A1#1,C), col-15=W(FCC_A1#1,CR), col-16=W(FCC_A1#1,FE),
   col-17=W(FCC_A1#1,MN), col-18=W(FCC_A1#1,NI), col-19=W(FCC_A1#1,SI),
   col-20=NP(BCC_A2), col-21=NP(CEMENTITE), col-22=NP(FCC_A1#1),
   1.00390E+03   1.28570E-04   5.33630E-03   9.77819E-01   3.39407E-03 
    4.51627E-03   8.80541E-03   6.75215E-02   1.22203E-01   7.87208E-01 
    2.22157E-02   8.51427E-04   0.00000E+00   5.52627E-03   9.40498E-03 
    9.57476E-01   1.11138E-02   1.01265E-02   6.35290E-03   4.63769E-01 
    3.23314E-07   5.36231E-01
   1.00300E+03   1.27796E-04   5.22203E-03   9.77837E-01   3.46187E-03 
    4.60832E-03   8.74284E-03   6.75126E-02   1.20274E-01   7.88479E-01 
    2.28603E-02   8.73807E-04   0.00000E+00   5.52883E-03   9.22121E-03 
    9.57151E-01   1.14065E-02   1.03797E-02   6.31249E-03   4.90442E-01 
    2.87560E-03   5.06682E-01
   9.93000E+02   1.17307E-04   4.28941E-03   9.77330E-01   4.30464E-03 
    5.74487E-03   8.21420E-03   6.74428E-02   1.04553E-01   7.95967E-01 
    3.08938E-02   1.14314E-03   0.00000E+00   5.47173E-03   7.67591E-03 
    9.52018E-01   1.51459E-02   1.36614E-02   6.02676E-03   7.32865E-01 
    2.96321E-02   2.37503E-01
   9.83000E+02   1.04888E-04   3.78314E-03   9.75957E-01   5.22645E-03 
    6.99687E-03   7.93196E-03   6.74130E-02   9.66989E-02   7.94486E-01 
    3.99741E-02   1.42837E-03   0.00000E+00   5.29831E-03   6.78383E-03 
    9.44708E-01   1.95590E-02   1.76761E-02   5.97456E-03   8.86067E-01 
    4.65850E-02   6.73484E-02
   9.76929E+02   9.71982E-05   3.59088E-03   9.74927E-01   5.77921E-03 
    7.76672E-03   7.83881E-03   6.74066E-02   9.42520E-02   7.91044E-01 
    4.56980E-02   1.59947E-03   0.00000E+00   5.16017E-03   6.42460E-03 
    9.39564E-01   2.24377E-02   2.03994E-02   6.01426E-03   9.46925E-01 
    5.30747E-02   0.00000E+00

 Phase Region for:
     BCC_A2                        
     CEMENTITE                     
 col-1=T, col-2=W(BCC_A2,C), col-3=W(BCC_A2,CR), col-4=W(BCC_A2,FE),
   col-5=W(BCC_A2,MN), col-6=W(BCC_A2,NI), col-7=W(BCC_A2,SI),
   col-8=W(CEMENTITE,C), col-9=W(CEMENTITE,CR), col-10=W(CEMENTITE,FE),
   col-11=W(CEMENTITE,MN), col-12=W(CEMENTITE,NI), col-13=W(CEMENTITE,SI),
   col-14=NP(BCC_A2), col-15=NP(CEMENTITE),
   9.76929E+02   9.71982E-05   3.59088E-03   9.74927E-01   5.77921E-03 
    7.76672E-03   7.83881E-03   6.74066E-02   9.42520E-02   7.91044E-01 
    4.56980E-02   1.59947E-03   0.00000E+00   9.46925E-01   5.30747E-02  NONE
   9.73000E+02   9.26181E-05   3.54869E-03   9.75015E-01   5.73760E-03 
    7.76712E-03   7.83932E-03   6.74116E-02   9.50566E-02   7.89370E-01 
    4.65624E-02   1.59954E-03   0.00000E+00   9.46845E-01   5.31548E-02  NONE
   9.63000E+02   8.17979E-05   3.44095E-03   9.75239E-01   5.63018E-03 
    7.76807E-03   7.84051E-03   6.74243E-02   9.71279E-02   7.85052E-01 
    4.87969E-02   1.59929E-03   0.00000E+00   9.46656E-01   5.33440E-02  NONE
   9.53000E+02   7.20950E-05   3.33270E-03   9.75464E-01   5.52055E-03 
    7.76894E-03   7.84157E-03   6.74373E-02   9.92310E-02   7.80652E-01 
    5.10810E-02   1.59845E-03   0.00000E+00   9.46486E-01   5.35137E-02  NONE
   9.43000E+02   6.34086E-05   3.22398E-03   9.75692E-01   5.40868E-03 
    7.76974E-03   7.84251E-03   6.74504E-02   1.01365E-01   7.76172E-01 
    5.34161E-02   1.59708E-03   0.00000E+00   9.46334E-01   5.36655E-02  NONE
   9.33000E+02   5.56463E-05   3.11480E-03   9.75921E-01   5.29456E-03 
    7.77048E-03   7.84334E-03   6.74638E-02   1.03527E-01   7.71611E-01 
    5.58031E-02   1.59524E-03   0.00000E+00   9.46199E-01   5.38012E-02  NONE
   9.23000E+02   4.87230E-05   3.00524E-03   9.76153E-01   5.17816E-03 
    7.77116E-03   7.84408E-03   6.74773E-02   1.05715E-01   7.66971E-01 
    5.82430E-02   1.59297E-03   0.00000E+00   9.46078E-01   5.39221E-02  NONE
   9.13000E+02   4.25604E-05   2.89535E-03   9.76386E-01   5.05946E-03 
    7.77179E-03   7.84472E-03   6.74911E-02   1.07928E-01   7.62254E-01 
    6.07365E-02   1.59034E-03   0.00000E+00   9.45970E-01   5.40298E-02  NONE
   9.03000E+02   3.70864E-05   2.78524E-03   9.76622E-01   4.93845E-03 
    7.77237E-03   7.84528E-03   6.75050E-02   1.10161E-01   7.57462E-01 
    6.32841E-02   1.58738E-03   0.00000E+00   9.45875E-01   5.41254E-02  NONE
   8.93000E+02   3.22348E-05   2.67500E-03   9.76859E-01   4.81512E-03 
    7.77290E-03   7.84577E-03   6.75190E-02   1.12412E-01   7.52598E-01 
    6.58861E-02   1.58416E-03   0.00000E+00   9.45790E-01   5.42101E-02  NONE
   8.83000E+02   2.79450E-05   2.56476E-03   9.77098E-01   4.68949E-03 
    7.77340E-03   7.84619E-03   6.75332E-02   1.14677E-01   7.47666E-01 
    6.85425E-02   1.58071E-03   0.00000E+00   9.45715E-01   5.42850E-02  NONE
   8.73000E+02   2.41609E-05   2.45467E-03   9.77339E-01   4.56158E-03 
    7.77385E-03   7.84656E-03   6.75475E-02   1.16953E-01   7.42670E-01 
    7.12529E-02   1.57708E-03   0.00000E+00   9.45649E-01   5.43511E-02  NONE
   8.63000E+02   2.08314E-05   2.34488E-03   9.77582E-01   4.43141E-03 
    7.77427E-03   7.84687E-03   6.75618E-02   1.19234E-01   7.37614E-01 
    7.40167E-02   1.57332E-03   0.00000E+00   9.45591E-01   5.44092E-02  NONE
   8.53000E+02   1.79096E-05   2.23556E-03   9.77826E-01   4.29904E-03 
    7.77465E-03   7.84713E-03   6.75763E-02   1.21517E-01   7.32505E-01 
    7.68328E-02   1.56948E-03   0.00000E+00   9.45540E-01   5.44602E-02  NONE
   8.43000E+02   1.53524E-05   2.12692E-03   9.78071E-01   4.16455E-03 
    7.77501E-03   7.84735E-03   6.75907E-02   1.23796E-01   7.27348E-01 
    7.96995E-02   1.56559E-03   0.00000E+00   9.45495E-01   5.45048E-02  NONE
   8.33000E+02   1.31207E-05   2.01915E-03   9.78317E-01   4.02802E-03 
    7.77533E-03   7.84753E-03   6.76052E-02   1.26066E-01   7.22152E-01 
    8.26149E-02   1.56171E-03   0.00000E+00   9.45456E-01   5.45438E-02  NONE
   8.23000E+02   1.11787E-05   1.91246E-03   9.78564E-01   3.88956E-03 
    7.77562E-03   7.84768E-03   6.76197E-02   1.28322E-01   7.16924E-01 
    8.55764E-02   1.55786E-03   0.00000E+00   9.45422E-01   5.45777E-02  NONE
   8.13000E+02   9.49390E-06   1.80708E-03   9.78810E-01   3.74932E-03 
    7.77589E-03   7.84780E-03   6.76341E-02   1.30559E-01   7.11672E-01 
    8.85808E-02   1.55410E-03   0.00000E+00   9.45393E-01   5.46071E-02  NONE
   8.03000E+02   8.03669E-06   1.70324E-03   9.79057E-01   3.60746E-03 
    7.77613E-03   7.84789E-03   6.76485E-02   1.32770E-01   7.06407E-01 
    9.16245E-02   1.55045E-03   0.00000E+00   9.45367E-01   5.46325E-02  NONE
   7.93000E+02   6.78038E-06   1.60118E-03   9.79304E-01   3.46417E-03 
    7.77635E-03   7.84796E-03   6.76627E-02   1.34949E-01   7.01138E-01 
    9.47031E-02   1.54695E-03   0.00000E+00   9.45346E-01   5.46544E-02  NONE
   7.83000E+02   5.70080E-06   1.50114E-03   9.79549E-01   3.31969E-03 
    7.77654E-03   7.84801E-03   6.76767E-02   1.37092E-01   6.95876E-01 
    9.78115E-02   1.54363E-03   0.00000E+00   9.45327E-01   5.46733E-02  NONE
   7.73000E+02   4.77621E-06   1.40336E-03   9.79793E-01   3.17425E-03 
    7.77671E-03   7.84804E-03   6.76906E-02   1.39192E-01   6.90633E-01 
    1.00944E-01   1.54051E-03   0.00000E+00   9.45311E-01   5.46894E-02  NONE
   7.63000E+02   3.98708E-06   1.30807E-03   9.80035E-01   3.02816E-03 
    7.77686E-03   7.84806E-03   6.77043E-02   1.41243E-01   6.85421E-01 
    1.04094E-01   1.53762E-03   0.00000E+00   9.45297E-01   5.47032E-02  NONE
   7.53000E+02   3.31596E-06   1.21550E-03   9.80274E-01   2.88171E-03 
    7.77699E-03   7.84806E-03   6.77177E-02   1.43240E-01   6.80252E-01 
    1.07255E-01   1.53498E-03   0.00000E+00   9.45285E-01   5.47149E-02  NONE
   7.43000E+02   2.74726E-06   1.12588E-03   9.80511E-01   2.73527E-03 
    7.77710E-03   7.84806E-03   6.77308E-02   1.45177E-01   6.75140E-01 
    1.10419E-01   1.53260E-03   0.00000E+00   9.45275E-01   5.47248E-02  NONE
   7.33000E+02   2.26713E-06   1.03940E-03   9.80744E-01   2.58921E-03 
    7.77718E-03   7.84805E-03   6.77436E-02   1.47050E-01   6.70098E-01 
    1.13578E-01   1.53049E-03   0.00000E+00   9.45267E-01   5.47332E-02  NONE
   7.23000E+02   1.86333E-06   9.56265E-04   9.80973E-01   2.44392E-03 
    7.77725E-03   7.84803E-03   6.77560E-02   1.48853E-01   6.65140E-01 
    1.16722E-01   1.52865E-03   0.00000E+00   9.45260E-01   5.47402E-02  NONE
   7.13000E+02   1.52505E-06   8.76635E-04   9.81197E-01   2.29985E-03 
    7.77730E-03   7.84800E-03   6.77680E-02   1.50584E-01   6.60279E-01 
    1.19842E-01   1.52708E-03   0.00000E+00   9.45254E-01   5.47461E-02  NONE
   7.03000E+02   1.24278E-06   8.00661E-04   9.81415E-01   2.15742E-03 
    7.77734E-03   7.84797E-03   6.77796E-02   1.52237E-01   6.55529E-01 
    1.22928E-01   1.52577E-03   0.00000E+00   9.45249E-01   5.47511E-02  NONE
   6.93000E+02   1.00823E-06   7.28469E-04   9.81628E-01   2.01711E-03 
    7.77736E-03   7.84794E-03   6.77908E-02   1.53810E-01   6.50904E-01 
    1.25970E-01   1.52471E-03   0.00000E+00   9.45245E-01   5.47551E-02  NONE
   6.83000E+02   8.14138E-07   6.60157E-04   9.81834E-01   1.87939E-03 
    7.77738E-03   7.84790E-03   6.78015E-02   1.55301E-01   6.46416E-01 
    1.28958E-01   1.52387E-03   0.00000E+00   9.45241E-01   5.47585E-02  NONE
   6.73000E+02   6.54235E-07   5.95795E-04   9.82034E-01   1.74472E-03 
    7.77738E-03   7.84787E-03   6.78117E-02   1.56707E-01   6.42077E-01 
    1.31880E-01   1.52323E-03   0.00000E+00   9.45239E-01   5.47613E-02  NONE
