
 Phase Region for:
     FCC_A1#1                      
 col-1=T, col-2=W(FCC_A1#1,C), col-3=W(FCC_A1#1,CR), col-4=W(FCC_A1#1,FE),
   col-5=W(FCC_A1#1,MN), col-6=W(FCC_A1#1,NI), col-7=W(FCC_A1#1,SI),
   col-8=NP(FCC_A1#1),
   1.17300E+03   3.00000E-03   3.00000E-02   9.51997E-01   7.50075E-03 
    1.00000E-06   7.50075E-03   1.00000E+00
   1.18300E+03   3.00000E-03   3.00000E-02   9.51997E-01   7.50075E-03 
    1.00000E-06   7.50075E-03   1.00000E+00
   1.19300E+03   3.00000E-03   3.00000E-02   9.51998E-01   7.50075E-03 
    1.00000E-06   7.50075E-03   1.00000E+00
   1.20300E+03   3.00000E-03   3.00000E-02   9.51997E-01   7.50075E-03 
    1.00000E-06   7.50075E-03   1.00000E+00
   1.21300E+03   3.00000E-03   3.00000E-02   9.51997E-01   7.50075E-03 
    1.00000E-06   7.50075E-03   1.00000E+00
   1.22300E+03   3.00000E-03   3.00000E-02   9.51997E-01   7.50075E-03 
    1.00000E-06   7.50075E-03   1.00000E+00
   1.23300E+03   3.00000E-03   3.00000E-02   9.51997E-01   7.50075E-03 
    1.00000E-06   7.50075E-03   1.00000E+00
   1.24300E+03   3.00000E-03   3.00000E-02   9.51997E-01   7.50075E-03 
    1.00000E-06   7.50075E-03   1.00000E+00
   1.25300E+03   3.00000E-03   3.00000E-02   9.51997E-01   7.50075E-03 
    1.00000E-06   7.50075E-03   1.00000E+00
   1.26300E+03   3.00000E-03   3.00000E-02   9.51997E-01   7.50075E-03 
    1.00000E-06   7.50075E-03   1.00000E+00
   1.27300E+03   3.00000E-03   3.00000E-02   9.51997E-01   7.50075E-03 
    1.00000E-06   7.50075E-03   1.00000E+00
   1.28300E+03   3.00000E-03   3.00000E-02   9.51997E-01   7.50075E-03 
    1.00000E-06   7.50075E-03   1.00000E+00
   1.29300E+03   3.00000E-03   3.00000E-02   9.51997E-01   7.50075E-03 
    1.00000E-06   7.50075E-03   1.00000E+00
   1.30300E+03   3.00000E-03   3.00000E-02   9.51997E-01   7.50075E-03 
    1.00000E-06   7.50075E-03   1.00000E+00
   1.31300E+03   3.00000E-03   3.00000E-02   9.51997E-01   7.50075E-03 
    1.00000E-06   7.50075E-03   1.00000E+00
   1.32300E+03   3.00000E-03   3.00000E-02   9.51997E-01   7.50075E-03 
    1.00000E-06   7.50075E-03   1.00000E+00
   1.33300E+03   3.00000E-03   3.00000E-02   9.51997E-01   7.50075E-03 
    1.00000E-06   7.50075E-03   1.00000E+00
   1.34300E+03   3.00000E-03   3.00000E-02   9.51997E-01   7.50075E-03 
    1.00000E-06   7.50075E-03   1.00000E+00
   1.35300E+03   3.00000E-03   3.00000E-02   9.51997E-01   7.50075E-03 
    1.00000E-06   7.50075E-03   1.00000E+00
   1.36300E+03   3.00000E-03   3.00000E-02   9.51997E-01   7.50075E-03 
    1.00000E-06   7.50075E-03   1.00000E+00
   1.37300E+03   3.00000E-03   3.00000E-02   9.51997E-01   7.50075E-03 
    1.00000E-06   7.50075E-03   1.00000E+00
   1.38300E+03   3.00000E-03   3.00000E-02   9.51997E-01   7.50075E-03 
    1.00000E-06   7.50075E-03   1.00000E+00
   1.39300E+03   3.00000E-03   3.00000E-02   9.51997E-01   7.50075E-03 
    1.00000E-06   7.50075E-03   1.00000E+00
   1.40300E+03   3.00000E-03   3.00000E-02   9.51997E-01   7.50075E-03 
    1.00000E-06   7.50075E-03   1.00000E+00
   1.41300E+03   3.00000E-03   3.00000E-02   9.51997E-01   7.50075E-03 
    1.00000E-06   7.50075E-03   1.00000E+00
   1.42300E+03   3.00000E-03   3.00000E-02   9.51997E-01   7.50075E-03 
    1.00000E-06   7.50075E-03   1.00000E+00
   1.43300E+03   3.00000E-03   3.00000E-02   9.51997E-01   7.50075E-03 
    1.00000E-06   7.50075E-03   1.00000E+00
   1.44300E+03   3.00000E-03   3.00000E-02   9.51997E-01   7.50075E-03 
    1.00000E-06   7.50075E-03   1.00000E+00
   1.45300E+03   3.00000E-03   3.00000E-02   9.51997E-01   7.50075E-03 
    1.00000E-06   7.50075E-03   1.00000E+00
   1.46300E+03   3.00000E-03   3.00000E-02   9.51997E-01   7.50075E-03 
    1.00000E-06   7.50075E-03   1.00000E+00
   1.47300E+03   3.00000E-03   3.00000E-02   9.51997E-01   7.50075E-03 
    1.00000E-06   7.50075E-03   1.00000E+00

 Phase Region for:
     FCC_A1#1                      
 col-1=T, col-2=W(FCC_A1#1,C), col-3=W(FCC_A1#1,CR), col-4=W(FCC_A1#1,FE),
   col-5=W(FCC_A1#1,MN), col-6=W(FCC_A1#1,NI), col-7=W(FCC_A1#1,SI),
   col-8=NP(FCC_A1#1),
   1.17300E+03   3.00000E-03   3.00000E-02   9.51997E-01   7.50075E-03 
    1.00000E-06   7.50075E-03   1.00000E+00
   1.16300E+03   3.00000E-03   3.00000E-02   9.51997E-01   7.50075E-03 
    1.00000E-06   7.50075E-03   1.00000E+00
   1.15300E+03   3.00000E-03   3.00000E-02   9.51997E-01   7.50075E-03 
    1.00000E-06   7.50075E-03   1.00000E+00
   1.14300E+03   3.00000E-03   3.00000E-02   9.51997E-01   7.50075E-03 
    1.00000E-06   7.50075E-03   1.00000E+00
   1.13300E+03   3.00000E-03   3.00000E-02   9.51997E-01   7.50075E-03 
    1.00000E-06   7.50075E-03   1.00000E+00
   1.12300E+03   3.00000E-03   3.00000E-02   9.51997E-01   7.50075E-03 
    1.00000E-06   7.50075E-03   1.00000E+00
   1.11300E+03   3.00000E-03   3.00000E-02   9.51997E-01   7.50075E-03 
    1.00000E-06   7.50075E-03   1.00000E+00
   1.10300E+03   3.00000E-03   3.00000E-02   9.51997E-01   7.50075E-03 
    1.00000E-06   7.50075E-03   1.00000E+00
   1.09300E+03   3.00000E-03   3.00000E-02   9.51997E-01   7.50075E-03 
    1.00000E-06   7.50075E-03   1.00000E+00
   1.08300E+03   3.00000E-03   3.00000E-02   9.51997E-01   7.50075E-03 
    1.00000E-06   7.50075E-03   1.00000E+00
   1.07300E+03   3.00000E-03   3.00000E-02   9.51997E-01   7.50075E-03 
    1.00000E-06   7.50075E-03   1.00000E+00
   1.06300E+03   3.00000E-03   3.00000E-02   9.51997E-01   7.50075E-03 
    1.00000E-06   7.50075E-03   1.00000E+00
   1.06243E+03   3.00000E-03   3.00000E-02   9.51997E-01   7.50075E-03 
    1.00000E-06   7.50075E-03   1.00000E+00

 Phase Region for:
     BCC_A2                        
     FCC_A1#1                      
 col-1=T, col-2=W(BCC_A2,C), col-3=W(BCC_A2,CR), col-4=W(BCC_A2,FE),
   col-5=W(BCC_A2,MN), col-6=W(BCC_A2,NI), col-7=W(BCC_A2,SI),
   col-8=W(FCC_A1#1,C), col-9=W(FCC_A1#1,CR), col-10=W(FCC_A1#1,FE),
   col-11=W(FCC_A1#1,MN), col-12=W(FCC_A1#1,NI), col-13=W(FCC_A1#1,SI),
   col-14=NP(BCC_A2), col-15=NP(FCC_A1#1),
   1.06243E+03   1.02921E-04   2.22716E-02   9.64831E-01   3.37851E-03 
    5.14829E-07   9.41578E-03   3.00000E-03   3.00000E-02   9.51997E-01 
    7.50076E-03   1.00000E-06   7.50075E-03   1.21751E-06   9.99999E-01
   1.05300E+03   1.08353E-04   2.23646E-02   9.64828E-01   3.47352E-03 
    5.37820E-07   9.22485E-03   3.35200E-03   3.09295E-02   9.50436E-01 
    7.99099E-03   1.05626E-06   7.29087E-03   1.07513E-01   8.92487E-01
   1.04300E+03   1.13997E-04   2.24325E-02   9.64838E-01   3.56332E-03 
    5.61489E-07   9.05165E-03   3.76224E-03   3.19987E-02   9.48606E-01 
    8.54069E-03   1.11582E-06   7.09113E-03   2.06963E-01   7.93037E-01
   1.04280E+03   1.14107E-04   2.24336E-02   9.64838E-01   3.56499E-03 
    5.61952E-07   9.04847E-03   3.77080E-03   3.20209E-02   9.48568E-01 
    8.55197E-03   1.11700E-06   7.08736E-03   2.08804E-01   7.91196E-01

 Phase Region for:
     BCC_A2                        
     CEMENTITE                     
     FCC_A1#1                      
 col-1=T, col-2=W(BCC_A2,C), col-3=W(BCC_A2,CR), col-4=W(BCC_A2,FE),
   col-5=W(BCC_A2,MN), col-6=W(BCC_A2,NI), col-7=W(BCC_A2,SI),
   col-8=W(CEMENTITE,C), col-9=W(CEMENTITE,CR), col-10=W(CEMENTITE,FE),
   col-11=W(CEMENTITE,MN), col-12=W(CEMENTITE,NI), col-13=W(CEMENTITE,SI),
   col-14=W(FCC_A1#1,C), col-15=W(FCC_A1#1,CR), col-16=W(FCC_A1#1,FE),
   col-17=W(FCC_A1#1,MN), col-18=W(FCC_A1#1,NI), col-19=W(FCC_A1#1,SI),
   col-20=NP(BCC_A2), col-21=NP(CEMENTITE), col-22=NP(FCC_A1#1),
   1.04280E+03   1.14107E-04   2.24335E-02   9.64838E-01   3.56500E-03 
    5.61954E-07   9.04846E-03   6.86258E-02   3.46716E-01   5.72207E-01 
    1.24518E-02   6.19407E-08   0.00000E+00   3.77081E-03   3.20209E-02 
    9.48568E-01   8.55200E-03   1.11700E-06   7.08735E-03   2.08810E-01 
    4.07296E-07   7.91190E-01
   1.03300E+03   1.07775E-04   1.93550E-02   9.67307E-01   5.01010E-03 
    7.83223E-07   8.21909E-03   6.85136E-02   3.22528E-01   5.89629E-01 
    1.93301E-02   8.99214E-08   0.00000E+00   3.88193E-03   2.83508E-02 
    9.48813E-01   1.25065E-02   1.62041E-06   6.44642E-03   6.84884E-01 
    3.34209E-02   2.81695E-01
   1.02423E+03   9.95242E-05   1.76375E-02   9.67804E-01   6.62501E-03 
    1.03892E-06   7.83313E-03   6.84553E-02   3.08986E-01   5.95295E-01 
    2.72637E-02   1.21791E-07   0.00000E+00   3.87422E-03   2.61830E-02 
    9.46689E-01   1.70306E-02   2.24186E-06   6.22086E-03   9.47073E-01 
    5.29273E-02   0.00000E+00

 Phase Region for:
     BCC_A2                        
     CEMENTITE                     
 col-1=T, col-2=W(BCC_A2,C), col-3=W(BCC_A2,CR), col-4=W(BCC_A2,FE),
   col-5=W(BCC_A2,MN), col-6=W(BCC_A2,NI), col-7=W(BCC_A2,SI),
   col-8=W(CEMENTITE,C), col-9=W(CEMENTITE,CR), col-10=W(CEMENTITE,FE),
   col-11=W(CEMENTITE,MN), col-12=W(CEMENTITE,NI), col-13=W(CEMENTITE,SI),
   col-14=NP(BCC_A2), col-15=NP(CEMENTITE),
   1.02423E+03   9.95242E-05   1.76375E-02   9.67804E-01   6.62501E-03 
    1.03892E-06   7.83313E-03   6.84553E-02   3.08986E-01   5.95295E-01 
    2.72637E-02   1.21791E-07   0.00000E+00   9.47073E-01   5.29273E-02  NONE
   1.02300E+03   9.78912E-05   1.75927E-02   9.67856E-01   6.61887E-03 
    1.03894E-06   7.83329E-03   6.84598E-02   3.09857E-01   5.94290E-01 
    2.73924E-02   1.21594E-07   0.00000E+00   9.47044E-01   5.29558E-02  NONE
   1.01300E+03   8.52166E-05   1.72147E-02   9.68306E-01   6.55828E-03 
    1.03915E-06   7.83455E-03   6.84980E-02   3.17298E-01   5.85524E-01 
    2.86789E-02   1.20293E-07   0.00000E+00   9.46823E-01   5.31772E-02  NONE
   1.00300E+03   7.38896E-05   1.68263E-02   9.68773E-01   6.49037E-03 
    1.03933E-06   7.83564E-03   6.85381E-02   3.25061E-01   5.76270E-01 
    3.01309E-02   1.19143E-07   0.00000E+00   9.46625E-01   5.33750E-02  NONE
   9.93000E+02   6.38933E-05   1.64340E-02   9.69243E-01   6.42147E-03 
    1.03949E-06   7.83657E-03   6.85791E-02   3.33003E-01   5.66811E-01 
    3.16068E-02   1.17947E-07   0.00000E+00   9.46450E-01   5.35495E-02  NONE
   9.83000E+02   5.50913E-05   1.60375E-02   9.69717E-01   6.35158E-03 
    1.03964E-06   7.83737E-03   6.86210E-02   3.41125E-01   5.57147E-01 
    3.31075E-02   1.16712E-07   0.00000E+00   9.46297E-01   5.37031E-02  NONE
   9.73000E+02   4.73598E-05   1.56366E-02   9.70196E-01   6.28067E-03 
    1.03977E-06   7.83803E-03   6.86638E-02   3.49427E-01   5.47275E-01 
    3.46340E-02   1.15446E-07   0.00000E+00   9.46162E-01   5.38380E-02  NONE
   9.63000E+02   4.05863E-05   1.52312E-02   9.70680E-01   6.20872E-03 
    1.03990E-06   7.83858E-03   6.87076E-02   3.57909E-01   5.37196E-01 
    3.61875E-02   1.14156E-07   0.00000E+00   9.46044E-01   5.39562E-02  NONE
   9.53000E+02   3.46686E-05   1.48212E-02   9.71168E-01   6.13569E-03 
    1.04001E-06   7.83902E-03   6.87522E-02   3.66569E-01   5.26910E-01 
    3.77690E-02   1.12848E-07   0.00000E+00   9.45941E-01   5.40594E-02  NONE
   9.43000E+02   2.95138E-05   1.44066E-02   9.71662E-01   6.06154E-03 
    1.04011E-06   7.83938E-03   6.87978E-02   3.75402E-01   5.16420E-01 
    3.93799E-02   1.11530E-07   0.00000E+00   9.45851E-01   5.41493E-02  NONE
   9.33000E+02   2.50376E-05   1.39874E-02   9.72161E-01   5.98623E-03 
    1.04020E-06   7.83965E-03   6.88442E-02   3.84404E-01   5.05730E-01 
    4.10213E-02   1.10207E-07   0.00000E+00   9.45773E-01   5.42273E-02  NONE
   9.23000E+02   2.11632E-05   1.35637E-02   9.72665E-01   5.90970E-03 
    1.04029E-06   7.83985E-03   6.88914E-02   3.93569E-01   4.94845E-01 
    4.26946E-02   1.08887E-07   0.00000E+00   9.45705E-01   5.42949E-02  NONE
   9.13000E+02   1.78212E-05   1.31358E-02   9.73173E-01   5.83189E-03 
    1.04036E-06   7.83998E-03   6.89395E-02   4.02887E-01   4.83772E-01 
    4.44012E-02   1.07574E-07   0.00000E+00   9.45647E-01   5.43532E-02  NONE
   9.03000E+02   1.49489E-05   1.27040E-02   9.73687E-01   5.75275E-03 
    1.04043E-06   7.84005E-03   6.89883E-02   4.12350E-01   4.72519E-01 
    4.61426E-02   1.06273E-07   0.00000E+00   9.45597E-01   5.44032E-02  NONE
   8.93000E+02   1.24895E-05   1.22686E-02   9.74206E-01   5.67220E-03 
    1.04049E-06   7.84008E-03   6.90378E-02   4.21947E-01   4.61095E-01 
    4.79201E-02   1.04991E-07   0.00000E+00   9.45554E-01   5.44461E-02  NONE
   8.83000E+02   1.03917E-05   1.18300E-02   9.74728E-01   5.59019E-03 
    1.04054E-06   7.84006E-03   6.90880E-02   4.31664E-01   4.49513E-01 
    4.97354E-02   1.03731E-07   0.00000E+00   9.45517E-01   5.44827E-02  NONE
   8.73000E+02   8.60975E-06   1.13889E-02   9.75255E-01   5.50664E-03 
    1.04059E-06   7.84000E-03   6.91387E-02   4.41486E-01   4.37786E-01 
    5.15900E-02   1.02497E-07   0.00000E+00   9.45486E-01   5.45137E-02  NONE
   8.63000E+02   7.10233E-06   1.09458E-02   9.75785E-01   5.42146E-03 
    1.04064E-06   7.83991E-03   6.91899E-02   4.51397E-01   4.25928E-01 
    5.34855E-02   1.01294E-07   0.00000E+00   9.45460E-01   5.45400E-02  NONE
   8.53000E+02   5.83268E-06   1.05013E-02   9.76317E-01   5.33460E-03 
    1.04068E-06   7.83979E-03   6.92415E-02   4.61379E-01   4.13956E-01 
    5.54237E-02   1.00123E-07   0.00000E+00   9.45438E-01   5.45621E-02  NONE
   8.43000E+02   4.76806E-06   1.00563E-02   9.76852E-01   5.24595E-03 
    1.04071E-06   7.83964E-03   6.92934E-02   4.71413E-01   4.01888E-01 
    5.74062E-02   9.89885E-08   0.00000E+00   9.45419E-01   5.45807E-02  NONE
   8.33000E+02   3.87947E-06   9.61159E-03   9.77389E-01   5.15544E-03 
    1.04074E-06   7.83948E-03   6.93455E-02   4.81477E-01   3.89743E-01 
    5.94349E-02   9.78917E-08   0.00000E+00   9.45404E-01   5.45962E-02  NONE
   8.23000E+02   3.14131E-06   9.16799E-03   9.77926E-01   5.06298E-03 
    1.04076E-06   7.83930E-03   6.93977E-02   4.91549E-01   3.77542E-01 
    6.15115E-02   9.68344E-08   0.00000E+00   9.45391E-01   5.46091E-02  NONE
   8.13000E+02   2.53107E-06   8.72645E-03   9.78462E-01   4.96848E-03 
    1.04079E-06   7.83910E-03   6.94499E-02   5.01606E-01   3.65306E-01 
    6.36379E-02   9.58174E-08   0.00000E+00   9.45380E-01   5.46197E-02  NONE
   8.03000E+02   2.02911E-06   8.28795E-03   9.78998E-01   4.87184E-03 
    1.04081E-06   7.83889E-03   6.95019E-02   5.11623E-01   3.53059E-01 
    6.58159E-02   9.48412E-08   0.00000E+00   9.45372E-01   5.46284E-02  NONE
   7.93000E+02   1.61831E-06   7.85349E-03   9.79532E-01   4.77299E-03 
    1.04082E-06   7.83867E-03   6.95537E-02   5.21576E-01   3.40823E-01 
    6.80476E-02   9.39056E-08   0.00000E+00   9.45364E-01   5.46356E-02  NONE
   7.83000E+02   1.28387E-06   7.42411E-03   9.80063E-01   4.67182E-03 
    1.04083E-06   7.83845E-03   6.96051E-02   5.31438E-01   3.28623E-01 
    7.03346E-02   9.30099E-08   0.00000E+00   9.45359E-01   5.46414E-02  NONE
   7.73000E+02   1.01305E-06   7.00085E-03   9.80591E-01   4.56826E-03 
    1.04085E-06   7.83822E-03   6.96560E-02   5.41183E-01   3.16482E-01 
    7.26788E-02   9.21529E-08   0.00000E+00   9.45354E-01   5.46462E-02  NONE
   7.63000E+02   7.94943E-07   6.58474E-03   9.81113E-01   4.46220E-03 
    1.04085E-06   7.83799E-03   6.97062E-02   5.50786E-01   3.04426E-01 
    7.50820E-02   9.13327E-08   0.00000E+00   9.45350E-01   5.46500E-02  NONE
   7.53000E+02   6.20268E-07   6.17682E-03   9.81630E-01   4.35358E-03 
    1.04086E-06   7.83776E-03   6.97557E-02   5.60220E-01   2.92478E-01 
    7.75458E-02   9.05471E-08   0.00000E+00   9.45347E-01   5.46530E-02  NONE
   7.43000E+02   4.81174E-07   5.77810E-03   9.82141E-01   4.24231E-03 
    1.04087E-06   7.83753E-03   6.98042E-02   5.69462E-01   2.80662E-01 
    8.00716E-02   8.97934E-08   0.00000E+00   9.45345E-01   5.46554E-02  NONE
   7.33000E+02   3.71058E-07   5.38954E-03   9.82643E-01   4.12833E-03 
    1.04087E-06   7.83731E-03   6.98518E-02   5.78486E-01   2.69001E-01 
    8.26608E-02   8.90685E-08   0.00000E+00   9.45343E-01   5.46574E-02  NONE
   7.23000E+02   2.84404E-07   5.01205E-03   9.83138E-01   4.01159E-03 
    1.04088E-06   7.83708E-03   6.98983E-02   5.87270E-01   2.57518E-01 
    8.53143E-02   8.83690E-08   0.00000E+00   9.45341E-01   5.46589E-02  NONE
   7.13000E+02   2.16628E-07   4.64651E-03   9.83623E-01   3.89205E-03 
    1.04088E-06   7.83686E-03   6.99435E-02   5.95791E-01   2.46232E-01 
    8.80328E-02   8.76911E-08   0.00000E+00   9.45340E-01   5.46600E-02  NONE
   7.03000E+02   1.63948E-07   4.29369E-03   9.84099E-01   3.76969E-03 
    1.04088E-06   7.83665E-03   6.99874E-02   6.04031E-01   2.35165E-01 
    9.08166E-02   8.70309E-08   0.00000E+00   9.45339E-01   5.46610E-02  NONE
   6.93000E+02   1.23265E-07   3.95432E-03   9.84564E-01   3.64450E-03 
    1.04089E-06   7.83644E-03   7.00299E-02   6.11970E-01   2.24334E-01 
    9.36655E-02   8.63844E-08   0.00000E+00   9.45338E-01   5.46617E-02  NONE
   6.83000E+02   9.20529E-08   3.62903E-03   9.85017E-01   3.51652E-03 
    1.04089E-06   7.83624E-03   7.00709E-02   6.19593E-01   2.13757E-01 
    9.65788E-02   8.57475E-08   0.00000E+00   9.45338E-01   5.46622E-02  NONE
   6.73000E+02   6.82680E-08   3.31835E-03   9.85459E-01   3.38579E-03 
    1.04090E-06   7.83604E-03   7.01103E-02   6.26885E-01   2.03450E-01 
    9.95550E-02   8.51161E-08   0.00000E+00   9.45337E-01   5.46626E-02  NONE
