
 Phase Region for:
     FCC_A1#1                      
 col-1=T, col-2=W(FCC_A1#1,C), col-3=W(FCC_A1#1,CR), col-4=W(FCC_A1#1,FE),
   col-5=W(FCC_A1#1,MN), col-6=W(FCC_A1#1,NI), col-7=W(FCC_A1#1,SI),
   col-8=NP(FCC_A1#1),
   1.17300E+03   3.00000E-03   7.50075E-03   9.36998E-01   7.50075E-03 
    3.00000E-02   1.50005E-02   1.00000E+00
   1.18300E+03   3.00000E-03   7.50075E-03   9.36998E-01   7.50075E-03 
    3.00000E-02   1.50005E-02   1.00000E+00
   1.19300E+03   3.00000E-03   7.50075E-03   9.36998E-01   7.50075E-03 
    3.00000E-02   1.50005E-02   1.00000E+00
   1.20300E+03   3.00000E-03   7.50075E-03   9.36998E-01   7.50075E-03 
    3.00000E-02   1.50005E-02   1.00000E+00
   1.21300E+03   3.00000E-03   7.50075E-03   9.36998E-01   7.50075E-03 
    3.00000E-02   1.50005E-02   1.00000E+00
   1.22300E+03   3.00000E-03   7.50075E-03   9.36998E-01   7.50075E-03 
    3.00000E-02   1.50005E-02   1.00000E+00
   1.23300E+03   3.00000E-03   7.50075E-03   9.36998E-01   7.50075E-03 
    3.00000E-02   1.50005E-02   1.00000E+00
   1.24300E+03   3.00000E-03   7.50075E-03   9.36998E-01   7.50075E-03 
    3.00000E-02   1.50005E-02   1.00000E+00
   1.25300E+03   3.00000E-03   7.50075E-03   9.36998E-01   7.50075E-03 
    3.00000E-02   1.50005E-02   1.00000E+00
   1.26300E+03   3.00000E-03   7.50075E-03   9.36998E-01   7.50075E-03 
    3.00000E-02   1.50005E-02   1.00000E+00
   1.27300E+03   3.00000E-03   7.50075E-03   9.36998E-01   7.50075E-03 
    3.00000E-02   1.50005E-02   1.00000E+00
   1.28300E+03   3.00000E-03   7.50075E-03   9.36998E-01   7.50075E-03 
    3.00000E-02   1.50005E-02   1.00000E+00
   1.29300E+03   3.00000E-03   7.50075E-03   9.36998E-01   7.50075E-03 
    3.00000E-02   1.50005E-02   1.00000E+00
   1.30300E+03   3.00000E-03   7.50075E-03   9.36998E-01   7.50075E-03 
    3.00000E-02   1.50005E-02   1.00000E+00
   1.31300E+03   3.00000E-03   7.50075E-03   9.36998E-01   7.50075E-03 
    3.00000E-02   1.50005E-02   1.00000E+00
   1.32300E+03   3.00000E-03   7.50075E-03   9.36998E-01   7.50075E-03 
    3.00000E-02   1.50005E-02   1.00000E+00
   1.33300E+03   3.00000E-03   7.50075E-03   9.36998E-01   7.50075E-03 
    3.00000E-02   1.50005E-02   1.00000E+00
   1.34300E+03   3.00000E-03   7.50075E-03   9.36998E-01   7.50075E-03 
    3.00000E-02   1.50005E-02   1.00000E+00
   1.35300E+03   3.00000E-03   7.50075E-03   9.36998E-01   7.50075E-03 
    3.00000E-02   1.50005E-02   1.00000E+00
   1.36300E+03   3.00000E-03   7.50075E-03   9.36998E-01   7.50075E-03 
    3.00000E-02   1.50005E-02   1.00000E+00
   1.37300E+03   3.00000E-03   7.50075E-03   9.36998E-01   7.50075E-03 
    3.00000E-02   1.50005E-02   1.00000E+00
   1.38300E+03   3.00000E-03   7.50075E-03   9.36998E-01   7.50075E-03 
    3.00000E-02   1.50005E-02   1.00000E+00
   1.39300E+03   3.00000E-03   7.50075E-03   9.36998E-01   7.50075E-03 
    3.00000E-02   1.50005E-02   1.00000E+00
   1.40300E+03   3.00000E-03   7.50075E-03   9.36998E-01   7.50075E-03 
    3.00000E-02   1.50005E-02   1.00000E+00
   1.41300E+03   3.00000E-03   7.50075E-03   9.36998E-01   7.50075E-03 
    3.00000E-02   1.50005E-02   1.00000E+00
   1.42300E+03   3.00000E-03   7.50075E-03   9.36998E-01   7.50075E-03 
    3.00000E-02   1.50005E-02   1.00000E+00
   1.43300E+03   3.00000E-03   7.50075E-03   9.36998E-01   7.50075E-03 
    3.00000E-02   1.50005E-02   1.00000E+00
   1.44300E+03   3.00000E-03   7.50075E-03   9.36998E-01   7.50075E-03 
    3.00000E-02   1.50005E-02   1.00000E+00
   1.45300E+03   3.00000E-03   7.50075E-03   9.36998E-01   7.50075E-03 
    3.00000E-02   1.50005E-02   1.00000E+00
   1.46300E+03   3.00000E-03   7.50075E-03   9.36998E-01   7.50075E-03 
    3.00000E-02   1.50005E-02   1.00000E+00
   1.47300E+03   3.00000E-03   7.50075E-03   9.36998E-01   7.50075E-03 
    3.00000E-02   1.50005E-02   1.00000E+00

 Phase Region for:
     FCC_A1#1                      
 col-1=T, col-2=W(FCC_A1#1,C), col-3=W(FCC_A1#1,CR), col-4=W(FCC_A1#1,FE),
   col-5=W(FCC_A1#1,MN), col-6=W(FCC_A1#1,NI), col-7=W(FCC_A1#1,SI),
   col-8=NP(FCC_A1#1),
   1.17300E+03   3.00000E-03   7.50075E-03   9.36998E-01   7.50075E-03 
    3.00000E-02   1.50005E-02   1.00000E+00
   1.16300E+03   3.00000E-03   7.50075E-03   9.36998E-01   7.50075E-03 
    3.00000E-02   1.50005E-02   1.00000E+00
   1.15300E+03   3.00000E-03   7.50075E-03   9.36998E-01   7.50075E-03 
    3.00000E-02   1.50005E-02   1.00000E+00
   1.14300E+03   3.00000E-03   7.50075E-03   9.36998E-01   7.50075E-03 
    3.00000E-02   1.50005E-02   1.00000E+00
   1.13300E+03   3.00000E-03   7.50075E-03   9.36998E-01   7.50075E-03 
    3.00000E-02   1.50005E-02   1.00000E+00
   1.12300E+03   3.00000E-03   7.50075E-03   9.36998E-01   7.50075E-03 
    3.00000E-02   1.50005E-02   1.00000E+00
   1.11300E+03   3.00000E-03   7.50075E-03   9.36998E-01   7.50075E-03 
    3.00000E-02   1.50005E-02   1.00000E+00
   1.10300E+03   3.00000E-03   7.50075E-03   9.36998E-01   7.50075E-03 
    3.00000E-02   1.50005E-02   1.00000E+00
   1.09300E+03   3.00000E-03   7.50075E-03   9.36998E-01   7.50075E-03 
    3.00000E-02   1.50005E-02   1.00000E+00
   1.08300E+03   3.00000E-03   7.50075E-03   9.36998E-01   7.50075E-03 
    3.00000E-02   1.50005E-02   1.00000E+00
   1.07300E+03   3.00000E-03   7.50075E-03   9.36998E-01   7.50075E-03 
    3.00000E-02   1.50005E-02   1.00000E+00
   1.06300E+03   3.00000E-03   7.50075E-03   9.36998E-01   7.50075E-03 
    3.00000E-02   1.50005E-02   1.00000E+00
   1.05300E+03   3.00000E-03   7.50075E-03   9.36998E-01   7.50075E-03 
    3.00000E-02   1.50005E-02   1.00000E+00
   1.04300E+03   3.00000E-03   7.50075E-03   9.36998E-01   7.50075E-03 
    3.00000E-02   1.50005E-02   1.00000E+00
   1.03300E+03   3.00000E-03   7.50075E-03   9.36998E-01   7.50075E-03 
    3.00000E-02   1.50005E-02   1.00000E+00
   1.03067E+03   3.00000E-03   7.50075E-03   9.36998E-01   7.50075E-03 
    3.00000E-02   1.50005E-02   1.00000E+00

 Phase Region for:
     BCC_A2                        
     FCC_A1#1                      
 col-1=T, col-2=W(BCC_A2,C), col-3=W(BCC_A2,CR), col-4=W(BCC_A2,FE),
   col-5=W(BCC_A2,MN), col-6=W(BCC_A2,NI), col-7=W(BCC_A2,SI),
   col-8=W(FCC_A1#1,C), col-9=W(FCC_A1#1,CR), col-10=W(FCC_A1#1,FE),
   col-11=W(FCC_A1#1,MN), col-12=W(FCC_A1#1,NI), col-13=W(FCC_A1#1,SI),
   col-14=NP(BCC_A2), col-15=NP(FCC_A1#1),
   1.03067E+03   8.49191E-05   5.25867E-03   9.59640E-01   2.67315E-03 
    1.36046E-02   1.87389E-02   3.00000E-03   7.50075E-03   9.36998E-01 
    7.50075E-03   3.00000E-02   1.50005E-02   9.02477E-07   9.99999E-01
   1.02300E+03   8.67572E-05   5.27388E-03   9.59528E-01   2.69040E-03 
    1.39141E-02   1.85069E-02   3.21079E-03   7.66188E-03   9.35368E-01 
    7.84881E-03   3.11639E-02   1.47468E-02   6.70380E-02   9.32962E-01
   1.01300E+03   8.92437E-05   5.28936E-03   9.59372E-01   2.70637E-03 
    1.43156E-02   1.82276E-02   3.51007E-03   7.88826E-03   9.33077E-01 
    8.34089E-03   3.27485E-02   1.44350E-02   1.48100E-01   8.51900E-01
   1.00300E+03   9.19198E-05   5.29162E-03   9.59300E-01   2.69162E-03 
    1.46787E-02   1.79457E-02   3.84054E-03   8.13927E-03   9.30552E-01 
    8.89076E-03   3.44284E-02   1.41492E-02   2.22650E-01   7.77350E-01
   9.93000E+02   9.48504E-05   5.29105E-03   9.59201E-01   2.67242E-03 
    1.50496E-02   1.76909E-02   4.20996E-03   8.42107E-03   9.27751E-01 
    9.51170E-03   3.62267E-02   1.38800E-02   2.91889E-01   7.08111E-01
   9.86264E+02   9.68962E-05   5.29111E-03   9.59093E-01   2.66398E-03 
    1.53124E-02   1.75424E-02   4.48092E-03   8.62792E-03   9.25727E-01 
    9.96806E-03   3.74924E-02   1.37038E-02   3.35290E-01   6.64710E-01

 Phase Region for:
     BCC_A2                        
     CEMENTITE                     
     FCC_A1#1                      
 col-1=T, col-2=W(BCC_A2,C), col-3=W(BCC_A2,CR), col-4=W(BCC_A2,FE),
   col-5=W(BCC_A2,MN), col-6=W(BCC_A2,NI), col-7=W(BCC_A2,SI),
   col-8=W(CEMENTITE,C), col-9=W(CEMENTITE,CR), col-10=W(CEMENTITE,FE),
   col-11=W(CEMENTITE,MN), col-12=W(CEMENTITE,NI), col-13=W(CEMENTITE,SI),
   col-14=W(FCC_A1#1,C), col-15=W(FCC_A1#1,CR), col-16=W(FCC_A1#1,FE),
   col-17=W(FCC_A1#1,MN), col-18=W(FCC_A1#1,NI), col-19=W(FCC_A1#1,SI),
   col-20=NP(BCC_A2), col-21=NP(CEMENTITE), col-22=NP(FCC_A1#1),
   9.86264E+02   9.68962E-05   5.29110E-03   9.59093E-01   2.66399E-03 
    1.53124E-02   1.75424E-02   6.75048E-02   1.21472E-01   7.91572E-01 
    1.65015E-02   2.94899E-03   0.00000E+00   4.48092E-03   8.62791E-03 
    9.25727E-01   9.96808E-03   3.74924E-02   1.37038E-02   3.35291E-01 
    1.73519E-07   6.64708E-01
   9.83000E+02   9.39384E-05   5.07071E-03   9.58894E-01   2.74419E-03 
    1.58635E-02   1.73336E-02   6.74918E-02   1.18715E-01   7.93253E-01 
    1.74555E-02   3.08408E-03   0.00000E+00   4.43103E-03   8.27461E-03 
    9.23691E-01   1.05485E-02   3.94750E-02   1.35802E-02   3.91421E-01 
    5.43253E-03   6.03147E-01
   9.73000E+02   8.47601E-05   4.53059E-03   9.58001E-01   2.99513E-03 
    1.75637E-02   1.68247E-02   6.74624E-02   1.12371E-01   7.96129E-01 
    2.05433E-02   3.49479E-03   0.00000E+00   4.24714E-03   7.38121E-03 
    9.16536E-01   1.24995E-02   4.60144E-02   1.33214E-02   5.34811E-01 
    1.93180E-02   4.45871E-01
   9.63000E+02   7.57331E-05   4.14009E-03   9.56844E-01   3.24340E-03 
    1.92249E-02   1.64717E-02   6.74457E-02   1.08520E-01   7.96318E-01 
    2.38290E-02   3.88786E-03   0.00000E+00   4.02904E-03   6.70145E-03 
    9.08200E-01   1.46967E-02   5.31709E-02   1.32019E-02   6.41839E-01 
    2.95422E-02   3.28618E-01
   9.53000E+02   6.71564E-05   3.84699E-03   9.55583E-01   3.47866E-03 
    2.07947E-02   1.62293E-02   6.74379E-02   1.06427E-01   7.94623E-01 
    2.72601E-02   4.25231E-03   0.00000E+00   3.79038E-03   6.16346E-03 
    8.98875E-01   1.71273E-02   6.08687E-02   1.31756E-02   7.21036E-01 
    3.68937E-02   2.42070E-01
   9.43000E+02   5.91973E-05   3.61700E-03   9.54324E-01   3.69371E-03 
    2.22426E-02   1.60635E-02   6.74365E-02   1.05559E-01   7.91627E-01 
    3.07953E-02   4.58236E-03   0.00000E+00   3.54118E-03   5.71851E-03 
    8.88678E-01   1.97842E-02   6.90706E-02   1.32076E-02   7.79535E-01 
    4.21114E-02   1.78354E-01
   9.33000E+02   5.19298E-05   3.42813E-03   9.53133E-01   3.88358E-03 
    2.35534E-02   1.59502E-02   6.74395E-02   1.05553E-01   7.87732E-01 
    3.44004E-02   4.87570E-03   0.00000E+00   3.28846E-03   5.33495E-03 
    8.77667E-01   2.26653E-02   7.77716E-02   1.32727E-02   8.22790E-01 
    4.57882E-02   1.31422E-01
   9.23000E+02   4.53692E-05   3.26629E-03   9.52049E-01   4.04492E-03 
    2.47214E-02   1.58728E-02   6.74457E-02   1.06161E-01   7.83216E-01 
    3.80451E-02   5.13210E-03   0.00000E+00   3.03705E-03   4.99250E-03 
    8.65856E-01   2.57727E-02   8.69898E-02   1.33523E-02   8.54819E-01 
    4.83675E-02   9.68133E-02
   9.13000E+02   3.94970E-05   3.12234E-03   9.51096E-01   4.17553E-03 
    2.57468E-02   1.58200E-02   6.74543E-02   1.07218E-01   7.78275E-01 
    4.17004E-02   5.35251E-03   0.00000E+00   2.79037E-03   4.67814E-03 
    8.53227E-01   2.91116E-02   9.67597E-02   1.34334E-02   8.78542E-01 
    5.01704E-02   7.12879E-02
   9.03000E+02   3.42752E-05   2.99023E-03   9.50284E-01   4.27415E-03 
    2.66332E-02   1.57839E-02   6.74646E-02   1.08605E-01   7.73053E-01 
    4.53390E-02   5.53850E-03   0.00000E+00   2.55084E-03   4.38357E-03 
    8.39744E-01   3.26906E-02   1.07126E-01   1.35059E-02   8.96080E-01 
    5.14263E-02   5.24940E-02
   8.93000E+02   2.96568E-05   2.86592E-03   9.49619E-01   4.34028E-03 
    2.73857E-02   1.57594E-02   6.74762E-02   1.10242E-01   7.67656E-01 
    4.89343E-02   5.69197E-03   0.00000E+00   2.32029E-03   4.10355E-03 
    8.25357E-01   3.65207E-02   1.18136E-01   1.35627E-02   9.08986E-01 
    5.22980E-02   3.87163E-02
   8.83000E+02   2.55903E-05   2.74670E-03   9.49100E-01   4.37415E-03 
    2.80105E-02   1.57427E-02   6.74887E-02   1.12067E-01   7.62168E-01 
    5.24610E-02   5.81489E-03   0.00000E+00   2.10017E-03   3.83496E-03 
    8.10014E-01   4.06144E-02   1.29839E-01   1.35983E-02   9.18406E-01 
    5.29007E-02   2.86933E-02
   8.73000E+02   2.20238E-05   2.63074E-03   9.48725E-01   4.37654E-03 
    2.85142E-02   1.57314E-02   6.75020E-02   1.14037E-01   7.56657E-01 
    5.58949E-02   5.90926E-03   0.00000E+00   1.89168E-03   3.57610E-03 
    7.93670E-01   4.49834E-02   1.42271E-01   1.36084E-02   9.25196E-01 
    5.33161E-02   2.14883E-02
   8.63000E+02   1.89068E-05   2.51683E-03   9.48488E-01   4.34880E-03 
    2.89035E-02   1.57239E-02   6.75157E-02   1.16117E-01   7.51176E-01 
    5.92139E-02   5.97705E-03   0.00000E+00   1.69588E-03   3.32636E-03 
    7.76300E-01   4.96359E-02   1.55452E-01   1.35905E-02   9.29999E-01 
    5.36020E-02   1.63995E-02
   8.53000E+02   1.61914E-05   2.40418E-03   9.48382E-01   4.29274E-03 
    2.91857E-02   1.57191E-02   6.75298E-02   1.18281E-01   7.45771E-01 
    6.23977E-02   6.02024E-03   0.00000E+00   1.51373E-03   3.08585E-03 
    7.57918E-01   5.45714E-02   1.69368E-01   1.35430E-02   9.33305E-01 
    5.37990E-02   1.28965E-02
   8.43000E+02   1.38328E-05   2.29235E-03   9.48399E-01   4.21058E-03 
    2.93681E-02   1.57163E-02   6.75442E-02   1.20506E-01   7.40480E-01 
    6.54287E-02   6.04079E-03   0.00000E+00   1.34607E-03   2.85524E-03 
    7.38593E-01   5.97756E-02   1.83964E-01   1.34660E-02   9.35488E-01 
    5.39356E-02   1.05760E-02
   8.33000E+02   1.17898E-05   2.18111E-03   9.48529E-01   4.10486E-03 
    2.94587E-02   1.57150E-02   6.75586E-02   1.22775E-01   7.35333E-01 
    6.82920E-02   6.04071E-03   0.00000E+00   1.19354E-03   2.63553E-03 
    7.18464E-01   6.52141E-02   1.99131E-01   1.33614E-02   9.36838E-01 
    5.40315E-02   9.13083E-03
   8.23000E+02   1.00246E-05   2.07043E-03   9.48761E-01   3.97842E-03 
    2.94657E-02   1.57149E-02   6.75730E-02   1.25073E-01   7.30356E-01 
    7.09761E-02   6.02206E-03   0.00000E+00   1.05645E-03   2.42775E-03 
    6.97746E-01   7.08308E-02   2.14707E-01   1.32327E-02   9.37573E-01 
    5.41002E-02   8.32730E-03
   8.13000E+02   8.50333E-06   1.96040E-03   9.49083E-01   3.83427E-03 
    2.93978E-02   1.57158E-02   6.75873E-02   1.27384E-01   7.25568E-01 
    7.34732E-02   5.98690E-03   0.00000E+00   9.34712E-04   2.23279E-03 
    6.76710E-01   7.65490E-02   2.30489E-01   1.30852E-02   9.37860E-01 
    5.41507E-02   7.98933E-03
   8.03000E+02   7.19528E-06   1.85121E-03   9.49485E-01   3.67549E-03 
    2.92638E-02   1.57176E-02   6.76015E-02   1.29698E-01   7.20985E-01 
    7.57785E-02   5.93731E-03   0.00000E+00   8.27730E-04   2.05114E-03 
    6.55657E-01   8.22797E-02   2.46259E-01   1.29251E-02   9.37825E-01 
    5.41889E-02   7.98566E-03
   7.93000E+02   6.07318E-06   1.74311E-03   9.49953E-01   3.50513E-03 
    2.90724E-02   1.57200E-02   6.76154E-02   1.32003E-01   7.16616E-01 
    7.78906E-02   5.87526E-03   0.00000E+00   7.34472E-04   1.88283E-03 
    6.34875E-01   8.79327E-02   2.61815E-01   1.27592E-02   9.37562E-01 
    5.42186E-02   8.21979E-03
   7.83000E+02   5.11279E-06   1.63642E-03   9.50478E-01   3.32614E-03 
    2.88317E-02   1.57231E-02   6.76291E-02   1.34287E-01   7.12471E-01 
    7.98103E-02   5.80261E-03   0.00000E+00   6.53583E-04   1.72746E-03 
    6.14604E-01   9.34275E-02   2.76994E-01   1.25936E-02   9.37136E-01 
    5.42425E-02   8.62163E-03
   7.73000E+02   4.29270E-06   1.53146E-03   9.51048E-01   3.14125E-03 
    2.85489E-02   1.57266E-02   6.76425E-02   1.36541E-01   7.08556E-01 
    8.15398E-02   5.72102E-03   0.00000E+00   5.83549E-04   1.58429E-03 
    5.95019E-01   9.87003E-02   2.91680E-01   1.24337E-02   9.36597E-01 
    5.42621E-02   9.14071E-03
   7.63000E+02   3.59406E-06   1.42860E-03   9.51654E-01   2.95293E-03 
    2.82307E-02   1.57304E-02   6.76554E-02   1.38756E-01   7.04875E-01 
    8.30823E-02   5.63195E-03   0.00000E+00   5.22859E-04   1.45237E-03 
    5.76226E-01   1.03706E-01   3.05810E-01   1.22835E-02   9.35981E-01 
    5.42786E-02   9.74087E-03
   7.53000E+02   3.00033E-06   1.32817E-03   9.52288E-01   2.76341E-03 
    2.78825E-02   1.57345E-02   6.76680E-02   1.40921E-01   7.01433E-01 
    8.44412E-02   5.53662E-03   0.00000E+00   4.70106E-04   1.33073E-03 
    5.58276E-01   1.08417E-01   3.19360E-01   1.21460E-02   9.35311E-01 
    5.42925E-02   1.03962E-02
   7.43000E+02   2.49702E-06   1.23052E-03   9.52945E-01   2.57462E-03 
    2.75091E-02   1.57387E-02   6.76800E-02   1.43030E-01   6.98235E-01 
    8.56197E-02   5.43608E-03   0.00000E+00   4.24046E-04   1.21842E-03 
    5.41178E-01   1.12819E-01   3.32337E-01   1.20233E-02   9.34607E-01 
    5.43046E-02   1.10882E-02
   7.33000E+02   2.07148E-06   1.13596E-03   9.53616E-01   2.38826E-03 
    2.71142E-02   1.57430E-02   6.76916E-02   1.45073E-01   6.95283E-01 
    8.66211E-02   5.33113E-03   0.00000E+00   3.83589E-04   1.11451E-03 
    5.24907E-01   1.16907E-01   3.44771E-01   1.19172E-02   9.33881E-01 
    5.43151E-02   1.18037E-02
   7.23000E+02   1.71267E-06   1.04479E-03   9.54299E-01   2.20575E-03 
    2.67011E-02   1.57473E-02   6.77027E-02   1.47044E-01   6.92583E-01 
    8.74478E-02   5.22246E-03   0.00000E+00   3.47877E-04   1.01832E-03 
    5.09430E-01   1.20685E-01   3.56691E-01   1.18281E-02   9.33143E-01 
    5.43243E-02   1.25332E-02
   7.13000E+02   1.41100E-06   9.57295E-04   9.54989E-01   2.02834E-03 
    2.62721E-02   1.57515E-02   6.77131E-02   1.48937E-01   6.90137E-01 
    8.81023E-02   5.11058E-03   0.00000E+00   3.16157E-04   9.29151E-04 
    4.94697E-01   1.24161E-01   3.68140E-01   1.17567E-02   9.32397E-01 
    5.43325E-02   1.32700E-02
   7.03000E+02   1.15811E-06   8.73698E-04   9.55683E-01   1.85705E-03 
    2.58292E-02   1.57556E-02   6.77230E-02   1.50746E-01   6.87949E-01 
    8.85867E-02   4.99587E-03   0.00000E+00   2.87820E-04   8.46438E-04 
    4.80659E-01   1.27343E-01   3.79160E-01   1.17035E-02   9.31650E-01 
    5.43398E-02   1.40097E-02
   6.93000E+02   9.46801E-07   7.94201E-04   9.56379E-01   1.69272E-03 
    2.53739E-02   1.57595E-02   6.77322E-02   1.52466E-01   6.86020E-01 
    8.89032E-02   4.87861E-03   0.00000E+00   2.62366E-04   7.69696E-04 
    4.67263E-01   1.30243E-01   3.89793E-01   1.16686E-02   9.30904E-01 
    5.43464E-02   1.47492E-02
   6.83000E+02   7.70806E-07   7.18965E-04   9.57074E-01   1.53603E-03 
    2.49073E-02   1.57631E-02   6.77409E-02   1.54093E-01   6.84353E-01 
    8.90540E-02   4.75900E-03   0.00000E+00   2.39384E-04   6.98510E-04 
    4.54461E-01   1.32873E-01   4.00076E-01   1.16521E-02   9.30161E-01 
    5.43524E-02   1.54865E-02
   6.73000E+02   6.24740E-07   6.48105E-04   9.57767E-01   1.38753E-03 
    2.44300E-02   1.57664E-02   6.77488E-02   1.55626E-01   6.82947E-01 
    8.90414E-02   4.63714E-03   0.00000E+00   2.18534E-04   6.32518E-04 
    4.42206E-01   1.35244E-01   4.10045E-01   1.16543E-02   9.29422E-01 
    5.43579E-02   1.62206E-02
