
 Phase Region for:
     FCC_A1#1                      
 col-1=T, col-2=X(FCC_A1#1,C), col-3=X(FCC_A1#1,CR), col-4=X(FCC_A1#1,FE),
   col-5=X(FCC_A1#1,MN), col-6=X(FCC_A1#1,NI), col-7=X(FCC_A1#1,SI),
   col-8=NP(FCC_A1#1),
   1.17300E+03   1.35021E-02   1.55954E-02   8.85203E-01   1.47602E-02 
    2.76323E-02   4.33069E-02   1.00000E+00
   1.18300E+03   1.35021E-02   1.55954E-02   8.85203E-01   1.47602E-02 
    2.76323E-02   4.33069E-02   1.00000E+00
   1.19300E+03   1.35021E-02   1.55954E-02   8.85203E-01   1.47602E-02 
    2.76323E-02   4.33069E-02   1.00000E+00
   1.20300E+03   1.35021E-02   1.55954E-02   8.85203E-01   1.47602E-02 
    2.76323E-02   4.33069E-02   1.00000E+00
   1.21300E+03   1.35021E-02   1.55954E-02   8.85203E-01   1.47602E-02 
    2.76323E-02   4.33069E-02   1.00000E+00
   1.22300E+03   1.35021E-02   1.55954E-02   8.85203E-01   1.47602E-02 
    2.76323E-02   4.33069E-02   1.00000E+00
   1.23300E+03   1.35021E-02   1.55954E-02   8.85203E-01   1.47602E-02 
    2.76323E-02   4.33069E-02   1.00000E+00
   1.24300E+03   1.35021E-02   1.55954E-02   8.85203E-01   1.47602E-02 
    2.76323E-02   4.33069E-02   1.00000E+00
   1.25300E+03   1.35021E-02   1.55954E-02   8.85203E-01   1.47602E-02 
    2.76323E-02   4.33069E-02   1.00000E+00
   1.26300E+03   1.35021E-02   1.55954E-02   8.85203E-01   1.47602E-02 
    2.76323E-02   4.33069E-02   1.00000E+00
   1.27300E+03   1.35021E-02   1.55954E-02   8.85203E-01   1.47602E-02 
    2.76323E-02   4.33069E-02   1.00000E+00
   1.28300E+03   1.35021E-02   1.55954E-02   8.85203E-01   1.47602E-02 
    2.76323E-02   4.33069E-02   1.00000E+00
   1.29300E+03   1.35021E-02   1.55954E-02   8.85203E-01   1.47602E-02 
    2.76323E-02   4.33069E-02   1.00000E+00
   1.30300E+03   1.35021E-02   1.55954E-02   8.85203E-01   1.47602E-02 
    2.76323E-02   4.33069E-02   1.00000E+00
   1.31300E+03   1.35021E-02   1.55954E-02   8.85203E-01   1.47602E-02 
    2.76323E-02   4.33069E-02   1.00000E+00
   1.32300E+03   1.35021E-02   1.55954E-02   8.85203E-01   1.47602E-02 
    2.76323E-02   4.33069E-02   1.00000E+00
   1.33300E+03   1.35021E-02   1.55954E-02   8.85203E-01   1.47602E-02 
    2.76323E-02   4.33069E-02   1.00000E+00
   1.34300E+03   1.35021E-02   1.55954E-02   8.85203E-01   1.47602E-02 
    2.76323E-02   4.33069E-02   1.00000E+00
   1.35300E+03   1.35021E-02   1.55954E-02   8.85203E-01   1.47602E-02 
    2.76323E-02   4.33069E-02   1.00000E+00
   1.36300E+03   1.35021E-02   1.55954E-02   8.85203E-01   1.47602E-02 
    2.76323E-02   4.33069E-02   1.00000E+00
   1.37300E+03   1.35021E-02   1.55954E-02   8.85203E-01   1.47602E-02 
    2.76323E-02   4.33069E-02   1.00000E+00
   1.38300E+03   1.35021E-02   1.55954E-02   8.85203E-01   1.47602E-02 
    2.76323E-02   4.33069E-02   1.00000E+00
   1.39300E+03   1.35021E-02   1.55954E-02   8.85203E-01   1.47602E-02 
    2.76323E-02   4.33069E-02   1.00000E+00
   1.40300E+03   1.35021E-02   1.55954E-02   8.85203E-01   1.47602E-02 
    2.76323E-02   4.33069E-02   1.00000E+00
   1.41300E+03   1.35021E-02   1.55954E-02   8.85203E-01   1.47602E-02 
    2.76323E-02   4.33069E-02   1.00000E+00
   1.42300E+03   1.35021E-02   1.55954E-02   8.85203E-01   1.47602E-02 
    2.76323E-02   4.33069E-02   1.00000E+00
   1.43300E+03   1.35021E-02   1.55954E-02   8.85203E-01   1.47602E-02 
    2.76323E-02   4.33069E-02   1.00000E+00
   1.44300E+03   1.35021E-02   1.55954E-02   8.85203E-01   1.47602E-02 
    2.76323E-02   4.33069E-02   1.00000E+00
   1.45300E+03   1.35021E-02   1.55954E-02   8.85203E-01   1.47602E-02 
    2.76323E-02   4.33069E-02   1.00000E+00
   1.46300E+03   1.35021E-02   1.55954E-02   8.85203E-01   1.47602E-02 
    2.76323E-02   4.33069E-02   1.00000E+00
   1.47300E+03   1.35021E-02   1.55954E-02   8.85203E-01   1.47602E-02 
    2.76323E-02   4.33069E-02   1.00000E+00

 Phase Region for:
     FCC_A1#1                      
 col-1=T, col-2=X(FCC_A1#1,C), col-3=X(FCC_A1#1,CR), col-4=X(FCC_A1#1,FE),
   col-5=X(FCC_A1#1,MN), col-6=X(FCC_A1#1,NI), col-7=X(FCC_A1#1,SI),
   col-8=NP(FCC_A1#1),
   1.17300E+03   1.35021E-02   1.55954E-02   8.85203E-01   1.47602E-02 
    2.76323E-02   4.33069E-02   1.00000E+00
   1.16300E+03   1.35021E-02   1.55954E-02   8.85203E-01   1.47602E-02 
    2.76323E-02   4.33069E-02   1.00000E+00
   1.15300E+03   1.35021E-02   1.55954E-02   8.85203E-01   1.47602E-02 
    2.76323E-02   4.33069E-02   1.00000E+00
   1.14300E+03   1.35021E-02   1.55954E-02   8.85203E-01   1.47602E-02 
    2.76323E-02   4.33069E-02   1.00000E+00
   1.13300E+03   1.35021E-02   1.55954E-02   8.85203E-01   1.47602E-02 
    2.76323E-02   4.33069E-02   1.00000E+00
   1.12300E+03   1.35021E-02   1.55954E-02   8.85203E-01   1.47602E-02 
    2.76323E-02   4.33069E-02   1.00000E+00
   1.11300E+03   1.35021E-02   1.55954E-02   8.85203E-01   1.47602E-02 
    2.76323E-02   4.33069E-02   1.00000E+00
   1.10300E+03   1.35021E-02   1.55954E-02   8.85203E-01   1.47602E-02 
    2.76323E-02   4.33069E-02   1.00000E+00
   1.09300E+03   1.35021E-02   1.55954E-02   8.85203E-01   1.47602E-02 
    2.76323E-02   4.33069E-02   1.00000E+00
   1.08300E+03   1.35021E-02   1.55954E-02   8.85203E-01   1.47602E-02 
    2.76323E-02   4.33069E-02   1.00000E+00
   1.07300E+03   1.35021E-02   1.55954E-02   8.85203E-01   1.47602E-02 
    2.76323E-02   4.33069E-02   1.00000E+00
   1.06300E+03   1.35021E-02   1.55954E-02   8.85203E-01   1.47602E-02 
    2.76323E-02   4.33069E-02   1.00000E+00
   1.05300E+03   1.35021E-02   1.55954E-02   8.85203E-01   1.47602E-02 
    2.76323E-02   4.33069E-02   1.00000E+00
   1.04300E+03   1.35021E-02   1.55954E-02   8.85203E-01   1.47602E-02 
    2.76323E-02   4.33069E-02   1.00000E+00
   1.03300E+03   1.35021E-02   1.55954E-02   8.85203E-01   1.47602E-02 
    2.76323E-02   4.33069E-02   1.00000E+00
   1.02372E+03   1.35021E-02   1.55954E-02   8.85203E-01   1.47602E-02 
    2.76323E-02   4.33069E-02   1.00000E+00

 Phase Region for:
     BCC_A2                        
     FCC_A1#1                      
 col-1=T, col-2=X(BCC_A2,C), col-3=X(BCC_A2,CR), col-4=X(BCC_A2,FE),
   col-5=X(BCC_A2,MN), col-6=X(BCC_A2,NI), col-7=X(BCC_A2,SI),
   col-8=X(FCC_A1#1,C), col-9=X(FCC_A1#1,CR), col-10=X(FCC_A1#1,FE),
   col-11=X(FCC_A1#1,MN), col-12=X(FCC_A1#1,NI), col-13=X(FCC_A1#1,SI),
   col-14=NP(BCC_A2), col-15=NP(FCC_A1#1),
   1.02372E+03   3.64330E-04   1.13976E-02   9.17564E-01   5.57704E-03 
    1.22871E-02   5.28094E-02   1.35021E-02   1.55954E-02   8.85203E-01 
    1.47602E-02   2.76323E-02   4.33069E-02   7.92220E-07   9.99999E-01
   1.02300E+03   3.64663E-04   1.14000E-02   9.17583E-01   5.57994E-03 
    1.23078E-02   5.27643E-02   1.35774E-02   1.56194E-02   8.85018E-01 
    1.48128E-02   2.77201E-02   4.32527E-02   5.69830E-03   9.94302E-01
   1.01300E+03   3.69371E-04   1.14293E-02   9.17831E-01   5.61448E-03 
    1.25950E-02   5.21607E-02   1.46750E-02   1.59674E-02   8.82289E-01 
    1.55770E-02   2.89752E-02   4.25162E-02   8.19856E-02   9.18014E-01
   1.00300E+03   3.74210E-04   1.14517E-02   9.18058E-01   5.63682E-03 
    1.28814E-02   5.15979E-02   1.58777E-02   1.63452E-02   8.79258E-01 
    1.64111E-02   3.03015E-02   4.18066E-02   1.53227E-01   8.46773E-01
   1.00058E+03   3.75394E-04   1.14560E-02   9.18111E-01   5.64011E-03 
    1.29503E-02   5.14675E-02   1.61856E-02   1.64416E-02   8.78476E-01 
    1.66246E-02   3.06337E-02   4.16386E-02   1.69732E-01   8.30268E-01

 Phase Region for:
     BCC_A2                        
     CEMENTITE                     
     FCC_A1#1                      
 col-1=T, col-2=X(BCC_A2,C), col-3=X(BCC_A2,CR), col-4=X(BCC_A2,FE),
   col-5=X(BCC_A2,MN), col-6=X(BCC_A2,NI), col-7=X(BCC_A2,SI),
   col-8=X(CEMENTITE,C), col-9=X(CEMENTITE,CR), col-10=X(CEMENTITE,FE),
   col-11=X(CEMENTITE,MN), col-12=X(CEMENTITE,NI), col-13=X(CEMENTITE,SI),
   col-14=X(FCC_A1#1,C), col-15=X(FCC_A1#1,CR), col-16=X(FCC_A1#1,FE),
   col-17=X(FCC_A1#1,MN), col-18=X(FCC_A1#1,NI), col-19=X(FCC_A1#1,SI),
   col-20=NP(BCC_A2), col-21=NP(CEMENTITE), col-22=NP(FCC_A1#1),
   1.00058E+03   3.75394E-04   1.14560E-02   9.18111E-01   5.64012E-03 
    1.29503E-02   5.14675E-02   2.50000E-01   1.73473E-01   5.55257E-01 
    1.96267E-02   1.64321E-03   0.00000E+00   1.61856E-02   1.64416E-02 
    8.78476E-01   1.66247E-02   3.06338E-02   4.16386E-02   1.69734E-01 
    1.36072E-07   8.30266E-01
   9.93000E+02   3.46184E-04   1.07831E-02   9.18708E-01   5.93854E-03 
    1.37616E-02   5.04628E-02   2.50000E-01   1.70272E-01   5.56251E-01 
    2.17193E-02   1.75816E-03   0.00000E+00   1.57093E-02   1.54763E-02 
    8.75867E-01   1.83009E-02   3.36998E-02   4.09466E-02   2.89044E-01 
    9.53269E-03   7.01423E-01
   9.83000E+02   3.08865E-04   1.00193E-02   9.19299E-01   6.25421E-03 
    1.47788E-02   4.93401E-02   2.50000E-01   1.67457E-01   5.55919E-01 
    2.47149E-02   1.90891E-03   0.00000E+00   1.49827E-02   1.43790E-02 
    8.71372E-01   2.07728E-02   3.81648E-02   4.03286E-02   4.19534E-01 
    1.98945E-02   5.60572E-01
   9.73000E+02   2.73355E-04   9.39643E-03   9.19466E-01   6.57459E-03 
    1.57867E-02   4.85032E-02   2.50000E-01   1.65964E-01   5.54045E-01 
    2.79358E-02   2.05514E-03   0.00000E+00   1.41787E-02   1.34350E-02 
    8.65824E-01   2.35211E-02   4.31071E-02   3.99345E-02   5.24278E-01 
    2.80453E-02   4.47677E-01
   9.63000E+02   2.40205E-04   8.88115E-03   9.19347E-01   6.88692E-03 
    1.67576E-02   4.78869E-02   2.50000E-01   1.65577E-01   5.50905E-01 
    3.13251E-02   2.19217E-03   0.00000E+00   1.33256E-02   1.26093E-02 
    8.59362E-01   2.65147E-02   4.84952E-02   3.96935E-02   6.07283E-01 
    3.43216E-02   3.58396E-01
   9.53000E+02   2.09762E-04   8.44464E-03   9.19064E-01   7.17797E-03 
    1.76703E-02   4.74337E-02   2.50000E-01   1.66089E-01   5.46755E-01 
    3.48387E-02   2.31717E-03   0.00000E+00   1.24477E-02   1.18720E-02 
    8.52079E-01   2.97342E-02   5.43182E-02   3.95490E-02   6.72698E-01 
    3.90939E-02   2.88208E-01
   9.43000E+02   1.82173E-04   8.06499E-03   9.18702E-01   7.43882E-03 
    1.85119E-02   4.70997E-02   2.50000E-01   1.67317E-01   5.41813E-01 
    3.84414E-02   2.42868E-03   0.00000E+00   1.15641E-02   1.11992E-02 
    8.44029E-01   3.31681E-02   6.05834E-02   3.94562E-02   7.24196E-01 
    4.26981E-02   2.33106E-01
   9.33000E+02   1.57439E-04   7.72603E-03   9.18325E-01   7.66358E-03 
    1.92752E-02   4.68526E-02   2.50000E-01   1.69116E-01   5.36254E-01 
    4.21039E-02   2.52612E-03   0.00000E+00   1.06896E-02   1.05734E-02 
    8.35230E-01   3.68130E-02   6.73128E-02   3.93813E-02   7.64785E-01 
    4.54112E-02   1.89803E-01
   9.23000E+02   1.35457E-04   7.41601E-03   9.17975E-01   7.84853E-03 
    1.99563E-02   4.66690E-02   2.50000E-01   1.71370E-01   5.30219E-01 
    4.58013E-02   2.60945E-03   0.00000E+00   9.83464E-03   9.98161E-03 
    8.25672E-01   4.06720E-02   7.45410E-02   3.92985E-02   7.96844E-01 
    4.74515E-02   1.55705E-01
   9.13000E+02   1.16066E-04   7.12642E-03   9.17680E-01   7.99148E-03 
    2.05539E-02   4.65322E-02   2.50000E-01   1.73993E-01   5.23817E-01 
    4.95114E-02   2.67895E-03   0.00000E+00   9.00720E-03   9.41488E-03 
    8.15323E-01   4.47546E-02   8.23125E-02   3.91882E-02   8.22221E-01 
    4.89865E-02   1.28793E-01
   9.03000E+02   9.90663E-05   6.85112E-03   9.17461E-01   8.09137E-03 
    2.10675E-02   4.64300E-02   2.50000E-01   1.76916E-01   5.17135E-01 
    5.32140E-02   2.73505E-03   0.00000E+00   8.21284E-03   8.86704E-03 
    8.04129E-01   4.90760E-02   9.06802E-02   3.90354E-02   8.42347E-01 
    5.01428E-02   1.07510E-01
   8.93000E+02   8.42474E-05   6.58564E-03   9.17331E-01   8.14802E-03 
    2.14976E-02   4.63539E-02   2.50000E-01   1.80086E-01   5.10246E-01 
    5.68902E-02   2.77829E-03   0.00000E+00   7.45566E-03   8.33407E-03 
    7.92022E-01   5.36568E-02   9.97028E-02   3.88284E-02   8.58330E-01 
    5.10157E-02   9.06545E-02
   8.83000E+02   7.13944E-05   6.32676E-03   9.17297E-01   8.16192E-03 
    2.18453E-02   4.62976E-02   2.50000E-01   1.83462E-01   5.03207E-01 
    6.05222E-02   2.80922E-03   0.00000E+00   6.73868E-03   7.81367E-03 
    7.78926E-01   5.85215E-02   1.09442E-01   3.85580E-02   8.71030E-01 
    5.16763E-02   7.72942E-02
   8.73000E+02   6.02981E-05   6.07218E-03   9.17365E-01   8.13412E-03 
    2.21118E-02   4.62567E-02   2.50000E-01   1.87010E-01   4.96068E-01 
    6.40933E-02   2.82845E-03   0.00000E+00   6.06427E-03   7.30487E-03 
    7.64759E-01   6.36972E-02   1.19958E-01   3.82172E-02   8.81118E-01 
    5.21779E-02   6.67036E-02
   8.63000E+02   5.07601E-05   5.82026E-03   9.17536E-01   8.06614E-03 
    2.22989E-02   4.62281E-02   2.50000E-01   1.90703E-01   4.88873E-01 
    6.75876E-02   2.83659E-03   0.00000E+00   5.43432E-03   6.80788E-03 
    7.49447E-01   6.92098E-02   1.31299E-01   3.78013E-02   8.89125E-01 
    5.25603E-02   5.83151E-02
   8.53000E+02   4.25951E-05   5.56991E-03   9.17810E-01   7.95994E-03 
    2.24088E-02   4.62092E-02   2.50000E-01   1.94518E-01   4.81658E-01 
    7.09904E-02   2.83429E-03   0.00000E+00   4.85054E-03   6.32395E-03 
    7.32944E-01   7.50790E-02   1.43494E-01   3.73081E-02   8.95464E-01 
    5.28531E-02   5.16829E-02
   8.43000E+02   3.56330E-05   5.32042E-03   9.18183E-01   7.81788E-03 
    2.24446E-02   4.61985E-02   2.50000E-01   1.98433E-01   4.74456E-01 
    7.42885E-02   2.82227E-03   0.00000E+00   4.31441E-03   5.85524E-03 
    7.15249E-01   8.13102E-02   1.56533E-01   3.67388E-02   9.00465E-01 
    5.30784E-02   4.64563E-02
   8.33000E+02   2.97187E-05   5.07144E-03   9.18652E-01   7.64270E-03 
    2.24100E-02   4.61945E-02   2.50000E-01   2.02430E-01   4.67299E-01 
    7.74704E-02   2.80132E-03   0.00000E+00   3.82715E-03   5.40460E-03 
    6.96436E-01   8.78852E-02   1.70348E-01   3.60993E-02   9.04388E-01 
    5.32525E-02   4.23593E-02
   8.23000E+02   2.47125E-05   4.82288E-03   9.19209E-01   7.43754E-03 
    2.23097E-02   4.61961E-02   2.50000E-01   2.06490E-01   4.60211E-01 
    8.05272E-02   2.77231E-03   0.00000E+00   3.38942E-03   4.97524E-03 
    6.76675E-01   9.47543E-02   1.84805E-01   3.54007E-02   9.07438E-01 
    5.33876E-02   3.91745E-02
   8.13000E+02   2.04896E-05   4.57489E-03   9.19847E-01   7.20591E-03 
    2.21494E-02   4.62024E-02   2.50000E-01   2.10595E-01   4.53215E-01 
    8.34533E-02   2.73621E-03   0.00000E+00   3.00091E-03   4.57018E-03 
    6.56233E-01   1.01834E-01   1.99703E-01   3.46593E-02   9.09778E-01 
    5.34930E-02   3.67291E-02
   8.03000E+02   1.69392E-05   4.32780E-03   9.20556E-01   6.95158E-03 
    2.19354E-02   4.62125E-02   2.50000E-01   2.14728E-01   4.46331E-01 
    8.62469E-02   2.69405E-03   0.00000E+00   2.66002E-03   4.19168E-03 
    6.35447E-01   1.09013E-01   2.14794E-01   3.38948E-02   9.11540E-01 
    5.35755E-02   3.48845E-02
   7.93000E+02   1.39635E-05   4.08213E-03   9.21325E-01   6.67848E-03 
    2.16745E-02   4.62256E-02   2.50000E-01   2.18870E-01   4.39573E-01 
    8.89098E-02   2.64685E-03   0.00000E+00   2.36373E-03   3.84079E-03 
    6.14675E-01   1.16169E-01   2.29824E-01   3.31277E-02   9.12833E-01 
    5.36405E-02   3.35262E-02
   7.83000E+02   1.14773E-05   3.83849E-03   9.22145E-01   6.39053E-03 
    2.13734E-02   4.62411E-02   2.50000E-01   2.23002E-01   4.32956E-01 
    9.14467E-02   2.59562E-03   0.00000E+00   2.10782E-03   3.51727E-03 
    5.94240E-01   1.23189E-01   2.44570E-01   3.23765E-02   9.13749E-01 
    5.36920E-02   3.25591E-02
   7.73000E+02   9.40619E-06   3.59763E-03   9.23004E-01   6.09147E-03 
    2.10386E-02   4.62584E-02   2.50000E-01   2.27105E-01   4.26489E-01 
    9.38643E-02   2.54131E-03   0.00000E+00   1.88745E-03   3.21981E-03 
    5.74389E-01   1.29979E-01   2.58869E-01   3.16556E-02   9.14364E-01 
    5.37332E-02   3.19033E-02
   7.63000E+02   7.68610E-06   3.36035E-03   9.23894E-01   5.78474E-03 
    2.06760E-02   4.62769E-02   2.50000E-01   2.31161E-01   4.20184E-01 
    9.61701E-02   2.48475E-03   0.00000E+00   1.69763E-03   2.94643E-03 
    5.55284E-01   1.36476E-01   2.72621E-01   3.09750E-02   9.14741E-01 
    5.37665E-02   3.14923E-02
   7.53000E+02   6.26179E-06   3.12748E-03   9.24806E-01   5.47343E-03 
    2.02909E-02   4.62963E-02   2.50000E-01   2.35151E-01   4.14050E-01 
    9.83717E-02   2.42666E-03   0.00000E+00   1.53370E-03   2.69490E-03 
    5.37010E-01   1.42640E-01   2.85781E-01   3.03404E-02   9.14934E-01 
    5.37937E-02   3.12719E-02
   7.43000E+02   5.08595E-06   2.89986E-03   9.25731E-01   5.16027E-03 
    1.98877E-02   4.63161E-02   2.50000E-01   2.39058E-01   4.08099E-01 
    1.00476E-01   2.36766E-03   0.00000E+00   1.39152E-03   2.46303E-03 
    5.19594E-01   1.48451E-01   2.98346E-01   2.97549E-02   9.14985E-01 
    5.38162E-02   3.11983E-02
   7.33000E+02   4.11818E-06   2.67835E-03   9.26663E-01   4.84764E-03 
    1.94704E-02   4.63361E-02   2.50000E-01   2.42865E-01   4.02339E-01 
    1.02488E-01   2.30823E-03   0.00000E+00   1.26756E-03   2.24881E-03 
    5.03021E-01   1.53905E-01   3.10339E-01   2.92193E-02   9.14928E-01 
    5.38350E-02   3.12370E-02
   7.23000E+02   3.32407E-06   2.46375E-03   9.27597E-01   4.53764E-03 
    1.90421E-02   4.63559E-02   2.50000E-01   2.46556E-01   3.96782E-01 
    1.04414E-01   2.24877E-03   0.00000E+00   1.15888E-03   2.05052E-03 
    4.87257E-01   1.59004E-01   3.21795E-01   2.87334E-02   9.14789E-01 
    5.38509E-02   3.13605E-02
   7.13000E+02   2.67448E-06   2.25684E-03   9.28527E-01   4.23208E-03 
    1.86057E-02   4.63752E-02   2.50000E-01   2.50116E-01   3.91438E-01 
    1.06256E-01   2.18960E-03   0.00000E+00   1.06303E-03   1.86670E-03 
    4.72254E-01   1.63759E-01   3.32761E-01   2.82964E-02   9.14588E-01 
    5.38645E-02   3.15474E-02
   7.03000E+02   2.14475E-06   2.05831E-03   9.29450E-01   3.93256E-03 
    1.81635E-02   4.63940E-02   2.50000E-01   2.53534E-01   3.86318E-01 
    1.08017E-01   2.13094E-03   0.00000E+00   9.78019E-04   1.69611E-03 
    4.57958E-01   1.68180E-01   3.43281E-01   2.79070E-02   9.14343E-01 
    5.38763E-02   3.17811E-02
   6.93000E+02   1.71412E-06   1.86879E-03   9.30360E-01   3.64047E-03 
    1.77172E-02   4.64119E-02   2.50000E-01   2.56797E-01   3.81432E-01 
    1.09699E-01   2.07295E-03   0.00000E+00   9.02208E-04   1.53777E-03 
    4.44317E-01   1.72279E-01   3.53400E-01   2.75643E-02   9.14065E-01 
    5.38865E-02   3.20486E-02
   6.83000E+02   1.36515E-06   1.68883E-03   9.31256E-01   3.35705E-03 
    1.72683E-02   4.64289E-02   2.50000E-01   2.59895E-01   3.76788E-01 
    1.11301E-01   2.01573E-03   0.00000E+00   8.34239E-04   1.39082E-03 
    4.31280E-01   1.76069E-01   3.63159E-01   2.72671E-02   9.13765E-01 
    5.38955E-02   3.23397E-02
   6.73000E+02   1.08327E-06   1.51888E-03   9.32134E-01   3.08336E-03 
    1.68182E-02   4.64448E-02   2.50000E-01   2.62821E-01   3.72395E-01 
    1.12825E-01   1.95934E-03   0.00000E+00   7.72990E-04   1.25456E-03 
    4.18798E-01   1.79560E-01   3.72599E-01   2.70146E-02   9.13450E-01 
    5.39036E-02   3.26467E-02
