
 Phase Region for:
     FCC_A1#1                      
 col-1=T, col-2=W(FCC_A1#1,C), col-3=W(FCC_A1#1,CR), col-4=W(FCC_A1#1,FE),
   col-5=W(FCC_A1#1,MN), col-6=W(FCC_A1#1,NI), col-7=W(FCC_A1#1,SI),
   col-8=NP(FCC_A1#1),
   1.17300E+03   3.00000E-03   2.25002E-02   9.36998E-01   1.50005E-02 
    1.00000E-06   2.25002E-02   1.00000E+00
   1.18300E+03   3.00000E-03   2.25002E-02   9.36998E-01   1.50005E-02 
    1.00000E-06   2.25003E-02   1.00000E+00
   1.19300E+03   3.00000E-03   2.25002E-02   9.36998E-01   1.50005E-02 
    1.00000E-06   2.25003E-02   1.00000E+00
   1.20300E+03   3.00000E-03   2.25003E-02   9.36998E-01   1.50005E-02 
    1.00000E-06   2.25002E-02   1.00000E+00
   1.21300E+03   3.00000E-03   2.25002E-02   9.36998E-01   1.50005E-02 
    1.00000E-06   2.25003E-02   1.00000E+00
   1.22300E+03   3.00000E-03   2.25002E-02   9.36998E-01   1.50005E-02 
    1.00000E-06   2.25002E-02   1.00000E+00
   1.23300E+03   3.00000E-03   2.25002E-02   9.36998E-01   1.50005E-02 
    1.00000E-06   2.25002E-02   1.00000E+00
   1.24300E+03   3.00000E-03   2.25003E-02   9.36998E-01   1.50005E-02 
    1.00000E-06   2.25003E-02   1.00000E+00
   1.25300E+03   3.00000E-03   2.25003E-02   9.36998E-01   1.50005E-02 
    1.00000E-06   2.25003E-02   1.00000E+00
   1.26300E+03   3.00000E-03   2.25002E-02   9.36998E-01   1.50005E-02 
    1.00000E-06   2.25003E-02   1.00000E+00
   1.27300E+03   3.00000E-03   2.25003E-02   9.36998E-01   1.50005E-02 
    1.00000E-06   2.25002E-02   1.00000E+00
   1.28300E+03   3.00000E-03   2.25003E-02   9.36998E-01   1.50005E-02 
    1.00000E-06   2.25002E-02   1.00000E+00
   1.29300E+03   3.00000E-03   2.25002E-02   9.36998E-01   1.50005E-02 
    1.00000E-06   2.25002E-02   1.00000E+00
   1.30300E+03   3.00000E-03   2.25003E-02   9.36998E-01   1.50005E-02 
    1.00000E-06   2.25003E-02   1.00000E+00
   1.31300E+03   3.00000E-03   2.25003E-02   9.36998E-01   1.50005E-02 
    1.00000E-06   2.25003E-02   1.00000E+00
   1.32300E+03   3.00000E-03   2.25003E-02   9.36998E-01   1.50005E-02 
    1.00000E-06   2.25002E-02   1.00000E+00
   1.33300E+03   3.00000E-03   2.25003E-02   9.36998E-01   1.50005E-02 
    1.00000E-06   2.25003E-02   1.00000E+00
   1.34300E+03   3.00000E-03   2.25002E-02   9.36998E-01   1.50005E-02 
    1.00000E-06   2.25002E-02   1.00000E+00
   1.35300E+03   3.00000E-03   2.25002E-02   9.36998E-01   1.50005E-02 
    1.00000E-06   2.25002E-02   1.00000E+00
   1.36300E+03   3.00000E-03   2.25003E-02   9.36998E-01   1.50005E-02 
    1.00000E-06   2.25002E-02   1.00000E+00
   1.37300E+03   3.00000E-03   2.25002E-02   9.36998E-01   1.50005E-02 
    1.00000E-06   2.25002E-02   1.00000E+00
   1.38300E+03   3.00000E-03   2.25003E-02   9.36998E-01   1.50005E-02 
    1.00000E-06   2.25002E-02   1.00000E+00
   1.39300E+03   3.00000E-03   2.25003E-02   9.36998E-01   1.50005E-02 
    1.00000E-06   2.25002E-02   1.00000E+00
   1.40300E+03   3.00000E-03   2.25002E-02   9.36998E-01   1.50005E-02 
    1.00000E-06   2.25003E-02   1.00000E+00
   1.41300E+03   3.00000E-03   2.25002E-02   9.36998E-01   1.50005E-02 
    1.00000E-06   2.25002E-02   1.00000E+00
   1.42300E+03   3.00000E-03   2.25003E-02   9.36998E-01   1.50005E-02 
    1.00000E-06   2.25003E-02   1.00000E+00
   1.43300E+03   3.00000E-03   2.25003E-02   9.36998E-01   1.50005E-02 
    1.00000E-06   2.25003E-02   1.00000E+00
   1.44300E+03   3.00000E-03   2.25003E-02   9.36998E-01   1.50005E-02 
    1.00000E-06   2.25002E-02   1.00000E+00
   1.45300E+03   3.00000E-03   2.25002E-02   9.36998E-01   1.50005E-02 
    1.00000E-06   2.25003E-02   1.00000E+00
   1.46300E+03   3.00000E-03   2.25002E-02   9.36998E-01   1.50005E-02 
    1.00000E-06   2.25002E-02   1.00000E+00
   1.47300E+03   3.00000E-03   2.25003E-02   9.36998E-01   1.50005E-02 
    1.00000E-06   2.25002E-02   1.00000E+00

 Phase Region for:
     FCC_A1#1                      
 col-1=T, col-2=W(FCC_A1#1,C), col-3=W(FCC_A1#1,CR), col-4=W(FCC_A1#1,FE),
   col-5=W(FCC_A1#1,MN), col-6=W(FCC_A1#1,NI), col-7=W(FCC_A1#1,SI),
   col-8=NP(FCC_A1#1),
   1.17300E+03   3.00000E-03   2.25002E-02   9.36998E-01   1.50005E-02 
    1.00000E-06   2.25002E-02   1.00000E+00
   1.16300E+03   3.00000E-03   2.25003E-02   9.36998E-01   1.50005E-02 
    1.00000E-06   2.25002E-02   1.00000E+00
   1.15300E+03   3.00000E-03   2.25002E-02   9.36998E-01   1.50005E-02 
    1.00000E-06   2.25003E-02   1.00000E+00
   1.14300E+03   3.00000E-03   2.25002E-02   9.36998E-01   1.50005E-02 
    1.00000E-06   2.25002E-02   1.00000E+00
   1.13300E+03   3.00000E-03   2.25003E-02   9.36998E-01   1.50005E-02 
    1.00000E-06   2.25003E-02   1.00000E+00
   1.12300E+03   3.00000E-03   2.25003E-02   9.36998E-01   1.50005E-02 
    1.00000E-06   2.25002E-02   1.00000E+00
   1.11300E+03   3.00000E-03   2.25003E-02   9.36998E-01   1.50005E-02 
    1.00000E-06   2.25003E-02   1.00000E+00
   1.10300E+03   3.00000E-03   2.25002E-02   9.36998E-01   1.50005E-02 
    1.00000E-06   2.25003E-02   1.00000E+00
   1.09300E+03   3.00000E-03   2.25002E-02   9.36998E-01   1.50005E-02 
    1.00000E-06   2.25002E-02   1.00000E+00
   1.09206E+03   3.00000E-03   2.25003E-02   9.36998E-01   1.50005E-02 
    1.00000E-06   2.25003E-02   1.00000E+00

 Phase Region for:
     BCC_A2                        
     FCC_A1#1                      
 col-1=T, col-2=W(BCC_A2,C), col-3=W(BCC_A2,CR), col-4=W(BCC_A2,FE),
   col-5=W(BCC_A2,MN), col-6=W(BCC_A2,NI), col-7=W(BCC_A2,SI),
   col-8=W(FCC_A1#1,C), col-9=W(FCC_A1#1,CR), col-10=W(FCC_A1#1,FE),
   col-11=W(FCC_A1#1,MN), col-12=W(FCC_A1#1,NI), col-13=W(FCC_A1#1,SI),
   col-14=NP(BCC_A2), col-15=NP(FCC_A1#1),
   1.09206E+03   1.21863E-04   1.72064E-02   9.48297E-01   7.59597E-03 
    5.28108E-07   2.67783E-02   3.00000E-03   2.25003E-02   9.36998E-01 
    1.50005E-02   1.00000E-06   2.25002E-02   8.08277E-07   9.99999E-01
   1.08300E+03   1.23641E-04   1.72341E-02   9.48387E-01   7.71651E-03 
    5.40418E-07   2.65378E-02   3.22125E-03   2.29053E-02   9.36122E-01 
    1.55608E-02   1.03535E-06   2.21897E-02   7.09405E-02   9.29059E-01
   1.07300E+03   1.25594E-04   1.72581E-02   9.48480E-01   7.84391E-03 
    5.54115E-07   2.62915E-02   3.48719E-03   2.33887E-02   9.35052E-01 
    1.62135E-02   1.07557E-06   2.18577E-02   1.43912E-01   8.56088E-01
   1.06300E+03   1.27503E-04   1.72744E-02   9.48569E-01   7.96403E-03 
    5.67856E-07   2.60642E-02   3.77765E-03   2.39150E-02   9.33865E-01 
    1.69054E-02   1.11699E-06   2.15354E-02   2.11509E-01   7.88491E-01
   1.05300E+03   1.29334E-04   1.72821E-02   9.48658E-01   8.07547E-03 
    5.81566E-07   2.58545E-02   4.09444E-03   2.44896E-02   9.32553E-01 
    1.76407E-02   1.15953E-06   2.12215E-02   2.73974E-01   7.26026E-01
   1.04667E+03   1.30437E-04   1.72822E-02   9.48716E-01   8.14092E-03 
    5.90201E-07   2.57302E-02   4.30958E-03   2.48816E-02   9.31650E-01 
    1.81310E-02   1.18702E-06   2.10262E-02   3.11006E-01   6.88994E-01

 Phase Region for:
     BCC_A2                        
     CEMENTITE                     
     FCC_A1#1                      
 col-1=T, col-2=W(BCC_A2,C), col-3=W(BCC_A2,CR), col-4=W(BCC_A2,FE),
   col-5=W(BCC_A2,MN), col-6=W(BCC_A2,NI), col-7=W(BCC_A2,SI),
   col-8=W(CEMENTITE,C), col-9=W(CEMENTITE,CR), col-10=W(CEMENTITE,FE),
   col-11=W(CEMENTITE,MN), col-12=W(CEMENTITE,NI), col-13=W(CEMENTITE,SI),
   col-14=W(FCC_A1#1,C), col-15=W(FCC_A1#1,CR), col-16=W(FCC_A1#1,FE),
   col-17=W(FCC_A1#1,MN), col-18=W(FCC_A1#1,NI), col-19=W(FCC_A1#1,SI),
   col-20=NP(BCC_A2), col-21=NP(CEMENTITE), col-22=NP(FCC_A1#1),
   1.04667E+03   1.30437E-04   1.72822E-02   9.48716E-01   8.14093E-03 
    5.90202E-07   2.57302E-02   6.81414E-02   2.45723E-01   6.59332E-01 
    2.68038E-02   8.24215E-08   0.00000E+00   4.30958E-03   2.48816E-02 
    9.31650E-01   1.81310E-02   1.18702E-06   2.10262E-02   3.11009E-01 
    2.57216E-07   6.88991E-01
   1.04300E+03   1.26433E-04   1.66263E-02   9.49250E-01   8.68991E-03 
    6.31692E-07   2.53066E-02   6.81214E-02   2.41136E-01   6.61438E-01 
    2.93048E-02   8.86315E-08   0.00000E+00   4.29845E-03   2.40362E-02 
    9.31434E-01   1.95350E-02   1.28749E-06   2.06948E-02   4.21418E-01 
    9.08745E-03   5.69494E-01
   1.03300E+03   1.14880E-04   1.51452E-02   9.49980E-01   1.03779E-02 
    7.64836E-07   2.43809E-02   6.80793E-02   2.30893E-01   6.63900E-01 
    3.71280E-02   1.08338E-07   0.00000E+00   4.23085E-03   2.20663E-02 
    9.29800E-01   2.38783E-02   1.62122E-06   2.00231E-02   6.75689E-01 
    3.01834E-02   2.94128E-01
   1.02300E+03   1.02762E-04   1.40586E-02   9.49797E-01   1.22953E-02 
    9.32420E-07   2.37458E-02   6.80552E-02   2.23992E-01   6.61691E-01 
    4.62612E-02   1.32590E-07   0.00000E+00   4.11216E-03   2.05444E-02 
    9.26830E-01   2.88677E-02   2.06366E-06   1.96433E-02   8.67694E-01 
    4.59105E-02   8.63956E-02
   1.01773E+03   9.63435E-05   1.36140E-02   9.49413E-01   1.33709E-02 
    1.03805E-06   2.35046E-02   6.80491E-02   2.21575E-01   6.58868E-01 
    5.15079E-02   1.47589E-07   0.00000E+00   4.03253E-03   1.98931E-02 
    9.24839E-01   3.16976E-02   2.35350E-06   1.95356E-02   9.47753E-01 
    5.22465E-02   0.00000E+00

 Phase Region for:
     BCC_A2                        
     CEMENTITE                     
 col-1=T, col-2=W(BCC_A2,C), col-3=W(BCC_A2,CR), col-4=W(BCC_A2,FE),
   col-5=W(BCC_A2,MN), col-6=W(BCC_A2,NI), col-7=W(BCC_A2,SI),
   col-8=W(CEMENTITE,C), col-9=W(CEMENTITE,CR), col-10=W(CEMENTITE,FE),
   col-11=W(CEMENTITE,MN), col-12=W(CEMENTITE,NI), col-13=W(CEMENTITE,SI),
   col-14=NP(BCC_A2), col-15=NP(CEMENTITE),
   1.01773E+03   9.63435E-05   1.36140E-02   9.49413E-01   1.33709E-02 
    1.03805E-06   2.35046E-02   6.80491E-02   2.21575E-01   6.58868E-01 
    5.15079E-02   1.47589E-07   0.00000E+00   9.47753E-01   5.22465E-02  NONE
   1.01300E+03   9.04335E-05   1.34872E-02   9.49587E-01   1.33279E-02 
    1.03816E-06   2.35065E-02   6.80623E-02   2.24045E-01   6.55490E-01 
    5.24027E-02   1.46762E-07   0.00000E+00   9.47652E-01   5.23483E-02  NONE
   1.00300E+03   7.89086E-05   1.32144E-02   9.49965E-01   1.32305E-02 
    1.03837E-06   2.35100E-02   6.80912E-02   2.29417E-01   6.48050E-01 
    5.44416E-02   1.45106E-07   0.00000E+00   9.47453E-01   5.25467E-02  NONE
   9.93000E+02   6.85945E-05   1.29342E-02   9.50360E-01   1.31228E-02 
    1.03855E-06   2.35131E-02   6.81214E-02   2.35011E-01   6.40154E-01 
    5.67130E-02   1.43590E-07   0.00000E+00   9.47276E-01   5.27242E-02  NONE
   9.83000E+02   5.92618E-05   1.26380E-02   9.50803E-01   1.29831E-02 
    1.03870E-06   2.35158E-02   6.81544E-02   2.41006E-01   6.31143E-01 
    5.96966E-02   1.42654E-07   0.00000E+00   9.47115E-01   5.28848E-02  NONE
   9.73000E+02   5.10055E-05   1.23354E-02   9.51262E-01   1.28328E-02 
    1.03882E-06   2.35181E-02   6.81886E-02   2.47197E-01   6.21695E-01 
    6.29190E-02   1.41814E-07   0.00000E+00   9.46973E-01   5.30269E-02  NONE
   9.63000E+02   4.37670E-05   1.20295E-02   9.51726E-01   1.26797E-02 
    1.03894E-06   2.35201E-02   6.82236E-02   2.53517E-01   6.12055E-01 
    6.62050E-02   1.40909E-07   0.00000E+00   9.46849E-01   5.31513E-02  NONE
   9.53000E+02   3.74376E-05   1.17201E-02   9.52196E-01   1.25238E-02 
    1.03904E-06   2.35217E-02   6.82592E-02   2.59965E-01   6.02219E-01 
    6.95572E-02   1.39948E-07   0.00000E+00   9.46740E-01   5.32602E-02  NONE
   9.43000E+02   3.19184E-05   1.14071E-02   9.52672E-01   1.23651E-02 
    1.03914E-06   2.35230E-02   6.82956E-02   2.66541E-01   5.92185E-01 
    7.29781E-02   1.38941E-07   0.00000E+00   9.46645E-01   5.33551E-02  NONE
   9.33000E+02   2.71199E-05   1.10905E-02   9.53154E-01   1.22034E-02 
    1.03923E-06   2.35241E-02   6.83327E-02   2.73244E-01   5.81952E-01 
    7.64707E-02   1.37896E-07   0.00000E+00   9.46562E-01   5.34376E-02  NONE
   9.23000E+02   2.29609E-05   1.07701E-02   9.53642E-01   1.20386E-02 
    1.03931E-06   2.35249E-02   6.83705E-02   2.80073E-01   5.71519E-01 
    8.00377E-02   1.36823E-07   0.00000E+00   9.46491E-01   5.35091E-02  NONE
   9.13000E+02   1.93681E-05   1.04462E-02   9.54137E-01   1.18707E-02 
    1.03938E-06   2.35256E-02   6.84089E-02   2.87022E-01   5.60886E-01 
    8.36823E-02   1.35731E-07   0.00000E+00   9.46429E-01   5.35708E-02  NONE
   9.03000E+02   1.62749E-05   1.01188E-02   9.54638E-01   1.16995E-02 
    1.03945E-06   2.35260E-02   6.84481E-02   2.94088E-01   5.50056E-01 
    8.74076E-02   1.34626E-07   0.00000E+00   9.46376E-01   5.36240E-02  NONE
   8.93000E+02   1.36215E-05   9.78803E-03   9.55146E-01   1.15249E-02 
    1.03951E-06   2.35263E-02   6.84878E-02   3.01265E-01   5.39031E-01 
    9.12167E-02   1.33519E-07   0.00000E+00   9.46330E-01   5.36696E-02  NONE
   8.83000E+02   1.13540E-05   9.45425E-03   9.55660E-01   1.13467E-02 
    1.03957E-06   2.35265E-02   6.85282E-02   3.08543E-01   5.27816E-01 
    9.51129E-02   1.32416E-07   0.00000E+00   9.46291E-01   5.37085E-02  NONE
   8.73000E+02   9.42380E-06   9.11773E-03   9.56181E-01   1.11648E-02 
    1.03962E-06   2.35265E-02   6.85691E-02   3.15915E-01   5.16416E-01 
    9.90993E-02   1.31324E-07   0.00000E+00   9.46258E-01   5.37417E-02  NONE
   8.63000E+02   7.78747E-06   8.77885E-03   9.56707E-01   1.09791E-02 
    1.03967E-06   2.35264E-02   6.86106E-02   3.23371E-01   5.04839E-01 
    1.03179E-01   1.30252E-07   0.00000E+00   9.46230E-01   5.37698E-02  NONE
   8.53000E+02   6.40617E-06   8.43807E-03   9.57239E-01   1.07893E-02 
    1.03971E-06   2.35262E-02   6.86525E-02   3.30898E-01   4.93094E-01 
    1.07356E-01   1.29205E-07   0.00000E+00   9.46206E-01   5.37936E-02  NONE
   8.43000E+02   5.24531E-06   8.09591E-03   9.57776E-01   1.05955E-02 
    1.03974E-06   2.35259E-02   6.86948E-02   3.38483E-01   4.81191E-01 
    1.11632E-01   1.28190E-07   0.00000E+00   9.46186E-01   5.38135E-02  NONE
   8.33000E+02   4.27418E-06   7.75293E-03   9.58319E-01   1.03974E-02 
    1.03977E-06   2.35256E-02   6.87375E-02   3.46112E-01   4.69140E-01 
    1.16010E-01   1.27214E-07   0.00000E+00   9.46170E-01   5.38302E-02  NONE
   8.23000E+02   3.46560E-06   7.40977E-03   9.58866E-01   1.01949E-02 
    1.03980E-06   2.35252E-02   6.87804E-02   3.53769E-01   4.56956E-01 
    1.20495E-01   1.26280E-07   0.00000E+00   9.46156E-01   5.38441E-02  NONE
   8.13000E+02   2.79567E-06   7.06713E-03   9.59416E-01   9.98780E-03 
    1.03982E-06   2.35248E-02   6.88234E-02   3.61436E-01   4.44653E-01 
    1.25087E-01   1.25395E-07   0.00000E+00   9.46144E-01   5.38556E-02  NONE
   8.03000E+02   2.24341E-06   6.72575E-03   9.59971E-01   9.77609E-03 
    1.03984E-06   2.35243E-02   6.88666E-02   3.69097E-01   4.32245E-01 
    1.29791E-01   1.24563E-07   0.00000E+00   9.46135E-01   5.38651E-02  NONE
   7.93000E+02   1.79052E-06   6.38641E-03   9.60527E-01   9.55961E-03 
    1.03986E-06   2.35238E-02   6.89097E-02   3.76731E-01   4.19751E-01 
    1.34608E-01   1.23787E-07   0.00000E+00   9.46127E-01   5.38729E-02  NONE
   7.83000E+02   1.42112E-06   6.04992E-03   9.61086E-01   9.33826E-03 
    1.03987E-06   2.35232E-02   6.89528E-02   3.84320E-01   4.07187E-01 
    1.39540E-01   1.23071E-07   0.00000E+00   9.46121E-01   5.38792E-02  NONE
   7.73000E+02   1.12148E-06   5.71713E-03   9.61646E-01   9.11196E-03 
    1.03988E-06   2.35227E-02   6.89957E-02   3.91843E-01   3.94573E-01 
    1.44588E-01   1.22417E-07   0.00000E+00   9.46116E-01   5.38844E-02  NONE
   7.63000E+02   8.79812E-07   5.38891E-03   9.62206E-01   8.88065E-03 
    1.03988E-06   2.35221E-02   6.90382E-02   3.99278E-01   3.81929E-01 
    1.49755E-01   1.21828E-07   0.00000E+00   9.46111E-01   5.38885E-02  NONE
   7.53000E+02   6.86035E-07   5.06610E-03   9.62766E-01   8.64429E-03 
    1.03988E-06   2.35215E-02   6.90804E-02   4.06606E-01   3.69274E-01 
    1.55039E-01   1.21303E-07   0.00000E+00   9.46108E-01   5.38919E-02  NONE
   7.43000E+02   5.31597E-07   4.74957E-03   9.63325E-01   8.40286E-03 
    1.03988E-06   2.35209E-02   6.91220E-02   4.13807E-01   3.56629E-01 
    1.60443E-01   1.20845E-07   0.00000E+00   9.46105E-01   5.38945E-02  NONE
   7.33000E+02   4.09273E-07   4.44016E-03   9.63882E-01   8.15640E-03 
    1.03988E-06   2.35203E-02   6.91631E-02   4.20858E-01   3.44015E-01 
    1.65963E-01   1.20452E-07   0.00000E+00   9.46103E-01   5.38966E-02  NONE
   7.23000E+02   3.13005E-07   4.13868E-03   9.64435E-01   7.90494E-03 
    1.03987E-06   2.35197E-02   6.92034E-02   4.27742E-01   3.31454E-01 
    1.71600E-01   1.20122E-07   0.00000E+00   9.46102E-01   5.38983E-02  NONE
   7.13000E+02   2.37740E-07   3.84590E-03   9.64985E-01   7.64860E-03 
    1.03986E-06   2.35192E-02   6.92430E-02   4.34439E-01   3.18967E-01 
    1.77350E-01   1.19855E-07   0.00000E+00   9.46100E-01   5.38996E-02  NONE
   7.03000E+02   1.79295E-07   3.56253E-03   9.65530E-01   7.38753E-03 
    1.03984E-06   2.35186E-02   6.92816E-02   4.40933E-01   3.06575E-01 
    1.83211E-01   1.19646E-07   0.00000E+00   9.46099E-01   5.39006E-02  NONE
   6.93000E+02   1.34229E-07   3.28925E-03   9.66070E-01   7.12191E-03 
    1.03983E-06   2.35180E-02   6.93193E-02   4.47206E-01   2.94299E-01 
    1.89176E-01   1.19493E-07   0.00000E+00   9.46099E-01   5.39013E-02  NONE
   6.83000E+02   9.97298E-08   3.02662E-03   9.66603E-01   6.85200E-03 
    1.03981E-06   2.35175E-02   6.93559E-02   4.53245E-01   2.82159E-01 
    1.95240E-01   1.19390E-07   0.00000E+00   9.46098E-01   5.39019E-02  NONE
   6.73000E+02   7.35178E-08   2.77519E-03   9.67129E-01   6.57811E-03 
    1.03979E-06   2.35169E-02   6.93914E-02   4.59036E-01   2.70176E-01 
    2.01397E-01   1.19333E-07   0.00000E+00   9.46098E-01   5.39024E-02  NONE
