
 Phase Region for:
     FCC_A1#1                      
 col-1=T, col-2=X(FCC_A1#1,C), col-3=X(FCC_A1#1,CR), col-4=X(FCC_A1#1,FE),
   col-5=X(FCC_A1#1,MN), col-6=X(FCC_A1#1,NI), col-7=X(FCC_A1#1,SI),
   col-8=NP(FCC_A1#1),
   1.17300E+03   1.34687E-02   3.11125E-02   8.97495E-01   1.47237E-02 
    9.18796E-07   4.31997E-02   1.00000E+00
   1.18300E+03   1.34687E-02   3.11125E-02   8.97495E-01   1.47237E-02 
    9.18796E-07   4.31997E-02   1.00000E+00
   1.19300E+03   1.34687E-02   3.11125E-02   8.97495E-01   1.47237E-02 
    9.18796E-07   4.31997E-02   1.00000E+00
   1.20300E+03   1.34687E-02   3.11125E-02   8.97495E-01   1.47237E-02 
    9.18796E-07   4.31997E-02   1.00000E+00
   1.21300E+03   1.34687E-02   3.11125E-02   8.97495E-01   1.47237E-02 
    9.18796E-07   4.31997E-02   1.00000E+00
   1.22300E+03   1.34687E-02   3.11125E-02   8.97495E-01   1.47237E-02 
    9.18796E-07   4.31997E-02   1.00000E+00
   1.23300E+03   1.34687E-02   3.11125E-02   8.97495E-01   1.47237E-02 
    9.18796E-07   4.31997E-02   1.00000E+00
   1.24300E+03   1.34687E-02   3.11125E-02   8.97495E-01   1.47237E-02 
    9.18796E-07   4.31997E-02   1.00000E+00
   1.25300E+03   1.34687E-02   3.11125E-02   8.97495E-01   1.47237E-02 
    9.18796E-07   4.31997E-02   1.00000E+00
   1.26300E+03   1.34687E-02   3.11125E-02   8.97495E-01   1.47237E-02 
    9.18796E-07   4.31997E-02   1.00000E+00
   1.27300E+03   1.34687E-02   3.11125E-02   8.97495E-01   1.47237E-02 
    9.18796E-07   4.31997E-02   1.00000E+00
   1.28300E+03   1.34687E-02   3.11125E-02   8.97495E-01   1.47237E-02 
    9.18796E-07   4.31997E-02   1.00000E+00
   1.29300E+03   1.34687E-02   3.11125E-02   8.97495E-01   1.47237E-02 
    9.18796E-07   4.31997E-02   1.00000E+00
   1.30300E+03   1.34687E-02   3.11125E-02   8.97495E-01   1.47237E-02 
    9.18796E-07   4.31997E-02   1.00000E+00
   1.31300E+03   1.34687E-02   3.11125E-02   8.97495E-01   1.47237E-02 
    9.18796E-07   4.31997E-02   1.00000E+00
   1.32300E+03   1.34687E-02   3.11125E-02   8.97495E-01   1.47237E-02 
    9.18796E-07   4.31997E-02   1.00000E+00
   1.33300E+03   1.34687E-02   3.11125E-02   8.97495E-01   1.47237E-02 
    9.18796E-07   4.31997E-02   1.00000E+00
   1.34300E+03   1.34687E-02   3.11125E-02   8.97495E-01   1.47237E-02 
    9.18796E-07   4.31997E-02   1.00000E+00
   1.35300E+03   1.34687E-02   3.11125E-02   8.97495E-01   1.47237E-02 
    9.18796E-07   4.31997E-02   1.00000E+00
   1.36300E+03   1.34687E-02   3.11125E-02   8.97495E-01   1.47237E-02 
    9.18796E-07   4.31997E-02   1.00000E+00
   1.37300E+03   1.34687E-02   3.11125E-02   8.97495E-01   1.47237E-02 
    9.18796E-07   4.31997E-02   1.00000E+00
   1.38300E+03   1.34687E-02   3.11125E-02   8.97495E-01   1.47237E-02 
    9.18796E-07   4.31997E-02   1.00000E+00
   1.39300E+03   1.34687E-02   3.11125E-02   8.97495E-01   1.47237E-02 
    9.18796E-07   4.31997E-02   1.00000E+00
   1.40300E+03   1.34687E-02   3.11125E-02   8.97495E-01   1.47237E-02 
    9.18796E-07   4.31997E-02   1.00000E+00
   1.41300E+03   1.34687E-02   3.11125E-02   8.97495E-01   1.47237E-02 
    9.18796E-07   4.31997E-02   1.00000E+00
   1.42300E+03   1.34687E-02   3.11125E-02   8.97495E-01   1.47237E-02 
    9.18796E-07   4.31997E-02   1.00000E+00
   1.43300E+03   1.34687E-02   3.11125E-02   8.97495E-01   1.47237E-02 
    9.18796E-07   4.31997E-02   1.00000E+00
   1.44300E+03   1.34687E-02   3.11125E-02   8.97495E-01   1.47237E-02 
    9.18796E-07   4.31997E-02   1.00000E+00
   1.45300E+03   1.34687E-02   3.11125E-02   8.97495E-01   1.47237E-02 
    9.18796E-07   4.31997E-02   1.00000E+00
   1.46300E+03   1.34687E-02   3.11125E-02   8.97495E-01   1.47237E-02 
    9.18796E-07   4.31997E-02   1.00000E+00
   1.47300E+03   1.34687E-02   3.11125E-02   8.97495E-01   1.47237E-02 
    9.18796E-07   4.31997E-02   1.00000E+00

 Phase Region for:
     FCC_A1#1                      
 col-1=T, col-2=X(FCC_A1#1,C), col-3=X(FCC_A1#1,CR), col-4=X(FCC_A1#1,FE),
   col-5=X(FCC_A1#1,MN), col-6=X(FCC_A1#1,NI), col-7=X(FCC_A1#1,SI),
   col-8=NP(FCC_A1#1),
   1.17300E+03   1.34687E-02   3.11125E-02   8.97495E-01   1.47237E-02 
    9.18796E-07   4.31997E-02   1.00000E+00
   1.16300E+03   1.34687E-02   3.11125E-02   8.97495E-01   1.47237E-02 
    9.18796E-07   4.31997E-02   1.00000E+00
   1.15300E+03   1.34687E-02   3.11125E-02   8.97495E-01   1.47237E-02 
    9.18796E-07   4.31997E-02   1.00000E+00
   1.14300E+03   1.34687E-02   3.11125E-02   8.97495E-01   1.47237E-02 
    9.18796E-07   4.31997E-02   1.00000E+00
   1.13300E+03   1.34687E-02   3.11125E-02   8.97495E-01   1.47237E-02 
    9.18796E-07   4.31997E-02   1.00000E+00
   1.12300E+03   1.34687E-02   3.11125E-02   8.97495E-01   1.47237E-02 
    9.18796E-07   4.31997E-02   1.00000E+00
   1.11300E+03   1.34687E-02   3.11125E-02   8.97495E-01   1.47237E-02 
    9.18796E-07   4.31997E-02   1.00000E+00
   1.10300E+03   1.34687E-02   3.11125E-02   8.97495E-01   1.47237E-02 
    9.18796E-07   4.31997E-02   1.00000E+00
   1.09300E+03   1.34687E-02   3.11125E-02   8.97495E-01   1.47237E-02 
    9.18796E-07   4.31997E-02   1.00000E+00
   1.08378E+03   1.34687E-02   3.11125E-02   8.97495E-01   1.47237E-02 
    9.18796E-07   4.31997E-02   1.00000E+00

 Phase Region for:
     BCC_A2                        
     FCC_A1#1                      
 col-1=T, col-2=X(BCC_A2,C), col-3=X(BCC_A2,CR), col-4=X(BCC_A2,FE),
   col-5=X(BCC_A2,MN), col-6=X(BCC_A2,NI), col-7=X(BCC_A2,SI),
   col-8=X(FCC_A1#1,C), col-9=X(FCC_A1#1,CR), col-10=X(FCC_A1#1,FE),
   col-11=X(FCC_A1#1,MN), col-12=X(FCC_A1#1,NI), col-13=X(FCC_A1#1,SI),
   col-14=NP(BCC_A2), col-15=NP(FCC_A1#1),
   1.08378E+03   5.33643E-04   2.42633E-02   9.16142E-01   7.48349E-03 
    4.86640E-07   5.15773E-02   1.34687E-02   3.11125E-02   8.97495E-01 
    1.47237E-02   9.18796E-07   4.31997E-02   8.35616E-07   9.99999E-01
   1.08300E+03   5.34392E-04   2.42668E-02   9.16167E-01   7.49452E-03 
    4.87685E-07   5.15366E-02   1.35530E-02   3.11571E-02   8.97373E-01 
    1.47708E-02   9.21606E-07   4.31453E-02   6.47703E-03   9.93523E-01
   1.07300E+03   5.44014E-04   2.43075E-02   9.16480E-01   7.63355E-03 
    5.01221E-07   5.10348E-02   1.46931E-02   3.17571E-02   8.95696E-01 
    1.53953E-02   9.58354E-07   4.24574E-02   8.65358E-02   9.13464E-01
   1.06300E+03   5.53476E-04   2.43382E-02   9.16769E-01   7.76617E-03 
    5.14871E-07   5.05730E-02   1.59409E-02   3.24092E-02   8.93805E-01 
    1.60555E-02   9.96114E-07   4.17883E-02   1.60664E-01   8.39336E-01
   1.05433E+03   5.61408E-04   2.43557E-02   9.17005E-01   7.87480E-03 
    5.26740E-07   5.02029E-02   1.71161E-02   3.30219E-02   8.91981E-01 
    1.66591E-02   1.02959E-06   4.12206E-02   2.20327E-01   7.79673E-01

 Phase Region for:
     BCC_A2                        
     CEMENTITE                     
     FCC_A1#1                      
 col-1=T, col-2=X(BCC_A2,C), col-3=X(BCC_A2,CR), col-4=X(BCC_A2,FE),
   col-5=X(BCC_A2,MN), col-6=X(BCC_A2,NI), col-7=X(BCC_A2,SI),
   col-8=X(CEMENTITE,C), col-9=X(CEMENTITE,CR), col-10=X(CEMENTITE,FE),
   col-11=X(CEMENTITE,MN), col-12=X(CEMENTITE,NI), col-13=X(CEMENTITE,SI),
   col-14=X(FCC_A1#1,C), col-15=X(FCC_A1#1,CR), col-16=X(FCC_A1#1,FE),
   col-17=X(FCC_A1#1,MN), col-18=X(FCC_A1#1,NI), col-19=X(FCC_A1#1,SI),
   col-20=NP(BCC_A2), col-21=NP(CEMENTITE), col-22=NP(FCC_A1#1),
   1.05433E+03   5.61408E-04   2.43557E-02   9.17005E-01   7.87481E-03 
    5.26741E-07   5.02029E-02   2.50000E-01   2.56248E-01   4.75432E-01 
    1.83192E-02   5.30560E-08   0.00000E+00   1.71161E-02   3.30218E-02 
    8.91981E-01   1.66591E-02   1.02959E-06   4.12206E-02   2.20331E-01 
    2.47029E-07   7.79669E-01
   1.05300E+03   5.55182E-04   2.40642E-02   9.17428E-01   8.06532E-03 
    5.39855E-07   4.98867E-02   2.50000E-01   2.55036E-01   4.76044E-01 
    1.89204E-02   5.44102E-08   0.00000E+00   1.71009E-02   3.26752E-02 
    8.92137E-01   1.71178E-02   1.05994E-06   4.09678E-02   2.65121E-01 
    3.23906E-03   7.31640E-01
   1.04300E+03   5.06215E-04   2.21516E-02   9.19786E-01   9.66091E-03 
    6.52366E-07   4.78945E-02   2.50000E-01   2.47208E-01   4.78763E-01 
    2.40282E-02   6.59537E-08   0.00000E+00   1.68672E-02   3.03419E-02 
    8.92360E-01   2.09802E-02   1.32770E-06   3.94490E-02   5.59377E-01 
    2.46789E-02   4.15944E-01
   1.03300E+03   4.54623E-04   2.07024E-02   9.20836E-01   1.14987E-02 
    7.91753E-07   4.65071E-02   2.50000E-01   2.41878E-01   4.78054E-01 
    3.00679E-02   7.99834E-08   0.00000E+00   1.64254E-02   2.84826E-02 
    8.91080E-01   2.54800E-02   1.67687E-06   3.85304E-02   7.82747E-01 
    4.08622E-02   1.76391E-01
   1.02301E+03   4.02581E-04   1.96321E-02   9.20877E-01   1.35017E-02 
    9.64197E-07   4.55861E-02   2.50000E-01   2.38938E-01   4.74218E-01 
    3.68442E-02   9.69066E-08   0.00000E+00   1.58088E-02   2.70297E-02 
    8.88630E-01   3.04592E-02   2.13203E-06   3.80702E-02   9.47651E-01 
    5.23487E-02   0.00000E+00

 Phase Region for:
     BCC_A2                        
     CEMENTITE                     
 col-1=T, col-2=X(BCC_A2,C), col-3=X(BCC_A2,CR), col-4=X(BCC_A2,FE),
   col-5=X(BCC_A2,MN), col-6=X(BCC_A2,NI), col-7=X(BCC_A2,SI),
   col-8=X(CEMENTITE,C), col-9=X(CEMENTITE,CR), col-10=X(CEMENTITE,FE),
   col-11=X(CEMENTITE,MN), col-12=X(CEMENTITE,NI), col-13=X(CEMENTITE,SI),
   col-14=NP(BCC_A2), col-15=NP(CEMENTITE),
   1.02301E+03   4.02581E-04   1.96321E-02   9.20877E-01   1.35017E-02 
    9.64197E-07   4.55861E-02   2.50000E-01   2.38938E-01   4.74218E-01 
    3.68442E-02   9.69066E-08   0.00000E+00   9.47651E-01   5.23487E-02  NONE
   1.02300E+03   4.02531E-04   1.96318E-02   9.20877E-01   1.35017E-02 
    9.64198E-07   4.55861E-02   2.50000E-01   2.38943E-01   4.74212E-01 
    3.68452E-02   9.69052E-08   0.00000E+00   9.47651E-01   5.23489E-02  NONE
   1.01300E+03   3.50228E-04   1.92788E-02   9.21346E-01   1.34283E-02 
    9.64460E-07   4.55956E-02   2.50000E-01   2.44479E-01   4.67440E-01 
    3.80802E-02   9.54452E-08   0.00000E+00   9.47453E-01   5.25474E-02  NONE
   1.00300E+03   3.03525E-04   1.89163E-02   9.21827E-01   1.33477E-02 
    9.64700E-07   4.56041E-02   2.50000E-01   2.50235E-01   4.60320E-01 
    3.94455E-02   9.40606E-08   0.00000E+00   9.47275E-01   5.27247E-02  NONE
   9.93000E+02   2.61945E-04   1.85437E-02   9.22323E-01   1.32585E-02 
    9.64917E-07   4.56117E-02   2.50000E-01   2.56218E-01   4.52817E-01 
    4.09649E-02   9.27655E-08   0.00000E+00   9.47118E-01   5.28824E-02  NONE
   9.83000E+02   2.24618E-04   1.81524E-02   9.22858E-01   1.31455E-02 
    9.65103E-07   4.56186E-02   2.50000E-01   2.62572E-01   4.44518E-01 
    4.29094E-02   9.17682E-08   0.00000E+00   9.46976E-01   5.30239E-02  NONE
   9.73000E+02   1.91608E-04   1.77484E-02   9.23417E-01   1.30170E-02 
    9.65266E-07   4.56246E-02   2.50000E-01   2.69193E-01   4.35679E-01 
    4.51276E-02   9.09269E-08   0.00000E+00   9.46851E-01   5.31490E-02  NONE
   9.63000E+02   1.62887E-04   1.73398E-02   9.23980E-01   1.28868E-02 
    9.65416E-07   4.56298E-02   2.50000E-01   2.75943E-01   4.26681E-01 
    4.73760E-02   9.00490E-08   0.00000E+00   9.46742E-01   5.32579E-02  NONE
   9.53000E+02   1.37972E-04   1.69263E-02   9.24545E-01   1.27549E-02 
    9.65554E-07   4.56344E-02   2.50000E-01   2.82823E-01   4.17521E-01 
    4.96553E-02   8.91410E-08   0.00000E+00   9.46648E-01   5.33523E-02  NONE
   9.43000E+02   1.16429E-04   1.65076E-02   9.25115E-01   1.26213E-02 
    9.65683E-07   4.56383E-02   2.50000E-01   2.89833E-01   4.08201E-01 
    5.19665E-02   8.82090E-08   0.00000E+00   9.46566E-01   5.34339E-02  NONE
   9.33000E+02   9.78631E-05   1.60839E-02   9.25690E-01   1.24859E-02 
    9.65802E-07   4.56417E-02   2.50000E-01   2.96969E-01   3.98720E-01 
    5.43104E-02   8.72586E-08   0.00000E+00   9.46496E-01   5.35042E-02  NONE
   9.23000E+02   8.19206E-05   1.56551E-02   9.26269E-01   1.23487E-02 
    9.65912E-07   4.56446E-02   2.50000E-01   3.04230E-01   3.89082E-01 
    5.66879E-02   8.62954E-08   0.00000E+00   9.46435E-01   5.35646E-02  NONE
   9.13000E+02   6.82821E-05   1.52212E-02   9.26853E-01   1.22096E-02 
    9.66015E-07   4.56471E-02   2.50000E-01   3.11611E-01   3.79289E-01 
    5.91002E-02   8.53244E-08   0.00000E+00   9.46384E-01   5.36163E-02  NONE
   9.03000E+02   5.66610E-05   1.47824E-02   9.27442E-01   1.20686E-02 
    9.66111E-07   4.56492E-02   2.50000E-01   3.19105E-01   3.69347E-01 
    6.15482E-02   8.43501E-08   0.00000E+00   9.46340E-01   5.36603E-02  NONE
   8.93000E+02   4.67999E-05   1.43391E-02   9.28036E-01   1.19256E-02 
    9.66201E-07   4.56510E-02   2.50000E-01   3.26706E-01   3.59261E-01 
    6.40329E-02   8.33770E-08   0.00000E+00   9.46302E-01   5.36976E-02  NONE
   8.83000E+02   3.84689E-05   1.38915E-02   9.28636E-01   1.17807E-02 
    9.66286E-07   4.56526E-02   2.50000E-01   3.34405E-01   3.49039E-01 
    6.65552E-02   8.24087E-08   0.00000E+00   9.46271E-01   5.37291E-02  NONE
   8.73000E+02   3.14626E-05   1.34402E-02   9.29240E-01   1.16337E-02 
    9.66365E-07   4.56538E-02   2.50000E-01   3.42193E-01   3.38691E-01 
    6.91162E-02   8.14486E-08   0.00000E+00   9.46244E-01   5.37557E-02  NONE
   8.63000E+02   2.55985E-05   1.29855E-02   9.29849E-01   1.14845E-02 
    9.66440E-07   4.56549E-02   2.50000E-01   3.50056E-01   3.28227E-01 
    7.17167E-02   8.04995E-08   0.00000E+00   9.46222E-01   5.37779E-02  NONE
   8.53000E+02   2.07148E-05   1.25282E-02   9.30461E-01   1.13332E-02 
    9.66510E-07   4.56558E-02   2.50000E-01   3.57984E-01   3.17658E-01 
    7.43576E-02   7.95636E-08   0.00000E+00   9.46204E-01   5.37963E-02  NONE
   8.43000E+02   1.66688E-05   1.20689E-02   9.31077E-01   1.11796E-02 
    9.66577E-07   4.56565E-02   2.50000E-01   3.65962E-01   3.06999E-01 
    7.70396E-02   7.86426E-08   0.00000E+00   9.46188E-01   5.38117E-02  NONE
   8.33000E+02   1.33348E-05   1.16084E-02   9.31696E-01   1.10238E-02 
    9.66640E-07   4.56571E-02   2.50000E-01   3.73974E-01   2.96263E-01 
    7.97634E-02   7.77375E-08   0.00000E+00   9.46176E-01   5.38243E-02  NONE
   8.23000E+02   1.06030E-05   1.11476E-02   9.32318E-01   1.08657E-02 
    9.66701E-07   4.56576E-02   2.50000E-01   3.82003E-01   2.85467E-01 
    8.25296E-02   7.68485E-08   0.00000E+00   9.46165E-01   5.38346E-02  NONE
   8.13000E+02   8.37774E-06   1.06873E-02   9.32940E-01   1.07052E-02 
    9.66758E-07   4.56581E-02   2.50000E-01   3.90034E-01   2.74628E-01 
    8.53387E-02   7.59754E-08   0.00000E+00   9.46157E-01   5.38430E-02  NONE
   8.03000E+02   6.57612E-06   1.02286E-02   9.33563E-01   1.05423E-02 
    9.66814E-07   4.56584E-02   2.50000E-01   3.98046E-01   2.63763E-01 
    8.81910E-02   7.51167E-08   0.00000E+00   9.46150E-01   5.38499E-02  NONE
   7.93000E+02   5.12672E-06   9.77235E-03   9.34186E-01   1.03770E-02 
    9.66867E-07   4.56586E-02   2.50000E-01   4.06021E-01   2.52892E-01 
    9.10866E-02   7.42707E-08   0.00000E+00   9.46145E-01   5.38553E-02  NONE
   7.83000E+02   3.96836E-06   9.31975E-03   9.34807E-01   1.02094E-02 
    9.66919E-07   4.56589E-02   2.50000E-01   4.13940E-01   2.42035E-01 
    9.40255E-02   7.34343E-08   0.00000E+00   9.46140E-01   5.38597E-02  NONE
   7.73000E+02   3.04894E-06   8.87183E-03   9.35426E-01   1.00393E-02 
    9.66969E-07   4.56590E-02   2.50000E-01   4.21781E-01   2.31211E-01 
    9.70074E-02   7.26037E-08   0.00000E+00   9.46137E-01   5.38632E-02  NONE
   7.63000E+02   2.32440E-06   8.42970E-03   9.36041E-01   9.86685E-03 
    9.67019E-07   4.56592E-02   2.50000E-01   4.29526E-01   2.20442E-01 
    1.00032E-01   7.17745E-08   0.00000E+00   9.46134E-01   5.38659E-02  NONE
   7.53000E+02   1.75766E-06   7.99444E-03   9.36651E-01   9.69211E-03 
    9.67068E-07   4.56593E-02   2.50000E-01   4.37154E-01   2.09748E-01 
    1.03097E-01   7.09408E-08   0.00000E+00   9.46132E-01   5.38681E-02  NONE
   7.43000E+02   1.31782E-06   7.56713E-03   9.37256E-01   9.51511E-03 
    9.67118E-07   4.56593E-02   2.50000E-01   4.44646E-01   1.99151E-01 
    1.06203E-01   7.00962E-08   0.00000E+00   9.46130E-01   5.38698E-02  NONE
   7.33000E+02   9.79243E-07   7.14881E-03   9.37854E-01   9.33596E-03 
    9.67168E-07   4.56594E-02   2.50000E-01   4.51983E-01   1.88670E-01 
    1.09347E-01   6.92332E-08   0.00000E+00   9.46129E-01   5.38710E-02  NONE
   7.23000E+02   7.20830E-07   6.74051E-03   9.38444E-01   9.15480E-03 
    9.67220E-07   4.56594E-02   2.50000E-01   4.59145E-01   1.78328E-01 
    1.12527E-01   6.83434E-08   0.00000E+00   9.46128E-01   5.38720E-02  NONE
   7.13000E+02   5.25369E-07   6.34316E-03   9.39024E-01   8.97177E-03 
    9.67274E-07   4.56595E-02   2.50000E-01   4.66117E-01   1.68143E-01 
    1.15740E-01   6.74175E-08   0.00000E+00   9.46127E-01   5.38728E-02  NONE
   7.03000E+02   3.78917E-07   5.95766E-03   9.39594E-01   8.78710E-03 
    9.67329E-07   4.56595E-02   2.50000E-01   4.72883E-01   1.58135E-01 
    1.18982E-01   6.64456E-08   0.00000E+00   9.46127E-01   5.38733E-02  NONE
   6.93000E+02   2.70277E-07   5.58481E-03   9.40153E-01   8.60102E-03 
    9.67388E-07   4.56595E-02   2.50000E-01   4.79427E-01   1.48324E-01 
    1.22249E-01   6.54167E-08   0.00000E+00   9.46126E-01   5.38737E-02  NONE
   6.83000E+02   1.90531E-07   5.22535E-03   9.40700E-01   8.41383E-03 
    9.67451E-07   4.56595E-02   2.50000E-01   4.85737E-01   1.38727E-01 
    1.25536E-01   6.43195E-08   0.00000E+00   9.46126E-01   5.38740E-02  NONE
   6.73000E+02   1.32648E-07   4.87990E-03   9.41234E-01   8.22588E-03 
    9.67518E-07   4.56596E-02   2.50000E-01   4.91802E-01   1.29362E-01 
    1.28836E-01   6.31422E-08   0.00000E+00   9.46126E-01   5.38742E-02  NONE
