
 Phase Region for:
     FCC_A1#2                      
 col-1=T, col-2=X(FCC_A1#2,C), col-3=X(FCC_A1#2,CR), col-4=X(FCC_A1#2,FE),
   col-5=X(FCC_A1#2,MN), col-6=X(FCC_A1#2,NI), col-7=X(FCC_A1#2,SI),
   col-8=NP(FCC_A1#2),
   1.17300E+03   1.34089E-02   2.58124E-02   8.43042E-01   1.46583E-02 
    4.57357E-02   5.73431E-02   1.00000E+00
   1.18300E+03   1.34089E-02   2.58124E-02   8.43042E-01   1.46583E-02 
    4.57357E-02   5.73431E-02   1.00000E+00
   1.19300E+03   1.34089E-02   2.58124E-02   8.43042E-01   1.46583E-02 
    4.57357E-02   5.73431E-02   1.00000E+00
   1.20300E+03   1.34089E-02   2.58124E-02   8.43042E-01   1.46583E-02 
    4.57357E-02   5.73431E-02   1.00000E+00
   1.21300E+03   1.34089E-02   2.58124E-02   8.43042E-01   1.46583E-02 
    4.57357E-02   5.73431E-02   1.00000E+00
   1.22300E+03   1.34089E-02   2.58124E-02   8.43042E-01   1.46583E-02 
    4.57357E-02   5.73431E-02   1.00000E+00
   1.23300E+03   1.34089E-02   2.58124E-02   8.43042E-01   1.46583E-02 
    4.57357E-02   5.73431E-02   1.00000E+00
   1.24300E+03   1.34089E-02   2.58124E-02   8.43042E-01   1.46583E-02 
    4.57357E-02   5.73431E-02   1.00000E+00
   1.25300E+03   1.34089E-02   2.58124E-02   8.43042E-01   1.46583E-02 
    4.57357E-02   5.73431E-02   1.00000E+00
   1.26300E+03   1.34089E-02   2.58124E-02   8.43042E-01   1.46583E-02 
    4.57357E-02   5.73431E-02   1.00000E+00
   1.27300E+03   1.34089E-02   2.58124E-02   8.43042E-01   1.46583E-02 
    4.57357E-02   5.73431E-02   1.00000E+00
   1.28300E+03   1.34089E-02   2.58124E-02   8.43042E-01   1.46583E-02 
    4.57357E-02   5.73431E-02   1.00000E+00
   1.29300E+03   1.34089E-02   2.58124E-02   8.43042E-01   1.46583E-02 
    4.57357E-02   5.73431E-02   1.00000E+00
   1.30300E+03   1.34089E-02   2.58124E-02   8.43042E-01   1.46583E-02 
    4.57357E-02   5.73431E-02   1.00000E+00
   1.31300E+03   1.34089E-02   2.58124E-02   8.43042E-01   1.46583E-02 
    4.57357E-02   5.73431E-02   1.00000E+00
   1.32300E+03   1.34089E-02   2.58124E-02   8.43042E-01   1.46583E-02 
    4.57357E-02   5.73431E-02   1.00000E+00
   1.33300E+03   1.34089E-02   2.58124E-02   8.43042E-01   1.46583E-02 
    4.57357E-02   5.73431E-02   1.00000E+00
   1.34300E+03   1.34089E-02   2.58124E-02   8.43042E-01   1.46583E-02 
    4.57357E-02   5.73431E-02   1.00000E+00
   1.35300E+03   1.34089E-02   2.58124E-02   8.43042E-01   1.46583E-02 
    4.57357E-02   5.73431E-02   1.00000E+00
   1.36300E+03   1.34089E-02   2.58124E-02   8.43042E-01   1.46583E-02 
    4.57357E-02   5.73431E-02   1.00000E+00
   1.37300E+03   1.34089E-02   2.58124E-02   8.43042E-01   1.46583E-02 
    4.57357E-02   5.73431E-02   1.00000E+00
   1.38300E+03   1.34089E-02   2.58124E-02   8.43042E-01   1.46583E-02 
    4.57357E-02   5.73431E-02   1.00000E+00
   1.39300E+03   1.34089E-02   2.58124E-02   8.43042E-01   1.46583E-02 
    4.57357E-02   5.73431E-02   1.00000E+00
   1.40300E+03   1.34089E-02   2.58124E-02   8.43042E-01   1.46583E-02 
    4.57357E-02   5.73431E-02   1.00000E+00
   1.41300E+03   1.34089E-02   2.58124E-02   8.43042E-01   1.46583E-02 
    4.57357E-02   5.73431E-02   1.00000E+00
   1.42300E+03   1.34089E-02   2.58124E-02   8.43042E-01   1.46583E-02 
    4.57357E-02   5.73431E-02   1.00000E+00
   1.43300E+03   1.34089E-02   2.58124E-02   8.43042E-01   1.46583E-02 
    4.57357E-02   5.73431E-02   1.00000E+00
   1.44300E+03   1.34089E-02   2.58124E-02   8.43042E-01   1.46583E-02 
    4.57357E-02   5.73431E-02   1.00000E+00
   1.45300E+03   1.34089E-02   2.58124E-02   8.43042E-01   1.46583E-02 
    4.57357E-02   5.73431E-02   1.00000E+00
   1.46300E+03   1.34089E-02   2.58124E-02   8.43042E-01   1.46583E-02 
    4.57357E-02   5.73431E-02   1.00000E+00
   1.47300E+03   1.34089E-02   2.58124E-02   8.43042E-01   1.46583E-02 
    4.57357E-02   5.73431E-02   1.00000E+00

 Phase Region for:
     FCC_A1#2                      
 col-1=T, col-2=X(FCC_A1#2,C), col-3=X(FCC_A1#2,CR), col-4=X(FCC_A1#2,FE),
   col-5=X(FCC_A1#2,MN), col-6=X(FCC_A1#2,NI), col-7=X(FCC_A1#2,SI),
   col-8=NP(FCC_A1#2),
   1.17300E+03   1.34089E-02   2.58124E-02   8.43042E-01   1.46583E-02 
    4.57357E-02   5.73431E-02   1.00000E+00
   1.16300E+03   1.34089E-02   2.58124E-02   8.43042E-01   1.46583E-02 
    4.57357E-02   5.73431E-02   1.00000E+00
   1.15300E+03   1.34089E-02   2.58124E-02   8.43042E-01   1.46583E-02 
    4.57357E-02   5.73431E-02   1.00000E+00
   1.14300E+03   1.34089E-02   2.58124E-02   8.43042E-01   1.46583E-02 
    4.57357E-02   5.73431E-02   1.00000E+00
   1.13300E+03   1.34089E-02   2.58124E-02   8.43042E-01   1.46583E-02 
    4.57357E-02   5.73431E-02   1.00000E+00
   1.12300E+03   1.34089E-02   2.58124E-02   8.43042E-01   1.46583E-02 
    4.57357E-02   5.73431E-02   1.00000E+00
   1.11300E+03   1.34089E-02   2.58124E-02   8.43042E-01   1.46583E-02 
    4.57357E-02   5.73431E-02   1.00000E+00
   1.10300E+03   1.34089E-02   2.58124E-02   8.43042E-01   1.46583E-02 
    4.57357E-02   5.73431E-02   1.00000E+00
   1.09300E+03   1.34089E-02   2.58124E-02   8.43042E-01   1.46583E-02 
    4.57357E-02   5.73431E-02   1.00000E+00
   1.08300E+03   1.34089E-02   2.58124E-02   8.43042E-01   1.46583E-02 
    4.57357E-02   5.73431E-02   1.00000E+00
   1.07300E+03   1.34089E-02   2.58124E-02   8.43042E-01   1.46583E-02 
    4.57357E-02   5.73431E-02   1.00000E+00
   1.06300E+03   1.34089E-02   2.58124E-02   8.43042E-01   1.46583E-02 
    4.57357E-02   5.73431E-02   1.00000E+00
   1.05300E+03   1.34089E-02   2.58124E-02   8.43042E-01   1.46583E-02 
    4.57357E-02   5.73431E-02   1.00000E+00
   1.04300E+03   1.34089E-02   2.58124E-02   8.43042E-01   1.46583E-02 
    4.57357E-02   5.73431E-02   1.00000E+00
   1.03459E+03   1.34089E-02   2.58124E-02   8.43042E-01   1.46583E-02 
    4.57357E-02   5.73431E-02   1.00000E+00

 Phase Region for:
     CEMENTITE                     
     FCC_A1#2                      
 col-1=T, col-2=X(CEMENTITE,C), col-3=X(CEMENTITE,CR), col-4=X(CEMENTITE,FE),
   col-5=X(CEMENTITE,MN), col-6=X(CEMENTITE,NI), col-7=X(CEMENTITE,SI),
   col-8=X(FCC_A1#2,C), col-9=X(FCC_A1#2,CR), col-10=X(FCC_A1#2,FE),
   col-11=X(FCC_A1#2,MN), col-12=X(FCC_A1#2,NI), col-13=X(FCC_A1#2,SI),
   col-14=NP(CEMENTITE), col-15=NP(FCC_A1#2),
   1.03459E+03   2.50000E-01   2.42877E-01   4.91195E-01   1.35445E-02 
    2.38313E-03   0.00000E+00   1.34089E-02   2.58124E-02   8.43042E-01 
    1.46583E-02   4.57357E-02   5.73431E-02   3.14734E-08   1.00000E+00
   1.03300E+03   2.50000E-01   2.43297E-01   4.90776E-01   1.35579E-02 
    2.36968E-03   0.00000E+00   1.32906E-02   2.57037E-02   8.43218E-01 
    1.46588E-02   4.57574E-02   5.73718E-02   4.99795E-04   9.99500E-01
   1.02300E+03   2.50000E-01   2.45978E-01   4.88092E-01   1.36437E-02 
    2.28608E-03   0.00000E+00   1.25628E-02   2.50251E-02   8.44311E-01 
    1.46619E-02   4.58911E-02   5.75482E-02   3.56341E-03   9.96437E-01
   1.01300E+03   2.50000E-01   2.48746E-01   4.85318E-01   1.37318E-02 
    2.20393E-03   0.00000E+00   1.18604E-02   2.43534E-02   8.45383E-01 
    1.46643E-02   4.60206E-02   5.77184E-02   6.50221E-03   9.93498E-01
   1.00311E+03   2.50000E-01   2.51570E-01   4.82484E-01   1.38216E-02 
    2.12415E-03   0.00000E+00   1.11909E-02   2.36960E-02   8.46422E-01 
    1.46661E-02   4.61446E-02   5.78807E-02   9.28769E-03   9.90712E-01

 Phase Region for:
     BCC_A2                        
     CEMENTITE                     
     FCC_A1#2                      
 col-1=T, col-2=X(BCC_A2,C), col-3=X(BCC_A2,CR), col-4=X(BCC_A2,FE),
   col-5=X(BCC_A2,MN), col-6=X(BCC_A2,NI), col-7=X(BCC_A2,SI),
   col-8=X(CEMENTITE,C), col-9=X(CEMENTITE,CR), col-10=X(CEMENTITE,FE),
   col-11=X(CEMENTITE,MN), col-12=X(CEMENTITE,NI), col-13=X(CEMENTITE,SI),
   col-14=X(FCC_A1#2,C), col-15=X(FCC_A1#2,CR), col-16=X(FCC_A1#2,FE),
   col-17=X(FCC_A1#2,MN), col-18=X(FCC_A1#2,NI), col-19=X(FCC_A1#2,SI),
   col-20=NP(BCC_A2), col-21=NP(CEMENTITE), col-22=NP(FCC_A1#2),
   1.00311E+03   2.71475E-04   1.84468E-02   8.86964E-01   5.15855E-03 
    1.91091E-02   7.00501E-02   2.50000E-01   2.51570E-01   4.82484E-01 
    1.38216E-02   2.12415E-03   0.00000E+00   1.11909E-02   2.36960E-02 
    8.46422E-01   1.46661E-02   4.61446E-02   5.78807E-02   1.38239E-06 
    9.28778E-03   9.90711E-01
   1.00300E+03   2.71113E-04   1.84357E-02   8.86979E-01   5.16070E-03 
    1.91201E-02   7.00334E-02   2.50000E-01   2.51567E-01   4.82473E-01 
    1.38356E-02   2.12517E-03   0.00000E+00   1.11838E-02   2.36811E-02 
    8.46395E-01   1.46811E-02   4.61919E-02   5.78673E-02   1.56726E-03 
    9.38861E-03   9.89044E-01
   9.93000E+02   2.40269E-04   1.75093E-02   8.88146E-01   5.34533E-03 
    2.00848E-02   6.86738E-02   2.50000E-01   2.51741E-01   4.80930E-01 
    1.51146E-02   2.21440E-03   0.00000E+00   1.05451E-02   2.24232E-02 
    8.43602E-01   1.60757E-02   5.05636E-02   5.67902E-02   1.30520E-01 
    1.75764E-02   8.51904E-01
   9.83000E+02   2.11667E-04   1.66783E-02   8.89046E-01   5.51484E-03 
    2.10314E-02   6.75184E-02   2.50000E-01   2.52780E-01   4.78445E-01 
    1.64740E-02   2.30037E-03   0.00000E+00   9.88044E-03   2.12632E-02 
    8.40005E-01   1.76167E-02   5.53404E-02   5.58947E-02   2.42154E-01 
    2.44451E-02   7.33401E-01
   9.73000E+02   1.85417E-04   1.59193E-02   8.89805E-01   5.64538E-03 
    2.19192E-02   6.65253E-02   2.50000E-01   2.54670E-01   4.75032E-01 
    1.79164E-02   2.38124E-03   0.00000E+00   9.19776E-03   2.01891E-02 
    8.35583E-01   1.93228E-02   6.05399E-02   5.51672E-02   3.37941E-01 
    3.01357E-02   6.31924E-01
   9.63000E+02   1.61560E-04   1.52079E-02   8.90562E-01   5.70831E-03 
    2.27089E-02   6.56508E-02   2.50000E-01   2.57419E-01   4.70650E-01 
    1.94730E-02   2.45749E-03   0.00000E+00   8.50170E-03   1.91860E-02 
    8.30200E-01   2.12518E-02   6.62579E-02   5.46022E-02   4.20214E-01 
    3.48317E-02   5.44954E-01
   9.53000E+02   1.39975E-04   1.45668E-02   8.91085E-01   5.77963E-03 
    2.34795E-02   6.49492E-02   2.50000E-01   2.60830E-01   4.65527E-01 
    2.11159E-02   2.52751E-03   0.00000E+00   7.80930E-03   1.82312E-02 
    8.23942E-01   2.33907E-02   7.25067E-02   5.41200E-02   4.90856E-01 
    3.86641E-02   4.70480E-01
   9.43000E+02   1.20628E-04   1.39806E-02   8.91453E-01   5.84967E-03 
    2.42085E-02   6.43873E-02   2.50000E-01   2.64824E-01   4.59762E-01 
    2.28244E-02   2.58912E-03   0.00000E+00   7.13039E-03   1.73156E-02 
    8.16846E-01   2.57366E-02   7.92790E-02   5.36927E-02   5.50952E-01 
    4.17529E-02   4.07295E-01
   9.33000E+02   1.03435E-04   1.34365E-02   8.91731E-01   5.91149E-03 
    2.48802E-02   6.39370E-02   2.50000E-01   2.69326E-01   4.53453E-01 
    2.45802E-02   2.64100E-03   0.00000E+00   6.47293E-03   1.64310E-02 
    8.08927E-01   2.82914E-02   8.65822E-02   5.32956E-02   6.01834E-01 
    4.42222E-02   3.53943E-01
   9.23000E+02   8.82736E-05   1.29242E-02   8.91968E-01   5.96007E-03 
    2.54839E-02   6.35753E-02   2.50000E-01   2.74268E-01   4.46682E-01 
    2.63670E-02   2.68246E-03   0.00000E+00   5.84306E-03   1.55708E-02 
    8.00181E-01   3.10609E-02   9.44362E-02   5.29082E-02   6.44833E-01 
    4.61862E-02   3.08981E-01
   9.13000E+02   7.49953E-05   1.24354E-02   8.92201E-01   5.99180E-03 
    2.60125E-02   6.32842E-02   2.50000E-01   2.79591E-01   4.39526E-01 
    2.81694E-02   2.71327E-03   0.00000E+00   5.24533E-03   1.47302E-02 
    7.90585E-01   3.40548E-02   1.02871E-01   5.25139E-02   6.81166E-01 
    4.77433E-02   2.71091E-01
   9.03000E+02   6.34395E-05   1.19640E-02   8.92457E-01   6.00406E-03 
    2.64617E-02   6.30493E-02   2.50000E-01   2.85245E-01   4.32049E-01 
    2.99730E-02   2.73348E-03   0.00000E+00   4.68295E-03   1.39057E-02 
    7.80103E-01   3.72859E-02   1.11923E-01   5.20996E-02   7.11898E-01 
    4.89755E-02   2.39127E-01
   8.93000E+02   5.34410E-05   1.15050E-02   8.92758E-01   5.99502E-03 
    2.68289E-02   6.28595E-02   2.50000E-01   2.91186E-01   4.24307E-01 
    3.17633E-02   2.74340E-03   0.00000E+00   4.15808E-03   1.30956E-02 
    7.68687E-01   4.07692E-02   1.21635E-01   5.16551E-02   7.37935E-01 
    4.99497E-02   2.12115E-01
   8.83000E+02   4.48369E-05   1.10547E-02   8.93118E-01   5.96346E-03 
    2.71132E-02   6.27061E-02   2.50000E-01   2.97378E-01   4.16352E-01 
    3.35264E-02   2.74346E-03   0.00000E+00   3.67209E-03   1.22994E-02 
    7.56285E-01   4.45211E-02   1.32049E-01   5.11730E-02   7.60036E-01 
    5.07194E-02   1.89245E-01
   8.73000E+02   3.74708E-05   1.06103E-02   8.93547E-01   5.90871E-03 
    2.73148E-02   6.25821E-02   2.50000E-01   3.03787E-01   4.08230E-01 
    3.52483E-02   2.73424E-03   0.00000E+00   3.22568E-03   1.15177E-02 
    7.42849E-01   4.85576E-02   1.43201E-01   5.06486E-02   7.78829E-01 
    5.13273E-02   1.69844E-01
   8.63000E+02   3.11955E-05   1.01698E-02   8.94051E-01   5.83055E-03 
    2.74352E-02   6.24821E-02   2.50000E-01   3.10385E-01   3.99983E-01 
    3.69155E-02   2.71636E-03   0.00000E+00   2.81906E-03   1.07526E-02 
    7.28344E-01   5.28909E-02   1.55114E-01   5.00800E-02   7.94831E-01 
    5.18069E-02   1.53363E-01
   8.53000E+02   2.58748E-05   9.73163E-03   8.94635E-01   5.72926E-03 
    2.74768E-02   6.24019E-02   2.50000E-01   3.17146E-01   3.91648E-01 
    3.85151E-02   2.69057E-03   0.00000E+00   2.45205E-03   1.00069E-02 
    7.12761E-01   5.75263E-02   1.67785E-01   4.94683E-02   8.08462E-01 
    5.21850E-02   1.39353E-01
   8.43000E+02   2.13840E-05   9.29494E-03   8.95297E-01   5.60556E-03 
    2.74428E-02   6.23379E-02   2.50000E-01   3.24044E-01   3.83263E-01 
    4.00352E-02   2.65761E-03   0.00000E+00   2.12401E-03   9.28452E-03 
    6.96140E-01   6.24564E-02   1.81177E-01   4.88181E-02   8.20066E-01 
    5.24825E-02   1.27452E-01
   8.33000E+02   1.76105E-05   8.85921E-03   8.96038E-01   5.46070E-03 
    2.73375E-02   6.22872E-02   2.50000E-01   3.31054E-01   3.74862E-01 
    4.14660E-02   2.61833E-03   0.00000E+00   1.83390E-03   8.58972E-03 
    6.78578E-01   6.76568E-02   1.95204E-01   4.81380E-02   8.29921E-01 
    5.27161E-02   1.17363E-01
   8.23000E+02   1.44531E-05   8.42433E-03   8.96851E-01   5.29641E-03 
    2.71661E-02   6.22477E-02   2.50000E-01   3.38151E-01   3.66475E-01 
    4.28002E-02   2.57356E-03   0.00000E+00   1.58010E-03   7.92692E-03 
    6.60240E-01   7.30825E-02   2.09730E-01   4.74396E-02   8.38259E-01 
    5.28991E-02   1.08842E-01
   8.13000E+02   1.18221E-05   7.99051E-03   8.97732E-01   5.11488E-03 
    2.69340E-02   6.22172E-02   2.50000E-01   3.45309E-01   3.58133E-01 
    4.40335E-02   2.52417E-03   0.00000E+00   1.36043E-03   7.29992E-03 
    6.41357E-01   7.86690E-02   2.24577E-01   4.67375E-02   8.45277E-01 
    5.30421E-02   1.01681E-01
   8.03000E+02   9.63848E-06   7.55830E-03   8.98672E-01   4.91866E-03 
    2.66473E-02   6.21943E-02   2.50000E-01   3.52503E-01   3.49861E-01 
    4.51653E-02   2.47101E-03   0.00000E+00   1.17208E-03   6.71133E-03 
    6.22193E-01   8.43378E-02   2.39539E-01   4.60466E-02   8.51147E-01 
    5.31540E-02   9.56990E-02
   7.93000E+02   7.83305E-06   7.12849E-03   8.99664E-01   4.71053E-03 
    2.63120E-02   6.21774E-02   2.50000E-01   3.59703E-01   3.41683E-01 
    4.61984E-02   2.41490E-03   0.00000E+00   1.01180E-03   6.16226E-03 
    6.03022E-01   9.00057E-02   2.54417E-01   4.53813E-02   8.56028E-01 
    5.32414E-02   9.07304E-02
   7.83000E+02   6.34587E-06   6.70210E-03   9.00699E-01   4.49328E-03 
    2.59342E-02   6.21655E-02   2.50000E-01   3.66883E-01   3.33623E-01 
    4.71378E-02   2.35657E-03   0.00000E+00   8.76081E-04   5.65229E-03 
    5.84087E-01   9.55953E-02   2.69037E-01   4.47531E-02   8.60066E-01 
    5.33101E-02   8.66239E-02
   7.73000E+02   5.12525E-06   6.28030E-03   9.01768E-01   4.26961E-03 
    2.55195E-02   6.21573E-02   2.50000E-01   3.74012E-01   3.25701E-01 
    4.79905E-02   2.29674E-03   0.00000E+00   7.61441E-04   5.17978E-03 
    5.65579E-01   1.01042E-01   2.83268E-01   4.41705E-02   8.63393E-01 
    5.33642E-02   8.32423E-02
   7.63000E+02   4.12697E-06   5.86440E-03   9.02864E-01   4.04200E-03 
    2.50731E-02   6.21522E-02   2.50000E-01   3.81062E-01   3.17937E-01 
    4.87644E-02   2.23598E-03   0.00000E+00   6.64613E-04   4.74233E-03 
    5.47633E-01   1.06296E-01   2.97025E-01   4.36385E-02   8.66129E-01 
    5.34072E-02   8.04638E-02
   7.53000E+02   3.31333E-06   5.45582E-03   9.03979E-01   3.81273E-03 
    2.45997E-02   6.21491E-02   2.50000E-01   3.88005E-01   3.10352E-01 
    4.94685E-02   2.17480E-03   0.00000E+00   5.82658E-04   4.33701E-03 
    5.30325E-01   1.11325E-01   3.10270E-01   4.31600E-02   8.68376E-01 
    5.34417E-02   7.81827E-02
   7.43000E+02   2.65246E-06   5.05597E-03   9.05107E-01   3.58365E-03 
    2.41036E-02   6.21474E-02   2.50000E-01   3.94810E-01   3.02966E-01 
    5.01100E-02   2.11366E-03   0.00000E+00   5.13115E-04   3.96126E-03 
    5.13695E-01   1.16109E-01   3.22986E-01   4.27354E-02   8.70220E-01 
    5.34696E-02   7.63106E-02
   7.33000E+02   2.11744E-06   4.66630E-03   9.06240E-01   3.35648E-03 
    2.35886E-02   6.21466E-02   2.50000E-01   4.01451E-01   2.95799E-01 
    5.06972E-02   2.05289E-03   0.00000E+00   4.53868E-04   3.61242E-03 
    4.97746E-01   1.20637E-01   3.35187E-01   4.23644E-02   8.71735E-01 
    5.34923E-02   7.47730E-02
   7.23000E+02   1.68571E-06   4.28826E-03   9.07373E-01   3.13264E-03 
    2.30578E-02   6.21462E-02   2.50000E-01   4.07900E-01   2.88870E-01 
    5.12375E-02   1.99278E-03   0.00000E+00   4.03184E-04   3.28820E-03 
    4.82460E-01   1.24906E-01   3.46896E-01   4.20458E-02   8.72980E-01 
    5.35110E-02   7.35093E-02
   7.13000E+02   1.33841E-06   3.92323E-03   9.08502E-01   2.91336E-03 
    2.25141E-02   6.21455E-02   2.50000E-01   4.14132E-01   2.82196E-01 
    5.17380E-02   1.93354E-03   0.00000E+00   3.59637E-04   2.98666E-03 
    4.67810E-01   1.28918E-01   3.58147E-01   4.17782E-02   8.74004E-01 
    5.35265E-02   7.24697E-02
   7.03000E+02   1.05988E-06   3.57251E-03   9.09622E-01   2.69970E-03 
    2.19599E-02   6.21444E-02   2.50000E-01   4.20124E-01   2.75796E-01 
    5.22052E-02   1.87533E-03   0.00000E+00   3.22063E-04   2.70612E-03 
    4.53760E-01   1.32675E-01   3.68976E-01   4.15604E-02   8.74847E-01 
    5.35395E-02   7.16139E-02
   6.93000E+02   8.37137E-07   3.23730E-03   9.10730E-01   2.49257E-03 
    2.13972E-02   6.21423E-02   2.50000E-01   4.25854E-01   2.69683E-01 
    5.26453E-02   1.81825E-03   0.00000E+00   2.89507E-04   2.44520E-03 
    4.40270E-01   1.36185E-01   3.79419E-01   4.13909E-02   8.75540E-01 
    5.35504E-02   7.09091E-02
   6.83000E+02   6.59509E-07   2.91869E-03   9.11821E-01   2.29271E-03 
    2.08277E-02   6.21390E-02   2.50000E-01   4.31302E-01   2.63871E-01 
    5.30641E-02   1.76237E-03   0.00000E+00   2.61183E-04   2.20275E-03 
    4.27303E-01   1.39452E-01   3.89513E-01   4.12686E-02   8.76112E-01 
    5.35597E-02   7.03288E-02
   6.73000E+02   5.18231E-07   2.61757E-03   9.12894E-01   2.10077E-03 
    2.02529E-02   6.21343E-02   2.50000E-01   4.36453E-01   2.58372E-01 
    5.34667E-02   1.70770E-03   0.00000E+00   2.36445E-04   1.97778E-03 
    4.14818E-01   1.42484E-01   3.99290E-01   4.11928E-02   8.76581E-01 
    5.35676E-02   6.98512E-02
