
 Phase Region for:
     FCC_A1#2                      
 col-1=T, col-2=W(FCC_A1#2,C), col-3=W(FCC_A1#2,CR), col-4=W(FCC_A1#2,FE),
   col-5=W(FCC_A1#2,MN), col-6=W(FCC_A1#2,NI), col-7=W(FCC_A1#2,SI),
   col-8=NP(FCC_A1#2),
   1.17300E+03   3.00000E-03   1.50005E-02   9.36998E-01   2.25002E-02 
    1.00000E-06   2.25003E-02   1.00000E+00
   1.18300E+03   3.00000E-03   1.50005E-02   9.36998E-01   2.25002E-02 
    1.00000E-06   2.25003E-02   1.00000E+00
   1.19300E+03   3.00000E-03   1.50005E-02   9.36998E-01   2.25002E-02 
    1.00000E-06   2.25003E-02   1.00000E+00
   1.20300E+03   3.00000E-03   1.50005E-02   9.36998E-01   2.25002E-02 
    1.00000E-06   2.25002E-02   1.00000E+00
   1.21300E+03   3.00000E-03   1.50005E-02   9.36998E-01   2.25002E-02 
    1.00000E-06   2.25003E-02   1.00000E+00
   1.22300E+03   3.00000E-03   1.50005E-02   9.36998E-01   2.25002E-02 
    1.00000E-06   2.25002E-02   1.00000E+00
   1.23300E+03   3.00000E-03   1.50005E-02   9.36998E-01   2.25002E-02 
    1.00000E-06   2.25002E-02   1.00000E+00
   1.24300E+03   3.00000E-03   1.50005E-02   9.36998E-01   2.25003E-02 
    1.00000E-06   2.25003E-02   1.00000E+00
   1.25300E+03   3.00000E-03   1.50005E-02   9.36998E-01   2.25002E-02 
    1.00000E-06   2.25002E-02   1.00000E+00
   1.26300E+03   3.00000E-03   1.50005E-02   9.36998E-01   2.25002E-02 
    1.00000E-06   2.25003E-02   1.00000E+00
   1.27300E+03   3.00000E-03   1.50005E-02   9.36998E-01   2.25002E-02 
    1.00000E-06   2.25002E-02   1.00000E+00
   1.28300E+03   3.00000E-03   1.50005E-02   9.36998E-01   2.25002E-02 
    1.00000E-06   2.25002E-02   1.00000E+00
   1.29300E+03   3.00000E-03   1.50005E-02   9.36998E-01   2.25002E-02 
    1.00000E-06   2.25003E-02   1.00000E+00
   1.30300E+03   3.00000E-03   1.50005E-02   9.36998E-01   2.25002E-02 
    1.00000E-06   2.25002E-02   1.00000E+00
   1.31300E+03   3.00000E-03   1.50005E-02   9.36998E-01   2.25002E-02 
    1.00000E-06   2.25003E-02   1.00000E+00
   1.32300E+03   3.00000E-03   1.50005E-02   9.36998E-01   2.25002E-02 
    1.00000E-06   2.25003E-02   1.00000E+00
   1.33300E+03   3.00000E-03   1.50005E-02   9.36998E-01   2.25002E-02 
    1.00000E-06   2.25002E-02   1.00000E+00
   1.34300E+03   3.00000E-03   1.50005E-02   9.36998E-01   2.25002E-02 
    1.00000E-06   2.25002E-02   1.00000E+00
   1.35300E+03   3.00000E-03   1.50005E-02   9.36998E-01   2.25002E-02 
    1.00000E-06   2.25002E-02   1.00000E+00
   1.36300E+03   3.00000E-03   1.50005E-02   9.36998E-01   2.25002E-02 
    1.00000E-06   2.25003E-02   1.00000E+00
   1.37300E+03   3.00000E-03   1.50005E-02   9.36998E-01   2.25002E-02 
    1.00000E-06   2.25002E-02   1.00000E+00
   1.38300E+03   3.00000E-03   1.50005E-02   9.36998E-01   2.25002E-02 
    1.00000E-06   2.25003E-02   1.00000E+00
   1.39300E+03   3.00000E-03   1.50005E-02   9.36998E-01   2.25002E-02 
    1.00000E-06   2.25002E-02   1.00000E+00
   1.40300E+03   3.00000E-03   1.50005E-02   9.36998E-01   2.25002E-02 
    1.00000E-06   2.25003E-02   1.00000E+00
   1.41300E+03   3.00000E-03   1.50005E-02   9.36998E-01   2.25002E-02 
    1.00000E-06   2.25002E-02   1.00000E+00
   1.42300E+03   3.00000E-03   1.50005E-02   9.36998E-01   2.25002E-02 
    1.00000E-06   2.25003E-02   1.00000E+00
   1.43300E+03   3.00000E-03   1.50005E-02   9.36998E-01   2.25002E-02 
    1.00000E-06   2.25003E-02   1.00000E+00
   1.44300E+03   3.00000E-03   1.50005E-02   9.36998E-01   2.25002E-02 
    1.00000E-06   2.25003E-02   1.00000E+00
   1.45300E+03   3.00000E-03   1.50005E-02   9.36998E-01   2.25002E-02 
    1.00000E-06   2.25003E-02   1.00000E+00
   1.46300E+03   3.00000E-03   1.50005E-02   9.36998E-01   2.25002E-02 
    1.00000E-06   2.25003E-02   1.00000E+00
   1.47300E+03   3.00000E-03   1.50005E-02   9.36998E-01   2.25002E-02 
    1.00000E-06   2.25003E-02   1.00000E+00

 Phase Region for:
     FCC_A1#2                      
 col-1=T, col-2=W(FCC_A1#2,C), col-3=W(FCC_A1#2,CR), col-4=W(FCC_A1#2,FE),
   col-5=W(FCC_A1#2,MN), col-6=W(FCC_A1#2,NI), col-7=W(FCC_A1#2,SI),
   col-8=NP(FCC_A1#2),
   1.17300E+03   3.00000E-03   1.50005E-02   9.36998E-01   2.25002E-02 
    1.00000E-06   2.25003E-02   1.00000E+00
   1.16300E+03   3.00000E-03   1.50005E-02   9.36998E-01   2.25002E-02 
    1.00000E-06   2.25002E-02   1.00000E+00
   1.15300E+03   3.00000E-03   1.50005E-02   9.36998E-01   2.25002E-02 
    1.00000E-06   2.25002E-02   1.00000E+00
   1.14300E+03   3.00000E-03   1.50005E-02   9.36998E-01   2.25002E-02 
    1.00000E-06   2.25003E-02   1.00000E+00
   1.13300E+03   3.00000E-03   1.50005E-02   9.36998E-01   2.25002E-02 
    1.00000E-06   2.25002E-02   1.00000E+00
   1.12300E+03   3.00000E-03   1.50005E-02   9.36998E-01   2.25002E-02 
    1.00000E-06   2.25003E-02   1.00000E+00
   1.11300E+03   3.00000E-03   1.50005E-02   9.36998E-01   2.25002E-02 
    1.00000E-06   2.25003E-02   1.00000E+00
   1.10300E+03   3.00000E-03   1.50005E-02   9.36998E-01   2.25002E-02 
    1.00000E-06   2.25003E-02   1.00000E+00
   1.09300E+03   3.00000E-03   1.50005E-02   9.36998E-01   2.25002E-02 
    1.00000E-06   2.25003E-02   1.00000E+00
   1.08300E+03   3.00000E-03   1.50005E-02   9.36998E-01   2.25002E-02 
    1.00000E-06   2.25002E-02   1.00000E+00
   1.07561E+03   3.00000E-03   1.50005E-02   9.36998E-01   2.25002E-02 
    1.00000E-06   2.25002E-02   1.00000E+00

 Phase Region for:
     BCC_A2                        
     FCC_A1#2                      
 col-1=T, col-2=W(BCC_A2,C), col-3=W(BCC_A2,CR), col-4=W(BCC_A2,FE),
   col-5=W(BCC_A2,MN), col-6=W(BCC_A2,NI), col-7=W(BCC_A2,SI),
   col-8=W(FCC_A1#2,C), col-9=W(FCC_A1#2,CR), col-10=W(FCC_A1#2,FE),
   col-11=W(FCC_A1#2,MN), col-12=W(FCC_A1#2,NI), col-13=W(FCC_A1#2,SI),
   col-14=NP(BCC_A2), col-15=NP(FCC_A1#2),
   1.07561E+03   1.06629E-04   1.12168E-02   9.50939E-01   1.10532E-02 
    4.98099E-07   2.66834E-02   3.00000E-03   1.50005E-02   9.36998E-01 
    2.25003E-02   1.00000E-06   2.25002E-02   8.02012E-07   9.99999E-01
   1.07300E+03   1.07000E-04   1.12237E-02   9.50953E-01   1.11028E-02 
    5.01304E-07   2.66134E-02   3.06174E-03   1.50811E-02   9.36700E-01 
    2.27435E-02   1.01064E-06   2.24125E-02   2.07546E-02   9.79245E-01
   1.06300E+03   1.08411E-04   1.12466E-02   9.51000E-01   1.12867E-02 
    5.13622E-07   2.63581E-02   3.31186E-03   1.54054E-02   9.35488E-01 
    2.37096E-02   1.05246E-06   2.20842E-02   9.66730E-02   9.03327E-01
   1.05300E+03   1.09785E-04   1.12638E-02   9.51044E-01   1.14596E-02 
    5.25961E-07   2.61225E-02   3.58492E-03   1.57567E-02   9.34155E-01 
    2.47346E-02   1.09594E-06   2.17672E-02   1.67107E-01   8.32893E-01
   1.04300E+03   1.11092E-04   1.12748E-02   9.51089E-01   1.16192E-02 
    5.38226E-07   2.59051E-02   3.88253E-03   1.61386E-02   9.32693E-01 
    2.58243E-02   1.14107E-06   2.14601E-02   2.32276E-01   7.67724E-01
   1.03300E+03   1.12304E-04   1.12789E-02   9.51141E-01   1.17630E-02 
    5.50337E-07   2.57045E-02   4.20641E-03   1.65553E-02   9.31090E-01 
    2.69860E-02   1.18786E-06   2.11616E-02   2.92441E-01   7.07559E-01
   1.02416E+03   1.13271E-04   1.12762E-02   9.51195E-01   1.18749E-02 
    5.60848E-07   2.55401E-02   4.51607E-03   1.69564E-02   9.29542E-01 
    2.80805E-02   1.23064E-06   2.09037E-02   3.41686E-01   6.58314E-01

 Phase Region for:
     BCC_A2                        
     CEMENTITE                     
     FCC_A1#2                      
 col-1=T, col-2=W(BCC_A2,C), col-3=W(BCC_A2,CR), col-4=W(BCC_A2,FE),
   col-5=W(BCC_A2,MN), col-6=W(BCC_A2,NI), col-7=W(BCC_A2,SI),
   col-8=W(CEMENTITE,C), col-9=W(CEMENTITE,CR), col-10=W(CEMENTITE,FE),
   col-11=W(CEMENTITE,MN), col-12=W(CEMENTITE,NI), col-13=W(CEMENTITE,SI),
   col-14=W(FCC_A1#2,C), col-15=W(FCC_A1#2,CR), col-16=W(FCC_A1#2,FE),
   col-17=W(FCC_A1#2,MN), col-18=W(FCC_A1#2,NI), col-19=W(FCC_A1#2,SI),
   col-20=NP(BCC_A2), col-21=NP(CEMENTITE), col-22=NP(FCC_A1#2),
   1.02416E+03   1.13271E-04   1.12762E-02   9.51195E-01   1.18750E-02 
    5.60848E-07   2.55401E-02   6.78509E-02   1.82639E-01   7.02711E-01 
    4.67993E-02   8.87341E-08   0.00000E+00   4.51607E-03   1.69564E-02 
    9.29542E-01   2.80806E-02   1.23064E-06   2.09037E-02   3.41688E-01 
    2.14392E-07   6.58312E-01
   1.02300E+03   1.11971E-04   1.11367E-02   9.51249E-01   1.20679E-02 
    5.70544E-07   2.54342E-02   6.78460E-02   1.81388E-01   7.02873E-01 
    4.78925E-02   9.04175E-08   0.00000E+00   4.50727E-03   1.67604E-02 
    9.29284E-01   2.86178E-02   1.25813E-06   2.08292E-02   3.69080E-01 
    2.45966E-03   6.28461E-01
   1.01300E+03   1.00540E-04   1.01080E-02   9.51290E-01   1.38397E-02 
    6.63370E-07   2.46613E-02   6.78121E-02   1.72277E-01   7.01822E-01 
    5.80894E-02   1.06319E-07   0.00000E+00   4.40506E-03   1.52831E-02 
    9.26399E-01   3.35835E-02   1.53004E-06   2.03283E-02   5.77927E-01 
    2.12302E-02   4.00843E-01
   1.00300E+03   8.90149E-05   9.34279E-03   9.50696E-01   1.57644E-02 
    7.75190E-07   2.41071E-02   6.77933E-02   1.65927E-01   6.96743E-01 
    6.95367E-02   1.24992E-07   0.00000E+00   4.26095E-03   1.41366E-02 
    9.22493E-01   3.90625E-02   1.87698E-06   2.00452E-02   7.42352E-01 
    3.57724E-02   2.21875E-01
   9.93000E+02   7.78156E-05   8.77589E-03   9.49643E-01   1.77779E-02 
    9.11212E-07   2.37240E-02   6.77871E-02   1.61886E-01   6.88309E-01 
    8.20175E-02   1.47159E-07   0.00000E+00   4.08454E-03   1.32478E-02 
    9.17816E-01   4.49220E-02   2.32366E-06   1.99277E-02   8.69769E-01 
    4.65646E-02   8.36667E-02
   9.85314E+02   6.96331E-05   8.44014E-03   9.48623E-01   1.93482E-02 
    1.03766E-06   2.35179E-02   6.77893E-02   1.60047E-01   6.79971E-01 
    9.21919E-02   1.67393E-07   0.00000E+00   3.93303E-03   1.26986E-02 
    9.13834E-01   4.96111E-02   2.75903E-06   1.99200E-02   9.47271E-01 
    5.27286E-02   0.00000E+00

 Phase Region for:
     BCC_A2                        
     CEMENTITE                     
 col-1=T, col-2=W(BCC_A2,C), col-3=W(BCC_A2,CR), col-4=W(BCC_A2,FE),
   col-5=W(BCC_A2,MN), col-6=W(BCC_A2,NI), col-7=W(BCC_A2,SI),
   col-8=W(CEMENTITE,C), col-9=W(CEMENTITE,CR), col-10=W(CEMENTITE,FE),
   col-11=W(CEMENTITE,MN), col-12=W(CEMENTITE,NI), col-13=W(CEMENTITE,SI),
   col-14=NP(BCC_A2), col-15=NP(CEMENTITE),
   9.85314E+02   6.96331E-05   8.44014E-03   9.48623E-01   1.93482E-02 
    1.03766E-06   2.35179E-02   6.77893E-02   1.60047E-01   6.79971E-01 
    9.21919E-02   1.67393E-07   0.00000E+00   9.47271E-01   5.27286E-02  NONE
   9.83000E+02   6.73822E-05   8.39634E-03   9.48713E-01   1.93038E-02 
    1.03769E-06   2.35186E-02   6.77946E-02   1.60916E-01   6.78166E-01 
    9.31237E-02   1.67191E-07   0.00000E+00   9.47233E-01   5.27673E-02  NONE
   9.73000E+02   5.81093E-05   8.19853E-03   9.49160E-01   1.90607E-02 
    1.03780E-06   2.35214E-02   6.78199E-02   1.64871E-01   6.69023E-01 
    9.82863E-02   1.67111E-07   0.00000E+00   9.47073E-01   5.29269E-02  NONE
   9.63000E+02   4.99532E-05   7.99874E-03   9.49616E-01   1.88104E-02 
    1.03790E-06   2.35239E-02   6.78458E-02   1.68908E-01   6.59638E-01 
    1.03608E-01   1.66991E-07   0.00000E+00   9.46933E-01   5.30673E-02  NONE
   9.53000E+02   4.28099E-05   7.79722E-03   9.50077E-01   1.85557E-02 
    1.03798E-06   2.35259E-02   6.78722E-02   1.73020E-01   6.50076E-01 
    1.09032E-01   1.66795E-07   0.00000E+00   9.46810E-01   5.31901E-02  NONE
   9.43000E+02   3.65703E-05   7.59384E-03   9.50544E-01   1.82965E-02 
    1.03806E-06   2.35277E-02   6.78990E-02   1.77206E-01   6.40332E-01 
    1.14563E-01   1.66533E-07   0.00000E+00   9.46703E-01   5.32975E-02  NONE
   9.33000E+02   3.11356E-05   7.38852E-03   9.51018E-01   1.80326E-02 
    1.03813E-06   2.35291E-02   6.79264E-02   1.81468E-01   6.30402E-01 
    1.20204E-01   1.66215E-07   0.00000E+00   9.46609E-01   5.33909E-02  NONE
   9.23000E+02   2.64161E-05   7.18119E-03   9.51497E-01   1.77639E-02 
    1.03819E-06   2.35303E-02   6.79542E-02   1.85804E-01   6.20282E-01 
    1.25960E-01   1.65851E-07   0.00000E+00   9.46528E-01   5.34721E-02  NONE
   9.13000E+02   2.23305E-05   6.97185E-03   9.51983E-01   1.74902E-02 
    1.03824E-06   2.35313E-02   6.79826E-02   1.90212E-01   6.09970E-01 
    1.31835E-01   1.65449E-07   0.00000E+00   9.46458E-01   5.35423E-02  NONE
   9.03000E+02   1.88055E-05   6.76053E-03   9.52476E-01   1.72115E-02 
    1.03829E-06   2.35320E-02   6.80114E-02   1.94691E-01   5.99464E-01 
    1.37833E-01   1.65020E-07   0.00000E+00   9.46397E-01   5.36029E-02  NONE
   8.93000E+02   1.57746E-05   6.54728E-03   9.52976E-01   1.69274E-02 
    1.03833E-06   2.35326E-02   6.80407E-02   1.99237E-01   5.88763E-01 
    1.43959E-01   1.64571E-07   0.00000E+00   9.46345E-01   5.36550E-02  NONE
   8.83000E+02   1.31782E-05   6.33221E-03   9.53483E-01   1.66379E-02 
    1.03837E-06   2.35330E-02   6.80705E-02   2.03847E-01   5.77867E-01 
    1.50216E-01   1.64112E-07   0.00000E+00   9.46300E-01   5.36996E-02  NONE
   8.73000E+02   1.09624E-05   6.11548E-03   9.53996E-01   1.63428E-02 
    1.03840E-06   2.35333E-02   6.81007E-02   2.08515E-01   5.66776E-01 
    1.56609E-01   1.63651E-07   0.00000E+00   9.46262E-01   5.37377E-02  NONE
   8.63000E+02   9.07902E-06   5.89727E-03   9.54517E-01   1.60419E-02 
    1.03843E-06   2.35335E-02   6.81313E-02   2.13236E-01   5.55493E-01 
    1.63140E-01   1.63195E-07   0.00000E+00   9.46230E-01   5.37701E-02  NONE
   8.53000E+02   7.48491E-06   5.67781E-03   9.55045E-01   1.57350E-02 
    1.03845E-06   2.35336E-02   6.81623E-02   2.18003E-01   5.44020E-01 
    1.69814E-01   1.62754E-07   0.00000E+00   9.46203E-01   5.37975E-02  NONE
   8.43000E+02   6.14151E-06   5.45737E-03   9.55580E-01   1.54221E-02 
    1.03847E-06   2.35335E-02   6.81937E-02   2.22810E-01   5.32363E-01 
    1.76634E-01   1.62334E-07   0.00000E+00   9.46179E-01   5.38206E-02  NONE
   8.33000E+02   5.01455E-06   5.23627E-03   9.56121E-01   1.51029E-02 
    1.03848E-06   2.35334E-02   6.82253E-02   2.27648E-01   5.20526E-01 
    1.83601E-01   1.61943E-07   0.00000E+00   9.46160E-01   5.38399E-02  NONE
   8.23000E+02   4.07362E-06   5.01485E-03   9.56669E-01   1.47774E-02 
    1.03849E-06   2.35332E-02   6.82573E-02   2.32508E-01   5.08516E-01 
    1.90718E-01   1.61588E-07   0.00000E+00   9.46144E-01   5.38561E-02  NONE
   8.13000E+02   3.29189E-06   4.79350E-03   9.57224E-01   1.44456E-02 
    1.03850E-06   2.35330E-02   6.82895E-02   2.37381E-01   4.96341E-01 
    1.97988E-01   1.61275E-07   0.00000E+00   9.46130E-01   5.38695E-02  NONE
   8.03000E+02   2.64574E-06   4.57264E-03   9.57784E-01   1.41073E-02 
    1.03850E-06   2.35327E-02   6.83219E-02   2.42257E-01   4.84011E-01 
    2.05410E-01   1.61012E-07   0.00000E+00   9.46119E-01   5.38807E-02  NONE
   7.93000E+02   2.11450E-06   4.35272E-03   9.58349E-01   1.37624E-02 
    1.03850E-06   2.35324E-02   6.83544E-02   2.47124E-01   4.71536E-01 
    2.12986E-01   1.60803E-07   0.00000E+00   9.46110E-01   5.38898E-02  NONE
   7.83000E+02   1.68012E-06   4.13421E-03   9.58920E-01   1.34111E-02 
    1.03849E-06   2.35320E-02   6.83869E-02   2.51971E-01   4.58927E-01 
    2.20715E-01   1.60654E-07   0.00000E+00   9.46103E-01   5.38972E-02  NONE
   7.73000E+02   1.32698E-06   3.91762E-03   9.59495E-01   1.30534E-02 
    1.03848E-06   2.35316E-02   6.84195E-02   2.56786E-01   4.46199E-01 
    2.28595E-01   1.60570E-07   0.00000E+00   9.46097E-01   5.39033E-02  NONE
   7.63000E+02   1.04157E-06   3.70345E-03   9.60074E-01   1.26892E-02 
    1.03846E-06   2.35312E-02   6.84520E-02   2.61558E-01   4.33364E-01 
    2.36626E-01   1.60555E-07   0.00000E+00   9.46092E-01   5.39082E-02  NONE
   7.53000E+02   8.12316E-07   3.49224E-03   9.60656E-01   1.23188E-02 
    1.03844E-06   2.35308E-02   6.84844E-02   2.66273E-01   4.20440E-01 
    2.44803E-01   1.60612E-07   0.00000E+00   9.46088E-01   5.39122E-02  NONE
   7.43000E+02   6.29331E-07   3.28451E-03   9.61241E-01   1.19423E-02 
    1.03842E-06   2.35303E-02   6.85167E-02   2.70918E-01   4.07441E-01 
    2.53123E-01   1.60743E-07   0.00000E+00   9.46085E-01   5.39153E-02  NONE
   7.33000E+02   4.84233E-07   3.08079E-03   9.61828E-01   1.15599E-02 
    1.03839E-06   2.35299E-02   6.85487E-02   2.75483E-01   3.94387E-01 
    2.61581E-01   1.60951E-07   0.00000E+00   9.46082E-01   5.39178E-02  NONE
   7.23000E+02   3.69955E-07   2.88159E-03   9.62416E-01   1.11719E-02 
    1.03836E-06   2.35294E-02   6.85803E-02   2.79954E-01   3.81295E-01 
    2.70170E-01   1.61237E-07   0.00000E+00   9.46080E-01   5.39198E-02  NONE
   7.13000E+02   2.80582E-07   2.68741E-03   9.63004E-01   1.07786E-02 
    1.03833E-06   2.35289E-02   6.86116E-02   2.84319E-01   3.68186E-01 
    2.78882E-01   1.61599E-07   0.00000E+00   9.46079E-01   5.39213E-02  NONE
   7.03000E+02   2.11191E-07   2.49874E-03   9.63591E-01   1.03805E-02 
    1.03829E-06   2.35285E-02   6.86424E-02   2.88568E-01   3.55081E-01 
    2.87709E-01   1.62037E-07   0.00000E+00   9.46078E-01   5.39225E-02  NONE
   6.93000E+02   1.57719E-07   2.31603E-03   9.64177E-01   9.97798E-03 
    1.03825E-06   2.35280E-02   6.86727E-02   2.92690E-01   3.41999E-01 
    2.96638E-01   1.62548E-07   0.00000E+00   9.46077E-01   5.39234E-02  NONE
   6.83000E+02   1.16834E-07   2.13968E-03   9.64760E-01   9.57160E-03 
    1.03821E-06   2.35276E-02   6.87024E-02   2.96674E-01   3.28964E-01 
    3.05659E-01   1.63130E-07   0.00000E+00   9.46076E-01   5.39241E-02  NONE
   6.73000E+02   8.58230E-08   1.97008E-03   9.65340E-01   9.16196E-03 
    1.03816E-06   2.35271E-02   6.87315E-02   3.00512E-01   3.15999E-01 
    3.14757E-01   1.63776E-07   0.00000E+00   9.46075E-01   5.39246E-02  NONE
