
 Phase Region for:
     FCC_A1#1                      
 col-1=T, col-2=X(FCC_A1#1,C), col-3=X(FCC_A1#1,CR), col-4=X(FCC_A1#1,FE),
   col-5=X(FCC_A1#1,MN), col-6=X(FCC_A1#1,NI), col-7=X(FCC_A1#1,SI),
   col-8=NP(FCC_A1#1),
   1.17300E+03   1.34671E-02   3.11087E-02   8.90146E-01   2.20824E-02 
    9.18686E-07   4.31945E-02   1.00000E+00
   1.18300E+03   1.34671E-02   3.11087E-02   8.90146E-01   2.20824E-02 
    9.18686E-07   4.31945E-02   1.00000E+00
   1.19300E+03   1.34671E-02   3.11087E-02   8.90146E-01   2.20824E-02 
    9.18686E-07   4.31945E-02   1.00000E+00
   1.20300E+03   1.34671E-02   3.11087E-02   8.90146E-01   2.20824E-02 
    9.18686E-07   4.31945E-02   1.00000E+00
   1.21300E+03   1.34671E-02   3.11087E-02   8.90146E-01   2.20824E-02 
    9.18686E-07   4.31945E-02   1.00000E+00
   1.22300E+03   1.34671E-02   3.11087E-02   8.90146E-01   2.20824E-02 
    9.18686E-07   4.31945E-02   1.00000E+00
   1.23300E+03   1.34671E-02   3.11087E-02   8.90146E-01   2.20824E-02 
    9.18686E-07   4.31945E-02   1.00000E+00
   1.24300E+03   1.34671E-02   3.11087E-02   8.90146E-01   2.20824E-02 
    9.18686E-07   4.31945E-02   1.00000E+00
   1.25300E+03   1.34671E-02   3.11087E-02   8.90146E-01   2.20824E-02 
    9.18686E-07   4.31945E-02   1.00000E+00
   1.26300E+03   1.34671E-02   3.11087E-02   8.90146E-01   2.20824E-02 
    9.18686E-07   4.31945E-02   1.00000E+00
   1.27300E+03   1.34671E-02   3.11087E-02   8.90146E-01   2.20824E-02 
    9.18686E-07   4.31945E-02   1.00000E+00
   1.28300E+03   1.34671E-02   3.11087E-02   8.90146E-01   2.20824E-02 
    9.18686E-07   4.31945E-02   1.00000E+00
   1.29300E+03   1.34671E-02   3.11087E-02   8.90146E-01   2.20824E-02 
    9.18686E-07   4.31945E-02   1.00000E+00
   1.30300E+03   1.34671E-02   3.11087E-02   8.90146E-01   2.20824E-02 
    9.18686E-07   4.31945E-02   1.00000E+00
   1.31300E+03   1.34671E-02   3.11087E-02   8.90146E-01   2.20824E-02 
    9.18686E-07   4.31945E-02   1.00000E+00
   1.32300E+03   1.34671E-02   3.11087E-02   8.90146E-01   2.20824E-02 
    9.18686E-07   4.31945E-02   1.00000E+00
   1.33300E+03   1.34671E-02   3.11087E-02   8.90146E-01   2.20824E-02 
    9.18686E-07   4.31945E-02   1.00000E+00
   1.34300E+03   1.34671E-02   3.11087E-02   8.90146E-01   2.20824E-02 
    9.18686E-07   4.31945E-02   1.00000E+00
   1.35300E+03   1.34671E-02   3.11087E-02   8.90146E-01   2.20824E-02 
    9.18686E-07   4.31945E-02   1.00000E+00
   1.36300E+03   1.34671E-02   3.11087E-02   8.90146E-01   2.20824E-02 
    9.18686E-07   4.31945E-02   1.00000E+00
   1.37300E+03   1.34671E-02   3.11087E-02   8.90146E-01   2.20824E-02 
    9.18686E-07   4.31945E-02   1.00000E+00
   1.38300E+03   1.34671E-02   3.11087E-02   8.90146E-01   2.20824E-02 
    9.18686E-07   4.31945E-02   1.00000E+00
   1.39300E+03   1.34671E-02   3.11087E-02   8.90146E-01   2.20824E-02 
    9.18686E-07   4.31945E-02   1.00000E+00
   1.40300E+03   1.34671E-02   3.11087E-02   8.90146E-01   2.20824E-02 
    9.18686E-07   4.31945E-02   1.00000E+00
   1.41300E+03   1.34671E-02   3.11087E-02   8.90146E-01   2.20824E-02 
    9.18686E-07   4.31945E-02   1.00000E+00
   1.42300E+03   1.34671E-02   3.11087E-02   8.90146E-01   2.20824E-02 
    9.18686E-07   4.31945E-02   1.00000E+00
   1.43300E+03   1.34671E-02   3.11087E-02   8.90146E-01   2.20824E-02 
    9.18686E-07   4.31945E-02   1.00000E+00
   1.44300E+03   1.34671E-02   3.11087E-02   8.90146E-01   2.20824E-02 
    9.18686E-07   4.31945E-02   1.00000E+00
   1.45300E+03   1.34671E-02   3.11087E-02   8.90146E-01   2.20824E-02 
    9.18686E-07   4.31945E-02   1.00000E+00
   1.46300E+03   1.34671E-02   3.11087E-02   8.90146E-01   2.20824E-02 
    9.18686E-07   4.31945E-02   1.00000E+00
   1.47300E+03   1.34671E-02   3.11087E-02   8.90146E-01   2.20824E-02 
    9.18686E-07   4.31945E-02   1.00000E+00

 Phase Region for:
     FCC_A1#1                      
 col-1=T, col-2=X(FCC_A1#1,C), col-3=X(FCC_A1#1,CR), col-4=X(FCC_A1#1,FE),
   col-5=X(FCC_A1#1,MN), col-6=X(FCC_A1#1,NI), col-7=X(FCC_A1#1,SI),
   col-8=NP(FCC_A1#1),
   1.17300E+03   1.34671E-02   3.11087E-02   8.90146E-01   2.20824E-02 
    9.18686E-07   4.31945E-02   1.00000E+00
   1.16300E+03   1.34671E-02   3.11087E-02   8.90146E-01   2.20824E-02 
    9.18686E-07   4.31945E-02   1.00000E+00
   1.15300E+03   1.34671E-02   3.11087E-02   8.90146E-01   2.20824E-02 
    9.18686E-07   4.31945E-02   1.00000E+00
   1.14300E+03   1.34671E-02   3.11087E-02   8.90146E-01   2.20824E-02 
    9.18686E-07   4.31945E-02   1.00000E+00
   1.13300E+03   1.34671E-02   3.11087E-02   8.90146E-01   2.20824E-02 
    9.18686E-07   4.31945E-02   1.00000E+00
   1.12300E+03   1.34671E-02   3.11087E-02   8.90146E-01   2.20824E-02 
    9.18686E-07   4.31945E-02   1.00000E+00
   1.11300E+03   1.34671E-02   3.11087E-02   8.90146E-01   2.20824E-02 
    9.18686E-07   4.31945E-02   1.00000E+00
   1.10300E+03   1.34671E-02   3.11087E-02   8.90146E-01   2.20824E-02 
    9.18686E-07   4.31945E-02   1.00000E+00
   1.09300E+03   1.34671E-02   3.11087E-02   8.90146E-01   2.20824E-02 
    9.18686E-07   4.31945E-02   1.00000E+00
   1.08300E+03   1.34671E-02   3.11087E-02   8.90146E-01   2.20824E-02 
    9.18686E-07   4.31945E-02   1.00000E+00
   1.07300E+03   1.34671E-02   3.11087E-02   8.90146E-01   2.20824E-02 
    9.18686E-07   4.31945E-02   1.00000E+00
   1.06300E+03   1.34671E-02   3.11087E-02   8.90146E-01   2.20824E-02 
    9.18686E-07   4.31945E-02   1.00000E+00
   1.05968E+03   1.34671E-02   3.11087E-02   8.90146E-01   2.20824E-02 
    9.18686E-07   4.31945E-02   1.00000E+00

 Phase Region for:
     BCC_A2                        
     FCC_A1#1                      
 col-1=T, col-2=X(BCC_A2,C), col-3=X(BCC_A2,CR), col-4=X(BCC_A2,FE),
   col-5=X(BCC_A2,MN), col-6=X(BCC_A2,NI), col-7=X(BCC_A2,SI),
   col-8=X(FCC_A1#1,C), col-9=X(FCC_A1#1,CR), col-10=X(FCC_A1#1,FE),
   col-11=X(FCC_A1#1,MN), col-12=X(FCC_A1#1,NI), col-13=X(FCC_A1#1,SI),
   col-14=NP(BCC_A2), col-15=NP(FCC_A1#1),
   1.05968E+03   4.52213E-04   2.40479E-02   9.13396E-01   1.08510E-02 
    4.57478E-07   5.12528E-02   1.34671E-02   3.11087E-02   8.90146E-01 
    2.20824E-02   9.18686E-07   4.31945E-02   8.52445E-07   9.99999E-01
   1.05300E+03   4.57113E-04   2.40787E-02   9.13562E-01   1.09880E-02 
    4.66134E-07   5.09133E-02   1.42317E-02   3.15219E-02   8.88770E-01 
    2.27344E-02   9.45285E-07   4.27408E-02   5.55124E-02   9.44488E-01
   1.04300E+03   4.64209E-04   2.41152E-02   9.13795E-01   1.11841E-02 
    4.79159E-07   5.04409E-02   1.54675E-02   3.21847E-02   8.86508E-01 
    2.37590E-02   9.86305E-07   4.20797E-02   1.33332E-01   8.66668E-01
   1.04149E+03   4.65244E-04   2.41196E-02   9.13829E-01   1.12125E-02 
    4.81123E-07   5.03733E-02   1.56635E-02   3.22894E-02   8.86146E-01 
    2.39186E-02   9.92604E-07   4.19818E-02   1.44519E-01   8.55481E-01

 Phase Region for:
     BCC_A2                        
     CEMENTITE                     
     FCC_A1#1                      
 col-1=T, col-2=X(BCC_A2,C), col-3=X(BCC_A2,CR), col-4=X(BCC_A2,FE),
   col-5=X(BCC_A2,MN), col-6=X(BCC_A2,NI), col-7=X(BCC_A2,SI),
   col-8=X(CEMENTITE,C), col-9=X(CEMENTITE,CR), col-10=X(CEMENTITE,FE),
   col-11=X(CEMENTITE,MN), col-12=X(CEMENTITE,NI), col-13=X(CEMENTITE,SI),
   col-14=X(FCC_A1#1,C), col-15=X(FCC_A1#1,CR), col-16=X(FCC_A1#1,FE),
   col-17=X(FCC_A1#1,MN), col-18=X(FCC_A1#1,NI), col-19=X(FCC_A1#1,SI),
   col-20=NP(BCC_A2), col-21=NP(CEMENTITE), col-22=NP(FCC_A1#1),
   1.04149E+03   4.65243E-04   2.41196E-02   9.13829E-01   1.12125E-02 
    4.81124E-07   5.03733E-02   2.50000E-01   2.62423E-01   4.60966E-01 
    2.66107E-02   4.70080E-08   0.00000E+00   1.56635E-02   3.22894E-02 
    8.86146E-01   2.39187E-02   9.92606E-07   4.19818E-02   1.44521E-01 
    1.95350E-07   8.55478E-01
   1.03300E+03   4.26250E-04   2.26908E-02   9.15369E-01   1.26263E-02 
    5.44561E-07   4.88866E-02   2.50000E-01   2.57273E-01   4.61361E-01 
    3.13659E-02   5.31708E-08   0.00000E+00   1.53738E-02   3.05404E-02 
    8.85756E-01   2.74371E-02   1.16073E-06   4.08920E-02   3.65565E-01 
    1.51626E-02   6.19273E-01
   1.02300E+03   3.80024E-04   2.13355E-02   9.16262E-01   1.44456E-02 
    6.30691E-07   4.75765E-02   2.50000E-01   2.52948E-01   4.59395E-01 
    3.76575E-02   6.13873E-08   0.00000E+00   1.48973E-02   2.88144E-02 
    8.84223E-01   3.20264E-02   1.40116E-06   4.00371E-02   5.75042E-01 
    2.94246E-02   3.95533E-01
   1.01300E+03   3.34736E-04   2.02764E-02   9.16367E-01   1.63771E-02 
    7.30884E-07   4.66437E-02   2.50000E-01   2.50437E-01   4.54997E-01 
    4.45654E-02   7.07127E-08   0.00000E+00   1.42968E-02   2.74032E-02 
    8.81760E-01   3.69927E-02   1.69731E-06   3.95455E-02   7.38019E-01 
    4.01968E-02   2.21785E-01
   1.00300E+03   2.91578E-04   1.94497E-02   9.15898E-01   1.83667E-02 
    8.48486E-07   4.59928E-02   2.50000E-01   2.49537E-01   4.48506E-01 
    5.19576E-02   8.13792E-08   0.00000E+00   1.36026E-02   2.62491E-02 
    8.78592E-01   4.22342E-02   2.06493E-06   3.93203E-02   8.63905E-01 
    4.80713E-02   8.80240E-02
   9.94591E+02   2.57575E-04   1.88930E-02   9.15191E-01   2.00504E-02 
    9.64869E-07   4.56068E-02   2.50000E-01   2.49847E-01   4.41685E-01 
    5.84681E-02   9.17061E-08   0.00000E+00   1.29680E-02   2.54378E-02 
    8.75517E-01   4.67952E-02   2.44690E-06   3.92793E-02   9.47108E-01 
    5.28925E-02   0.00000E+00

 Phase Region for:
     BCC_A2                        
     CEMENTITE                     
 col-1=T, col-2=X(BCC_A2,C), col-3=X(BCC_A2,CR), col-4=X(BCC_A2,FE),
   col-5=X(BCC_A2,MN), col-6=X(BCC_A2,NI), col-7=X(BCC_A2,SI),
   col-8=X(CEMENTITE,C), col-9=X(CEMENTITE,CR), col-10=X(CEMENTITE,FE),
   col-11=X(CEMENTITE,MN), col-12=X(CEMENTITE,NI), col-13=X(CEMENTITE,SI),
   col-14=NP(BCC_A2), col-15=NP(CEMENTITE),
   9.94591E+02   2.57575E-04   1.88930E-02   9.15191E-01   2.00504E-02 
    9.64869E-07   4.56068E-02   2.50000E-01   2.49847E-01   4.41685E-01 
    5.84681E-02   9.17061E-08   0.00000E+00   9.47108E-01   5.28925E-02  NONE
   9.93000E+02   2.51431E-04   1.88361E-02   9.15273E-01   2.00309E-02 
    9.64902E-07   4.56079E-02   2.50000E-01   2.50764E-01   4.40435E-01 
    5.88003E-02   9.15064E-08   0.00000E+00   9.47084E-01   5.29158E-02  NONE
   9.83000E+02   2.15421E-04   1.84731E-02   9.15795E-01   1.99007E-02 
    9.65095E-07   4.56145E-02   2.50000E-01   2.56647E-01   4.32329E-01 
    6.10237E-02   9.03104E-08   0.00000E+00   9.46948E-01   5.30523E-02  NONE
   9.73000E+02   1.83175E-04   1.80946E-02   9.16364E-01   1.97371E-02 
    9.65258E-07   4.56203E-02   2.50000E-01   2.62839E-01   4.23320E-01 
    6.38414E-02   8.94147E-08   0.00000E+00   9.46825E-01   5.31745E-02  NONE
   9.63000E+02   1.54739E-04   1.77048E-02   9.16965E-01   1.95490E-02 
    9.65398E-07   4.56255E-02   2.50000E-01   2.69269E-01   4.13636E-01 
    6.70943E-02   8.87100E-08   0.00000E+00   9.46718E-01   5.32823E-02  NONE
   9.53000E+02   1.30214E-04   1.73111E-02   9.17569E-01   1.93592E-02 
    9.65526E-07   4.56300E-02   2.50000E-01   2.75813E-01   4.03808E-01 
    7.03790E-02   8.79680E-08   0.00000E+00   9.46625E-01   5.33752E-02  NONE
   9.43000E+02   1.09134E-04   1.69133E-02   9.18175E-01   1.91675E-02 
    9.65643E-07   4.56339E-02   2.50000E-01   2.82471E-01   3.93833E-01 
    7.36960E-02   8.71943E-08   0.00000E+00   9.46545E-01   5.34551E-02  NONE
   9.33000E+02   9.10790E-05   1.65113E-02   9.18785E-01   1.89742E-02 
    9.65752E-07   4.56372E-02   2.50000E-01   2.89241E-01   3.83713E-01 
    7.70456E-02   8.63942E-08   0.00000E+00   9.46477E-01   5.35235E-02  NONE
   9.23000E+02   7.56745E-05   1.61049E-02   9.19399E-01   1.87791E-02 
    9.65853E-07   4.56400E-02   2.50000E-01   2.96122E-01   3.73449E-01 
    8.04283E-02   8.55725E-08   0.00000E+00   9.46418E-01   5.35818E-02  NONE
   9.13000E+02   6.25840E-05   1.56942E-02   9.20018E-01   1.85823E-02 
    9.65946E-07   4.56424E-02   2.50000E-01   3.03110E-01   3.63045E-01 
    8.38445E-02   8.47334E-08   0.00000E+00   9.46369E-01   5.36314E-02  NONE
   9.03000E+02   5.15070E-05   1.52794E-02   9.20640E-01   1.83837E-02 
    9.66034E-07   4.56444E-02   2.50000E-01   3.10200E-01   3.52506E-01 
    8.72943E-02   8.38809E-08   0.00000E+00   9.46327E-01   5.36733E-02  NONE
   8.93000E+02   4.21757E-05   1.48605E-02   9.21267E-01   1.81834E-02 
    9.66116E-07   4.56461E-02   2.50000E-01   3.17385E-01   3.41837E-01 
    9.07780E-02   8.30181E-08   0.00000E+00   9.46291E-01   5.37086E-02  NONE
   8.83000E+02   3.43519E-05   1.44380E-02   9.21898E-01   1.79814E-02 
    9.66193E-07   4.56475E-02   2.50000E-01   3.24659E-01   3.31046E-01 
    9.42954E-02   8.21478E-08   0.00000E+00   9.46262E-01   5.37383E-02  NONE
   8.73000E+02   2.78246E-05   1.40122E-02   9.22533E-01   1.77776E-02 
    9.66266E-07   4.56487E-02   2.50000E-01   3.32011E-01   3.20142E-01 
    9.78464E-02   8.12721E-08   0.00000E+00   9.46237E-01   5.37630E-02  NONE
   8.63000E+02   2.24072E-05   1.35834E-02   9.23171E-01   1.75722E-02 
    9.66335E-07   4.56497E-02   2.50000E-01   3.39433E-01   3.09137E-01 
    1.01430E-01   8.03924E-08   0.00000E+00   9.46217E-01   5.37835E-02  NONE
   8.53000E+02   1.79355E-05   1.31524E-02   9.23813E-01   1.73651E-02 
    9.66401E-07   4.56505E-02   2.50000E-01   3.46912E-01   2.98042E-01 
    1.05047E-01   7.95095E-08   0.00000E+00   9.46200E-01   5.38004E-02  NONE
   8.43000E+02   1.42655E-05   1.27196E-02   9.24458E-01   1.71563E-02 
    9.66464E-07   4.56512E-02   2.50000E-01   3.54435E-01   2.86871E-01 
    1.08694E-01   7.86232E-08   0.00000E+00   9.46186E-01   5.38143E-02  NONE
   8.33000E+02   1.12714E-05   1.22858E-02   9.25104E-01   1.69460E-02 
    9.66526E-07   4.56517E-02   2.50000E-01   3.61988E-01   2.75640E-01 
    1.12372E-01   7.77328E-08   0.00000E+00   9.46174E-01   5.38256E-02  NONE
   8.23000E+02   8.84425E-06   1.18517E-02   9.25752E-01   1.67343E-02 
    9.66585E-07   4.56522E-02   2.50000E-01   3.69557E-01   2.64366E-01 
    1.16077E-01   7.68363E-08   0.00000E+00   9.46165E-01   5.38348E-02  NONE
   8.13000E+02   6.88952E-06   1.14183E-02   9.26400E-01   1.65212E-02 
    9.66644E-07   4.56525E-02   2.50000E-01   3.77125E-01   2.53067E-01 
    1.19807E-01   7.59310E-08   0.00000E+00   9.46158E-01   5.38422E-02  NONE
   8.03000E+02   5.32614E-06   1.09862E-02   9.27048E-01   1.63069E-02 
    9.66701E-07   4.56528E-02   2.50000E-01   3.84676E-01   2.41763E-01 
    1.23561E-01   7.50134E-08   0.00000E+00   9.46152E-01   5.38481E-02  NONE
   7.93000E+02   4.08481E-06   1.05566E-02   9.27694E-01   1.60916E-02 
    9.66759E-07   4.56531E-02   2.50000E-01   3.92191E-01   2.30474E-01 
    1.27334E-01   7.40786E-08   0.00000E+00   9.46147E-01   5.38528E-02  NONE
   7.83000E+02   3.10665E-06   1.01304E-02   9.28337E-01   1.58755E-02 
    9.66817E-07   4.56532E-02   2.50000E-01   3.99653E-01   2.19223E-01 
    1.31124E-01   7.31208E-08   0.00000E+00   9.46143E-01   5.38565E-02  NONE
   7.73000E+02   2.34201E-06   9.70853E-03   9.28976E-01   1.56588E-02 
    9.66876E-07   4.56534E-02   2.50000E-01   4.07043E-01   2.08033E-01 
    1.34924E-01   7.21331E-08   0.00000E+00   9.46141E-01   5.38594E-02  NONE
   7.63000E+02   1.74929E-06   9.29204E-03   9.29610E-01   1.54418E-02 
    9.66937E-07   4.56535E-02   2.50000E-01   4.14343E-01   1.96927E-01 
    1.38731E-01   7.11077E-08   0.00000E+00   9.46138E-01   5.38617E-02  NONE
   7.53000E+02   1.29388E-06   8.88193E-03   9.30237E-01   1.52249E-02 
    9.66999E-07   4.56536E-02   2.50000E-01   4.21533E-01   1.85929E-01 
    1.42537E-01   7.00356E-08   0.00000E+00   9.46137E-01   5.38634E-02  NONE
   7.43000E+02   9.47227E-07   8.47921E-03   9.30857E-01   1.50084E-02 
    9.67065E-07   4.56536E-02   2.50000E-01   4.28597E-01   1.75065E-01 
    1.46337E-01   6.89070E-08   0.00000E+00   9.46135E-01   5.38647E-02  NONE
   7.33000E+02   6.85939E-07   8.08484E-03   9.31467E-01   1.47927E-02 
    9.67134E-07   4.56537E-02   2.50000E-01   4.35516E-01   1.64361E-01 
    1.50123E-01   6.77112E-08   0.00000E+00   9.46134E-01   5.38657E-02  NONE
   7.23000E+02   4.91038E-07   7.69975E-03   9.32067E-01   1.45784E-02 
    9.67207E-07   4.56537E-02   2.50000E-01   4.42274E-01   1.53840E-01 
    1.53886E-01   6.64368E-08   0.00000E+00   9.46134E-01   5.38664E-02  NONE
   7.13000E+02   3.47254E-07   7.32483E-03   9.32654E-01   1.43660E-02 
    9.67285E-07   4.56537E-02   2.50000E-01   4.48855E-01   1.43529E-01 
    1.57615E-01   6.50721E-08   0.00000E+00   9.46133E-01   5.38670E-02  NONE
   7.03000E+02   2.42414E-07   6.96089E-03   9.33228E-01   1.41560E-02 
    9.67369E-07   4.56538E-02   2.50000E-01   4.55244E-01   1.33454E-01 
    1.61302E-01   6.36053E-08   0.00000E+00   9.46133E-01   5.38674E-02  NONE
   6.93000E+02   1.66917E-07   6.60866E-03   9.33787E-01   1.39492E-02 
    9.67459E-07   4.56538E-02   2.50000E-01   4.61428E-01   1.23639E-01 
    1.64933E-01   6.20249E-08   0.00000E+00   9.46132E-01   5.38677E-02  NONE
   6.83000E+02   1.13267E-07   6.26881E-03   9.34330E-01   1.37464E-02 
    9.67557E-07   4.56538E-02   2.50000E-01   4.67396E-01   1.14109E-01 
    1.68495E-01   6.03199E-08   0.00000E+00   9.46132E-01   5.38679E-02  NONE
   6.73000E+02   7.56760E-08   5.94190E-03   9.34855E-01   1.35482E-02 
    9.67661E-07   4.56538E-02   2.50000E-01   4.73137E-01   1.04888E-01 
    1.71976E-01   5.84808E-08   0.00000E+00   9.46132E-01   5.38680E-02  NONE
