
 Phase Region for:
     FCC_A1#1                      
 col-1=T, col-2=X(FCC_A1#1,C), col-3=X(FCC_A1#1,CR), col-4=X(FCC_A1#1,FE),
   col-5=X(FCC_A1#1,MN), col-6=X(FCC_A1#1,NI), col-7=X(FCC_A1#1,SI),
   col-8=NP(FCC_A1#1),
   1.17300E+03   1.33876E-02   3.86566E-02   8.34504E-01   2.19520E-02 
    3.42475E-02   5.72520E-02   1.00000E+00
   1.18300E+03   1.33876E-02   3.86566E-02   8.34504E-01   2.19520E-02 
    3.42475E-02   5.72520E-02   1.00000E+00
   1.19300E+03   1.33876E-02   3.86566E-02   8.34504E-01   2.19520E-02 
    3.42475E-02   5.72520E-02   1.00000E+00
   1.20300E+03   1.33876E-02   3.86566E-02   8.34504E-01   2.19520E-02 
    3.42475E-02   5.72520E-02   1.00000E+00
   1.21300E+03   1.33876E-02   3.86566E-02   8.34504E-01   2.19520E-02 
    3.42475E-02   5.72520E-02   1.00000E+00
   1.22300E+03   1.33876E-02   3.86566E-02   8.34504E-01   2.19520E-02 
    3.42475E-02   5.72520E-02   1.00000E+00
   1.23300E+03   1.33876E-02   3.86566E-02   8.34504E-01   2.19520E-02 
    3.42475E-02   5.72520E-02   1.00000E+00
   1.24300E+03   1.33876E-02   3.86566E-02   8.34504E-01   2.19520E-02 
    3.42475E-02   5.72520E-02   1.00000E+00
   1.25300E+03   1.33876E-02   3.86566E-02   8.34504E-01   2.19520E-02 
    3.42475E-02   5.72520E-02   1.00000E+00
   1.26300E+03   1.33876E-02   3.86566E-02   8.34504E-01   2.19520E-02 
    3.42475E-02   5.72520E-02   1.00000E+00
   1.27300E+03   1.33876E-02   3.86566E-02   8.34504E-01   2.19520E-02 
    3.42475E-02   5.72520E-02   1.00000E+00
   1.28300E+03   1.33876E-02   3.86566E-02   8.34504E-01   2.19520E-02 
    3.42475E-02   5.72520E-02   1.00000E+00
   1.29300E+03   1.33876E-02   3.86566E-02   8.34504E-01   2.19520E-02 
    3.42475E-02   5.72520E-02   1.00000E+00
   1.30300E+03   1.33876E-02   3.86566E-02   8.34504E-01   2.19520E-02 
    3.42475E-02   5.72520E-02   1.00000E+00
   1.31300E+03   1.33876E-02   3.86566E-02   8.34504E-01   2.19520E-02 
    3.42475E-02   5.72520E-02   1.00000E+00
   1.32300E+03   1.33876E-02   3.86566E-02   8.34504E-01   2.19520E-02 
    3.42475E-02   5.72520E-02   1.00000E+00
   1.33300E+03   1.33876E-02   3.86566E-02   8.34504E-01   2.19520E-02 
    3.42475E-02   5.72520E-02   1.00000E+00
   1.34300E+03   1.33876E-02   3.86566E-02   8.34504E-01   2.19520E-02 
    3.42475E-02   5.72520E-02   1.00000E+00
   1.35300E+03   1.33876E-02   3.86566E-02   8.34504E-01   2.19520E-02 
    3.42475E-02   5.72520E-02   1.00000E+00
   1.36300E+03   1.33876E-02   3.86566E-02   8.34504E-01   2.19520E-02 
    3.42475E-02   5.72520E-02   1.00000E+00
   1.37300E+03   1.33876E-02   3.86566E-02   8.34504E-01   2.19520E-02 
    3.42475E-02   5.72520E-02   1.00000E+00
   1.38300E+03   1.33876E-02   3.86566E-02   8.34504E-01   2.19520E-02 
    3.42475E-02   5.72520E-02   1.00000E+00
   1.39300E+03   1.33876E-02   3.86566E-02   8.34504E-01   2.19520E-02 
    3.42475E-02   5.72520E-02   1.00000E+00
   1.40300E+03   1.33876E-02   3.86566E-02   8.34504E-01   2.19520E-02 
    3.42475E-02   5.72520E-02   1.00000E+00
   1.41300E+03   1.33876E-02   3.86566E-02   8.34504E-01   2.19520E-02 
    3.42475E-02   5.72520E-02   1.00000E+00
   1.42300E+03   1.33876E-02   3.86566E-02   8.34504E-01   2.19520E-02 
    3.42475E-02   5.72520E-02   1.00000E+00
   1.43300E+03   1.33876E-02   3.86566E-02   8.34504E-01   2.19520E-02 
    3.42475E-02   5.72520E-02   1.00000E+00
   1.44300E+03   1.33876E-02   3.86566E-02   8.34504E-01   2.19520E-02 
    3.42475E-02   5.72520E-02   1.00000E+00
   1.45300E+03   1.33876E-02   3.86566E-02   8.34504E-01   2.19520E-02 
    3.42475E-02   5.72520E-02   1.00000E+00
   1.46300E+03   1.33876E-02   3.86566E-02   8.34504E-01   2.19520E-02 
    3.42475E-02   5.72520E-02   1.00000E+00
   1.47300E+03   1.33876E-02   3.86566E-02   8.34504E-01   2.19520E-02 
    3.42475E-02   5.72520E-02   1.00000E+00

 Phase Region for:
     FCC_A1#1                      
 col-1=T, col-2=X(FCC_A1#1,C), col-3=X(FCC_A1#1,CR), col-4=X(FCC_A1#1,FE),
   col-5=X(FCC_A1#1,MN), col-6=X(FCC_A1#1,NI), col-7=X(FCC_A1#1,SI),
   col-8=NP(FCC_A1#1),
   1.17300E+03   1.33876E-02   3.86566E-02   8.34504E-01   2.19520E-02 
    3.42475E-02   5.72520E-02   1.00000E+00
   1.16300E+03   1.33876E-02   3.86566E-02   8.34504E-01   2.19520E-02 
    3.42475E-02   5.72520E-02   1.00000E+00
   1.15300E+03   1.33876E-02   3.86566E-02   8.34504E-01   2.19520E-02 
    3.42475E-02   5.72520E-02   1.00000E+00
   1.14300E+03   1.33876E-02   3.86566E-02   8.34504E-01   2.19520E-02 
    3.42475E-02   5.72520E-02   1.00000E+00
   1.13300E+03   1.33876E-02   3.86566E-02   8.34504E-01   2.19520E-02 
    3.42475E-02   5.72520E-02   1.00000E+00
   1.12300E+03   1.33876E-02   3.86566E-02   8.34504E-01   2.19520E-02 
    3.42475E-02   5.72520E-02   1.00000E+00
   1.11300E+03   1.33876E-02   3.86566E-02   8.34504E-01   2.19520E-02 
    3.42475E-02   5.72520E-02   1.00000E+00
   1.10300E+03   1.33876E-02   3.86566E-02   8.34504E-01   2.19520E-02 
    3.42475E-02   5.72520E-02   1.00000E+00
   1.09300E+03   1.33876E-02   3.86566E-02   8.34504E-01   2.19520E-02 
    3.42475E-02   5.72520E-02   1.00000E+00
   1.08300E+03   1.33876E-02   3.86566E-02   8.34504E-01   2.19520E-02 
    3.42475E-02   5.72520E-02   1.00000E+00
   1.07387E+03   1.33876E-02   3.86566E-02   8.34504E-01   2.19520E-02 
    3.42475E-02   5.72520E-02   1.00000E+00

 Phase Region for:
     CEMENTITE                     
     FCC_A1#1                      
 col-1=T, col-2=X(CEMENTITE,C), col-3=X(CEMENTITE,CR), col-4=X(CEMENTITE,FE),
   col-5=X(CEMENTITE,MN), col-6=X(CEMENTITE,NI), col-7=X(CEMENTITE,SI),
   col-8=X(FCC_A1#1,C), col-9=X(FCC_A1#1,CR), col-10=X(FCC_A1#1,FE),
   col-11=X(FCC_A1#1,MN), col-12=X(FCC_A1#1,NI), col-13=X(FCC_A1#1,SI),
   col-14=NP(CEMENTITE), col-15=NP(FCC_A1#1),
   1.07387E+03   2.50000E-01   3.00088E-01   4.29603E-01   1.85945E-02 
    1.71431E-03   0.00000E+00   1.33875E-02   3.86566E-02   8.34504E-01 
    2.19520E-02   3.42475E-02   5.72520E-02   3.22278E-08   1.00000E+00
   1.07300E+03   2.50000E-01   3.00376E-01   4.29314E-01   1.86008E-02 
    1.70919E-03   0.00000E+00   1.33214E-02   3.85834E-02   8.34618E-01 
    2.19529E-02   3.42566E-02   5.72680E-02   2.79580E-04   9.99720E-01
   1.06300E+03   2.50000E-01   3.03743E-01   4.25932E-01   1.86745E-02 
    1.65076E-03   0.00000E+00   1.25741E-02   3.77453E-02   8.35909E-01 
    2.19632E-02   3.43596E-02   5.74488E-02   3.42600E-03   9.96574E-01
   1.05300E+03   2.50000E-01   3.07226E-01   4.22431E-01   1.87490E-02 
    1.59330E-03   0.00000E+00   1.18529E-02   3.69146E-02   8.37177E-01 
    2.19728E-02   3.44593E-02   5.76233E-02   6.44431E-03   9.93556E-01
   1.04300E+03   2.50000E-01   3.10829E-01   4.18810E-01   1.88243E-02 
    1.53685E-03   0.00000E+00   1.11574E-02   3.60913E-02   8.38422E-01 
    2.19815E-02   3.45558E-02   5.77916E-02   9.33723E-03   9.90663E-01
   1.03300E+03   2.50000E-01   3.14556E-01   4.15063E-01   1.89002E-02 
    1.48141E-03   0.00000E+00   1.04877E-02   3.52752E-02   8.39645E-01 
    2.19894E-02   3.46491E-02   5.79537E-02   1.21074E-02   9.87893E-01
   1.02300E+03   2.50000E-01   3.18409E-01   4.11187E-01   1.89768E-02 
    1.42701E-03   0.00000E+00   9.84342E-03   3.44663E-02   8.40845E-01 
    2.19965E-02   3.47391E-02   5.81095E-02   1.47576E-02   9.85242E-01
   1.01300E+03   2.50000E-01   3.22394E-01   4.07179E-01   1.90538E-02 
    1.37366E-03   0.00000E+00   9.22447E-03   3.36644E-02   8.42023E-01 
    2.20030E-02   3.48259E-02   5.82593E-02   1.72903E-02   9.82710E-01
   1.01047E+03   2.50000E-01   3.23423E-01   4.06144E-01   1.90733E-02 
    1.36034E-03   0.00000E+00   9.07196E-03   3.34627E-02   8.42317E-01 
    2.20045E-02   3.48474E-02   5.82962E-02   1.79124E-02   9.82088E-01

 Phase Region for:
     BCC_A2                        
     CEMENTITE                     
     FCC_A1#1                      
 col-1=T, col-2=X(BCC_A2,C), col-3=X(BCC_A2,CR), col-4=X(BCC_A2,FE),
   col-5=X(BCC_A2,MN), col-6=X(BCC_A2,NI), col-7=X(BCC_A2,SI),
   col-8=X(CEMENTITE,C), col-9=X(CEMENTITE,CR), col-10=X(CEMENTITE,FE),
   col-11=X(CEMENTITE,MN), col-12=X(CEMENTITE,NI), col-13=X(CEMENTITE,SI),
   col-14=X(FCC_A1#1,C), col-15=X(FCC_A1#1,CR), col-16=X(FCC_A1#1,FE),
   col-17=X(FCC_A1#1,MN), col-18=X(FCC_A1#1,NI), col-19=X(FCC_A1#1,SI),
   col-20=NP(BCC_A2), col-21=NP(CEMENTITE), col-22=NP(FCC_A1#1),
   1.01047E+03   2.31998E-04   2.75855E-02   8.79550E-01   8.78282E-03 
    1.46524E-02   6.91970E-02   2.50000E-01   3.23423E-01   4.06144E-01 
    1.90733E-02   1.36034E-03   0.00000E+00   9.07196E-03   3.34627E-02 
    8.42317E-01   2.20045E-02   3.48474E-02   5.82962E-02   1.40348E-06 
    1.79125E-02   9.82086E-01
   1.00300E+03   2.10020E-04   2.67882E-02   8.80490E-01   9.06426E-03 
    1.52139E-02   6.82339E-02   2.50000E-01   3.25237E-01   4.03054E-01 
    2.03121E-02   1.39620E-03   0.00000E+00   8.63487E-03   3.24359E-02 
    8.40679E-01   2.34577E-02   3.72749E-02   5.75176E-02   9.95514E-02 
    2.31657E-02   8.77283E-01
   9.93000E+02   1.82710E-04   2.58147E-02   8.81497E-01   9.42710E-03 
    1.59552E-02   6.71229E-02   2.50000E-01   3.28424E-01   3.98092E-01 
    2.20419E-02   1.44197E-03   0.00000E+00   8.03729E-03   3.11470E-02 
    8.37863E-01   2.55501E-02   4.07759E-02   5.66269E-02   2.16826E-01 
    2.91505E-02   7.54024E-01
   9.83000E+02   1.57861E-04   2.49318E-02   8.82286E-01   9.76368E-03 
    1.66699E-02   6.61910E-02   2.50000E-01   3.32434E-01   3.92237E-01 
    2.38449E-02   1.48410E-03   0.00000E+00   7.43346E-03   2.99424E-02 
    8.34355E-01   2.78158E-02   4.45682E-02   5.58854E-02   3.17334E-01 
    3.40644E-02   6.48602E-01
   9.73000E+02   1.35469E-04   2.41222E-02   8.82924E-01   1.00631E-02 
    1.73428E-02   6.54119E-02   2.50000E-01   3.37211E-01   3.85552E-01 
    2.57153E-02   1.52168E-03   0.00000E+00   6.83161E-03   2.88079E-02 
    8.30166E-01   3.02657E-02   4.86611E-02   5.52677E-02   4.02948E-01 
    3.80565E-02   5.58996E-01
   9.63000E+02   1.15416E-04   2.33470E-02   8.83643E-01   1.02452E-02 
    1.79153E-02   6.47343E-02   2.50000E-01   3.42824E-01   3.77941E-01 
    2.76815E-02   1.55379E-03   0.00000E+00   6.23419E-03   2.77406E-02 
    8.25204E-01   3.29584E-02   5.30738E-02   5.47891E-02   4.74995E-01 
    4.12681E-02   4.83737E-01
   9.53000E+02   9.76438E-05   2.26169E-02   8.84328E-01   1.03698E-02 
    1.84198E-02   6.41676E-02   2.50000E-01   3.49146E-01   3.69515E-01 
    2.97575E-02   1.58130E-03   0.00000E+00   5.65021E-03   2.67146E-02 
    8.19414E-01   3.59379E-02   5.78876E-02   5.43958E-02   5.36407E-01 
    4.38543E-02   4.19739E-01
   9.43000E+02   8.20854E-05   2.19419E-02   8.84864E-01   1.05019E-02 
    1.88922E-02   6.37174E-02   2.50000E-01   3.55982E-01   3.60514E-01 
    3.18992E-02   1.60393E-03   0.00000E+00   5.09079E-03   2.57072E-02 
    8.12879E-01   3.91736E-02   6.31270E-02   5.40227E-02   5.88997E-01 
    4.59227E-02   3.65080E-01
   9.33000E+02   6.85839E-05   2.13080E-02   8.85313E-01   1.06294E-02 
    1.93211E-02   6.33600E-02   2.50000E-01   3.63259E-01   3.51038E-01 
    3.40819E-02   1.62106E-03   0.00000E+00   4.56068E-03   2.47105E-02 
    8.05607E-01   4.26641E-02   6.88095E-02   5.36485E-02   6.33810E-01 
    4.75637E-02   3.18626E-01
   9.23000E+02   5.69611E-05   2.07039E-02   8.85720E-01   1.07438E-02 
    1.96986E-02   6.30762E-02   2.50000E-01   3.70915E-01   3.41169E-01 
    3.62839E-02   1.63235E-03   0.00000E+00   4.06301E-03   2.37181E-02 
    7.97585E-01   4.64148E-02   7.49642E-02   5.32549E-02   6.71914E-01 
    4.88591E-02   2.79227E-01
   9.13000E+02   4.70300E-05   2.01213E-02   8.86123E-01   1.08388E-02 
    2.00189E-02   6.28512E-02   2.50000E-01   3.78898E-01   3.30979E-01 
    3.84853E-02   1.63768E-03   0.00000E+00   3.59965E-03   2.27255E-02 
    7.88779E-01   5.04379E-02   8.16311E-02   5.28264E-02   7.04303E-01 
    4.98783E-02   2.45819E-01
   9.03000E+02   3.86039E-05   1.95534E-02   8.86547E-01   1.09100E-02 
    2.02782E-02   6.26730E-02   2.50000E-01   3.87165E-01   3.20530E-01 
    4.06675E-02   1.63704E-03   0.00000E+00   3.17147E-03   2.17293E-02 
    7.79138E-01   5.47514E-02   8.88600E-02   5.23501E-02   7.31858E-01 
    5.06785E-02   2.17464E-01
   8.93000E+02   3.15030E-05   1.89955E-02   8.87013E-01   1.09540E-02 
    2.04735E-02   6.25327E-02   2.50000E-01   3.95680E-01   3.09877E-01 
    4.28124E-02   1.63052E-03   0.00000E+00   2.77859E-03   2.07276E-02 
    7.68591E-01   5.93795E-02   9.67093E-02   5.18146E-02   7.55336E-01 
    5.13060E-02   1.93358E-01
   8.83000E+02   2.55577E-05   1.84437E-02   8.87536E-01   1.09685E-02 
    2.06030E-02   6.24232E-02   2.50000E-01   4.04413E-01   2.99066E-01 
    4.49028E-02   1.61825E-03   0.00000E+00   2.42055E-03   1.97199E-02 
    7.57053E-01   6.43519E-02   1.05245E-01   5.12101E-02   7.75381E-01 
    5.17977E-02   1.72821E-01
   8.73000E+02   2.06120E-05   1.78953E-02   8.88128E-01   1.09517E-02 
    2.06655E-02   6.23390E-02   2.50000E-01   4.13338E-01   2.88140E-01 
    4.69215E-02   1.60041E-03   0.00000E+00   2.09652E-03   1.87069E-02 
    7.44429E-01   6.97029E-02   1.14536E-01   5.05286E-02   7.92530E-01 
    5.21826E-02   1.55287E-01
   8.63000E+02   1.65239E-05   1.73483E-02   8.88797E-01   1.09024E-02 
    2.06604E-02   6.22758E-02   2.50000E-01   4.22431E-01   2.77140E-01 
    4.88519E-02   1.57722E-03   0.00000E+00   1.80539E-03   1.76909E-02 
    7.30619E-01   7.54690E-02   1.24652E-01   4.97632E-02   8.07230E-01 
    5.24838E-02   1.40287E-01
   8.53000E+02   1.31663E-05   1.68010E-02   8.89547E-01   1.08201E-02 
    2.05883E-02   6.22302E-02   2.50000E-01   4.31671E-01   2.66103E-01 
    5.06773E-02   1.54894E-03   0.00000E+00   1.54587E-03   1.66759E-02 
    7.15535E-01   8.16841E-02   1.35650E-01   4.89096E-02   8.19845E-01 
    5.27191E-02   1.27436E-01
   8.43000E+02   1.04263E-05   1.62524E-02   8.90383E-01   1.07046E-02 
    2.04504E-02   6.21995E-02   2.50000E-01   4.41038E-01   2.55064E-01 
    5.23818E-02   1.51588E-03   0.00000E+00   1.31652E-03   1.56680E-02 
    6.99116E-01   8.83726E-02   1.47559E-01   4.79671E-02   8.30671E-01 
    5.29025E-02   1.16426E-01
   8.33000E+02   8.20482E-06   1.57018E-02   8.91303E-01   1.05559E-02 
    2.02493E-02   6.21814E-02   2.50000E-01   4.50514E-01   2.44058E-01 
    5.39499E-02   1.47844E-03   0.00000E+00   1.11580E-03   1.46756E-02 
    6.81368E-01   9.55380E-02   1.60362E-01   4.69401E-02   8.39942E-01 
    5.30450E-02   1.07013E-01
   8.23000E+02   6.41543E-06   1.51487E-02   8.92307E-01   1.03750E-02 
    1.99886E-02   6.21741E-02   2.50000E-01   4.60078E-01   2.33118E-01 
    5.53676E-02   1.43703E-03   0.00000E+00   9.41976E-04   1.37090E-02 
    6.62390E-01   1.03151E-01   1.73969E-01   4.58397E-02   8.47838E-01 
    5.31554E-02   9.90065E-02
   8.13000E+02   4.98362E-06   1.45932E-02   8.93390E-01   1.01631E-02 
    1.96732E-02   6.21759E-02   2.50000E-01   4.69711E-01   2.22274E-01 
    5.66233E-02   1.39218E-03   0.00000E+00   7.93113E-04   1.27797E-02 
    6.42401E-01   1.11138E-01   1.88204E-01   4.46847E-02   8.54506E-01 
    5.32405E-02   9.22538E-02
   8.03000E+02   3.84556E-06   1.40354E-02   8.94544E-01   9.92251E-03 
    1.93090E-02   6.21855E-02   2.50000E-01   4.79393E-01   2.11553E-01 
    5.77088E-02   1.34441E-03   0.00000E+00   6.66959E-04   1.18984E-02 
    6.21735E-01   1.19385E-01   2.02815E-01   4.35001E-02   8.60069E-01 
    5.33059E-02   8.66249E-02
   7.93000E+02   2.94705E-06   1.34759E-02   8.95761E-01   9.65610E-03 
    1.89022E-02   6.22016E-02   2.50000E-01   4.89104E-01   2.00981E-01 
    5.86203E-02   1.29428E-03   0.00000E+00   5.60976E-04   1.10735E-02 
    6.00793E-01   1.27752E-01   2.17508E-01   4.23132E-02   8.64648E-01 
    5.33560E-02   8.19959E-02
   7.83000E+02   2.24248E-06   1.29158E-02   8.97032E-01   9.36752E-03 
    1.84592E-02   6.22232E-02   2.50000E-01   4.98821E-01   1.90579E-01 
    5.93585E-02   1.24229E-03   0.00000E+00   4.72450E-04   1.03094E-02 
    5.79974E-01   1.36094E-01   2.32000E-01   4.11492E-02   8.68365E-01 
    5.33946E-02   7.82408E-02
   7.73000E+02   1.69381E-06   1.23562E-02   8.98346E-01   9.06069E-03 
    1.79862E-02   6.22494E-02   2.50000E-01   5.08520E-01   1.80363E-01 
    5.99277E-02   1.18892E-03   0.00000E+00   3.98681E-04   9.60646E-03 
    5.59609E-01   1.44293E-01   2.46066E-01   4.00272E-02   8.71344E-01 
    5.34244E-02   7.52315E-02
   7.63000E+02   1.26960E-06   1.17985E-02   8.99693E-01   8.73957E-03 
    1.74885E-02   6.22794E-02   2.50000E-01   5.18178E-01   1.70352E-01 
    6.03348E-02   1.13459E-03   0.00000E+00   3.37171E-04   8.96167E-03 
    5.39925E-01   1.52262E-01   2.59554E-01   3.89592E-02   8.73708E-01 
    5.34475E-02   7.28441E-02
   7.53000E+02   9.44041E-07   1.12440E-02   9.01063E-01   8.40784E-03 
    1.69713E-02   6.23124E-02   2.50000E-01   5.27770E-01   1.60562E-01 
    6.05879E-02   1.07965E-03   0.00000E+00   2.85739E-04   8.37025E-03 
    5.21055E-01   1.59950E-01   2.72389E-01   3.79505E-02   8.75568E-01 
    5.34658E-02   7.09658E-02
   7.43000E+02   6.96122E-07   1.06943E-02   9.02450E-01   8.06878E-03 
    1.64386E-02   6.23479E-02   2.50000E-01   5.37272E-01   1.51009E-01 
    6.06952E-02   1.02443E-03   0.00000E+00   2.42560E-04   7.82668E-03 
    5.03049E-01   1.67333E-01   2.84547E-01   3.70018E-02   8.77020E-01 
    5.34804E-02   6.94992E-02
   7.33000E+02   5.08854E-07   1.01508E-02   9.03844E-01   7.72524E-03 
    1.58942E-02   6.23853E-02   2.50000E-01   5.46658E-01   1.41708E-01 
    6.06649E-02   9.69181E-04   0.00000E+00   2.06152E-04   7.32549E-03 
    4.85908E-01   1.74408E-01   2.96042E-01   3.61109E-02   8.78145E-01 
    5.34921E-02   6.83628E-02
   7.23000E+02   3.68596E-07   9.61490E-03   9.05240E-01   7.37961E-03 
    1.53414E-02   6.24241E-02   2.50000E-01   5.55907E-01   1.32674E-01 
    6.05045E-02   9.14152E-04   0.00000E+00   1.75322E-04   6.86168E-03 
    4.69596E-01   1.81183E-01   3.06909E-01   3.52742E-02   8.79008E-01 
    5.35016E-02   6.74905E-02
   7.13000E+02   2.64475E-07   9.08782E-03   9.06631E-01   7.03393E-03 
    1.47828E-02   6.24641E-02   2.50000E-01   5.64996E-01   1.23924E-01 
    6.02209E-02   8.59557E-04   0.00000E+00   1.49116E-04   6.43084E-03 
    4.54066E-01   1.87674E-01   3.17192E-01   3.44873E-02   8.79661E-01 
    5.35094E-02   6.68291E-02
   7.03000E+02   1.87898E-07   8.57084E-03   9.08013E-01   6.68991E-03 
    1.42210E-02   6.25048E-02   2.50000E-01   5.73904E-01   1.15469E-01 
    5.98207E-02   8.05594E-04   0.00000E+00   1.26772E-04   6.02923E-03 
    4.39261E-01   1.93899E-01   3.26938E-01   3.37457E-02   8.80148E-01 
    5.35159E-02   6.63362E-02
   6.93000E+02   1.32123E-07   8.06510E-03   9.09382E-01   6.34899E-03 
    1.36581E-02   6.25459E-02   2.50000E-01   5.82613E-01   1.07324E-01 
    5.93101E-02   7.52452E-04   0.00000E+00   1.07676E-04   5.65368E-03 
    4.25124E-01   1.99876E-01   3.36194E-01   3.30454E-02   8.80501E-01 
    5.35213E-02   6.59777E-02
   6.83000E+02   9.19102E-08   7.57164E-03   9.10733E-01   6.01239E-03 
    1.30958E-02   6.25873E-02   2.50000E-01   5.91105E-01   9.94996E-02 
    5.86950E-02   7.00309E-04   0.00000E+00   9.13285E-05   5.30149E-03 
    4.11599E-01   2.05622E-01   3.45004E-01   3.23824E-02   8.80747E-01 
    5.35259E-02   6.57267E-02
   6.73000E+02   6.32245E-08   7.09142E-03   9.12063E-01   5.68117E-03 
    1.25359E-02   6.26287E-02   2.50000E-01   5.99365E-01   9.20050E-02 
    5.79812E-02   6.49342E-04   0.00000E+00   7.73214E-05   4.97042E-03 
    3.98635E-01   2.11157E-01   3.53407E-01   3.17533E-02   8.80909E-01 
    5.35297E-02   6.55612E-02
