
 Phase Region for:
     FCC_A1#1                      
 col-1=T, col-2=W(FCC_A1#1,C), col-3=W(FCC_A1#1,CR), col-4=W(FCC_A1#1,FE),
   col-5=W(FCC_A1#1,MN), col-6=W(FCC_A1#1,NI), col-7=W(FCC_A1#1,SI),
   col-8=NP(FCC_A1#1),
   1.17300E+03   3.00000E-03   1.00000E-06   9.36998E-01   3.00000E-02 
    3.00000E-02   1.00000E-06   1.00000E+00
   1.18300E+03   3.00000E-03   1.00000E-06   9.36998E-01   3.00000E-02 
    3.00000E-02   1.00000E-06   1.00000E+00
   1.19300E+03   3.00000E-03   1.00000E-06   9.36998E-01   3.00000E-02 
    3.00000E-02   1.00000E-06   1.00000E+00
   1.20300E+03   3.00000E-03   1.00000E-06   9.36998E-01   3.00000E-02 
    3.00000E-02   1.00000E-06   1.00000E+00
   1.21300E+03   3.00000E-03   1.00000E-06   9.36998E-01   3.00000E-02 
    3.00000E-02   1.00000E-06   1.00000E+00
   1.22300E+03   3.00000E-03   1.00000E-06   9.36998E-01   3.00000E-02 
    3.00000E-02   1.00000E-06   1.00000E+00
   1.23300E+03   3.00000E-03   1.00000E-06   9.36998E-01   3.00000E-02 
    3.00000E-02   1.00000E-06   1.00000E+00
   1.24300E+03   3.00000E-03   1.00000E-06   9.36998E-01   3.00000E-02 
    3.00000E-02   1.00000E-06   1.00000E+00
   1.25300E+03   3.00000E-03   1.00000E-06   9.36998E-01   3.00000E-02 
    3.00000E-02   1.00000E-06   1.00000E+00
   1.26300E+03   3.00000E-03   1.00000E-06   9.36998E-01   3.00000E-02 
    3.00000E-02   1.00000E-06   1.00000E+00
   1.27300E+03   3.00000E-03   1.00000E-06   9.36998E-01   3.00000E-02 
    3.00000E-02   1.00000E-06   1.00000E+00
   1.28300E+03   3.00000E-03   1.00000E-06   9.36998E-01   3.00000E-02 
    3.00000E-02   1.00000E-06   1.00000E+00
   1.29300E+03   3.00000E-03   1.00000E-06   9.36998E-01   3.00000E-02 
    3.00000E-02   1.00000E-06   1.00000E+00
   1.30300E+03   3.00000E-03   1.00000E-06   9.36998E-01   3.00000E-02 
    3.00000E-02   1.00000E-06   1.00000E+00
   1.31300E+03   3.00000E-03   1.00000E-06   9.36998E-01   3.00000E-02 
    3.00000E-02   1.00000E-06   1.00000E+00
   1.32300E+03   3.00000E-03   1.00000E-06   9.36998E-01   3.00000E-02 
    3.00000E-02   1.00000E-06   1.00000E+00
   1.33300E+03   3.00000E-03   1.00000E-06   9.36998E-01   3.00000E-02 
    3.00000E-02   1.00000E-06   1.00000E+00
   1.34300E+03   3.00000E-03   1.00000E-06   9.36998E-01   3.00000E-02 
    3.00000E-02   1.00000E-06   1.00000E+00
   1.35300E+03   3.00000E-03   1.00000E-06   9.36998E-01   3.00000E-02 
    3.00000E-02   1.00000E-06   1.00000E+00
   1.36300E+03   3.00000E-03   1.00000E-06   9.36998E-01   3.00000E-02 
    3.00000E-02   1.00000E-06   1.00000E+00
   1.37300E+03   3.00000E-03   1.00000E-06   9.36998E-01   3.00000E-02 
    3.00000E-02   1.00000E-06   1.00000E+00
   1.38300E+03   3.00000E-03   1.00000E-06   9.36998E-01   3.00000E-02 
    3.00000E-02   1.00000E-06   1.00000E+00
   1.39300E+03   3.00000E-03   1.00000E-06   9.36998E-01   3.00000E-02 
    3.00000E-02   1.00000E-06   1.00000E+00
   1.40300E+03   3.00000E-03   1.00000E-06   9.36998E-01   3.00000E-02 
    3.00000E-02   1.00000E-06   1.00000E+00
   1.41300E+03   3.00000E-03   1.00000E-06   9.36998E-01   3.00000E-02 
    3.00000E-02   1.00000E-06   1.00000E+00
   1.42300E+03   3.00000E-03   1.00000E-06   9.36998E-01   3.00000E-02 
    3.00000E-02   1.00000E-06   1.00000E+00
   1.43300E+03   3.00000E-03   1.00000E-06   9.36998E-01   3.00000E-02 
    3.00000E-02   1.00000E-06   1.00000E+00
   1.44300E+03   3.00000E-03   1.00000E-06   9.36998E-01   3.00000E-02 
    3.00000E-02   1.00000E-06   1.00000E+00
   1.45300E+03   3.00000E-03   1.00000E-06   9.36998E-01   3.00000E-02 
    3.00000E-02   1.00000E-06   1.00000E+00
   1.46300E+03   3.00000E-03   1.00000E-06   9.36998E-01   3.00000E-02 
    3.00000E-02   1.00000E-06   1.00000E+00
   1.47300E+03   3.00000E-03   1.00000E-06   9.36998E-01   3.00000E-02 
    3.00000E-02   1.00000E-06   1.00000E+00

 Phase Region for:
     FCC_A1#1                      
 col-1=T, col-2=W(FCC_A1#1,C), col-3=W(FCC_A1#1,CR), col-4=W(FCC_A1#1,FE),
   col-5=W(FCC_A1#1,MN), col-6=W(FCC_A1#1,NI), col-7=W(FCC_A1#1,SI),
   col-8=NP(FCC_A1#1),
   1.17300E+03   3.00000E-03   1.00000E-06   9.36998E-01   3.00000E-02 
    3.00000E-02   1.00000E-06   1.00000E+00
   1.16300E+03   3.00000E-03   1.00000E-06   9.36998E-01   3.00000E-02 
    3.00000E-02   1.00000E-06   1.00000E+00
   1.15300E+03   3.00000E-03   1.00000E-06   9.36998E-01   3.00000E-02 
    3.00000E-02   1.00000E-06   1.00000E+00
   1.14300E+03   3.00000E-03   1.00000E-06   9.36998E-01   3.00000E-02 
    3.00000E-02   1.00000E-06   1.00000E+00
   1.13300E+03   3.00000E-03   1.00000E-06   9.36998E-01   3.00000E-02 
    3.00000E-02   1.00000E-06   1.00000E+00
   1.12300E+03   3.00000E-03   1.00000E-06   9.36998E-01   3.00000E-02 
    3.00000E-02   1.00000E-06   1.00000E+00
   1.11300E+03   3.00000E-03   1.00000E-06   9.36998E-01   3.00000E-02 
    3.00000E-02   1.00000E-06   1.00000E+00
   1.10300E+03   3.00000E-03   1.00000E-06   9.36998E-01   3.00000E-02 
    3.00000E-02   1.00000E-06   1.00000E+00
   1.09300E+03   3.00000E-03   1.00000E-06   9.36998E-01   3.00000E-02 
    3.00000E-02   1.00000E-06   1.00000E+00
   1.08300E+03   3.00000E-03   1.00000E-06   9.36998E-01   3.00000E-02 
    3.00000E-02   1.00000E-06   1.00000E+00
   1.07300E+03   3.00000E-03   1.00000E-06   9.36998E-01   3.00000E-02 
    3.00000E-02   1.00000E-06   1.00000E+00
   1.06300E+03   3.00000E-03   1.00000E-06   9.36998E-01   3.00000E-02 
    3.00000E-02   1.00000E-06   1.00000E+00
   1.05300E+03   3.00000E-03   1.00000E-06   9.36998E-01   3.00000E-02 
    3.00000E-02   1.00000E-06   1.00000E+00
   1.04300E+03   3.00000E-03   1.00000E-06   9.36998E-01   3.00000E-02 
    3.00000E-02   1.00000E-06   1.00000E+00
   1.03300E+03   3.00000E-03   1.00000E-06   9.36998E-01   3.00000E-02 
    3.00000E-02   1.00000E-06   1.00000E+00
   1.02300E+03   3.00000E-03   1.00000E-06   9.36998E-01   3.00000E-02 
    3.00000E-02   1.00000E-06   1.00000E+00
   1.01300E+03   3.00000E-03   1.00000E-06   9.36998E-01   3.00000E-02 
    3.00000E-02   1.00000E-06   1.00000E+00
   1.00300E+03   3.00000E-03   1.00000E-06   9.36998E-01   3.00000E-02 
    3.00000E-02   1.00000E-06   1.00000E+00
   9.93000E+02   3.00000E-03   1.00000E-06   9.36998E-01   3.00000E-02 
    3.00000E-02   1.00000E-06   1.00000E+00
   9.83000E+02   3.00000E-03   1.00000E-06   9.36998E-01   3.00000E-02 
    3.00000E-02   1.00000E-06   1.00000E+00
   9.76135E+02   3.00000E-03   1.00000E-06   9.36998E-01   3.00000E-02 
    3.00000E-02   1.00000E-06   1.00000E+00

 Phase Region for:
     BCC_A2                        
     FCC_A1#1                      
 col-1=T, col-2=W(BCC_A2,C), col-3=W(BCC_A2,CR), col-4=W(BCC_A2,FE),
   col-5=W(BCC_A2,MN), col-6=W(BCC_A2,NI), col-7=W(BCC_A2,SI),
   col-8=W(FCC_A1#1,C), col-9=W(FCC_A1#1,CR), col-10=W(FCC_A1#1,FE),
   col-11=W(FCC_A1#1,MN), col-12=W(FCC_A1#1,NI), col-13=W(FCC_A1#1,SI),
   col-14=NP(BCC_A2), col-15=NP(FCC_A1#1),
   9.76135E+02   5.12748E-05   6.21111E-07   9.82566E-01   7.33955E-03 
    1.00413E-02   1.15781E-06   3.00000E-03   1.00000E-06   9.36998E-01 
    3.00000E-02   3.00000E-02   1.00000E-06   1.14262E-06   9.99999E-01
   9.73000E+02   5.20108E-05   6.22971E-07   9.82420E-01   7.37551E-03 
    1.01510E-02   1.14880E-06   3.10800E-03   1.01381E-06   9.35334E-01 
    3.08288E-02   3.07271E-02   9.94549E-07   3.49833E-02   9.65017E-01
   9.63000E+02   5.42553E-05   6.28103E-07   9.81982E-01   7.47853E-03 
    1.04838E-02   1.12512E-06   3.46957E-03   1.05928E-06   9.29827E-01 
    3.35901E-02   3.31110E-02   9.80055E-07   1.36104E-01   8.63896E-01
   9.53000E+02   5.63220E-05   6.32034E-07   9.81590E-01   7.56227E-03 
    1.07893E-02   1.10768E-06   3.85729E-03   1.10716E-06   9.24011E-01 
    3.65345E-02   3.55947E-02   9.68640E-07   2.23271E-01   7.76729E-01
   9.43000E+02   5.81869E-05   6.34790E-07   9.81249E-01   7.62520E-03 
    1.10657E-02   1.09507E-06   4.27119E-03   1.15781E-06   9.17877E-01 
    3.96684E-02   3.81817E-02   9.58921E-07   2.98686E-01   7.01314E-01
   9.33000E+02   5.98307E-05   6.36406E-07   9.80960E-01   7.66625E-03 
    1.13119E-02   1.08626E-06   4.71130E-03   1.21163E-06   9.11410E-01 
    4.29991E-02   4.08772E-02   9.49796E-07   3.64191E-01   6.35809E-01
   9.23000E+02   6.12385E-05   6.36914E-07   9.80725E-01   7.68466E-03 
    1.15272E-02   1.08050E-06   5.17763E-03   1.26905E-06   9.04596E-01 
    4.65357E-02   4.36884E-02   9.40348E-07   4.21320E-01   5.78680E-01
   9.21937E+02   6.13737E-05   6.36904E-07   9.80703E-01   7.68527E-03 
    1.15483E-02   1.08005E-06   5.22872E-03   1.27538E-06   9.03851E-01 
    4.69240E-02   4.39942E-02   9.39291E-07   4.26952E-01   5.73048E-01

 Phase Region for:
     BCC_A2                        
     CEMENTITE                     
     FCC_A1#1                      
 col-1=T, col-2=W(BCC_A2,C), col-3=W(BCC_A2,CR), col-4=W(BCC_A2,FE),
   col-5=W(BCC_A2,MN), col-6=W(BCC_A2,NI), col-7=W(BCC_A2,SI),
   col-8=W(CEMENTITE,C), col-9=W(CEMENTITE,CR), col-10=W(CEMENTITE,FE),
   col-11=W(CEMENTITE,MN), col-12=W(CEMENTITE,NI), col-13=W(CEMENTITE,SI),
   col-14=W(FCC_A1#1,C), col-15=W(FCC_A1#1,CR), col-16=W(FCC_A1#1,FE),
   col-17=W(FCC_A1#1,MN), col-18=W(FCC_A1#1,NI), col-19=W(FCC_A1#1,SI),
   col-20=NP(BCC_A2), col-21=NP(CEMENTITE), col-22=NP(FCC_A1#1),
   9.21937E+02   6.13736E-05   6.36903E-07   9.80703E-01   7.68528E-03 
    1.15483E-02   1.08005E-06   6.70000E-02   2.44150E-05   8.24252E-01 
    1.05343E-01   3.38132E-03   0.00000E+00   5.22871E-03   1.27538E-06 
    9.03851E-01   4.69240E-02   4.39943E-02   9.39291E-07   4.26953E-01 
    1.57926E-07   5.73047E-01
   9.13000E+02   5.35052E-05   5.44549E-07   9.79551E-01   8.11542E-03 
    1.22787E-02   1.05228E-06   6.70110E-02   2.16678E-05   8.13443E-01 
    1.15917E-01   3.60730E-03   0.00000E+00   4.97932E-03   1.07688E-06 
    8.91384E-01   5.29831E-02   5.06512E-02   9.61990E-07   5.20739E-01 
    1.21756E-02   4.67086E-01
   9.03000E+02   4.58065E-05   4.79374E-07   9.78470E-01   8.50099E-03 
    1.29815E-02   1.03265E-06   6.70230E-02   1.99263E-05   8.01726E-01 
    1.27401E-01   3.82998E-03   0.00000E+00   4.70423E-03   9.34043E-07 
    8.76483E-01   6.00635E-02   5.87472E-02   9.95182E-07   6.00354E-01 
    2.22074E-02   3.77439E-01
   8.93000E+02   3.91401E-05   4.34286E-07   9.77600E-01   8.79073E-03 
    1.35691E-02   1.02084E-06   6.70346E-02   1.88988E-05   7.90413E-01 
    1.38511E-01   4.02239E-03   0.00000E+00   4.43276E-03   8.32784E-07 
    8.60401E-01   6.75257E-02   6.76382E-02   1.03269E-06   6.61038E-01 
    2.96112E-02   3.09351E-01
   8.83000E+02   3.33804E-05   4.00220E-07   9.76928E-01   8.99030E-03 
    1.40468E-02   1.01437E-06   6.70460E-02   1.82738E-05   7.79509E-01 
    1.49241E-01   4.18588E-03   0.00000E+00   4.16435E-03   7.54182E-07 
    8.42937E-01   7.54442E-02   7.74527E-02   1.07111E-06   7.08111E-01 
    3.51701E-02   2.56719E-01
   8.73000E+02   2.84150E-05   3.72738E-07   9.76445E-01   9.10558E-03 
    1.44196E-02   1.01181E-06   6.70570E-02   1.78980E-05   7.69021E-01 
    1.59583E-01   4.32166E-03   0.00000E+00   3.89858E-03   6.88969E-07 
    8.23877E-01   8.38964E-02   8.83265E-02   1.10697E-06   7.45140E-01 
    3.94025E-02   2.15457E-01
   8.63000E+02   2.41439E-05   3.49430E-07   9.76139E-01   9.14266E-03 
    1.46927E-02   1.01229E-06   6.70676E-02   1.76875E-05   7.58957E-01 
    1.69526E-01   4.43088E-03   0.00000E+00   3.63536E-03   6.32135E-07 
    8.03025E-01   9.29513E-02   1.00386E-01   1.13636E-06   7.74583E-01 
    4.26608E-02   1.82756E-01
   8.53000E+02   2.04779E-05   3.28890E-07   9.75999E-01   9.10784E-03 
    1.48718E-02   1.01524E-06   6.70779E-02   1.75929E-05   7.49329E-01 
    1.79061E-01   4.51488E-03   0.00000E+00   3.37526E-03   5.80854E-07 
    7.80263E-01   1.02645E-01   1.13715E-01   1.15483E-06   7.98156E-01 
    4.51886E-02   1.56655E-01
   8.43000E+02   1.73379E-05   3.10259E-07   9.76010E-01   9.00768E-03 
    1.49641E-02   1.02019E-06   6.70878E-02   1.75831E-05   7.40142E-01 
    1.88177E-01   4.57531E-03   0.00000E+00   3.11994E-03   5.33582E-07 
    7.55638E-01   1.12945E-01   1.28296E-01   1.15789E-06   8.17070E-01 
    4.71569E-02   1.35773E-01
   8.33000E+02   1.46536E-05   2.92990E-07   9.76157E-01   8.84924E-03 
    1.49782E-02   1.02664E-06   6.70973E-02   1.76378E-05   7.31402E-01 
    1.96869E-01   4.61425E-03   0.00000E+00   2.87234E-03   4.89585E-07 
    7.29461E-01   1.23711E-01   1.43954E-01   1.14214E-06   8.32200E-01 
    4.86890E-02   1.19111E-01
   8.23000E+02   1.23631E-05   2.76725E-07   9.76422E-01   8.63956E-03 
    1.49251E-02   1.03396E-06   6.71064E-02   1.77427E-05   7.23110E-01 
    2.05131E-01   4.63451E-03   0.00000E+00   2.63702E-03   4.48769E-07 
    7.02382E-01   1.34679E-01   1.60301E-01   1.10689E-06   8.44194E-01 
    4.98754E-02   1.05930E-01
   8.13000E+02   1.04114E-05   2.61220E-07   9.76786E-01   8.38687E-03 
    1.48153E-02   1.04152E-06   6.71151E-02   1.78867E-05   7.15247E-01 
    2.12982E-01   4.63885E-03   0.00000E+00   2.41801E-03   4.11163E-07 
    6.75203E-01   1.45523E-01   1.76854E-01   1.05482E-06   8.53616E-01 
    5.07909E-02   9.55928E-02
   8.03000E+02   8.75038E-06   2.46305E-07   9.77231E-01   8.09940E-03 
    1.46596E-02   1.04878E-06   6.71234E-02   1.80602E-05   7.07779E-01 
    2.20450E-01   4.63006E-03   0.00000E+00   2.21823E-03   3.76815E-07 
    6.48701E-01   1.55943E-01   1.93137E-01   9.91177E-07   8.60968E-01 
    5.14970E-02   8.75349E-02
   7.93000E+02   7.33818E-06   2.31868E-07   9.77739E-01   7.78512E-03 
    1.44672E-02   1.05540E-06   6.71313E-02   1.82552E-05   7.00665E-01 
    2.27575E-01   4.61059E-03   0.00000E+00   2.03862E-03   3.45615E-07 
    6.23420E-01   1.65734E-01   2.08806E-01   9.21758E-07   8.66700E-01 
    5.20448E-02   8.12554E-02
   7.83000E+02   6.13892E-06   2.17840E-07   9.78295E-01   7.45125E-03 
    1.42460E-02   1.06124E-06   6.71390E-02   1.84652E-05   6.93860E-01 
    2.34400E-01   4.58246E-03   0.00000E+00   1.87840E-03   3.17310E-07 
    5.99635E-01   1.74804E-01   2.23681E-01   8.51352E-07   8.71192E-01 
    5.24746E-02   7.63329E-02
   7.73000E+02   5.12194E-06   2.04185E-07   9.78888E-01   7.10395E-03 
    1.40021E-02   1.06631E-06   6.71463E-02   1.86846E-05   6.87324E-01 
    2.40964E-01   4.54729E-03   0.00000E+00   1.73581E-03   2.91582E-07 
    5.77405E-01   1.83143E-01   2.37715E-01   7.83181E-07   8.74748E-01 
    5.28169E-02   7.24347E-02
   7.63000E+02   4.26100E-06   1.90893E-07   9.79506E-01   6.74833E-03 
    1.37405E-02   1.07066E-06   6.71535E-02   1.89094E-05   6.81019E-01 
    2.47302E-01   4.50637E-03   0.00000E+00   1.60872E-03   2.68103E-07 
    5.56670E-01   1.90787E-01   2.50934E-01   7.19075E-07   8.77597E-01 
    5.30940E-02   6.93090E-02
   7.53000E+02   3.53368E-06   1.77965E-07   9.80142E-01   6.38855E-03 
    1.34650E-02   1.07439E-06   6.71604E-02   1.91363E-05   6.74921E-01 
    2.53439E-01   4.46071E-03   0.00000E+00   1.49506E-03   2.46583E-07 
    5.37309E-01   1.97792E-01   2.63403E-01   6.59885E-07   8.79909E-01 
    5.33218E-02   6.67695E-02
   7.43000E+02   2.92072E-06   1.65417E-07   9.80789E-01   6.02798E-03 
    1.31789E-02   1.07759E-06   6.71672E-02   1.93626E-05   6.69008E-01 
    2.59395E-01   4.41112E-03   0.00000E+00   1.39299E-03   2.26773E-07 
    5.19186E-01   2.04219E-01   2.75201E-01   6.05849E-07   8.81809E-01 
    5.35120E-02   6.46792E-02
   7.33000E+02   2.40554E-06   1.53267E-07   9.81442E-01   5.66938E-03 
    1.28845E-02   1.08034E-06   6.71738E-02   1.95863E-05   6.63265E-01 
    2.65183E-01   4.35827E-03   0.00000E+00   1.30088E-03   2.08468E-07 
    5.02170E-01   2.10124E-01   2.86405E-01   5.56865E-07   8.83390E-01 
    5.36729E-02   6.29373E-02
   7.23000E+02   1.97381E-06   1.41538E-07   9.82098E-01   5.31502E-03 
    1.25841E-02   1.08271E-06   6.71802E-02   1.98057E-05   6.57684E-01 
    2.70814E-01   4.30266E-03   0.00000E+00   1.21740E-03   1.91502E-07 
    4.86138E-01   2.15559E-01   2.97085E-01   5.12650E-07   8.84720E-01 
    5.38106E-02   6.14690E-02
   7.13000E+02   1.61320E-06   1.30251E-07   9.82751E-01   4.96680E-03 
    1.22791E-02   1.08477E-06   6.71864E-02   2.00194E-05   6.52258E-01 
    2.76291E-01   4.24472E-03   0.00000E+00   1.14141E-03   1.75740E-07 
    4.70984E-01   2.20569E-01   3.07304E-01   4.72843E-07   8.85852E-01 
    5.39298E-02   6.02179E-02
   7.03000E+02   1.31303E-06   1.19429E-07   9.83400E-01   4.62631E-03 
    1.19710E-02   1.08655E-06   6.71925E-02   2.02263E-05   6.46984E-01 
    2.81618E-01   4.18477E-03   0.00000E+00   1.07196E-03   1.61072E-07 
    4.56616E-01   2.25193E-01   3.17119E-01   4.37061E-07   8.86825E-01 
    5.40339E-02   5.91412E-02
   6.93000E+02   1.06409E-06   1.09093E-07   9.84042E-01   4.29491E-03 
    1.16608E-02   1.08809E-06   6.71984E-02   2.04253E-05   6.41864E-01 
    2.86795E-01   4.12306E-03   0.00000E+00   1.00826E-03   1.47408E-07 
    4.42953E-01   2.29463E-01   3.26575E-01   4.04924E-07   8.87668E-01 
    5.41255E-02   5.82062E-02
   6.83000E+02   8.58437E-07   9.92592E-08   9.84675E-01   3.97373E-03 
    1.13494E-02   1.08944E-06   6.72042E-02   2.06158E-05   6.36897E-01 
    2.91818E-01   4.05978E-03   0.00000E+00   9.49640E-04   1.34673E-07 
    4.29927E-01   2.33408E-01   3.35715E-01   3.76078E-07   8.88406E-01 
    5.42069E-02   5.73872E-02
   6.73000E+02   6.89243E-07   8.99440E-08   9.85297E-01   3.66377E-03 
    1.10375E-02   1.09061E-06   6.72098E-02   2.07971E-05   6.32088E-01 
    2.96686E-01   3.99505E-03   0.00000E+00   8.95536E-04   1.22804E-07 
    4.17480E-01   2.37053E-01   3.44572E-01   3.50194E-07   8.89056E-01 
    5.42796E-02   5.66642E-02
