
 Phase Region for:
     FCC_A1#1                      
 col-1=T, col-2=X(FCC_A1#1,C), col-3=X(FCC_A1#1,CR), col-4=X(FCC_A1#1,FE),
   col-5=X(FCC_A1#1,MN), col-6=X(FCC_A1#1,NI), col-7=X(FCC_A1#1,SI),
   col-8=NP(FCC_A1#1),
   1.17300E+03   1.35769E-02   3.13624E-02   8.75507E-01   2.96829E-02 
    2.08392E-02   2.90318E-02   1.00000E+00
   1.18300E+03   1.35769E-02   3.13624E-02   8.75507E-01   2.96829E-02 
    2.08392E-02   2.90318E-02   1.00000E+00
   1.19300E+03   1.35769E-02   3.13624E-02   8.75507E-01   2.96829E-02 
    2.08392E-02   2.90318E-02   1.00000E+00
   1.20300E+03   1.35769E-02   3.13624E-02   8.75507E-01   2.96829E-02 
    2.08392E-02   2.90318E-02   1.00000E+00
   1.21300E+03   1.35769E-02   3.13624E-02   8.75507E-01   2.96829E-02 
    2.08392E-02   2.90318E-02   1.00000E+00
   1.22300E+03   1.35769E-02   3.13624E-02   8.75507E-01   2.96829E-02 
    2.08392E-02   2.90318E-02   1.00000E+00
   1.23300E+03   1.35769E-02   3.13624E-02   8.75507E-01   2.96829E-02 
    2.08392E-02   2.90318E-02   1.00000E+00
   1.24300E+03   1.35769E-02   3.13624E-02   8.75507E-01   2.96829E-02 
    2.08392E-02   2.90318E-02   1.00000E+00
   1.25300E+03   1.35769E-02   3.13624E-02   8.75507E-01   2.96829E-02 
    2.08392E-02   2.90318E-02   1.00000E+00
   1.26300E+03   1.35769E-02   3.13624E-02   8.75507E-01   2.96829E-02 
    2.08392E-02   2.90318E-02   1.00000E+00
   1.27300E+03   1.35769E-02   3.13624E-02   8.75507E-01   2.96829E-02 
    2.08392E-02   2.90318E-02   1.00000E+00
   1.28300E+03   1.35769E-02   3.13624E-02   8.75507E-01   2.96829E-02 
    2.08392E-02   2.90318E-02   1.00000E+00
   1.29300E+03   1.35769E-02   3.13624E-02   8.75507E-01   2.96829E-02 
    2.08392E-02   2.90318E-02   1.00000E+00
   1.30300E+03   1.35769E-02   3.13624E-02   8.75507E-01   2.96829E-02 
    2.08392E-02   2.90318E-02   1.00000E+00
   1.31300E+03   1.35769E-02   3.13624E-02   8.75507E-01   2.96829E-02 
    2.08392E-02   2.90318E-02   1.00000E+00
   1.32300E+03   1.35769E-02   3.13624E-02   8.75507E-01   2.96829E-02 
    2.08392E-02   2.90318E-02   1.00000E+00
   1.33300E+03   1.35769E-02   3.13624E-02   8.75507E-01   2.96829E-02 
    2.08392E-02   2.90318E-02   1.00000E+00
   1.34300E+03   1.35769E-02   3.13624E-02   8.75507E-01   2.96829E-02 
    2.08392E-02   2.90318E-02   1.00000E+00
   1.35300E+03   1.35769E-02   3.13624E-02   8.75507E-01   2.96829E-02 
    2.08392E-02   2.90318E-02   1.00000E+00
   1.36300E+03   1.35769E-02   3.13624E-02   8.75507E-01   2.96829E-02 
    2.08392E-02   2.90318E-02   1.00000E+00
   1.37300E+03   1.35769E-02   3.13624E-02   8.75507E-01   2.96829E-02 
    2.08392E-02   2.90318E-02   1.00000E+00
   1.38300E+03   1.35769E-02   3.13624E-02   8.75507E-01   2.96829E-02 
    2.08392E-02   2.90318E-02   1.00000E+00
   1.39300E+03   1.35769E-02   3.13624E-02   8.75507E-01   2.96829E-02 
    2.08392E-02   2.90318E-02   1.00000E+00
   1.40300E+03   1.35769E-02   3.13624E-02   8.75507E-01   2.96829E-02 
    2.08392E-02   2.90318E-02   1.00000E+00
   1.41300E+03   1.35769E-02   3.13624E-02   8.75507E-01   2.96829E-02 
    2.08392E-02   2.90318E-02   1.00000E+00
   1.42300E+03   1.35769E-02   3.13624E-02   8.75507E-01   2.96829E-02 
    2.08392E-02   2.90318E-02   1.00000E+00
   1.43300E+03   1.35769E-02   3.13624E-02   8.75507E-01   2.96829E-02 
    2.08392E-02   2.90318E-02   1.00000E+00
   1.44300E+03   1.35769E-02   3.13624E-02   8.75507E-01   2.96829E-02 
    2.08392E-02   2.90318E-02   1.00000E+00
   1.45300E+03   1.35769E-02   3.13624E-02   8.75507E-01   2.96829E-02 
    2.08392E-02   2.90318E-02   1.00000E+00
   1.46300E+03   1.35769E-02   3.13624E-02   8.75507E-01   2.96829E-02 
    2.08392E-02   2.90318E-02   1.00000E+00
   1.47300E+03   1.35769E-02   3.13624E-02   8.75507E-01   2.96829E-02 
    2.08392E-02   2.90318E-02   1.00000E+00

 Phase Region for:
     FCC_A1#1                      
 col-1=T, col-2=X(FCC_A1#1,C), col-3=X(FCC_A1#1,CR), col-4=X(FCC_A1#1,FE),
   col-5=X(FCC_A1#1,MN), col-6=X(FCC_A1#1,NI), col-7=X(FCC_A1#1,SI),
   col-8=NP(FCC_A1#1),
   1.17300E+03   1.35769E-02   3.13624E-02   8.75507E-01   2.96829E-02 
    2.08392E-02   2.90318E-02   1.00000E+00
   1.16300E+03   1.35769E-02   3.13624E-02   8.75507E-01   2.96829E-02 
    2.08392E-02   2.90318E-02   1.00000E+00
   1.15300E+03   1.35769E-02   3.13624E-02   8.75507E-01   2.96829E-02 
    2.08392E-02   2.90318E-02   1.00000E+00
   1.14300E+03   1.35769E-02   3.13624E-02   8.75507E-01   2.96829E-02 
    2.08392E-02   2.90318E-02   1.00000E+00
   1.13300E+03   1.35769E-02   3.13624E-02   8.75507E-01   2.96829E-02 
    2.08392E-02   2.90318E-02   1.00000E+00
   1.12300E+03   1.35769E-02   3.13624E-02   8.75507E-01   2.96829E-02 
    2.08392E-02   2.90318E-02   1.00000E+00
   1.11300E+03   1.35769E-02   3.13624E-02   8.75507E-01   2.96829E-02 
    2.08392E-02   2.90318E-02   1.00000E+00
   1.10300E+03   1.35769E-02   3.13624E-02   8.75507E-01   2.96829E-02 
    2.08392E-02   2.90318E-02   1.00000E+00
   1.09300E+03   1.35769E-02   3.13624E-02   8.75507E-01   2.96829E-02 
    2.08392E-02   2.90318E-02   1.00000E+00
   1.08300E+03   1.35769E-02   3.13624E-02   8.75507E-01   2.96829E-02 
    2.08392E-02   2.90318E-02   1.00000E+00
   1.07300E+03   1.35769E-02   3.13624E-02   8.75507E-01   2.96829E-02 
    2.08392E-02   2.90318E-02   1.00000E+00
   1.06300E+03   1.35769E-02   3.13624E-02   8.75507E-01   2.96829E-02 
    2.08392E-02   2.90318E-02   1.00000E+00
   1.05300E+03   1.35769E-02   3.13624E-02   8.75507E-01   2.96829E-02 
    2.08392E-02   2.90318E-02   1.00000E+00
   1.04300E+03   1.35769E-02   3.13624E-02   8.75507E-01   2.96829E-02 
    2.08392E-02   2.90318E-02   1.00000E+00
   1.03300E+03   1.35769E-02   3.13624E-02   8.75507E-01   2.96829E-02 
    2.08392E-02   2.90318E-02   1.00000E+00
   1.02531E+03   1.35769E-02   3.13624E-02   8.75507E-01   2.96829E-02 
    2.08392E-02   2.90318E-02   1.00000E+00

 Phase Region for:
     CEMENTITE                     
     FCC_A1#1                      
 col-1=T, col-2=X(CEMENTITE,C), col-3=X(CEMENTITE,CR), col-4=X(CEMENTITE,FE),
   col-5=X(CEMENTITE,MN), col-6=X(CEMENTITE,NI), col-7=X(CEMENTITE,SI),
   col-8=X(FCC_A1#1,C), col-9=X(FCC_A1#1,CR), col-10=X(FCC_A1#1,FE),
   col-11=X(FCC_A1#1,MN), col-12=X(FCC_A1#1,NI), col-13=X(FCC_A1#1,SI),
   col-14=NP(CEMENTITE), col-15=NP(FCC_A1#1),
   1.02531E+03   2.50000E-01   2.88945E-01   4.29943E-01   3.03091E-02 
    8.02988E-04   0.00000E+00   1.35769E-02   3.13624E-02   8.75507E-01 
    2.96829E-02   2.08392E-02   2.90318E-02   3.24120E-08   1.00000E+00
   1.02300E+03   2.50000E-01   2.89666E-01   4.29187E-01   3.03503E-02 
    7.96281E-04   0.00000E+00   1.34007E-02   3.11699E-02   8.75839E-01 
    2.96824E-02   2.08542E-02   2.90535E-02   7.44804E-04   9.99255E-01
   1.01300E+03   2.50000E-01   2.92849E-01   4.25852E-01   3.05312E-02 
    7.67569E-04   0.00000E+00   1.26533E-02   3.03410E-02   8.77263E-01 
    2.96796E-02   2.09176E-02   2.91452E-02   3.89118E-03   9.96109E-01
   1.00300E+03   2.50000E-01   2.96128E-01   4.22416E-01   3.07163E-02 
    7.39409E-04   0.00000E+00   1.19319E-02   2.95202E-02   8.78659E-01 
    2.96757E-02   2.09791E-02   2.92338E-02   6.90991E-03   9.93090E-01
   9.93000E+02   2.50000E-01   2.99507E-01   4.18876E-01   3.09056E-02 
    7.11809E-04   0.00000E+00   1.12362E-02   2.87076E-02   8.80028E-01 
    2.96708E-02   2.10385E-02   2.93193E-02   9.80358E-03   9.90196E-01
   9.89798E+02   2.50000E-01   3.00611E-01   4.17719E-01   3.09671E-02 
    7.03090E-04   0.00000E+00   1.10188E-02   2.84492E-02   8.80460E-01 
    2.96690E-02   2.10571E-02   2.93459E-02   1.07042E-02   9.89296E-01

 Phase Region for:
     BCC_A2                        
     CEMENTITE                     
     FCC_A1#1                      
 col-1=T, col-2=X(BCC_A2,C), col-3=X(BCC_A2,CR), col-4=X(BCC_A2,FE),
   col-5=X(BCC_A2,MN), col-6=X(BCC_A2,NI), col-7=X(BCC_A2,SI),
   col-8=X(CEMENTITE,C), col-9=X(CEMENTITE,CR), col-10=X(CEMENTITE,FE),
   col-11=X(CEMENTITE,MN), col-12=X(CEMENTITE,NI), col-13=X(CEMENTITE,SI),
   col-14=X(FCC_A1#1,C), col-15=X(FCC_A1#1,CR), col-16=X(FCC_A1#1,FE),
   col-17=X(FCC_A1#1,MN), col-18=X(FCC_A1#1,NI), col-19=X(FCC_A1#1,SI),
   col-20=NP(BCC_A2), col-21=NP(CEMENTITE), col-22=NP(FCC_A1#1),
   9.89798E+02   2.33272E-04   2.12933E-02   9.25820E-01   1.02704E-02 
    8.19747E-03   3.41851E-02   2.50000E-01   3.00611E-01   4.17719E-01 
    3.09672E-02   7.03091E-04   0.00000E+00   1.10188E-02   2.84492E-02 
    8.80460E-01   2.96691E-02   2.10571E-02   2.93459E-02   1.96599E-06 
    1.07043E-02   9.89294E-01
   9.83000E+02   2.13129E-04   2.04556E-02   9.26519E-01   1.07075E-02 
    8.61355E-03   3.34911E-02   2.50000E-01   2.99809E-01   4.15538E-01 
    3.39125E-02   7.40898E-04   0.00000E+00   1.06366E-02   2.74086E-02 
    8.77620E-01   3.23323E-02   2.30161E-02   2.89865E-02   1.23807E-01 
    1.76751E-02   8.58517E-01
   9.73000E+02   1.85085E-04   1.94136E-02   9.27099E-01   1.13595E-02 
    9.20916E-03   3.27339E-02   2.50000E-01   2.99842E-01   4.10928E-01 
    3.84365E-02   7.93416E-04   0.00000E+00   1.00218E-02   2.60511E-02 
    8.72610E-01   3.65218E-02   2.61319E-02   2.86638E-02   2.73771E-01 
    2.60362E-02   7.00193E-01
   9.63000E+02   1.59301E-04   1.85465E-02   9.27321E-01   1.19957E-02 
    9.77200E-03   3.22056E-02   2.50000E-01   3.01141E-01   4.04902E-01 
    4.31154E-02   8.40991E-04   0.00000E+00   9.36689E-03   2.48570E-02 
    8.66763E-01   4.09873E-02   2.95178E-02   2.85079E-02   3.92304E-01 
    3.25067E-02   5.75189E-01
   9.53000E+02   1.36006E-04   1.78077E-02   9.27329E-01   1.25970E-02 
    1.02931E-02   3.18373E-02   2.50000E-01   3.03503E-01   3.97726E-01 
    4.78886E-02   8.82897E-04   0.00000E+00   8.69360E-03   2.37845E-02 
    8.60199E-01   4.56940E-02   3.31767E-02   2.84523E-02   4.86246E-01 
    3.74810E-02   4.76273E-01
   9.43000E+02   1.15263E-04   1.71624E-02   9.27222E-01   1.31514E-02 
    1.07676E-02   3.15815E-02   2.50000E-01   3.06741E-01   3.89629E-01 
    5.27114E-02   9.18878E-04   0.00000E+00   8.01895E-03   2.28005E-02 
    8.52987E-01   5.06224E-02   3.71226E-02   2.84489E-02   5.61119E-01 
    4.12960E-02   3.97585E-01
   9.33000E+02   9.70187E-05   1.65844E-02   9.27069E-01   1.36516E-02 
    1.11929E-02   3.14052E-02   2.50000E-01   3.10700E-01   3.80801E-01 
    5.75498E-02   9.48949E-04   0.00000E+00   7.35574E-03   2.18793E-02 
    8.45159E-01   5.57649E-02   4.13784E-02   2.84625E-02   6.21202E-01 
    4.42223E-02   3.34575E-01
   9.23000E+02   8.11372E-05   1.60547E-02   9.26917E-01   1.40933E-02 
    1.15678E-02   3.12855E-02   2.50000E-01   3.15255E-01   3.71395E-01 
    6.23767E-02   9.73266E-04   0.00000E+00   6.71326E-03   2.10018E-02 
    8.36719E-01   6.11240E-02   4.59752E-02   2.84669E-02   6.69760E-01 
    4.64702E-02   2.83769E-01
   9.13000E+02   6.74382E-05   1.55593E-02   9.26801E-01   1.44744E-02 
    1.18917E-02   3.12064E-02   2.50000E-01   3.20304E-01   3.61534E-01 
    6.71695E-02   9.92046E-04   0.00000E+00   6.09802E-03   2.01537E-02 
    8.27644E-01   6.67108E-02   5.09511E-02   2.84421E-02   7.09275E-01 
    4.82006E-02   2.42525E-01
   9.03000E+02   5.57180E-05   1.50878E-02   9.26742E-01   1.47937E-02 
    1.21644E-02   3.11567E-02   2.50000E-01   3.25769E-01   3.51317E-01 
    7.19083E-02   1.00552E-03   0.00000E+00   5.51442E-03   1.93243E-02 
    8.17892E-01   7.25449E-02   5.63522E-02   2.83722E-02   7.41637E-01 
    4.95361E-02   2.08827E-01
   8.93000E+02   4.57656E-05   1.46326E-02   9.26756E-01   1.50513E-02 
    1.23855E-02   3.11284E-02   2.50000E-01   3.31588E-01   3.40823E-01 
    7.65751E-02   1.01390E-03   0.00000E+00   4.96526E-03   1.85057E-02 
    8.07399E-01   7.86538E-02   6.22320E-02   2.82440E-02   7.68299E-01 
    5.05695E-02   1.81132E-01
   8.83000E+02   3.73736E-05   1.41882E-02   9.26856E-01   1.52477E-02 
    1.25547E-02   3.11161E-02   2.50000E-01   3.37711E-01   3.30119E-01 
    8.11534E-02   1.01740E-03   0.00000E+00   4.45215E-03   1.76922E-02 
    7.96084E-01   8.50735E-02   6.86524E-02   2.80461E-02   7.90384E-01 
    5.13713E-02   1.58245E-01
   8.73000E+02   3.03446E-05   1.37503E-02   9.27048E-01   1.53841E-02 
    1.26718E-02   3.11159E-02   2.50000E-01   3.44097E-01   3.19260E-01 
    8.56273E-02   1.01617E-03   0.00000E+00   3.97580E-03   1.68798E-02 
    7.83844E-01   9.18485E-02   7.56838E-02   2.77678E-02   8.08770E-01 
    5.19951E-02   1.39235E-01
   8.63000E+02   2.44954E-05   1.33160E-02   9.27336E-01   1.54619E-02 
    1.27362E-02   3.11250E-02   2.50000E-01   3.50714E-01   3.08294E-01 
    8.99820E-02   1.01040E-03   0.00000E+00   3.53633E-03   1.60659E-02 
    7.70563E-01   9.90317E-02   8.34043E-02   2.73991E-02   8.24147E-01 
    5.24817E-02   1.23371E-01
   8.53000E+02   1.96590E-05   1.28830E-02   9.27725E-01   1.54828E-02 
    1.27478E-02   3.11416E-02   2.50000E-01   3.57534E-01   2.97263E-01 
    9.42033E-02   1.00024E-03   0.00000E+00   3.13335E-03   1.52495E-02 
    7.56107E-01   1.06682E-01   9.18978E-02   2.69299E-02   8.37063E-01 
    5.28622E-02   1.10075E-01
   8.43000E+02   1.56852E-05   1.24498E-02   9.28214E-01   1.54489E-02 
    1.27067E-02   3.11645E-02   2.50000E-01   3.64532E-01   2.86205E-01 
    9.82774E-02   9.85862E-04   0.00000E+00   2.76620E-03   1.44309E-02 
    7.40341E-01   1.14863E-01   1.01248E-01   2.63509E-02   8.47952E-01 
    5.31602E-02   9.88875E-02
   8.33000E+02   1.24407E-05   1.20153E-02   9.28804E-01   1.53622E-02 
    1.26134E-02   3.11928E-02   2.50000E-01   3.71687E-01   2.75154E-01 
    1.02191E-01   9.67469E-04   0.00000E+00   2.43401E-03   1.36122E-02 
    7.23142E-01   1.23632E-01   1.11526E-01   2.56539E-02   8.57157E-01 
    5.33941E-02   8.94487E-02
   8.23000E+02   9.80842E-06   1.15787E-02   9.29491E-01   1.52250E-02 
    1.24695E-02   3.12256E-02   2.50000E-01   3.78978E-01   2.64145E-01 
    1.05931E-01   9.45320E-04   0.00000E+00   2.13579E-03   1.27979E-02 
    7.04434E-01   1.33026E-01   1.22772E-01   2.48343E-02   8.64945E-01 
    5.35776E-02   8.14776E-02
   8.13000E+02   7.68652E-06   1.11397E-02   9.30274E-01   1.50394E-02 
    1.22775E-02   3.12622E-02   2.50000E-01   3.86387E-01   2.53209E-01 
    1.09485E-01   9.19746E-04   0.00000E+00   1.87043E-03   1.19947E-02 
    6.84238E-01   1.43043E-01   1.34960E-01   2.38935E-02   8.71517E-01 
    5.37215E-02   7.47615E-02
   8.03000E+02   5.98708E-06   1.06980E-02   9.31145E-01   1.48081E-02 
    1.20411E-02   3.13018E-02   2.50000E-01   3.93893E-01   2.42377E-01 
    1.12840E-01   8.91159E-04   0.00000E+00   1.63659E-03   1.12117E-02 
    6.62723E-01   1.53616E-01   1.47969E-01   2.28430E-02   8.77024E-01 
    5.38340E-02   6.91420E-02
   7.93000E+02   4.63483E-06   1.02538E-02   9.32099E-01   1.45337E-02 
    1.17655E-02   3.13435E-02   2.50000E-01   4.01476E-01   2.31679E-01 
    1.15985E-01   8.60041E-04   0.00000E+00   1.43255E-03   1.04594E-02 
    6.40239E-01   1.64598E-01   1.61565E-01   2.17059E-02   8.81581E-01 
    5.39217E-02   6.44977E-02
   7.83000E+02   3.56576E-06   9.80745E-03   9.33126E-01   1.42201E-02 
    1.14563E-02   3.13865E-02   2.50000E-01   4.09117E-01   2.21139E-01 
    1.18918E-01   8.26901E-04   0.00000E+00   1.25595E-03   9.74685E-03 
    6.17276E-01   1.75778E-01   1.75428E-01   2.05148E-02   8.85288E-01 
    5.39899E-02   6.07225E-02
   7.73000E+02   2.72605E-06   9.35959E-03   9.34216E-01   1.38713E-02 
    1.11199E-02   3.14301E-02   2.50000E-01   4.16792E-01   2.10781E-01 
    1.21635E-01   7.92280E-04   0.00000E+00   1.10418E-03   9.08227E-03 
    5.94401E-01   1.86918E-01   1.89187E-01   1.93077E-02   8.88240E-01 
    5.40430E-02   5.77169E-02
   7.63000E+02   2.07063E-06   8.91137E-03   9.35358E-01   1.34929E-02 
    1.07617E-02   3.14736E-02   2.50000E-01   4.24477E-01   2.00618E-01 
    1.24149E-01   7.56625E-04   0.00000E+00   9.73885E-04   8.46738E-03 
    5.72078E-01   1.97815E-01   2.02550E-01   1.81167E-02   8.90549E-01 
    5.40845E-02   5.53666E-02
   7.53000E+02   1.56231E-06   8.46408E-03   9.36540E-01   1.30904E-02 
    1.03868E-02   3.15168E-02   2.50000E-01   4.32145E-01   1.90663E-01 
    1.26471E-01   7.20336E-04   0.00000E+00   8.61834E-04   7.90098E-03 
    5.50636E-01   2.08326E-01   2.15310E-01   1.69654E-02   8.92323E-01 
    5.41174E-02   5.35592E-02
   7.43000E+02   1.17063E-06   8.01920E-03   9.37751E-01   1.26693E-02 
    9.99967E-03   3.15595E-02   2.50000E-01   4.39771E-01   1.80925E-01 
    1.28621E-01   6.83746E-04   0.00000E+00   7.65048E-04   7.37939E-03 
    5.30252E-01   2.18375E-01   2.27361E-01   1.58673E-02   8.93667E-01 
    5.41437E-02   5.21893E-02
   7.33000E+02   8.70838E-07   7.57822E-03   9.38981E-01   1.22343E-02 
    9.60386E-03   3.16018E-02   2.50000E-01   4.47327E-01   1.71412E-01 
    1.30614E-01   6.47129E-04   0.00000E+00   6.80966E-04   6.89788E-03 
    5.10979E-01   2.27938E-01   2.38676E-01   1.48284E-02   8.94670E-01 
    5.41651E-02   5.11653E-02
   7.23000E+02   6.42971E-07   7.14261E-03   9.40221E-01   1.17898E-02 
    9.20254E-03   3.16434E-02   2.50000E-01   4.54788E-01   1.62133E-01 
    1.32468E-01   6.10711E-04   0.00000E+00   6.07473E-04   6.45164E-03 
    4.92795E-01   2.37025E-01   2.49272E-01   1.38492E-02   8.95406E-01 
    5.41828E-02   5.04114E-02
   7.13000E+02   4.71031E-07   6.71383E-03   9.41464E-01   1.13392E-02 
    8.79836E-03   3.16844E-02   2.50000E-01   4.62129E-01   1.53099E-01 
    1.34198E-01   5.74681E-04   0.00000E+00   5.42861E-04   6.03628E-03 
    4.75636E-01   2.45663E-01   2.59195E-01   1.29275E-02   8.95935E-01 
    5.41976E-02   4.98672E-02
   7.03000E+02   3.42273E-07   6.29321E-03   9.42703E-01   1.08855E-02 
    8.39358E-03   3.17248E-02   2.50000E-01   4.69327E-01   1.44317E-01 
    1.35817E-01   5.39198E-04   0.00000E+00   4.85757E-04   5.64802E-03 
    4.59420E-01   2.53886E-01   2.68501E-01   1.20597E-02   8.96305E-01 
    5.42102E-02   4.94851E-02
   6.93000E+02   2.46615E-07   5.88204E-03   9.43932E-01   1.04310E-02 
    7.99016E-03   3.17644E-02   2.50000E-01   4.76361E-01   1.35797E-01 
    1.37338E-01   5.04398E-04   0.00000E+00   4.35057E-04   5.28369E-03 
    4.44062E-01   2.61730E-01   2.77247E-01   1.12420E-02   8.96551E-01 
    5.42210E-02   4.92279E-02
   6.83000E+02   1.76133E-07   5.48151E-03   9.45148E-01   9.97771E-03 
    7.58978E-03   3.18033E-02   2.50000E-01   4.83211E-01   1.27548E-01 
    1.38771E-01   4.70396E-04   0.00000E+00   3.89869E-04   4.94073E-03 
    4.29480E-01   2.69231E-01   2.85488E-01   1.04704E-02   8.96703E-01 
    5.42304E-02   4.90667E-02
   6.73000E+02   1.24647E-07   5.09269E-03   9.46345E-01   9.52732E-03 
    7.19389E-03   3.18413E-02   2.50000E-01   4.89858E-01   1.19578E-01 
    1.40126E-01   4.37295E-04   0.00000E+00   3.49463E-04   4.61701E-03 
    4.15599E-01   2.76420E-01   2.93273E-01   9.74123E-03   8.96782E-01 
    5.42387E-02   4.89788E-02
