
 Phase Region for:
     FCC_A1#1                      
 col-1=T, col-2=X(FCC_A1#1,C), col-3=X(FCC_A1#1,CR), col-4=X(FCC_A1#1,FE),
   col-5=X(FCC_A1#1,MN), col-6=X(FCC_A1#1,NI), col-7=X(FCC_A1#1,SI),
   col-8=NP(FCC_A1#1),
   1.17300E+03   2.05663E-02   2.37542E-02   9.41646E-01   9.99196E-07 
    1.40302E-02   1.95449E-06   1.00000E+00
   1.18300E+03   2.05663E-02   2.37542E-02   9.41646E-01   9.99196E-07 
    1.40302E-02   1.95449E-06   1.00000E+00
   1.19300E+03   2.05663E-02   2.37542E-02   9.41646E-01   9.99196E-07 
    1.40302E-02   1.95449E-06   1.00000E+00
   1.20300E+03   2.05663E-02   2.37542E-02   9.41646E-01   9.99196E-07 
    1.40302E-02   1.95449E-06   1.00000E+00
   1.21300E+03   2.05663E-02   2.37542E-02   9.41646E-01   9.99196E-07 
    1.40302E-02   1.95449E-06   1.00000E+00
   1.22300E+03   2.05663E-02   2.37542E-02   9.41646E-01   9.99196E-07 
    1.40302E-02   1.95449E-06   1.00000E+00
   1.23300E+03   2.05663E-02   2.37542E-02   9.41646E-01   9.99196E-07 
    1.40302E-02   1.95449E-06   1.00000E+00
   1.24300E+03   2.05663E-02   2.37542E-02   9.41646E-01   9.99196E-07 
    1.40302E-02   1.95449E-06   1.00000E+00
   1.25300E+03   2.05663E-02   2.37542E-02   9.41646E-01   9.99196E-07 
    1.40302E-02   1.95449E-06   1.00000E+00
   1.26300E+03   2.05663E-02   2.37542E-02   9.41646E-01   9.99196E-07 
    1.40302E-02   1.95449E-06   1.00000E+00
   1.27300E+03   2.05663E-02   2.37542E-02   9.41646E-01   9.99196E-07 
    1.40302E-02   1.95449E-06   1.00000E+00
   1.28300E+03   2.05663E-02   2.37542E-02   9.41646E-01   9.99196E-07 
    1.40302E-02   1.95449E-06   1.00000E+00
   1.29300E+03   2.05663E-02   2.37542E-02   9.41646E-01   9.99196E-07 
    1.40302E-02   1.95449E-06   1.00000E+00
   1.30300E+03   2.05663E-02   2.37542E-02   9.41646E-01   9.99196E-07 
    1.40302E-02   1.95449E-06   1.00000E+00
   1.31300E+03   2.05663E-02   2.37542E-02   9.41646E-01   9.99196E-07 
    1.40302E-02   1.95449E-06   1.00000E+00
   1.32300E+03   2.05663E-02   2.37542E-02   9.41646E-01   9.99196E-07 
    1.40302E-02   1.95449E-06   1.00000E+00
   1.33300E+03   2.05663E-02   2.37542E-02   9.41646E-01   9.99196E-07 
    1.40302E-02   1.95449E-06   1.00000E+00
   1.34300E+03   2.05663E-02   2.37542E-02   9.41646E-01   9.99196E-07 
    1.40302E-02   1.95449E-06   1.00000E+00
   1.35300E+03   2.05663E-02   2.37542E-02   9.41646E-01   9.99196E-07 
    1.40302E-02   1.95449E-06   1.00000E+00
   1.36300E+03   2.05663E-02   2.37542E-02   9.41646E-01   9.99196E-07 
    1.40302E-02   1.95449E-06   1.00000E+00
   1.37300E+03   2.05663E-02   2.37542E-02   9.41646E-01   9.99196E-07 
    1.40302E-02   1.95449E-06   1.00000E+00
   1.38300E+03   2.05663E-02   2.37542E-02   9.41646E-01   9.99196E-07 
    1.40302E-02   1.95449E-06   1.00000E+00
   1.39300E+03   2.05663E-02   2.37542E-02   9.41646E-01   9.99196E-07 
    1.40302E-02   1.95449E-06   1.00000E+00
   1.40300E+03   2.05663E-02   2.37542E-02   9.41646E-01   9.99196E-07 
    1.40302E-02   1.95449E-06   1.00000E+00
   1.41300E+03   2.05663E-02   2.37542E-02   9.41646E-01   9.99196E-07 
    1.40302E-02   1.95449E-06   1.00000E+00
   1.42300E+03   2.05663E-02   2.37542E-02   9.41646E-01   9.99196E-07 
    1.40302E-02   1.95449E-06   1.00000E+00
   1.43300E+03   2.05663E-02   2.37542E-02   9.41646E-01   9.99196E-07 
    1.40302E-02   1.95449E-06   1.00000E+00
   1.44300E+03   2.05663E-02   2.37542E-02   9.41646E-01   9.99196E-07 
    1.40302E-02   1.95449E-06   1.00000E+00
   1.45300E+03   2.05663E-02   2.37542E-02   9.41646E-01   9.99196E-07 
    1.40302E-02   1.95449E-06   1.00000E+00
   1.46300E+03   2.05663E-02   2.37542E-02   9.41646E-01   9.99196E-07 
    1.40302E-02   1.95449E-06   1.00000E+00
   1.47300E+03   2.05663E-02   2.37542E-02   9.41646E-01   9.99196E-07 
    1.40302E-02   1.95449E-06   1.00000E+00

 Phase Region for:
     FCC_A1#1                      
 col-1=T, col-2=X(FCC_A1#1,C), col-3=X(FCC_A1#1,CR), col-4=X(FCC_A1#1,FE),
   col-5=X(FCC_A1#1,MN), col-6=X(FCC_A1#1,NI), col-7=X(FCC_A1#1,SI),
   col-8=NP(FCC_A1#1),
   1.17300E+03   2.05663E-02   2.37542E-02   9.41646E-01   9.99196E-07 
    1.40302E-02   1.95449E-06   1.00000E+00
   1.16300E+03   2.05663E-02   2.37542E-02   9.41646E-01   9.99196E-07 
    1.40302E-02   1.95449E-06   1.00000E+00
   1.15300E+03   2.05663E-02   2.37542E-02   9.41646E-01   9.99196E-07 
    1.40302E-02   1.95449E-06   1.00000E+00
   1.14300E+03   2.05663E-02   2.37542E-02   9.41646E-01   9.99196E-07 
    1.40302E-02   1.95449E-06   1.00000E+00
   1.13300E+03   2.05663E-02   2.37542E-02   9.41646E-01   9.99196E-07 
    1.40302E-02   1.95449E-06   1.00000E+00
   1.12300E+03   2.05663E-02   2.37542E-02   9.41646E-01   9.99196E-07 
    1.40302E-02   1.95449E-06   1.00000E+00
   1.11300E+03   2.05663E-02   2.37542E-02   9.41646E-01   9.99196E-07 
    1.40302E-02   1.95449E-06   1.00000E+00
   1.10300E+03   2.05663E-02   2.37542E-02   9.41646E-01   9.99196E-07 
    1.40302E-02   1.95449E-06   1.00000E+00
   1.09300E+03   2.05663E-02   2.37542E-02   9.41646E-01   9.99196E-07 
    1.40302E-02   1.95449E-06   1.00000E+00
   1.08300E+03   2.05663E-02   2.37542E-02   9.41646E-01   9.99196E-07 
    1.40302E-02   1.95449E-06   1.00000E+00
   1.07300E+03   2.05663E-02   2.37542E-02   9.41646E-01   9.99196E-07 
    1.40302E-02   1.95449E-06   1.00000E+00
   1.06300E+03   2.05663E-02   2.37542E-02   9.41646E-01   9.99196E-07 
    1.40302E-02   1.95449E-06   1.00000E+00
   1.05300E+03   2.05663E-02   2.37542E-02   9.41646E-01   9.99196E-07 
    1.40302E-02   1.95449E-06   1.00000E+00
   1.04300E+03   2.05663E-02   2.37542E-02   9.41646E-01   9.99196E-07 
    1.40302E-02   1.95449E-06   1.00000E+00
   1.03544E+03   2.05663E-02   2.37542E-02   9.41646E-01   9.99196E-07 
    1.40302E-02   1.95449E-06   1.00000E+00

 Phase Region for:
     CEMENTITE                     
     FCC_A1#1                      
 col-1=T, col-2=X(CEMENTITE,C), col-3=X(CEMENTITE,CR), col-4=X(CEMENTITE,FE),
   col-5=X(CEMENTITE,MN), col-6=X(CEMENTITE,NI), col-7=X(CEMENTITE,SI),
   col-8=X(FCC_A1#1,C), col-9=X(FCC_A1#1,CR), col-10=X(FCC_A1#1,FE),
   col-11=X(FCC_A1#1,MN), col-12=X(FCC_A1#1,NI), col-13=X(FCC_A1#1,SI),
   col-14=NP(CEMENTITE), col-15=NP(FCC_A1#1),
   1.03544E+03   2.50000E-01   2.42589E-01   5.06676E-01   1.32736E-06 
    7.33713E-04   0.00000E+00   2.05663E-02   2.37542E-02   9.41646E-01 
    9.99196E-07   1.40302E-02   1.95449E-06   3.90678E-08   1.00000E+00
   1.03300E+03   2.50000E-01   2.42961E-01   5.06309E-01   1.33046E-06 
    7.28525E-04   0.00000E+00   2.03482E-02   2.35458E-02   9.42060E-01 
    9.98881E-07   1.40429E-02   1.95635E-06   9.49670E-04   9.99050E-01
   1.02300E+03   2.50000E-01   2.44484E-01   5.04807E-01   1.34344E-06 
    7.07462E-04   0.00000E+00   1.94708E-02   2.27002E-02   9.43732E-01 
    9.97552E-07   1.40939E-02   1.96382E-06   4.75243E-03   9.95248E-01
   1.01732E+03   2.50000E-01   2.45350E-01   5.03953E-01   1.35103E-06 
    6.95641E-04   0.00000E+00   1.89840E-02   2.22259E-02   9.44665E-01 
    9.96769E-07   1.41222E-02   1.96797E-06   6.84962E-03   9.93150E-01

 Phase Region for:
     BCC_A2                        
     CEMENTITE                     
     FCC_A1#1                      
 col-1=T, col-2=X(BCC_A2,C), col-3=X(BCC_A2,CR), col-4=X(BCC_A2,FE),
   col-5=X(BCC_A2,MN), col-6=X(BCC_A2,NI), col-7=X(BCC_A2,SI),
   col-8=X(CEMENTITE,C), col-9=X(CEMENTITE,CR), col-10=X(CEMENTITE,FE),
   col-11=X(CEMENTITE,MN), col-12=X(CEMENTITE,NI), col-13=X(CEMENTITE,SI),
   col-14=X(FCC_A1#1,C), col-15=X(FCC_A1#1,CR), col-16=X(FCC_A1#1,FE),
   col-17=X(FCC_A1#1,MN), col-18=X(FCC_A1#1,NI), col-19=X(FCC_A1#1,SI),
   col-20=NP(BCC_A2), col-21=NP(CEMENTITE), col-22=NP(FCC_A1#1),
   1.01732E+03   4.96650E-04   1.41211E-02   9.78611E-01   3.12437E-07 
    6.76834E-03   2.86881E-06   2.50000E-01   2.45350E-01   5.03953E-01 
    1.35104E-06   6.95644E-04   0.00000E+00   1.89840E-02   2.22259E-02 
    9.44665E-01   9.96773E-07   1.41223E-02   1.96797E-06   5.58285E-06 
    6.85002E-03   9.93144E-01
   1.01300E+03   4.94237E-04   1.28587E-02   9.78958E-01   3.51934E-07 
    7.68644E-03   2.65273E-06   2.50000E-01   2.32405E-01   5.16773E-01 
    1.61089E-06   8.20607E-04   0.00000E+00   1.93628E-02   2.05304E-02 
    9.43834E-01   1.16781E-06   1.62697E-02   1.81217E-06   2.19237E-01 
    2.31540E-02   7.57609E-01
   1.00300E+03   4.75479E-04   1.07690E-02   9.78626E-01   4.60708E-07 
    1.01269E-02   2.34683E-06   2.50000E-01   2.10530E-01   5.38310E-01 
    2.34868E-06   1.15736E-03   0.00000E+00   1.96831E-02   1.75812E-02 
    9.40511E-01   1.67421E-06   2.22209E-02   1.60405E-06   5.85524E-01 
    5.26655E-02   3.61810E-01
   9.93000E+02   4.42801E-04   9.49678E-03   9.77173E-01   5.95227E-07 
    1.28843E-02   2.19129E-06   2.50000E-01   1.98275E-01   5.50185E-01 
    3.29348E-06   1.53656E-03   0.00000E+00   1.93453E-02   1.56533E-02 
    9.35583E-01   2.37223E-06   2.94142E-02   1.51820E-06   8.09819E-01 
    7.16596E-02   1.18521E-01
   9.85292E+02   4.12638E-04   8.85133E-03   9.75632E-01   7.18941E-07 
    1.51013E-02   2.12617E-06   2.50000E-01   1.93412E-01   5.54747E-01 
    4.18967E-06   1.83709E-03   0.00000E+00   1.87806E-02   1.46095E-02 
    9.30994E-01   3.08198E-06   3.56116E-02   1.49880E-06   9.19252E-01 
    8.07480E-02   0.00000E+00

 Phase Region for:
     BCC_A2                        
     CEMENTITE                     
 col-1=T, col-2=X(BCC_A2,C), col-3=X(BCC_A2,CR), col-4=X(BCC_A2,FE),
   col-5=X(BCC_A2,MN), col-6=X(BCC_A2,NI), col-7=X(BCC_A2,SI),
   col-8=X(CEMENTITE,C), col-9=X(CEMENTITE,CR), col-10=X(CEMENTITE,FE),
   col-11=X(CEMENTITE,MN), col-12=X(CEMENTITE,NI), col-13=X(CEMENTITE,SI),
   col-14=NP(BCC_A2), col-15=NP(CEMENTITE),
   9.85292E+02   4.12638E-04   8.85133E-03   9.75632E-01   7.18941E-07 
    1.51013E-02   2.12617E-06   2.50000E-01   1.93412E-01   5.54747E-01 
    4.18967E-06   1.83709E-03   0.00000E+00   9.19252E-01   8.07480E-02  NONE
   9.83000E+02   4.01423E-04   8.77673E-03   9.75717E-01   7.15220E-07 
    1.51021E-02   2.12627E-06   2.50000E-01   1.94166E-01   5.53995E-01 
    4.23024E-06   1.83459E-03   0.00000E+00   9.19211E-01   8.07893E-02  NONE
   9.73000E+02   3.55591E-04   8.45158E-03   9.76084E-01   6.98838E-07 
    1.51055E-02   2.12666E-06   2.50000E-01   1.97471E-01   5.50701E-01 
    4.40888E-06   1.82332E-03   0.00000E+00   9.19042E-01   8.09581E-02  NONE
   9.63000E+02   3.14478E-04   8.12719E-03   9.76447E-01   6.82226E-07 
    1.51088E-02   2.12701E-06   2.50000E-01   2.00793E-01   5.47391E-01 
    4.59015E-06   1.81149E-03   0.00000E+00   9.18891E-01   8.11094E-02  NONE
   9.53000E+02   2.77652E-04   7.80384E-03   9.76804E-01   6.65383E-07 
    1.51118E-02   2.12732E-06   2.50000E-01   2.04128E-01   5.44068E-01 
    4.77410E-06   1.79918E-03   0.00000E+00   9.18755E-01   8.12449E-02  NONE
   9.43000E+02   2.44717E-04   7.48184E-03   9.77156E-01   6.48309E-07 
    1.51147E-02   2.12761E-06   2.50000E-01   2.07472E-01   5.40737E-01 
    4.96075E-06   1.78645E-03   0.00000E+00   9.18634E-01   8.13661E-02  NONE
   9.33000E+02   2.15307E-04   7.16154E-03   9.77503E-01   6.31006E-07 
    1.51174E-02   2.12786E-06   2.50000E-01   2.10817E-01   5.37404E-01 
    5.15010E-06   1.77338E-03   0.00000E+00   9.18526E-01   8.14742E-02  NONE
   9.23000E+02   1.89090E-04   6.84334E-03   9.77845E-01   6.13477E-07 
    1.51200E-02   2.12808E-06   2.50000E-01   2.14159E-01   5.34076E-01 
    5.34213E-06   1.76001E-03   0.00000E+00   9.18429E-01   8.15706E-02  NONE
   9.13000E+02   1.65760E-04   6.52768E-03   9.78181E-01   5.95725E-07 
    1.51225E-02   2.12828E-06   2.50000E-01   2.17491E-01   5.30757E-01 
    5.53681E-06   1.74640E-03   0.00000E+00   9.18344E-01   8.16564E-02  NONE
   9.03000E+02   1.45034E-04   6.21502E-03   9.78512E-01   5.77757E-07 
    1.51248E-02   2.12845E-06   2.50000E-01   2.20808E-01   5.27454E-01 
    5.73407E-06   1.73261E-03   0.00000E+00   9.18267E-01   8.17326E-02  NONE
   8.93000E+02   1.26656E-04   5.90587E-03   9.78838E-01   5.59582E-07 
    1.51270E-02   2.12861E-06   2.50000E-01   2.24101E-01   5.24175E-01 
    5.93383E-06   1.71870E-03   0.00000E+00   9.18200E-01   8.18001E-02  NONE
   8.83000E+02   1.10390E-04   5.60076E-03   9.79157E-01   5.41210E-07 
    1.51292E-02   2.12875E-06   2.50000E-01   2.27363E-01   5.20926E-01 
    6.13595E-06   1.70469E-03   0.00000E+00   9.18140E-01   8.18599E-02  NONE
   8.73000E+02   9.60200E-05   5.30022E-03   9.79470E-01   5.22657E-07 
    1.51312E-02   2.12887E-06   2.50000E-01   2.30589E-01   5.17714E-01 
    6.34030E-06   1.69064E-03   0.00000E+00   9.18087E-01   8.19127E-02  NONE
   8.63000E+02   8.33503E-05   5.00484E-03   9.79776E-01   5.03939E-07 
    1.51331E-02   2.12898E-06   2.50000E-01   2.33770E-01   5.14547E-01 
    6.54666E-06   1.67659E-03   0.00000E+00   9.18041E-01   8.19592E-02  NONE
   8.53000E+02   7.22015E-05   4.71516E-03   9.80075E-01   4.85076E-07 
    1.51350E-02   2.12907E-06   2.50000E-01   2.36898E-01   5.11432E-01 
    6.75481E-06   1.66256E-03   0.00000E+00   9.18000E-01   8.20002E-02  NONE
   8.43000E+02   6.24103E-05   4.43178E-03   9.80366E-01   4.66093E-07 
    1.51368E-02   2.12916E-06   2.50000E-01   2.39968E-01   5.08377E-01 
    6.96448E-06   1.64860E-03   0.00000E+00   9.17964E-01   8.20361E-02  NONE
   8.33000E+02   5.38290E-05   4.15524E-03   9.80650E-01   4.47017E-07 
    1.51385E-02   2.12923E-06   2.50000E-01   2.42970E-01   5.05388E-01 
    7.17535E-06   1.63471E-03   0.00000E+00   9.17932E-01   8.20677E-02  NONE
   8.23000E+02   4.63233E-05   3.88610E-03   9.80925E-01   4.27878E-07 
    1.51401E-02   2.12930E-06   2.50000E-01   2.45899E-01   5.02473E-01 
    7.38708E-06   1.62092E-03   0.00000E+00   9.17905E-01   8.20952E-02  NONE
   8.13000E+02   3.97722E-05   3.62490E-03   9.81191E-01   4.08713E-07 
    1.51417E-02   2.12935E-06   2.50000E-01   2.48748E-01   4.99637E-01 
    7.59926E-06   1.60725E-03   0.00000E+00   9.17881E-01   8.21193E-02  NONE
   8.03000E+02   3.40661E-05   3.37212E-03   9.81448E-01   3.89559E-07 
    1.51432E-02   2.12940E-06   2.50000E-01   2.51510E-01   4.96889E-01 
    7.81146E-06   1.59371E-03   0.00000E+00   9.17860E-01   8.21402E-02  NONE
   7.93000E+02   2.91068E-05   3.12823E-03   9.81695E-01   3.70458E-07 
    1.51447E-02   2.12944E-06   2.50000E-01   2.54180E-01   4.94232E-01 
    8.02321E-06   1.58030E-03   0.00000E+00   9.17842E-01   8.21584E-02  NONE
   7.83000E+02   2.48060E-05   2.89366E-03   9.81933E-01   3.51454E-07 
    1.51461E-02   2.12948E-06   2.50000E-01   2.56751E-01   4.91673E-01 
    8.23399E-06   1.56703E-03   0.00000E+00   9.17826E-01   8.21742E-02  NONE
   7.73000E+02   2.10844E-05   2.66877E-03   9.82160E-01   3.32596E-07 
    1.51475E-02   2.12951E-06   2.50000E-01   2.59221E-01   4.89217E-01 
    8.44327E-06   1.55388E-03   0.00000E+00   9.17812E-01   8.21879E-02  NONE
   7.63000E+02   1.78715E-05   2.45387E-03   9.82377E-01   3.13933E-07 
    1.51488E-02   2.12954E-06   2.50000E-01   2.61583E-01   4.86867E-01 
    8.65049E-06   1.54085E-03   0.00000E+00   9.17800E-01   8.21997E-02  NONE
   7.53000E+02   1.51042E-05   2.24922E-03   9.82583E-01   2.95517E-07 
    1.51501E-02   2.12956E-06   2.50000E-01   2.63836E-01   4.84627E-01 
    8.85506E-06   1.52793E-03   0.00000E+00   9.17790E-01   8.22099E-02  NONE
   7.43000E+02   1.27266E-05   2.05502E-03   9.82778E-01   2.77399E-07 
    1.51514E-02   2.12958E-06   2.50000E-01   2.65976E-01   4.82500E-01 
    9.05639E-06   1.51510E-03   0.00000E+00   9.17781E-01   8.22186E-02  NONE
   7.33000E+02   1.06889E-05   1.87138E-03   9.82963E-01   2.59633E-07 
    1.51526E-02   2.12960E-06   2.50000E-01   2.68002E-01   4.80487E-01 
    9.25389E-06   1.50233E-03   0.00000E+00   9.17774E-01   8.22261E-02  NONE
   7.23000E+02   8.94712E-06   1.69837E-03   9.83136E-01   2.42270E-07 
    1.51539E-02   2.12961E-06   2.50000E-01   2.69912E-01   4.78589E-01 
    9.44697E-06   1.48961E-03   0.00000E+00   9.17768E-01   8.22325E-02  NONE
   7.13000E+02   7.46243E-06   1.53598E-03   9.83299E-01   2.25362E-07 
    1.51551E-02   2.12963E-06   2.50000E-01   2.71706E-01   4.76807E-01 
    9.63506E-06   1.47689E-03   0.00000E+00   9.17762E-01   8.22379E-02  NONE
   7.03000E+02   6.20058E-06   1.38414E-03   9.83451E-01   2.08956E-07 
    1.51563E-02   2.12964E-06   2.50000E-01   2.73385E-01   4.75141E-01 
    9.81760E-06   1.46416E-03   0.00000E+00   9.17757E-01   8.22425E-02  NONE
   6.93000E+02   5.13145E-06   1.24271E-03   9.83592E-01   1.93098E-07 
    1.51575E-02   2.12965E-06   2.50000E-01   2.74951E-01   4.73588E-01 
    9.99409E-06   1.45136E-03   0.00000E+00   9.17754E-01   8.22465E-02  NONE
   6.83000E+02   4.22858E-06   1.11151E-03   9.83723E-01   1.77831E-07 
    1.51587E-02   2.12965E-06   2.50000E-01   2.76404E-01   4.72148E-01 
    1.01641E-05   1.43847E-03   0.00000E+00   9.17750E-01   8.22498E-02  NONE
   6.73000E+02   3.46880E-06   9.90284E-04   9.83844E-01   1.63190E-07 
    1.51599E-02   2.12966E-06   2.50000E-01   2.77747E-01   4.70817E-01 
    1.03271E-05   1.42544E-03   0.00000E+00   9.17747E-01   8.22526E-02  NONE
