
 Phase Region for:
     FCC_A1#1                      
 col-1=T, col-2=X(FCC_A1#1,C), col-3=X(FCC_A1#1,CR), col-4=X(FCC_A1#1,FE),
   col-5=X(FCC_A1#1,MN), col-6=X(FCC_A1#1,NI), col-7=X(FCC_A1#1,SI),
   col-8=NP(FCC_A1#1),
   1.17300E+03   2.04210E-02   3.14481E-02   9.05712E-01   9.92133E-07 
    2.78612E-02   1.45565E-02   1.00000E+00
   1.18300E+03   2.04210E-02   3.14481E-02   9.05712E-01   9.92133E-07 
    2.78612E-02   1.45565E-02   1.00000E+00
   1.19300E+03   2.04210E-02   3.14481E-02   9.05712E-01   9.92133E-07 
    2.78612E-02   1.45565E-02   1.00000E+00
   1.20300E+03   2.04210E-02   3.14481E-02   9.05712E-01   9.92133E-07 
    2.78612E-02   1.45565E-02   1.00000E+00
   1.21300E+03   2.04210E-02   3.14481E-02   9.05712E-01   9.92133E-07 
    2.78612E-02   1.45565E-02   1.00000E+00
   1.22300E+03   2.04210E-02   3.14481E-02   9.05712E-01   9.92133E-07 
    2.78612E-02   1.45565E-02   1.00000E+00
   1.23300E+03   2.04210E-02   3.14481E-02   9.05712E-01   9.92133E-07 
    2.78612E-02   1.45565E-02   1.00000E+00
   1.24300E+03   2.04210E-02   3.14481E-02   9.05712E-01   9.92133E-07 
    2.78612E-02   1.45565E-02   1.00000E+00
   1.25300E+03   2.04210E-02   3.14481E-02   9.05712E-01   9.92133E-07 
    2.78612E-02   1.45565E-02   1.00000E+00
   1.26300E+03   2.04210E-02   3.14481E-02   9.05712E-01   9.92133E-07 
    2.78612E-02   1.45565E-02   1.00000E+00
   1.27300E+03   2.04210E-02   3.14481E-02   9.05712E-01   9.92133E-07 
    2.78612E-02   1.45565E-02   1.00000E+00
   1.28300E+03   2.04210E-02   3.14481E-02   9.05712E-01   9.92133E-07 
    2.78612E-02   1.45565E-02   1.00000E+00
   1.29300E+03   2.04210E-02   3.14481E-02   9.05712E-01   9.92133E-07 
    2.78612E-02   1.45565E-02   1.00000E+00
   1.30300E+03   2.04210E-02   3.14481E-02   9.05712E-01   9.92133E-07 
    2.78612E-02   1.45565E-02   1.00000E+00
   1.31300E+03   2.04210E-02   3.14481E-02   9.05712E-01   9.92133E-07 
    2.78612E-02   1.45565E-02   1.00000E+00
   1.32300E+03   2.04210E-02   3.14481E-02   9.05712E-01   9.92133E-07 
    2.78612E-02   1.45565E-02   1.00000E+00
   1.33300E+03   2.04210E-02   3.14481E-02   9.05712E-01   9.92133E-07 
    2.78612E-02   1.45565E-02   1.00000E+00
   1.34300E+03   2.04210E-02   3.14481E-02   9.05712E-01   9.92133E-07 
    2.78612E-02   1.45565E-02   1.00000E+00
   1.35300E+03   2.04210E-02   3.14481E-02   9.05712E-01   9.92133E-07 
    2.78612E-02   1.45565E-02   1.00000E+00
   1.36300E+03   2.04210E-02   3.14481E-02   9.05712E-01   9.92133E-07 
    2.78612E-02   1.45565E-02   1.00000E+00
   1.37300E+03   2.04210E-02   3.14481E-02   9.05712E-01   9.92133E-07 
    2.78612E-02   1.45565E-02   1.00000E+00
   1.38300E+03   2.04210E-02   3.14481E-02   9.05712E-01   9.92133E-07 
    2.78612E-02   1.45565E-02   1.00000E+00
   1.39300E+03   2.04210E-02   3.14481E-02   9.05712E-01   9.92133E-07 
    2.78612E-02   1.45565E-02   1.00000E+00
   1.40300E+03   2.04210E-02   3.14481E-02   9.05712E-01   9.92133E-07 
    2.78612E-02   1.45565E-02   1.00000E+00
   1.41300E+03   2.04210E-02   3.14481E-02   9.05712E-01   9.92133E-07 
    2.78612E-02   1.45565E-02   1.00000E+00
   1.42300E+03   2.04210E-02   3.14481E-02   9.05712E-01   9.92133E-07 
    2.78612E-02   1.45565E-02   1.00000E+00
   1.43300E+03   2.04210E-02   3.14481E-02   9.05712E-01   9.92133E-07 
    2.78612E-02   1.45565E-02   1.00000E+00
   1.44300E+03   2.04210E-02   3.14481E-02   9.05712E-01   9.92133E-07 
    2.78612E-02   1.45565E-02   1.00000E+00
   1.45300E+03   2.04210E-02   3.14481E-02   9.05712E-01   9.92133E-07 
    2.78612E-02   1.45565E-02   1.00000E+00
   1.46300E+03   2.04210E-02   3.14481E-02   9.05712E-01   9.92133E-07 
    2.78612E-02   1.45565E-02   1.00000E+00
   1.47300E+03   2.04210E-02   3.14481E-02   9.05712E-01   9.92133E-07 
    2.78612E-02   1.45565E-02   1.00000E+00

 Phase Region for:
     FCC_A1#1                      
 col-1=T, col-2=X(FCC_A1#1,C), col-3=X(FCC_A1#1,CR), col-4=X(FCC_A1#1,FE),
   col-5=X(FCC_A1#1,MN), col-6=X(FCC_A1#1,NI), col-7=X(FCC_A1#1,SI),
   col-8=NP(FCC_A1#1),
   1.17300E+03   2.04210E-02   3.14481E-02   9.05712E-01   9.92133E-07 
    2.78612E-02   1.45565E-02   1.00000E+00
   1.16300E+03   2.04210E-02   3.14481E-02   9.05712E-01   9.92133E-07 
    2.78612E-02   1.45565E-02   1.00000E+00
   1.15300E+03   2.04210E-02   3.14481E-02   9.05712E-01   9.92133E-07 
    2.78612E-02   1.45565E-02   1.00000E+00
   1.14300E+03   2.04210E-02   3.14481E-02   9.05712E-01   9.92133E-07 
    2.78612E-02   1.45565E-02   1.00000E+00
   1.13300E+03   2.04210E-02   3.14481E-02   9.05712E-01   9.92133E-07 
    2.78612E-02   1.45565E-02   1.00000E+00
   1.12300E+03   2.04210E-02   3.14481E-02   9.05712E-01   9.92133E-07 
    2.78612E-02   1.45565E-02   1.00000E+00
   1.11300E+03   2.04210E-02   3.14481E-02   9.05712E-01   9.92133E-07 
    2.78612E-02   1.45565E-02   1.00000E+00
   1.10300E+03   2.04210E-02   3.14481E-02   9.05712E-01   9.92133E-07 
    2.78612E-02   1.45565E-02   1.00000E+00
   1.09300E+03   2.04210E-02   3.14481E-02   9.05712E-01   9.92133E-07 
    2.78612E-02   1.45565E-02   1.00000E+00
   1.08300E+03   2.04210E-02   3.14481E-02   9.05712E-01   9.92133E-07 
    2.78612E-02   1.45565E-02   1.00000E+00
   1.07568E+03   2.04210E-02   3.14481E-02   9.05712E-01   9.92133E-07 
    2.78612E-02   1.45565E-02   1.00000E+00

 Phase Region for:
     CEMENTITE                     
     FCC_A1#1                      
 col-1=T, col-2=X(CEMENTITE,C), col-3=X(CEMENTITE,CR), col-4=X(CEMENTITE,FE),
   col-5=X(CEMENTITE,MN), col-6=X(CEMENTITE,NI), col-7=X(CEMENTITE,SI),
   col-8=X(FCC_A1#1,C), col-9=X(FCC_A1#1,CR), col-10=X(FCC_A1#1,FE),
   col-11=X(FCC_A1#1,MN), col-12=X(FCC_A1#1,NI), col-13=X(FCC_A1#1,SI),
   col-14=NP(CEMENTITE), col-15=NP(FCC_A1#1),
   1.07568E+03   2.50000E-01   2.57790E-01   4.90675E-01   1.02047E-06 
    1.53405E-03   0.00000E+00   2.04210E-02   3.14481E-02   9.05712E-01 
    9.92133E-07   2.78612E-02   1.45565E-02   4.07541E-08   1.00000E+00
   1.07300E+03   2.50000E-01   2.58324E-01   4.90153E-01   1.02210E-06 
    1.52163E-03   0.00000E+00   2.01707E-02   3.12008E-02   9.06165E-01 
    9.92101E-07   2.78899E-02   1.45724E-02   1.08891E-03   9.98911E-01
   1.06300E+03   2.50000E-01   2.60341E-01   4.88182E-01   1.02832E-06 
    1.47579E-03   0.00000E+00   1.92552E-02   3.02858E-02   9.07832E-01 
    9.91950E-07   2.79952E-02   1.46304E-02   5.05208E-03   9.94948E-01
   1.05300E+03   2.50000E-01   2.62397E-01   4.86171E-01   1.03478E-06 
    1.43063E-03   0.00000E+00   1.83659E-02   2.93808E-02   9.09468E-01 
    9.91752E-07   2.80978E-02   1.46868E-02   8.87195E-03   9.91128E-01
   1.04300E+03   2.50000E-01   2.64494E-01   4.84119E-01   1.04147E-06 
    1.38616E-03   0.00000E+00   1.75027E-02   2.84858E-02   9.11071E-01 
    9.91506E-07   2.81977E-02   1.47416E-02   1.25518E-02   9.87448E-01
   1.03300E+03   2.50000E-01   2.66630E-01   4.82026E-01   1.04840E-06 
    1.34237E-03   0.00000E+00   1.66655E-02   2.76010E-02   9.12643E-01 
    9.91213E-07   2.82950E-02   1.47946E-02   1.60948E-02   9.83905E-01
   1.02300E+03   2.50000E-01   2.68807E-01   4.79892E-01   1.05560E-06 
    1.29929E-03   0.00000E+00   1.58542E-02   2.67265E-02   9.14183E-01 
    9.90871E-07   2.83896E-02   1.48461E-02   1.95041E-02   9.80496E-01
   1.01300E+03   2.50000E-01   2.71025E-01   4.77717E-01   1.06306E-06 
    1.25691E-03   0.00000E+00   1.50686E-02   2.58626E-02   9.15690E-01 
    9.90480E-07   2.84815E-02   1.48959E-02   2.27827E-02   9.77217E-01
   1.01254E+03   2.50000E-01   2.71129E-01   4.77615E-01   1.06341E-06 
    1.25496E-03   0.00000E+00   1.50328E-02   2.58229E-02   9.15760E-01 
    9.90461E-07   2.84857E-02   1.48982E-02   2.29315E-02   9.77068E-01

 Phase Region for:
     BCC_A2                        
     CEMENTITE                     
     FCC_A1#1                      
 col-1=T, col-2=X(BCC_A2,C), col-3=X(BCC_A2,CR), col-4=X(BCC_A2,FE),
   col-5=X(BCC_A2,MN), col-6=X(BCC_A2,NI), col-7=X(BCC_A2,SI),
   col-8=X(CEMENTITE,C), col-9=X(CEMENTITE,CR), col-10=X(CEMENTITE,FE),
   col-11=X(CEMENTITE,MN), col-12=X(CEMENTITE,NI), col-13=X(CEMENTITE,SI),
   col-14=X(FCC_A1#1,C), col-15=X(FCC_A1#1,CR), col-16=X(FCC_A1#1,FE),
   col-17=X(FCC_A1#1,MN), col-18=X(FCC_A1#1,NI), col-19=X(FCC_A1#1,SI),
   col-20=NP(BCC_A2), col-21=NP(CEMENTITE), col-22=NP(FCC_A1#1),
   1.01254E+03   3.99653E-04   1.79504E-02   9.49215E-01   3.12684E-07 
    1.31941E-02   1.92404E-02   2.50000E-01   2.71129E-01   4.77615E-01 
    1.06341E-06   1.25497E-03   0.00000E+00   1.50328E-02   2.58228E-02 
    9.15760E-01   9.90463E-07   2.84857E-02   1.48982E-02   3.35169E-06 
    2.29317E-02   9.77065E-01
   1.00300E+03   3.69006E-04   1.62332E-02   9.50012E-01   3.54481E-07 
    1.53688E-02   1.80169E-02   2.50000E-01   2.63126E-01   4.85371E-01 
    1.31830E-06   1.50164E-03   0.00000E+00   1.46670E-02   2.36163E-02 
    9.13187E-01   1.22970E-06   3.44901E-02   1.40383E-02   2.75606E-01 
    4.11951E-02   6.83199E-01
   9.93000E+02   3.35084E-04   1.48735E-02   9.49836E-01   4.02458E-07 
    1.77695E-02   1.71851E-02   2.50000E-01   2.57871E-01   4.90356E-01 
    1.62190E-06   1.77177E-03   0.00000E+00   1.40586E-02   2.17729E-02 
    9.09041E-01   1.53653E-06   4.15898E-02   1.35358E-02   4.84187E-01 
    5.51286E-02   4.60684E-01
   9.83000E+02   3.00889E-04   1.38363E-02   9.49014E-01   4.53486E-07 
    2.01975E-02   1.66504E-02   2.50000E-01   2.55352E-01   4.92606E-01 
    1.96053E-06   2.04020E-03   0.00000E+00   1.32809E-02   2.02911E-02 
    9.03758E-01   1.90831E-06   4.93650E-02   1.33031E-02   6.32078E-01 
    6.48213E-02   3.03101E-01
   9.73000E+02   2.67766E-04   1.30172E-02   9.47824E-01   5.07175E-07 
    2.25840E-02   1.63063E-02   2.50000E-01   2.54942E-01   4.92758E-01 
    2.33602E-06   2.29764E-03   0.00000E+00   1.23961E-02   1.90637E-02 
    8.97589E-01   2.35747E-06   5.76996E-02   1.32490E-02   7.37075E-01 
    7.13976E-02   1.91528E-01
   9.63000E+02   2.36606E-04   1.23424E-02   9.46450E-01   5.63805E-07 
    2.48844E-02   1.60864E-02   2.50000E-01   2.56087E-01   4.91372E-01 
    2.75412E-06   2.53848E-03   0.00000E+00   1.14550E-02   1.80114E-02 
    8.90705E-01   2.90233E-06   6.65110E-02   1.33149E-02   8.12036E-01 
    7.57748E-02   1.12189E-01
   9.53000E+02   2.07893E-04   1.17625E-02   9.45009E-01   6.24227E-07 
    2.70720E-02   1.59485E-02   2.50000E-01   2.58355E-01   4.88882E-01 
    3.22469E-06   2.75980E-03   0.00000E+00   1.04955E-02   1.70794E-02 
    8.83216E-01   3.56897E-06   7.57423E-02   1.34635E-02   8.65870E-01 
    7.86340E-02   5.54961E-02
   9.43000E+02   1.81826E-04   1.12445E-02   9.43576E-01   6.89876E-07 
    2.91316E-02   1.58657E-02   2.50000E-01   2.61428E-01   4.85607E-01 
    3.76248E-06   2.96039E-03   0.00000E+00   9.54475E-03   1.62310E-02 
    8.75195E-01   4.39435E-06   8.53547E-02   1.36705E-02   9.04684E-01 
    8.04586E-02   1.48578E-02
   9.38316E+02   1.70533E-04   1.10168E-02   9.42921E-01   7.23004E-07 
    3.00500E-02   1.58405E-02   2.50000E-01   2.63077E-01   4.83871E-01 
    4.04326E-06   3.04715E-03   0.00000E+00   9.10807E-03   1.58550E-02 
    8.71269E-01   4.84980E-06   8.99804E-02   1.37828E-02   9.18943E-01 
    8.10570E-02   0.00000E+00

 Phase Region for:
     BCC_A2                        
     CEMENTITE                     
 col-1=T, col-2=X(BCC_A2,C), col-3=X(BCC_A2,CR), col-4=X(BCC_A2,FE),
   col-5=X(BCC_A2,MN), col-6=X(BCC_A2,NI), col-7=X(BCC_A2,SI),
   col-8=X(CEMENTITE,C), col-9=X(CEMENTITE,CR), col-10=X(CEMENTITE,FE),
   col-11=X(CEMENTITE,MN), col-12=X(CEMENTITE,NI), col-13=X(CEMENTITE,SI),
   col-14=NP(BCC_A2), col-15=NP(CEMENTITE),
   9.38316E+02   1.70533E-04   1.10168E-02   9.42921E-01   7.23004E-07 
    3.00500E-02   1.58405E-02   2.50000E-01   2.63077E-01   4.83871E-01 
    4.04326E-06   3.04715E-03   0.00000E+00   9.18943E-01   8.10570E-02  NONE
   9.33000E+02   1.58395E-04   1.07830E-02   9.43164E-01   7.14962E-07 
    3.00527E-02   1.58413E-02   2.50000E-01   2.65588E-01   4.81377E-01 
    4.13254E-06   3.03120E-03   0.00000E+00   9.18898E-01   8.11017E-02  NONE
   9.23000E+02   1.37632E-04   1.03431E-02   9.43618E-01   6.99602E-07 
    3.00576E-02   1.58426E-02   2.50000E-01   2.70328E-01   4.76667E-01 
    4.30318E-06   3.00091E-03   0.00000E+00   9.18822E-01   8.11780E-02  NONE
   9.13000E+02   1.19339E-04   9.90358E-03   9.44070E-01   6.83931E-07 
    3.00623E-02   1.58438E-02   2.50000E-01   2.75082E-01   4.71943E-01 
    4.47741E-06   2.97036E-03   0.00000E+00   9.18755E-01   8.12453E-02  NONE
   9.03000E+02   1.03257E-04   9.46517E-03   9.44519E-01   6.67940E-07 
    3.00668E-02   1.58448E-02   2.50000E-01   2.79843E-01   4.67213E-01 
    4.65535E-06   2.93970E-03   0.00000E+00   9.18696E-01   8.13044E-02  NONE
   8.93000E+02   8.91498E-05   9.02852E-03   9.44965E-01   6.51619E-07 
    3.00710E-02   1.58457E-02   2.50000E-01   2.84601E-01   4.62485E-01 
    4.83709E-06   2.90902E-03   0.00000E+00   9.18644E-01   8.13563E-02  NONE
   8.83000E+02   7.68029E-05   8.59438E-03   9.45407E-01   6.34963E-07 
    3.00751E-02   1.58465E-02   2.50000E-01   2.89347E-01   4.57770E-01 
    5.02271E-06   2.87846E-03   0.00000E+00   9.18598E-01   8.14017E-02  NONE
   8.73000E+02   6.60215E-05   8.16356E-03   9.45844E-01   6.17966E-07 
    3.00789E-02   1.58471E-02   2.50000E-01   2.94069E-01   4.53077E-01 
    5.21228E-06   2.84811E-03   0.00000E+00   9.18559E-01   8.14413E-02  NONE
   8.63000E+02   5.66290E-05   7.73693E-03   9.46275E-01   6.00625E-07 
    3.00826E-02   1.58477E-02   2.50000E-01   2.98758E-01   4.48419E-01 
    5.40583E-06   2.81806E-03   0.00000E+00   9.18524E-01   8.14758E-02  NONE
   8.53000E+02   4.84657E-05   7.31539E-03   9.46701E-01   5.82939E-07 
    3.00861E-02   1.58482E-02   2.50000E-01   3.03401E-01   4.43805E-01 
    5.60337E-06   2.78840E-03   0.00000E+00   9.18494E-01   8.15058E-02  NONE
   8.43000E+02   4.13873E-05   6.89987E-03   9.47120E-01   5.64911E-07 
    3.00895E-02   1.58487E-02   2.50000E-01   3.07987E-01   4.39247E-01 
    5.80486E-06   2.75921E-03   0.00000E+00   9.18468E-01   8.15318E-02  NONE
   8.33000E+02   3.52641E-05   6.49133E-03   9.47531E-01   5.46546E-07 
    3.00927E-02   1.58491E-02   2.50000E-01   3.12505E-01   4.34758E-01 
    6.01024E-06   2.73054E-03   0.00000E+00   9.18446E-01   8.15543E-02  NONE
   8.23000E+02   2.99797E-05   6.09074E-03   9.47934E-01   5.27854E-07 
    3.00958E-02   1.58494E-02   2.50000E-01   3.16943E-01   4.30349E-01 
    6.21939E-06   2.70246E-03   0.00000E+00   9.18426E-01   8.15737E-02  NONE
   8.13000E+02   2.54299E-05   5.69908E-03   9.48327E-01   5.08849E-07 
    3.00987E-02   1.58497E-02   2.50000E-01   3.21288E-01   4.26031E-01 
    6.43214E-06   2.67501E-03   0.00000E+00   9.18410E-01   8.15904E-02  NONE
   8.03000E+02   2.15217E-05   5.31730E-03   9.48709E-01   4.89552E-07 
    3.01015E-02   1.58500E-02   2.50000E-01   3.25529E-01   4.21816E-01 
    6.64827E-06   2.64822E-03   0.00000E+00   9.18395E-01   8.16048E-02  NONE
   7.93000E+02   1.81723E-05   4.94634E-03   9.49081E-01   4.69988E-07 
    3.01042E-02   1.58502E-02   2.50000E-01   3.29655E-01   4.17716E-01 
    6.86749E-06   2.62211E-03   0.00000E+00   9.18383E-01   8.16171E-02  NONE
   7.83000E+02   1.53085E-05   4.58708E-03   9.49440E-01   4.50186E-07 
    3.01068E-02   1.58504E-02   2.50000E-01   3.33655E-01   4.13741E-01 
    7.08945E-06   2.59670E-03   0.00000E+00   9.18372E-01   8.16276E-02  NONE
   7.73000E+02   1.28654E-05   4.24036E-03   9.49787E-01   4.30185E-07 
    3.01093E-02   1.58505E-02   2.50000E-01   3.37519E-01   4.09902E-01 
    7.31372E-06   2.57198E-03   0.00000E+00   9.18363E-01   8.16366E-02  NONE
   7.63000E+02   1.07859E-05   3.90694E-03   9.50120E-01   4.10028E-07 
    3.01116E-02   1.58506E-02   2.50000E-01   3.41238E-01   4.06206E-01 
    7.53980E-06   2.54793E-03   0.00000E+00   9.18356E-01   8.16442E-02  NONE
   7.53000E+02   9.01987E-06   3.58753E-03   9.50438E-01   3.89766E-07 
    3.01139E-02   1.58508E-02   2.50000E-01   3.44804E-01   4.02664E-01 
    7.76714E-06   2.52455E-03   0.00000E+00   9.18349E-01   8.16507E-02  NONE
   7.43000E+02   7.52346E-06   3.28270E-03   9.50742E-01   3.69453E-07 
    3.01161E-02   1.58508E-02   2.50000E-01   3.48209E-01   3.99281E-01 
    7.99508E-06   2.50178E-03   0.00000E+00   9.18344E-01   8.16562E-02  NONE
   7.33000E+02   6.25834E-06   2.99295E-03   9.51031E-01   3.49154E-07 
    3.01182E-02   1.58509E-02   2.50000E-01   3.51448E-01   3.96064E-01 
    8.22293E-06   2.47959E-03   0.00000E+00   9.18339E-01   8.16609E-02  NONE
   7.23000E+02   5.19123E-06   2.71867E-03   9.51305E-01   3.28934E-07 
    3.01203E-02   1.58510E-02   2.50000E-01   3.54516E-01   3.93018E-01 
    8.44993E-06   2.45793E-03   0.00000E+00   9.18335E-01   8.16648E-02  NONE
   7.13000E+02   4.29322E-06   2.46012E-03   9.51562E-01   3.08867E-07 
    3.01222E-02   1.58511E-02   2.50000E-01   3.57409E-01   3.90146E-01 
    8.67525E-06   2.43672E-03   0.00000E+00   9.18332E-01   8.16681E-02  NONE
   7.03000E+02   3.53933E-06   2.21745E-03   9.51803E-01   2.89028E-07 
    3.01242E-02   1.58511E-02   2.50000E-01   3.60125E-01   3.87450E-01 
    8.89804E-06   2.41589E-03   0.00000E+00   9.18329E-01   8.16709E-02  NONE
   6.93000E+02   2.90802E-06   1.99068E-03   9.52029E-01   2.69494E-07 
    3.01261E-02   1.58511E-02   2.50000E-01   3.62665E-01   3.84931E-01 
    9.11744E-06   2.39538E-03   0.00000E+00   9.18327E-01   8.16732E-02  NONE
   6.83000E+02   2.38074E-06   1.77972E-03   9.52239E-01   2.50344E-07 
    3.01279E-02   1.58512E-02   2.50000E-01   3.65028E-01   3.82587E-01 
    9.33254E-06   2.37508E-03   0.00000E+00   9.18325E-01   8.16751E-02  NONE
   6.73000E+02   1.94158E-06   1.58438E-03   9.52432E-01   2.31655E-07 
    3.01298E-02   1.58512E-02   2.50000E-01   3.67217E-01   3.80418E-01 
    9.54249E-06   2.35490E-03   0.00000E+00   9.18323E-01   8.16767E-02  NONE
