
 Phase Region for:
     FCC_A1#1                      
 col-1=T, col-2=X(FCC_A1#1,C), col-3=X(FCC_A1#1,CR), col-4=X(FCC_A1#1,FE),
   col-5=X(FCC_A1#1,MN), col-6=X(FCC_A1#1,NI), col-7=X(FCC_A1#1,SI),
   col-8=NP(FCC_A1#1),
   1.17300E+03   2.03252E-02   1.04335E-06   9.16035E-01   9.87481E-07 
    3.46634E-02   2.89746E-02   1.00000E+00
   1.18300E+03   2.03252E-02   1.04335E-06   9.16035E-01   9.87481E-07 
    3.46634E-02   2.89746E-02   1.00000E+00
   1.19300E+03   2.03252E-02   1.04335E-06   9.16035E-01   9.87481E-07 
    3.46634E-02   2.89746E-02   1.00000E+00
   1.20300E+03   2.03252E-02   1.04335E-06   9.16035E-01   9.87481E-07 
    3.46634E-02   2.89746E-02   1.00000E+00
   1.21300E+03   2.03252E-02   1.04335E-06   9.16035E-01   9.87481E-07 
    3.46634E-02   2.89746E-02   1.00000E+00
   1.22300E+03   2.03252E-02   1.04335E-06   9.16035E-01   9.87481E-07 
    3.46634E-02   2.89746E-02   1.00000E+00
   1.23300E+03   2.03252E-02   1.04335E-06   9.16035E-01   9.87481E-07 
    3.46634E-02   2.89746E-02   1.00000E+00
   1.24300E+03   2.03252E-02   1.04335E-06   9.16035E-01   9.87481E-07 
    3.46634E-02   2.89746E-02   1.00000E+00
   1.25300E+03   2.03252E-02   1.04335E-06   9.16035E-01   9.87481E-07 
    3.46634E-02   2.89746E-02   1.00000E+00
   1.26300E+03   2.03252E-02   1.04335E-06   9.16035E-01   9.87481E-07 
    3.46634E-02   2.89746E-02   1.00000E+00
   1.27300E+03   2.03252E-02   1.04335E-06   9.16035E-01   9.87481E-07 
    3.46634E-02   2.89746E-02   1.00000E+00
   1.28300E+03   2.03252E-02   1.04335E-06   9.16035E-01   9.87481E-07 
    3.46634E-02   2.89746E-02   1.00000E+00
   1.29300E+03   2.03252E-02   1.04335E-06   9.16035E-01   9.87481E-07 
    3.46634E-02   2.89746E-02   1.00000E+00
   1.30300E+03   2.03252E-02   1.04335E-06   9.16035E-01   9.87481E-07 
    3.46634E-02   2.89746E-02   1.00000E+00
   1.31300E+03   2.03252E-02   1.04335E-06   9.16035E-01   9.87481E-07 
    3.46634E-02   2.89746E-02   1.00000E+00
   1.32300E+03   2.03252E-02   1.04335E-06   9.16035E-01   9.87481E-07 
    3.46634E-02   2.89746E-02   1.00000E+00
   1.33300E+03   2.03252E-02   1.04335E-06   9.16035E-01   9.87481E-07 
    3.46634E-02   2.89746E-02   1.00000E+00
   1.34300E+03   2.03252E-02   1.04335E-06   9.16035E-01   9.87481E-07 
    3.46634E-02   2.89746E-02   1.00000E+00
   1.35300E+03   2.03252E-02   1.04335E-06   9.16035E-01   9.87481E-07 
    3.46634E-02   2.89746E-02   1.00000E+00
   1.36300E+03   2.03252E-02   1.04335E-06   9.16035E-01   9.87481E-07 
    3.46634E-02   2.89746E-02   1.00000E+00
   1.37300E+03   2.03252E-02   1.04335E-06   9.16035E-01   9.87481E-07 
    3.46634E-02   2.89746E-02   1.00000E+00
   1.38300E+03   2.03252E-02   1.04335E-06   9.16035E-01   9.87481E-07 
    3.46634E-02   2.89746E-02   1.00000E+00
   1.39300E+03   2.03252E-02   1.04335E-06   9.16035E-01   9.87481E-07 
    3.46634E-02   2.89746E-02   1.00000E+00
   1.40300E+03   2.03252E-02   1.04335E-06   9.16035E-01   9.87481E-07 
    3.46634E-02   2.89746E-02   1.00000E+00
   1.41300E+03   2.03252E-02   1.04335E-06   9.16035E-01   9.87481E-07 
    3.46634E-02   2.89746E-02   1.00000E+00
   1.42300E+03   2.03252E-02   1.04335E-06   9.16035E-01   9.87481E-07 
    3.46634E-02   2.89746E-02   1.00000E+00
   1.43300E+03   2.03252E-02   1.04335E-06   9.16035E-01   9.87481E-07 
    3.46634E-02   2.89746E-02   1.00000E+00
   1.44300E+03   2.03252E-02   1.04335E-06   9.16035E-01   9.87481E-07 
    3.46634E-02   2.89746E-02   1.00000E+00
   1.45300E+03   2.03252E-02   1.04335E-06   9.16035E-01   9.87481E-07 
    3.46634E-02   2.89746E-02   1.00000E+00
   1.46300E+03   2.03252E-02   1.04335E-06   9.16035E-01   9.87481E-07 
    3.46634E-02   2.89746E-02   1.00000E+00
   1.47300E+03   2.03252E-02   1.04335E-06   9.16035E-01   9.87481E-07 
    3.46634E-02   2.89746E-02   1.00000E+00

 Phase Region for:
     FCC_A1#1                      
 col-1=T, col-2=X(FCC_A1#1,C), col-3=X(FCC_A1#1,CR), col-4=X(FCC_A1#1,FE),
   col-5=X(FCC_A1#1,MN), col-6=X(FCC_A1#1,NI), col-7=X(FCC_A1#1,SI),
   col-8=NP(FCC_A1#1),
   1.17300E+03   2.03252E-02   1.04335E-06   9.16035E-01   9.87481E-07 
    3.46634E-02   2.89746E-02   1.00000E+00
   1.16300E+03   2.03252E-02   1.04335E-06   9.16035E-01   9.87481E-07 
    3.46634E-02   2.89746E-02   1.00000E+00
   1.15300E+03   2.03252E-02   1.04335E-06   9.16035E-01   9.87481E-07 
    3.46634E-02   2.89746E-02   1.00000E+00
   1.14300E+03   2.03252E-02   1.04335E-06   9.16035E-01   9.87481E-07 
    3.46634E-02   2.89746E-02   1.00000E+00
   1.13300E+03   2.03252E-02   1.04335E-06   9.16035E-01   9.87481E-07 
    3.46634E-02   2.89746E-02   1.00000E+00
   1.12300E+03   2.03252E-02   1.04335E-06   9.16035E-01   9.87481E-07 
    3.46634E-02   2.89746E-02   1.00000E+00
   1.11300E+03   2.03252E-02   1.04335E-06   9.16035E-01   9.87481E-07 
    3.46634E-02   2.89746E-02   1.00000E+00
   1.10300E+03   2.03252E-02   1.04335E-06   9.16035E-01   9.87481E-07 
    3.46634E-02   2.89746E-02   1.00000E+00
   1.09300E+03   2.03252E-02   1.04335E-06   9.16035E-01   9.87481E-07 
    3.46634E-02   2.89746E-02   1.00000E+00
   1.08300E+03   2.03252E-02   1.04335E-06   9.16035E-01   9.87481E-07 
    3.46634E-02   2.89746E-02   1.00000E+00
   1.07300E+03   2.03252E-02   1.04335E-06   9.16035E-01   9.87481E-07 
    3.46634E-02   2.89746E-02   1.00000E+00
   1.06300E+03   2.03252E-02   1.04335E-06   9.16035E-01   9.87481E-07 
    3.46634E-02   2.89746E-02   1.00000E+00
   1.05300E+03   2.03252E-02   1.04335E-06   9.16035E-01   9.87481E-07 
    3.46634E-02   2.89746E-02   1.00000E+00
   1.04300E+03   2.03252E-02   1.04335E-06   9.16035E-01   9.87481E-07 
    3.46634E-02   2.89746E-02   1.00000E+00
   1.03300E+03   2.03252E-02   1.04335E-06   9.16035E-01   9.87481E-07 
    3.46634E-02   2.89746E-02   1.00000E+00
   1.02300E+03   2.03252E-02   1.04335E-06   9.16035E-01   9.87481E-07 
    3.46634E-02   2.89746E-02   1.00000E+00
   1.01300E+03   2.03252E-02   1.04335E-06   9.16035E-01   9.87481E-07 
    3.46634E-02   2.89746E-02   1.00000E+00
   1.01073E+03   2.03252E-02   1.04335E-06   9.16035E-01   9.87481E-07 
    3.46634E-02   2.89746E-02   1.00000E+00

 Phase Region for:
     BCC_A2                        
     FCC_A1#1                      
 col-1=T, col-2=X(BCC_A2,C), col-3=X(BCC_A2,CR), col-4=X(BCC_A2,FE),
   col-5=X(BCC_A2,MN), col-6=X(BCC_A2,NI), col-7=X(BCC_A2,SI),
   col-8=X(FCC_A1#1,C), col-9=X(FCC_A1#1,CR), col-10=X(FCC_A1#1,FE),
   col-11=X(FCC_A1#1,MN), col-12=X(FCC_A1#1,NI), col-13=X(FCC_A1#1,SI),
   col-14=NP(BCC_A2), col-15=NP(FCC_A1#1),
   1.01073E+03   5.33914E-04   6.48632E-07   9.44857E-01   2.97596E-07 
    1.57712E-02   3.88366E-02   2.03252E-02   1.04335E-06   9.16035E-01 
    9.87481E-07   3.46634E-02   2.89746E-02   8.06423E-07   9.99999E-01
   1.00300E+03   5.45082E-04   6.46656E-07   9.45132E-01   2.93235E-07 
    1.60534E-02   3.82683E-02   2.16137E-02   1.06920E-06   9.14139E-01 
    1.03271E-06   3.58757E-02   2.83692E-02   6.11583E-02   9.38842E-01
   9.93000E+02   5.60957E-04   6.44270E-07   9.45360E-01   2.88656E-07 
    1.64569E-02   3.76213E-02   2.34396E-02   1.10624E-06   9.11414E-01 
    1.09760E-06   3.75324E-02   2.76121E-02   1.36128E-01   8.63872E-01
   9.83000E+02   5.77835E-04   6.41757E-07   9.45465E-01   2.84867E-07 
    1.68913E-02   3.70644E-02   2.54355E-02   1.14728E-06   9.08419E-01 
    1.16931E-06   3.92626E-02   2.68811E-02   2.05583E-01   7.94417E-01
   9.81943E+02   5.79653E-04   6.41472E-07   9.45470E-01   2.84498E-07 
    1.69386E-02   3.70104E-02   2.56560E-02   1.15185E-06   9.08088E-01 
    1.17727E-06   3.94487E-02   2.68051E-02   2.12582E-01   7.87418E-01

 Phase Region for:
     BCC_A2                        
     CEMENTITE                     
     FCC_A1#1                      
 col-1=T, col-2=X(BCC_A2,C), col-3=X(BCC_A2,CR), col-4=X(BCC_A2,FE),
   col-5=X(BCC_A2,MN), col-6=X(BCC_A2,NI), col-7=X(BCC_A2,SI),
   col-8=X(CEMENTITE,C), col-9=X(CEMENTITE,CR), col-10=X(CEMENTITE,FE),
   col-11=X(CEMENTITE,MN), col-12=X(CEMENTITE,NI), col-13=X(CEMENTITE,SI),
   col-14=X(FCC_A1#1,C), col-15=X(FCC_A1#1,CR), col-16=X(FCC_A1#1,FE),
   col-17=X(FCC_A1#1,MN), col-18=X(FCC_A1#1,NI), col-19=X(FCC_A1#1,SI),
   col-20=NP(BCC_A2), col-21=NP(CEMENTITE), col-22=NP(FCC_A1#1),
   9.81943E+02   5.79652E-04   6.41471E-07   9.45470E-01   2.84498E-07 
    1.69386E-02   3.70103E-02   2.50000E-01   1.30208E-05   7.46013E-01 
    1.76402E-06   3.97194E-03   0.00000E+00   2.56560E-02   1.15185E-06 
    9.08088E-01   1.17727E-06   3.94487E-02   2.68051E-02   2.12585E-01 
    3.04613E-07   7.87415E-01
   9.73000E+02   5.28962E-04   5.39466E-07   9.44977E-01   3.11636E-07 
    1.91652E-02   3.53284E-02   2.50000E-01   1.15293E-05   7.45465E-01 
    2.05746E-06   4.52121E-03   0.00000E+00   2.45228E-02   9.62861E-07 
    9.03227E-01   1.40417E-06   4.64266E-02   2.58209E-02   3.95428E-01 
    2.34625E-02   5.81109E-01
   9.63000E+02   4.75073E-04   4.68704E-07   9.43812E-01   3.42053E-07 
    2.16701E-02   3.40416E-02   2.50000E-01   1.05885E-05   7.44838E-01 
    2.41063E-06   5.14853E-03   0.00000E+00   2.31544E-02   8.28410E-07 
    8.96680E-01   1.69903E-06   5.49496E-02   2.52131E-02   5.46475E-01 
    4.21629E-02   4.11362E-01
   9.53000E+02   4.24901E-04   4.21764E-07   9.42284E-01   3.71702E-07 
    2.41108E-02   3.31792E-02   2.50000E-01   1.00587E-05   7.44218E-01 
    2.78757E-06   5.76922E-03   0.00000E+00   2.17202E-02   7.36356E-07 
    8.89229E-01   2.04096E-06   6.40909E-02   2.49576E-02   6.55734E-01 
    5.50599E-02   2.89206E-01
   9.43000E+02   3.78774E-04   3.87972E-07   9.40585E-01   4.00180E-07 
    2.64382E-02   3.25972E-02   2.50000E-01   9.76277E-06   7.43617E-01 
    3.18821E-06   6.36979E-03   0.00000E+00   2.02515E-02   6.67829E-07 
    8.81051E-01   2.43635E-06   7.37585E-02   2.49361E-02   7.35165E-01 
    6.39108E-02   2.00924E-01
   9.33000E+02   3.36717E-04   3.61943E-07   9.38835E-01   4.27343E-07 
    2.86255E-02   3.22024E-02   2.50000E-01   9.60962E-06   7.43045E-01 
    3.61409E-06   6.94206E-03   0.00000E+00   1.87722E-02   6.13348E-07 
    8.72254E-01   2.89403E-06   8.38984E-02   2.50720E-02   7.93344E-01 
    6.99686E-02   1.36687E-01
   9.23000E+02   2.98591E-04   3.40732E-07   9.37107E-01   4.53172E-07 
    3.06589E-02   3.19343E-02   2.50000E-01   9.54840E-06   7.42505E-01 
    4.06774E-06   7.48104E-03   0.00000E+00   1.73005E-02   5.67784E-07 
    8.62902E-01   3.42530E-06   9.44779E-02   2.53154E-02   8.36243E-01 
    7.40974E-02   8.96591E-02
   9.13000E+02   2.64175E-04   3.22627E-07   9.35449E-01   4.77711E-07 
    3.25327E-02   3.17533E-02   2.50000E-01   9.54875E-06   7.42002E-01 
    4.55232E-06   7.98377E-03   0.00000E+00   1.58519E-02   5.28202E-07 
    8.53036E-01   4.04412E-06   1.05475E-01   2.56333E-02   8.68020E-01 
    7.68905E-02   5.50893E-02
   9.03000E+02   2.33210E-04   3.06582E-07   9.33888E-01   5.01035E-07 
    3.42457E-02   3.16328E-02   2.50000E-01   9.59148E-06   7.41537E-01 
    5.07159E-06   8.44856E-03   0.00000E+00   1.44395E-02   4.92844E-07 
    8.42682E-01   4.76756E-06   1.16870E-01   2.60034E-02   8.91598E-01 
    7.87568E-02   2.96454E-02
   8.93000E+02   2.05424E-04   2.91932E-07   9.32439E-01   5.23241E-07 
    3.57996E-02   3.15547E-02   2.50000E-01   9.66385E-06   7.41110E-01 
    5.62996E-06   8.87453E-03   0.00000E+00   1.30751E-02   4.60618E-07 
    8.31861E-01   5.61619E-06   1.28647E-01   2.64104E-02   9.09063E-01 
    7.99808E-02   1.09564E-02
   8.85240E+02   1.85883E-04   2.81242E-07   9.31400E-01   5.39766E-07 
    3.68981E-02   3.15153E-02   2.50000E-01   9.73471E-06   7.40806E-01 
    6.09335E-06   9.17815E-03   0.00000E+00   1.20561E-02   4.37321E-07 
    8.23157E-01   6.37672E-06   1.38035E-01   2.67448E-02   9.19383E-01 
    8.06172E-02   0.00000E+00

 Phase Region for:
     BCC_A2                        
     CEMENTITE                     
 col-1=T, col-2=X(BCC_A2,C), col-3=X(BCC_A2,CR), col-4=X(BCC_A2,FE),
   col-5=X(BCC_A2,MN), col-6=X(BCC_A2,NI), col-7=X(BCC_A2,SI),
   col-8=X(CEMENTITE,C), col-9=X(CEMENTITE,CR), col-10=X(CEMENTITE,FE),
   col-11=X(CEMENTITE,MN), col-12=X(CEMENTITE,NI), col-13=X(CEMENTITE,SI),
   col-14=NP(BCC_A2), col-15=NP(CEMENTITE),
   8.85240E+02   1.85883E-04   2.81242E-07   9.31400E-01   5.39766E-07 
    3.68981E-02   3.15153E-02   2.50000E-01   9.73471E-06   7.40806E-01 
    6.09335E-06   9.17815E-03   0.00000E+00   9.19383E-01   8.06172E-02  NONE
   8.83000E+02   1.80691E-04   2.78341E-07   9.31404E-01   5.35505E-07 
    3.68982E-02   3.15159E-02   2.50000E-01   9.76553E-06   7.40800E-01 
    6.14062E-06   9.18384E-03   0.00000E+00   9.19364E-01   8.06363E-02  NONE
   8.73000E+02   1.58990E-04   2.65494E-07   9.31423E-01   5.16450E-07 
    3.68985E-02   3.15186E-02   2.50000E-01   9.90247E-06   7.40776E-01 
    6.35209E-06   9.20749E-03   0.00000E+00   9.19284E-01   8.07162E-02  NONE
   8.63000E+02   1.39547E-04   2.52825E-07   9.31440E-01   4.97364E-07 
    3.68989E-02   3.15211E-02   2.50000E-01   1.00381E-05   7.40755E-01 
    6.56409E-06   9.22832E-03   0.00000E+00   9.19212E-01   8.07877E-02  NONE
   8.53000E+02   1.22162E-04   2.40349E-07   9.31455E-01   4.78272E-07 
    3.68992E-02   3.15233E-02   2.50000E-01   1.01722E-05   7.40737E-01 
    6.77633E-06   9.24637E-03   0.00000E+00   9.19148E-01   8.08516E-02  NONE
   8.43000E+02   1.06652E-04   2.28085E-07   9.31468E-01   4.59203E-07 
    3.68996E-02   3.15253E-02   2.50000E-01   1.03045E-05   7.40721E-01 
    6.98851E-06   9.26167E-03   0.00000E+00   9.19091E-01   8.09087E-02  NONE
   8.33000E+02   9.28464E-05   2.16049E-07   9.31480E-01   4.40186E-07 
    3.69000E-02   3.15270E-02   2.50000E-01   1.04348E-05   7.40708E-01 
    7.20029E-06   9.27424E-03   0.00000E+00   9.19041E-01   8.09595E-02  NONE
   8.23000E+02   8.05875E-05   2.04258E-07   9.31490E-01   4.21252E-07 
    3.69005E-02   3.15285E-02   2.50000E-01   1.05629E-05   7.40698E-01 
    7.41133E-06   9.28409E-03   0.00000E+00   9.18995E-01   8.10045E-02  NONE
   8.13000E+02   6.97298E-05   1.92730E-07   9.31499E-01   4.02434E-07 
    3.69010E-02   3.15299E-02   2.50000E-01   1.06885E-05   7.40690E-01 
    7.62126E-06   9.29121E-03   0.00000E+00   9.18956E-01   8.10445E-02  NONE
   8.03000E+02   6.01390E-05   1.81480E-07   9.31506E-01   3.83765E-07 
    3.69017E-02   3.15311E-02   2.50000E-01   1.08114E-05   7.40686E-01 
    7.82972E-06   9.29559E-03   0.00000E+00   9.18920E-01   8.10797E-02  NONE
   7.93000E+02   5.16912E-05   1.70525E-07   9.31513E-01   3.65278E-07 
    3.69025E-02   3.15322E-02   2.50000E-01   1.09315E-05   7.40684E-01 
    8.03630E-06   9.29722E-03   0.00000E+00   9.18889E-01   8.11108E-02  NONE
   7.83000E+02   4.42723E-05   1.59880E-07   9.31519E-01   3.47008E-07 
    3.69034E-02   3.15331E-02   2.50000E-01   1.10484E-05   7.40685E-01 
    8.24062E-06   9.29607E-03   0.00000E+00   9.18862E-01   8.11381E-02  NONE
   7.73000E+02   3.77773E-05   1.49560E-07   9.31523E-01   3.28992E-07 
    3.69045E-02   3.15339E-02   2.50000E-01   1.11620E-05   7.40688E-01 
    8.44226E-06   9.29210E-03   0.00000E+00   9.18838E-01   8.11619E-02  NONE
   7.63000E+02   3.21100E-05   1.39578E-07   9.31527E-01   3.11263E-07 
    3.69057E-02   3.15347E-02   2.50000E-01   1.12722E-05   7.40695E-01 
    8.64084E-06   9.28527E-03   0.00000E+00   9.18817E-01   8.11828E-02  NONE
   7.53000E+02   2.71818E-05   1.29945E-07   9.31530E-01   2.93856E-07 
    3.69071E-02   3.15353E-02   2.50000E-01   1.13787E-05   7.40704E-01 
    8.83594E-06   9.27553E-03   0.00000E+00   9.18799E-01   8.12009E-02  NONE
   7.43000E+02   2.29121E-05   1.20674E-07   9.31532E-01   2.76806E-07 
    3.69087E-02   3.15358E-02   2.50000E-01   1.14814E-05   7.40717E-01 
    9.02717E-06   9.26282E-03   0.00000E+00   9.18783E-01   8.12166E-02  NONE
   7.33000E+02   1.92271E-05   1.11774E-07   9.31534E-01   2.60146E-07 
    3.69105E-02   3.15363E-02   2.50000E-01   1.15802E-05   7.40732E-01 
    9.21415E-06   9.24706E-03   0.00000E+00   9.18770E-01   8.12301E-02  NONE
   7.23000E+02   1.60594E-05   1.03252E-07   9.31534E-01   2.43908E-07 
    3.69125E-02   3.15367E-02   2.50000E-01   1.16749E-05   7.40751E-01 
    9.39650E-06   9.22819E-03   0.00000E+00   9.18758E-01   8.12418E-02  NONE
   7.13000E+02   1.33480E-05   9.51153E-08   9.31535E-01   2.28122E-07 
    3.69148E-02   3.15370E-02   2.50000E-01   1.17655E-05   7.40773E-01 
    9.57388E-06   9.20611E-03   0.00000E+00   9.18748E-01   8.12517E-02  NONE
   7.03000E+02   1.10375E-05   8.73683E-08   9.31534E-01   2.12817E-07 
    3.69173E-02   3.15373E-02   2.50000E-01   1.18519E-05   7.40798E-01 
    9.74594E-06   9.18075E-03   0.00000E+00   9.18740E-01   8.12602E-02  NONE
   6.93000E+02   9.07782E-06   8.00140E-08   9.31533E-01   1.98019E-07 
    3.69201E-02   3.15376E-02   2.50000E-01   1.19340E-05   7.40826E-01 
    9.91239E-06   9.15199E-03   0.00000E+00   9.18733E-01   8.12674E-02  NONE
   6.83000E+02   7.42398E-06   7.30536E-08   9.31531E-01   1.83752E-07 
    3.69231E-02   3.15378E-02   2.50000E-01   1.20118E-05   7.40858E-01 
    1.00729E-05   9.11973E-03   0.00000E+00   9.18727E-01   8.12735E-02  NONE
   6.73000E+02   6.03550E-06   6.64866E-08   9.31529E-01   1.70037E-07 
    3.69264E-02   3.15379E-02   2.50000E-01   1.20852E-05   7.40894E-01 
    1.02273E-05   9.08386E-03   0.00000E+00   9.18721E-01   8.12786E-02  NONE
