
 Phase Region for:
     FCC_A1#1                      
 col-1=T, col-2=X(FCC_A1#1,C), col-3=X(FCC_A1#1,CR), col-4=X(FCC_A1#1,FE),
   col-5=X(FCC_A1#1,MN), col-6=X(FCC_A1#1,NI), col-7=X(FCC_A1#1,SI),
   col-8=NP(FCC_A1#1),
   1.17300E+03   2.01198E-02   5.16404E-02   8.39467E-01   9.77500E-07 
    4.57505E-02   4.30217E-02   1.00000E+00
   1.18300E+03   2.01198E-02   5.16404E-02   8.39467E-01   9.77500E-07 
    4.57505E-02   4.30217E-02   1.00000E+00
   1.19300E+03   2.01198E-02   5.16404E-02   8.39467E-01   9.77500E-07 
    4.57505E-02   4.30217E-02   1.00000E+00
   1.20300E+03   2.01198E-02   5.16404E-02   8.39467E-01   9.77500E-07 
    4.57505E-02   4.30217E-02   1.00000E+00
   1.21300E+03   2.01198E-02   5.16404E-02   8.39467E-01   9.77500E-07 
    4.57505E-02   4.30217E-02   1.00000E+00
   1.22300E+03   2.01198E-02   5.16404E-02   8.39467E-01   9.77500E-07 
    4.57505E-02   4.30217E-02   1.00000E+00
   1.23300E+03   2.01198E-02   5.16404E-02   8.39467E-01   9.77500E-07 
    4.57505E-02   4.30217E-02   1.00000E+00
   1.24300E+03   2.01198E-02   5.16404E-02   8.39467E-01   9.77500E-07 
    4.57505E-02   4.30217E-02   1.00000E+00
   1.25300E+03   2.01198E-02   5.16404E-02   8.39467E-01   9.77500E-07 
    4.57505E-02   4.30217E-02   1.00000E+00
   1.26300E+03   2.01198E-02   5.16404E-02   8.39467E-01   9.77500E-07 
    4.57505E-02   4.30217E-02   1.00000E+00
   1.27300E+03   2.01198E-02   5.16404E-02   8.39467E-01   9.77500E-07 
    4.57505E-02   4.30217E-02   1.00000E+00
   1.28300E+03   2.01198E-02   5.16404E-02   8.39467E-01   9.77500E-07 
    4.57505E-02   4.30217E-02   1.00000E+00
   1.29300E+03   2.01198E-02   5.16404E-02   8.39467E-01   9.77500E-07 
    4.57505E-02   4.30217E-02   1.00000E+00
   1.30300E+03   2.01198E-02   5.16404E-02   8.39467E-01   9.77500E-07 
    4.57505E-02   4.30217E-02   1.00000E+00
   1.31300E+03   2.01198E-02   5.16404E-02   8.39467E-01   9.77500E-07 
    4.57505E-02   4.30217E-02   1.00000E+00
   1.32300E+03   2.01198E-02   5.16404E-02   8.39467E-01   9.77500E-07 
    4.57505E-02   4.30217E-02   1.00000E+00
   1.33300E+03   2.01198E-02   5.16404E-02   8.39467E-01   9.77500E-07 
    4.57505E-02   4.30217E-02   1.00000E+00
   1.34300E+03   2.01198E-02   5.16404E-02   8.39467E-01   9.77500E-07 
    4.57505E-02   4.30217E-02   1.00000E+00
   1.35300E+03   2.01198E-02   5.16404E-02   8.39467E-01   9.77500E-07 
    4.57505E-02   4.30217E-02   1.00000E+00
   1.36300E+03   2.01198E-02   5.16404E-02   8.39467E-01   9.77500E-07 
    4.57505E-02   4.30217E-02   1.00000E+00
   1.37300E+03   2.01198E-02   5.16404E-02   8.39467E-01   9.77500E-07 
    4.57505E-02   4.30217E-02   1.00000E+00
   1.38300E+03   2.01198E-02   5.16404E-02   8.39467E-01   9.77500E-07 
    4.57505E-02   4.30217E-02   1.00000E+00
   1.39300E+03   2.01198E-02   5.16404E-02   8.39467E-01   9.77500E-07 
    4.57505E-02   4.30217E-02   1.00000E+00
   1.40300E+03   2.01198E-02   5.16404E-02   8.39467E-01   9.77500E-07 
    4.57505E-02   4.30217E-02   1.00000E+00
   1.41300E+03   2.01198E-02   5.16404E-02   8.39467E-01   9.77500E-07 
    4.57505E-02   4.30217E-02   1.00000E+00
   1.42300E+03   2.01198E-02   5.16404E-02   8.39467E-01   9.77500E-07 
    4.57505E-02   4.30217E-02   1.00000E+00
   1.43300E+03   2.01198E-02   5.16404E-02   8.39467E-01   9.77500E-07 
    4.57505E-02   4.30217E-02   1.00000E+00
   1.44300E+03   2.01198E-02   5.16404E-02   8.39467E-01   9.77500E-07 
    4.57505E-02   4.30217E-02   1.00000E+00
   1.45300E+03   2.01198E-02   5.16404E-02   8.39467E-01   9.77500E-07 
    4.57505E-02   4.30217E-02   1.00000E+00
   1.46300E+03   2.01198E-02   5.16404E-02   8.39467E-01   9.77500E-07 
    4.57505E-02   4.30217E-02   1.00000E+00
   1.47300E+03   2.01198E-02   5.16404E-02   8.39467E-01   9.77500E-07 
    4.57505E-02   4.30217E-02   1.00000E+00

 Phase Region for:
     FCC_A1#1                      
 col-1=T, col-2=X(FCC_A1#1,C), col-3=X(FCC_A1#1,CR), col-4=X(FCC_A1#1,FE),
   col-5=X(FCC_A1#1,MN), col-6=X(FCC_A1#1,NI), col-7=X(FCC_A1#1,SI),
   col-8=NP(FCC_A1#1),
   1.17300E+03   2.01198E-02   5.16404E-02   8.39467E-01   9.77500E-07 
    4.57505E-02   4.30217E-02   1.00000E+00
   1.16300E+03   2.01198E-02   5.16404E-02   8.39467E-01   9.77500E-07 
    4.57505E-02   4.30217E-02   1.00000E+00
   1.16273E+03   2.01198E-02   5.16404E-02   8.39467E-01   9.77500E-07 
    4.57505E-02   4.30217E-02   1.00000E+00

 Phase Region for:
     CEMENTITE                     
     FCC_A1#1                      
 col-1=T, col-2=X(CEMENTITE,C), col-3=X(CEMENTITE,CR), col-4=X(CEMENTITE,FE),
   col-5=X(CEMENTITE,MN), col-6=X(CEMENTITE,NI), col-7=X(CEMENTITE,SI),
   col-8=X(FCC_A1#1,C), col-9=X(FCC_A1#1,CR), col-10=X(FCC_A1#1,FE),
   col-11=X(FCC_A1#1,MN), col-12=X(FCC_A1#1,NI), col-13=X(FCC_A1#1,SI),
   col-14=NP(CEMENTITE), col-15=NP(FCC_A1#1),
   1.16273E+03   2.50000E-01   3.02093E-01   4.44917E-01   7.14780E-07 
    2.98952E-03   0.00000E+00   2.01198E-02   5.16404E-02   8.39467E-01 
    9.77500E-07   4.57505E-02   4.30217E-02   4.21603E-08   1.00000E+00
   1.15300E+03   2.50000E-01   3.04558E-01   4.42536E-01   7.15757E-07 
    2.90493E-03   0.00000E+00   1.91892E-02   5.06166E-02   8.41073E-01 
    9.78560E-07   4.59239E-02   4.31958E-02   4.03157E-03   9.95968E-01
   1.14300E+03   2.50000E-01   3.07172E-01   4.40008E-01   7.16787E-07 
    2.81916E-03   0.00000E+00   1.82604E-02   4.95735E-02   8.42698E-01 
    9.79609E-07   4.60977E-02   4.33696E-02   8.02372E-03   9.91976E-01
   1.13300E+03   2.50000E-01   3.09870E-01   4.37394E-01   7.17843E-07 
    2.73456E-03   0.00000E+00   1.73588E-02   4.85389E-02   8.44296E-01 
    9.80619E-07   4.62671E-02   4.35384E-02   1.18680E-02   9.88132E-01
   1.12300E+03   2.50000E-01   3.12655E-01   4.34693E-01   7.18925E-07 
    2.65115E-03   0.00000E+00   1.64845E-02   4.75128E-02   8.45868E-01 
    9.81589E-07   4.64320E-02   4.37020E-02   1.55677E-02   9.84432E-01
   1.11300E+03   2.50000E-01   3.15527E-01   4.31903E-01   7.20030E-07 
    2.56895E-03   0.00000E+00   1.56373E-02   4.64949E-02   8.47414E-01 
    9.82521E-07   4.65925E-02   4.38605E-02   1.91261E-02   9.80874E-01
   1.10300E+03   2.50000E-01   3.18490E-01   4.29021E-01   7.21158E-07 
    2.48799E-03   0.00000E+00   1.48173E-02   4.54852E-02   8.48934E-01 
    9.83413E-07   4.67484E-02   4.40140E-02   2.25464E-02   9.77454E-01
   1.09300E+03   2.50000E-01   3.21545E-01   4.26046E-01   7.22307E-07 
    2.40828E-03   0.00000E+00   1.40242E-02   4.44835E-02   8.50429E-01 
    9.84267E-07   4.68998E-02   4.41624E-02   2.58315E-02   9.74169E-01
   1.08300E+03   2.50000E-01   3.24694E-01   4.22976E-01   7.23476E-07 
    2.32985E-03   0.00000E+00   1.32579E-02   4.34898E-02   8.51899E-01 
    9.85083E-07   4.70466E-02   4.43058E-02   2.89846E-02   9.71015E-01
   1.07300E+03   2.50000E-01   3.27939E-01   4.19808E-01   7.24663E-07 
    2.25272E-03   0.00000E+00   1.25183E-02   4.25040E-02   8.53344E-01 
    9.85861E-07   4.71888E-02   4.44443E-02   3.20087E-02   9.67991E-01
   1.06300E+03   2.50000E-01   3.31283E-01   4.16539E-01   7.25867E-07 
    2.17690E-03   0.00000E+00   1.18052E-02   4.15260E-02   8.54764E-01 
    9.86602E-07   4.73265E-02   4.45777E-02   3.49066E-02   9.65093E-01
   1.05300E+03   2.50000E-01   3.34728E-01   4.13168E-01   7.27085E-07 
    2.10242E-03   0.00000E+00   1.11184E-02   4.05556E-02   8.56159E-01 
    9.87306E-07   4.74596E-02   4.47063E-02   3.76814E-02   9.62319E-01
   1.04300E+03   2.50000E-01   3.38277E-01   4.09693E-01   7.28317E-07 
    2.02929E-03   0.00000E+00   1.04576E-02   3.95927E-02   8.57531E-01 
    9.87974E-07   4.75881E-02   4.48299E-02   4.03358E-02   9.59664E-01
   1.03300E+03   2.50000E-01   3.41931E-01   4.06110E-01   7.29560E-07 
    1.95754E-03   0.00000E+00   9.82270E-03   3.86374E-02   8.58878E-01 
    9.88606E-07   4.77121E-02   4.49487E-02   4.28728E-02   9.57127E-01
   1.02300E+03   2.50000E-01   3.45694E-01   4.02418E-01   7.30813E-07 
    1.88718E-03   0.00000E+00   9.21331E-03   3.76893E-02   8.60202E-01 
    9.89204E-07   4.78315E-02   4.50628E-02   4.52951E-02   9.54705E-01
   1.01354E+03   2.50000E-01   3.49353E-01   3.98825E-01   7.32004E-07 
    1.82194E-03   0.00000E+00   8.66035E-03   3.67996E-02   8.61432E-01 
    9.89738E-07   4.79403E-02   4.51663E-02   4.74825E-02   9.52517E-01

 Phase Region for:
     BCC_A2                        
     CEMENTITE                     
     FCC_A1#1                      
 col-1=T, col-2=X(BCC_A2,C), col-3=X(BCC_A2,CR), col-4=X(BCC_A2,FE),
   col-5=X(BCC_A2,MN), col-6=X(BCC_A2,NI), col-7=X(BCC_A2,SI),
   col-8=X(CEMENTITE,C), col-9=X(CEMENTITE,CR), col-10=X(CEMENTITE,FE),
   col-11=X(CEMENTITE,MN), col-12=X(CEMENTITE,NI), col-13=X(CEMENTITE,SI),
   col-14=X(FCC_A1#1,C), col-15=X(FCC_A1#1,CR), col-16=X(FCC_A1#1,FE),
   col-17=X(FCC_A1#1,MN), col-18=X(FCC_A1#1,NI), col-19=X(FCC_A1#1,SI),
   col-20=NP(BCC_A2), col-21=NP(CEMENTITE), col-22=NP(FCC_A1#1),
   1.01354E+03   2.51680E-04   2.95220E-02   8.94734E-01   3.37882E-07 
    2.13875E-02   5.41050E-02   2.50000E-01   3.49353E-01   3.98825E-01 
    7.32005E-07   1.82194E-03   0.00000E+00   8.66035E-03   3.67996E-02 
    8.61432E-01   9.89739E-07   4.79403E-02   4.51663E-02   1.75379E-06 
    4.74826E-02   9.52516E-01
   1.01300E+03   2.49948E-04   2.94501E-02   8.94803E-01   3.38876E-07 
    2.14764E-02   5.40203E-02   2.50000E-01   3.49505E-01   3.98666E-01 
    7.36048E-07   1.82824E-03   0.00000E+00   8.62615E-03   3.67118E-02 
    8.61332E-01   9.96225E-07   4.82297E-02   4.50992E-02   9.50802E-03 
    4.79474E-02   9.42545E-01
   1.00300E+03   2.19379E-04   2.82039E-02   8.95828E-01   3.56875E-07 
    2.31251E-02   5.26237E-02   2.50000E-01   3.52802E-01   3.95253E-01 
    8.12749E-07   1.94407E-03   0.00000E+00   7.98470E-03   3.51702E-02 
    8.59026E-01   1.12411E-06   5.38016E-02   4.40159E-02   1.68548E-01 
    5.55498E-02   7.75903E-01
   9.93000E+02   1.91264E-04   2.70793E-02   8.96457E-01   3.74004E-07 
    2.47803E-02   5.14915E-02   2.50000E-01   3.56993E-01   3.90948E-01 
    8.93866E-07   2.05807E-03   0.00000E+00   7.32738E-03   3.37478E-02 
    8.55890E-01   1.27006E-06   5.98526E-02   4.31812E-02   3.00652E-01 
    6.15557E-02   6.37793E-01
   9.83000E+02   1.65731E-04   2.60120E-02   8.96926E-01   3.86348E-07 
    2.63666E-02   5.05291E-02   2.50000E-01   3.62088E-01   3.85741E-01 
    9.80881E-07   2.17006E-03   0.00000E+00   6.66163E-03   3.24327E-02 
    8.51877E-01   1.43993E-06   6.64410E-02   4.25861E-02   4.10048E-01 
    6.62525E-02   5.23700E-01
   9.73000E+02   1.42761E-04   2.50363E-02   8.97101E-01   3.98526E-07 
    2.79546E-02   4.97653E-02   2.50000E-01   3.67915E-01   3.79804E-01 
    1.07390E-06   2.27960E-03   0.00000E+00   6.00354E-03   3.11906E-02 
    8.47041E-01   1.63780E-06   7.36088E-02   4.21549E-02   5.01011E-01 
    6.98885E-02   4.29100E-01
   9.63000E+02   1.22315E-04   2.41395E-02   8.97039E-01   4.11099E-07 
    2.95280E-02   4.91707E-02   2.50000E-01   3.74315E-01   3.73300E-01 
    1.17157E-06   2.38355E-03   0.00000E+00   5.36770E-03   3.00016E-02 
    8.41497E-01   1.86535E-06   8.12921E-02   4.18398E-02   5.75861E-01 
    7.26506E-02   3.51489E-01
   9.53000E+02   1.04287E-04   2.32990E-02   8.96831E-01   4.23531E-07 
    3.10597E-02   4.87056E-02   2.50000E-01   3.81173E-01   3.66346E-01 
    1.27309E-06   2.47994E-03   0.00000E+00   4.76376E-03   2.88524E-02 
    8.35324E-01   2.12553E-06   8.94471E-02   4.16110E-02   6.37094E-01 
    7.47220E-02   2.88184E-01
   9.43000E+02   8.85160E-05   2.24979E-02   8.96543E-01   4.35448E-07 
    3.25307E-02   4.83395E-02   2.50000E-01   3.88391E-01   3.59040E-01 
    1.37781E-06   2.56761E-03   0.00000E+00   4.19820E-03   2.77328E-02 
    8.28577E-01   2.42213E-06   9.80431E-02   4.14463E-02   6.87069E-01 
    7.62615E-02   2.36669E-01
   9.33000E+02   7.48139E-05   2.17238E-02   8.96223E-01   4.46571E-07 
    3.39283E-02   4.80494E-02   2.50000E-01   3.95892E-01   3.51461E-01 
    1.48522E-06   2.64598E-03   0.00000E+00   3.67497E-03   2.66355E-02 
    8.21299E-01   2.75976E-06   1.07058E-01   4.13295E-02   7.27833E-01 
    7.73982E-02   1.94769E-01
   9.23000E+02   6.29798E-05   2.09676E-02   8.95908E-01   4.56690E-07 
    3.52432E-02   4.78180E-02   2.50000E-01   4.03612E-01   3.43671E-01 
    1.59485E-06   2.71480E-03   0.00000E+00   3.19603E-03   2.55560E-02 
    8.13520E-01   3.14387E-06   1.16475E-01   4.12497E-02   7.61090E-01 
    7.82332E-02   1.60677E-01
   9.13000E+02   5.28129E-05   2.02230E-02   8.95622E-01   4.65626E-07 
    3.64695E-02   4.76322E-02   2.50000E-01   4.11502E-01   3.35722E-01 
    1.70622E-06   2.77408E-03   0.00000E+00   2.76181E-03   2.44915E-02 
    8.05264E-01   3.58071E-06   1.26279E-01   4.11998E-02   7.88235E-01 
    7.88442E-02   1.32921E-01
   9.03000E+02   4.41205E-05   1.94855E-02   8.95385E-01   4.73225E-07 
    3.76030E-02   4.74822E-02   2.50000E-01   4.19521E-01   3.27653E-01 
    1.81879E-06   2.82398E-03   0.00000E+00   2.37164E-03   2.34406E-02 
    7.96550E-01   4.07735E-06   1.36458E-01   4.11755E-02   8.10396E-01 
    7.92896E-02   1.10314E-01
   8.93000E+02   3.67218E-05   1.87523E-02   8.95209E-01   4.79351E-07 
    3.86407E-02   4.73607E-02   2.50000E-01   4.27637E-01   3.19497E-01 
    1.93202E-06   2.86476E-03   0.00000E+00   2.02392E-03   2.24028E-02 
    7.87392E-01   4.64162E-06   1.47002E-01   4.11747E-02   8.28490E-01 
    7.96134E-02   9.18964E-02
   8.83000E+02   3.04512E-05   1.80216E-02   8.95104E-01   4.83853E-07 
    3.95811E-02   4.72619E-02   2.50000E-01   4.35822E-01   3.11279E-01 
    2.04513E-06   2.89677E-03   0.00000E+00   1.71656E-03   2.13784E-02 
    7.77808E-01   5.28195E-06   1.57895E-01   4.11968E-02   8.43250E-01 
    7.98483E-02   7.69017E-02
   8.73000E+02   2.51585E-05   1.72926E-02   8.95077E-01   4.86592E-07 
    4.04233E-02   4.71813E-02   2.50000E-01   4.44054E-01   3.03024E-01 
    2.15727E-06   2.92037E-03   0.00000E+00   1.44696E-03   2.03678E-02 
    7.67811E-01   6.00711E-06   1.69126E-01   4.12423E-02   8.55273E-01 
    8.00185E-02   6.47083E-02
   8.63000E+02   2.07090E-05   1.65651E-02   8.95131E-01   4.87414E-07 
    4.11667E-02   4.71157E-02   2.50000E-01   4.52313E-01   2.94749E-01 
    2.26736E-06   2.93596E-03   0.00000E+00   1.21224E-03   1.93713E-02 
    7.57413E-01   6.82582E-06   1.80684E-01   4.13122E-02   8.65044E-01 
    8.01416E-02   5.48147E-02
   8.53000E+02   1.69834E-05   1.58391E-02   8.95270E-01   4.86159E-07 
    4.18116E-02   4.70622E-02   2.50000E-01   4.60580E-01   2.86473E-01 
    2.37409E-06   2.94395E-03   0.00000E+00   1.00938E-03   1.83887E-02 
    7.46626E-01   7.74606E-06   1.92560E-01   4.14083E-02   8.72954E-01 
    8.02308E-02   4.68148E-02
   8.43000E+02   1.38761E-05   1.51153E-02   8.95494E-01   4.82657E-07 
    4.23581E-02   4.70185E-02   2.50000E-01   4.68840E-01   2.78212E-01 
    2.47586E-06   2.94472E-03   0.00000E+00   8.35269E-04   1.74197E-02 
    7.35455E-01   8.77414E-06   2.04749E-01   4.15326E-02   8.79326E-01 
    8.02954E-02   4.03786E-02
   8.33000E+02   1.12949E-05   1.43946E-02   8.95804E-01   4.76734E-07 
    4.28066E-02   4.69830E-02   2.50000E-01   4.77076E-01   2.69982E-01 
    2.57076E-06   2.93866E-03   0.00000E+00   6.86864E-04   1.64631E-02 
    7.23905E-01   9.91342E-06   2.17248E-01   4.16873E-02   8.84420E-01 
    8.03423E-02   3.52377E-02
   8.23000E+02   9.15925E-06   1.36779E-02   8.96201E-01   4.68228E-07 
    4.31577E-02   4.69540E-02   2.50000E-01   4.85273E-01   2.61799E-01 
    2.65661E-06   2.92613E-03   0.00000E+00   5.61202E-04   1.55170E-02 
    7.11972E-01   1.11627E-05   2.30064E-01   4.18748E-02   8.88451E-01 
    8.03766E-02   3.11729E-02
   8.13000E+02   7.39938E-06   1.29666E-02   8.96684E-01   4.57003E-07 
    4.34117E-02   4.69303E-02   2.50000E-01   4.93413E-01   2.53677E-01 
    2.73099E-06   2.90745E-03   0.00000E+00   4.55482E-04   1.45788E-02 
    6.99645E-01   1.25143E-05   2.43211E-01   4.20977E-02   8.91593E-01 
    8.04017E-02   2.80051E-02
   8.03000E+02   5.95506E-06   1.22618E-02   8.97252E-01   4.42982E-07 
    4.35687E-02   4.69107E-02   2.50000E-01   5.01483E-01   2.45632E-01 
    2.79142E-06   2.88294E-03   0.00000E+00   3.67099E-04   1.36452E-02 
    6.86905E-01   1.39519E-05   2.56710E-01   4.23588E-02   8.93993E-01 
    8.04202E-02   2.55872E-02
   7.93000E+02   4.77458E-06   1.15650E-02   8.97907E-01   4.26186E-07 
    4.36288E-02   4.68943E-02   2.50000E-01   5.09465E-01   2.37679E-01 
    2.83560E-06   2.85283E-03   0.00000E+00   2.93675E-04   1.27118E-02 
    6.73722E-01   1.54490E-05   2.70596E-01   4.26612E-02   8.95768E-01 
    8.04340E-02   2.37983E-02
   7.83000E+02   3.81371E-06   1.08778E-02   8.98646E-01   4.06767E-07 
    4.35916E-02   4.68802E-02   2.50000E-01   5.17345E-01   2.29835E-01 
    2.86178E-06   2.81736E-03   0.00000E+00   2.33063E-04   1.17738E-02 
    6.60054E-01   1.69672E-05   2.84914E-01   4.30085E-02   8.97017E-01 
    8.04444E-02   2.25381E-02
   7.73000E+02   3.03486E-06   1.02017E-02   8.99471E-01   3.85056E-07 
    4.34563E-02   4.68675E-02   2.50000E-01   5.25106E-01   2.22114E-01 
    2.86925E-06   2.77671E-03   0.00000E+00   1.83361E-04   1.08257E-02 
    6.45850E-01   1.84568E-05   2.99718E-01   4.34046E-02   8.97824E-01 
    8.04523E-02   2.17237E-02
   7.63000E+02   2.40615E-06   9.53814E-03   9.00382E-01   3.61582E-07 
    4.32218E-02   4.68555E-02   2.50000E-01   5.32733E-01   2.14533E-01 
    2.85883E-06   2.73101E-03   0.00000E+00   1.42896E-04   9.86206E-03 
    6.31048E-01   1.98582E-05   3.15073E-01   4.38539E-02   8.98256E-01 
    8.04583E-02   2.12854E-02
   7.53000E+02   1.90076E-06   8.88886E-03   9.01379E-01   3.37074E-07 
    4.28867E-02   4.68433E-02   2.50000E-01   5.40212E-01   2.07105E-01 
    2.83341E-06   2.68038E-03   0.00000E+00   1.10217E-04   8.87801E-03 
    6.15583E-01   2.11056E-05   3.31047E-01   4.43610E-02   8.98372E-01 
    8.04629E-02   2.11649E-02
   7.43000E+02   1.49618E-06   8.25539E-03   9.02463E-01   3.12429E-07 
    4.24491E-02   4.68304E-02   2.50000E-01   5.47526E-01   1.99847E-01 
    2.79827E-06   2.62488E-03   0.00000E+00   8.40740E-05   7.87090E-03 
    5.99395E-01   2.21318E-05   3.47698E-01   4.49305E-02   8.98220E-01 
    8.04665E-02   2.13134E-02
   7.33000E+02   1.17364E-06   7.63926E-03   9.03636E-01   2.88643E-07 
    4.19071E-02   4.68160E-02   2.50000E-01   5.54660E-01   1.92772E-01 
    2.76122E-06   2.56460E-03   0.00000E+00   6.33978E-05   6.84241E-03 
    5.82450E-01   2.28741E-05   3.65056E-01   4.55654E-02   8.97840E-01 
    8.04694E-02   2.16906E-02
   7.23000E+02   9.17560E-07   7.04192E-03   9.04899E-01   2.66725E-07 
    4.12587E-02   4.67996E-02   2.50000E-01   5.61599E-01   1.85898E-01 
    2.73247E-06   2.49960E-03   0.00000E+00   4.72683E-05   5.80138E-03 
    5.64762E-01   2.32794E-05   3.83100E-01   4.62654E-02   8.97264E-01 
    8.04716E-02   2.22640E-02
   7.13000E+02   7.15083E-07   6.46474E-03   9.06251E-01   2.47618E-07 
    4.05028E-02   4.67806E-02   2.50000E-01   5.68325E-01   1.79242E-01 
    2.72450E-06   2.43001E-03   0.00000E+00   3.48828E-05   4.76582E-03 
    5.46411E-01   2.33070E-05   4.01740E-01   4.70250E-02   8.96518E-01 
    8.04733E-02   2.30084E-02
   7.03000E+02   5.55642E-07   5.90895E-03   9.07693E-01   2.32202E-07 
    3.96386E-02   4.67589E-02   2.50000E-01   5.74818E-01   1.72823E-01 
    2.75278E-06   2.35599E-03   0.00000E+00   2.55231E-05   3.76166E-03 
    5.27512E-01   2.29259E-05   4.20847E-01   4.78315E-02   8.95622E-01 
    8.04747E-02   2.39034E-02
   6.93000E+02   4.30594E-07   5.37573E-03   9.09224E-01   2.21538E-07 
    3.86656E-02   4.67345E-02   2.50000E-01   5.81059E-01   1.66661E-01 
    2.83973E-06   2.27772E-03   0.00000E+00   1.85331E-05   2.81589E-03 
    5.08101E-01   2.20963E-05   4.40376E-01   4.86664E-02   8.94598E-01 
    8.04757E-02   2.49265E-02
   6.83000E+02   3.32893E-07   4.86620E-03   9.10845E-01   2.17722E-07 
    3.75811E-02   4.67076E-02   2.50000E-01   5.87027E-01   1.60775E-01 
    3.02921E-06   2.19524E-03   0.00000E+00   1.33143E-05   1.94562E-03 
    4.87842E-01   2.07064E-05   4.60670E-01   4.95080E-02   8.93484E-01 
    8.04765E-02   2.60398E-02
   6.73000E+02   2.56554E-07   4.38363E-03   9.12667E-01   2.86434E-07 
    3.62723E-02   4.66769E-02   2.50000E-01   5.92822E-01   1.55072E-01 
    4.34419E-06   2.10155E-03   0.00000E+00   7.47386E-06   5.91283E-04 
    4.44997E-01   1.42242E-05   5.03842E-01   5.05477E-02   8.93370E-01 
    8.04774E-02   2.61526E-02
