
 Phase Region for:
     FCC_A1#1                      
 col-1=T, col-2=W(FCC_A1#1,C), col-3=W(FCC_A1#1,CR), col-4=W(FCC_A1#1,FE),
   col-5=W(FCC_A1#1,MN), col-6=W(FCC_A1#1,NI), col-7=W(FCC_A1#1,SI),
   col-8=NP(FCC_A1#1),
   1.17300E+03   4.50000E-03   7.50075E-03   9.42998E-01   1.00000E-06 
    1.50005E-02   3.00000E-02   1.00000E+00
   1.18300E+03   4.50000E-03   7.50075E-03   9.42998E-01   1.00000E-06 
    1.50005E-02   3.00000E-02   1.00000E+00
   1.19300E+03   4.50000E-03   7.50075E-03   9.42998E-01   1.00000E-06 
    1.50005E-02   3.00000E-02   1.00000E+00
   1.20300E+03   4.50000E-03   7.50075E-03   9.42998E-01   1.00000E-06 
    1.50005E-02   3.00000E-02   1.00000E+00
   1.21300E+03   4.50000E-03   7.50075E-03   9.42998E-01   1.00000E-06 
    1.50005E-02   3.00000E-02   1.00000E+00
   1.22300E+03   4.50000E-03   7.50075E-03   9.42998E-01   1.00000E-06 
    1.50005E-02   3.00000E-02   1.00000E+00
   1.23300E+03   4.50000E-03   7.50075E-03   9.42998E-01   1.00000E-06 
    1.50005E-02   3.00000E-02   1.00000E+00
   1.24300E+03   4.50000E-03   7.50075E-03   9.42998E-01   1.00000E-06 
    1.50005E-02   3.00000E-02   1.00000E+00
   1.25300E+03   4.50000E-03   7.50075E-03   9.42998E-01   1.00000E-06 
    1.50005E-02   3.00000E-02   1.00000E+00
   1.26300E+03   4.50000E-03   7.50075E-03   9.42998E-01   1.00000E-06 
    1.50005E-02   3.00000E-02   1.00000E+00
   1.27300E+03   4.50000E-03   7.50075E-03   9.42998E-01   1.00000E-06 
    1.50005E-02   3.00000E-02   1.00000E+00
   1.28300E+03   4.50000E-03   7.50075E-03   9.42998E-01   1.00000E-06 
    1.50005E-02   3.00000E-02   1.00000E+00
   1.29300E+03   4.50000E-03   7.50075E-03   9.42998E-01   1.00000E-06 
    1.50005E-02   3.00000E-02   1.00000E+00
   1.30300E+03   4.50000E-03   7.50075E-03   9.42998E-01   1.00000E-06 
    1.50005E-02   3.00000E-02   1.00000E+00
   1.31300E+03   4.50000E-03   7.50075E-03   9.42998E-01   1.00000E-06 
    1.50005E-02   3.00000E-02   1.00000E+00
   1.32300E+03   4.50000E-03   7.50075E-03   9.42998E-01   1.00000E-06 
    1.50005E-02   3.00000E-02   1.00000E+00
   1.33300E+03   4.50000E-03   7.50075E-03   9.42998E-01   1.00000E-06 
    1.50005E-02   3.00000E-02   1.00000E+00
   1.34300E+03   4.50000E-03   7.50075E-03   9.42998E-01   1.00000E-06 
    1.50005E-02   3.00000E-02   1.00000E+00
   1.35300E+03   4.50000E-03   7.50075E-03   9.42998E-01   1.00000E-06 
    1.50005E-02   3.00000E-02   1.00000E+00
   1.36300E+03   4.50000E-03   7.50075E-03   9.42998E-01   1.00000E-06 
    1.50005E-02   3.00000E-02   1.00000E+00
   1.37300E+03   4.50000E-03   7.50075E-03   9.42998E-01   1.00000E-06 
    1.50005E-02   3.00000E-02   1.00000E+00
   1.38300E+03   4.50000E-03   7.50075E-03   9.42998E-01   1.00000E-06 
    1.50005E-02   3.00000E-02   1.00000E+00
   1.39300E+03   4.50000E-03   7.50075E-03   9.42998E-01   1.00000E-06 
    1.50005E-02   3.00000E-02   1.00000E+00
   1.40300E+03   4.50000E-03   7.50075E-03   9.42998E-01   1.00000E-06 
    1.50005E-02   3.00000E-02   1.00000E+00
   1.41300E+03   4.50000E-03   7.50075E-03   9.42998E-01   1.00000E-06 
    1.50005E-02   3.00000E-02   1.00000E+00
   1.42300E+03   4.50000E-03   7.50075E-03   9.42998E-01   1.00000E-06 
    1.50005E-02   3.00000E-02   1.00000E+00
   1.43300E+03   4.50000E-03   7.50075E-03   9.42998E-01   1.00000E-06 
    1.50005E-02   3.00000E-02   1.00000E+00
   1.44300E+03   4.50000E-03   7.50075E-03   9.42998E-01   1.00000E-06 
    1.50005E-02   3.00000E-02   1.00000E+00
   1.45300E+03   4.50000E-03   7.50075E-03   9.42998E-01   1.00000E-06 
    1.50005E-02   3.00000E-02   1.00000E+00
   1.46300E+03   4.50000E-03   7.50075E-03   9.42998E-01   1.00000E-06 
    1.50005E-02   3.00000E-02   1.00000E+00
   1.47300E+03   4.50000E-03   7.50075E-03   9.42998E-01   1.00000E-06 
    1.50005E-02   3.00000E-02   1.00000E+00

 Phase Region for:
     FCC_A1#1                      
 col-1=T, col-2=W(FCC_A1#1,C), col-3=W(FCC_A1#1,CR), col-4=W(FCC_A1#1,FE),
   col-5=W(FCC_A1#1,MN), col-6=W(FCC_A1#1,NI), col-7=W(FCC_A1#1,SI),
   col-8=NP(FCC_A1#1),
   1.17300E+03   4.50000E-03   7.50075E-03   9.42998E-01   1.00000E-06 
    1.50005E-02   3.00000E-02   1.00000E+00
   1.16300E+03   4.50000E-03   7.50075E-03   9.42998E-01   1.00000E-06 
    1.50005E-02   3.00000E-02   1.00000E+00
   1.15300E+03   4.50000E-03   7.50075E-03   9.42998E-01   1.00000E-06 
    1.50005E-02   3.00000E-02   1.00000E+00
   1.14300E+03   4.50000E-03   7.50075E-03   9.42998E-01   1.00000E-06 
    1.50005E-02   3.00000E-02   1.00000E+00
   1.13300E+03   4.50000E-03   7.50075E-03   9.42998E-01   1.00000E-06 
    1.50005E-02   3.00000E-02   1.00000E+00
   1.12300E+03   4.50000E-03   7.50075E-03   9.42998E-01   1.00000E-06 
    1.50005E-02   3.00000E-02   1.00000E+00
   1.11300E+03   4.50000E-03   7.50075E-03   9.42998E-01   1.00000E-06 
    1.50005E-02   3.00000E-02   1.00000E+00
   1.10722E+03   4.50000E-03   7.50075E-03   9.42998E-01   1.00000E-06 
    1.50005E-02   3.00000E-02   1.00000E+00

 Phase Region for:
     BCC_A2                        
     FCC_A1#1                      
 col-1=T, col-2=W(BCC_A2,C), col-3=W(BCC_A2,CR), col-4=W(BCC_A2,FE),
   col-5=W(BCC_A2,MN), col-6=W(BCC_A2,NI), col-7=W(BCC_A2,SI),
   col-8=W(FCC_A1#1,C), col-9=W(FCC_A1#1,CR), col-10=W(FCC_A1#1,FE),
   col-11=W(FCC_A1#1,MN), col-12=W(FCC_A1#1,NI), col-13=W(FCC_A1#1,SI),
   col-14=NP(BCC_A2), col-15=NP(FCC_A1#1),
   1.10722E+03   2.02461E-04   5.17201E-03   9.48957E-01   4.62707E-07 
    8.35252E-03   3.73156E-02   4.50000E-03   7.50075E-03   9.42998E-01 
    1.00000E-06   1.50005E-02   3.00000E-02   5.36603E-07   9.99999E-01
   1.10300E+03   2.01897E-04   5.16670E-03   9.49034E-01   4.63576E-07 
    8.39867E-03   3.71979E-02   4.59962E-03   7.55485E-03   9.42858E-01 
    1.01243E-06   1.51535E-02   2.98332E-02   2.24709E-02   9.77529E-01
   1.09300E+03   2.00665E-04   5.15319E-03   9.49210E-01   4.65480E-07 
    8.51157E-03   3.69243E-02   4.84948E-03   7.69158E-03   9.42493E-01 
    1.04345E-06   1.55280E-02   2.94371E-02   7.45506E-02   9.25449E-01
   1.08300E+03   1.99570E-04   5.13815E-03   9.49374E-01   4.67121E-07 
    8.62898E-03   3.66587E-02   5.11951E-03   7.84110E-03   9.42079E-01 
    1.07677E-06   1.59184E-02   2.90408E-02   1.24837E-01   8.75163E-01
   1.07300E+03   1.98600E-04   5.12125E-03   9.49528E-01   4.68441E-07 
    8.75054E-03   3.64016E-02   5.41121E-03   8.00483E-03   9.41614E-01 
    1.11261E-06   1.63245E-02   2.86439E-02   1.73264E-01   8.26736E-01
   1.06300E+03   1.97743E-04   5.10216E-03   9.49671E-01   4.69378E-07 
    8.87588E-03   3.61530E-02   5.72624E-03   8.18440E-03   9.41096E-01 
    1.15124E-06   1.67462E-02   2.82462E-02   2.19789E-01   7.80211E-01
   1.05425E+03   1.97078E-04   5.08338E-03   9.49788E-01   4.69831E-07 
    8.98841E-03   3.59424E-02   6.02259E-03   8.35614E-03   9.40595E-01 
    1.18760E-06   1.71279E-02   2.78973E-02   2.58938E-01   7.41062E-01

 Phase Region for:
     BCC_A2                        
     CEMENTITE                     
     FCC_A1#1                      
 col-1=T, col-2=W(BCC_A2,C), col-3=W(BCC_A2,CR), col-4=W(BCC_A2,FE),
   col-5=W(BCC_A2,MN), col-6=W(BCC_A2,NI), col-7=W(BCC_A2,SI),
   col-8=W(CEMENTITE,C), col-9=W(CEMENTITE,CR), col-10=W(CEMENTITE,FE),
   col-11=W(CEMENTITE,MN), col-12=W(CEMENTITE,NI), col-13=W(CEMENTITE,SI),
   col-14=W(FCC_A1#1,C), col-15=W(FCC_A1#1,CR), col-16=W(FCC_A1#1,FE),
   col-17=W(FCC_A1#1,MN), col-18=W(FCC_A1#1,NI), col-19=W(FCC_A1#1,SI),
   col-20=NP(BCC_A2), col-21=NP(CEMENTITE), col-22=NP(FCC_A1#1),
   1.05425E+03   1.97078E-04   5.08337E-03   9.49788E-01   4.69832E-07 
    8.98843E-03   3.59423E-02   6.72746E-02   7.81363E-02   8.52489E-01 
    1.82161E-06   2.09852E-03   0.00000E+00   6.02259E-03   8.35613E-03 
    9.40595E-01   1.18760E-06   1.71279E-02   2.78973E-02   2.58941E-01 
    3.59630E-07   7.41059E-01
   1.05300E+03   1.95225E-04   4.98752E-03   9.49909E-01   4.79226E-07 
    9.18389E-03   3.57237E-02   6.72697E-02   7.71818E-02   8.53400E-01 
    1.87217E-06   2.14656E-03   0.00000E+00   6.00740E-03   8.20537E-03 
    9.40518E-01   1.21805E-06   1.75560E-02   2.77118E-02   2.95575E-01 
    4.43335E-03   6.99992E-01
   1.04300E+03   1.79964E-04   4.34367E-03   9.50331E-01   5.66056E-07 
    1.09805E-02   3.41642E-02   6.72373E-02   7.09282E-02   8.59246E-01 
    2.34486E-06   2.58588E-03   0.00000E+00   5.85625E-03   7.17528E-03 
    9.38992E-01   1.50751E-06   2.15649E-02   2.64102E-02   5.59641E-01 
    3.61594E-02   4.04199E-01
   1.03300E+03   1.64279E-04   3.88768E-03   9.49828E-01   6.72635E-07 
    1.31395E-02   3.29795E-02   6.72157E-02   6.69170E-02   8.62754E-01 
    2.94276E-06   3.11064E-03   0.00000E+00   5.65534E-03   6.41907E-03 
    9.35873E-01   1.88532E-06   2.65877E-02   2.54629E-02   7.64215E-01 
    6.00740E-02   1.75711E-01
   1.02300E+03   1.48663E-04   3.56708E-03   9.48588E-01   7.97095E-07 
    1.55512E-02   3.21444E-02   6.72026E-02   6.46556E-02   8.64443E-01 
    3.67156E-06   3.69481E-03   0.00000E+00   5.41347E-03   5.86388E-03 
    9.31364E-01   2.36227E-06   3.25140E-02   2.48420E-02   9.11408E-01 
    7.64016E-02   1.21907E-02
   1.02208E+03   1.47245E-04   3.54267E-03   9.48445E-01   8.09401E-07 
    1.57815E-02   3.20826E-02   6.72018E-02   6.45171E-02   8.64527E-01 
    3.74559E-06   3.75052E-03   0.00000E+00   5.38955E-03   5.82042E-03 
    9.30889E-01   2.41166E-06   3.30995E-02   2.47989E-02   9.22428E-01 
    7.75720E-02   0.00000E+00

 Phase Region for:
     BCC_A2                        
     CEMENTITE                     
 col-1=T, col-2=W(BCC_A2,C), col-3=W(BCC_A2,CR), col-4=W(BCC_A2,FE),
   col-5=W(BCC_A2,MN), col-6=W(BCC_A2,NI), col-7=W(BCC_A2,SI),
   col-8=W(CEMENTITE,C), col-9=W(CEMENTITE,CR), col-10=W(CEMENTITE,FE),
   col-11=W(CEMENTITE,MN), col-12=W(CEMENTITE,NI), col-13=W(CEMENTITE,SI),
   col-14=NP(BCC_A2), col-15=NP(CEMENTITE),
   1.02208E+03   1.47245E-04   3.54267E-03   9.48445E-01   8.09401E-07 
    1.57815E-02   3.20826E-02   6.72018E-02   6.45171E-02   8.64527E-01 
    3.74559E-06   3.75052E-03   0.00000E+00   9.22428E-01   7.75720E-02  NONE
   1.01300E+03   1.33074E-04   3.45351E-03   9.48539E-01   7.99523E-07 
    1.57846E-02   3.20892E-02   6.72072E-02   6.56174E-02   8.63430E-01 
    3.87877E-06   3.74108E-03   0.00000E+00   9.22192E-01   7.78081E-02  NONE
   1.00300E+03   1.18864E-04   3.35355E-03   9.48643E-01   7.87647E-07 
    1.57876E-02   3.20958E-02   6.72135E-02   6.68655E-02   8.62183E-01 
    4.03971E-06   3.73365E-03   0.00000E+00   9.21955E-01   7.80448E-02  NONE
   9.93000E+02   1.06039E-04   3.25033E-03   9.48751E-01   7.73845E-07 
    1.57898E-02   3.21017E-02   6.72199E-02   6.81717E-02   8.60870E-01 
    4.22817E-06   3.73382E-03   0.00000E+00   9.21742E-01   7.82583E-02  NONE
   9.83000E+02   9.45222E-05   3.14221E-03   9.48865E-01   7.57011E-07 
    1.57909E-02   3.21070E-02   6.72268E-02   6.95591E-02   8.59463E-01 
    4.45976E-06   3.74673E-03   0.00000E+00   9.21550E-01   7.84499E-02  NONE
   9.73000E+02   8.41191E-05   3.03427E-03   9.48977E-01   7.39875E-07 
    1.57919E-02   3.21117E-02   6.72336E-02   7.09531E-02   8.58051E-01 
    4.69544E-06   3.75730E-03   0.00000E+00   9.21377E-01   7.86230E-02  NONE
   9.63000E+02   7.47333E-05   2.92656E-03   9.49089E-01   7.22444E-07 
    1.57929E-02   3.21160E-02   6.72405E-02   7.23527E-02   8.56636E-01 
    4.93514E-06   3.76567E-03   0.00000E+00   9.21221E-01   7.87791E-02  NONE
   9.53000E+02   6.62765E-05   2.81913E-03   9.49200E-01   7.04725E-07 
    1.57939E-02   3.21198E-02   6.72475E-02   7.37565E-02   8.55219E-01 
    5.17882E-06   3.77196E-03   0.00000E+00   9.21080E-01   7.89197E-02  NONE
   9.43000E+02   5.86676E-05   2.71206E-03   9.49311E-01   6.86728E-07 
    1.57949E-02   3.21232E-02   6.72544E-02   7.51632E-02   8.53801E-01 
    5.42641E-06   3.77631E-03   0.00000E+00   9.20954E-01   7.90461E-02  NONE
   9.33000E+02   5.18316E-05   2.60544E-03   9.49420E-01   6.68462E-07 
    1.57958E-02   3.21262E-02   6.72614E-02   7.65711E-02   8.52383E-01 
    5.67783E-06   3.77882E-03   0.00000E+00   9.20840E-01   7.91597E-02  NONE
   9.23000E+02   4.57000E-05   2.49937E-03   9.49529E-01   6.49936E-07 
    1.57968E-02   3.21289E-02   6.72684E-02   7.79784E-02   8.50968E-01 
    5.93297E-06   3.77961E-03   0.00000E+00   9.20738E-01   7.92616E-02  NONE
   9.13000E+02   4.02092E-05   2.39397E-03   9.49636E-01   6.31164E-07 
    1.57977E-02   3.21313E-02   6.72753E-02   7.93830E-02   8.49557E-01 
    6.19168E-06   3.77877E-03   0.00000E+00   9.20647E-01   7.93528E-02  NONE
   9.03000E+02   3.53009E-05   2.28936E-03   9.49743E-01   6.12159E-07 
    1.57987E-02   3.21334E-02   6.72823E-02   8.07830E-02   8.48152E-01 
    6.45379E-06   3.77640E-03   0.00000E+00   9.20566E-01   7.94344E-02  NONE
   8.93000E+02   3.09216E-05   2.18567E-03   9.49848E-01   5.92937E-07 
    1.57997E-02   3.21353E-02   6.72892E-02   8.21760E-02   8.46756E-01 
    6.71911E-06   3.77259E-03   0.00000E+00   9.20493E-01   7.95071E-02  NONE
   8.83000E+02   2.70216E-05   2.08306E-03   9.49952E-01   5.73518E-07 
    1.58006E-02   3.21369E-02   6.72961E-02   8.35595E-02   8.45370E-01 
    6.98738E-06   3.76742E-03   0.00000E+00   9.20428E-01   7.95719E-02  NONE
   8.73000E+02   2.35558E-05   1.98168E-03   9.50054E-01   5.53922E-07 
    1.58016E-02   3.21383E-02   6.73029E-02   8.49312E-02   8.43998E-01 
    7.25832E-06   3.76096E-03   0.00000E+00   9.20371E-01   7.96294E-02  NONE
   8.63000E+02   2.04821E-05   1.88169E-03   9.50155E-01   5.34173E-07 
    1.58026E-02   3.21396E-02   6.73096E-02   8.62885E-02   8.42641E-01 
    7.53160E-06   3.75330E-03   0.00000E+00   9.20320E-01   7.96805E-02  NONE
   8.53000E+02   1.77624E-05   1.78325E-03   9.50254E-01   5.14298E-07 
    1.58037E-02   3.21406E-02   6.73163E-02   8.76286E-02   8.41303E-01 
    7.80687E-06   3.74449E-03   0.00000E+00   9.20274E-01   7.97256E-02  NONE
   8.43000E+02   1.53615E-05   1.68653E-03   9.50351E-01   4.94326E-07 
    1.58047E-02   3.21416E-02   6.73229E-02   8.89491E-02   8.39985E-01 
    8.08371E-06   3.73460E-03   0.00000E+00   9.20235E-01   7.97655E-02  NONE
   8.33000E+02   1.32470E-05   1.59169E-03   9.50446E-01   4.74291E-07 
    1.58058E-02   3.21424E-02   6.73293E-02   9.02470E-02   8.38692E-01 
    8.36166E-06   3.72368E-03   0.00000E+00   9.20199E-01   7.98006E-02  NONE
   8.23000E+02   1.13896E-05   1.49891E-03   9.50539E-01   4.54226E-07 
    1.58069E-02   3.21430E-02   6.73357E-02   9.15199E-02   8.37424E-01 
    8.64024E-06   3.71178E-03   0.00000E+00   9.20169E-01   7.98314E-02  NONE
   8.13000E+02   9.76233E-06   1.40836E-03   9.50630E-01   4.34171E-07 
    1.58080E-02   3.21436E-02   6.73419E-02   9.27652E-02   8.36185E-01 
    8.91890E-06   3.69894E-03   0.00000E+00   9.20142E-01   7.98584E-02  NONE
   8.03000E+02   8.34052E-06   1.32018E-03   9.50718E-01   4.14166E-07 
    1.58092E-02   3.21441E-02   6.73480E-02   9.39802E-02   8.34977E-01 
    9.19707E-06   3.68520E-03   0.00000E+00   9.20118E-01   7.98820E-02  NONE
   7.93000E+02   7.10182E-06   1.23453E-03   9.50803E-01   3.94253E-07 
    1.58104E-02   3.21444E-02   6.73539E-02   9.51626E-02   8.33803E-01 
    9.47416E-06   3.67059E-03   0.00000E+00   9.20097E-01   7.99026E-02  NONE
   7.83000E+02   6.02589E-06   1.15157E-03   9.50886E-01   3.74477E-07 
    1.58116E-02   3.21448E-02   6.73596E-02   9.63101E-02   8.32665E-01 
    9.74952E-06   3.65514E-03   0.00000E+00   9.20080E-01   7.99204E-02  NONE
   7.73000E+02   5.09426E-06   1.07141E-03   9.50965E-01   3.54885E-07 
    1.58129E-02   3.21450E-02   6.73652E-02   9.74206E-02   8.31565E-01 
    1.00225E-05   3.63888E-03   0.00000E+00   9.20064E-01   7.99359E-02  NONE
   7.63000E+02   4.29021E-06   9.94188E-04   9.51042E-01   3.35524E-07 
    1.58142E-02   3.21452E-02   6.73705E-02   9.84921E-02   8.30505E-01 
    1.02924E-05   3.62180E-03   0.00000E+00   9.20051E-01   7.99492E-02  NONE
   7.53000E+02   3.59865E-06   9.20005E-04   9.51115E-01   3.16441E-07 
    1.58155E-02   3.21454E-02   6.73757E-02   9.95230E-02   8.29487E-01 
    1.05586E-05   3.60393E-03   0.00000E+00   9.20039E-01   7.99607E-02  NONE
   7.43000E+02   3.00597E-06   8.48953E-04   9.51185E-01   2.97685E-07 
    1.58169E-02   3.21455E-02   6.73806E-02   1.00512E-01   8.28512E-01 
    1.08203E-05   3.58527E-03   0.00000E+00   9.20029E-01   7.99705E-02  NONE
   7.33000E+02   2.49994E-06   7.81108E-04   9.51252E-01   2.79304E-07 
    1.58183E-02   3.21456E-02   6.73854E-02   1.01457E-01   8.27581E-01 
    1.10770E-05   3.56580E-03   0.00000E+00   9.20021E-01   7.99789E-02  NONE
   7.23000E+02   2.06958E-06   7.16530E-04   9.51316E-01   2.61345E-07 
    1.58198E-02   3.21456E-02   6.73899E-02   1.02357E-01   8.26696E-01 
    1.13278E-05   3.54552E-03   0.00000E+00   9.20014E-01   7.99861E-02  NONE
   7.13000E+02   1.70509E-06   6.55260E-04   9.51376E-01   2.43852E-07 
    1.58213E-02   3.21456E-02   6.73942E-02   1.03213E-01   8.25857E-01 
    1.15723E-05   3.52441E-03   0.00000E+00   9.20008E-01   7.99921E-02  NONE
   7.03000E+02   1.39773E-06   5.97319E-04   9.51433E-01   2.26869E-07 
    1.58229E-02   3.21457E-02   6.73983E-02   1.04023E-01   8.25065E-01 
    1.18097E-05   3.50246E-03   0.00000E+00   9.20003E-01   7.99972E-02  NONE
   6.93000E+02   1.13973E-06   5.42713E-04   9.51486E-01   2.10435E-07 
    1.58245E-02   3.21456E-02   6.74022E-02   1.04787E-01   8.24320E-01 
    1.20395E-05   3.47962E-03   0.00000E+00   9.19998E-01   8.00015E-02  NONE
   6.83000E+02   9.24192E-07   4.91429E-04   9.51536E-01   1.94587E-07 
    1.58262E-02   3.21456E-02   6.74058E-02   1.05505E-01   8.23621E-01 
    1.22612E-05   3.45586E-03   0.00000E+00   9.19995E-01   8.00051E-02  NONE
   6.73000E+02   7.45051E-07   4.43435E-04   9.51582E-01   1.79358E-07 
    1.58279E-02   3.21456E-02   6.74092E-02   1.06177E-01   8.22970E-01 
    1.24743E-05   3.43115E-03   0.00000E+00   9.19992E-01   8.00081E-02  NONE
