
 Phase Region for:
     FCC_A1#2                      
 col-1=T, col-2=W(FCC_A1#2,C), col-3=W(FCC_A1#2,CR), col-4=W(FCC_A1#2,FE),
   col-5=W(FCC_A1#2,MN), col-6=W(FCC_A1#2,NI), col-7=W(FCC_A1#2,SI),
   col-8=NP(FCC_A1#2),
   1.17300E+03   4.50000E-03   7.50075E-03   9.20498E-01   7.50075E-03 
    3.00000E-02   3.00000E-02   1.00000E+00
   1.18300E+03   4.50000E-03   7.50075E-03   9.20499E-01   7.50075E-03 
    3.00000E-02   3.00000E-02   1.00000E+00
   1.19300E+03   4.50000E-03   7.50075E-03   9.20498E-01   7.50075E-03 
    3.00000E-02   3.00000E-02   1.00000E+00
   1.20300E+03   4.50000E-03   7.50075E-03   9.20499E-01   7.50075E-03 
    3.00000E-02   3.00000E-02   1.00000E+00
   1.21300E+03   4.50000E-03   7.50075E-03   9.20498E-01   7.50075E-03 
    3.00000E-02   3.00000E-02   1.00000E+00
   1.22300E+03   4.50000E-03   7.50075E-03   9.20499E-01   7.50075E-03 
    3.00000E-02   3.00000E-02   1.00000E+00
   1.23300E+03   4.50000E-03   7.50075E-03   9.20499E-01   7.50075E-03 
    3.00000E-02   3.00000E-02   1.00000E+00
   1.24300E+03   4.50000E-03   7.50075E-03   9.20498E-01   7.50075E-03 
    3.00000E-02   3.00000E-02   1.00000E+00
   1.25300E+03   4.50000E-03   7.50075E-03   9.20499E-01   7.50075E-03 
    3.00000E-02   3.00000E-02   1.00000E+00
   1.26300E+03   4.50000E-03   7.50075E-03   9.20499E-01   7.50075E-03 
    3.00000E-02   3.00000E-02   1.00000E+00
   1.27300E+03   4.50000E-03   7.50075E-03   9.20498E-01   7.50075E-03 
    3.00000E-02   3.00000E-02   1.00000E+00
   1.28300E+03   4.50000E-03   7.50075E-03   9.20498E-01   7.50075E-03 
    3.00000E-02   3.00000E-02   1.00000E+00
   1.29300E+03   4.50000E-03   7.50075E-03   9.20499E-01   7.50075E-03 
    3.00000E-02   3.00000E-02   1.00000E+00
   1.30300E+03   4.50000E-03   7.50075E-03   9.20499E-01   7.50075E-03 
    3.00000E-02   3.00000E-02   1.00000E+00
   1.31300E+03   4.50000E-03   7.50075E-03   9.20499E-01   7.50075E-03 
    3.00000E-02   3.00000E-02   1.00000E+00
   1.32300E+03   4.50000E-03   7.50075E-03   9.20499E-01   7.50075E-03 
    3.00000E-02   3.00000E-02   1.00000E+00
   1.33300E+03   4.50000E-03   7.50075E-03   9.20499E-01   7.50075E-03 
    3.00000E-02   3.00000E-02   1.00000E+00
   1.34300E+03   4.50000E-03   7.50075E-03   9.20498E-01   7.50075E-03 
    3.00000E-02   3.00000E-02   1.00000E+00
   1.35300E+03   4.50000E-03   7.50075E-03   9.20498E-01   7.50075E-03 
    3.00000E-02   3.00000E-02   1.00000E+00
   1.36300E+03   4.50000E-03   7.50075E-03   9.20498E-01   7.50075E-03 
    3.00000E-02   3.00000E-02   1.00000E+00
   1.37300E+03   4.50000E-03   7.50075E-03   9.20498E-01   7.50075E-03 
    3.00000E-02   3.00000E-02   1.00000E+00
   1.38300E+03   4.50000E-03   7.50075E-03   9.20499E-01   7.50075E-03 
    3.00000E-02   3.00000E-02   1.00000E+00
   1.39300E+03   4.50000E-03   7.50075E-03   9.20498E-01   7.50075E-03 
    3.00000E-02   3.00000E-02   1.00000E+00
   1.40300E+03   4.50000E-03   7.50075E-03   9.20498E-01   7.50075E-03 
    3.00000E-02   3.00000E-02   1.00000E+00
   1.41300E+03   4.50000E-03   7.50075E-03   9.20499E-01   7.50075E-03 
    3.00000E-02   3.00000E-02   1.00000E+00
   1.42300E+03   4.50000E-03   7.50075E-03   9.20499E-01   7.50075E-03 
    3.00000E-02   3.00000E-02   1.00000E+00
   1.43300E+03   4.50000E-03   7.50075E-03   9.20498E-01   7.50075E-03 
    3.00000E-02   3.00000E-02   1.00000E+00
   1.44300E+03   4.50000E-03   7.50075E-03   9.20498E-01   7.50075E-03 
    3.00000E-02   3.00000E-02   1.00000E+00
   1.45300E+03   4.50000E-03   7.50075E-03   9.20498E-01   7.50075E-03 
    3.00000E-02   3.00000E-02   1.00000E+00
   1.46300E+03   4.50000E-03   7.50075E-03   9.20498E-01   7.50075E-03 
    3.00000E-02   3.00000E-02   1.00000E+00
   1.47300E+03   4.50000E-03   7.50075E-03   9.20498E-01   7.50075E-03 
    3.00000E-02   3.00000E-02   1.00000E+00

 Phase Region for:
     FCC_A1#2                      
 col-1=T, col-2=W(FCC_A1#2,C), col-3=W(FCC_A1#2,CR), col-4=W(FCC_A1#2,FE),
   col-5=W(FCC_A1#2,MN), col-6=W(FCC_A1#2,NI), col-7=W(FCC_A1#2,SI),
   col-8=NP(FCC_A1#2),
   1.17300E+03   4.50000E-03   7.50075E-03   9.20498E-01   7.50075E-03 
    3.00000E-02   3.00000E-02   1.00000E+00
   1.16300E+03   4.50000E-03   7.50075E-03   9.20499E-01   7.50075E-03 
    3.00000E-02   3.00000E-02   1.00000E+00
   1.15300E+03   4.50000E-03   7.50075E-03   9.20499E-01   7.50075E-03 
    3.00000E-02   3.00000E-02   1.00000E+00
   1.14300E+03   4.50000E-03   7.50075E-03   9.20498E-01   7.50075E-03 
    3.00000E-02   3.00000E-02   1.00000E+00
   1.13300E+03   4.50000E-03   7.50075E-03   9.20498E-01   7.50075E-03 
    3.00000E-02   3.00000E-02   1.00000E+00
   1.12300E+03   4.50000E-03   7.50075E-03   9.20498E-01   7.50075E-03 
    3.00000E-02   3.00000E-02   1.00000E+00
   1.11300E+03   4.50000E-03   7.50075E-03   9.20499E-01   7.50075E-03 
    3.00000E-02   3.00000E-02   1.00000E+00
   1.10300E+03   4.50000E-03   7.50075E-03   9.20498E-01   7.50075E-03 
    3.00000E-02   3.00000E-02   1.00000E+00
   1.09300E+03   4.50000E-03   7.50075E-03   9.20498E-01   7.50075E-03 
    3.00000E-02   3.00000E-02   1.00000E+00
   1.08300E+03   4.50000E-03   7.50075E-03   9.20498E-01   7.50075E-03 
    3.00000E-02   3.00000E-02   1.00000E+00
   1.07300E+03   4.50000E-03   7.50075E-03   9.20499E-01   7.50075E-03 
    3.00000E-02   3.00000E-02   1.00000E+00
   1.06300E+03   4.50000E-03   7.50075E-03   9.20498E-01   7.50075E-03 
    3.00000E-02   3.00000E-02   1.00000E+00
   1.05300E+03   4.50000E-03   7.50075E-03   9.20498E-01   7.50075E-03 
    3.00000E-02   3.00000E-02   1.00000E+00
   1.04307E+03   4.50000E-03   7.50075E-03   9.20498E-01   7.50075E-03 
    3.00000E-02   3.00000E-02   1.00000E+00

 Phase Region for:
     BCC_A2                        
     FCC_A1#2                      
 col-1=T, col-2=W(BCC_A2,C), col-3=W(BCC_A2,CR), col-4=W(BCC_A2,FE),
   col-5=W(BCC_A2,MN), col-6=W(BCC_A2,NI), col-7=W(BCC_A2,SI),
   col-8=W(FCC_A1#2,C), col-9=W(FCC_A1#2,CR), col-10=W(FCC_A1#2,FE),
   col-11=W(FCC_A1#2,MN), col-12=W(FCC_A1#2,NI), col-13=W(FCC_A1#2,SI),
   col-14=NP(BCC_A2), col-15=NP(FCC_A1#2),
   1.04307E+03   1.35326E-04   5.01252E-03   9.40090E-01   2.91144E-03 
    1.44143E-02   3.74366E-02   4.50000E-03   7.50075E-03   9.20498E-01 
    7.50075E-03   3.00000E-02   3.00000E-02   5.90880E-07   9.99999E-01
   1.04300E+03   1.35321E-04   5.01244E-03   9.40091E-01   2.91144E-03 
    1.44158E-02   3.74342E-02   4.50185E-03   7.50181E-03   9.20490E-01 
    7.50270E-03   3.00066E-02   2.99968E-02   4.20759E-04   9.99579E-01
   1.03300E+03   1.34641E-04   4.99957E-03   9.40227E-01   2.90936E-03 
    1.46282E-02   3.71011E-02   4.77298E-03   7.65716E-03   9.19265E-01 
    7.78787E-03   3.09613E-02   2.95559E-02   5.83793E-02   9.41621E-01
   1.02433E+03   1.34138E-04   4.98653E-03   9.40336E-01   2.90435E-03 
    1.48172E-02   3.68219E-02   5.02689E-03   7.80417E-03   9.18104E-01 
    8.05546E-03   3.18323E-02   2.91767E-02   1.06789E-01   8.93211E-01

 Phase Region for:
     BCC_A2                        
     CEMENTITE                     
     FCC_A1#2                      
 col-1=T, col-2=W(BCC_A2,C), col-3=W(BCC_A2,CR), col-4=W(BCC_A2,FE),
   col-5=W(BCC_A2,MN), col-6=W(BCC_A2,NI), col-7=W(BCC_A2,SI),
   col-8=W(CEMENTITE,C), col-9=W(CEMENTITE,CR), col-10=W(CEMENTITE,FE),
   col-11=W(CEMENTITE,MN), col-12=W(CEMENTITE,NI), col-13=W(CEMENTITE,SI),
   col-14=W(FCC_A1#2,C), col-15=W(FCC_A1#2,CR), col-16=W(FCC_A1#2,FE),
   col-17=W(FCC_A1#2,MN), col-18=W(FCC_A1#2,NI), col-19=W(FCC_A1#2,SI),
   col-20=NP(BCC_A2), col-21=NP(CEMENTITE), col-22=NP(FCC_A1#2),
   1.02433E+03   1.34138E-04   4.98652E-03   9.40336E-01   2.90435E-03 
    1.48172E-02   3.68219E-02   6.73243E-02   8.62702E-02   8.30801E-01 
    1.22334E-02   3.37100E-03   0.00000E+00   5.02688E-03   7.80417E-03 
    9.18104E-01   8.05547E-03   3.18323E-02   2.91767E-02   1.06791E-01 
    2.09407E-07   8.93209E-01
   1.02300E+03   1.32459E-04   4.91449E-03   9.40349E-01   2.93397E-03 
    1.50014E-02   3.66691E-02   6.73211E-02   8.56035E-02   8.31208E-01 
    1.24519E-02   3.41546E-03   0.00000E+00   5.00400E-03   7.69048E-03 
    9.17686E-01   8.18918E-03   3.23749E-02   2.90552E-02   1.31735E-01 
    2.75348E-03   8.65512E-01
   1.01300E+03   1.20024E-04   4.44216E-03   9.40193E-01   3.16203E-03 
    1.64415E-02   3.56412E-02   6.73012E-02   8.14217E-02   8.33318E-01 
    1.41976E-02   3.76181E-03   0.00000E+00   4.81789E-03   6.93322E-03 
    9.13943E-01   9.27338E-03   3.67780E-02   2.82544E-02   3.01470E-01 
    2.13133E-02   6.77217E-01
   1.00300E+03   1.08057E-04   4.07070E-03   9.39668E-01   3.39268E-03 
    1.79469E-02   3.48141E-02   6.72877E-02   7.85101E-02   8.33967E-01 
    1.61126E-02   4.12243E-03   0.00000E+00   4.61036E-03   6.31952E-03 
    9.09201E-01   1.04948E-02   4.17346E-02   2.76397E-02   4.40799E-01 
    3.62042E-02   5.22997E-01
   9.93000E+02   9.67280E-05   3.77435E-03   9.38880E-01   3.61626E-03 
    1.94695E-02   3.41630E-02   6.72794E-02   7.66103E-02   8.33444E-01 
    1.81789E-02   4.48743E-03   0.00000E+00   4.38669E-03   5.81426E-03 
    9.03551E-01   1.18504E-02   4.72120E-02   2.71855E-02   5.52629E-01 
    4.77953E-02   3.99576E-01
   9.83000E+02   8.61740E-05   3.53170E-03   9.37959E-01   3.81623E-03 
    2.09513E-02   3.36555E-02   6.72753E-02   7.55155E-02   8.31964E-01 
    2.03959E-02   4.84901E-03   0.00000E+00   4.15138E-03   5.39000E-03 
    8.97045E-01   1.33493E-02   5.31931E-02   2.68715E-02   6.40751E-01 
    5.65981E-02   3.02651E-01
   9.73000E+02   7.64902E-05   3.32516E-03   9.37034E-01   3.97045E-03 
    2.23335E-02   3.32603E-02   6.72746E-02   7.50743E-02   8.29628E-01 
    2.28167E-02   5.20632E-03   0.00000E+00   3.90715E-03   5.02528E-03 
    8.89594E-01   1.50397E-02   5.97444E-02   2.66897E-02   7.09272E-01 
    6.31637E-02   2.27564E-01
   9.63000E+02   6.76159E-05   3.14910E-03   9.36031E-01   4.11616E-03 
    2.36712E-02   3.29647E-02   6.72763E-02   7.50649E-02   8.26738E-01 
    2.53693E-02   5.55135E-03   0.00000E+00   3.66047E-03   4.69913E-03 
    8.81358E-01   1.68835E-02   6.68341E-02   2.65647E-02   7.62834E-01 
    6.80334E-02   1.69133E-01
   9.53000E+02   5.95543E-05   2.99505E-03   9.35017E-01   4.24664E-03 
    2.49385E-02   3.27436E-02   6.72797E-02   7.53874E-02   8.23431E-01 
    2.80238E-02   5.87796E-03   0.00000E+00   3.41448E-03   4.40145E-03 
    8.72391E-01   1.88725E-02   7.44461E-02   2.64743E-02   8.04300E-01 
    7.15930E-02   1.24107E-01
   9.43000E+02   5.22825E-05   2.85684E-03   9.34037E-01   4.35731E-03 
    2.61190E-02   3.25779E-02   6.72846E-02   7.59636E-02   8.19816E-01 
    3.07535E-02   6.18219E-03   0.00000E+00   3.17157E-03   4.12493E-03 
    8.62716E-01   2.10028E-02   8.25839E-02   2.64012E-02   8.36180E-01 
    7.41653E-02   8.96545E-02
   9.33000E+02   4.57611E-05   2.73005E-03   9.33123E-01   4.44508E-03 
    2.72029E-02   3.24532E-02   6.72906E-02   7.67337E-02   8.15980E-01 
    3.35339E-02   6.46162E-03   0.00000E+00   2.93354E-03   3.86445E-03 
    8.52331E-01   2.32736E-02   9.12653E-02   2.63323E-02   8.60537E-01 
    7.60046E-02   6.34583E-02
   9.23000E+02   3.99411E-05   2.61152E-03   9.32297E-01   4.50804E-03 
    2.81844E-02   3.23592E-02   6.72975E-02   7.76524E-02   8.11993E-01 
    3.63421E-02   6.71485E-03   0.00000E+00   2.70178E-03   3.61655E-03 
    8.41216E-01   2.56877E-02   1.00519E-01   2.62582E-02   8.79011E-01 
    7.73055E-02   4.36837E-02
   9.13000E+02   3.47687E-05   2.49901E-03   9.31572E-01   4.54518E-03 
    2.90605E-02   3.22882E-02   6.73050E-02   7.86851E-02   8.07912E-01 
    3.91564E-02   6.94113E-03   0.00000E+00   2.47740E-03   3.37897E-03 
    8.29339E-01   2.82507E-02   1.10382E-01   2.61717E-02   8.92889E-01 
    7.82141E-02   2.88969E-02
   9.03000E+02   3.01888E-05   2.39091E-03   9.30958E-01   4.55621E-03 
    2.98299E-02   3.22346E-02   6.73130E-02   7.98050E-02   8.03786E-01 
    4.19564E-02   7.14015E-03   0.00000E+00   2.26130E-03   3.15033E-03 
    8.16655E-01   3.09711E-02   1.20894E-01   2.60680E-02   9.03177E-01 
    7.88395E-02   1.79830E-02
   8.93000E+02   2.61471E-05   2.28608E-03   9.30459E-01   4.54142E-03 
    3.04926E-02   3.21944E-02   6.73213E-02   8.09909E-02   7.99654E-01 
    4.47223E-02   7.31190E-03   0.00000E+00   2.05429E-03   2.92991E-03 
    8.03117E-01   3.38596E-02   1.32096E-01   2.59438E-02   9.10663E-01 
    7.92623E-02   1.00745E-02
   8.83000E+02   2.25914E-05   2.18374E-03   9.30078E-01   4.50161E-03 
    3.10493E-02   3.21648E-02   6.73300E-02   8.22260E-02   7.95552E-01 
    4.74359E-02   7.45657E-03   0.00000E+00   1.85713E-03   2.71747E-03 
    7.88677E-01   3.69281E-02   1.44023E-01   2.57973E-02   9.15965E-01 
    7.95419E-02   4.49354E-03
   8.73000E+02   1.94724E-05   2.08333E-03   9.29814E-01   4.43798E-03 
    3.15016E-02   3.21435E-02   6.73388E-02   8.34964E-02   7.91510E-01 
    5.00798E-02   7.57455E-03   0.00000E+00   1.67057E-03   2.51312E-03 
    7.73298E-01   4.01884E-02   1.56702E-01   2.56279E-02   9.19570E-01 
    7.97219E-02   7.08083E-04
   8.70533E+02   1.87647E-05   2.05882E-03   9.29767E-01   4.41880E-03 
    3.15974E-02   3.21393E-02   6.73410E-02   8.38138E-02   7.90526E-01 
    5.07194E-02   7.59960E-03   0.00000E+00   1.62626E-03   2.46400E-03 
    7.69357E-01   4.10232E-02   1.59947E-01   2.55826E-02   9.20245E-01 
    7.97549E-02   0.00000E+00

 Phase Region for:
     BCC_A2                        
     CEMENTITE                     
 col-1=T, col-2=W(BCC_A2,C), col-3=W(BCC_A2,CR), col-4=W(BCC_A2,FE),
   col-5=W(BCC_A2,MN), col-6=W(BCC_A2,NI), col-7=W(BCC_A2,SI),
   col-8=W(CEMENTITE,C), col-9=W(CEMENTITE,CR), col-10=W(CEMENTITE,FE),
   col-11=W(CEMENTITE,MN), col-12=W(CEMENTITE,NI), col-13=W(CEMENTITE,SI),
   col-14=NP(BCC_A2), col-15=NP(CEMENTITE),
   8.70533E+02   1.87647E-05   2.05882E-03   9.29767E-01   4.41880E-03 
    3.15974E-02   3.21393E-02   6.73410E-02   8.38138E-02   7.90526E-01 
    5.07194E-02   7.59960E-03   0.00000E+00   9.20245E-01   7.97549E-02  NONE
   8.63000E+02   1.67728E-05   1.98430E-03   9.29951E-01   4.31037E-03 
    3.15976E-02   3.21400E-02   6.73477E-02   8.48327E-02   7.87990E-01 
    5.22248E-02   7.60434E-03   0.00000E+00   9.20212E-01   7.97880E-02  NONE
   8.53000E+02   1.44153E-05   1.88635E-03   9.30195E-01   4.16520E-03 
    3.15979E-02   3.21409E-02   6.73566E-02   8.61754E-02   7.84617E-01 
    5.42419E-02   7.60929E-03   0.00000E+00   9.20173E-01   7.98271E-02  NONE
   8.43000E+02   1.23529E-05   1.78967E-03   9.30440E-01   4.01874E-03 
    3.15981E-02   3.21415E-02   6.73654E-02   8.75047E-02   7.81238E-01 
    5.62786E-02   7.61285E-03   0.00000E+00   9.20139E-01   7.98614E-02  NONE
   8.33000E+02   1.05535E-05   1.69442E-03   9.30683E-01   3.87116E-03 
    3.15984E-02   3.21421E-02   6.73742E-02   8.88178E-02   7.77860E-01 
    5.83328E-02   7.61520E-03   0.00000E+00   9.20109E-01   7.98913E-02  NONE
   8.23000E+02   8.98800E-06   1.60076E-03   9.30926E-01   3.72263E-03 
    3.15986E-02   3.21426E-02   6.73829E-02   9.01121E-02   7.74487E-01 
    6.04017E-02   7.61647E-03   0.00000E+00   9.20083E-01   7.99173E-02  NONE
   8.13000E+02   7.62991E-06   1.50886E-03   9.31168E-01   3.57338E-03 
    3.15988E-02   3.21429E-02   6.73915E-02   9.13850E-02   7.71124E-01 
    6.24824E-02   7.61680E-03   0.00000E+00   9.20060E-01   7.99398E-02  NONE
   8.03000E+02   6.45534E-06   1.41890E-03   9.31409E-01   3.42364E-03 
    3.15991E-02   3.21432E-02   6.74000E-02   9.26336E-02   7.67778E-01 
    6.45716E-02   7.61630E-03   0.00000E+00   9.20041E-01   7.99594E-02  NONE
   7.93000E+02   5.44267E-06   1.33105E-03   9.31647E-01   3.27366E-03 
    3.15993E-02   3.21434E-02   6.74084E-02   9.38554E-02   7.64456E-01 
    6.66656E-02   7.61507E-03   0.00000E+00   9.20024E-01   7.99762E-02  NONE
   7.85469E+02   4.77502E-06   1.26638E-03   9.31825E-01   3.16072E-03 
    3.15995E-02   3.21435E-02   6.74146E-02   9.47562E-02   7.61972E-01 
    6.82433E-02   7.61371E-03   0.00000E+00   9.20013E-01   7.99873E-02  NONE

 Phase Region for:
     BCC_A2                        
     CEMENTITE                     
     FCC_A1#1                      
 col-1=T, col-2=W(BCC_A2,C), col-3=W(BCC_A2,CR), col-4=W(BCC_A2,FE),
   col-5=W(BCC_A2,MN), col-6=W(BCC_A2,NI), col-7=W(BCC_A2,SI),
   col-8=W(CEMENTITE,C), col-9=W(CEMENTITE,CR), col-10=W(CEMENTITE,FE),
   col-11=W(CEMENTITE,MN), col-12=W(CEMENTITE,NI), col-13=W(CEMENTITE,SI),
   col-14=W(FCC_A1#1,C), col-15=W(FCC_A1#1,CR), col-16=W(FCC_A1#1,FE),
   col-17=W(FCC_A1#1,MN), col-18=W(FCC_A1#1,NI), col-19=W(FCC_A1#1,SI),
   col-20=NP(BCC_A2), col-21=NP(CEMENTITE), col-22=NP(FCC_A1#1),
   7.85469E+02   4.77502E-06   1.26638E-03   9.31825E-01   3.16072E-03 
    3.15995E-02   3.21435E-02   6.74146E-02   9.47563E-02   7.61972E-01 
    6.82433E-02   7.61371E-03   0.00000E+00   5.70911E-04   1.14666E-03 
    6.08308E-01   7.54814E-02   2.90849E-01   2.36439E-02   9.20013E-01 
    7.99873E-02   1.06370E-08
   7.83000E+02   4.57587E-06   1.24523E-03   9.31966E-01   3.11433E-03 
    3.15240E-02   3.21459E-02   6.74165E-02   9.50546E-02   7.61341E-01 
    6.85939E-02   7.59433E-03   0.00000E+00   5.53552E-04   1.12008E-03 
    6.03504E-01   7.65061E-02   2.94721E-01   2.35957E-02   9.19748E-01 
    7.99879E-02   2.63961E-04
   7.73000E+02   3.84349E-06   1.16103E-03   9.32565E-01   2.92533E-03 
    3.11887E-02   3.21564E-02   6.74242E-02   9.62431E-02   7.58910E-01 
    6.99154E-02   7.50781E-03   0.00000E+00   4.89159E-04   1.01842E-03 
    5.84376E-01   8.05579E-02   3.10142E-01   2.34162E-02   9.18656E-01 
    7.99906E-02   1.35379E-03
   7.63000E+02   3.21829E-06   1.07930E-03   9.33204E-01   2.73598E-03 
    3.08105E-02   3.21674E-02   6.74315E-02   9.73969E-02   7.56683E-01 
    7.10790E-02   7.40952E-03   0.00000E+00   4.33304E-04   9.25722E-04 
    5.65860E-01   8.44217E-02   3.25095E-01   2.32638E-02   9.17544E-01 
    7.99936E-02   2.46219E-03
   7.53000E+02   2.68599E-06   1.00023E-03   9.33875E-01   2.54805E-03 
    3.03950E-02   3.21788E-02   6.74385E-02   9.85130E-02   7.54662E-01 
    7.20861E-02   7.30075E-03   0.00000E+00   3.84779E-04   8.41148E-04 
    5.48025E-01   8.80674E-02   3.39541E-01   2.31403E-02   9.16428E-01 
    7.99968E-02   3.57531E-03
   7.43000E+02   2.23402E-06   9.24017E-04   9.34574E-01   2.36310E-03 
    2.99467E-02   3.21904E-02   6.74451E-02   9.95884E-02   7.52845E-01 
    7.29388E-02   7.18263E-03   0.00000E+00   3.42492E-04   7.63882E-04 
    5.30902E-01   9.14758E-02   3.53470E-01   2.30464E-02   9.15315E-01 
    8.00001E-02   4.68447E-03
   7.33000E+02   1.85137E-06   8.50825E-04   9.35293E-01   2.18249E-03 
    2.94694E-02   3.22020E-02   6.74514E-02   1.00621E-01   7.51232E-01 
    7.36399E-02   7.05607E-03   0.00000E+00   3.05489E-04   6.93183E-04 
    5.14490E-01   9.46361E-02   3.66893E-01   2.29827E-02   9.14212E-01 
    8.00034E-02   5.78441E-03
   7.23000E+02   1.52839E-06   7.80802E-04   9.36030E-01   2.00739E-03 
    2.89664E-02   3.22134E-02   6.74574E-02   1.01608E-01   7.49820E-01 
    7.41928E-02   6.92185E-03   0.00000E+00   2.72963E-04   6.28392E-04 
    4.98770E-01   9.75443E-02   3.79835E-01   2.29489E-02   9.13121E-01 
    8.00067E-02   6.87215E-03
   7.13000E+02   1.25664E-06   7.14068E-04   9.36781E-01   1.83874E-03 
    2.84400E-02   3.22246E-02   6.74629E-02   1.02548E-01   7.48607E-01 
    7.46014E-02   6.78059E-03   0.00000E+00   2.44233E-04   5.68934E-04 
    4.83712E-01   1.00201E-01   3.92329E-01   2.29448E-02   9.12044E-01 
    8.00100E-02   7.94622E-03
   7.03000E+02   1.02879E-06   6.50724E-04   9.37543E-01   1.67734E-03 
    2.78923E-02   3.22353E-02   6.74681E-02   1.03440E-01   7.47589E-01 
    7.48699E-02   6.63279E-03   0.00000E+00   2.18738E-04   5.14310E-04 
    4.69276E-01   1.02610E-01   4.04411E-01   2.29701E-02   9.10981E-01 
    8.00132E-02   9.00611E-03
   6.93000E+02   8.38434E-07   5.90840E-04   9.38314E-01   1.52381E-03 
    2.73249E-02   3.22456E-02   6.74730E-02   1.04283E-01   7.46762E-01 
    7.50032E-02   6.47884E-03   0.00000E+00   1.96011E-04   4.64089E-04 
    4.55421E-01   1.04776E-01   4.16118E-01   2.30244E-02   9.09932E-01 
    8.00163E-02   1.00520E-02
   6.83000E+02   6.80011E-07   5.34461E-04   9.39092E-01   1.37860E-03 
    2.67388E-02   3.22553E-02   6.74774E-02   1.05076E-01   7.46121E-01 
    7.50070E-02   6.31906E-03   0.00000E+00   1.75669E-04   4.17897E-04 
    4.42106E-01   1.06707E-01   4.27486E-01   2.31073E-02   9.08896E-01 
    8.00193E-02   1.10843E-02
   6.73000E+02   5.48707E-07   4.81605E-04   9.39876E-01   1.24205E-03 
    2.61350E-02   3.22643E-02   6.74815E-02   1.05818E-01   7.45659E-01 
    7.48873E-02   6.15373E-03   0.00000E+00   1.57394E-04   3.75409E-04 
    4.29289E-01   1.08410E-01   4.38550E-01   2.32186E-02   9.07874E-01 
    8.00223E-02   1.21040E-02
