
 Phase Region for:
     FCC_A1#2                      
 col-1=T, col-2=W(FCC_A1#2,C), col-3=W(FCC_A1#2,CR), col-4=W(FCC_A1#2,FE),
   col-5=W(FCC_A1#2,MN), col-6=W(FCC_A1#2,NI), col-7=W(FCC_A1#2,SI),
   col-8=NP(FCC_A1#2),
   1.17300E+03   4.50000E-03   1.50005E-02   9.50497E-01   1.50005E-02 
    1.00000E-06   1.50005E-02   1.00000E+00
   1.18300E+03   4.50000E-03   1.50005E-02   9.50497E-01   1.50005E-02 
    1.00000E-06   1.50005E-02   1.00000E+00
   1.19300E+03   4.50000E-03   1.50005E-02   9.50497E-01   1.50005E-02 
    1.00000E-06   1.50005E-02   1.00000E+00
   1.20300E+03   4.50000E-03   1.50005E-02   9.50497E-01   1.50005E-02 
    1.00000E-06   1.50005E-02   1.00000E+00
   1.21300E+03   4.50000E-03   1.50005E-02   9.50497E-01   1.50005E-02 
    1.00000E-06   1.50005E-02   1.00000E+00
   1.22300E+03   4.50000E-03   1.50005E-02   9.50497E-01   1.50005E-02 
    1.00000E-06   1.50005E-02   1.00000E+00
   1.23300E+03   4.50000E-03   1.50005E-02   9.50498E-01   1.50005E-02 
    1.00000E-06   1.50005E-02   1.00000E+00
   1.24300E+03   4.50000E-03   1.50005E-02   9.50497E-01   1.50005E-02 
    1.00000E-06   1.50005E-02   1.00000E+00
   1.25300E+03   4.50000E-03   1.50005E-02   9.50497E-01   1.50005E-02 
    1.00000E-06   1.50005E-02   1.00000E+00
   1.26300E+03   4.50000E-03   1.50005E-02   9.50497E-01   1.50005E-02 
    1.00000E-06   1.50005E-02   1.00000E+00
   1.27300E+03   4.50000E-03   1.50005E-02   9.50497E-01   1.50005E-02 
    1.00000E-06   1.50005E-02   1.00000E+00
   1.28300E+03   4.50000E-03   1.50005E-02   9.50497E-01   1.50005E-02 
    1.00000E-06   1.50005E-02   1.00000E+00
   1.29300E+03   4.50000E-03   1.50005E-02   9.50497E-01   1.50005E-02 
    1.00000E-06   1.50005E-02   1.00000E+00
   1.30300E+03   4.50000E-03   1.50005E-02   9.50497E-01   1.50005E-02 
    1.00000E-06   1.50005E-02   1.00000E+00
   1.31300E+03   4.50000E-03   1.50005E-02   9.50497E-01   1.50005E-02 
    1.00000E-06   1.50005E-02   1.00000E+00
   1.32300E+03   4.50000E-03   1.50005E-02   9.50497E-01   1.50005E-02 
    1.00000E-06   1.50005E-02   1.00000E+00
   1.33300E+03   4.50000E-03   1.50005E-02   9.50497E-01   1.50005E-02 
    1.00000E-06   1.50005E-02   1.00000E+00
   1.34300E+03   4.50000E-03   1.50005E-02   9.50497E-01   1.50005E-02 
    1.00000E-06   1.50005E-02   1.00000E+00
   1.35300E+03   4.50000E-03   1.50005E-02   9.50497E-01   1.50005E-02 
    1.00000E-06   1.50005E-02   1.00000E+00
   1.36300E+03   4.50000E-03   1.50005E-02   9.50497E-01   1.50005E-02 
    1.00000E-06   1.50005E-02   1.00000E+00
   1.37300E+03   4.50000E-03   1.50005E-02   9.50497E-01   1.50005E-02 
    1.00000E-06   1.50005E-02   1.00000E+00
   1.38300E+03   4.50000E-03   1.50005E-02   9.50497E-01   1.50005E-02 
    1.00000E-06   1.50005E-02   1.00000E+00
   1.39300E+03   4.50000E-03   1.50005E-02   9.50497E-01   1.50005E-02 
    1.00000E-06   1.50005E-02   1.00000E+00
   1.40300E+03   4.50000E-03   1.50005E-02   9.50497E-01   1.50005E-02 
    1.00000E-06   1.50005E-02   1.00000E+00
   1.41300E+03   4.50000E-03   1.50005E-02   9.50497E-01   1.50005E-02 
    1.00000E-06   1.50005E-02   1.00000E+00
   1.42300E+03   4.50000E-03   1.50005E-02   9.50497E-01   1.50005E-02 
    1.00000E-06   1.50005E-02   1.00000E+00
   1.43300E+03   4.50000E-03   1.50005E-02   9.50497E-01   1.50005E-02 
    1.00000E-06   1.50005E-02   1.00000E+00
   1.44300E+03   4.50000E-03   1.50005E-02   9.50497E-01   1.50005E-02 
    1.00000E-06   1.50005E-02   1.00000E+00
   1.45300E+03   4.50000E-03   1.50005E-02   9.50497E-01   1.50005E-02 
    1.00000E-06   1.50005E-02   1.00000E+00
   1.46300E+03   4.50000E-03   1.50005E-02   9.50497E-01   1.50005E-02 
    1.00000E-06   1.50005E-02   1.00000E+00
   1.47300E+03   4.50000E-03   1.50005E-02   9.50497E-01   1.50005E-02 
    1.00000E-06   1.50005E-02   1.00000E+00

 Phase Region for:
     FCC_A1#2                      
 col-1=T, col-2=W(FCC_A1#2,C), col-3=W(FCC_A1#2,CR), col-4=W(FCC_A1#2,FE),
   col-5=W(FCC_A1#2,MN), col-6=W(FCC_A1#2,NI), col-7=W(FCC_A1#2,SI),
   col-8=NP(FCC_A1#2),
   1.17300E+03   4.50000E-03   1.50005E-02   9.50497E-01   1.50005E-02 
    1.00000E-06   1.50005E-02   1.00000E+00
   1.16300E+03   4.50000E-03   1.50005E-02   9.50497E-01   1.50005E-02 
    1.00000E-06   1.50005E-02   1.00000E+00
   1.15300E+03   4.50000E-03   1.50005E-02   9.50497E-01   1.50005E-02 
    1.00000E-06   1.50005E-02   1.00000E+00
   1.14300E+03   4.50000E-03   1.50005E-02   9.50497E-01   1.50005E-02 
    1.00000E-06   1.50005E-02   1.00000E+00
   1.13300E+03   4.50000E-03   1.50005E-02   9.50497E-01   1.50005E-02 
    1.00000E-06   1.50005E-02   1.00000E+00
   1.12300E+03   4.50000E-03   1.50005E-02   9.50497E-01   1.50005E-02 
    1.00000E-06   1.50005E-02   1.00000E+00
   1.11300E+03   4.50000E-03   1.50005E-02   9.50497E-01   1.50005E-02 
    1.00000E-06   1.50005E-02   1.00000E+00
   1.10300E+03   4.50000E-03   1.50005E-02   9.50497E-01   1.50005E-02 
    1.00000E-06   1.50005E-02   1.00000E+00
   1.09300E+03   4.50000E-03   1.50005E-02   9.50497E-01   1.50005E-02 
    1.00000E-06   1.50005E-02   1.00000E+00
   1.08300E+03   4.50000E-03   1.50005E-02   9.50497E-01   1.50005E-02 
    1.00000E-06   1.50005E-02   1.00000E+00
   1.07300E+03   4.50000E-03   1.50005E-02   9.50497E-01   1.50005E-02 
    1.00000E-06   1.50005E-02   1.00000E+00
   1.06300E+03   4.50000E-03   1.50005E-02   9.50497E-01   1.50005E-02 
    1.00000E-06   1.50005E-02   1.00000E+00
   1.05300E+03   4.50000E-03   1.50005E-02   9.50497E-01   1.50005E-02 
    1.00000E-06   1.50005E-02   1.00000E+00
   1.04447E+03   4.50000E-03   1.50005E-02   9.50497E-01   1.50005E-02 
    1.00000E-06   1.50005E-02   1.00000E+00

 Phase Region for:
     BCC_A2                        
     FCC_A1#2                      
 col-1=T, col-2=W(BCC_A2,C), col-3=W(BCC_A2,CR), col-4=W(BCC_A2,FE),
   col-5=W(BCC_A2,MN), col-6=W(BCC_A2,NI), col-7=W(BCC_A2,SI),
   col-8=W(FCC_A1#2,C), col-9=W(FCC_A1#2,CR), col-10=W(FCC_A1#2,FE),
   col-11=W(FCC_A1#2,MN), col-12=W(FCC_A1#2,NI), col-13=W(FCC_A1#2,SI),
   col-14=NP(BCC_A2), col-15=NP(FCC_A1#2),
   1.04447E+03   1.33389E-04   9.89171E-03   9.64642E-01   6.33177E-03 
    4.91429E-07   1.90006E-02   4.50000E-03   1.50005E-02   9.50497E-01 
    1.50005E-02   1.00000E-06   1.50005E-02   8.57728E-07   9.99999E-01
   1.04300E+03   1.33767E-04   9.89075E-03   9.64671E-01   6.34342E-03 
    4.93532E-07   1.89609E-02   4.55593E-03   1.50660E-02   9.50316E-01 
    1.51114E-02   1.00649E-06   1.49498E-02   1.24951E-02   9.87505E-01
   1.03300E+03   1.36314E-04   9.87795E-03   9.64868E-01   6.41489E-03 
    5.07819E-07   1.87027E-02   4.95714E-03   1.55371E-02   9.48992E-01 
    1.58999E-02   1.05156E-06   1.46127E-02   9.36524E-02   9.06348E-01
   1.02924E+03   1.37252E-04   9.87021E-03   9.64943E-01   6.43789E-03 
    5.13149E-07   1.86112E-02   5.11717E-03   1.57262E-02   9.48454E-01 
    1.62118E-02   1.06887E-06   1.44897E-02   1.22386E-01   8.77614E-01

 Phase Region for:
     BCC_A2                        
     CEMENTITE                     
     FCC_A1#2                      
 col-1=T, col-2=W(BCC_A2,C), col-3=W(BCC_A2,CR), col-4=W(BCC_A2,FE),
   col-5=W(BCC_A2,MN), col-6=W(BCC_A2,NI), col-7=W(BCC_A2,SI),
   col-8=W(CEMENTITE,C), col-9=W(CEMENTITE,CR), col-10=W(CEMENTITE,FE),
   col-11=W(CEMENTITE,MN), col-12=W(CEMENTITE,NI), col-13=W(CEMENTITE,SI),
   col-14=W(FCC_A1#2,C), col-15=W(FCC_A1#2,CR), col-16=W(FCC_A1#2,FE),
   col-17=W(FCC_A1#2,MN), col-18=W(FCC_A1#2,NI), col-19=W(FCC_A1#2,SI),
   col-20=NP(BCC_A2), col-21=NP(CEMENTITE), col-22=NP(FCC_A1#2),
   1.02924E+03   1.37252E-04   9.87019E-03   9.64943E-01   6.43791E-03 
    5.13150E-07   1.86112E-02   6.77703E-02   1.70498E-01   7.33408E-01 
    2.83241E-02   8.31040E-08   0.00000E+00   5.11717E-03   1.57262E-02 
    9.48454E-01   1.62118E-02   1.06887E-06   1.44897E-02   1.22390E-01 
    3.68233E-07   8.77610E-01
   1.02300E+03   1.31079E-04   8.87663E-03   9.65910E-01   7.28473E-03 
    5.87346E-07   1.77966E-02   6.77205E-02   1.59222E-01   7.39290E-01 
    3.37675E-02   9.73474E-08   0.00000E+00   5.13637E-03   1.43083E-02 
    9.47916E-01   1.87706E-02   1.25595E-06   1.38679E-02   3.47001E-01 
    2.19049E-02   6.31094E-01
   1.01300E+03   1.19494E-04   7.69581E-03   9.66437E-01   8.92445E-03 
    7.41553E-07   1.68223E-02   6.76640E-02   1.45442E-01   7.42459E-01 
    4.44341E-02   1.26372E-07   0.00000E+00   5.09286E-03   1.25591E-02 
    9.45362E-01   2.37692E-02   1.66330E-06   1.32149E-02   6.40028E-01 
    5.13539E-02   3.08618E-01
   1.00300E+03   1.06481E-04   6.92270E-03   9.65942E-01   1.08152E-02 
    9.49574E-07   1.62123E-02   6.76349E-02   1.36700E-01   7.38426E-01 
    5.72389E-02   1.64604E-07   0.00000E+00   4.96417E-03   1.13631E-02 
    9.40980E-01   2.97460E-02   2.25155E-06   1.29442E-02   8.52600E-01 
    7.27102E-02   7.46900E-02
   9.98790E+02   1.00808E-04   6.68751E-03   9.65521E-01   1.16433E-02 
    1.05686E-06   1.60458E-02   6.76295E-02   1.34294E-01   7.34899E-01 
    6.31769E-02   1.84116E-07   0.00000E+00   4.88875E-03   1.09899E-02 
    9.38679E-01   3.25104E-02   2.57207E-06   1.29297E-02   9.20647E-01 
    7.93534E-02   0.00000E+00

 Phase Region for:
     BCC_A2                        
     CEMENTITE                     
 col-1=T, col-2=W(BCC_A2,C), col-3=W(BCC_A2,CR), col-4=W(BCC_A2,FE),
   col-5=W(BCC_A2,MN), col-6=W(BCC_A2,NI), col-7=W(BCC_A2,SI),
   col-8=W(CEMENTITE,C), col-9=W(CEMENTITE,CR), col-10=W(CEMENTITE,FE),
   col-11=W(CEMENTITE,MN), col-12=W(CEMENTITE,NI), col-13=W(CEMENTITE,SI),
   col-14=NP(BCC_A2), col-15=NP(CEMENTITE),
   9.98790E+02   1.00808E-04   6.68751E-03   9.65521E-01   1.16433E-02 
    1.05686E-06   1.60458E-02   6.76295E-02   1.34294E-01   7.34899E-01 
    6.31769E-02   1.84116E-07   0.00000E+00   9.20647E-01   7.93534E-02  NONE
   9.93000E+02   9.35253E-05   6.57031E-03   9.65778E-01   1.15098E-02 
    1.05693E-06   1.60474E-02   6.76390E-02   1.35794E-01   7.31549E-01 
    6.50176E-02   1.84289E-07   0.00000E+00   9.20524E-01   7.94761E-02  NONE
   9.83000E+02   8.20397E-05   6.36793E-03   9.66222E-01   1.12770E-02 
    1.05705E-06   1.60498E-02   6.76555E-02   1.38405E-01   7.25711E-01 
    6.82288E-02   1.84521E-07   0.00000E+00   9.20330E-01   7.96697E-02  NONE
   9.73000E+02   7.18200E-05   6.16552E-03   9.66668E-01   1.10413E-02 
    1.05715E-06   1.60520E-02   6.76722E-02   1.41040E-01   7.19806E-01 
    7.14818E-02   1.84676E-07   0.00000E+00   9.20158E-01   7.98419E-02  NONE
   9.63000E+02   6.27420E-05   5.96306E-03   9.67116E-01   1.08028E-02 
    1.05725E-06   1.60539E-02   6.76890E-02   1.43699E-01   7.13835E-01 
    7.47776E-02   1.84761E-07   0.00000E+00   9.20005E-01   7.99948E-02  NONE
   9.53000E+02   5.46923E-05   5.76054E-03   9.67567E-01   1.05614E-02 
    1.05733E-06   1.60555E-02   6.77060E-02   1.46380E-01   7.07797E-01 
    7.81176E-02   1.84787E-07   0.00000E+00   9.19870E-01   8.01304E-02  NONE
   9.43000E+02   4.75681E-05   5.55802E-03   9.68019E-01   1.03171E-02 
    1.05741E-06   1.60569E-02   6.77231E-02   1.49081E-01   7.01693E-01 
    8.15027E-02   1.84761E-07   0.00000E+00   9.19750E-01   8.02504E-02  NONE
   9.33000E+02   4.12754E-05   5.35558E-03   9.68474E-01   1.00699E-02 
    1.05748E-06   1.60581E-02   6.77404E-02   1.51799E-01   6.95526E-01 
    8.49339E-02   1.84691E-07   0.00000E+00   9.19644E-01   8.03563E-02  NONE
   9.23000E+02   3.57290E-05   5.15332E-03   9.68931E-01   9.81965E-03 
    1.05755E-06   1.60591E-02   6.77577E-02   1.54533E-01   6.89297E-01 
    8.84120E-02   1.84586E-07   0.00000E+00   9.19550E-01   8.04497E-02  NONE
   9.13000E+02   3.08509E-05   4.95138E-03   9.69390E-01   9.56642E-03 
    1.05760E-06   1.60600E-02   6.77753E-02   1.57278E-01   6.83009E-01 
    9.19374E-02   1.84452E-07   0.00000E+00   9.19468E-01   8.05317E-02  NONE
   9.03000E+02   2.65706E-05   4.74994E-03   9.69852E-01   9.31020E-03 
    1.05765E-06   1.60607E-02   6.77928E-02   1.60032E-01   6.76665E-01 
    9.55104E-02   1.84297E-07   0.00000E+00   9.19396E-01   8.06038E-02  NONE
   8.93000E+02   2.28238E-05   4.54921E-03   9.70315E-01   9.05099E-03 
    1.05770E-06   1.60613E-02   6.78105E-02   1.62789E-01   6.70269E-01 
    9.91309E-02   1.84127E-07   0.00000E+00   9.19333E-01   8.06668E-02  NONE
   8.83000E+02   1.95523E-05   4.34942E-03   9.70779E-01   8.78884E-03 
    1.05774E-06   1.60618E-02   6.78282E-02   1.65547E-01   6.63827E-01 
    1.02798E-01   1.83950E-07   0.00000E+00   9.19278E-01   8.07219E-02  NONE
   8.73000E+02   1.67031E-05   4.15082E-03   9.71245E-01   8.52381E-03 
    1.05777E-06   1.60622E-02   6.78460E-02   1.68299E-01   6.57343E-01 
    1.06512E-01   1.83772E-07   0.00000E+00   9.19230E-01   8.07698E-02  NONE
   8.63000E+02   1.42285E-05   3.95371E-03   9.71713E-01   8.25599E-03 
    1.05780E-06   1.60624E-02   6.78637E-02   1.71042E-01   6.50824E-01 
    1.10270E-01   1.83599E-07   0.00000E+00   9.19189E-01   8.08114E-02  NONE
   8.53000E+02   1.20850E-05   3.75839E-03   9.72180E-01   7.98551E-03 
    1.05782E-06   1.60627E-02   6.78815E-02   1.73769E-01   6.44278E-01 
    1.14071E-01   1.83437E-07   0.00000E+00   9.19153E-01   8.08475E-02  NONE
   8.43000E+02   1.02339E-05   3.56518E-03   9.72648E-01   7.71252E-03 
    1.05784E-06   1.60628E-02   6.78991E-02   1.76476E-01   6.37712E-01 
    1.17913E-01   1.83291E-07   0.00000E+00   9.19121E-01   8.08786E-02  NONE
   8.33000E+02   8.63979E-06   3.37445E-03   9.73116E-01   7.43722E-03 
    1.05785E-06   1.60629E-02   6.79167E-02   1.79157E-01   6.31134E-01 
    1.21792E-01   1.83169E-07   0.00000E+00   9.19095E-01   8.09054E-02  NONE
   8.23000E+02   7.27129E-06   3.18653E-03   9.73582E-01   7.15986E-03 
    1.05786E-06   1.60629E-02   6.79341E-02   1.81805E-01   6.24555E-01 
    1.25705E-01   1.83073E-07   0.00000E+00   9.19072E-01   8.09285E-02  NONE
   8.13000E+02   6.10009E-06   3.00181E-03   9.74047E-01   6.88071E-03 
    1.05786E-06   1.60629E-02   6.79514E-02   1.84416E-01   6.17985E-01 
    1.29648E-01   1.83010E-07   0.00000E+00   9.19052E-01   8.09482E-02  NONE
   8.03000E+02   5.10094E-06   2.82066E-03   9.74510E-01   6.60011E-03 
    1.05786E-06   1.60628E-02   6.79685E-02   1.86981E-01   6.11435E-01 
    1.33615E-01   1.82984E-07   0.00000E+00   9.19035E-01   8.09650E-02  NONE
   7.93000E+02   4.25134E-06   2.64345E-03   9.74970E-01   6.31844E-03 
    1.05786E-06   1.60628E-02   6.79854E-02   1.89497E-01   6.04916E-01 
    1.37602E-01   1.82998E-07   0.00000E+00   9.19021E-01   8.09792E-02  NONE
   7.83000E+02   3.53130E-06   2.47056E-03   9.75426E-01   6.03613E-03 
    1.05785E-06   1.60627E-02   6.80020E-02   1.91956E-01   5.98440E-01 
    1.41601E-01   1.83058E-07   0.00000E+00   9.19009E-01   8.09914E-02  NONE
   7.73000E+02   2.92313E-06   2.30237E-03   9.75877E-01   5.75365E-03 
    1.05783E-06   1.60625E-02   6.80183E-02   1.94354E-01   5.92022E-01 
    1.45606E-01   1.83164E-07   0.00000E+00   9.18998E-01   8.10016E-02  NONE
   7.63000E+02   2.41123E-06   2.13921E-03   9.76323E-01   5.47154E-03 
    1.05781E-06   1.60624E-02   6.80343E-02   1.96683E-01   5.85673E-01 
    1.49609E-01   1.83322E-07   0.00000E+00   9.18990E-01   8.10102E-02  NONE
   7.53000E+02   1.98186E-06   1.98144E-03   9.76763E-01   5.19039E-03 
    1.05779E-06   1.60622E-02   6.80499E-02   1.98939E-01   5.79409E-01 
    1.53602E-01   1.83532E-07   0.00000E+00   9.18983E-01   8.10174E-02  NONE
   7.43000E+02   1.62302E-06   1.82936E-03   9.77195E-01   4.91081E-03 
    1.05776E-06   1.60621E-02   6.80651E-02   2.01118E-01   5.73243E-01 
    1.57575E-01   1.83797E-07   0.00000E+00   9.18977E-01   8.10235E-02  NONE
   7.33000E+02   1.32419E-06   1.68328E-03   9.77619E-01   4.63349E-03 
    1.05773E-06   1.60619E-02   6.80798E-02   2.03213E-01   5.67189E-01 
    1.61518E-01   1.84117E-07   0.00000E+00   9.18972E-01   8.10285E-02  NONE
   7.23000E+02   1.07626E-06   1.54345E-03   9.78034E-01   4.35913E-03 
    1.05769E-06   1.60617E-02   6.80941E-02   2.05221E-01   5.61264E-01 
    1.65421E-01   1.84493E-07   0.00000E+00   9.18967E-01   8.10327E-02  NONE
   7.13000E+02   8.71334E-07   1.41010E-03   9.78438E-01   4.08850E-03 
    1.05765E-06   1.60615E-02   6.81079E-02   2.07139E-01   5.55480E-01 
    1.69272E-01   1.84924E-07   0.00000E+00   9.18964E-01   8.10361E-02  NONE
   7.03000E+02   7.02592E-07   1.28341E-03   9.78831E-01   3.82236E-03 
    1.05761E-06   1.60613E-02   6.81211E-02   2.08963E-01   5.49853E-01 
    1.73062E-01   1.85410E-07   0.00000E+00   9.18961E-01   8.10389E-02  NONE
   6.93000E+02   5.64184E-07   1.16354E-03   9.79212E-01   3.56151E-03 
    1.05756E-06   1.60612E-02   6.81338E-02   2.10691E-01   5.44397E-01 
    1.76778E-01   1.85949E-07   0.00000E+00   9.18959E-01   8.10413E-02  NONE
   6.83000E+02   4.51106E-07   1.05058E-03   9.79580E-01   3.30675E-03 
    1.05751E-06   1.60610E-02   6.81459E-02   2.12321E-01   5.39125E-01 
    1.80408E-01   1.86537E-07   0.00000E+00   9.18957E-01   8.10432E-02  NONE
   6.73000E+02   3.59095E-07   9.44608E-04   9.79934E-01   3.05888E-03 
    1.05745E-06   1.60608E-02   6.81574E-02   2.13852E-01   5.34049E-01 
    1.83941E-01   1.87172E-07   0.00000E+00   9.18955E-01   8.10447E-02  NONE
