
 Phase Region for:
     FCC_A1#1                      
 col-1=T, col-2=X(FCC_A1#1,C), col-3=X(FCC_A1#1,CR), col-4=X(FCC_A1#1,FE),
   col-5=X(FCC_A1#1,MN), col-6=X(FCC_A1#1,NI), col-7=X(FCC_A1#1,SI),
   col-8=NP(FCC_A1#1),
   1.17300E+03   2.01609E-02   1.03492E-06   9.01405E-01   1.46930E-02 
    2.06301E-02   4.31097E-02   1.00000E+00
   1.18300E+03   2.01609E-02   1.03492E-06   9.01405E-01   1.46930E-02 
    2.06301E-02   4.31097E-02   1.00000E+00
   1.19300E+03   2.01609E-02   1.03492E-06   9.01405E-01   1.46930E-02 
    2.06301E-02   4.31097E-02   1.00000E+00
   1.20300E+03   2.01609E-02   1.03492E-06   9.01405E-01   1.46930E-02 
    2.06301E-02   4.31097E-02   1.00000E+00
   1.21300E+03   2.01609E-02   1.03492E-06   9.01405E-01   1.46930E-02 
    2.06301E-02   4.31097E-02   1.00000E+00
   1.22300E+03   2.01609E-02   1.03492E-06   9.01405E-01   1.46930E-02 
    2.06301E-02   4.31097E-02   1.00000E+00
   1.23300E+03   2.01609E-02   1.03492E-06   9.01405E-01   1.46930E-02 
    2.06301E-02   4.31097E-02   1.00000E+00
   1.24300E+03   2.01609E-02   1.03492E-06   9.01405E-01   1.46930E-02 
    2.06301E-02   4.31097E-02   1.00000E+00
   1.25300E+03   2.01609E-02   1.03492E-06   9.01405E-01   1.46930E-02 
    2.06301E-02   4.31097E-02   1.00000E+00
   1.26300E+03   2.01609E-02   1.03492E-06   9.01405E-01   1.46930E-02 
    2.06301E-02   4.31097E-02   1.00000E+00
   1.27300E+03   2.01609E-02   1.03492E-06   9.01405E-01   1.46930E-02 
    2.06301E-02   4.31097E-02   1.00000E+00
   1.28300E+03   2.01609E-02   1.03492E-06   9.01405E-01   1.46930E-02 
    2.06301E-02   4.31097E-02   1.00000E+00
   1.29300E+03   2.01609E-02   1.03492E-06   9.01405E-01   1.46930E-02 
    2.06301E-02   4.31097E-02   1.00000E+00
   1.30300E+03   2.01609E-02   1.03492E-06   9.01405E-01   1.46930E-02 
    2.06301E-02   4.31097E-02   1.00000E+00
   1.31300E+03   2.01609E-02   1.03492E-06   9.01405E-01   1.46930E-02 
    2.06301E-02   4.31097E-02   1.00000E+00
   1.32300E+03   2.01609E-02   1.03492E-06   9.01405E-01   1.46930E-02 
    2.06301E-02   4.31097E-02   1.00000E+00
   1.33300E+03   2.01609E-02   1.03492E-06   9.01405E-01   1.46930E-02 
    2.06301E-02   4.31097E-02   1.00000E+00
   1.34300E+03   2.01609E-02   1.03492E-06   9.01405E-01   1.46930E-02 
    2.06301E-02   4.31097E-02   1.00000E+00
   1.35300E+03   2.01609E-02   1.03492E-06   9.01405E-01   1.46930E-02 
    2.06301E-02   4.31097E-02   1.00000E+00
   1.36300E+03   2.01609E-02   1.03492E-06   9.01405E-01   1.46930E-02 
    2.06301E-02   4.31097E-02   1.00000E+00
   1.37300E+03   2.01609E-02   1.03492E-06   9.01405E-01   1.46930E-02 
    2.06301E-02   4.31097E-02   1.00000E+00
   1.38300E+03   2.01609E-02   1.03492E-06   9.01405E-01   1.46930E-02 
    2.06301E-02   4.31097E-02   1.00000E+00
   1.39300E+03   2.01609E-02   1.03492E-06   9.01405E-01   1.46930E-02 
    2.06301E-02   4.31097E-02   1.00000E+00
   1.40300E+03   2.01609E-02   1.03492E-06   9.01405E-01   1.46930E-02 
    2.06301E-02   4.31097E-02   1.00000E+00
   1.41300E+03   2.01609E-02   1.03492E-06   9.01405E-01   1.46930E-02 
    2.06301E-02   4.31097E-02   1.00000E+00
   1.42300E+03   2.01609E-02   1.03492E-06   9.01405E-01   1.46930E-02 
    2.06301E-02   4.31097E-02   1.00000E+00
   1.43300E+03   2.01609E-02   1.03492E-06   9.01405E-01   1.46930E-02 
    2.06301E-02   4.31097E-02   1.00000E+00
   1.44300E+03   2.01609E-02   1.03492E-06   9.01405E-01   1.46930E-02 
    2.06301E-02   4.31097E-02   1.00000E+00
   1.45300E+03   2.01609E-02   1.03492E-06   9.01405E-01   1.46930E-02 
    2.06301E-02   4.31097E-02   1.00000E+00
   1.46300E+03   2.01609E-02   1.03492E-06   9.01405E-01   1.46930E-02 
    2.06301E-02   4.31097E-02   1.00000E+00
   1.47300E+03   2.01609E-02   1.03492E-06   9.01405E-01   1.46930E-02 
    2.06301E-02   4.31097E-02   1.00000E+00

 Phase Region for:
     FCC_A1#1                      
 col-1=T, col-2=X(FCC_A1#1,C), col-3=X(FCC_A1#1,CR), col-4=X(FCC_A1#1,FE),
   col-5=X(FCC_A1#1,MN), col-6=X(FCC_A1#1,NI), col-7=X(FCC_A1#1,SI),
   col-8=NP(FCC_A1#1),
   1.17300E+03   2.01609E-02   1.03492E-06   9.01405E-01   1.46930E-02 
    2.06301E-02   4.31097E-02   1.00000E+00
   1.16300E+03   2.01609E-02   1.03492E-06   9.01405E-01   1.46930E-02 
    2.06301E-02   4.31097E-02   1.00000E+00
   1.15300E+03   2.01609E-02   1.03492E-06   9.01405E-01   1.46930E-02 
    2.06301E-02   4.31097E-02   1.00000E+00
   1.14300E+03   2.01609E-02   1.03492E-06   9.01405E-01   1.46930E-02 
    2.06301E-02   4.31097E-02   1.00000E+00
   1.13300E+03   2.01609E-02   1.03492E-06   9.01405E-01   1.46930E-02 
    2.06301E-02   4.31097E-02   1.00000E+00
   1.12300E+03   2.01609E-02   1.03492E-06   9.01405E-01   1.46930E-02 
    2.06301E-02   4.31097E-02   1.00000E+00
   1.11300E+03   2.01609E-02   1.03492E-06   9.01405E-01   1.46930E-02 
    2.06301E-02   4.31097E-02   1.00000E+00
   1.10300E+03   2.01609E-02   1.03492E-06   9.01405E-01   1.46930E-02 
    2.06301E-02   4.31097E-02   1.00000E+00
   1.09300E+03   2.01609E-02   1.03492E-06   9.01405E-01   1.46930E-02 
    2.06301E-02   4.31097E-02   1.00000E+00
   1.08300E+03   2.01609E-02   1.03492E-06   9.01405E-01   1.46930E-02 
    2.06301E-02   4.31097E-02   1.00000E+00
   1.07300E+03   2.01609E-02   1.03492E-06   9.01405E-01   1.46930E-02 
    2.06301E-02   4.31097E-02   1.00000E+00
   1.06300E+03   2.01609E-02   1.03492E-06   9.01405E-01   1.46930E-02 
    2.06301E-02   4.31097E-02   1.00000E+00
   1.05300E+03   2.01609E-02   1.03492E-06   9.01405E-01   1.46930E-02 
    2.06301E-02   4.31097E-02   1.00000E+00
   1.04300E+03   2.01609E-02   1.03492E-06   9.01405E-01   1.46930E-02 
    2.06301E-02   4.31097E-02   1.00000E+00
   1.03300E+03   2.01609E-02   1.03492E-06   9.01405E-01   1.46930E-02 
    2.06301E-02   4.31097E-02   1.00000E+00
   1.02684E+03   2.01609E-02   1.03492E-06   9.01405E-01   1.46930E-02 
    2.06301E-02   4.31097E-02   1.00000E+00

 Phase Region for:
     BCC_A2                        
     FCC_A1#1                      
 col-1=T, col-2=X(BCC_A2,C), col-3=X(BCC_A2,CR), col-4=X(BCC_A2,FE),
   col-5=X(BCC_A2,MN), col-6=X(BCC_A2,NI), col-7=X(BCC_A2,SI),
   col-8=X(FCC_A1#1,C), col-9=X(FCC_A1#1,CR), col-10=X(FCC_A1#1,FE),
   col-11=X(FCC_A1#1,MN), col-12=X(FCC_A1#1,NI), col-13=X(FCC_A1#1,SI),
   col-14=NP(BCC_A2), col-15=NP(FCC_A1#1),
   1.02684E+03   5.45907E-04   6.69660E-07   9.29725E-01   5.45595E-03 
    9.39868E-03   5.48739E-02   2.01609E-02   1.03492E-06   9.01405E-01 
    1.46930E-02   2.06301E-02   4.31096E-02   6.98777E-07   9.99999E-01  NONE
   1.02300E+03   5.47210E-04   6.69311E-07   9.29887E-01   5.45810E-03 
    9.46697E-03   5.46401E-02   2.06953E-02   1.04488E-06   9.00629E-01 
    1.49446E-02   2.09342E-02   4.27955E-02   2.65238E-02   9.73476E-01  NONE
   1.01300E+03   5.50875E-04   6.67998E-07   9.30296E-01   5.45519E-03 
    9.64411E-03   5.40530E-02   2.21685E-02   1.07249E-06   8.98448E-01 
    1.56387E-02   2.17547E-02   4.19893E-02   9.28684E-02   9.07132E-01  NONE
   1.00300E+03   5.54927E-04   6.66042E-07   9.30692E-01   5.43816E-03 
    9.81871E-03   5.34958E-02   2.37655E-02   1.10274E-06   8.96021E-01 
    1.63945E-02   2.26177E-02   4.12001E-02   1.55300E-01   8.44700E-01  NONE
   9.93199E+02   5.59634E-04   6.62780E-07   9.31150E-01   5.37879E-03 
    9.97047E-03   5.29402E-02   2.54609E-02   1.13554E-06   8.93363E-01 
    1.72115E-02   2.35123E-02   4.04516E-02   2.12841E-01   7.87159E-01  NONE

 Phase Region for:
     BCC_A2                        
     CEMENTITE                     
     FCC_A1#1                      
 col-1=T, col-2=X(BCC_A2,C), col-3=X(BCC_A2,CR), col-4=X(BCC_A2,FE),
   col-5=X(BCC_A2,MN), col-6=X(BCC_A2,NI), col-7=X(BCC_A2,SI),
   col-8=X(CEMENTITE,C), col-9=X(CEMENTITE,CR), col-10=X(CEMENTITE,FE),
   col-11=X(CEMENTITE,MN), col-12=X(CEMENTITE,NI), col-13=X(CEMENTITE,SI),
   col-14=X(FCC_A1#1,C), col-15=X(FCC_A1#1,CR), col-16=X(FCC_A1#1,FE),
   col-17=X(FCC_A1#1,MN), col-18=X(FCC_A1#1,NI), col-19=X(FCC_A1#1,SI),
   col-20=NP(BCC_A2), col-21=NP(CEMENTITE), col-22=NP(FCC_A1#1),
   9.93198E+02   5.59634E-04   6.62779E-07   9.31150E-01   5.37880E-03 
    9.97048E-03   5.29402E-02   2.50000E-01   1.15493E-05   7.20908E-01 
    2.67789E-02   2.30191E-03   0.00000E+00   2.54609E-02   1.13554E-06 
    8.93363E-01   1.72115E-02   2.35123E-02   4.04516E-02   2.12843E-01 
    2.68603E-07   7.87157E-01
   9.93000E+02   5.58408E-04   6.60527E-07   9.31163E-01   5.38785E-03 
    9.99365E-03   5.28963E-02   2.50000E-01   1.15220E-05   7.20818E-01 
    2.68636E-02   2.30733E-03   0.00000E+00   2.54399E-02   1.13160E-06 
    8.93277E-01   1.72648E-02   2.35917E-02   4.04254E-02   2.16965E-01 
    5.31905E-04   7.82503E-01
   9.83000E+02   4.98127E-04   5.69714E-07   9.31410E-01   5.85631E-03 
    1.11934E-02   5.10419E-02   2.50000E-01   1.04580E-05   7.16050E-01 
    3.13495E-02   2.59015E-03   0.00000E+00   2.43382E-02   9.70384E-07 
    8.88252E-01   2.01217E-02   2.78961E-02   3.93908E-02   3.99175E-01 
    2.36597E-02   5.77165E-01
   9.73000E+02   4.41524E-04   5.09513E-07   9.31060E-01   6.32245E-03 
    1.24147E-02   4.97608E-02   2.50000E-01   9.82686E-06   7.10955E-01 
    3.61533E-02   2.88229E-03   0.00000E+00   2.31737E-02   8.59741E-07 
    8.82016E-01   2.32583E-02   3.27524E-02   3.87986E-02   5.36582E-01 
    4.04931E-02   4.22925E-01
   9.63000E+02   3.89362E-04   4.66934E-07   9.30357E-01   6.75751E-03 
    1.36122E-02   4.88836E-02   2.50000E-01   9.45422E-06   7.05670E-01 
    4.11471E-02   3.17324E-03   0.00000E+00   2.19745E-02   7.78220E-07 
    8.74812E-01   2.66050E-02   3.81089E-02   3.84985E-02   6.38645E-01 
    5.25014E-02   3.08854E-01
   9.53000E+02   3.41946E-04   4.34907E-07   9.29474E-01   7.14420E-03 
    1.47583E-02   4.82816E-02   2.50000E-01   9.24246E-06   7.00294E-01 
    4.62401E-02   3.45647E-03   0.00000E+00   2.07618E-02   7.14121E-07 
    8.66799E-01   3.01168E-02   4.39465E-02   3.83755E-02   7.14212E-01 
    6.09987E-02   2.24789E-01
   9.43000E+02   2.99266E-04   4.09435E-07   9.28525E-01   7.47300E-03 
    1.58374E-02   4.78651E-02   2.50000E-01   9.13500E-06   6.94895E-01 
    5.13681E-02   3.72820E-03   0.00000E+00   1.95502E-02   6.60845E-07 
    8.58061E-01   3.37678E-02   5.02721E-02   3.83485E-02   7.70265E-01 
    6.69953E-02   1.62740E-01
   9.33000E+02   2.61127E-04   3.88168E-07   9.27584E-01   7.73939E-03 
    1.68414E-02   4.75740E-02   2.50000E-01   9.09774E-06   6.89521E-01 
    5.64835E-02   3.98622E-03   0.00000E+00   1.83497E-02   6.14541E-07 
    8.48628E-01   3.75471E-02   5.71124E-02   3.83621E-02   8.11964E-01 
    7.12216E-02   1.16814E-01
   9.23000E+02   2.27236E-04   3.69670E-07   9.26697E-01   7.94196E-03 
    1.77658E-02   4.73681E-02   2.50000E-01   9.10933E-06   6.84212E-01 
    6.15494E-02   4.22924E-03   0.00000E+00   1.71669E-02   5.72887E-07 
    8.38491E-01   4.14548E-02   6.45080E-02   3.83784E-02   8.43041E-01 
    7.41942E-02   8.27644E-02
   9.13000E+02   1.97253E-04   3.53030E-07   9.25892E-01   8.08139E-03 
    1.86082E-02   4.72206E-02   2.50000E-01   9.15590E-06   6.78999E-01 
    6.65355E-02   4.45636E-03   0.00000E+00   1.60065E-02   5.34450E-07 
    8.27611E-01   4.55003E-02   7.25105E-02   3.83714E-02   8.66188E-01 
    7.62765E-02   5.75356E-02
   9.03000E+02   1.70827E-04   3.37659E-07   9.25188E-01   8.15970E-03 
    1.93671E-02   4.71137E-02   2.50000E-01   9.22809E-06   6.73907E-01 
    7.14167E-02   4.66690E-03   0.00000E+00   1.48720E-02   4.98334E-07 
    8.15924E-01   4.97013E-02   8.11795E-02   3.83226E-02   8.83359E-01 
    7.77251E-02   3.89159E-02
   8.93000E+02   1.47611E-04   3.23159E-07   9.24595E-01   8.17990E-03 
    2.00415E-02   4.70353E-02   2.50000E-01   9.31935E-06   6.68959E-01 
    7.61712E-02   4.86025E-03   0.00000E+00   1.37662E-02   4.63981E-07 
    8.03351E-01   5.40818E-02   9.05810E-02   3.82190E-02   8.95992E-01 
    7.87223E-02   2.52855E-02
   8.83000E+02   1.27275E-04   3.09264E-07   9.24119E-01   8.14563E-03 
    2.06305E-02   4.69775E-02   2.50000E-01   9.42496E-06   6.64174E-01 
    8.07805E-02   5.03580E-03   0.00000E+00   1.26922E-02   4.31056E-07 
    7.89801E-01   5.86718E-02   1.00784E-01   3.80508E-02   9.05159E-01 
    7.93989E-02   1.54421E-02
   8.73000E+02   1.09509E-04   2.95791E-07   9.23761E-01   8.06103E-03 
    2.11335E-02   4.69347E-02   2.50000E-01   9.54137E-06   6.59569E-01 
    8.52285E-02   5.19298E-03   0.00000E+00   1.16532E-02   3.99382E-07 
    7.75177E-01   6.35049E-02   1.11854E-01   3.78111E-02   9.11670E-01 
    7.98490E-02   8.48070E-03
   8.63000E+02   9.40254E-05   2.82618E-07   9.23521E-01   7.93060E-03 
    2.15503E-02   4.69035E-02   2.50000E-01   9.66587E-06   6.55157E-01 
    8.95021E-02   5.33129E-03   0.00000E+00   1.06531E-02   3.68897E-07 
    7.59389E-01   6.86148E-02   1.23847E-01   3.74951E-02   9.16149E-01 
    8.01410E-02   3.71042E-03
   8.53000E+02   8.05624E-05   2.69661E-07   9.23398E-01   7.75907E-03 
    2.18812E-02   4.68812E-02   2.50000E-01   9.79626E-06   6.50950E-01 
    9.35903E-02   5.45032E-03   0.00000E+00   9.69682E-03   3.39627E-07 
    7.42377E-01   7.40296E-02   1.36796E-01   3.71010E-02   9.19078E-01 
    8.03244E-02   5.97148E-04
   8.50375E+02   7.73323E-05   2.66288E-07   9.23384E-01   7.70783E-03 
    2.19540E-02   4.68766E-02   2.50000E-01   9.83125E-06   6.49880E-01 
    9.46319E-02   5.47835E-03   0.00000E+00   9.45377E-03   3.32155E-07 
    7.37704E-01   7.55040E-02   1.40353E-01   3.69846E-02   9.19641E-01 
    8.03592E-02   0.00000E+00

 Phase Region for:
     BCC_A2                        
     CEMENTITE                     
 col-1=T, col-2=X(BCC_A2,C), col-3=X(BCC_A2,CR), col-4=X(BCC_A2,FE),
   col-5=X(BCC_A2,MN), col-6=X(BCC_A2,NI), col-7=X(BCC_A2,SI),
   col-8=X(CEMENTITE,C), col-9=X(CEMENTITE,CR), col-10=X(CEMENTITE,FE),
   col-11=X(CEMENTITE,MN), col-12=X(CEMENTITE,NI), col-13=X(CEMENTITE,SI),
   col-14=NP(BCC_A2), col-15=NP(CEMENTITE),
   8.50375E+02   7.73323E-05   2.66288E-07   9.23384E-01   7.70783E-03 
    2.19540E-02   4.68766E-02   2.50000E-01   9.83125E-06   6.49880E-01 
    9.46319E-02   5.47835E-03   0.00000E+00   9.19641E-01   8.03592E-02  NONE
   8.43000E+02   6.90421E-05   2.56769E-07   9.23602E-01   7.49889E-03 
    2.19521E-02   4.68782E-02   2.50000E-01   9.93651E-06   6.47495E-01 
    9.69891E-02   5.50642E-03   0.00000E+00   9.19610E-01   8.03897E-02  NONE
   8.33000E+02   5.90438E-05   2.43994E-07   9.23896E-01   7.21479E-03 
    2.19495E-02   4.68801E-02   2.50000E-01   1.00781E-05   6.44249E-01 
    1.00196E-01   5.54440E-03   0.00000E+00   9.19573E-01   8.04265E-02  NONE
   8.23000E+02   5.03334E-05   2.31391E-07   9.24191E-01   6.93014E-03 
    2.19467E-02   4.68817E-02   2.50000E-01   1.02183E-05   6.40995E-01 
    1.03413E-01   5.58236E-03   0.00000E+00   9.19541E-01   8.04586E-02  NONE
   8.13000E+02   4.27671E-05   2.18978E-07   9.24485E-01   6.64529E-03 
    2.19439E-02   4.68831E-02   2.50000E-01   1.03566E-05   6.37736E-01 
    1.06634E-01   5.62036E-03   0.00000E+00   9.19514E-01   8.04864E-02  NONE
   8.03000E+02   3.62148E-05   2.06777E-07   9.24778E-01   6.36065E-03 
    2.19410E-02   4.68843E-02   2.50000E-01   1.04929E-05   6.34477E-01 
    1.09854E-01   5.65847E-03   0.00000E+00   9.19489E-01   8.05105E-02  NONE
   7.93000E+02   3.05587E-05   1.94809E-07   9.25069E-01   6.07667E-03 
    2.19380E-02   4.68854E-02   2.50000E-01   1.06269E-05   6.31223E-01 
    1.13070E-01   5.69674E-03   0.00000E+00   9.19469E-01   8.05313E-02  NONE
   7.83000E+02   2.56921E-05   1.83096E-07   9.25359E-01   5.79382E-03 
    2.19349E-02   4.68863E-02   2.50000E-01   1.07583E-05   6.27979E-01 
    1.16275E-01   5.73523E-03   0.00000E+00   9.19451E-01   8.05492E-02  NONE
   7.76776E+02   2.30191E-05   1.75943E-07   9.25538E-01   5.61857E-03 
    2.19330E-02   4.68868E-02   2.50000E-01   1.08387E-05   6.25968E-01 
    1.18262E-01   5.75930E-03   0.00000E+00   9.19441E-01   8.05590E-02  NONE

 Phase Region for:
     BCC_A2                        
     CEMENTITE                     
     FCC_A1#1                      
 col-1=T, col-2=X(BCC_A2,C), col-3=X(BCC_A2,CR), col-4=X(BCC_A2,FE),
   col-5=X(BCC_A2,MN), col-6=X(BCC_A2,NI), col-7=X(BCC_A2,SI),
   col-8=X(CEMENTITE,C), col-9=X(CEMENTITE,CR), col-10=X(CEMENTITE,FE),
   col-11=X(CEMENTITE,MN), col-12=X(CEMENTITE,NI), col-13=X(CEMENTITE,SI),
   col-14=X(FCC_A1#1,C), col-15=X(FCC_A1#1,CR), col-16=X(FCC_A1#1,FE),
   col-17=X(FCC_A1#1,MN), col-18=X(FCC_A1#1,NI), col-19=X(FCC_A1#1,SI),
   col-20=NP(BCC_A2), col-21=NP(CEMENTITE), col-22=NP(FCC_A1#1),
   7.76776E+02   2.30190E-05   1.75943E-07   9.25538E-01   5.61856E-03 
    2.19330E-02   4.68868E-02   2.50000E-01   1.08387E-05   6.25968E-01 
    1.18262E-01   5.75930E-03   0.00000E+00   4.44062E-03   1.69005E-07 
    5.86885E-01   1.21808E-01   2.54370E-01   3.24969E-02   9.19441E-01 
    8.05590E-02   8.53638E-09
   7.73000E+02   2.15490E-05   1.71591E-07   9.25742E-01   5.49502E-03 
    2.18493E-02   4.68920E-02   2.50000E-01   1.08884E-05   6.25044E-01 
    1.19193E-01   5.75198E-03   0.00000E+00   4.28116E-03   1.63196E-07 
    5.79336E-01   1.24065E-01   2.60044E-01   3.22727E-02   9.19116E-01 
    8.05589E-02   3.25567E-04
   7.63000E+02   1.80552E-05   1.60254E-07   9.26305E-01   5.16769E-03 
    2.16027E-02   4.69068E-02   2.50000E-01   1.10180E-05   6.22729E-01 
    1.21535E-01   5.72525E-03   0.00000E+00   3.89541E-03   1.48825E-07 
    5.59939E-01   1.29818E-01   2.74637E-01   3.17110E-02   9.18230E-01 
    8.05585E-02   1.21105E-03
   7.53000E+02   1.50794E-05   1.49219E-07   9.26895E-01   4.84230E-03 
    2.13244E-02   4.69229E-02   2.50000E-01   1.11441E-05   6.20600E-01 
    1.23700E-01   5.68882E-03   0.00000E+00   3.55666E-03   1.35789E-07 
    5.41455E-01   1.35217E-01   2.88572E-01   3.11999E-02   9.17327E-01 
    8.05583E-02   2.11492E-03
   7.43000E+02   1.25513E-05   1.38514E-07   9.27506E-01   4.52127E-03 
    2.10195E-02   4.69400E-02   2.50000E-01   1.12665E-05   6.18653E-01 
    1.25692E-01   5.64377E-03   0.00000E+00   3.25777E-03   1.23927E-07 
    5.23896E-01   1.40251E-01   3.01854E-01   3.07416E-02   9.16418E-01 
    8.05583E-02   3.02383E-03
   7.33000E+02   1.04096E-05   1.28168E-07   9.28133E-01   4.20663E-03 
    2.06920E-02   4.69578E-02   2.50000E-01   1.13847E-05   6.16884E-01 
    1.27513E-01   5.59096E-03   0.00000E+00   2.99251E-03   1.13098E-07 
    5.07235E-01   1.44922E-01   3.14513E-01   3.03367E-02   9.15512E-01 
    8.05585E-02   3.92941E-03
   7.23000E+02   8.60053E-06   1.18206E-07   9.28770E-01   3.90012E-03 
    2.03454E-02   4.69760E-02   2.50000E-01   1.14985E-05   6.15290E-01 
    1.29167E-01   5.53110E-03   0.00000E+00   2.75560E-03   1.03180E-07 
    4.91425E-01   1.49242E-01   3.26593E-01   2.99842E-02   9.14614E-01 
    8.05590E-02   4.82650E-03
   7.13000E+02   7.07736E-06   1.08649E-07   9.29413E-01   3.60316E-03 
    1.99822E-02   4.69944E-02   2.50000E-01   1.16076E-05   6.13870E-01 
    1.30654E-01   5.46473E-03   0.00000E+00   2.54265E-03   9.40712E-08 
    4.76406E-01   1.53225E-01   3.38144E-01   2.96828E-02   9.13728E-01 
    8.05597E-02   5.71204E-03
   7.03000E+02   5.79924E-06   9.95177E-08   9.30060E-01   3.31695E-03 
    1.96047E-02   4.70128E-02   2.50000E-01   1.17118E-05   6.12620E-01 
    1.31976E-01   5.39228E-03   0.00000E+00   2.35006E-03   8.56887E-08 
    4.62116E-01   1.56889E-01   3.49214E-01   2.94308E-02   9.12855E-01 
    8.05606E-02   6.58438E-03
   6.93000E+02   4.73062E-06   9.08270E-08   9.30707E-01   3.04246E-03 
    1.92146E-02   4.70311E-02   2.50000E-01   1.18109E-05   6.11540E-01 
    1.33135E-01   5.31405E-03   0.00000E+00   2.17487E-03   7.79620E-08 
    4.48494E-01   1.60252E-01   3.59852E-01   2.92264E-02   9.11996E-01 
    8.05617E-02   7.44280E-03
   6.83000E+02   3.84061E-06   8.25894E-08   9.31353E-01   2.78047E-03 
    1.88131E-02   4.70491E-02   2.50000E-01   1.19048E-05   6.10627E-01 
    1.34131E-01   5.23027E-03   0.00000E+00   2.01467E-03   7.08327E-08 
    4.35483E-01   1.63333E-01   3.70101E-01   2.90679E-02   9.11150E-01 
    8.05629E-02   8.28723E-03
   6.73000E+02   3.10239E-06   7.48137E-08   9.31997E-01   2.53158E-03 
    1.84013E-02   4.70667E-02   2.50000E-01   1.19933E-05   6.09880E-01 
    1.34967E-01   5.14108E-03   0.00000E+00   1.86748E-03   6.42514E-08 
    4.23029E-01   1.66149E-01   3.80001E-01   2.89538E-02   9.10318E-01 
    8.05643E-02   9.11800E-03
