
 Phase Region for:
     FCC_A1#1                      
 col-1=T, col-2=X(FCC_A1#1,C), col-3=X(FCC_A1#1,CR), col-4=X(FCC_A1#1,FE),
   col-5=X(FCC_A1#1,MN), col-6=X(FCC_A1#1,NI), col-7=X(FCC_A1#1,SI),
   col-8=NP(FCC_A1#1),
   1.17300E+03   1.99496E-02   5.12036E-02   8.34749E-01   1.45390E-02 
    2.26822E-02   5.68763E-02   1.00000E+00
   1.18300E+03   1.99496E-02   5.12036E-02   8.34749E-01   1.45390E-02 
    2.26822E-02   5.68763E-02   1.00000E+00
   1.19300E+03   1.99496E-02   5.12036E-02   8.34749E-01   1.45390E-02 
    2.26822E-02   5.68763E-02   1.00000E+00
   1.20300E+03   1.99496E-02   5.12036E-02   8.34749E-01   1.45390E-02 
    2.26822E-02   5.68763E-02   1.00000E+00
   1.21300E+03   1.99496E-02   5.12036E-02   8.34749E-01   1.45390E-02 
    2.26822E-02   5.68763E-02   1.00000E+00
   1.22300E+03   1.99496E-02   5.12036E-02   8.34749E-01   1.45390E-02 
    2.26822E-02   5.68763E-02   1.00000E+00
   1.23300E+03   1.99496E-02   5.12036E-02   8.34749E-01   1.45390E-02 
    2.26822E-02   5.68763E-02   1.00000E+00
   1.24300E+03   1.99496E-02   5.12036E-02   8.34749E-01   1.45390E-02 
    2.26822E-02   5.68763E-02   1.00000E+00
   1.25300E+03   1.99496E-02   5.12036E-02   8.34749E-01   1.45390E-02 
    2.26822E-02   5.68763E-02   1.00000E+00
   1.26300E+03   1.99496E-02   5.12036E-02   8.34749E-01   1.45390E-02 
    2.26822E-02   5.68763E-02   1.00000E+00
   1.27300E+03   1.99496E-02   5.12036E-02   8.34749E-01   1.45390E-02 
    2.26822E-02   5.68763E-02   1.00000E+00
   1.28300E+03   1.99496E-02   5.12036E-02   8.34749E-01   1.45390E-02 
    2.26822E-02   5.68763E-02   1.00000E+00
   1.29300E+03   1.99496E-02   5.12036E-02   8.34749E-01   1.45390E-02 
    2.26822E-02   5.68763E-02   1.00000E+00
   1.30300E+03   1.99496E-02   5.12036E-02   8.34749E-01   1.45390E-02 
    2.26822E-02   5.68763E-02   1.00000E+00
   1.31300E+03   1.99496E-02   5.12036E-02   8.34749E-01   1.45390E-02 
    2.26822E-02   5.68763E-02   1.00000E+00
   1.32300E+03   1.99496E-02   5.12036E-02   8.34749E-01   1.45390E-02 
    2.26822E-02   5.68763E-02   1.00000E+00
   1.33300E+03   1.99496E-02   5.12036E-02   8.34749E-01   1.45390E-02 
    2.26822E-02   5.68763E-02   1.00000E+00
   1.34300E+03   1.99496E-02   5.12036E-02   8.34749E-01   1.45390E-02 
    2.26822E-02   5.68763E-02   1.00000E+00
   1.35300E+03   1.99496E-02   5.12036E-02   8.34749E-01   1.45390E-02 
    2.26822E-02   5.68763E-02   1.00000E+00
   1.36300E+03   1.99496E-02   5.12036E-02   8.34749E-01   1.45390E-02 
    2.26822E-02   5.68763E-02   1.00000E+00
   1.37300E+03   1.99496E-02   5.12036E-02   8.34749E-01   1.45390E-02 
    2.26822E-02   5.68763E-02   1.00000E+00
   1.38300E+03   1.99496E-02   5.12036E-02   8.34749E-01   1.45390E-02 
    2.26822E-02   5.68763E-02   1.00000E+00
   1.39300E+03   1.99496E-02   5.12036E-02   8.34749E-01   1.45390E-02 
    2.26822E-02   5.68763E-02   1.00000E+00
   1.40300E+03   1.99496E-02   5.12036E-02   8.34749E-01   1.45390E-02 
    2.26822E-02   5.68763E-02   1.00000E+00
   1.41300E+03   1.99496E-02   5.12036E-02   8.34749E-01   1.45390E-02 
    2.26822E-02   5.68763E-02   1.00000E+00
   1.42300E+03   1.99496E-02   5.12036E-02   8.34749E-01   1.45390E-02 
    2.26822E-02   5.68763E-02   1.00000E+00
   1.43300E+03   1.99496E-02   5.12036E-02   8.34749E-01   1.45390E-02 
    2.26822E-02   5.68763E-02   1.00000E+00
   1.44300E+03   1.99496E-02   5.12036E-02   8.34749E-01   1.45390E-02 
    2.26822E-02   5.68763E-02   1.00000E+00
   1.45300E+03   1.99496E-02   5.12036E-02   8.34749E-01   1.45390E-02 
    2.26822E-02   5.68763E-02   1.00000E+00
   1.46300E+03   1.99496E-02   5.12036E-02   8.34749E-01   1.45390E-02 
    2.26822E-02   5.68763E-02   1.00000E+00
   1.47300E+03   1.99496E-02   5.12036E-02   8.34749E-01   1.45390E-02 
    2.26822E-02   5.68763E-02   1.00000E+00

 Phase Region for:
     FCC_A1#1                      
 col-1=T, col-2=X(FCC_A1#1,C), col-3=X(FCC_A1#1,CR), col-4=X(FCC_A1#1,FE),
   col-5=X(FCC_A1#1,MN), col-6=X(FCC_A1#1,NI), col-7=X(FCC_A1#1,SI),
   col-8=NP(FCC_A1#1),
   1.17300E+03   1.99496E-02   5.12036E-02   8.34749E-01   1.45390E-02 
    2.26822E-02   5.68763E-02   1.00000E+00
   1.16300E+03   1.99496E-02   5.12036E-02   8.34749E-01   1.45390E-02 
    2.26822E-02   5.68763E-02   1.00000E+00
   1.15675E+03   1.99496E-02   5.12036E-02   8.34749E-01   1.45390E-02 
    2.26822E-02   5.68763E-02   1.00000E+00

 Phase Region for:
     CEMENTITE                     
     FCC_A1#1                      
 col-1=T, col-2=X(CEMENTITE,C), col-3=X(CEMENTITE,CR), col-4=X(CEMENTITE,FE),
   col-5=X(CEMENTITE,MN), col-6=X(CEMENTITE,NI), col-7=X(CEMENTITE,SI),
   col-8=X(FCC_A1#1,C), col-9=X(FCC_A1#1,CR), col-10=X(FCC_A1#1,FE),
   col-11=X(FCC_A1#1,MN), col-12=X(FCC_A1#1,NI), col-13=X(FCC_A1#1,SI),
   col-14=NP(CEMENTITE), col-15=NP(FCC_A1#1),
   1.15675E+03   2.50000E-01   2.94719E-01   4.41896E-01   1.18690E-02 
    1.51580E-03   0.00000E+00   1.99496E-02   5.12036E-02   8.34749E-01 
    1.45390E-02   2.26822E-02   5.68763E-02   4.14967E-08   1.00000E+00
   1.15300E+03   2.50000E-01   2.95644E-01   4.40971E-01   1.18850E-02 
    1.49948E-03   0.00000E+00   1.95938E-02   5.08256E-02   8.35358E-01 
    1.45431E-02   2.27149E-02   5.69643E-02   1.54397E-03   9.98456E-01
   1.14300E+03   2.50000E-01   2.98170E-01   4.38445E-01   1.19287E-02 
    1.45626E-03   0.00000E+00   1.86624E-02   4.98217E-02   8.36967E-01 
    1.45536E-02   2.28010E-02   5.71946E-02   5.56424E-03   9.94436E-01
   1.13300E+03   2.50000E-01   3.00780E-01   4.35833E-01   1.19735E-02 
    1.41357E-03   0.00000E+00   1.77573E-02   4.88253E-02   8.38551E-01 
    1.45634E-02   2.28849E-02   5.74183E-02   9.43938E-03   9.90561E-01
   1.12300E+03   2.50000E-01   3.03474E-01   4.33135E-01   1.20193E-02 
    1.37143E-03   0.00000E+00   1.68788E-02   4.78362E-02   8.40110E-01 
    1.45726E-02   2.29666E-02   5.76355E-02   1.31725E-02   9.86827E-01
   1.11300E+03   2.50000E-01   3.06256E-01   4.30347E-01   1.20662E-02 
    1.32985E-03   0.00000E+00   1.60266E-02   4.68543E-02   8.41645E-01 
    1.45811E-02   2.30463E-02   5.78462E-02   1.67667E-02   9.83233E-01
   1.10300E+03   2.50000E-01   3.09128E-01   4.27469E-01   1.21142E-02 
    1.28885E-03   0.00000E+00   1.52008E-02   4.58794E-02   8.43157E-01 
    1.45890E-02   2.31238E-02   5.80504E-02   2.02249E-02   9.79775E-01
   1.09300E+03   2.50000E-01   3.12091E-01   4.24497E-01   1.21633E-02 
    1.24843E-03   0.00000E+00   1.44012E-02   4.49115E-02   8.44644E-01 
    1.45963E-02   2.31991E-02   5.82481E-02   2.35501E-02   9.76450E-01
   1.08300E+03   2.50000E-01   3.15147E-01   4.21431E-01   1.22134E-02 
    1.20861E-03   0.00000E+00   1.36278E-02   4.39504E-02   8.46107E-01 
    1.46029E-02   2.32723E-02   5.84393E-02   2.67451E-02   9.73255E-01
   1.07300E+03   2.50000E-01   3.18300E-01   4.18266E-01   1.22646E-02 
    1.16939E-03   0.00000E+00   1.28804E-02   4.29960E-02   8.47547E-01 
    1.46088E-02   2.33432E-02   5.86241E-02   2.98128E-02   9.70187E-01
   1.06300E+03   2.50000E-01   3.21550E-01   4.15002E-01   1.23168E-02 
    1.13080E-03   0.00000E+00   1.21589E-02   4.20483E-02   8.48964E-01 
    1.46142E-02   2.34120E-02   5.88025E-02   3.27559E-02   9.67244E-01
   1.05300E+03   2.50000E-01   3.24901E-01   4.11636E-01   1.23701E-02 
    1.09285E-03   0.00000E+00   1.14631E-02   4.11070E-02   8.50358E-01 
    1.46190E-02   2.34786E-02   5.89745E-02   3.55771E-02   9.64423E-01
   1.04623E+03   2.50000E-01   3.27228E-01   4.09298E-01   1.24067E-02 
    1.06751E-03   0.00000E+00   1.10065E-02   4.04733E-02   8.51288E-01 
    1.46218E-02   2.35224E-02   5.90874E-02   3.74196E-02   9.62580E-01

 Phase Region for:
     BCC_A2                        
     CEMENTITE                     
     FCC_A1#1                      
 col-1=T, col-2=X(BCC_A2,C), col-3=X(BCC_A2,CR), col-4=X(BCC_A2,FE),
   col-5=X(BCC_A2,MN), col-6=X(BCC_A2,NI), col-7=X(BCC_A2,SI),
   col-8=X(CEMENTITE,C), col-9=X(CEMENTITE,CR), col-10=X(CEMENTITE,FE),
   col-11=X(CEMENTITE,MN), col-12=X(CEMENTITE,NI), col-13=X(CEMENTITE,SI),
   col-14=X(FCC_A1#1,C), col-15=X(FCC_A1#1,CR), col-16=X(FCC_A1#1,FE),
   col-17=X(FCC_A1#1,MN), col-18=X(FCC_A1#1,NI), col-19=X(FCC_A1#1,SI),
   col-20=NP(BCC_A2), col-21=NP(CEMENTITE), col-22=NP(FCC_A1#1),
   1.04623E+03   3.61101E-04   3.32218E-02   8.78295E-01   6.63069E-03 
    1.12890E-02   7.02021E-02   2.50000E-01   3.27228E-01   4.09298E-01 
    1.24068E-02   1.06751E-03   0.00000E+00   1.10065E-02   4.04733E-02 
    8.51288E-01   1.46219E-02   2.35225E-02   5.90874E-02   1.77165E-06 
    3.74197E-02   9.62579E-01
   1.04300E+03   3.47760E-04   3.27649E-02   8.78897E-01   6.77083E-03 
    1.15621E-02   6.96574E-02   2.50000E-01   3.27479E-01   4.08609E-01 
    1.28246E-02   1.08742E-03   0.00000E+00   1.08225E-02   3.99269E-02 
    8.51171E-01   1.50967E-02   2.43409E-02   5.86419E-02   5.59047E-02 
    4.06086E-02   9.03487E-01
   1.03300E+03   3.07997E-04   3.14584E-02   8.80421E-01   7.21571E-03 
    1.24365E-02   6.81605E-02   2.50000E-01   3.28896E-01   4.05768E-01 
    1.41852E-02   1.15031E-03   0.00000E+00   1.02263E-02   3.83257E-02 
    8.50277E-01   1.66705E-02   2.70706E-02   5.74300E-02   2.12479E-01 
    4.93410E-02   7.38180E-01
   1.02300E+03   2.70839E-04   3.02982E-02   8.81500E-01   7.66587E-03 
    1.33363E-02   6.69292E-02   2.50000E-01   3.31238E-01   4.01918E-01 
    1.56306E-02   1.21330E-03   0.00000E+00   9.59949E-03   3.68501E-02 
    8.48626E-01   1.83913E-02   3.00831E-02   5.64499E-02   3.44654E-01 
    5.64277E-02   5.98918E-01
   1.01300E+03   2.36540E-04   2.92591E-02   8.82228E-01   8.10790E-03 
    1.42401E-02   6.59285E-02   2.50000E-01   3.34427E-01   3.97155E-01 
    1.71429E-02   1.27443E-03   0.00000E+00   8.95419E-03   3.54814E-02 
    8.46283E-01   2.02495E-02   3.33646E-02   5.56674E-02   4.54453E-01 
    6.20511E-02   4.83496E-01
   1.00300E+03   2.05245E-04   2.83166E-02   8.82698E-01   8.53017E-03 
    1.51290E-02   6.51210E-02   2.50000E-01   3.38374E-01   3.91586E-01 
    1.87085E-02   1.33220E-03   0.00000E+00   8.30219E-03   3.42001E-02 
    8.43305E-01   2.22409E-02   3.69057E-02   5.50464E-02   5.44628E-01 
    6.64351E-02   3.88936E-01
   9.93000E+02   1.76992E-04   2.74484E-02   8.82992E-01   8.92286E-03 
    1.59868E-02   6.44725E-02   2.50000E-01   3.42988E-01   3.85307E-01 
    2.03195E-02   1.38553E-03   0.00000E+00   7.65380E-03   3.29877E-02 
    8.39733E-01   2.43674E-02   4.07037E-02   5.45544E-02   6.18075E-01 
    6.98051E-02   3.12120E-01
   9.83000E+02   1.51724E-04   2.66354E-02   8.83183E-01   9.27764E-03 
    1.67993E-02   6.39532E-02   2.50000E-01   3.48188E-01   3.78405E-01 
    2.19732E-02   1.43370E-03   0.00000E+00   7.01751E-03   3.18277E-02 
    8.35590E-01   2.66385E-02   4.47634E-02   5.41631E-02   6.77497E-01 
    7.23658E-02   2.50137E-01
   9.73000E+02   1.29315E-04   2.58615E-02   8.83330E-01   9.58705E-03 
    1.75537E-02   6.35389E-02   2.50000E-01   3.53906E-01   3.70945E-01 
    2.36724E-02   1.47628E-03   0.00000E+00   6.39994E-03   3.07062E-02 
    8.30876E-01   2.90707E-02   4.90975E-02   5.38498E-02   7.25259E-01 
    7.42917E-02   2.00449E-01
   9.63000E+02   1.09462E-04   2.50935E-02   8.83629E-01   9.78098E-03 
    1.81771E-02   6.32101E-02   2.50000E-01   3.60278E-01   3.62723E-01 
    2.54871E-02   1.51192E-03   0.00000E+00   5.79857E-03   2.96316E-02 
    8.25423E-01   3.17714E-02   5.37080E-02   5.36675E-02   7.62001E-01 
    7.57003E-02   1.62299E-01
   9.53000E+02   9.21364E-05   2.43454E-02   8.83943E-01   9.93224E-03 
    1.87360E-02   6.29516E-02   2.50000E-01   3.67036E-01   3.54032E-01 
    2.73894E-02   1.54286E-03   0.00000E+00   5.22565E-03   2.85634E-02 
    8.19268E-01   3.47273E-02   5.87033E-02   5.35128E-02   7.91494E-01 
    7.67526E-02   1.31753E-01
   9.43000E+02   7.71812E-05   2.36202E-02   8.84224E-01   1.00712E-02 
    1.92583E-02   6.27489E-02   2.50000E-01   3.74016E-01   3.45083E-01 
    2.93315E-02   1.56945E-03   0.00000E+00   4.68804E-03   2.74834E-02 
    8.12471E-01   3.79009E-02   6.41292E-02   5.33278E-02   8.15584E-01 
    7.75424E-02   1.06874E-01
   9.33000E+02   6.43497E-05   2.29104E-02   8.84508E-01   1.01907E-02 
    1.97366E-02   6.25899E-02   2.50000E-01   3.81177E-01   3.35937E-01 
    3.12955E-02   1.59133E-03   0.00000E+00   4.18686E-03   2.63889E-02 
    8.05010E-01   4.12961E-02   7.00169E-02   5.31009E-02   8.35091E-01 
    7.81300E-02   8.67794E-02
   9.23000E+02   5.34028E-05   2.22104E-02   8.84820E-01   1.02856E-02 
    2.01650E-02   6.24654E-02   2.50000E-01   3.88488E-01   3.26639E-01 
    3.32647E-02   1.60826E-03   0.00000E+00   3.72240E-03   2.52788E-02 
    7.96847E-01   4.49220E-02   7.64072E-02   5.28225E-02   8.50758E-01 
    7.85642E-02   7.06775E-02
   9.13000E+02   4.41143E-05   2.15164E-02   8.85180E-01   1.03521E-02 
    2.05391E-02   6.23683E-02   2.50000E-01   3.95925E-01   3.17232E-01 
    3.52233E-02   1.62013E-03   0.00000E+00   3.29427E-03   2.41525E-02 
    7.87927E-01   4.87929E-02   8.33491E-02   5.24841E-02   8.63237E-01 
    7.88833E-02   5.78802E-02
   9.03000E+02   3.62738E-05   2.08256E-02   8.85602E-01   1.03875E-02 
    2.08552E-02   6.22930E-02   2.50000E-01   4.03468E-01   3.07748E-01 
    3.71566E-02   1.62686E-03   0.00000E+00   2.90168E-03   2.30110E-02 
    7.78181E-01   5.29286E-02   9.08994E-02   5.20787E-02   8.73080E-01 
    7.91168E-02   4.78028E-02
   8.93000E+02   2.96892E-05   2.01362E-02   8.86098E-01   1.03901E-02 
    2.11100E-02   6.22358E-02   2.50000E-01   4.11103E-01   2.98217E-01 
    3.90507E-02   1.62840E-03   0.00000E+00   2.54349E-03   2.18560E-02 
    7.67525E-01   5.73544E-02   9.91215E-02   5.16000E-02   8.80759E-01 
    7.92872E-02   3.99536E-02
   8.83000E+02   2.41871E-05   1.94468E-02   8.86676E-01   1.03591E-02 
    2.13009E-02   6.21935E-02   2.50000E-01   4.18817E-01   2.88665E-01 
    4.08924E-02   1.62476E-03   0.00000E+00   2.21842E-03   2.06903E-02 
    7.55864E-01   6.21007E-02   1.08084E-01   5.10428E-02   8.86667E-01 
    7.94115E-02   3.39213E-02
   8.73000E+02   1.96123E-05   1.87568E-02   8.87340E-01   1.02941E-02 
    2.14258E-02   6.21638E-02   2.50000E-01   4.26600E-01   2.79115E-01 
    4.26697E-02   1.61596E-03   0.00000E+00   1.92508E-03   1.95179E-02 
    7.43099E-01   6.72015E-02   1.17854E-01   5.04027E-02   8.91136E-01 
    7.95023E-02   2.93617E-02
   8.63000E+02   1.58275E-05   1.80659E-02   8.88095E-01   1.01955E-02 
    2.14831E-02   6.21452E-02   2.50000E-01   4.34441E-01   2.69586E-01 
    4.43713E-02   1.60206E-03   0.00000E+00   1.66203E-03   1.83442E-02 
    7.29129E-01   7.26924E-02   1.28496E-01   4.96766E-02   8.94443E-01 
    7.95689E-02   2.59878E-02
   8.53000E+02   1.27118E-05   1.73740E-02   8.88941E-01   1.00639E-02 
    2.14718E-02   6.21362E-02   2.50000E-01   4.42331E-01   2.60099E-01 
    4.59875E-02   1.58317E-03   0.00000E+00   1.42785E-03   1.71763E-02 
    7.13873E-01   7.86049E-02   1.40054E-01   4.88640E-02   8.96821E-01 
    7.96181E-02   2.35604E-02
   8.43000E+02   1.01598E-05   1.66814E-02   8.89880E-01   9.90083E-03 
    2.13923E-02   6.21358E-02   2.50000E-01   4.50259E-01   2.50672E-01 
    4.75097E-02   1.55947E-03   0.00000E+00   1.22107E-03   1.60230E-02 
    6.97292E-01   8.49591E-02   1.52537E-01   4.79677E-02   8.98463E-01 
    7.96549E-02   2.18817E-02
   8.33000E+02   8.08026E-06   1.59884E-02   8.90907E-01   9.70788E-03 
    2.12457E-02   6.21430E-02   2.50000E-01   4.58216E-01   2.41322E-01 
    4.89307E-02   1.53121E-03   0.00000E+00   1.04024E-03   1.48953E-02 
    6.79416E-01   9.17524E-02   1.65901E-01   4.69954E-02   8.99528E-01 
    7.96827E-02   2.07898E-02
   8.23000E+02   6.39429E-06   1.52958E-02   8.92019E-01   9.48728E-03 
    2.10349E-02   6.21569E-02   2.50000E-01   4.66187E-01   2.32068E-01 
    5.02456E-02   1.49873E-03   0.00000E+00   8.83770E-04   1.38051E-02 
    6.60378E-01   9.89487E-02   1.80023E-01   4.59614E-02   9.00141E-01 
    7.97040E-02   2.01547E-02
   8.13000E+02   5.03453E-06   1.46041E-02   8.93209E-01   9.24158E-03 
    2.07640E-02   6.21768E-02   2.50000E-01   4.74160E-01   2.22926E-01 
    5.14514E-02   1.46248E-03   0.00000E+00   7.49854E-04   1.27646E-02 
    6.40427E-01   1.06472E-01   1.94701E-01   4.48858E-02   9.00405E-01 
    7.97206E-02   1.98743E-02
   8.03000E+02   3.94360E-06   1.39144E-02   8.94468E-01   8.97373E-03 
    2.04385E-02   6.22017E-02   2.50000E-01   4.82118E-01   2.13912E-01 
    5.25474E-02   1.42295E-03   0.00000E+00   6.36425E-04   1.17841E-02 
    6.19911E-01   1.14208E-01   2.09667E-01   4.37934E-02   9.00397E-01 
    7.97335E-02   1.98694E-02
   7.93000E+02   3.07298E-06   1.32278E-02   8.95787E-01   8.68689E-03 
    2.00648E-02   6.22308E-02   2.50000E-01   4.90044E-01   2.05040E-01 
    5.35355E-02   1.38069E-03   0.00000E+00   5.41143E-04   1.08703E-02 
    5.99223E-01   1.22026E-01   2.24630E-01   4.27094E-02   9.00178E-01 
    7.97438E-02   2.00784E-02
   7.83000E+02   2.38190E-06   1.25455E-02   8.97155E-01   8.38437E-03 
    1.96496E-02   6.22635E-02   2.50000E-01   4.97920E-01   1.96324E-01 
    5.44194E-02   1.33626E-03   0.00000E+00   4.61523E-04   1.00258E-02 
    5.78733E-01   1.29795E-01   2.39329E-01   4.16557E-02   8.99795E-01 
    7.97520E-02   2.04529E-02
   7.73000E+02   1.83632E-06   1.18691E-02   8.98561E-01   8.06937E-03 
    1.91998E-02   6.22989E-02   2.50000E-01   5.05727E-01   1.87778E-01 
    5.52047E-02   1.29019E-03   0.00000E+00   3.95111E-04   9.24904E-03 
    5.58736E-01   1.37408E-01   2.53563E-01   4.06480E-02   8.99288E-01 
    7.97586E-02   2.09538E-02
   7.63000E+02   1.40798E-06   1.12000E-02   8.99996E-01   7.74493E-03 
    1.87217E-02   6.23364E-02   2.50000E-01   5.13444E-01   1.79415E-01 
    5.58976E-02   1.24296E-03   0.00000E+00   3.39653E-04   8.53556E-03 
    5.39432E-01   1.44789E-01   2.67208E-01   3.96960E-02   8.98687E-01 
    7.97640E-02   2.15490E-02
   7.53000E+02   1.07357E-06   1.05398E-02   9.01449E-01   7.41380E-03 
    1.82210E-02   6.23755E-02   2.50000E-01   5.21054E-01   1.71246E-01 
    5.65053E-02   1.19500E-03   0.00000E+00   2.93189E-04   7.87964E-03 
    5.20930E-01   1.51891E-01   2.80203E-01   3.88036E-02   8.98019E-01 
    7.97684E-02   2.22126E-02
   7.43000E+02   8.14004E-07   9.89008E-03   9.02912E-01   7.07839E-03 
    1.77027E-02   6.24157E-02   2.50000E-01   5.28536E-01   1.63283E-01 
    5.70346E-02   1.14668E-03   0.00000E+00   2.54081E-04   7.27514E-03 
    5.03269E-01   1.58690E-01   2.92540E-01   3.79712E-02   8.97305E-01 
    7.97721E-02   2.29233E-02
   7.33000E+02   6.13699E-07   9.25248E-03   9.04378E-01   6.74084E-03 
    1.71712E-02   6.24566E-02   2.50000E-01   5.35871E-01   1.55538E-01 
    5.74926E-02   1.09831E-03   0.00000E+00   2.20998E-04   6.71622E-03 
    4.86445E-01   1.65182E-01   3.04239E-01   3.71969E-02   8.96561E-01 
    7.97752E-02   2.36642E-02
   7.23000E+02   4.60045E-07   8.62855E-03   9.05840E-01   6.40296E-03 
    1.66301E-02   6.24977E-02   2.50000E-01   5.43043E-01   1.48021E-01 
    5.78863E-02   1.05016E-03   0.00000E+00   1.92867E-04   6.19765E-03 
    4.70422E-01   1.71370E-01   3.15340E-01   3.64778E-02   8.95801E-01 
    7.97778E-02   2.44217E-02
   7.13000E+02   3.42886E-07   8.01983E-03   9.07292E-01   6.06636E-03 
    1.60828E-02   6.25389E-02   2.50000E-01   5.50032E-01   1.40743E-01 
    5.82224E-02   1.00246E-03   0.00000E+00   1.68835E-04   5.71493E-03 
    4.55155E-01   1.77262E-01   3.25889E-01   3.58103E-02   8.95035E-01 
    7.97801E-02   2.51851E-02
   7.03000E+02   2.54099E-07   7.42780E-03   9.08728E-01   5.73241E-03 
    1.55320E-02   6.25797E-02   2.50000E-01   5.56824E-01   1.33713E-01 
    5.85077E-02   9.55400E-04   0.00000E+00   1.48213E-04   5.26427E-03 
    4.40590E-01   1.82872E-01   3.35935E-01   3.51912E-02   8.94272E-01 
    7.97820E-02   2.59459E-02
   6.93000E+02   1.87225E-07   6.85387E-03   9.10144E-01   5.40230E-03 
    1.49801E-02   6.26200E-02   2.50000E-01   5.63401E-01   1.26941E-01 
    5.87489E-02   9.09161E-04   0.00000E+00   1.30452E-04   4.84248E-03 
    4.26673E-01   1.88210E-01   3.45527E-01   3.46174E-02   8.93519E-01 
    7.97837E-02   2.66973E-02
   6.83000E+02   1.37168E-07   6.29937E-03   9.11535E-01   5.07709E-03 
    1.44293E-02   6.26595E-02   2.50000E-01   5.69750E-01   1.20433E-01 
    5.89526E-02   8.63896E-04   0.00000E+00   1.15105E-04   4.44693E-03 
    4.13352E-01   1.93290E-01   3.54709E-01   3.40865E-02   8.92781E-01 
    7.97852E-02   2.74339E-02
   6.73000E+02   9.99303E-08   5.76556E-03   9.12897E-01   4.75771E-03 
    1.38813E-02   6.26981E-02   2.50000E-01   5.75857E-01   1.14198E-01 
    5.91255E-02   8.19742E-04   0.00000E+00   1.01807E-04   4.07545E-03 
    4.00580E-01   1.98120E-01   3.63526E-01   3.35962E-02   8.92062E-01 
    7.97865E-02   2.81514E-02
