
 Phase Region for:
     FCC_A1#1                      
 col-1=T, col-2=X(FCC_A1#1,C), col-3=X(FCC_A1#1,CR), col-4=X(FCC_A1#1,FE),
   col-5=X(FCC_A1#1,MN), col-6=X(FCC_A1#1,NI), col-7=X(FCC_A1#1,SI),
   col-8=NP(FCC_A1#1),
   1.17300E+03   2.02598E-02   3.12000E-02   8.76780E-01   2.21471E-02 
    2.07313E-02   2.88814E-02   1.00000E+00
   1.18300E+03   2.02598E-02   3.12000E-02   8.76780E-01   2.21471E-02 
    2.07313E-02   2.88814E-02   1.00000E+00
   1.19300E+03   2.02598E-02   3.12000E-02   8.76780E-01   2.21471E-02 
    2.07313E-02   2.88814E-02   1.00000E+00
   1.20300E+03   2.02598E-02   3.12000E-02   8.76780E-01   2.21471E-02 
    2.07313E-02   2.88814E-02   1.00000E+00
   1.21300E+03   2.02598E-02   3.12000E-02   8.76780E-01   2.21471E-02 
    2.07313E-02   2.88814E-02   1.00000E+00
   1.22300E+03   2.02598E-02   3.12000E-02   8.76780E-01   2.21471E-02 
    2.07313E-02   2.88814E-02   1.00000E+00
   1.23300E+03   2.02598E-02   3.12000E-02   8.76780E-01   2.21471E-02 
    2.07313E-02   2.88814E-02   1.00000E+00
   1.24300E+03   2.02598E-02   3.12000E-02   8.76780E-01   2.21471E-02 
    2.07313E-02   2.88814E-02   1.00000E+00
   1.25300E+03   2.02598E-02   3.12000E-02   8.76780E-01   2.21471E-02 
    2.07313E-02   2.88814E-02   1.00000E+00
   1.26300E+03   2.02598E-02   3.12000E-02   8.76780E-01   2.21471E-02 
    2.07313E-02   2.88814E-02   1.00000E+00
   1.27300E+03   2.02598E-02   3.12000E-02   8.76780E-01   2.21471E-02 
    2.07313E-02   2.88814E-02   1.00000E+00
   1.28300E+03   2.02598E-02   3.12000E-02   8.76780E-01   2.21471E-02 
    2.07313E-02   2.88814E-02   1.00000E+00
   1.29300E+03   2.02598E-02   3.12000E-02   8.76780E-01   2.21471E-02 
    2.07313E-02   2.88814E-02   1.00000E+00
   1.30300E+03   2.02598E-02   3.12000E-02   8.76780E-01   2.21471E-02 
    2.07313E-02   2.88814E-02   1.00000E+00
   1.31300E+03   2.02598E-02   3.12000E-02   8.76780E-01   2.21471E-02 
    2.07313E-02   2.88814E-02   1.00000E+00
   1.32300E+03   2.02598E-02   3.12000E-02   8.76780E-01   2.21471E-02 
    2.07313E-02   2.88814E-02   1.00000E+00
   1.33300E+03   2.02598E-02   3.12000E-02   8.76780E-01   2.21471E-02 
    2.07313E-02   2.88814E-02   1.00000E+00
   1.34300E+03   2.02598E-02   3.12000E-02   8.76780E-01   2.21471E-02 
    2.07313E-02   2.88814E-02   1.00000E+00
   1.35300E+03   2.02598E-02   3.12000E-02   8.76780E-01   2.21471E-02 
    2.07313E-02   2.88814E-02   1.00000E+00
   1.36300E+03   2.02598E-02   3.12000E-02   8.76780E-01   2.21471E-02 
    2.07313E-02   2.88814E-02   1.00000E+00
   1.37300E+03   2.02598E-02   3.12000E-02   8.76780E-01   2.21471E-02 
    2.07313E-02   2.88814E-02   1.00000E+00
   1.38300E+03   2.02598E-02   3.12000E-02   8.76780E-01   2.21471E-02 
    2.07313E-02   2.88814E-02   1.00000E+00
   1.39300E+03   2.02598E-02   3.12000E-02   8.76780E-01   2.21471E-02 
    2.07313E-02   2.88814E-02   1.00000E+00
   1.40300E+03   2.02598E-02   3.12000E-02   8.76780E-01   2.21471E-02 
    2.07313E-02   2.88814E-02   1.00000E+00
   1.41300E+03   2.02598E-02   3.12000E-02   8.76780E-01   2.21471E-02 
    2.07313E-02   2.88814E-02   1.00000E+00
   1.42300E+03   2.02598E-02   3.12000E-02   8.76780E-01   2.21471E-02 
    2.07313E-02   2.88814E-02   1.00000E+00
   1.43300E+03   2.02598E-02   3.12000E-02   8.76780E-01   2.21471E-02 
    2.07313E-02   2.88814E-02   1.00000E+00
   1.44300E+03   2.02598E-02   3.12000E-02   8.76780E-01   2.21471E-02 
    2.07313E-02   2.88814E-02   1.00000E+00
   1.45300E+03   2.02598E-02   3.12000E-02   8.76780E-01   2.21471E-02 
    2.07313E-02   2.88814E-02   1.00000E+00
   1.46300E+03   2.02598E-02   3.12000E-02   8.76780E-01   2.21471E-02 
    2.07313E-02   2.88814E-02   1.00000E+00
   1.47300E+03   2.02598E-02   3.12000E-02   8.76780E-01   2.21471E-02 
    2.07313E-02   2.88814E-02   1.00000E+00

 Phase Region for:
     FCC_A1#1                      
 col-1=T, col-2=X(FCC_A1#1,C), col-3=X(FCC_A1#1,CR), col-4=X(FCC_A1#1,FE),
   col-5=X(FCC_A1#1,MN), col-6=X(FCC_A1#1,NI), col-7=X(FCC_A1#1,SI),
   col-8=NP(FCC_A1#1),
   1.17300E+03   2.02598E-02   3.12000E-02   8.76780E-01   2.21471E-02 
    2.07313E-02   2.88814E-02   1.00000E+00
   1.16300E+03   2.02598E-02   3.12000E-02   8.76780E-01   2.21471E-02 
    2.07313E-02   2.88814E-02   1.00000E+00
   1.15300E+03   2.02598E-02   3.12000E-02   8.76780E-01   2.21471E-02 
    2.07313E-02   2.88814E-02   1.00000E+00
   1.14300E+03   2.02598E-02   3.12000E-02   8.76780E-01   2.21471E-02 
    2.07313E-02   2.88814E-02   1.00000E+00
   1.13300E+03   2.02598E-02   3.12000E-02   8.76780E-01   2.21471E-02 
    2.07313E-02   2.88814E-02   1.00000E+00
   1.12300E+03   2.02598E-02   3.12000E-02   8.76780E-01   2.21471E-02 
    2.07313E-02   2.88814E-02   1.00000E+00
   1.11300E+03   2.02598E-02   3.12000E-02   8.76780E-01   2.21471E-02 
    2.07313E-02   2.88814E-02   1.00000E+00
   1.10300E+03   2.02598E-02   3.12000E-02   8.76780E-01   2.21471E-02 
    2.07313E-02   2.88814E-02   1.00000E+00
   1.09300E+03   2.02598E-02   3.12000E-02   8.76780E-01   2.21471E-02 
    2.07313E-02   2.88814E-02   1.00000E+00
   1.08300E+03   2.02598E-02   3.12000E-02   8.76780E-01   2.21471E-02 
    2.07313E-02   2.88814E-02   1.00000E+00
   1.07986E+03   2.02598E-02   3.12000E-02   8.76780E-01   2.21471E-02 
    2.07313E-02   2.88814E-02   1.00000E+00

 Phase Region for:
     CEMENTITE                     
     FCC_A1#1                      
 col-1=T, col-2=X(CEMENTITE,C), col-3=X(CEMENTITE,CR), col-4=X(CEMENTITE,FE),
   col-5=X(CEMENTITE,MN), col-6=X(CEMENTITE,NI), col-7=X(CEMENTITE,SI),
   col-8=X(FCC_A1#1,C), col-9=X(FCC_A1#1,CR), col-10=X(FCC_A1#1,FE),
   col-11=X(FCC_A1#1,MN), col-12=X(FCC_A1#1,NI), col-13=X(FCC_A1#1,SI),
   col-14=NP(CEMENTITE), col-15=NP(FCC_A1#1),
   1.07986E+03   2.50000E-01   2.39532E-01   4.86179E-01   2.31725E-02 
    1.11617E-03   0.00000E+00   2.02598E-02   3.12000E-02   8.76780E-01 
    2.21471E-02   2.07313E-02   2.88814E-02   4.06046E-08   1.00000E+00
   1.07300E+03   2.50000E-01   2.40828E-01   4.84800E-01   2.32794E-02 
    1.09257E-03   0.00000E+00   1.96260E-02   3.06217E-02   8.77862E-01 
    2.21440E-02   2.07854E-02   2.89611E-02   2.75115E-03   9.97249E-01
   1.06300E+03   2.50000E-01   2.42754E-01   4.82748E-01   2.34397E-02 
    1.05859E-03   0.00000E+00   1.87232E-02   2.97850E-02   8.79416E-01 
    2.21385E-02   2.08629E-02   2.90746E-02   6.64403E-03   9.93356E-01
   1.05300E+03   2.50000E-01   2.44725E-01   4.80644E-01   2.36055E-02 
    1.02513E-03   0.00000E+00   1.78457E-02   2.89562E-02   8.80943E-01 
    2.21318E-02   2.09383E-02   2.91849E-02   1.03987E-02   9.89601E-01
   1.04300E+03   2.50000E-01   2.46742E-01   4.78489E-01   2.37771E-02 
    9.92194E-04   0.00000E+00   1.69935E-02   2.81355E-02   8.82443E-01 
    2.21239E-02   2.10119E-02   2.92920E-02   1.40182E-02   9.85982E-01
   1.03300E+03   2.50000E-01   2.48804E-01   4.76282E-01   2.39545E-02 
    9.59795E-04   0.00000E+00   1.61665E-02   2.73229E-02   8.83916E-01 
    2.21149E-02   2.10835E-02   2.93960E-02   1.75052E-02   9.82495E-01
   1.02300E+03   2.50000E-01   2.50913E-01   4.74021E-01   2.41381E-02 
    9.27936E-04   0.00000E+00   1.53647E-02   2.65185E-02   8.85362E-01 
    2.21047E-02   2.11532E-02   2.94968E-02   2.08627E-02   9.79137E-01
   1.01300E+03   2.50000E-01   2.53069E-01   4.71706E-01   2.43281E-02 
    8.96625E-04   0.00000E+00   1.45880E-02   2.57225E-02   8.86781E-01 
    2.20933E-02   2.12209E-02   2.95944E-02   2.40932E-02   9.75907E-01
   1.00300E+03   2.50000E-01   2.55272E-01   4.69337E-01   2.45247E-02 
    8.65868E-04   0.00000E+00   1.38363E-02   2.49349E-02   8.88173E-01 
    2.20806E-02   2.12867E-02   2.96889E-02   2.71996E-02   9.72800E-01
   9.99771E+02   2.50000E-01   2.55994E-01   4.68561E-01   2.45897E-02 
    8.56056E-04   0.00000E+00   1.35989E-02   2.46824E-02   8.88616E-01 
    2.20763E-02   2.13075E-02   2.97188E-02   2.81765E-02   9.71824E-01

 Phase Region for:
     BCC_A2                        
     CEMENTITE                     
     FCC_A1#1                      
 col-1=T, col-2=X(BCC_A2,C), col-3=X(BCC_A2,CR), col-4=X(BCC_A2,FE),
   col-5=X(BCC_A2,MN), col-6=X(BCC_A2,NI), col-7=X(BCC_A2,SI),
   col-8=X(CEMENTITE,C), col-9=X(CEMENTITE,CR), col-10=X(CEMENTITE,FE),
   col-11=X(CEMENTITE,MN), col-12=X(CEMENTITE,NI), col-13=X(CEMENTITE,SI),
   col-14=X(FCC_A1#1,C), col-15=X(FCC_A1#1,CR), col-16=X(FCC_A1#1,FE),
   col-17=X(FCC_A1#1,MN), col-18=X(FCC_A1#1,NI), col-19=X(FCC_A1#1,SI),
   col-20=NP(BCC_A2), col-21=NP(CEMENTITE), col-22=NP(FCC_A1#1),
   9.99771E+02   3.10931E-04   1.78167E-02   9.29497E-01   7.74849E-03 
    8.85743E-03   3.57700E-02   2.50000E-01   2.55993E-01   4.68561E-01 
    2.45897E-02   8.56057E-04   0.00000E+00   1.35989E-02   2.46824E-02 
    8.88616E-01   2.20763E-02   2.13076E-02   2.97188E-02   2.18136E-06 
    2.81766E-02   9.71821E-01
   9.93000E+02   2.87632E-04   1.69397E-02   9.30387E-01   8.10881E-03 
    9.41327E-03   3.48640E-02   2.50000E-01   2.53419E-01   4.68468E-01 
    2.71961E-02   9.16987E-04   0.00000E+00   1.32411E-02   2.35728E-02 
    8.86253E-01   2.42466E-02   2.34977E-02   2.91884E-02   1.36883E-01 
    3.71341E-02   8.25983E-01
   9.83000E+02   2.54214E-04   1.58552E-02   9.31113E-01   8.66236E-03 
    1.02431E-02   3.38719E-02   2.50000E-01   2.50971E-01   4.66729E-01 
    3.12939E-02   1.00644E-03   0.00000E+00   1.26262E-02   2.21333E-02 
    8.81741E-01   2.77454E-02   2.70645E-02   2.86895E-02   3.02275E-01 
    4.79134E-02   6.49812E-01
   9.73000E+02   2.22653E-04   1.49659E-02   9.31362E-01   9.20923E-03 
    1.10572E-02   3.31832E-02   2.50000E-01   2.49961E-01   4.63350E-01 
    3.55966E-02   1.09218E-03   0.00000E+00   1.19364E-02   2.08854E-02 
    8.76209E-01   3.15363E-02   3.10019E-02   2.84311E-02   4.30741E-01 
    5.61575E-02   5.13102E-01
   9.63000E+02   1.93486E-04   1.42188E-02   9.31321E-01   9.72538E-03 
    1.18357E-02   3.27058E-02   2.50000E-01   2.50141E-01   4.58659E-01 
    4.00279E-02   1.17206E-03   0.00000E+00   1.12013E-02   1.97801E-02 
    8.69819E-01   3.55729E-02   3.53001E-02   2.83264E-02   5.30173E-01 
    6.23730E-02   4.07454E-01
   9.53000E+02   1.67001E-04   1.35730E-02   9.31123E-01   1.01954E-02 
    1.25670E-02   3.23747E-02   2.50000E-01   2.51270E-01   4.52953E-01 
    4.45320E-02   1.24497E-03   0.00000E+00   1.04455E-02   1.87775E-02 
    8.62674E-01   3.98264E-02   3.99654E-02   2.83115E-02   6.07292E-01 
    6.70261E-02   3.25682E-01
   9.43000E+02   1.43285E-04   1.29988E-02   9.30859E-01   1.06100E-02 
    1.32442E-02   3.21450E-02   2.50000E-01   2.53145E-01   4.46477E-01 
    4.90681E-02   1.31046E-03   0.00000E+00   9.68745E-03   1.78474E-02 
    8.54825E-01   4.42816E-02   4.50181E-02   2.83400E-02   6.67385E-01 
    7.05000E-02   2.62115E-01
   9.33000E+02   1.22286E-04   1.24748E-02   9.30590E-01   1.09638E-02 
    1.38637E-02   3.19857E-02   2.50000E-01   2.55602E-01   4.39424E-01 
    5.36056E-02   1.36844E-03   0.00000E+00   8.94081E-03   1.69674E-02 
    8.46289E-01   4.89347E-02   5.04899E-02   2.83783E-02   7.14468E-01 
    7.30923E-02   2.12440E-01
   9.23000E+02   1.03863E-04   1.19859E-02   9.30357E-01   1.12540E-02 
    1.44235E-02   3.18755E-02   2.50000E-01   2.58516E-01   4.31944E-01 
    5.81200E-02   1.41902E-03   0.00000E+00   8.21517E-03   1.61219E-02 
    8.37048E-01   5.37913E-02   5.64225E-02   2.84013E-02   7.51552E-01 
    7.50284E-02   1.73420E-01
   9.13000E+02   8.78234E-05   1.15212E-02   9.30189E-01   1.14797E-02 
    1.49224E-02   3.17996E-02   2.50000E-01   2.61792E-01   4.24154E-01 
    6.25913E-02   1.46239E-03   0.00000E+00   7.51714E-03   1.52998E-02 
    8.27060E-01   5.88658E-02   6.28666E-02   2.83902E-02   7.80895E-01 
    7.64764E-02   1.42628E-01
   9.03000E+02   7.39518E-05   1.10731E-02   9.30104E-01   1.16410E-02 
    1.53597E-02   3.17479E-02   2.50000E-01   2.65356E-01   4.16144E-01 
    6.70022E-02   1.49878E-03   0.00000E+00   6.85121E-03   1.44935E-02 
    8.16263E-01   6.41805E-02   6.98818E-02   2.83303E-02   8.04200E-01 
    7.75612E-02   1.18239E-01
   8.93000E+02   6.20257E-05   1.06362E-02   9.30114E-01   1.17392E-02 
    1.57346E-02   3.17134E-02   2.50000E-01   2.69149E-01   4.07985E-01 
    7.13373E-02   1.52838E-03   0.00000E+00   6.22028E-03   1.36981E-02 
    8.04572E-01   6.97654E-02   7.75354E-02   2.82094E-02   8.22758E-01 
    7.83753E-02   9.88669E-02
   8.83000E+02   5.18270E-05   1.02068E-02   9.30227E-01   1.17761E-02 
    1.60466E-02   3.16912E-02   2.50000E-01   2.73128E-01   3.99738E-01 
    7.55831E-02   1.55139E-03   0.00000E+00   5.62620E-03   1.29107E-02 
    7.91886E-01   7.56578E-02   8.59021E-02   2.80172E-02   8.37560E-01 
    7.89877E-02   8.34522E-02
   8.73000E+02   4.31483E-05   9.78227E-03   9.30447E-01   1.17539E-02 
    1.62951E-02   3.16782E-02   2.50000E-01   2.77256E-01   3.91449E-01 
    7.97274E-02   1.56796E-03   0.00000E+00   5.07008E-03   1.21302E-02 
    7.78093E-01   8.19010E-02   9.50614E-02   2.77446E-02   8.49375E-01 
    7.94493E-02   7.11758E-02
   8.63000E+02   3.57972E-05   9.36086E-03   9.30776E-01   1.16754E-02 
    1.64796E-02   3.16721E-02   2.50000E-01   2.81504E-01   3.83159E-01 
    8.37592E-02   1.57828E-03   0.00000E+00   4.55255E-03   1.13571E-02 
    7.63073E-01   8.85417E-02   1.05092E-01   2.73836E-02   8.58802E-01 
    7.97983E-02   6.13993E-02
   8.53000E+02   2.95979E-05   8.94154E-03   9.31213E-01   1.15438E-02 
    1.66003E-02   3.16715E-02   2.50000E-01   2.85847E-01   3.74902E-01 
    8.76689E-02   1.58253E-03   0.00000E+00   4.07404E-03   1.05931E-02 
    7.46717E-01   9.56242E-02   1.16064E-01   2.69275E-02   8.66316E-01 
    8.00630E-02   5.36215E-02
   8.43000E+02   2.43916E-05   8.52379E-03   9.31756E-01   1.13625E-02 
    1.66576E-02   3.16755E-02   2.50000E-01   2.90263E-01   3.66708E-01 
    9.14482E-02   1.58094E-03   0.00000E+00   3.63489E-03   9.84202E-03 
    7.28952E-01   1.03181E-01   1.28018E-01   2.63722E-02   8.72288E-01 
    8.02644E-02   4.74477E-02
   8.33000E+02   2.00368E-05   8.10748E-03   9.32401E-01   1.11353E-02 
    1.66532E-02   3.16833E-02   2.50000E-01   2.94732E-01   3.58603E-01 
    9.50906E-02   1.57379E-03   0.00000E+00   3.23537E-03   9.10868E-03 
    7.09771E-01   1.11221E-01   1.40947E-01   2.57175E-02   8.77016E-01 
    8.04182E-02   4.25662E-02
   8.23000E+02   1.64083E-05   7.69284E-03   9.33140E-01   1.08664E-02 
    1.65898E-02   3.16944E-02   2.50000E-01   2.99236E-01   3.50611E-01 
    9.85912E-02   1.56149E-03   0.00000E+00   2.87584E-03   8.40002E-03 
    6.89291E-01   1.19705E-01   1.54758E-01   2.49702E-02   8.80730E-01 
    8.05360E-02   3.87339E-02
   8.13000E+02   1.33961E-05   7.28039E-03   9.33966E-01   1.05602E-02 
    1.64713E-02   3.17084E-02   2.50000E-01   3.03756E-01   3.42751E-01 
    1.01949E-01   1.54452E-03   0.00000E+00   2.55606E-03   7.72310E-03 
    6.67767E-01   1.28542E-01   1.69267E-01   2.41449E-02   8.83617E-01 
    8.06264E-02   3.57564E-02
   8.03000E+02   1.09044E-05   6.87089E-03   9.34869E-01   1.02217E-02 
    1.63031E-02   3.17247E-02   2.50000E-01   3.08272E-01   3.35039E-01 
    1.05165E-01   1.52346E-03   0.00000E+00   2.27509E-03   7.08468E-03 
    6.45596E-01   1.37582E-01   1.84197E-01   2.32642E-02   8.85825E-01 
    8.06961E-02   3.34786E-02
   7.93000E+02   8.85000E-06   6.46535E-03   9.35836E-01   9.85599E-03 
    1.60911E-02   3.17429E-02   2.50000E-01   3.12767E-01   3.27487E-01 
    1.08247E-01   1.49897E-03   0.00000E+00   2.03089E-03   6.48960E-03 
    6.23255E-01   1.46645E-01   1.99224E-01   2.23555E-02   8.87478E-01 
    8.07498E-02   3.17720E-02
   7.83000E+02   7.16170E-06   6.06490E-03   9.36855E-01   9.46835E-03 
    1.58419E-02   3.17625E-02   2.50000E-01   3.17222E-01   3.20103E-01 
    1.11204E-01   1.47172E-03   0.00000E+00   1.82028E-03   5.93989E-03 
    6.01204E-01   1.55550E-01   2.14040E-01   2.14461E-02   8.88682E-01 
    8.07916E-02   3.05268E-02
   7.73000E+02   5.77851E-06   5.67083E-03   9.37914E-01   9.06384E-03 
    1.55620E-02   3.17831E-02   2.50000E-01   3.21617E-01   3.12894E-01 
    1.14047E-01   1.44234E-03   0.00000E+00   1.63932E-03   5.43483E-03 
    5.79808E-01   1.64152E-01   2.28407E-01   2.05584E-02   8.89527E-01 
    8.08244E-02   2.96481E-02
   7.63000E+02   4.64874E-06   5.28446E-03   9.39002E-01   8.64712E-03 
    1.52573E-02   3.18043E-02   2.50000E-01   3.25933E-01   3.05864E-01 
    1.16791E-01   1.41143E-03   0.00000E+00   1.48383E-03   4.97167E-03 
    5.59304E-01   1.72351E-01   2.42181E-01   1.97081E-02   8.90094E-01 
    8.08504E-02   2.90555E-02
   7.53000E+02   3.72875E-06   4.90709E-03   9.40108E-01   8.22237E-03 
    1.49332E-02   3.18258E-02   2.50000E-01   3.30155E-01   2.99017E-01 
    1.19448E-01   1.37948E-03   0.00000E+00   1.34982E-03   4.54671E-03 
    5.39808E-01   1.80097E-01   2.55294E-01   1.89043E-02   8.90446E-01 
    8.08712E-02   2.86825E-02
   7.43000E+02   2.98188E-06   4.54002E-03   9.41222E-01   7.79321E-03 
    1.45943E-02   3.18475E-02   2.50000E-01   3.34265E-01   2.92359E-01 
    1.22029E-01   1.34693E-03   0.00000E+00   1.23377E-03   4.15600E-03 
    5.21347E-01   1.87371E-01   2.67742E-01   1.81511E-02   8.90636E-01 
    8.08882E-02   2.84755E-02
   7.33000E+02   2.37740E-06   4.18445E-03   9.42337E-01   7.36273E-03 
    1.42445E-02   3.18691E-02   2.50000E-01   3.38249E-01   2.85893E-01 
    1.24545E-01   1.31413E-03   0.00000E+00   1.13268E-03   3.79587E-03 
    5.03895E-01   1.94175E-01   2.79553E-01   1.74495E-02   8.90705E-01 
    8.09023E-02   2.83927E-02
   7.23000E+02   1.88967E-06   3.84152E-03   9.43445E-01   6.93361E-03 
    1.38872E-02   3.18904E-02   2.50000E-01   3.42092E-01   2.79624E-01 
    1.27002E-01   1.28136E-03   0.00000E+00   1.04411E-03   3.46309E-03 
    4.87394E-01   2.00524E-01   2.90776E-01   1.67986E-02   8.90684E-01 
    8.09140E-02   2.84015E-02
   7.13000E+02   1.49738E-06   3.51224E-03   9.44542E-01   6.50818E-03 
    1.35251E-02   3.19113E-02   2.50000E-01   3.45783E-01   2.73560E-01 
    1.29409E-01   1.24886E-03   0.00000E+00   9.66034E-04   3.15495E-03 
    4.71776E-01   2.06439E-01   3.01467E-01   1.61965E-02   8.90599E-01 
    8.09240E-02   2.84766E-02
   7.03000E+02   1.18284E-06   3.19753E-03   9.45621E-01   6.08843E-03 
    1.31605E-02   3.19316E-02   2.50000E-01   3.49311E-01   2.67705E-01 
    1.31767E-01   1.21679E-03   0.00000E+00   8.96848E-04   2.86923E-03 
    4.56970E-01   2.11941E-01   3.11682E-01   1.56411E-02   8.90469E-01 
    8.09326E-02   2.85989E-02
   6.93000E+02   9.31426E-07   2.89816E-03   9.46678E-01   5.67615E-03 
    1.27954E-02   3.19512E-02   2.50000E-01   3.52667E-01   2.62066E-01 
    1.34082E-01   1.18531E-03   0.00000E+00   8.35215E-04   2.60405E-03 
    4.42904E-01   2.17052E-01   3.21474E-01   1.51301E-02   8.90307E-01 
    8.09400E-02   2.87534E-02
   6.83000E+02   7.31102E-07   2.61477E-03   9.47710E-01   5.27293E-03 
    1.24314E-02   3.19700E-02   2.50000E-01   3.55843E-01   2.56647E-01 
    1.36355E-01   1.15450E-03   0.00000E+00   7.80048E-04   2.35789E-03 
    4.29515E-01   2.21791E-01   3.30894E-01   1.46617E-02   8.90125E-01 
    8.09465E-02   2.89286E-02
   6.73000E+02   5.71991E-07   2.34787E-03   9.48714E-01   4.88021E-03 
    1.20697E-02   3.19878E-02   2.50000E-01   3.58835E-01   2.51455E-01 
    1.38585E-01   1.12444E-03   0.00000E+00   7.30450E-04   2.12948E-03 
    4.16745E-01   2.26175E-01   3.39986E-01   1.42340E-02   8.89932E-01 
    8.09523E-02   2.91159E-02
