
 Phase Region for:
     FCC_A1#1                      
 col-1=T, col-2=X(FCC_A1#1,C), col-3=X(FCC_A1#1,CR), col-4=X(FCC_A1#1,FE),
   col-5=X(FCC_A1#1,MN), col-6=X(FCC_A1#1,NI), col-7=X(FCC_A1#1,SI),
   col-8=NP(FCC_A1#1),
   1.17300E+03   2.01299E-02   1.55005E-02   8.85589E-01   2.20051E-02 
    1.37325E-02   4.30434E-02   1.00000E+00
   1.18300E+03   2.01299E-02   1.55005E-02   8.85589E-01   2.20051E-02 
    1.37325E-02   4.30434E-02   1.00000E+00
   1.19300E+03   2.01299E-02   1.55005E-02   8.85589E-01   2.20051E-02 
    1.37325E-02   4.30434E-02   1.00000E+00
   1.20300E+03   2.01299E-02   1.55005E-02   8.85589E-01   2.20051E-02 
    1.37325E-02   4.30434E-02   1.00000E+00
   1.21300E+03   2.01299E-02   1.55005E-02   8.85589E-01   2.20051E-02 
    1.37325E-02   4.30434E-02   1.00000E+00
   1.22300E+03   2.01299E-02   1.55005E-02   8.85589E-01   2.20051E-02 
    1.37325E-02   4.30434E-02   1.00000E+00
   1.23300E+03   2.01299E-02   1.55005E-02   8.85589E-01   2.20051E-02 
    1.37325E-02   4.30434E-02   1.00000E+00
   1.24300E+03   2.01299E-02   1.55005E-02   8.85589E-01   2.20051E-02 
    1.37325E-02   4.30434E-02   1.00000E+00
   1.25300E+03   2.01299E-02   1.55005E-02   8.85589E-01   2.20051E-02 
    1.37325E-02   4.30434E-02   1.00000E+00
   1.26300E+03   2.01299E-02   1.55005E-02   8.85589E-01   2.20051E-02 
    1.37325E-02   4.30434E-02   1.00000E+00
   1.27300E+03   2.01299E-02   1.55005E-02   8.85589E-01   2.20051E-02 
    1.37325E-02   4.30434E-02   1.00000E+00
   1.28300E+03   2.01299E-02   1.55005E-02   8.85589E-01   2.20051E-02 
    1.37325E-02   4.30434E-02   1.00000E+00
   1.29300E+03   2.01299E-02   1.55005E-02   8.85589E-01   2.20051E-02 
    1.37325E-02   4.30434E-02   1.00000E+00
   1.30300E+03   2.01299E-02   1.55005E-02   8.85589E-01   2.20051E-02 
    1.37325E-02   4.30434E-02   1.00000E+00
   1.31300E+03   2.01299E-02   1.55005E-02   8.85589E-01   2.20051E-02 
    1.37325E-02   4.30434E-02   1.00000E+00
   1.32300E+03   2.01299E-02   1.55005E-02   8.85589E-01   2.20051E-02 
    1.37325E-02   4.30434E-02   1.00000E+00
   1.33300E+03   2.01299E-02   1.55005E-02   8.85589E-01   2.20051E-02 
    1.37325E-02   4.30434E-02   1.00000E+00
   1.34300E+03   2.01299E-02   1.55005E-02   8.85589E-01   2.20051E-02 
    1.37325E-02   4.30434E-02   1.00000E+00
   1.35300E+03   2.01299E-02   1.55005E-02   8.85589E-01   2.20051E-02 
    1.37325E-02   4.30434E-02   1.00000E+00
   1.36300E+03   2.01299E-02   1.55005E-02   8.85589E-01   2.20051E-02 
    1.37325E-02   4.30434E-02   1.00000E+00
   1.37300E+03   2.01299E-02   1.55005E-02   8.85589E-01   2.20051E-02 
    1.37325E-02   4.30434E-02   1.00000E+00
   1.38300E+03   2.01299E-02   1.55005E-02   8.85589E-01   2.20051E-02 
    1.37325E-02   4.30434E-02   1.00000E+00
   1.39300E+03   2.01299E-02   1.55005E-02   8.85589E-01   2.20051E-02 
    1.37325E-02   4.30434E-02   1.00000E+00
   1.40300E+03   2.01299E-02   1.55005E-02   8.85589E-01   2.20051E-02 
    1.37325E-02   4.30434E-02   1.00000E+00
   1.41300E+03   2.01299E-02   1.55005E-02   8.85589E-01   2.20051E-02 
    1.37325E-02   4.30434E-02   1.00000E+00
   1.42300E+03   2.01299E-02   1.55005E-02   8.85589E-01   2.20051E-02 
    1.37325E-02   4.30434E-02   1.00000E+00
   1.43300E+03   2.01299E-02   1.55005E-02   8.85589E-01   2.20051E-02 
    1.37325E-02   4.30434E-02   1.00000E+00
   1.44300E+03   2.01299E-02   1.55005E-02   8.85589E-01   2.20051E-02 
    1.37325E-02   4.30434E-02   1.00000E+00
   1.45300E+03   2.01299E-02   1.55005E-02   8.85589E-01   2.20051E-02 
    1.37325E-02   4.30434E-02   1.00000E+00
   1.46300E+03   2.01299E-02   1.55005E-02   8.85589E-01   2.20051E-02 
    1.37325E-02   4.30434E-02   1.00000E+00
   1.47300E+03   2.01299E-02   1.55005E-02   8.85589E-01   2.20051E-02 
    1.37325E-02   4.30434E-02   1.00000E+00

 Phase Region for:
     FCC_A1#1                      
 col-1=T, col-2=X(FCC_A1#1,C), col-3=X(FCC_A1#1,CR), col-4=X(FCC_A1#1,FE),
   col-5=X(FCC_A1#1,MN), col-6=X(FCC_A1#1,NI), col-7=X(FCC_A1#1,SI),
   col-8=NP(FCC_A1#1),
   1.17300E+03   2.01299E-02   1.55005E-02   8.85589E-01   2.20051E-02 
    1.37325E-02   4.30434E-02   1.00000E+00
   1.16300E+03   2.01299E-02   1.55005E-02   8.85589E-01   2.20051E-02 
    1.37325E-02   4.30434E-02   1.00000E+00
   1.15300E+03   2.01299E-02   1.55005E-02   8.85589E-01   2.20051E-02 
    1.37325E-02   4.30434E-02   1.00000E+00
   1.14300E+03   2.01299E-02   1.55005E-02   8.85589E-01   2.20051E-02 
    1.37325E-02   4.30434E-02   1.00000E+00
   1.13300E+03   2.01299E-02   1.55005E-02   8.85589E-01   2.20051E-02 
    1.37325E-02   4.30434E-02   1.00000E+00
   1.12300E+03   2.01299E-02   1.55005E-02   8.85589E-01   2.20051E-02 
    1.37325E-02   4.30434E-02   1.00000E+00
   1.11300E+03   2.01299E-02   1.55005E-02   8.85589E-01   2.20051E-02 
    1.37325E-02   4.30434E-02   1.00000E+00
   1.10300E+03   2.01299E-02   1.55005E-02   8.85589E-01   2.20051E-02 
    1.37325E-02   4.30434E-02   1.00000E+00
   1.09300E+03   2.01299E-02   1.55005E-02   8.85589E-01   2.20051E-02 
    1.37325E-02   4.30434E-02   1.00000E+00
   1.08300E+03   2.01299E-02   1.55005E-02   8.85589E-01   2.20051E-02 
    1.37325E-02   4.30434E-02   1.00000E+00
   1.07300E+03   2.01299E-02   1.55005E-02   8.85589E-01   2.20051E-02 
    1.37325E-02   4.30434E-02   1.00000E+00
   1.06300E+03   2.01299E-02   1.55005E-02   8.85589E-01   2.20051E-02 
    1.37325E-02   4.30434E-02   1.00000E+00
   1.05300E+03   2.01299E-02   1.55005E-02   8.85589E-01   2.20051E-02 
    1.37325E-02   4.30434E-02   1.00000E+00
   1.04300E+03   2.01299E-02   1.55005E-02   8.85589E-01   2.20051E-02 
    1.37325E-02   4.30434E-02   1.00000E+00
   1.03300E+03   2.01299E-02   1.55005E-02   8.85589E-01   2.20051E-02 
    1.37325E-02   4.30434E-02   1.00000E+00
   1.02381E+03   2.01299E-02   1.55005E-02   8.85589E-01   2.20051E-02 
    1.37325E-02   4.30434E-02   1.00000E+00

 Phase Region for:
     CEMENTITE                     
     FCC_A1#1                      
 col-1=T, col-2=X(CEMENTITE,C), col-3=X(CEMENTITE,CR), col-4=X(CEMENTITE,FE),
   col-5=X(CEMENTITE,MN), col-6=X(CEMENTITE,NI), col-7=X(CEMENTITE,SI),
   col-8=X(FCC_A1#1,C), col-9=X(FCC_A1#1,CR), col-10=X(FCC_A1#1,FE),
   col-11=X(FCC_A1#1,MN), col-12=X(FCC_A1#1,NI), col-13=X(FCC_A1#1,SI),
   col-14=NP(CEMENTITE), col-15=NP(FCC_A1#1),
   1.02381E+03   2.50000E-01   1.42370E-01   5.78158E-01   2.86012E-02 
    8.70722E-04   0.00000E+00   2.01299E-02   1.55005E-02   8.85589E-01 
    2.20051E-02   1.37325E-02   4.30434E-02   3.92444E-08   1.00000E+00  NONE
   1.02300E+03   2.50000E-01   1.42441E-01   5.78065E-01   2.86252E-02 
    8.68589E-04   0.00000E+00   2.00572E-02   1.54603E-02   8.85686E-01 
    2.20030E-02   1.37366E-02   4.30570E-02   3.16218E-04   9.99684E-01  NONE
   1.01543E+03   2.50000E-01   1.43107E-01   5.77191E-01   2.88538E-02 
    8.48691E-04   0.00000E+00   1.93825E-02   1.50856E-02   8.86591E-01 
    2.19828E-02   1.37744E-02   4.31833E-02   3.24086E-03   9.96759E-01  NONE

 Phase Region for:
     BCC_A2                        
     CEMENTITE                     
     FCC_A1#1                      
 col-1=T, col-2=X(BCC_A2,C), col-3=X(BCC_A2,CR), col-4=X(BCC_A2,FE),
   col-5=X(BCC_A2,MN), col-6=X(BCC_A2,NI), col-7=X(BCC_A2,SI),
   col-8=X(CEMENTITE,C), col-9=X(CEMENTITE,CR), col-10=X(CEMENTITE,FE),
   col-11=X(CEMENTITE,MN), col-12=X(CEMENTITE,NI), col-13=X(CEMENTITE,SI),
   col-14=X(FCC_A1#1,C), col-15=X(FCC_A1#1,CR), col-16=X(FCC_A1#1,FE),
   col-17=X(FCC_A1#1,MN), col-18=X(FCC_A1#1,NI), col-19=X(FCC_A1#1,SI),
   col-20=NP(BCC_A2), col-21=NP(CEMENTITE), col-22=NP(FCC_A1#1),
   1.01543E+03   4.75799E-04   1.01784E-02   9.20909E-01   8.55200E-03 
    6.16697E-03   5.37178E-02   2.50000E-01   1.43106E-01   5.77191E-01 
    2.88539E-02   8.48692E-04   0.00000E+00   1.93825E-02   1.50855E-02 
    8.86591E-01   2.19829E-02   1.37744E-02   4.31833E-02   2.26898E-06 
    3.24106E-03   9.96757E-01
   1.01300E+03   4.64768E-04   9.93011E-03   9.21296E-01   8.74309E-03 
    6.32401E-03   5.32423E-02   2.50000E-01   1.41406E-01   5.77763E-01 
    2.99584E-02   8.72845E-04   0.00000E+00   1.92760E-02   1.47336E-02 
    8.86193E-01   2.26993E-02   1.42697E-02   4.28284E-02   5.39524E-02 
    8.09971E-03   9.37948E-01
   1.00300E+03   4.19228E-04   9.04242E-03   9.22428E-01   9.54976E-03 
    7.00276E-03   5.15582E-02   2.50000E-01   1.35520E-01   5.78696E-01 
    3.48066E-02   9.76698E-04   0.00000E+00   1.87423E-02   1.34487E-02 
    8.83797E-01   2.58603E-02   1.65184E-02   4.16329E-02   2.50544E-01 
    2.58514E-02   7.23605E-01
   9.93000E+02   3.74304E-04   8.33891E-03   9.22940E-01   1.03597E-02 
    7.71898E-03   5.02680E-02   2.50000E-01   1.31310E-01   5.77533E-01 
    4.00720E-02   1.08532E-03   0.00000E+00   1.80718E-02   1.23937E-02 
    8.80282E-01   2.93272E-02   1.91108E-02   4.08146E-02   4.08728E-01 
    4.00623E-02   5.51210E-01
   9.83000E+02   3.31048E-04   7.76998E-03   9.23134E-01   1.10593E-02 
    8.42794E-03   4.92777E-02   2.50000E-01   1.28615E-01   5.74471E-01 
    4.57191E-02   1.19537E-03   0.00000E+00   1.72852E-02   1.15278E-02 
    8.75695E-01   3.30960E-02   2.20512E-02   4.03449E-02   5.32516E-01 
    5.10200E-02   4.16464E-01
   9.73000E+02   2.90338E-04   7.30769E-03   9.23023E-01   1.16922E-02 
    9.13233E-03   4.85544E-02   2.50000E-01   1.27100E-01   5.69891E-01 
    5.17036E-02   1.30536E-03   0.00000E+00   1.64194E-02   1.07983E-02 
    8.70151E-01   3.71457E-02   2.53669E-02   4.01182E-02   6.28750E-01 
    5.93014E-02   3.11949E-01
   9.63000E+02   2.52841E-04   6.92687E-03   9.22657E-01   1.22862E-02 
    9.83398E-03   4.80434E-02   2.50000E-01   1.26470E-01   5.64226E-01 
    5.78908E-02   1.41339E-03   0.00000E+00   1.55108E-02   1.01645E-02 
    8.63845E-01   4.13902E-02   2.90655E-02   4.00241E-02   7.03171E-01 
    6.54533E-02   2.31375E-01
   9.53000E+02   2.18867E-04   6.60328E-03   9.22155E-01   1.28188E-02 
    1.05214E-02   4.76823E-02   2.50000E-01   1.26518E-01   5.57771E-01 
    6.41926E-02   1.51801E-03   0.00000E+00   1.45828E-02   9.59863E-03 
    8.56872E-01   4.57827E-02   3.31626E-02   4.00007E-02   7.60394E-01 
    6.99582E-02   1.69648E-01
   9.43000E+02   1.88475E-04   6.31955E-03   9.21603E-01   1.32766E-02 
    1.11867E-02   4.74255E-02   2.50000E-01   1.27084E-01   5.50755E-01 
    7.05426E-02   1.61832E-03   0.00000E+00   1.36533E-02   9.08043E-03 
    8.49283E-01   5.02962E-02   3.76857E-02   4.00016E-02   8.04266E-01 
    7.32226E-02   1.22511E-01
   9.33000E+02   1.61561E-04   6.06348E-03   9.21057E-01   1.36520E-02 
    1.18246E-02   4.72410E-02   2.50000E-01   1.28045E-01   5.43352E-01 
    7.68895E-02   1.71379E-03   0.00000E+00   1.27348E-02   8.59540E-03 
    8.41085E-01   5.49196E-02   4.26725E-02   3.99929E-02   8.37816E-01 
    7.55660E-02   8.66175E-02
   9.23000E+02   1.37921E-04   5.82650E-03   9.20557E-01   1.39416E-02 
    1.24304E-02   4.71066E-02   2.50000E-01   1.29312E-01   5.35692E-01 
    8.31922E-02   1.80397E-03   0.00000E+00   1.18362E-02   8.13341E-03 
    8.32257E-01   5.96543E-02   4.81696E-02   3.99497E-02   8.63372E-01 
    7.72313E-02   5.93969E-02
   9.13000E+02   1.17298E-04   5.60259E-03   9.20128E-01   1.41448E-02 
    1.30001E-02   4.70069E-02   2.50000E-01   1.30817E-01   5.27877E-01 
    8.94175E-02   1.88849E-03   0.00000E+00   1.09638E-02   7.68742E-03 
    8.22750E-01   6.45132E-02   5.42317E-02   3.98535E-02   8.82709E-01 
    7.83999E-02   3.88914E-02
   9.03000E+02   9.94115E-05   5.38752E-03   9.19789E-01   1.42631E-02 
    1.35296E-02   4.69316E-02   2.50000E-01   1.32509E-01   5.19986E-01 
    9.55380E-02   1.96691E-03   0.00000E+00   1.01220E-02   7.25268E-03 
    8.12494E-01   6.95189E-02   6.09216E-02   3.96904E-02   8.97186E-01 
    7.92071E-02   2.36071E-02
   8.93000E+02   8.39770E-05   5.17829E-03   9.19550E-01   1.42993E-02 
    1.40146E-02   4.68737E-02   2.50000E-01   1.34349E-01   5.12081E-01 
    1.01531E-01   2.03879E-03   0.00000E+00   9.31376E-03   6.82609E-03 
    8.01397E-01   7.47038E-02   6.83105E-02   3.94490E-02   9.07851E-01 
    7.97529E-02   1.23959E-02
   8.83000E+02   7.07192E-05   4.97280E-03   9.19420E-01   1.42575E-02 
    1.44508E-02   4.68285E-02   2.50000E-01   1.36307E-01   5.04211E-01 
    1.07378E-01   2.10363E-03   0.00000E+00   8.54123E-03   6.40581E-03 
    7.89347E-01   8.01092E-02   7.64771E-02   3.91199E-02   9.15522E-01 
    8.01115E-02   4.36686E-03
   8.75486E+02   6.20319E-05   4.81998E-03   9.19396E-01   1.41775E-02 
    1.47439E-02   4.68011E-02   2.50000E-01   1.37841E-01   4.98343E-01 
    1.11668E-01   2.14741E-03   0.00000E+00   7.98521E-03   6.09364E-03 
    7.79589E-01   8.43457E-02   8.31769E-02   3.88099E-02   9.19709E-01 
    8.02915E-02   0.00000E+00

 Phase Region for:
     BCC_A2                        
     CEMENTITE                     
 col-1=T, col-2=X(BCC_A2,C), col-3=X(BCC_A2,CR), col-4=X(BCC_A2,FE),
   col-5=X(BCC_A2,MN), col-6=X(BCC_A2,NI), col-7=X(BCC_A2,SI),
   col-8=X(CEMENTITE,C), col-9=X(CEMENTITE,CR), col-10=X(CEMENTITE,FE),
   col-11=X(CEMENTITE,MN), col-12=X(CEMENTITE,NI), col-13=X(CEMENTITE,SI),
   col-14=NP(BCC_A2), col-15=NP(CEMENTITE),
   8.75486E+02   6.20319E-05   4.81998E-03   9.19396E-01   1.41775E-02 
    1.47439E-02   4.68011E-02   2.50000E-01   1.37841E-01   4.98343E-01 
    1.11668E-01   2.14741E-03   0.00000E+00   9.19709E-01   8.02915E-02  NONE
   8.73000E+02   5.94631E-05   4.76837E-03   9.19543E-01   1.40834E-02 
    1.47440E-02   4.68016E-02   2.50000E-01   1.38417E-01   4.96702E-01 
    1.12733E-01   2.14784E-03   0.00000E+00   9.19699E-01   8.03009E-02  NONE
   8.63000E+02   5.00547E-05   4.56127E-03   9.20139E-01   1.37021E-02 
    1.47443E-02   4.68033E-02   2.50000E-01   1.40730E-01   4.90065E-01 
    1.17055E-01   2.14959E-03   0.00000E+00   9.19664E-01   8.03356E-02  NONE
   8.53000E+02   4.19899E-05   4.35513E-03   9.20737E-01   1.33160E-02 
    1.47446E-02   4.68049E-02   2.50000E-01   1.43039E-01   4.83374E-01 
    1.21436E-01   2.15149E-03   0.00000E+00   9.19635E-01   8.03652E-02  NONE
   8.43000E+02   3.51000E-05   4.15028E-03   9.21339E-01   1.29251E-02 
    1.47447E-02   4.68061E-02   2.50000E-01   1.45338E-01   4.76635E-01 
    1.25874E-01   2.15361E-03   0.00000E+00   9.19609E-01   8.03906E-02  NONE
   8.33000E+02   2.92343E-05   3.94702E-03   9.21942E-01   1.25294E-02 
    1.47448E-02   4.68072E-02   2.50000E-01   1.47625E-01   4.69851E-01 
    1.30368E-01   2.15605E-03   0.00000E+00   9.19588E-01   8.04122E-02  NONE
   8.23000E+02   2.42582E-05   3.74570E-03   9.22548E-01   1.21292E-02 
    1.47448E-02   4.68082E-02   2.50000E-01   1.49894E-01   4.63030E-01 
    1.34917E-01   2.15890E-03   0.00000E+00   9.19570E-01   8.04305E-02  NONE
   8.13000E+02   2.00525E-05   3.54670E-03   9.23155E-01   1.17245E-02 
    1.47447E-02   4.68090E-02   2.50000E-01   1.52140E-01   4.56178E-01 
    1.39520E-01   2.16223E-03   0.00000E+00   9.19554E-01   8.04459E-02  NONE
   8.03000E+02   1.65114E-05   3.35038E-03   9.23763E-01   1.13156E-02 
    1.47446E-02   4.68096E-02   2.50000E-01   1.54360E-01   4.49302E-01 
    1.44172E-01   2.16614E-03   0.00000E+00   9.19541E-01   8.04590E-02  NONE
   7.93000E+02   1.35415E-05   3.15715E-03   9.24372E-01   1.09028E-02 
    1.47443E-02   4.68102E-02   2.50000E-01   1.56548E-01   4.42411E-01 
    1.48871E-01   2.17070E-03   0.00000E+00   9.19530E-01   8.04699E-02  NONE
   7.83000E+02   1.10607E-05   2.96739E-03   9.24980E-01   1.04864E-02 
    1.47440E-02   4.68106E-02   2.50000E-01   1.58698E-01   4.35513E-01 
    1.53613E-01   2.17599E-03   0.00000E+00   9.19521E-01   8.04790E-02  NONE
   7.73000E+02   8.99684E-06   2.78152E-03   9.25588E-01   1.00670E-02 
    1.47436E-02   4.68110E-02   2.50000E-01   1.60807E-01   4.28619E-01 
    1.58392E-01   2.18208E-03   0.00000E+00   9.19513E-01   8.04866E-02  NONE
   7.63000E+02   7.28718E-06   2.59993E-03   9.26194E-01   9.64484E-03 
    1.47430E-02   4.68113E-02   2.50000E-01   1.62869E-01   4.21740E-01 
    1.63202E-01   2.18904E-03   0.00000E+00   9.19507E-01   8.04929E-02  NONE
   7.53000E+02   5.87700E-06   2.42302E-03   9.26796E-01   9.22065E-03 
    1.47424E-02   4.68116E-02   2.50000E-01   1.64880E-01   4.14886E-01 
    1.68037E-01   2.19694E-03   0.00000E+00   9.19502E-01   8.04981E-02  NONE
   7.50020E+02   5.50754E-06   2.37127E-03   9.26975E-01   9.09396E-03 
    1.47422E-02   4.68117E-02   2.50000E-01   1.65468E-01   4.12851E-01 
    1.69482E-01   2.19948E-03   0.00000E+00   9.19501E-01   8.04994E-02  NONE

 Phase Region for:
     BCC_A2                        
     CEMENTITE                     
     FCC_A1#2                      
 col-1=T, col-2=X(BCC_A2,C), col-3=X(BCC_A2,CR), col-4=X(BCC_A2,FE),
   col-5=X(BCC_A2,MN), col-6=X(BCC_A2,NI), col-7=X(BCC_A2,SI),
   col-8=X(CEMENTITE,C), col-9=X(CEMENTITE,CR), col-10=X(CEMENTITE,FE),
   col-11=X(CEMENTITE,MN), col-12=X(CEMENTITE,NI), col-13=X(CEMENTITE,SI),
   col-14=X(FCC_A1#2,C), col-15=X(FCC_A1#2,CR), col-16=X(FCC_A1#2,FE),
   col-17=X(FCC_A1#2,MN), col-18=X(FCC_A1#2,NI), col-19=X(FCC_A1#2,SI),
   col-20=NP(BCC_A2), col-21=NP(CEMENTITE), col-22=NP(FCC_A1#2),
   7.50020E+02   5.50753E-06   2.37127E-03   9.26975E-01   9.09395E-03 
    1.47422E-02   4.68117E-02   2.50000E-01   1.65468E-01   4.12851E-01 
    1.69482E-01   2.19948E-03   0.00000E+00   2.30177E-03   2.03485E-03 
    5.30869E-01   1.79382E-01   2.58221E-01   2.71923E-02   9.19501E-01 
    8.04994E-02   1.05191E-08
   7.43000E+02   4.74337E-06   2.24746E-03   9.27648E-01   8.72791E-03 
    1.45443E-02   4.68275E-02   2.50000E-01   1.66892E-01   4.08845E-01 
    1.72087E-01   2.17567E-03   0.00000E+00   2.17081E-03   1.90573E-03 
    5.17596E-01   1.84152E-01   2.67589E-01   2.65858E-02   9.18777E-01 
    8.04960E-02   7.26592E-04
   7.33000E+02   3.82329E-06   2.07575E-03   9.28611E-01   8.20936E-03 
    1.42495E-02   4.68507E-02   2.50000E-01   1.68866E-01   4.03287E-01 
    1.75706E-01   2.14020E-03   0.00000E+00   2.00338E-03   1.73560E-03 
    4.99622E-01   1.90525E-01   2.80329E-01   2.57858E-02   9.17788E-01 
    8.04919E-02   1.72019E-03
   7.23000E+02   3.07104E-06   1.90997E-03   9.29573E-01   7.69650E-03 
    1.39433E-02   4.68744E-02   2.50000E-01   1.70771E-01   3.97907E-01 
    1.79218E-01   2.10342E-03   0.00000E+00   1.85503E-03   1.57986E-03 
    4.82684E-01   1.96415E-01   2.92408E-01   2.50585E-02   9.16846E-01 
    8.04887E-02   2.66548E-03
   7.13000E+02   2.45806E-06   1.75059E-03   9.30528E-01   7.19166E-03 
    1.36288E-02   4.68982E-02   2.50000E-01   1.72600E-01   3.92712E-01 
    1.82623E-01   2.06576E-03   0.00000E+00   1.72265E-03   1.43681E-03 
    4.66704E-01   2.01844E-01   3.03893E-01   2.44001E-02   9.15950E-01 
    8.04861E-02   3.56362E-03
   7.03000E+02   1.96026E-06   1.59805E-03   9.31472E-01   6.69691E-03 
    1.33088E-02   4.69219E-02   2.50000E-01   1.74349E-01   3.87707E-01 
    1.85916E-01   2.02757E-03   0.00000E+00   1.60371E-03   1.30507E-03 
    4.51600E-01   2.06836E-01   3.14849E-01   2.38070E-02   9.15100E-01 
    8.04842E-02   4.41625E-03
   6.93000E+02   1.55742E-06   1.45269E-03   9.32401E-01   6.21412E-03 
    1.29854E-02   4.69453E-02   2.50000E-01   1.76014E-01   3.82902E-01 
    1.89095E-01   1.98912E-03   0.00000E+00   1.49617E-03   1.18352E-03 
    4.37292E-01   2.11414E-01   3.25338E-01   2.32757E-02   9.14292E-01 
    8.04827E-02   5.22523E-03
   6.83000E+02   1.23257E-06   1.31484E-03   9.33310E-01   5.74498E-03 
    1.26603E-02   4.69683E-02   2.50000E-01   1.77592E-01   3.78303E-01 
    1.92154E-01   1.95058E-03   0.00000E+00   1.39836E-03   1.07125E-03 
    4.23709E-01   2.15601E-01   3.35418E-01   2.28030E-02   9.13526E-01 
    8.04817E-02   5.99258E-03
   6.73000E+02   9.71573E-07   1.18473E-03   9.34198E-01   5.29101E-03 
    1.23348E-02   4.69906E-02   2.50000E-01   1.79080E-01   3.73919E-01 
    1.95088E-01   1.91210E-03   0.00000E+00   1.30893E-03   9.67502E-04 
    4.10782E-01   2.19417E-01   3.45138E-01   2.23865E-02   9.12799E-01 
    8.04810E-02   6.72038E-03
