
 Phase Region for:
     FCC_A1#1                      
 col-1=T, col-2=X(FCC_A1#1,C), col-3=X(FCC_A1#1,CR), col-4=X(FCC_A1#1,FE),
   col-5=X(FCC_A1#1,MN), col-6=X(FCC_A1#1,NI), col-7=X(FCC_A1#1,SI),
   col-8=NP(FCC_A1#1),
   1.17300E+03   2.05563E-02   2.37426E-02   9.11714E-01   2.99613E-02 
    1.40234E-02   1.95354E-06   1.00000E+00
   1.18300E+03   2.05563E-02   2.37426E-02   9.11714E-01   2.99613E-02 
    1.40234E-02   1.95354E-06   1.00000E+00
   1.19300E+03   2.05563E-02   2.37426E-02   9.11714E-01   2.99613E-02 
    1.40234E-02   1.95354E-06   1.00000E+00
   1.20300E+03   2.05563E-02   2.37426E-02   9.11714E-01   2.99613E-02 
    1.40234E-02   1.95354E-06   1.00000E+00
   1.21300E+03   2.05563E-02   2.37426E-02   9.11714E-01   2.99613E-02 
    1.40234E-02   1.95354E-06   1.00000E+00
   1.22300E+03   2.05563E-02   2.37426E-02   9.11714E-01   2.99613E-02 
    1.40234E-02   1.95354E-06   1.00000E+00
   1.23300E+03   2.05563E-02   2.37426E-02   9.11714E-01   2.99613E-02 
    1.40234E-02   1.95354E-06   1.00000E+00
   1.24300E+03   2.05563E-02   2.37426E-02   9.11714E-01   2.99613E-02 
    1.40234E-02   1.95354E-06   1.00000E+00
   1.25300E+03   2.05563E-02   2.37426E-02   9.11714E-01   2.99613E-02 
    1.40234E-02   1.95354E-06   1.00000E+00
   1.26300E+03   2.05563E-02   2.37426E-02   9.11714E-01   2.99613E-02 
    1.40234E-02   1.95354E-06   1.00000E+00
   1.27300E+03   2.05563E-02   2.37426E-02   9.11714E-01   2.99613E-02 
    1.40234E-02   1.95354E-06   1.00000E+00
   1.28300E+03   2.05563E-02   2.37426E-02   9.11714E-01   2.99613E-02 
    1.40234E-02   1.95354E-06   1.00000E+00
   1.29300E+03   2.05563E-02   2.37426E-02   9.11714E-01   2.99613E-02 
    1.40234E-02   1.95354E-06   1.00000E+00
   1.30300E+03   2.05563E-02   2.37426E-02   9.11714E-01   2.99613E-02 
    1.40234E-02   1.95354E-06   1.00000E+00
   1.31300E+03   2.05563E-02   2.37426E-02   9.11714E-01   2.99613E-02 
    1.40234E-02   1.95354E-06   1.00000E+00
   1.32300E+03   2.05563E-02   2.37426E-02   9.11714E-01   2.99613E-02 
    1.40234E-02   1.95354E-06   1.00000E+00
   1.33300E+03   2.05563E-02   2.37426E-02   9.11714E-01   2.99613E-02 
    1.40234E-02   1.95354E-06   1.00000E+00
   1.34300E+03   2.05563E-02   2.37426E-02   9.11714E-01   2.99613E-02 
    1.40234E-02   1.95354E-06   1.00000E+00
   1.35300E+03   2.05563E-02   2.37426E-02   9.11714E-01   2.99613E-02 
    1.40234E-02   1.95354E-06   1.00000E+00
   1.36300E+03   2.05563E-02   2.37426E-02   9.11714E-01   2.99613E-02 
    1.40234E-02   1.95354E-06   1.00000E+00
   1.37300E+03   2.05563E-02   2.37426E-02   9.11714E-01   2.99613E-02 
    1.40234E-02   1.95354E-06   1.00000E+00
   1.38300E+03   2.05563E-02   2.37426E-02   9.11714E-01   2.99613E-02 
    1.40234E-02   1.95354E-06   1.00000E+00
   1.39300E+03   2.05563E-02   2.37426E-02   9.11714E-01   2.99613E-02 
    1.40234E-02   1.95354E-06   1.00000E+00
   1.40300E+03   2.05563E-02   2.37426E-02   9.11714E-01   2.99613E-02 
    1.40234E-02   1.95354E-06   1.00000E+00
   1.41300E+03   2.05563E-02   2.37426E-02   9.11714E-01   2.99613E-02 
    1.40234E-02   1.95354E-06   1.00000E+00
   1.42300E+03   2.05563E-02   2.37426E-02   9.11714E-01   2.99613E-02 
    1.40234E-02   1.95354E-06   1.00000E+00
   1.43300E+03   2.05563E-02   2.37426E-02   9.11714E-01   2.99613E-02 
    1.40234E-02   1.95354E-06   1.00000E+00
   1.44300E+03   2.05563E-02   2.37426E-02   9.11714E-01   2.99613E-02 
    1.40234E-02   1.95354E-06   1.00000E+00
   1.45300E+03   2.05563E-02   2.37426E-02   9.11714E-01   2.99613E-02 
    1.40234E-02   1.95354E-06   1.00000E+00
   1.46300E+03   2.05563E-02   2.37426E-02   9.11714E-01   2.99613E-02 
    1.40234E-02   1.95354E-06   1.00000E+00
   1.47300E+03   2.05563E-02   2.37426E-02   9.11714E-01   2.99613E-02 
    1.40234E-02   1.95354E-06   1.00000E+00

 Phase Region for:
     FCC_A1#1                      
 col-1=T, col-2=X(FCC_A1#1,C), col-3=X(FCC_A1#1,CR), col-4=X(FCC_A1#1,FE),
   col-5=X(FCC_A1#1,MN), col-6=X(FCC_A1#1,NI), col-7=X(FCC_A1#1,SI),
   col-8=NP(FCC_A1#1),
   1.17300E+03   2.05563E-02   2.37426E-02   9.11714E-01   2.99613E-02 
    1.40234E-02   1.95354E-06   1.00000E+00
   1.16300E+03   2.05563E-02   2.37426E-02   9.11714E-01   2.99613E-02 
    1.40234E-02   1.95354E-06   1.00000E+00
   1.15300E+03   2.05563E-02   2.37426E-02   9.11714E-01   2.99613E-02 
    1.40234E-02   1.95354E-06   1.00000E+00
   1.14300E+03   2.05563E-02   2.37426E-02   9.11714E-01   2.99613E-02 
    1.40234E-02   1.95354E-06   1.00000E+00
   1.13300E+03   2.05563E-02   2.37426E-02   9.11714E-01   2.99613E-02 
    1.40234E-02   1.95354E-06   1.00000E+00
   1.12300E+03   2.05563E-02   2.37426E-02   9.11714E-01   2.99613E-02 
    1.40234E-02   1.95354E-06   1.00000E+00
   1.11300E+03   2.05563E-02   2.37426E-02   9.11714E-01   2.99613E-02 
    1.40234E-02   1.95354E-06   1.00000E+00
   1.10300E+03   2.05563E-02   2.37426E-02   9.11714E-01   2.99613E-02 
    1.40234E-02   1.95354E-06   1.00000E+00
   1.09300E+03   2.05563E-02   2.37426E-02   9.11714E-01   2.99613E-02 
    1.40234E-02   1.95354E-06   1.00000E+00
   1.08300E+03   2.05563E-02   2.37426E-02   9.11714E-01   2.99613E-02 
    1.40234E-02   1.95354E-06   1.00000E+00
   1.07300E+03   2.05563E-02   2.37426E-02   9.11714E-01   2.99613E-02 
    1.40234E-02   1.95354E-06   1.00000E+00
   1.06300E+03   2.05563E-02   2.37426E-02   9.11714E-01   2.99613E-02 
    1.40234E-02   1.95354E-06   1.00000E+00
   1.05300E+03   2.05563E-02   2.37426E-02   9.11714E-01   2.99613E-02 
    1.40234E-02   1.95354E-06   1.00000E+00
   1.04300E+03   2.05563E-02   2.37426E-02   9.11714E-01   2.99613E-02 
    1.40234E-02   1.95354E-06   1.00000E+00
   1.03300E+03   2.05563E-02   2.37426E-02   9.11714E-01   2.99613E-02 
    1.40234E-02   1.95354E-06   1.00000E+00
   1.03236E+03   2.05563E-02   2.37426E-02   9.11714E-01   2.99613E-02 
    1.40234E-02   1.95354E-06   1.00000E+00

 Phase Region for:
     CEMENTITE                     
     FCC_A1#1                      
 col-1=T, col-2=X(CEMENTITE,C), col-3=X(CEMENTITE,CR), col-4=X(CEMENTITE,FE),
   col-5=X(CEMENTITE,MN), col-6=X(CEMENTITE,NI), col-7=X(CEMENTITE,SI),
   col-8=X(FCC_A1#1,C), col-9=X(FCC_A1#1,CR), col-10=X(FCC_A1#1,FE),
   col-11=X(FCC_A1#1,MN), col-12=X(FCC_A1#1,NI), col-13=X(FCC_A1#1,SI),
   col-14=NP(CEMENTITE), col-15=NP(FCC_A1#1),
   1.03236E+03   2.50000E-01   2.33910E-01   4.75984E-01   3.94815E-02 
    6.24435E-04   0.00000E+00   2.05563E-02   2.37426E-02   9.11714E-01 
    2.99613E-02   1.40234E-02   1.95354E-06   3.97722E-08   1.00000E+00  NONE
   1.02300E+03   2.50000E-01   2.35257E-01   4.74297E-01   3.98392E-02 
    6.06910E-04   0.00000E+00   1.97134E-02   2.29656E-02   9.13321E-01 
    2.99250E-02   1.40727E-02   1.96071E-06   3.66007E-03   9.96340E-01  NONE
   1.01300E+03   2.50000E-01   2.36701E-01   4.72476E-01   4.02349E-02 
    5.88475E-04   0.00000E+00   1.88367E-02   2.21466E-02   9.15006E-01 
    2.98843E-02   1.41241E-02   1.96818E-06   7.43883E-03   9.92561E-01  NONE
   1.00300E+03   2.50000E-01   2.38149E-01   4.70635E-01   4.06450E-02 
    5.70346E-04   0.00000E+00   1.79848E-02   2.13397E-02   9.16658E-01 
    2.98415E-02   1.41742E-02   1.97543E-06   1.10831E-02   9.88917E-01  NONE
   9.93000E+02   2.50000E-01   2.39601E-01   4.68776E-01   4.10701E-02 
    5.52524E-04   0.00000E+00   1.71577E-02   2.05453E-02   9.18275E-01 
    2.97967E-02   1.42229E-02   1.98247E-06   1.45961E-02   9.85404E-01  NONE
   9.83000E+02   2.50000E-01   2.41055E-01   4.66899E-01   4.15109E-02 
    5.35010E-04   0.00000E+00   1.63552E-02   1.97636E-02   9.19859E-01 
    2.97498E-02   1.42704E-02   1.98931E-06   1.79809E-02   9.82019E-01  NONE
   9.79817E+02   2.50000E-01   2.41518E-01   4.66298E-01   4.16546E-02 
    5.29501E-04   0.00000E+00   1.61049E-02   1.95176E-02   9.20356E-01 
    2.97344E-02   1.42852E-02   1.99144E-06   1.90318E-02   9.80968E-01  NONE

 Phase Region for:
     BCC_A2                        
     CEMENTITE                     
     FCC_A1#1                      
 col-1=T, col-2=X(BCC_A2,C), col-3=X(BCC_A2,CR), col-4=X(BCC_A2,FE),
   col-5=X(BCC_A2,MN), col-6=X(BCC_A2,NI), col-7=X(BCC_A2,SI),
   col-8=X(CEMENTITE,C), col-9=X(CEMENTITE,CR), col-10=X(CEMENTITE,FE),
   col-11=X(CEMENTITE,MN), col-12=X(CEMENTITE,NI), col-13=X(CEMENTITE,SI),
   col-14=X(FCC_A1#1,C), col-15=X(FCC_A1#1,CR), col-16=X(FCC_A1#1,FE),
   col-17=X(FCC_A1#1,MN), col-18=X(FCC_A1#1,NI), col-19=X(FCC_A1#1,SI),
   col-20=NP(BCC_A2), col-21=NP(CEMENTITE), col-22=NP(FCC_A1#1),
   9.79817E+02   2.85073E-04   1.24104E-02   9.73782E-01   8.29396E-03 
    5.22649E-03   2.33032E-06   2.50000E-01   2.41518E-01   4.66298E-01 
    4.16547E-02   5.29502E-04   0.00000E+00   1.61048E-02   1.95175E-02 
    9.20356E-01   2.97344E-02   1.42852E-02   1.99144E-06   2.56411E-06 
    1.90320E-02   9.80965E-01
   9.73000E+02   2.65083E-04   1.15577E-02   9.73580E-01   8.94974E-03 
    5.64545E-03   2.24814E-06   2.50000E-01   2.33415E-01   4.68708E-01 
    4.72915E-02   5.85134E-04   0.00000E+00   1.59605E-02   1.83111E-02 
    9.16192E-01   3.33882E-02   1.61461E-02   1.96906E-06   1.57406E-01 
    3.01928E-02   8.12402E-01
   9.63000E+02   2.35044E-04   1.05760E-02   9.73066E-01   9.87383E-03 
    6.24703E-03   2.16659E-06   2.50000E-01   2.24617E-01   4.68954E-01 
    5.57649E-02   6.64272E-04   0.00000E+00   1.55729E-02   1.68758E-02 
    9.09344E-01   3.90401E-02   1.91649E-02   1.97429E-06   3.36079E-01 
    4.32465E-02   6.20675E-01
   9.53000E+02   2.05632E-04   9.82428E-03   9.72413E-01   1.07299E-02 
    6.82505E-03   2.11588E-06   2.50000E-01   2.18756E-01   4.66180E-01 
    6.43257E-02   7.38980E-04   0.00000E+00   1.50289E-02   1.57346E-02 
    9.01695E-01   4.49893E-02   2.25506E-02   2.01130E-06   4.68618E-01 
    5.30867E-02   4.78295E-01
   9.43000E+02   1.77981E-04   9.22861E-03   9.71720E-01   1.14988E-02 
    7.37254E-03   2.08521E-06   2.50000E-01   2.15106E-01   4.61243E-01 
    7.28421E-02   8.08279E-04   0.00000E+00   1.43793E-02   1.47981E-02 
    8.93287E-01   5.11980E-02   2.63351E-02   2.07005E-06   5.67896E-01 
    6.04440E-02   3.71659E-01
   9.33000E+02   1.52722E-04   8.73823E-03   9.71054E-01   1.21683E-02 
    7.88445E-03   2.06782E-06   2.50000E-01   2.13102E-01   4.54804E-01 
    8.12226E-02   8.71712E-04   0.00000E+00   1.36631E-02   1.40018E-02 
    8.84122E-01   5.76507E-02   3.05599E-02   2.14349E-06   6.42960E-01 
    6.59222E-02   2.91118E-01
   9.23000E+02   1.30122E-04   8.31874E-03   9.70461E-01   1.27316E-02 
    8.35699E-03   2.05935E-06   2.50000E-01   2.12320E-01   4.47345E-01 
    8.94055E-02   9.29105E-04   0.00000E+00   1.29084E-02   1.33004E-02 
    8.74160E-01   6.43524E-02   3.52764E-02   2.22614E-06   7.00197E-01 
    6.99949E-02   2.29808E-01
   9.13000E+02   1.10208E-04   7.94689E-03   9.69968E-01   1.31862E-02 
    8.78709E-03   2.05687E-06   2.50000E-01   2.12454E-01   4.39216E-01 
    9.73498E-02   9.80409E-04   0.00000E+00   1.21354E-02   1.26624E-02 
    8.63327E-01   7.13262E-02   4.05471E-02   2.31322E-06   7.44157E-01 
    7.30227E-02   1.82820E-01
   9.03000E+02   9.28635E-05   7.60687E-03   9.69593E-01   1.35329E-02 
    9.17198E-03   2.05839E-06   2.50000E-01   2.13280E-01   4.30665E-01 
    1.05029E-01   1.02561E-03   0.00000E+00   1.13582E-02   1.20652E-02 
    8.51517E-01   7.86115E-02   4.64460E-02   2.40006E-06   7.78118E-01 
    7.52754E-02   1.46607E-01
   8.93000E+02   7.78965E-05   7.28788E-03   9.69349E-01   1.37742E-02 
    9.50907E-03   2.06256E-06   2.50000E-01   2.14636E-01   4.21873E-01 
    1.12426E-01   1.06471E-03   0.00000E+00   1.05863E-02   1.14928E-02 
    8.38597E-01   8.62617E-02   5.30597E-02   2.48166E-06   8.04469E-01 
    7.69533E-02   1.18578E-01
   8.83000E+02   6.50776E-05   6.98252E-03   9.69240E-01   1.39147E-02 
    9.79594E-03   2.06845E-06   2.50000E-01   2.16401E-01   4.12969E-01 
    1.19532E-01   1.09766E-03   0.00000E+00   9.82659E-03   1.09338E-02 
    8.24408E-01   9.43422E-02   6.04865E-02   2.55235E-06   8.24978E-01 
    7.82049E-02   9.68169E-02
   8.73000E+02   5.41676E-05   6.68575E-03   9.69268E-01   1.39599E-02 
    1.00304E-02   2.07544E-06   2.50000E-01   2.18484E-01   4.04049E-01 
    1.26342E-01   1.12443E-03   0.00000E+00   9.08376E-03   1.03797E-02 
    8.08773E-01   1.02926E-01   6.88344E-02   2.60557E-06   8.40971E-01 
    7.91402E-02   7.98887E-02
   8.63000E+02   4.49327E-05   6.39419E-03   9.69432E-01   1.39161E-02 
    1.02109E-02   2.08312E-06   2.50000E-01   2.20816E-01   3.95182E-01 
    1.32857E-01   1.14503E-03   0.00000E+00   8.36131E-03   9.82481E-03 
    7.91512E-01   1.12087E-01   7.82125E-02   2.63381E-06   8.53451E-01 
    7.98407E-02   6.67088E-02
   8.53000E+02   3.71529E-05   6.10569E-03   9.69728E-01   1.37905E-02 
    1.03365E-02   2.09124E-06   2.50000E-01   2.23342E-01   3.86419E-01 
    1.39080E-01   1.15948E-03   0.00000E+00   7.66241E-03   9.26592E-03 
    7.72477E-01   1.21879E-01   8.87131E-02   2.62910E-06   8.63182E-01 
    8.03667E-02   5.64509E-02
   8.43000E+02   3.06269E-05   5.81897E-03   9.70150E-01   1.35905E-02 
    1.04074E-02   2.09961E-06   2.50000E-01   2.26018E-01   3.77797E-01 
    1.45017E-01   1.16794E-03   0.00000E+00   6.99066E-03   8.70242E-03 
    7.51608E-01   1.32317E-01   1.00379E-01   2.58421E-06   8.70753E-01 
    8.07628E-02   4.84839E-02
   8.33000E+02   2.51738E-05   5.53344E-03   9.70689E-01   1.33243E-02 
    1.04255E-02   2.10805E-06   2.50000E-01   2.28808E-01   3.69341E-01 
    1.50681E-01   1.17068E-03   0.00000E+00   6.35084E-03   8.13687E-03 
    7.29017E-01   1.43334E-01   1.13159E-01   2.49484E-06   8.76614E-01 
    8.10617E-02   4.23243E-02
   8.23000E+02   2.06331E-05   5.24901E-03   9.71334E-01   1.30003E-02 
    1.03942E-02   2.11632E-06   2.50000E-01   2.31681E-01   3.61067E-01 
    1.56083E-01   1.16818E-03   0.00000E+00   5.74905E-03   7.57513E-03 
    7.05048E-01   1.54761E-01   1.26864E-01   2.36226E-06   8.81113E-01 
    8.12878E-02   3.75991E-02
   8.13000E+02   1.68644E-05   4.96602E-03   9.72069E-01   1.26270E-02 
    1.03186E-02   2.12417E-06   2.50000E-01   2.34610E-01   3.52985E-01 
    1.61244E-01   1.16103E-03   0.00000E+00   5.19187E-03   7.02546E-03 
    6.80279E-01   1.66331E-01   1.41170E-01   2.19469E-06   8.84527E-01 
    8.14591E-02   3.40137E-02
   8.03000E+02   1.37456E-05   4.68508E-03   9.72881E-01   1.22133E-02 
    1.02049E-02   2.13137E-06   2.50000E-01   2.37568E-01   3.45095E-01 
    1.66187E-01   1.14995E-03   0.00000E+00   4.68445E-03   6.49643E-03 
    6.55400E-01   1.77737E-01   1.55680E-01   2.00563E-06   8.87083E-01 
    8.15894E-02   3.13272E-02
   7.93000E+02   1.11717E-05   4.40703E-03   9.73753E-01   1.17676E-02 
    1.00594E-02   2.13780E-06   2.50000E-01   2.40534E-01   3.37392E-01 
    1.70938E-01   1.13569E-03   0.00000E+00   4.22895E-03   5.99473E-03 
    6.31038E-01   1.88713E-01   1.70023E-01   1.80972E-06   8.88973E-01 
    8.16892E-02   2.93377E-02
   7.83000E+02   9.05315E-06   4.13283E-03   9.74670E-01   1.12979E-02 
    9.88815E-03   2.14342E-06   2.50000E-01   2.43486E-01   3.29867E-01 
    1.75529E-01   1.11891E-03   0.00000E+00   3.82351E-03   5.52314E-03 
    6.07627E-01   1.99077E-01   1.83947E-01   1.61879E-06   8.90356E-01 
    8.17666E-02   2.78772E-02
   7.73000E+02   7.31426E-06   3.86341E-03   9.75620E-01   1.08106E-02 
    9.69693E-03   2.14830E-06   2.50000E-01   2.46404E-01   3.22513E-01 
    1.79982E-01   1.10027E-03   0.00000E+00   3.46591E-03   5.08446E-03 
    5.85427E-01   2.08749E-01   1.97272E-01   1.44073E-06   8.91357E-01 
    8.18274E-02   2.68154E-02
   7.63000E+02   5.89086E-06   3.59977E-03   9.76590E-01   1.03119E-02 
    9.49019E-03   2.15253E-06   2.50000E-01   2.49274E-01   3.15323E-01 
    1.84322E-01   1.08025E-03   0.00000E+00   3.15028E-03   4.67656E-03 
    5.64491E-01   2.17712E-01   2.09968E-01   1.27906E-06   8.92077E-01 
    8.18760E-02   2.60466E-02
   7.53000E+02   4.72913E-06   3.34282E-03   9.77572E-01   9.80639E-03 
    9.27179E-03   2.15620E-06   2.50000E-01   2.52081E-01   3.08291E-01 
    1.88569E-01   1.05928E-03   0.00000E+00   2.87147E-03   4.29753E-03 
    5.44791E-01   2.25995E-01   2.22044E-01   1.13479E-06   8.92591E-01 
    8.19155E-02   2.54937E-02
   7.43000E+02   3.78390E-06   3.09341E-03   9.78558E-01   9.29800E-03 
    9.04495E-03   2.15941E-06   2.50000E-01   2.54812E-01   3.01415E-01 
    1.92736E-01   1.03770E-03   0.00000E+00   2.62458E-03   3.94518E-03 
    5.26250E-01   2.33641E-01   2.33539E-01   1.00736E-06   8.92953E-01 
    8.19482E-02   2.50992E-02
   7.33000E+02   3.01728E-06   2.85231E-03   9.79540E-01   8.78997E-03 
    8.81232E-03   2.16223E-06   2.50000E-01   2.57457E-01   2.94693E-01 
    1.96834E-01   1.01579E-03   0.00000E+00   2.40531E-03   3.61733E-03 
    5.08769E-01   2.40699E-01   2.44508E-01   8.95463E-07   8.93203E-01 
    8.19756E-02   2.48210E-02
   7.23000E+02   2.39761E-06   2.62019E-03   9.80514E-01   8.28499E-03 
    8.57608E-03   2.16471E-06   2.50000E-01   2.60007E-01   2.88129E-01 
    2.00871E-01   9.93789E-04   0.00000E+00   2.20993E-03   3.31204E-03 
    4.92250E-01   2.47220E-01   2.55008E-01   7.97507E-07   8.93373E-01 
    8.19989E-02   2.46277E-02
   7.13000E+02   1.89843E-06   2.39767E-03   9.81475E-01   7.78535E-03 
    8.33802E-03   2.16691E-06   2.50000E-01   2.62454E-01   2.81724E-01 
    2.04850E-01   9.71862E-04   0.00000E+00   2.03527E-03   3.02757E-03 
    4.76598E-01   2.53245E-01   2.65094E-01   7.11874E-07   8.93485E-01 
    8.20190E-02   2.44962E-02
   7.03000E+02   1.49775E-06   2.18525E-03   9.82418E-01   7.29305E-03 
    8.09963E-03   2.16885E-06   2.50000E-01   2.64792E-01   2.75484E-01 
    2.08774E-01   9.50159E-04   0.00000E+00   1.87864E-03   2.76242E-03 
    4.61727E-01   2.58815E-01   2.74816E-01   6.37041E-07   8.93555E-01 
    8.20364E-02   2.44090E-02
   6.93000E+02   1.17727E-06   1.98337E-03   9.83341E-01   6.80983E-03 
    7.86213E-03   2.17058E-06   2.50000E-01   2.67015E-01   2.69413E-01 
    2.12643E-01   9.28792E-04   0.00000E+00   1.73780E-03   2.51531E-03 
    4.47565E-01   2.63961E-01   2.84220E-01   5.71635E-07   8.93595E-01 
    8.20517E-02   2.43530E-02
   6.83000E+02   9.21898E-07   1.79236E-03   9.84241E-01   6.33728E-03 
    7.62650E-03   2.17210E-06   2.50000E-01   2.69120E-01   2.63517E-01 
    2.16456E-01   9.07851E-04   0.00000E+00   1.61081E-03   2.28512E-03 
    4.34044E-01   2.68713E-01   2.93347E-01   5.14442E-07   8.93616E-01 
    8.20652E-02   2.43184E-02
   6.73000E+02   7.19161E-07   1.61248E-03   9.85114E-01   5.87684E-03 
    7.39357E-03   2.17345E-06   2.50000E-01   2.71103E-01   2.57802E-01 
    2.20208E-01   8.87403E-04   0.00000E+00   1.49606E-03   2.07089E-03 
    4.21109E-01   2.73093E-01   3.02231E-01   4.64404E-07   8.93625E-01 
    8.20772E-02   2.42976E-02
