
 Phase Region for:
     FCC_A1#1                      
 col-1=T, col-2=X(FCC_A1#1,C), col-3=X(FCC_A1#1,CR), col-4=X(FCC_A1#1,FE),
   col-5=X(FCC_A1#1,MN), col-6=X(FCC_A1#1,NI), col-7=X(FCC_A1#1,SI),
   col-8=NP(FCC_A1#1),
   1.17300E+03   2.01632E-02   1.03504E-06   8.79824E-01   2.93882E-02 
    2.75095E-02   4.31144E-02   1.00000E+00
   1.18300E+03   2.01632E-02   1.03504E-06   8.79824E-01   2.93882E-02 
    2.75095E-02   4.31144E-02   1.00000E+00
   1.19300E+03   2.01632E-02   1.03504E-06   8.79824E-01   2.93882E-02 
    2.75095E-02   4.31144E-02   1.00000E+00
   1.20300E+03   2.01632E-02   1.03504E-06   8.79824E-01   2.93882E-02 
    2.75095E-02   4.31144E-02   1.00000E+00
   1.21300E+03   2.01632E-02   1.03504E-06   8.79824E-01   2.93882E-02 
    2.75095E-02   4.31144E-02   1.00000E+00
   1.22300E+03   2.01632E-02   1.03504E-06   8.79824E-01   2.93882E-02 
    2.75095E-02   4.31144E-02   1.00000E+00
   1.23300E+03   2.01632E-02   1.03504E-06   8.79824E-01   2.93882E-02 
    2.75095E-02   4.31144E-02   1.00000E+00
   1.24300E+03   2.01632E-02   1.03504E-06   8.79824E-01   2.93882E-02 
    2.75095E-02   4.31144E-02   1.00000E+00
   1.25300E+03   2.01632E-02   1.03504E-06   8.79824E-01   2.93882E-02 
    2.75095E-02   4.31144E-02   1.00000E+00
   1.26300E+03   2.01632E-02   1.03504E-06   8.79824E-01   2.93882E-02 
    2.75095E-02   4.31144E-02   1.00000E+00
   1.27300E+03   2.01632E-02   1.03504E-06   8.79824E-01   2.93882E-02 
    2.75095E-02   4.31144E-02   1.00000E+00
   1.28300E+03   2.01632E-02   1.03504E-06   8.79824E-01   2.93882E-02 
    2.75095E-02   4.31144E-02   1.00000E+00
   1.29300E+03   2.01632E-02   1.03504E-06   8.79824E-01   2.93882E-02 
    2.75095E-02   4.31144E-02   1.00000E+00
   1.30300E+03   2.01632E-02   1.03504E-06   8.79824E-01   2.93882E-02 
    2.75095E-02   4.31144E-02   1.00000E+00
   1.31300E+03   2.01632E-02   1.03504E-06   8.79824E-01   2.93882E-02 
    2.75095E-02   4.31144E-02   1.00000E+00
   1.32300E+03   2.01632E-02   1.03504E-06   8.79824E-01   2.93882E-02 
    2.75095E-02   4.31144E-02   1.00000E+00
   1.33300E+03   2.01632E-02   1.03504E-06   8.79824E-01   2.93882E-02 
    2.75095E-02   4.31144E-02   1.00000E+00
   1.34300E+03   2.01632E-02   1.03504E-06   8.79824E-01   2.93882E-02 
    2.75095E-02   4.31144E-02   1.00000E+00
   1.35300E+03   2.01632E-02   1.03504E-06   8.79824E-01   2.93882E-02 
    2.75095E-02   4.31144E-02   1.00000E+00
   1.36300E+03   2.01632E-02   1.03504E-06   8.79824E-01   2.93882E-02 
    2.75095E-02   4.31144E-02   1.00000E+00
   1.37300E+03   2.01632E-02   1.03504E-06   8.79824E-01   2.93882E-02 
    2.75095E-02   4.31144E-02   1.00000E+00
   1.38300E+03   2.01632E-02   1.03504E-06   8.79824E-01   2.93882E-02 
    2.75095E-02   4.31144E-02   1.00000E+00
   1.39300E+03   2.01632E-02   1.03504E-06   8.79824E-01   2.93882E-02 
    2.75095E-02   4.31144E-02   1.00000E+00
   1.40300E+03   2.01632E-02   1.03504E-06   8.79824E-01   2.93882E-02 
    2.75095E-02   4.31144E-02   1.00000E+00
   1.41300E+03   2.01632E-02   1.03504E-06   8.79824E-01   2.93882E-02 
    2.75095E-02   4.31144E-02   1.00000E+00
   1.42300E+03   2.01632E-02   1.03504E-06   8.79824E-01   2.93882E-02 
    2.75095E-02   4.31144E-02   1.00000E+00
   1.43300E+03   2.01632E-02   1.03504E-06   8.79824E-01   2.93882E-02 
    2.75095E-02   4.31144E-02   1.00000E+00
   1.44300E+03   2.01632E-02   1.03504E-06   8.79824E-01   2.93882E-02 
    2.75095E-02   4.31144E-02   1.00000E+00
   1.45300E+03   2.01632E-02   1.03504E-06   8.79824E-01   2.93882E-02 
    2.75095E-02   4.31144E-02   1.00000E+00
   1.46300E+03   2.01632E-02   1.03504E-06   8.79824E-01   2.93882E-02 
    2.75095E-02   4.31144E-02   1.00000E+00
   1.47300E+03   2.01632E-02   1.03504E-06   8.79824E-01   2.93882E-02 
    2.75095E-02   4.31144E-02   1.00000E+00

 Phase Region for:
     FCC_A1#1                      
 col-1=T, col-2=X(FCC_A1#1,C), col-3=X(FCC_A1#1,CR), col-4=X(FCC_A1#1,FE),
   col-5=X(FCC_A1#1,MN), col-6=X(FCC_A1#1,NI), col-7=X(FCC_A1#1,SI),
   col-8=NP(FCC_A1#1),
   1.17300E+03   2.01632E-02   1.03504E-06   8.79824E-01   2.93882E-02 
    2.75095E-02   4.31144E-02   1.00000E+00
   1.16300E+03   2.01632E-02   1.03504E-06   8.79824E-01   2.93882E-02 
    2.75095E-02   4.31144E-02   1.00000E+00
   1.15300E+03   2.01632E-02   1.03504E-06   8.79824E-01   2.93882E-02 
    2.75095E-02   4.31144E-02   1.00000E+00
   1.14300E+03   2.01632E-02   1.03504E-06   8.79824E-01   2.93882E-02 
    2.75095E-02   4.31144E-02   1.00000E+00
   1.13300E+03   2.01632E-02   1.03504E-06   8.79824E-01   2.93882E-02 
    2.75095E-02   4.31144E-02   1.00000E+00
   1.12300E+03   2.01632E-02   1.03504E-06   8.79824E-01   2.93882E-02 
    2.75095E-02   4.31144E-02   1.00000E+00
   1.11300E+03   2.01632E-02   1.03504E-06   8.79824E-01   2.93882E-02 
    2.75095E-02   4.31144E-02   1.00000E+00
   1.10300E+03   2.01632E-02   1.03504E-06   8.79824E-01   2.93882E-02 
    2.75095E-02   4.31144E-02   1.00000E+00
   1.09300E+03   2.01632E-02   1.03504E-06   8.79824E-01   2.93882E-02 
    2.75095E-02   4.31144E-02   1.00000E+00
   1.08300E+03   2.01632E-02   1.03504E-06   8.79824E-01   2.93882E-02 
    2.75095E-02   4.31144E-02   1.00000E+00
   1.07300E+03   2.01632E-02   1.03504E-06   8.79824E-01   2.93882E-02 
    2.75095E-02   4.31144E-02   1.00000E+00
   1.06300E+03   2.01632E-02   1.03504E-06   8.79824E-01   2.93882E-02 
    2.75095E-02   4.31144E-02   1.00000E+00
   1.05300E+03   2.01632E-02   1.03504E-06   8.79824E-01   2.93882E-02 
    2.75095E-02   4.31144E-02   1.00000E+00
   1.04300E+03   2.01632E-02   1.03504E-06   8.79824E-01   2.93882E-02 
    2.75095E-02   4.31144E-02   1.00000E+00
   1.03300E+03   2.01632E-02   1.03504E-06   8.79824E-01   2.93882E-02 
    2.75095E-02   4.31144E-02   1.00000E+00
   1.02300E+03   2.01632E-02   1.03504E-06   8.79824E-01   2.93882E-02 
    2.75095E-02   4.31144E-02   1.00000E+00
   1.01300E+03   2.01632E-02   1.03504E-06   8.79824E-01   2.93882E-02 
    2.75095E-02   4.31144E-02   1.00000E+00
   1.00300E+03   2.01632E-02   1.03504E-06   8.79824E-01   2.93882E-02 
    2.75095E-02   4.31144E-02   1.00000E+00
   9.93000E+02   2.01632E-02   1.03504E-06   8.79824E-01   2.93882E-02 
    2.75095E-02   4.31144E-02   1.00000E+00
   9.83000E+02   2.01632E-02   1.03504E-06   8.79824E-01   2.93882E-02 
    2.75095E-02   4.31144E-02   1.00000E+00
   9.82879E+02   2.01632E-02   1.03504E-06   8.79824E-01   2.93882E-02 
    2.75095E-02   4.31144E-02   1.00000E+00

 Phase Region for:
     BCC_A2                        
     FCC_A1#1                      
 col-1=T, col-2=X(BCC_A2,C), col-3=X(BCC_A2,CR), col-4=X(BCC_A2,FE),
   col-5=X(BCC_A2,MN), col-6=X(BCC_A2,NI), col-7=X(BCC_A2,SI),
   col-8=X(FCC_A1#1,C), col-9=X(FCC_A1#1,CR), col-10=X(FCC_A1#1,FE),
   col-11=X(FCC_A1#1,MN), col-12=X(FCC_A1#1,NI), col-13=X(FCC_A1#1,SI),
   col-14=NP(BCC_A2), col-15=NP(FCC_A1#1),
   9.82879E+02   3.92242E-04   6.54987E-07   9.25887E-01   9.20084E-03 
    1.04965E-02   5.40230E-02   2.01632E-02   1.03504E-06   8.79824E-01 
    2.93883E-02   2.75095E-02   4.31144E-02   7.49194E-07   9.99999E-01
   9.73000E+02   3.95329E-04   6.52629E-07   9.26621E-01   9.04231E-03 
    1.06269E-02   5.33137E-02   2.17003E-02   1.06477E-06   8.76185E-01 
    3.09704E-02   2.88223E-02   4.23213E-02   7.21502E-02   9.27850E-01
   9.68795E+02   3.96680E-04   6.51767E-07   9.26882E-01   8.98738E-03 
    1.06877E-02   5.30459E-02   2.23986E-02   1.07838E-06   8.74502E-01 
    3.16955E-02   2.94119E-02   4.19912E-02   1.01604E-01   8.98396E-01

 Phase Region for:
     BCC_A2                        
     CEMENTITE                     
     FCC_A1#1                      
 col-1=T, col-2=X(BCC_A2,C), col-3=X(BCC_A2,CR), col-4=X(BCC_A2,FE),
   col-5=X(BCC_A2,MN), col-6=X(BCC_A2,NI), col-7=X(BCC_A2,SI),
   col-8=X(CEMENTITE,C), col-9=X(CEMENTITE,CR), col-10=X(CEMENTITE,FE),
   col-11=X(CEMENTITE,MN), col-12=X(CEMENTITE,NI), col-13=X(CEMENTITE,SI),
   col-14=X(FCC_A1#1,C), col-15=X(FCC_A1#1,CR), col-16=X(FCC_A1#1,FE),
   col-17=X(FCC_A1#1,MN), col-18=X(FCC_A1#1,NI), col-19=X(FCC_A1#1,SI),
   col-20=NP(BCC_A2), col-21=NP(CEMENTITE), col-22=NP(FCC_A1#1),
   9.68795E+02   3.96679E-04   6.51766E-07   9.26882E-01   8.98739E-03 
    1.06877E-02   5.30459E-02   2.50000E-01   1.24643E-05   6.96887E-01 
    5.06287E-02   2.47131E-03   0.00000E+00   2.23986E-02   1.07838E-06 
    8.74502E-01   3.16955E-02   2.94120E-02   4.19912E-02   1.01606E-01 
    2.07716E-07   8.98394E-01
   9.63000E+02   3.68559E-04   6.01251E-07   9.27005E-01   9.28223E-03 
    1.11749E-02   5.21692E-02   2.50000E-01   1.18273E-05   6.93056E-01 
    5.43459E-02   2.58668E-03   0.00000E+00   2.17727E-02   9.89170E-07 
    8.70897E-01   3.39624E-02   3.18628E-02   4.15038E-02   1.94584E-01 
    1.11964E-02   7.94220E-01
   9.53000E+02   3.23124E-04   5.35599E-07   9.26907E-01   9.77454E-03 
    1.20027E-02   5.09917E-02   2.50000E-01   1.10544E-05   6.86201E-01 
    6.10029E-02   2.78544E-03   0.00000E+00   2.06686E-02   8.70522E-07 
    8.63896E-01   3.80765E-02   3.64599E-02   4.08985E-02   3.28831E-01 
    2.69689E-02   6.44200E-01
   9.43000E+02   2.81837E-04   4.87610E-07   9.26556E-01   1.02262E-02 
    1.27973E-02   5.01381E-02   2.50000E-01   1.05554E-05   6.79136E-01 
    6.78736E-02   2.97981E-03   0.00000E+00   1.95496E-02   7.80897E-07 
    8.56027E-01   4.24015E-02   4.15203E-02   4.05007E-02   4.35374E-01 
    3.90638E-02   5.25562E-01
   9.33000E+02   2.44735E-04   4.50640E-07   9.26070E-01   1.06224E-02 
    1.35454E-02   4.95171E-02   2.50000E-01   1.02324E-05   6.71945E-01 
    7.48776E-02   3.16672E-03   0.00000E+00   1.84298E-02   7.09429E-07 
    8.47378E-01   4.69050E-02   4.70591E-02   4.02272E-02   5.20043E-01 
    4.83239E-02   4.31633E-01
   9.23000E+02   2.11683E-04   4.20831E-07   9.25531E-01   1.09545E-02 
    1.42395E-02   4.90628E-02   2.50000E-01   1.00276E-05   6.64693E-01 
    8.19530E-02   3.34425E-03   0.00000E+00   1.73195E-02   6.49822E-07 
    8.37984E-01   5.15722E-02   5.31071E-02   4.00168E-02   5.87622E-01 
    5.54262E-02   3.56952E-01
   9.13000E+02   1.82443E-04   3.95831E-07   9.24997E-01   1.12179E-02 
    1.48746E-02   4.87280E-02   2.50000E-01   9.90505E-06   6.57427E-01 
    8.90515E-02   3.51118E-03   0.00000E+00   1.62261E-02   5.98259E-07 
    8.27836E-01   5.64030E-02   5.97095E-02   3.98248E-02   6.41866E-01 
    6.08919E-02   2.97242E-01
   9.03000E+02   1.56725E-04   3.74148E-07   9.24505E-01   1.14108E-02 
    1.54477E-02   4.84796E-02   2.50000E-01   9.84166E-06   6.50191E-01 
    9.61330E-02   3.66663E-03   0.00000E+00   1.51549E-02   5.52345E-07 
    8.16894E-01   6.14091E-02   6.69230E-02   3.96183E-02   6.85661E-01 
    6.51150E-02   2.49224E-01
   8.93000E+02   1.34218E-04   3.54806E-07   9.24081E-01   1.15331E-02 
    1.59567E-02   4.82945E-02   2.50000E-01   9.82192E-06   6.43017E-01 
    1.03163E-01   3.80993E-03   0.00000E+00   1.41097E-02   5.10534E-07 
    8.05089E-01   6.66131E-02   7.48155E-02   3.93726E-02   7.21215E-01 
    6.83910E-02   2.10394E-01
   8.83000E+02   1.14606E-04   3.37144E-07   9.23743E-01   1.15862E-02 
    1.63997E-02   4.81559E-02   2.50000E-01   9.83514E-06   6.35939E-01 
    1.10111E-01   3.94049E-03   0.00000E+00   1.30938E-02   4.71814E-07 
    7.92326E-01   7.20463E-02   8.34645E-02   3.90686E-02   7.50221E-01 
    7.09421E-02   1.78837E-01
   8.73000E+02   9.75867E-05   3.20710E-07   9.23502E-01   1.15724E-02 
    1.67755E-02   4.80521E-02   2.50000E-01   9.87369E-06   6.28985E-01 
    1.16947E-01   4.05776E-03   0.00000E+00   1.21098E-02   4.35520E-07 
    7.78495E-01   7.77487E-02   9.29553E-02   3.86912E-02   7.73985E-01 
    7.29355E-02   1.53080E-01
   8.63000E+02   8.28709E-05   3.05183E-07   9.23364E-01   1.14947E-02 
    1.70829E-02   4.79748E-02   2.50000E-01   9.93202E-06   6.22182E-01 
    1.23647E-01   4.16124E-03   0.00000E+00   1.11605E-02   4.01229E-07 
    7.63470E-01   8.37655E-02   1.03376E-01   3.82282E-02   7.93520E-01 
    7.44976E-02   1.31983E-01
   8.53000E+02   7.01910E-05   2.90338E-07   9.23333E-01   1.13565E-02 
    1.73216E-02   4.79180E-02   2.50000E-01   1.00060E-05   6.15556E-01 
    1.30184E-01   4.25051E-03   0.00000E+00   1.02490E-02   3.68697E-07 
    7.47128E-01   9.01433E-02   1.14809E-01   3.76704E-02   8.09617E-01 
    7.57248E-02   1.14658E-01
   8.43000E+02   5.93010E-05   2.76017E-07   9.23410E-01   1.11620E-02 
    1.74917E-02   4.78772E-02   2.50000E-01   1.00923E-05   6.09130E-01 
    1.36534E-01   4.32529E-03   0.00000E+00   9.37926E-03   3.37814E-07 
    7.29373E-01   9.69219E-02   1.27314E-01   3.70120E-02   8.22897E-01 
    7.66903E-02   1.00413E-01
   8.33000E+02   4.99771E-05   2.62108E-07   9.23591E-01   1.09156E-02 
    1.75942E-02   4.78491E-02   2.50000E-01   1.01886E-05   6.02929E-01 
    1.42676E-01   4.38548E-03   0.00000E+00   8.55618E-03   3.08587E-07 
    7.10165E-01   1.04121E-01   1.40905E-01   3.62522E-02   8.33845E-01 
    7.74501E-02   8.87049E-02
   8.23000E+02   4.20174E-05   2.48535E-07   9.23873E-01   1.06222E-02 
    1.76317E-02   4.78311E-02   2.50000E-01   1.02928E-05   5.96971E-01 
    1.48587E-01   4.43129E-03   0.00000E+00   7.78582E-03   2.81114E-07 
    6.89580E-01   1.11723E-01   1.55513E-01   3.53982E-02   8.42841E-01 
    7.80472E-02   7.91116E-02
   8.13000E+02   3.52407E-05   2.35251E-07   9.24248E-01   1.02873E-02 
    1.76079E-02   4.78213E-02   2.50000E-01   1.04032E-05   5.91272E-01 
    1.54254E-01   4.46323E-03   0.00000E+00   7.07440E-03   2.55537E-07 
    6.67841E-01   1.19654E-01   1.70964E-01   3.44664E-02   8.50189E-01 
    7.85153E-02   7.12957E-02
   8.03000E+02   2.94857E-05   2.22228E-07   9.24708E-01   9.91666E-03 
    1.75280E-02   4.78179E-02   2.50000E-01   1.05184E-05   5.85841E-01 
    1.59666E-01   4.48215E-03   0.00000E+00   6.42731E-03   2.31997E-07 
    6.45335E-01   1.27785E-01   1.86970E-01   3.34831E-02   8.56138E-01 
    7.88811E-02   6.49813E-02
   7.93000E+02   2.46094E-05   2.09457E-07   9.25241E-01   9.51687E-03 
    1.73981E-02   4.78194E-02   2.50000E-01   1.06370E-05   5.80679E-01 
    1.64821E-01   4.48915E-03   0.00000E+00   5.84741E-03   2.10572E-07 
    6.22559E-01   1.35941E-01   2.03172E-01   3.24804E-02   8.60904E-01 
    7.91662E-02   5.99296E-02
   7.83000E+02   2.04863E-05   1.96938E-07   9.25835E-01   9.09451E-03 
    1.72248E-02   4.78246E-02   2.50000E-01   1.07578E-05   5.75777E-01 
    1.69727E-01   4.48551E-03   0.00000E+00   5.33386E-03   1.91238E-07 
    6.00020E-01   1.43943E-01   2.19212E-01   3.14905E-02   8.64687E-01 
    7.93886E-02   5.59245E-02
   7.73000E+02   1.70070E-05   1.84685E-07   9.26479E-01   8.65606E-03 
    1.70147E-02   4.78327E-02   2.50000E-01   1.08796E-05   5.71120E-01 
    1.74397E-01   4.47249E-03   0.00000E+00   4.88235E-03   1.73868E-07 
    5.78133E-01   1.51642E-01   2.34803E-01   3.05397E-02   8.67667E-01 
    7.95631E-02   5.27700E-02
   7.63000E+02   1.40771E-05   1.72714E-07   9.27162E-01   8.20746E-03 
    1.67738E-02   4.78428E-02   2.50000E-01   1.10013E-05   5.66691E-01 
    1.78847E-01   4.45133E-03   0.00000E+00   4.48627E-03   1.58271E-07 
    5.57173E-01   1.58934E-01   2.49761E-01   2.96456E-02   8.70005E-01 
    7.97011E-02   5.02938E-02
   7.53000E+02   1.16152E-05   1.61048E-07   9.27873E-01   7.75394E-03 
    1.65074E-02   4.78542E-02   2.50000E-01   1.11218E-05   5.62472E-01 
    1.83094E-01   4.42312E-03   0.00000E+00   4.13812E-03   1.44232E-07 
    5.37276E-01   1.65768E-01   2.64000E-01   2.88174E-02   8.71837E-01 
    7.98118E-02   4.83510E-02
   7.43000E+02   9.55176E-06   1.49713E-07   9.28604E-01   7.29991E-03 
    1.62203E-02   4.78666E-02   2.50000E-01   1.12405E-05   5.58449E-01 
    1.87151E-01   4.38881E-03   0.00000E+00   3.83064E-03   1.31542E-07 
    5.18481E-01   1.72126E-01   2.77505E-01   2.80586E-02   8.73274E-01 
    7.99018E-02   4.68247E-02
   7.33000E+02   7.82680E-06   1.38733E-07   9.29347E-01   6.84908E-03 
    1.59162E-02   4.78794E-02   2.50000E-01   1.13565E-05   5.54609E-01 
    1.91030E-01   4.34920E-03   0.00000E+00   3.55733E-03   1.20017E-07 
    5.00756E-01   1.78014E-01   2.90303E-01   2.73685E-02   8.74401E-01 
    7.99761E-02   4.56229E-02
   7.23000E+02   6.38910E-06   1.28133E-07   9.30098E-01   6.40452E-03 
    1.55984E-02   4.78924E-02   2.50000E-01   1.14694E-05   5.50943E-01 
    1.94740E-01   4.30496E-03   0.00000E+00   3.31264E-03   1.09502E-07 
    4.84041E-01   1.83454E-01   3.02448E-01   2.67448E-02   8.75287E-01 
    8.00383E-02   4.46748E-02
   7.13000E+02   5.19463E-06   1.17937E-07   9.30851E-01   5.96877E-03 
    1.52696E-02   4.79054E-02   2.50000E-01   1.15785E-05   5.47445E-01 
    1.98286E-01   4.25662E-03   0.00000E+00   3.09202E-03   9.98700E-08 
    4.68256E-01   1.88470E-01   3.13998E-01   2.61840E-02   8.75983E-01 
    8.00912E-02   4.39260E-02
   7.03000E+02   4.20565E-06   1.08166E-07   9.31602E-01   5.54396E-03 
    1.49318E-02   4.79180E-02   2.50000E-01   1.16836E-05   5.44111E-01 
    2.01673E-01   4.20461E-03   0.00000E+00   2.89172E-03   9.10173E-08 
    4.53321E-01   1.93089E-01   3.25015E-01   2.56825E-02   8.76529E-01 
    8.01367E-02   4.33346E-02
   6.93000E+02   3.38983E-06   9.88379E-08   9.32348E-01   5.13185E-03 
    1.45867E-02   4.79301E-02   2.50000E-01   1.17841E-05   5.40938E-01 
    2.04901E-01   4.14925E-03   0.00000E+00   2.70869E-03   8.28605E-08 
    4.39159E-01   1.97338E-01   3.35557E-01   2.52369E-02   8.76955E-01 
    8.01763E-02   4.28687E-02
   6.83000E+02   2.71946E-06   8.99698E-08   9.33086E-01   4.73390E-03 
    1.42359E-02   4.79416E-02   2.50000E-01   1.18799E-05   5.37924E-01 
    2.07973E-01   4.09079E-03   0.00000E+00   2.54045E-03   7.53318E-08 
    4.25697E-01   2.01242E-01   3.45676E-01   2.48441E-02   8.77285E-01 
    8.02112E-02   4.25035E-02
   6.73000E+02   2.17091E-06   8.15740E-08   9.33814E-01   4.35135E-03 
    1.38802E-02   4.79523E-02   2.50000E-01   1.19708E-05   5.35071E-01 
    2.10888E-01   4.02940E-03   0.00000E+00   2.38498E-03   6.83754E-08 
    4.12871E-01   2.04825E-01   3.55418E-01   2.45014E-02   8.77538E-01 
    8.02423E-02   4.22199E-02
