
 Phase Region for:
     FCC_A1#1                      
 col-1=T, col-2=W(FCC_A1#1,C), col-3=W(FCC_A1#1,CR), col-4=W(FCC_A1#1,FE),
   col-5=W(FCC_A1#1,MN), col-6=W(FCC_A1#1,NI), col-7=W(FCC_A1#1,SI),
   col-8=NP(FCC_A1#1),
   1.17300E+03   6.00000E-03   7.50075E-03   9.71497E-01   1.00000E-06 
    1.00000E-06   1.50005E-02   1.00000E+00
   1.18300E+03   6.00000E-03   7.50075E-03   9.71497E-01   1.00000E-06 
    1.00000E-06   1.50005E-02   1.00000E+00
   1.19300E+03   6.00000E-03   7.50075E-03   9.71497E-01   1.00000E-06 
    1.00000E-06   1.50005E-02   1.00000E+00
   1.20300E+03   6.00000E-03   7.50075E-03   9.71497E-01   1.00000E-06 
    1.00000E-06   1.50005E-02   1.00000E+00
   1.21300E+03   6.00000E-03   7.50075E-03   9.71497E-01   1.00000E-06 
    1.00000E-06   1.50005E-02   1.00000E+00
   1.22300E+03   6.00000E-03   7.50075E-03   9.71497E-01   1.00000E-06 
    1.00000E-06   1.50005E-02   1.00000E+00
   1.23300E+03   6.00000E-03   7.50075E-03   9.71497E-01   1.00000E-06 
    1.00000E-06   1.50005E-02   1.00000E+00
   1.24300E+03   6.00000E-03   7.50075E-03   9.71497E-01   1.00000E-06 
    1.00000E-06   1.50005E-02   1.00000E+00
   1.25300E+03   6.00000E-03   7.50075E-03   9.71497E-01   1.00000E-06 
    1.00000E-06   1.50005E-02   1.00000E+00
   1.26300E+03   6.00000E-03   7.50075E-03   9.71497E-01   1.00000E-06 
    1.00000E-06   1.50005E-02   1.00000E+00
   1.27300E+03   6.00000E-03   7.50075E-03   9.71497E-01   1.00000E-06 
    1.00000E-06   1.50005E-02   1.00000E+00
   1.28300E+03   6.00000E-03   7.50075E-03   9.71497E-01   1.00000E-06 
    1.00000E-06   1.50005E-02   1.00000E+00
   1.29300E+03   6.00000E-03   7.50075E-03   9.71497E-01   1.00000E-06 
    1.00000E-06   1.50005E-02   1.00000E+00
   1.30300E+03   6.00000E-03   7.50075E-03   9.71497E-01   1.00000E-06 
    1.00000E-06   1.50005E-02   1.00000E+00
   1.31300E+03   6.00000E-03   7.50075E-03   9.71497E-01   1.00000E-06 
    1.00000E-06   1.50005E-02   1.00000E+00
   1.32300E+03   6.00000E-03   7.50075E-03   9.71497E-01   1.00000E-06 
    1.00000E-06   1.50005E-02   1.00000E+00
   1.33300E+03   6.00000E-03   7.50075E-03   9.71497E-01   1.00000E-06 
    1.00000E-06   1.50005E-02   1.00000E+00
   1.34300E+03   6.00000E-03   7.50075E-03   9.71497E-01   1.00000E-06 
    1.00000E-06   1.50005E-02   1.00000E+00
   1.35300E+03   6.00000E-03   7.50075E-03   9.71497E-01   1.00000E-06 
    1.00000E-06   1.50005E-02   1.00000E+00
   1.36300E+03   6.00000E-03   7.50075E-03   9.71497E-01   1.00000E-06 
    1.00000E-06   1.50005E-02   1.00000E+00
   1.37300E+03   6.00000E-03   7.50075E-03   9.71497E-01   1.00000E-06 
    1.00000E-06   1.50005E-02   1.00000E+00
   1.38300E+03   6.00000E-03   7.50075E-03   9.71497E-01   1.00000E-06 
    1.00000E-06   1.50005E-02   1.00000E+00
   1.39300E+03   6.00000E-03   7.50075E-03   9.71497E-01   1.00000E-06 
    1.00000E-06   1.50005E-02   1.00000E+00
   1.40300E+03   6.00000E-03   7.50075E-03   9.71497E-01   1.00000E-06 
    1.00000E-06   1.50005E-02   1.00000E+00
   1.41300E+03   6.00000E-03   7.50075E-03   9.71497E-01   1.00000E-06 
    1.00000E-06   1.50005E-02   1.00000E+00
   1.42300E+03   6.00000E-03   7.50075E-03   9.71497E-01   1.00000E-06 
    1.00000E-06   1.50005E-02   1.00000E+00
   1.43300E+03   6.00000E-03   7.50075E-03   9.71497E-01   1.00000E-06 
    1.00000E-06   1.50005E-02   1.00000E+00
   1.44300E+03   6.00000E-03   7.50075E-03   9.71497E-01   1.00000E-06 
    1.00000E-06   1.50005E-02   1.00000E+00
   1.45300E+03   6.00000E-03   7.50075E-03   9.71497E-01   1.00000E-06 
    1.00000E-06   1.50005E-02   1.00000E+00
   1.46300E+03   6.00000E-03   7.50075E-03   9.71497E-01   1.00000E-06 
    1.00000E-06   1.50005E-02   1.00000E+00
   1.47300E+03   6.00000E-03   7.50075E-03   9.71497E-01   1.00000E-06 
    1.00000E-06   1.50005E-02   1.00000E+00

 Phase Region for:
     FCC_A1#1                      
 col-1=T, col-2=W(FCC_A1#1,C), col-3=W(FCC_A1#1,CR), col-4=W(FCC_A1#1,FE),
   col-5=W(FCC_A1#1,MN), col-6=W(FCC_A1#1,NI), col-7=W(FCC_A1#1,SI),
   col-8=NP(FCC_A1#1),
   1.17300E+03   6.00000E-03   7.50075E-03   9.71497E-01   1.00000E-06 
    1.00000E-06   1.50005E-02   1.00000E+00
   1.16300E+03   6.00000E-03   7.50075E-03   9.71497E-01   1.00000E-06 
    1.00000E-06   1.50005E-02   1.00000E+00
   1.15300E+03   6.00000E-03   7.50075E-03   9.71497E-01   1.00000E-06 
    1.00000E-06   1.50005E-02   1.00000E+00
   1.14300E+03   6.00000E-03   7.50075E-03   9.71497E-01   1.00000E-06 
    1.00000E-06   1.50005E-02   1.00000E+00
   1.13300E+03   6.00000E-03   7.50075E-03   9.71497E-01   1.00000E-06 
    1.00000E-06   1.50005E-02   1.00000E+00
   1.12300E+03   6.00000E-03   7.50075E-03   9.71497E-01   1.00000E-06 
    1.00000E-06   1.50005E-02   1.00000E+00
   1.11300E+03   6.00000E-03   7.50075E-03   9.71497E-01   1.00000E-06 
    1.00000E-06   1.50005E-02   1.00000E+00
   1.10300E+03   6.00000E-03   7.50075E-03   9.71497E-01   1.00000E-06 
    1.00000E-06   1.50005E-02   1.00000E+00
   1.09300E+03   6.00000E-03   7.50075E-03   9.71497E-01   1.00000E-06 
    1.00000E-06   1.50005E-02   1.00000E+00
   1.08300E+03   6.00000E-03   7.50075E-03   9.71497E-01   1.00000E-06 
    1.00000E-06   1.50005E-02   1.00000E+00
   1.07300E+03   6.00000E-03   7.50075E-03   9.71497E-01   1.00000E-06 
    1.00000E-06   1.50005E-02   1.00000E+00
   1.06300E+03   6.00000E-03   7.50075E-03   9.71497E-01   1.00000E-06 
    1.00000E-06   1.50005E-02   1.00000E+00
   1.05846E+03   6.00000E-03   7.50075E-03   9.71497E-01   1.00000E-06 
    1.00000E-06   1.50005E-02   1.00000E+00

 Phase Region for:
     BCC_A2                        
     FCC_A1#1                      
 col-1=T, col-2=W(BCC_A2,C), col-3=W(BCC_A2,CR), col-4=W(BCC_A2,FE),
   col-5=W(BCC_A2,MN), col-6=W(BCC_A2,NI), col-7=W(BCC_A2,SI),
   col-8=W(FCC_A1#1,C), col-9=W(FCC_A1#1,CR), col-10=W(FCC_A1#1,FE),
   col-11=W(FCC_A1#1,MN), col-12=W(FCC_A1#1,NI), col-13=W(FCC_A1#1,SI),
   col-14=NP(BCC_A2), col-15=NP(FCC_A1#1),
   1.05846E+03   2.03876E-04   4.48577E-03   9.74702E-01   4.08948E-07 
    5.41434E-07   2.06076E-02   6.00000E-03   7.50075E-03   9.71497E-01 
    1.00000E-06   1.00000E-06   1.50005E-02   7.31308E-07   9.99999E-01
   1.05300E+03   2.05450E-04   4.47240E-03   9.74872E-01   4.09861E-07 
    5.48764E-07   2.04494E-02   6.23997E-03   7.62616E-03   9.71357E-01 
    1.02444E-06   1.01869E-06   1.47748E-02   3.91531E-02   9.60847E-01
   1.04379E+03   2.08161E-04   4.44613E-03   9.75150E-01   4.10793E-07 
    5.61140E-07   2.01943E-02   6.66852E-03   7.85333E-03   9.71075E-01 
    1.06801E-06   1.05066E-06   1.44010E-02   1.01862E-01   8.98138E-01

 Phase Region for:
     BCC_A2                        
     CEMENTITE                     
     FCC_A1#1                      
 col-1=T, col-2=W(BCC_A2,C), col-3=W(BCC_A2,CR), col-4=W(BCC_A2,FE),
   col-5=W(BCC_A2,MN), col-6=W(BCC_A2,NI), col-7=W(BCC_A2,SI),
   col-8=W(CEMENTITE,C), col-9=W(CEMENTITE,CR), col-10=W(CEMENTITE,FE),
   col-11=W(CEMENTITE,MN), col-12=W(CEMENTITE,NI), col-13=W(CEMENTITE,SI),
   col-14=W(FCC_A1#1,C), col-15=W(FCC_A1#1,CR), col-16=W(FCC_A1#1,FE),
   col-17=W(FCC_A1#1,MN), col-18=W(FCC_A1#1,NI), col-19=W(FCC_A1#1,SI),
   col-20=NP(BCC_A2), col-21=NP(CEMENTITE), col-22=NP(FCC_A1#1),
   1.04379E+03   2.08161E-04   4.44611E-03   9.75151E-01   4.10794E-07 
    5.61142E-07   2.01942E-02   6.72819E-02   7.82470E-02   8.54469E-01 
    2.00378E-06   1.20127E-07   0.00000E+00   6.66853E-03   7.85330E-03 
    9.71075E-01   1.06801E-06   1.05066E-06   1.44010E-02   1.01868E-01 
    8.52587E-07   8.98131E-01
   1.04300E+03   2.07842E-04   4.31265E-03   9.75558E-01   4.22282E-07 
    5.79219E-07   1.99207E-02   6.72730E-02   7.64341E-02   8.56291E-01 
    2.08071E-06   1.24572E-07   0.00000E+00   6.68708E-03   7.63998E-03 
    9.71505E-01   1.10267E-06   1.08607E-06   1.41654E-02   1.56521E-01 
    6.83798E-03   8.36641E-01
   1.03345E+03   2.03830E-04   2.89657E-03   9.80476E-01   7.15449E-07 
    1.07166E-06   1.64218E-02   6.71722E-02   5.60928E-02   8.76731E-01 
    4.00313E-06   2.43668E-07   0.00000E+00   6.90349E-03   5.31996E-03 
    9.76540E-01   1.97639E-06   2.04576E-06   1.12320E-02   8.95757E-01 
    1.04243E-01   0.00000E+00

 Phase Region for:
     BCC_A2                        
     CEMENTITE                     
 col-1=T, col-2=W(BCC_A2,C), col-3=W(BCC_A2,CR), col-4=W(BCC_A2,FE),
   col-5=W(BCC_A2,MN), col-6=W(BCC_A2,NI), col-7=W(BCC_A2,SI),
   col-8=W(CEMENTITE,C), col-9=W(CEMENTITE,CR), col-10=W(CEMENTITE,FE),
   col-11=W(CEMENTITE,MN), col-12=W(CEMENTITE,NI), col-13=W(CEMENTITE,SI),
   col-14=NP(BCC_A2), col-15=NP(CEMENTITE),
   1.03345E+03   2.03830E-04   2.89657E-03   9.80476E-01   7.15449E-07 
    1.07166E-06   1.64218E-02   6.71722E-02   5.60928E-02   8.76731E-01 
    4.00313E-06   2.43668E-07   0.00000E+00   8.95757E-01   1.04243E-01  NONE
   1.03300E+03   2.02888E-04   2.89243E-03   9.80481E-01   7.14812E-07 
    1.07168E-06   1.64221E-02   6.71724E-02   5.61288E-02   8.76695E-01 
    4.00936E-06   2.43660E-07   0.00000E+00   8.95742E-01   1.04258E-01  NONE
   1.02300E+03   1.82725E-04   2.79870E-03   9.80590E-01   6.99802E-07 
    1.07193E-06   1.64269E-02   6.71764E-02   5.69491E-02   8.75870E-01 
    4.15698E-06   2.43610E-07   0.00000E+00   8.95411E-01   1.04589E-01  NONE
   1.01300E+03   1.64389E-04   2.69997E-03   9.80703E-01   6.80632E-07 
    1.07205E-06   1.64313E-02   6.71808E-02   5.78324E-02   8.74982E-01 
    4.34827E-06   2.44634E-07   0.00000E+00   8.95110E-01   1.04890E-01  NONE
   1.00300E+03   1.47707E-04   2.60222E-03   9.80813E-01   6.61387E-07 
    1.07216E-06   1.64353E-02   6.71852E-02   5.87144E-02   8.74096E-01 
    4.54016E-06   2.45528E-07   0.00000E+00   8.94836E-01   1.05164E-01  NONE
   9.93000E+02   1.32541E-04   2.50546E-03   9.80921E-01   6.42086E-07 
    1.07227E-06   1.64389E-02   6.71895E-02   5.95947E-02   8.73211E-01 
    4.73256E-06   2.46300E-07   0.00000E+00   8.94587E-01   1.05413E-01  NONE
   9.83000E+02   1.18764E-04   2.40972E-03   9.81028E-01   6.22742E-07 
    1.07237E-06   1.64422E-02   6.71939E-02   6.04726E-02   8.72328E-01 
    4.92535E-06   2.46957E-07   0.00000E+00   8.94362E-01   1.05638E-01  NONE
   9.73000E+02   1.06263E-04   2.31502E-03   9.81132E-01   6.03372E-07 
    1.07247E-06   1.64451E-02   6.71982E-02   6.13473E-02   8.71449E-01 
    5.11843E-06   2.47505E-07   0.00000E+00   8.94157E-01   1.05843E-01  NONE
   9.63000E+02   9.49290E-05   2.22141E-03   9.81234E-01   5.83991E-07 
    1.07256E-06   1.64478E-02   6.72025E-02   6.22180E-02   8.70574E-01 
    5.31168E-06   2.47950E-07   0.00000E+00   8.93971E-01   1.06029E-01  NONE
   9.53000E+02   8.46661E-05   2.12894E-03   9.81335E-01   5.64616E-07 
    1.07265E-06   1.64502E-02   6.72068E-02   6.30837E-02   8.69704E-01 
    5.50498E-06   2.48298E-07   0.00000E+00   8.93803E-01   1.06197E-01  NONE
   9.43000E+02   7.53839E-05   2.03767E-03   9.81433E-01   5.45263E-07 
    1.07273E-06   1.64524E-02   6.72111E-02   6.39434E-02   8.68840E-01 
    5.69819E-06   2.48554E-07   0.00000E+00   8.93651E-01   1.06349E-01  NONE
   9.33000E+02   6.69996E-05   1.94768E-03   9.81529E-01   5.25950E-07 
    1.07281E-06   1.64544E-02   6.72153E-02   6.47961E-02   8.67982E-01 
    5.89114E-06   2.48723E-07   0.00000E+00   8.93514E-01   1.06486E-01  NONE
   9.23000E+02   5.94368E-05   1.85902E-03   9.81624E-01   5.06696E-07 
    1.07289E-06   1.64561E-02   6.72195E-02   6.56406E-02   8.67134E-01 
    6.08367E-06   2.48809E-07   0.00000E+00   8.93390E-01   1.06610E-01  NONE
   9.13000E+02   5.26250E-05   1.77179E-03   9.81716E-01   4.87520E-07 
    1.07297E-06   1.64577E-02   6.72236E-02   6.64759E-02   8.66294E-01 
    6.27559E-06   2.48815E-07   0.00000E+00   8.93279E-01   1.06721E-01  NONE
   9.03000E+02   4.64991E-05   1.68607E-03   9.81807E-01   4.68443E-07 
    1.07305E-06   1.64591E-02   6.72277E-02   6.73008E-02   8.65465E-01 
    6.46670E-06   2.48745E-07   0.00000E+00   8.93179E-01   1.06821E-01  NONE
   8.93000E+02   4.09991E-05   1.60194E-03   9.81895E-01   4.49488E-07 
    1.07313E-06   1.64603E-02   6.72317E-02   6.81140E-02   8.64647E-01 
    6.65679E-06   2.48604E-07   0.00000E+00   8.93089E-01   1.06911E-01  NONE
   8.83000E+02   3.60697E-05   1.51950E-03   9.81981E-01   4.30677E-07 
    1.07320E-06   1.64614E-02   6.72357E-02   6.89143E-02   8.63843E-01 
    6.84562E-06   2.48392E-07   0.00000E+00   8.93008E-01   1.06992E-01  NONE
   8.73000E+02   3.16597E-05   1.43883E-03   9.82066E-01   4.12034E-07 
    1.07328E-06   1.64624E-02   6.72396E-02   6.97006E-02   8.63053E-01 
    7.03296E-06   2.48114E-07   0.00000E+00   8.92936E-01   1.07064E-01  NONE
   8.63000E+02   2.77220E-05   1.36002E-03   9.82147E-01   3.93585E-07 
    1.07336E-06   1.64633E-02   6.72434E-02   7.04716E-02   8.62278E-01 
    7.21856E-06   2.47771E-07   0.00000E+00   8.92872E-01   1.07128E-01  NONE
   8.53000E+02   2.42131E-05   1.28317E-03   9.82227E-01   3.75353E-07 
    1.07343E-06   1.64641E-02   6.72472E-02   7.12261E-02   8.61519E-01 
    7.40214E-06   2.47365E-07   0.00000E+00   8.92815E-01   1.07185E-01  NONE
   8.43000E+02   2.10930E-05   1.20835E-03   9.82304E-01   3.57366E-07 
    1.07351E-06   1.64648E-02   6.72508E-02   7.19631E-02   8.60778E-01 
    7.58345E-06   2.46898E-07   0.00000E+00   8.92764E-01   1.07236E-01  NONE
   8.33000E+02   1.83247E-05   1.13566E-03   9.82379E-01   3.39651E-07 
    1.07359E-06   1.64653E-02   6.72544E-02   7.26814E-02   8.60056E-01 
    7.76220E-06   2.46371E-07   0.00000E+00   8.92718E-01   1.07282E-01  NONE
   8.23000E+02   1.58743E-05   1.06518E-03   9.82452E-01   3.22233E-07 
    1.07368E-06   1.64659E-02   6.72578E-02   7.33799E-02   8.59354E-01 
    7.93811E-06   2.45785E-07   0.00000E+00   8.92678E-01   1.07322E-01  NONE
   8.13000E+02   1.37107E-05   9.96965E-04   9.82522E-01   3.05140E-07 
    1.07376E-06   1.64663E-02   6.72612E-02   7.40578E-02   8.58673E-01 
    8.11091E-06   2.45142E-07   0.00000E+00   8.92643E-01   1.07357E-01  NONE
   8.03000E+02   1.18052E-05   9.31098E-04   9.82589E-01   2.88398E-07 
    1.07385E-06   1.64667E-02   6.72644E-02   7.47140E-02   8.58013E-01 
    8.28031E-06   2.44441E-07   0.00000E+00   8.92612E-01   1.07388E-01  NONE
   7.93000E+02   1.01315E-05   8.67635E-04   9.82654E-01   2.72033E-07 
    1.07394E-06   1.64670E-02   6.72676E-02   7.53478E-02   8.57376E-01 
    8.44604E-06   2.43683E-07   0.00000E+00   8.92584E-01   1.07416E-01  NONE
   7.83000E+02   8.66554E-06   8.06629E-04   9.82716E-01   2.56069E-07 
    1.07404E-06   1.64673E-02   6.72706E-02   7.59584E-02   8.56762E-01 
    8.60784E-06   2.42868E-07   0.00000E+00   8.92560E-01   1.07440E-01  NONE
   7.73000E+02   7.38544E-06   7.48124E-04   9.82776E-01   2.40532E-07 
    1.07413E-06   1.64676E-02   6.72735E-02   7.65453E-02   8.56172E-01 
    8.76544E-06   2.41995E-07   0.00000E+00   8.92540E-01   1.07460E-01  NONE
   7.63000E+02   6.27109E-06   6.92154E-04   9.82833E-01   2.25443E-07 
    1.07424E-06   1.64678E-02   6.72763E-02   7.71078E-02   8.55607E-01 
    8.91861E-06   2.41065E-07   0.00000E+00   8.92521E-01   1.07479E-01  NONE
   7.53000E+02   5.30420E-06   6.38746E-04   9.82887E-01   2.10824E-07 
    1.07434E-06   1.64679E-02   6.72790E-02   7.76455E-02   8.55066E-01 
    9.06711E-06   2.40075E-07   0.00000E+00   8.92506E-01   1.07494E-01  NONE
   7.43000E+02   4.46815E-06   5.87913E-04   9.82938E-01   1.96694E-07 
    1.07445E-06   1.64681E-02   6.72815E-02   7.81582E-02   8.54551E-01 
    9.21075E-06   2.39026E-07   0.00000E+00   8.92492E-01   1.07508E-01  NONE
   7.33000E+02   3.74784E-06   5.39662E-04   9.82987E-01   1.83072E-07 
    1.07457E-06   1.64682E-02   6.72839E-02   7.86457E-02   8.54061E-01 
    9.34931E-06   2.37915E-07   0.00000E+00   8.92480E-01   1.07520E-01  NONE
   7.23000E+02   3.12962E-06   4.93987E-04   9.83033E-01   1.69971E-07 
    1.07469E-06   1.64683E-02   6.72862E-02   7.91078E-02   8.53596E-01 
    9.48265E-06   2.36742E-07   0.00000E+00   8.92470E-01   1.07530E-01  NONE
   7.13000E+02   2.60115E-06   4.50874E-04   9.83077E-01   1.57406E-07 
    1.07481E-06   1.64684E-02   6.72884E-02   7.95446E-02   8.53157E-01 
    9.61060E-06   2.35503E-07   0.00000E+00   8.92461E-01   1.07539E-01  NONE
   7.03000E+02   2.15129E-06   4.10298E-04   9.83118E-01   1.45387E-07 
    1.07494E-06   1.64684E-02   6.72904E-02   7.99562E-02   8.52743E-01 
    9.73306E-06   2.34197E-07   0.00000E+00   8.92454E-01   1.07546E-01  NONE
   6.93000E+02   1.77006E-06   3.72223E-04   9.83156E-01   1.33922E-07 
    1.07508E-06   1.64685E-02   6.72923E-02   8.03429E-02   8.52355E-01 
    9.84994E-06   2.32822E-07   0.00000E+00   8.92448E-01   1.07552E-01  NONE
   6.83000E+02   1.44849E-06   3.36605E-04   9.83192E-01   1.23016E-07 
    1.07522E-06   1.64685E-02   6.72941E-02   8.07051E-02   8.51991E-01 
    9.96115E-06   2.31375E-07   0.00000E+00   8.92443E-01   1.07557E-01  NONE
   6.73000E+02   1.17860E-06   3.03392E-04   9.83226E-01   1.12674E-07 
    1.07537E-06   1.64686E-02   6.72958E-02   8.10432E-02   8.51651E-01 
    1.00667E-05   2.29852E-07   0.00000E+00   8.92438E-01   1.07562E-01  NONE
