
 Phase Region for:
     FCC_A1#1                      
 col-1=T, col-2=X(FCC_A1#1,C), col-3=X(FCC_A1#1,CR), col-4=X(FCC_A1#1,FE),
   col-5=X(FCC_A1#1,MN), col-6=X(FCC_A1#1,NI), col-7=X(FCC_A1#1,SI),
   col-8=NP(FCC_A1#1),
   1.17300E+03   2.68848E-02   3.88149E-02   8.71167E-01   9.79628E-07 
    3.43878E-02   2.87442E-02   1.00000E+00
   1.18300E+03   2.68848E-02   3.88149E-02   8.71167E-01   9.79628E-07 
    3.43878E-02   2.87442E-02   1.00000E+00
   1.19300E+03   2.68848E-02   3.88149E-02   8.71167E-01   9.79628E-07 
    3.43878E-02   2.87442E-02   1.00000E+00
   1.20300E+03   2.68848E-02   3.88149E-02   8.71167E-01   9.79628E-07 
    3.43878E-02   2.87442E-02   1.00000E+00
   1.21300E+03   2.68848E-02   3.88149E-02   8.71167E-01   9.79628E-07 
    3.43878E-02   2.87442E-02   1.00000E+00
   1.22300E+03   2.68848E-02   3.88149E-02   8.71167E-01   9.79628E-07 
    3.43878E-02   2.87442E-02   1.00000E+00
   1.23300E+03   2.68848E-02   3.88149E-02   8.71167E-01   9.79628E-07 
    3.43878E-02   2.87442E-02   1.00000E+00
   1.24300E+03   2.68848E-02   3.88149E-02   8.71167E-01   9.79628E-07 
    3.43878E-02   2.87442E-02   1.00000E+00
   1.25300E+03   2.68848E-02   3.88149E-02   8.71167E-01   9.79628E-07 
    3.43878E-02   2.87442E-02   1.00000E+00
   1.26300E+03   2.68848E-02   3.88149E-02   8.71167E-01   9.79628E-07 
    3.43878E-02   2.87442E-02   1.00000E+00
   1.27300E+03   2.68848E-02   3.88149E-02   8.71167E-01   9.79628E-07 
    3.43878E-02   2.87442E-02   1.00000E+00
   1.28300E+03   2.68848E-02   3.88149E-02   8.71167E-01   9.79628E-07 
    3.43878E-02   2.87442E-02   1.00000E+00
   1.29300E+03   2.68848E-02   3.88149E-02   8.71167E-01   9.79628E-07 
    3.43878E-02   2.87442E-02   1.00000E+00
   1.30300E+03   2.68848E-02   3.88149E-02   8.71167E-01   9.79628E-07 
    3.43878E-02   2.87442E-02   1.00000E+00
   1.31300E+03   2.68848E-02   3.88149E-02   8.71167E-01   9.79628E-07 
    3.43878E-02   2.87442E-02   1.00000E+00
   1.32300E+03   2.68848E-02   3.88149E-02   8.71167E-01   9.79628E-07 
    3.43878E-02   2.87442E-02   1.00000E+00
   1.33300E+03   2.68848E-02   3.88149E-02   8.71167E-01   9.79628E-07 
    3.43878E-02   2.87442E-02   1.00000E+00
   1.34300E+03   2.68848E-02   3.88149E-02   8.71167E-01   9.79628E-07 
    3.43878E-02   2.87442E-02   1.00000E+00
   1.35300E+03   2.68848E-02   3.88149E-02   8.71167E-01   9.79628E-07 
    3.43878E-02   2.87442E-02   1.00000E+00
   1.36300E+03   2.68848E-02   3.88149E-02   8.71167E-01   9.79628E-07 
    3.43878E-02   2.87442E-02   1.00000E+00
   1.37300E+03   2.68848E-02   3.88149E-02   8.71167E-01   9.79628E-07 
    3.43878E-02   2.87442E-02   1.00000E+00
   1.38300E+03   2.68848E-02   3.88149E-02   8.71167E-01   9.79628E-07 
    3.43878E-02   2.87442E-02   1.00000E+00
   1.39300E+03   2.68848E-02   3.88149E-02   8.71167E-01   9.79628E-07 
    3.43878E-02   2.87442E-02   1.00000E+00
   1.40300E+03   2.68848E-02   3.88149E-02   8.71167E-01   9.79628E-07 
    3.43878E-02   2.87442E-02   1.00000E+00
   1.41300E+03   2.68848E-02   3.88149E-02   8.71167E-01   9.79628E-07 
    3.43878E-02   2.87442E-02   1.00000E+00
   1.42300E+03   2.68848E-02   3.88149E-02   8.71167E-01   9.79628E-07 
    3.43878E-02   2.87442E-02   1.00000E+00
   1.43300E+03   2.68848E-02   3.88149E-02   8.71167E-01   9.79628E-07 
    3.43878E-02   2.87442E-02   1.00000E+00
   1.44300E+03   2.68848E-02   3.88149E-02   8.71167E-01   9.79628E-07 
    3.43878E-02   2.87442E-02   1.00000E+00
   1.45300E+03   2.68848E-02   3.88149E-02   8.71167E-01   9.79628E-07 
    3.43878E-02   2.87442E-02   1.00000E+00
   1.46300E+03   2.68848E-02   3.88149E-02   8.71167E-01   9.79628E-07 
    3.43878E-02   2.87442E-02   1.00000E+00
   1.47300E+03   2.68848E-02   3.88149E-02   8.71167E-01   9.79628E-07 
    3.43878E-02   2.87442E-02   1.00000E+00

 Phase Region for:
     FCC_A1#1                      
 col-1=T, col-2=X(FCC_A1#1,C), col-3=X(FCC_A1#1,CR), col-4=X(FCC_A1#1,FE),
   col-5=X(FCC_A1#1,MN), col-6=X(FCC_A1#1,NI), col-7=X(FCC_A1#1,SI),
   col-8=NP(FCC_A1#1),
   1.17300E+03   2.68848E-02   3.88149E-02   8.71167E-01   9.79628E-07 
    3.43878E-02   2.87442E-02   1.00000E+00
   1.16300E+03   2.68848E-02   3.88149E-02   8.71167E-01   9.79628E-07 
    3.43878E-02   2.87442E-02   1.00000E+00
   1.15734E+03   2.68848E-02   3.88149E-02   8.71167E-01   9.79628E-07 
    3.43878E-02   2.87442E-02   1.00000E+00

 Phase Region for:
     CEMENTITE                     
     FCC_A1#1                      
 col-1=T, col-2=X(CEMENTITE,C), col-3=X(CEMENTITE,CR), col-4=X(CEMENTITE,FE),
   col-5=X(CEMENTITE,MN), col-6=X(CEMENTITE,NI), col-7=X(CEMENTITE,SI),
   col-8=X(FCC_A1#1,C), col-9=X(FCC_A1#1,CR), col-10=X(FCC_A1#1,FE),
   col-11=X(FCC_A1#1,MN), col-12=X(FCC_A1#1,NI), col-13=X(FCC_A1#1,SI),
   col-14=NP(CEMENTITE), col-15=NP(FCC_A1#1),
   1.15734E+03   2.50000E-01   2.35496E-01   5.11939E-01   8.87071E-07 
    2.56376E-03   0.00000E+00   2.68847E-02   3.88149E-02   8.71167E-01 
    9.79628E-07   3.43878E-02   2.87442E-02   4.90896E-08   1.00000E+00
   1.15300E+03   2.50000E-01   2.36140E-01   5.11326E-01   8.88711E-07 
    2.53392E-03   0.00000E+00   2.64118E-02   3.83966E-02   8.71930E-01 
    9.79821E-07   3.44553E-02   2.88051E-02   2.11519E-03   9.97885E-01
   1.14300E+03   2.50000E-01   2.37648E-01   5.09886E-01   8.92597E-07 
    2.46574E-03   0.00000E+00   2.53409E-02   3.74391E-02   8.73667E-01 
    9.80230E-07   3.46087E-02   2.89431E-02   6.87178E-03   9.93128E-01
   1.13300E+03   2.50000E-01   2.39192E-01   5.08409E-01   8.96636E-07 
    2.39835E-03   0.00000E+00   2.42962E-02   3.64901E-02   8.75376E-01 
    9.80591E-07   3.47589E-02   2.90777E-02   1.14688E-02   9.88531E-01
   1.12300E+03   2.50000E-01   2.40774E-01   5.06894E-01   9.00833E-07 
    2.33178E-03   0.00000E+00   2.32776E-02   3.55497E-02   8.77057E-01 
    9.80902E-07   3.49060E-02   2.92089E-02   1.59102E-02   9.84090E-01
   1.11300E+03   2.50000E-01   2.42392E-01   5.05341E-01   9.05194E-07 
    2.26603E-03   0.00000E+00   2.22850E-02   3.46180E-02   8.78709E-01 
    9.81162E-07   3.50500E-02   2.93368E-02   2.01994E-02   9.79801E-01
   1.10300E+03   2.50000E-01   2.44047E-01   5.03751E-01   9.09723E-07 
    2.20113E-03   0.00000E+00   2.13186E-02   3.36949E-02   8.80333E-01 
    9.81372E-07   3.51907E-02   2.94613E-02   2.43401E-02   9.75660E-01
   1.09300E+03   2.50000E-01   2.45739E-01   5.02123E-01   9.14428E-07 
    2.13708E-03   0.00000E+00   2.03782E-02   3.27805E-02   8.81930E-01 
    9.81529E-07   3.53283E-02   2.95824E-02   2.83358E-02   9.71664E-01
   1.08300E+03   2.50000E-01   2.47467E-01   5.00458E-01   9.19315E-07 
    2.07390E-03   0.00000E+00   1.94638E-02   3.18750E-02   8.83497E-01 
    9.81634E-07   3.54625E-02   2.97002E-02   3.21898E-02   9.67810E-01
   1.07300E+03   2.50000E-01   2.49233E-01   4.98754E-01   9.24390E-07 
    2.01161E-03   0.00000E+00   1.85754E-02   3.09784E-02   8.85037E-01 
    9.81685E-07   3.55935E-02   2.98147E-02   3.59054E-02   9.64095E-01
   1.06300E+03   2.50000E-01   2.51036E-01   4.97013E-01   9.29661E-07 
    1.95022E-03   0.00000E+00   1.77127E-02   3.00907E-02   8.86549E-01 
    9.81682E-07   3.57213E-02   2.99258E-02   3.94858E-02   9.60514E-01
   1.05300E+03   2.50000E-01   2.52876E-01   4.95234E-01   9.35136E-07 
    1.88973E-03   0.00000E+00   1.68758E-02   2.92121E-02   8.88032E-01 
    9.81624E-07   3.58456E-02   3.00336E-02   4.29342E-02   9.57066E-01
   1.04300E+03   2.50000E-01   2.54752E-01   4.93417E-01   9.40823E-07 
    1.83017E-03   0.00000E+00   1.60644E-02   2.83426E-02   8.89487E-01 
    9.81510E-07   3.59667E-02   3.01382E-02   4.62535E-02   9.53746E-01
   1.03300E+03   2.50000E-01   2.56666E-01   4.91562E-01   9.46732E-07 
    1.77155E-03   0.00000E+00   1.52785E-02   2.74825E-02   8.90914E-01 
    9.81339E-07   3.60844E-02   3.02394E-02   4.94469E-02   9.50553E-01
   1.02300E+03   2.50000E-01   2.58616E-01   4.89669E-01   9.52872E-07 
    1.71387E-03   0.00000E+00   1.45179E-02   2.66317E-02   8.92313E-01 
    9.81111E-07   3.61988E-02   3.03374E-02   5.25173E-02   9.47483E-01
   1.01337E+03   2.50000E-01   2.60528E-01   4.87812E-01   9.59011E-07 
    1.65924E-03   0.00000E+00   1.38093E-02   2.58216E-02   8.93634E-01 
    9.80836E-07   3.63058E-02   3.04287E-02   5.53597E-02   9.44640E-01

 Phase Region for:
     BCC_A2                        
     CEMENTITE                     
     FCC_A1#1                      
 col-1=T, col-2=X(BCC_A2,C), col-3=X(BCC_A2,CR), col-4=X(BCC_A2,FE),
   col-5=X(BCC_A2,MN), col-6=X(BCC_A2,NI), col-7=X(BCC_A2,SI),
   col-8=X(CEMENTITE,C), col-9=X(CEMENTITE,CR), col-10=X(CEMENTITE,FE),
   col-11=X(CEMENTITE,MN), col-12=X(CEMENTITE,NI), col-13=X(CEMENTITE,SI),
   col-14=X(FCC_A1#1,C), col-15=X(FCC_A1#1,CR), col-16=X(FCC_A1#1,FE),
   col-17=X(FCC_A1#1,MN), col-18=X(FCC_A1#1,NI), col-19=X(FCC_A1#1,SI),
   col-20=NP(BCC_A2), col-21=NP(CEMENTITE), col-22=NP(FCC_A1#1),
   1.01337E+03   3.77227E-04   1.86146E-02   9.26356E-01   3.21640E-07 
    1.66720E-02   3.79803E-02   2.50000E-01   2.60528E-01   4.87812E-01 
    9.59012E-07   1.65925E-03   0.00000E+00   1.38093E-02   2.58216E-02 
    8.93634E-01   9.80838E-07   3.63059E-02   3.04287E-02   2.40812E-06 
    5.53598E-02   9.44638E-01
   1.01300E+03   3.75860E-04   1.85600E-02   9.26406E-01   3.22694E-07 
    1.67453E-02   3.79124E-02   2.50000E-01   2.60389E-01   4.87943E-01 
    9.64681E-07   1.66700E-03   0.00000E+00   1.37885E-02   2.57511E-02 
    8.93569E-01   9.86805E-07   3.65143E-02   3.03764E-02   8.94273E-03 
    5.59506E-02   9.35107E-01
   1.00300E+03   3.39575E-04   1.72037E-02   9.27418E-01   3.49124E-07 
    1.87338E-02   3.63048E-02   2.50000E-01   2.57468E-01   4.90650E-01 
    1.12539E-06   1.88076E-03   0.00000E+00   1.31651E-02   2.39965E-02 
    8.91142E-01   1.16188E-06   4.24743E-02   2.92204E-02   2.21098E-01 
    6.99025E-02   7.09000E-01
   9.93000E+02   3.04427E-04   1.60542E-02   9.27761E-01   3.74407E-07 
    2.07839E-02   3.50966E-02   2.50000E-01   2.56026E-01   4.91869E-01 
    1.30438E-06   2.10372E-03   0.00000E+00   1.24300E-02   2.24726E-02 
    8.87432E-01   1.37125E-06   4.91900E-02   2.84736E-02   3.87456E-01 
    8.06200E-02   5.31924E-01
   9.83000E+02   2.70973E-04   1.50933E-02   9.27527E-01   4.00837E-07 
    2.28710E-02   3.42369E-02   2.50000E-01   2.55885E-01   4.91787E-01 
    1.49912E-06   2.32673E-03   0.00000E+00   1.16183E-02   2.11351E-02 
    8.82665E-01   1.61700E-06   5.65561E-02   2.80236E-02   5.15500E-01 
    8.85806E-02   3.95920E-01
   9.73000E+02   2.39743E-04   1.42710E-02   9.26928E-01   4.27444E-07 
    2.49352E-02   3.36253E-02   2.50000E-01   2.56809E-01   4.90647E-01 
    1.70785E-06   2.54256E-03   0.00000E+00   1.07638E-02   1.99418E-02 
    8.77034E-01   1.90212E-06   6.44730E-02   2.77851E-02   6.13126E-01 
    9.43567E-02   2.92517E-01
   9.63000E+02   2.11046E-04   1.35478E-02   9.26115E-01   4.53675E-07 
    2.69368E-02   3.31889E-02   2.50000E-01   2.58563E-01   4.88689E-01 
    1.93000E-06   2.74666E-03   0.00000E+00   9.89459E-03   1.88568E-02 
    8.70680E-01   2.23134E-06   7.28709E-02   2.76950E-02   6.87438E-01 
    9.84859E-02   2.14076E-01
   9.53000E+02   1.85000E-04   1.28951E-02   9.25192E-01   4.79236E-07 
    2.88507E-02   3.28764E-02   2.50000E-01   2.60945E-01   4.86117E-01 
    2.16592E-06   2.93639E-03   0.00000E+00   9.03244E-03   1.78529E-02 
    8.63701E-01   2.61110E-06   8.17021E-02   2.77087E-02   7.44104E-01 
    1.01407E-01   1.54490E-01
   9.43000E+02   1.61582E-04   1.22921E-02   9.24232E-01   5.03990E-07 
    3.06615E-02   3.26521E-02   2.50000E-01   2.63793E-01   4.83094E-01 
    2.41657E-06   3.11033E-03   0.00000E+00   8.19325E-03   1.69107E-02 
    8.56165E-01   3.04970E-06   9.09333E-02   2.77952E-02   7.87432E-01 
    1.03454E-01   1.09114E-01
   9.33000E+02   1.40684E-04   1.17247E-02   9.23283E-01   5.27902E-07 
    3.23604E-02   3.24912E-02   2.50000E-01   2.66984E-01   4.79746E-01 
    2.68344E-06   3.26794E-03   0.00000E+00   7.38840E-03   1.60166E-02 
    8.48117E-01   3.55748E-06   1.00541E-01   2.79334E-02   8.20638E-01 
    1.04876E-01   7.44861E-02
   9.23000E+02   1.22144E-04   1.11829E-02   9.22376E-01   5.51000E-07 
    3.39423E-02   3.23763E-02   2.50000E-01   2.70419E-01   4.76169E-01 
    2.96848E-06   3.40914E-03   0.00000E+00   6.62572E-03   1.51616E-02 
    8.39593E-01   4.14720E-06   1.10507E-01   2.81089E-02   8.46116E-01 
    1.05853E-01   4.80316E-02
   9.13000E+02   1.05774E-04   1.06601E-02   9.21533E-01   5.73351E-07 
    3.54051E-02   3.22949E-02   2.50000E-01   2.74026E-01   4.72436E-01 
    3.27410E-06   3.53422E-03   0.00000E+00   5.91037E-03   1.43397E-02 
    8.30618E-01   4.83446E-06   1.20814E-01   2.83124E-02   8.65650E-01 
    1.06515E-01   2.78349E-02
   9.03000E+02   9.13779E-05   1.01517E-02   9.20769E-01   5.95054E-07 
    3.67486E-02   3.22384E-02   2.50000E-01   2.77747E-01   4.68606E-01 
    3.60317E-06   3.64364E-03   0.00000E+00   5.24544E-03   1.35470E-02 
    8.21216E-01   5.63836E-06   1.31449E-01   2.85375E-02   8.80584E-01 
    1.06956E-01   1.24599E-02
   8.93000E+02   7.87618E-05   9.65494E-03   9.20092E-01   6.16222E-07 
    3.79734E-02   3.22002E-02   2.50000E-01   2.81537E-01   4.64721E-01 
    3.95908E-06   3.73799E-03   0.00000E+00   4.63225E-03   1.27807E-02 
    8.11401E-01   6.58184E-06   1.42399E-01   2.87807E-02   8.91935E-01 
    1.07243E-01   8.22698E-04
   8.92172E+02   7.77916E-05   9.61429E-03   9.20040E-01   6.17954E-07 
    3.80694E-02   3.21977E-02   2.50000E-01   2.81852E-01   4.64399E-01 
    3.98985E-06   3.74514E-03   0.00000E+00   4.58385E-03   1.27185E-02 
    8.10571E-01   6.66701E-06   1.43318E-01   2.88016E-02   8.92739E-01 
    1.07261E-01   0.00000E+00

 Phase Region for:
     BCC_A2                        
     CEMENTITE                     
 col-1=T, col-2=X(BCC_A2,C), col-3=X(BCC_A2,CR), col-4=X(BCC_A2,FE),
   col-5=X(BCC_A2,MN), col-6=X(BCC_A2,NI), col-7=X(BCC_A2,SI),
   col-8=X(CEMENTITE,C), col-9=X(CEMENTITE,CR), col-10=X(CEMENTITE,FE),
   col-11=X(CEMENTITE,MN), col-12=X(CEMENTITE,NI), col-13=X(CEMENTITE,SI),
   col-14=NP(BCC_A2), col-15=NP(CEMENTITE),
   8.92172E+02   7.77916E-05   9.61429E-03   9.20040E-01   6.17954E-07 
    3.80694E-02   3.21977E-02   2.50000E-01   2.81852E-01   4.64399E-01 
    3.98985E-06   3.74514E-03   0.00000E+00   8.92739E-01   1.07261E-01  NONE
   8.83000E+02   6.78630E-05   9.16596E-03   9.20492E-01   6.01485E-07 
    3.80744E-02   3.21990E-02   2.50000E-01   2.85492E-01   4.60788E-01 
    4.12576E-06   3.71511E-03   0.00000E+00   8.92703E-01   1.07297E-01  NONE
   8.73000E+02   5.83584E-05   8.68333E-03   9.20978E-01   5.83280E-07 
    3.80797E-02   3.22002E-02   2.50000E-01   2.89419E-01   4.56894E-01 
    4.27605E-06   3.68237E-03   0.00000E+00   8.92669E-01   1.07331E-01  NONE
   8.63000E+02   5.00777E-05   8.20799E-03   9.21455E-01   5.64821E-07 
    3.80847E-02   3.22013E-02   2.50000E-01   2.93294E-01   4.53052E-01 
    4.42851E-06   3.64974E-03   0.00000E+00   8.92640E-01   1.07360E-01  NONE
   8.53000E+02   4.28791E-05   7.74088E-03   9.21924E-01   5.46115E-07 
    3.80896E-02   3.22022E-02   2.50000E-01   2.97108E-01   4.49270E-01 
    4.58308E-06   3.61730E-03   0.00000E+00   8.92614E-01   1.07386E-01  NONE
   8.43000E+02   3.66347E-05   7.28295E-03   9.22382E-01   5.27175E-07 
    3.80943E-02   3.22030E-02   2.50000E-01   3.00854E-01   4.45556E-01 
    4.73964E-06   3.58514E-03   0.00000E+00   8.92592E-01   1.07408E-01  NONE
   8.33000E+02   3.12301E-05   6.83516E-03   9.22830E-01   5.08016E-07 
    3.80989E-02   3.22037E-02   2.50000E-01   3.04522E-01   4.41920E-01 
    4.89806E-06   3.55332E-03   0.00000E+00   8.92572E-01   1.07428E-01  NONE
   8.23000E+02   2.65627E-05   6.39845E-03   9.23267E-01   4.88660E-07 
    3.81034E-02   3.22043E-02   2.50000E-01   3.08103E-01   4.38370E-01 
    5.05818E-06   3.52188E-03   0.00000E+00   8.92556E-01   1.07444E-01  NONE
   8.13000E+02   2.25408E-05   5.97372E-03   9.23691E-01   4.69130E-07 
    3.81076E-02   3.22049E-02   2.50000E-01   3.11591E-01   4.34913E-01 
    5.21978E-06   3.49088E-03   0.00000E+00   8.92541E-01   1.07459E-01  NONE
   8.03000E+02   1.90830E-05   5.56185E-03   9.24102E-01   4.49456E-07 
    3.81118E-02   3.22053E-02   2.50000E-01   3.14976E-01   4.31558E-01 
    5.38262E-06   3.46033E-03   0.00000E+00   8.92529E-01   1.07471E-01  NONE
   7.93000E+02   1.61167E-05   5.16367E-03   9.24498E-01   4.29673E-07 
    3.81158E-02   3.22057E-02   2.50000E-01   3.18252E-01   4.28312E-01 
    5.54641E-06   3.43025E-03   0.00000E+00   8.92519E-01   1.07481E-01  NONE
   7.83000E+02   1.35778E-05   4.77993E-03   9.24880E-01   4.09821E-07 
    3.81197E-02   3.22060E-02   2.50000E-01   3.21412E-01   4.25182E-01 
    5.71082E-06   3.40065E-03   0.00000E+00   8.92509E-01   1.07491E-01  NONE
   7.73000E+02   1.14097E-05   4.41133E-03   9.25247E-01   3.89943E-07 
    3.81236E-02   3.22063E-02   2.50000E-01   3.24449E-01   4.22173E-01 
    5.87548E-06   3.37150E-03   0.00000E+00   8.92502E-01   1.07498E-01  NONE
   7.63000E+02   9.56234E-06   4.05847E-03   9.25598E-01   3.70088E-07 
    3.81273E-02   3.22065E-02   2.50000E-01   3.27359E-01   4.19292E-01 
    6.03997E-06   3.34278E-03   0.00000E+00   8.92495E-01   1.07505E-01  NONE
   7.53000E+02   7.99203E-06   3.72186E-03   9.25932E-01   3.50309E-07 
    3.81309E-02   3.22067E-02   2.50000E-01   3.30137E-01   4.16543E-01 
    6.20387E-06   3.31446E-03   0.00000E+00   8.92490E-01   1.07510E-01  NONE
   7.43000E+02   6.66036E-06   3.40190E-03   9.26250E-01   3.30664E-07 
    3.81345E-02   3.22069E-02   2.50000E-01   3.32778E-01   4.13929E-01 
    6.36669E-06   3.28649E-03   0.00000E+00   8.92485E-01   1.07515E-01  NONE
   7.33000E+02   5.53379E-06   3.09890E-03   9.26550E-01   3.11211E-07 
    3.81380E-02   3.22071E-02   2.50000E-01   3.35281E-01   4.11454E-01 
    6.52793E-06   3.25882E-03   0.00000E+00   8.92481E-01   1.07519E-01  NONE
   7.23000E+02   4.58315E-06   2.81303E-03   9.26834E-01   2.92013E-07 
    3.81414E-02   3.22072E-02   2.50000E-01   3.37643E-01   4.09119E-01 
    6.68708E-06   3.23137E-03   0.00000E+00   8.92477E-01   1.07523E-01  NONE
   7.13000E+02   3.78303E-06   2.54438E-03   9.27099E-01   2.73134E-07 
    3.81448E-02   3.22073E-02   2.50000E-01   3.39864E-01   4.06925E-01 
    6.84361E-06   3.20407E-03   0.00000E+00   8.92474E-01   1.07526E-01  NONE
   7.03000E+02   3.11146E-06   2.29291E-03   9.27348E-01   2.54637E-07 
    3.81482E-02   3.22074E-02   2.50000E-01   3.41944E-01   4.04872E-01 
    6.99699E-06   3.17682E-03   0.00000E+00   8.92472E-01   1.07528E-01  NONE
   6.93000E+02   2.54939E-06   2.05847E-03   9.27580E-01   2.36584E-07 
    3.81515E-02   3.22074E-02   2.50000E-01   3.43883E-01   4.02960E-01 
    7.14669E-06   3.14955E-03   0.00000E+00   8.92470E-01   1.07530E-01  NONE
   6.83000E+02   2.08042E-06   1.84081E-03   9.27794E-01   2.19038E-07 
    3.81549E-02   3.22075E-02   2.50000E-01   3.45685E-01   4.01186E-01 
    7.29222E-06   3.12215E-03   0.00000E+00   8.92468E-01   1.07532E-01  NONE
   6.77531E+02   1.85814E-06   1.72874E-03   9.27905E-01   2.09676E-07 
    3.81567E-02   3.22075E-02   2.50000E-01   3.46612E-01   4.00273E-01 
    7.36986E-06   3.10707E-03   0.00000E+00   8.92468E-01   1.07532E-01  NONE

 Phase Region for:
     BCC_A2                        
     CEMENTITE                     
     FCC_A1#1                      
 col-1=T, col-2=X(BCC_A2,C), col-3=X(BCC_A2,CR), col-4=X(BCC_A2,FE),
   col-5=X(BCC_A2,MN), col-6=X(BCC_A2,NI), col-7=X(BCC_A2,SI),
   col-8=X(CEMENTITE,C), col-9=X(CEMENTITE,CR), col-10=X(CEMENTITE,FE),
   col-11=X(CEMENTITE,MN), col-12=X(CEMENTITE,NI), col-13=X(CEMENTITE,SI),
   col-14=X(FCC_A1#1,C), col-15=X(FCC_A1#1,CR), col-16=X(FCC_A1#1,FE),
   col-17=X(FCC_A1#1,MN), col-18=X(FCC_A1#1,NI), col-19=X(FCC_A1#1,SI),
   col-20=NP(BCC_A2), col-21=NP(CEMENTITE), col-22=NP(FCC_A1#1),
   6.77531E+02   1.85814E-06   1.72874E-03   9.27905E-01   2.09676E-07 
    3.81567E-02   3.22075E-02   2.50000E-01   3.46612E-01   4.00273E-01 
    7.36986E-06   3.10707E-03   0.00000E+00   5.82658E-05   3.21473E-04 
    4.69593E-01   1.23837E-05   4.89620E-01   4.03951E-02   8.92468E-01 
    1.07532E-01   2.76888E-08
   6.73000E+02   1.69424E-06   1.63712E-03   9.28653E-01   1.98759E-07 
    3.75121E-02   3.21957E-02   2.50000E-01   3.47388E-01   3.99564E-01 
    7.34562E-06   3.04065E-03   0.00000E+00   5.05744E-05   2.26206E-04 
    4.59536E-01   9.99346E-06   4.99585E-01   4.05922E-02   8.91207E-01 
    1.07533E-01   1.26065E-03
