
 Phase Region for:
     FCC_A1#1                      
 col-1=T, col-2=X(FCC_A1#1,C), col-3=X(FCC_A1#1,CR), col-4=X(FCC_A1#1,FE),
   col-5=X(FCC_A1#1,MN), col-6=X(FCC_A1#1,NI), col-7=X(FCC_A1#1,SI),
   col-8=NP(FCC_A1#1),
   1.17300E+03   2.67186E-02   1.02866E-06   9.30430E-01   9.73574E-07 
    9.11335E-07   4.28489E-02   1.00000E+00
   1.18300E+03   2.67186E-02   1.02866E-06   9.30430E-01   9.73574E-07 
    9.11335E-07   4.28489E-02   1.00000E+00
   1.19300E+03   2.67186E-02   1.02866E-06   9.30430E-01   9.73574E-07 
    9.11335E-07   4.28489E-02   1.00000E+00
   1.20300E+03   2.67186E-02   1.02866E-06   9.30430E-01   9.73574E-07 
    9.11335E-07   4.28489E-02   1.00000E+00
   1.21300E+03   2.67186E-02   1.02866E-06   9.30430E-01   9.73574E-07 
    9.11335E-07   4.28489E-02   1.00000E+00
   1.22300E+03   2.67186E-02   1.02866E-06   9.30430E-01   9.73574E-07 
    9.11335E-07   4.28489E-02   1.00000E+00
   1.23300E+03   2.67186E-02   1.02866E-06   9.30430E-01   9.73574E-07 
    9.11335E-07   4.28489E-02   1.00000E+00
   1.24300E+03   2.67186E-02   1.02866E-06   9.30430E-01   9.73574E-07 
    9.11335E-07   4.28489E-02   1.00000E+00
   1.25300E+03   2.67186E-02   1.02866E-06   9.30430E-01   9.73574E-07 
    9.11335E-07   4.28489E-02   1.00000E+00
   1.26300E+03   2.67186E-02   1.02866E-06   9.30430E-01   9.73574E-07 
    9.11335E-07   4.28489E-02   1.00000E+00
   1.27300E+03   2.67186E-02   1.02866E-06   9.30430E-01   9.73574E-07 
    9.11335E-07   4.28489E-02   1.00000E+00
   1.28300E+03   2.67186E-02   1.02866E-06   9.30430E-01   9.73574E-07 
    9.11335E-07   4.28489E-02   1.00000E+00
   1.29300E+03   2.67186E-02   1.02866E-06   9.30430E-01   9.73574E-07 
    9.11335E-07   4.28489E-02   1.00000E+00
   1.30300E+03   2.67186E-02   1.02866E-06   9.30430E-01   9.73574E-07 
    9.11335E-07   4.28489E-02   1.00000E+00
   1.31300E+03   2.67186E-02   1.02866E-06   9.30430E-01   9.73574E-07 
    9.11335E-07   4.28489E-02   1.00000E+00
   1.32300E+03   2.67186E-02   1.02866E-06   9.30430E-01   9.73574E-07 
    9.11335E-07   4.28489E-02   1.00000E+00
   1.33300E+03   2.67186E-02   1.02866E-06   9.30430E-01   9.73574E-07 
    9.11335E-07   4.28489E-02   1.00000E+00
   1.34300E+03   2.67186E-02   1.02866E-06   9.30430E-01   9.73574E-07 
    9.11335E-07   4.28489E-02   1.00000E+00
   1.35300E+03   2.67186E-02   1.02866E-06   9.30430E-01   9.73574E-07 
    9.11335E-07   4.28489E-02   1.00000E+00
   1.36300E+03   2.67186E-02   1.02866E-06   9.30430E-01   9.73574E-07 
    9.11335E-07   4.28489E-02   1.00000E+00
   1.37300E+03   2.67186E-02   1.02866E-06   9.30430E-01   9.73574E-07 
    9.11335E-07   4.28489E-02   1.00000E+00
   1.38300E+03   2.67186E-02   1.02866E-06   9.30430E-01   9.73574E-07 
    9.11335E-07   4.28489E-02   1.00000E+00
   1.39300E+03   2.67186E-02   1.02866E-06   9.30430E-01   9.73574E-07 
    9.11335E-07   4.28489E-02   1.00000E+00
   1.40300E+03   2.67186E-02   1.02866E-06   9.30430E-01   9.73574E-07 
    9.11335E-07   4.28489E-02   1.00000E+00
   1.41300E+03   2.67186E-02   1.02866E-06   9.30430E-01   9.73574E-07 
    9.11335E-07   4.28489E-02   1.00000E+00
   1.42300E+03   2.67186E-02   1.02866E-06   9.30430E-01   9.73574E-07 
    9.11335E-07   4.28489E-02   1.00000E+00
   1.43300E+03   2.67186E-02   1.02866E-06   9.30430E-01   9.73574E-07 
    9.11335E-07   4.28489E-02   1.00000E+00
   1.44300E+03   2.67186E-02   1.02866E-06   9.30430E-01   9.73574E-07 
    9.11335E-07   4.28489E-02   1.00000E+00
   1.45300E+03   2.67186E-02   1.02866E-06   9.30430E-01   9.73574E-07 
    9.11335E-07   4.28489E-02   1.00000E+00
   1.46300E+03   2.67186E-02   1.02866E-06   9.30430E-01   9.73574E-07 
    9.11335E-07   4.28489E-02   1.00000E+00
   1.47300E+03   2.67186E-02   1.02866E-06   9.30430E-01   9.73574E-07 
    9.11335E-07   4.28489E-02   1.00000E+00

 Phase Region for:
     FCC_A1#1                      
 col-1=T, col-2=X(FCC_A1#1,C), col-3=X(FCC_A1#1,CR), col-4=X(FCC_A1#1,FE),
   col-5=X(FCC_A1#1,MN), col-6=X(FCC_A1#1,NI), col-7=X(FCC_A1#1,SI),
   col-8=NP(FCC_A1#1),
   1.17300E+03   2.67186E-02   1.02866E-06   9.30430E-01   9.73574E-07 
    9.11335E-07   4.28489E-02   1.00000E+00
   1.16300E+03   2.67186E-02   1.02866E-06   9.30430E-01   9.73574E-07 
    9.11335E-07   4.28489E-02   1.00000E+00
   1.15300E+03   2.67186E-02   1.02866E-06   9.30430E-01   9.73574E-07 
    9.11335E-07   4.28489E-02   1.00000E+00
   1.14300E+03   2.67186E-02   1.02866E-06   9.30430E-01   9.73574E-07 
    9.11335E-07   4.28489E-02   1.00000E+00
   1.13300E+03   2.67186E-02   1.02866E-06   9.30430E-01   9.73574E-07 
    9.11335E-07   4.28489E-02   1.00000E+00
   1.12300E+03   2.67186E-02   1.02866E-06   9.30430E-01   9.73574E-07 
    9.11335E-07   4.28489E-02   1.00000E+00
   1.11300E+03   2.67186E-02   1.02866E-06   9.30430E-01   9.73574E-07 
    9.11335E-07   4.28489E-02   1.00000E+00
   1.10300E+03   2.67186E-02   1.02866E-06   9.30430E-01   9.73574E-07 
    9.11335E-07   4.28489E-02   1.00000E+00
   1.09300E+03   2.67186E-02   1.02866E-06   9.30430E-01   9.73574E-07 
    9.11335E-07   4.28489E-02   1.00000E+00
   1.08830E+03   2.67186E-02   1.02866E-06   9.30430E-01   9.73574E-07 
    9.11335E-07   4.28489E-02   1.00000E+00

 Phase Region for:
     BCC_A2                        
     FCC_A1#1                      
 col-1=T, col-2=X(BCC_A2,C), col-3=X(BCC_A2,CR), col-4=X(BCC_A2,FE),
   col-5=X(BCC_A2,MN), col-6=X(BCC_A2,NI), col-7=X(BCC_A2,SI),
   col-8=X(FCC_A1#1,C), col-9=X(FCC_A1#1,CR), col-10=X(FCC_A1#1,FE),
   col-11=X(FCC_A1#1,MN), col-12=X(FCC_A1#1,NI), col-13=X(FCC_A1#1,SI),
   col-14=NP(BCC_A2), col-15=NP(FCC_A1#1),
   1.08830E+03   1.10158E-03   6.34734E-07   9.41593E-01   4.37272E-07 
    5.17128E-07   5.73042E-02   2.67186E-02   1.02866E-06   9.30430E-01 
    9.73575E-07   9.11335E-07   4.28489E-02   5.83860E-07   9.99999E-01
   1.08300E+03   1.10189E-03   6.33066E-07   9.41862E-01   4.38035E-07 
    5.21678E-07   5.70342E-02   2.75267E-02   1.04114E-06   9.30069E-01 
    9.90467E-07   9.23626E-07   4.24014E-02   3.05791E-02   9.69421E-01
   1.07300E+03   1.10295E-03   6.29556E-07   9.42355E-01   4.39073E-07 
    5.30348E-07   5.65402E-02   2.91316E-02   1.06626E-06   9.29306E-01 
    1.02392E-06   9.47223E-07   4.15592E-02   8.60886E-02   9.13911E-01
   1.06300E+03   1.10459E-03   6.25523E-07   9.42829E-01   4.39521E-07 
    5.39110E-07   5.60650E-02   3.08482E-02   1.09366E-06   9.28431E-01 
    1.05968E-06   9.71345E-07   4.07181E-02   1.38838E-01   8.61162E-01
   1.05300E+03   1.10682E-03   6.20908E-07   9.43284E-01   4.39295E-07 
    5.47924E-07   5.56079E-02   3.26827E-02   1.12361E-06   9.27436E-01 
    1.09799E-06   9.95961E-07   3.98777E-02   1.88882E-01   8.11118E-01
   1.05065E+03   1.10743E-03   6.19733E-07   9.43388E-01   4.39135E-07 
    5.49997E-07   5.55031E-02   3.31312E-02   1.13105E-06   9.27185E-01 
    1.10739E-06   1.00181E-06   3.96805E-02   2.00245E-01   7.99755E-01

 Phase Region for:
     BCC_A2                        
     CEMENTITE                     
     FCC_A1#1                      
 col-1=T, col-2=X(BCC_A2,C), col-3=X(BCC_A2,CR), col-4=X(BCC_A2,FE),
   col-5=X(BCC_A2,MN), col-6=X(BCC_A2,NI), col-7=X(BCC_A2,SI),
   col-8=X(CEMENTITE,C), col-9=X(CEMENTITE,CR), col-10=X(CEMENTITE,FE),
   col-11=X(CEMENTITE,MN), col-12=X(CEMENTITE,NI), col-13=X(CEMENTITE,SI),
   col-14=X(FCC_A1#1,C), col-15=X(FCC_A1#1,CR), col-16=X(FCC_A1#1,FE),
   col-17=X(FCC_A1#1,MN), col-18=X(FCC_A1#1,NI), col-19=X(FCC_A1#1,SI),
   col-20=NP(BCC_A2), col-21=NP(CEMENTITE), col-22=NP(FCC_A1#1),
   1.05065E+03   1.10743E-03   6.19730E-07   9.43388E-01   4.39137E-07 
    5.50000E-07   5.55030E-02   2.50000E-01   8.53558E-06   7.49990E-01 
    1.73642E-06   1.28203E-07   0.00000E+00   3.31312E-02   1.13104E-06 
    9.27185E-01   1.10739E-06   1.00181E-06   3.96804E-02   2.00253E-01 
    1.09905E-06   7.99746E-01
   1.04300E+03   1.06351E-03   4.48330E-07   9.50122E-01   6.64129E-07 
    8.88730E-07   4.88124E-02   2.50000E-01   6.51477E-06   7.49990E-01 
    2.81707E-06   2.03362E-07   0.00000E+00   3.31438E-02   8.26923E-07 
    9.32714E-01   1.72841E-06   1.63820E-06   3.41385E-02   7.99994E-01 
    8.87171E-02   1.11289E-01
   1.04185E+03   1.05725E-03   4.27226E-07   9.51167E-01   7.27005E-07 
    9.90099E-07   4.77734E-02   2.50000E-01   6.26179E-06   7.49990E-01 
    3.11899E-06   2.26001E-07   0.00000E+00   3.31531E-02   7.89396E-07 
    9.33556E-01   1.90181E-06   1.82838E-06   3.32861E-02   8.96919E-01 
    1.03081E-01   0.00000E+00

 Phase Region for:
     BCC_A2                        
     CEMENTITE                     
 col-1=T, col-2=X(BCC_A2,C), col-3=X(BCC_A2,CR), col-4=X(BCC_A2,FE),
   col-5=X(BCC_A2,MN), col-6=X(BCC_A2,NI), col-7=X(BCC_A2,SI),
   col-8=X(CEMENTITE,C), col-9=X(CEMENTITE,CR), col-10=X(CEMENTITE,FE),
   col-11=X(CEMENTITE,MN), col-12=X(CEMENTITE,NI), col-13=X(CEMENTITE,SI),
   col-14=NP(BCC_A2), col-15=NP(CEMENTITE),
   1.04185E+03   1.05725E-03   4.27226E-07   9.51167E-01   7.27005E-07 
    9.90099E-07   4.77734E-02   2.50000E-01   6.26179E-06   7.49990E-01 
    3.11899E-06   2.26001E-07   0.00000E+00   8.96919E-01   1.03081E-01  NONE
   1.03300E+03   9.66402E-04   4.15887E-07   9.51241E-01   7.15403E-07 
    9.90342E-07   4.77909E-02   2.50000E-01   6.34164E-06   7.49990E-01 
    3.21202E-06   2.26312E-07   0.00000E+00   8.96591E-01   1.03409E-01  NONE
   1.02300E+03   8.71995E-04   4.02945E-07   9.51317E-01   7.01284E-07 
    9.90569E-07   4.78090E-02   2.50000E-01   6.43403E-06   7.49990E-01 
    3.32581E-06   2.26856E-07   0.00000E+00   8.96252E-01   1.03748E-01  NONE
   1.01300E+03   7.85866E-04   3.89790E-07   9.51387E-01   6.85645E-07 
    9.90731E-07   4.78255E-02   2.50000E-01   6.52934E-06   7.49990E-01 
    3.45265E-06   2.27728E-07   0.00000E+00   8.95942E-01   1.04058E-01  NONE
   1.00300E+03   7.07890E-04   3.75939E-07   9.51450E-01   6.66052E-07 
    9.90750E-07   4.78405E-02   2.50000E-01   6.63175E-06   7.49990E-01 
    3.61341E-06   2.29617E-07   0.00000E+00   8.95662E-01   1.04338E-01  NONE
   9.93000E+02   6.36789E-04   3.62238E-07   9.51507E-01   6.46394E-07 
    9.90760E-07   4.78541E-02   2.50000E-01   6.73377E-06   7.49989E-01 
    3.77450E-06   2.31394E-07   0.00000E+00   8.95406E-01   1.04594E-01  NONE
   9.83000E+02   5.72014E-04   3.48687E-07   9.51559E-01   6.26691E-07 
    9.90761E-07   4.78666E-02   2.50000E-01   6.83535E-06   7.49989E-01 
    3.93581E-06   2.33064E-07   0.00000E+00   8.95174E-01   1.04826E-01  NONE
   9.73000E+02   5.13055E-04   3.35291E-07   9.51607E-01   6.06964E-07 
    9.90756E-07   4.78779E-02   2.50000E-01   6.93643E-06   7.49989E-01 
    4.09723E-06   2.34632E-07   0.00000E+00   8.94962E-01   1.05038E-01  NONE
   9.63000E+02   4.59445E-04   3.22055E-07   9.51651E-01   5.87232E-07 
    9.90746E-07   4.78882E-02   2.50000E-01   7.03692E-06   7.49988E-01 
    4.25864E-06   2.36104E-07   0.00000E+00   8.94770E-01   1.05230E-01  NONE
   9.53000E+02   4.10753E-04   3.08984E-07   9.51690E-01   5.67516E-07 
    9.90730E-07   4.78975E-02   2.50000E-01   7.13673E-06   7.49988E-01 
    4.41989E-06   2.37485E-07   0.00000E+00   8.94595E-01   1.05405E-01  NONE
   9.43000E+02   3.66581E-04   2.96085E-07   9.51726E-01   5.47836E-07 
    9.90711E-07   4.79060E-02   2.50000E-01   7.23579E-06   7.49988E-01 
    4.58087E-06   2.38778E-07   0.00000E+00   8.94437E-01   1.05563E-01  NONE
   9.33000E+02   3.26560E-04   2.83367E-07   9.51758E-01   5.28213E-07 
    9.90689E-07   4.79137E-02   2.50000E-01   7.33397E-06   7.49988E-01 
    4.74141E-06   2.39987E-07   0.00000E+00   8.94294E-01   1.05706E-01  NONE
   9.23000E+02   2.90350E-04   2.70838E-07   9.51787E-01   5.08668E-07 
    9.90664E-07   4.79206E-02   2.50000E-01   7.43118E-06   7.49987E-01 
    4.90138E-06   2.41116E-07   0.00000E+00   8.94164E-01   1.05836E-01  NONE
   9.13000E+02   2.57637E-04   2.58509E-07   9.51814E-01   4.89223E-07 
    9.90638E-07   4.79269E-02   2.50000E-01   7.52730E-06   7.49987E-01 
    5.06060E-06   2.42167E-07   0.00000E+00   8.94047E-01   1.05953E-01  NONE
   9.03000E+02   2.28128E-04   2.46388E-07   9.51838E-01   4.69901E-07 
    9.90610E-07   4.79325E-02   2.50000E-01   7.62223E-06   7.49987E-01 
    5.21891E-06   2.43143E-07   0.00000E+00   8.93941E-01   1.06059E-01  NONE
   8.93000E+02   2.01555E-04   2.34488E-07   9.51859E-01   4.50725E-07 
    9.90582E-07   4.79376E-02   2.50000E-01   7.71582E-06   7.49987E-01 
    5.37611E-06   2.44045E-07   0.00000E+00   8.93846E-01   1.06154E-01  NONE
   8.83000E+02   1.77668E-04   2.22818E-07   9.51878E-01   4.31720E-07 
    9.90555E-07   4.79422E-02   2.50000E-01   7.80798E-06   7.49986E-01 
    5.53204E-06   2.44877E-07   0.00000E+00   8.93761E-01   1.06239E-01  NONE
   8.73000E+02   1.56235E-04   2.11391E-07   9.51896E-01   4.12910E-07 
    9.90528E-07   4.79463E-02   2.50000E-01   7.89857E-06   7.49986E-01 
    5.68647E-06   2.45639E-07   0.00000E+00   8.93684E-01   1.06316E-01  NONE
   8.63000E+02   1.37043E-04   2.00217E-07   9.51911E-01   3.94321E-07 
    9.90503E-07   4.79500E-02   2.50000E-01   7.98747E-06   7.49986E-01 
    5.83922E-06   2.46333E-07   0.00000E+00   8.93615E-01   1.06385E-01  NONE
   8.53000E+02   1.19892E-04   1.89308E-07   9.51925E-01   3.75976E-07 
    9.90479E-07   4.79533E-02   2.50000E-01   8.07456E-06   7.49986E-01 
    5.99007E-06   2.46960E-07   0.00000E+00   8.93554E-01   1.06446E-01  NONE
   8.43000E+02   1.04599E-04   1.78674E-07   9.51938E-01   3.57903E-07 
    9.90458E-07   4.79563E-02   2.50000E-01   8.15972E-06   7.49985E-01 
    6.13882E-06   2.47520E-07   0.00000E+00   8.93499E-01   1.06501E-01  NONE
   8.33000E+02   9.09956E-05   1.68327E-07   9.51949E-01   3.40127E-07 
    9.90440E-07   4.79589E-02   2.50000E-01   8.24284E-06   7.49985E-01 
    6.28524E-06   2.48013E-07   0.00000E+00   8.93451E-01   1.06549E-01  NONE
   8.23000E+02   7.89238E-05   1.58277E-07   9.51958E-01   3.22673E-07 
    9.90425E-07   4.79612E-02   2.50000E-01   8.32380E-06   7.49985E-01 
    6.42912E-06   2.48441E-07   0.00000E+00   8.93408E-01   1.06592E-01  NONE
   8.13000E+02   6.82389E-05   1.48533E-07   9.51967E-01   3.05566E-07 
    9.90413E-07   4.79632E-02   2.50000E-01   8.40251E-06   7.49985E-01 
    6.57026E-06   2.48803E-07   0.00000E+00   8.93369E-01   1.06631E-01  NONE
   8.03000E+02   5.88074E-05   1.39105E-07   9.51975E-01   2.88832E-07 
    9.90406E-07   4.79650E-02   2.50000E-01   8.47887E-06   7.49985E-01 
    6.70843E-06   2.49099E-07   0.00000E+00   8.93336E-01   1.06664E-01  NONE
   7.93000E+02   5.05059E-05   1.30001E-07   9.51981E-01   2.72492E-07 
    9.90403E-07   4.79666E-02   2.50000E-01   8.55277E-06   7.49984E-01 
    6.84345E-06   2.49328E-07   0.00000E+00   8.93306E-01   1.06694E-01  NONE
   7.83000E+02   4.32210E-05   1.21228E-07   9.51987E-01   2.56571E-07 
    9.90405E-07   4.79680E-02   2.50000E-01   8.62415E-06   7.49984E-01 
    6.97511E-06   2.49490E-07   0.00000E+00   8.93280E-01   1.06720E-01  NONE
   7.73000E+02   3.68484E-05   1.12792E-07   9.51993E-01   2.41090E-07 
    9.90413E-07   4.79693E-02   2.50000E-01   8.69293E-06   7.49984E-01 
    7.10323E-06   2.49583E-07   0.00000E+00   8.93257E-01   1.06743E-01  NONE
   7.63000E+02   3.12923E-05   1.04699E-07   9.51997E-01   2.26069E-07 
    9.90426E-07   4.79703E-02   2.50000E-01   8.75905E-06   7.49984E-01 
    7.22763E-06   2.49608E-07   0.00000E+00   8.93237E-01   1.06763E-01  NONE
   7.53000E+02   2.64651E-05   9.69531E-08   9.52001E-01   2.11526E-07 
    9.90446E-07   4.79712E-02   2.50000E-01   8.82244E-06   7.49984E-01 
    7.34815E-06   2.49562E-07   0.00000E+00   8.93220E-01   1.06780E-01  NONE
   7.43000E+02   2.22866E-05   8.95570E-08   9.52004E-01   1.97479E-07 
    9.90473E-07   4.79720E-02   2.50000E-01   8.88308E-06   7.49983E-01 
    7.46464E-06   2.49443E-07   0.00000E+00   8.93205E-01   1.06795E-01  NONE
   7.33000E+02   1.86836E-05   8.25125E-08   9.52007E-01   1.83942E-07 
    9.90506E-07   4.79727E-02   2.50000E-01   8.94093E-06   7.49983E-01 
    7.57697E-06   2.49252E-07   0.00000E+00   8.93192E-01   1.06808E-01  NONE
   7.23000E+02   1.55894E-05   7.58202E-08   9.52010E-01   1.70928E-07 
    9.90548E-07   4.79733E-02   2.50000E-01   8.99598E-06   7.49983E-01 
    7.68502E-06   2.48984E-07   0.00000E+00   8.93181E-01   1.06819E-01  NONE
   7.13000E+02   1.29435E-05   6.94792E-08   9.52012E-01   1.58447E-07 
    9.90597E-07   4.79738E-02   2.50000E-01   9.04820E-06   7.49983E-01 
    7.78871E-06   2.48639E-07   0.00000E+00   8.93172E-01   1.06828E-01  NONE
   7.03000E+02   1.06912E-05   6.34876E-08   9.52014E-01   1.46509E-07 
    9.90654E-07   4.79743E-02   2.50000E-01   9.09762E-06   7.49983E-01 
    7.88794E-06   2.48215E-07   0.00000E+00   8.93164E-01   1.06836E-01  NONE
   6.93000E+02   8.78297E-06   5.78421E-08   9.52015E-01   1.35119E-07 
    9.90721E-07   4.79746E-02   2.50000E-01   9.14423E-06   7.49983E-01 
    7.98266E-06   2.47707E-07   0.00000E+00   8.93157E-01   1.06843E-01  NONE
   6.83000E+02   7.17434E-06   5.25380E-08   9.52017E-01   1.24281E-07 
    9.90796E-07   4.79749E-02   2.50000E-01   9.18808E-06   7.49982E-01 
    8.07283E-06   2.47115E-07   0.00000E+00   8.93151E-01   1.06849E-01  NONE
   6.73000E+02   5.82539E-06   4.75698E-08   9.52018E-01   1.13998E-07 
    9.90882E-07   4.79752E-02   2.50000E-01   9.22920E-06   7.49982E-01 
    8.15843E-06   2.46435E-07   0.00000E+00   8.93146E-01   1.06854E-01  NONE
