
 Phase Region for:
     FCC_A1#1                      
 col-1=T, col-2=W(FCC_A1#1,C), col-3=W(FCC_A1#1,CR), col-4=W(FCC_A1#1,FE),
   col-5=W(FCC_A1#1,MN), col-6=W(FCC_A1#1,NI), col-7=W(FCC_A1#1,SI),
   col-8=NP(FCC_A1#1),
   1.17300E+03   6.00000E-03   2.25002E-02   9.48997E-01   1.00000E-06 
    1.00000E-06   2.25003E-02   1.00000E+00
   1.18300E+03   6.00000E-03   2.25002E-02   9.48997E-01   1.00000E-06 
    1.00000E-06   2.25003E-02   1.00000E+00
   1.19300E+03   6.00000E-03   2.25002E-02   9.48997E-01   1.00000E-06 
    1.00000E-06   2.25003E-02   1.00000E+00
   1.20300E+03   6.00000E-03   2.25003E-02   9.48997E-01   1.00000E-06 
    1.00000E-06   2.25003E-02   1.00000E+00
   1.21300E+03   6.00000E-03   2.25002E-02   9.48997E-01   1.00000E-06 
    1.00000E-06   2.25003E-02   1.00000E+00
   1.22300E+03   6.00000E-03   2.25002E-02   9.48997E-01   1.00000E-06 
    1.00000E-06   2.25003E-02   1.00000E+00
   1.23300E+03   6.00000E-03   2.25002E-02   9.48997E-01   1.00000E-06 
    1.00000E-06   2.25003E-02   1.00000E+00
   1.24300E+03   6.00000E-03   2.25002E-02   9.48997E-01   1.00000E-06 
    1.00000E-06   2.25003E-02   1.00000E+00
   1.25300E+03   6.00000E-03   2.25002E-02   9.48997E-01   1.00000E-06 
    1.00000E-06   2.25003E-02   1.00000E+00
   1.26300E+03   6.00000E-03   2.25002E-02   9.48997E-01   1.00000E-06 
    1.00000E-06   2.25003E-02   1.00000E+00
   1.27300E+03   6.00000E-03   2.25003E-02   9.48997E-01   1.00000E-06 
    1.00000E-06   2.25003E-02   1.00000E+00
   1.28300E+03   6.00000E-03   2.25002E-02   9.48997E-01   1.00000E-06 
    1.00000E-06   2.25003E-02   1.00000E+00
   1.29300E+03   6.00000E-03   2.25002E-02   9.48997E-01   1.00000E-06 
    1.00000E-06   2.25003E-02   1.00000E+00
   1.30300E+03   6.00000E-03   2.25003E-02   9.48997E-01   1.00000E-06 
    1.00000E-06   2.25003E-02   1.00000E+00
   1.31300E+03   6.00000E-03   2.25002E-02   9.48997E-01   1.00000E-06 
    1.00000E-06   2.25003E-02   1.00000E+00
   1.32300E+03   6.00000E-03   2.25002E-02   9.48997E-01   1.00000E-06 
    1.00000E-06   2.25003E-02   1.00000E+00
   1.33300E+03   6.00000E-03   2.25002E-02   9.48997E-01   1.00000E-06 
    1.00000E-06   2.25003E-02   1.00000E+00
   1.34300E+03   6.00000E-03   2.25002E-02   9.48997E-01   1.00000E-06 
    1.00000E-06   2.25003E-02   1.00000E+00
   1.35300E+03   6.00000E-03   2.25002E-02   9.48997E-01   1.00000E-06 
    1.00000E-06   2.25003E-02   1.00000E+00
   1.36300E+03   6.00000E-03   2.25002E-02   9.48997E-01   1.00000E-06 
    1.00000E-06   2.25003E-02   1.00000E+00
   1.37300E+03   6.00000E-03   2.25002E-02   9.48997E-01   1.00000E-06 
    1.00000E-06   2.25003E-02   1.00000E+00
   1.38300E+03   6.00000E-03   2.25002E-02   9.48997E-01   1.00000E-06 
    1.00000E-06   2.25003E-02   1.00000E+00
   1.39300E+03   6.00000E-03   2.25002E-02   9.48997E-01   1.00000E-06 
    1.00000E-06   2.25003E-02   1.00000E+00
   1.40300E+03   6.00000E-03   2.25002E-02   9.48997E-01   1.00000E-06 
    1.00000E-06   2.25003E-02   1.00000E+00
   1.41300E+03   6.00000E-03   2.25002E-02   9.48997E-01   1.00000E-06 
    1.00000E-06   2.25003E-02   1.00000E+00
   1.42300E+03   6.00000E-03   2.25002E-02   9.48997E-01   1.00000E-06 
    1.00000E-06   2.25002E-02   1.00000E+00
   1.43300E+03   6.00000E-03   2.25002E-02   9.48997E-01   1.00000E-06 
    1.00000E-06   2.25003E-02   1.00000E+00
   1.44300E+03   6.00000E-03   2.25003E-02   9.48997E-01   1.00000E-06 
    1.00000E-06   2.25003E-02   1.00000E+00
   1.45300E+03   6.00000E-03   2.25002E-02   9.48997E-01   1.00000E-06 
    1.00000E-06   2.25003E-02   1.00000E+00
   1.46300E+03   6.00000E-03   2.25002E-02   9.48997E-01   1.00000E-06 
    1.00000E-06   2.25003E-02   1.00000E+00
   1.47300E+03   6.00000E-03   2.25002E-02   9.48998E-01   1.00000E-06 
    1.00000E-06   2.25003E-02   1.00000E+00

 Phase Region for:
     FCC_A1#1                      
 col-1=T, col-2=W(FCC_A1#1,C), col-3=W(FCC_A1#1,CR), col-4=W(FCC_A1#1,FE),
   col-5=W(FCC_A1#1,MN), col-6=W(FCC_A1#1,NI), col-7=W(FCC_A1#1,SI),
   col-8=NP(FCC_A1#1),
   1.17300E+03   6.00000E-03   2.25002E-02   9.48997E-01   1.00000E-06 
    1.00000E-06   2.25003E-02   1.00000E+00
   1.16300E+03   6.00000E-03   2.25003E-02   9.48997E-01   1.00000E-06 
    1.00000E-06   2.25003E-02   1.00000E+00
   1.15300E+03   6.00000E-03   2.25003E-02   9.48997E-01   1.00000E-06 
    1.00000E-06   2.25003E-02   1.00000E+00
   1.14300E+03   6.00000E-03   2.25003E-02   9.48997E-01   1.00000E-06 
    1.00000E-06   2.25003E-02   1.00000E+00
   1.13300E+03   6.00000E-03   2.25002E-02   9.48997E-01   1.00000E-06 
    1.00000E-06   2.25003E-02   1.00000E+00
   1.12300E+03   6.00000E-03   2.25003E-02   9.48997E-01   1.00000E-06 
    1.00000E-06   2.25003E-02   1.00000E+00
   1.11300E+03   6.00000E-03   2.25002E-02   9.48997E-01   1.00000E-06 
    1.00000E-06   2.25003E-02   1.00000E+00
   1.10300E+03   6.00000E-03   2.25002E-02   9.48997E-01   1.00000E-06 
    1.00000E-06   2.25003E-02   1.00000E+00
   1.09300E+03   6.00000E-03   2.25002E-02   9.48997E-01   1.00000E-06 
    1.00000E-06   2.25003E-02   1.00000E+00
   1.09237E+03   6.00000E-03   2.25002E-02   9.48997E-01   1.00000E-06 
    1.00000E-06   2.25003E-02   1.00000E+00

 Phase Region for:
     CEMENTITE                     
     FCC_A1#1                      
 col-1=T, col-2=W(CEMENTITE,C), col-3=W(CEMENTITE,CR), col-4=W(CEMENTITE,FE),
   col-5=W(CEMENTITE,MN), col-6=W(CEMENTITE,NI), col-7=W(CEMENTITE,SI),
   col-8=W(FCC_A1#1,C), col-9=W(FCC_A1#1,CR), col-10=W(FCC_A1#1,FE),
   col-11=W(FCC_A1#1,MN), col-12=W(FCC_A1#1,NI), col-13=W(FCC_A1#1,SI),
   col-14=NP(CEMENTITE), col-15=NP(FCC_A1#1),
   1.09237E+03   6.78075E-02   1.84335E-01   7.47856E-01   1.45012E-06 
    9.98427E-08   0.00000E+00   6.00000E-03   2.25002E-02   9.48998E-01 
    1.00000E-06   1.00000E-06   2.25003E-02   4.74546E-08   1.00000E+00
   1.08300E+03   6.78129E-02   1.85415E-01   7.46771E-01   1.46209E-06 
    9.73780E-08   0.00000E+00   5.77463E-03   2.19063E-02   9.49735E-01 
    9.98315E-07   1.00329E-06   2.25823E-02   4.38110E-03   9.95619E-01
   1.07752E+03   6.78161E-02   1.86053E-01   7.46130E-01   1.46928E-06 
    9.59485E-08   0.00000E+00   5.64530E-03   2.15618E-02   9.50162E-01 
    9.97307E-07   1.00519E-06   2.26294E-02   6.88079E-03   9.93119E-01

 Phase Region for:
     BCC_A2                        
     CEMENTITE                     
     FCC_A1#1                      
 col-1=T, col-2=W(BCC_A2,C), col-3=W(BCC_A2,CR), col-4=W(BCC_A2,FE),
   col-5=W(BCC_A2,MN), col-6=W(BCC_A2,NI), col-7=W(BCC_A2,SI),
   col-8=W(CEMENTITE,C), col-9=W(CEMENTITE,CR), col-10=W(CEMENTITE,FE),
   col-11=W(CEMENTITE,MN), col-12=W(CEMENTITE,NI), col-13=W(CEMENTITE,SI),
   col-14=W(FCC_A1#1,C), col-15=W(FCC_A1#1,CR), col-16=W(FCC_A1#1,FE),
   col-17=W(FCC_A1#1,MN), col-18=W(FCC_A1#1,NI), col-19=W(FCC_A1#1,SI),
   col-20=NP(BCC_A2), col-21=NP(CEMENTITE), col-22=NP(FCC_A1#1),
   1.07752E+03   2.13872E-04   1.40011E-02   9.56738E-01   4.51812E-07 
    5.68841E-07   2.90463E-02   6.78161E-02   1.86052E-01   7.46130E-01 
    1.46929E-06   9.59488E-08   0.00000E+00   5.64530E-03   2.15618E-02 
    9.50162E-01   9.97310E-07   1.00519E-06   2.26293E-02   5.87545E-06 
    6.88138E-03   9.93113E-01
   1.07300E+03   2.11258E-04   1.27944E-02   9.59311E-01   5.15757E-07 
    6.57911E-07   2.76817E-02   6.77661E-02   1.75973E-01   7.56259E-01 
    1.75578E-06   1.12589E-07   0.00000E+00   5.72888E-03   1.99835E-02 
    9.52897E-01   1.15958E-06   1.17146E-06   2.13883E-02   2.70126E-01 
    3.46914E-02   6.95183E-01
   1.06307E+03   2.06322E-04   1.02599E-02   9.64917E-01   8.06653E-07 
    1.07598E-06   2.46147E-02   6.76511E-02   1.52751E-01   7.79595E-01 
    3.05742E-06   1.91463E-07   0.00000E+00   5.93452E-03   1.65594E-02 
    9.58891E-01   1.89383E-06   1.94852E-06   1.86110E-02   8.96650E-01 
    1.03350E-01   0.00000E+00

 Phase Region for:
     BCC_A2                        
     CEMENTITE                     
 col-1=T, col-2=W(BCC_A2,C), col-3=W(BCC_A2,CR), col-4=W(BCC_A2,FE),
   col-5=W(BCC_A2,MN), col-6=W(BCC_A2,NI), col-7=W(BCC_A2,SI),
   col-8=W(CEMENTITE,C), col-9=W(CEMENTITE,CR), col-10=W(CEMENTITE,FE),
   col-11=W(CEMENTITE,MN), col-12=W(CEMENTITE,NI), col-13=W(CEMENTITE,SI),
   col-14=NP(BCC_A2), col-15=NP(CEMENTITE),
   1.06307E+03   2.06322E-04   1.02599E-02   9.64917E-01   8.06653E-07 
    1.07598E-06   2.46147E-02   6.76511E-02   1.52751E-01   7.79595E-01 
    3.05742E-06   1.91463E-07   0.00000E+00   8.96650E-01   1.03350E-01  NONE
   1.06300E+03   2.06167E-04   1.02580E-02   9.64919E-01   8.06589E-07 
    1.07599E-06   2.46148E-02   6.76511E-02   1.52768E-01   7.79578E-01 
    3.05805E-06   1.91452E-07   0.00000E+00   8.96647E-01   1.03353E-01  NONE
   1.05300E+03   1.84878E-04   9.98511E-03   9.65206E-01   7.97048E-07 
    1.07640E-06   2.46221E-02   6.76632E-02   1.55210E-01   7.77123E-01 
    3.15209E-06   1.89851E-07   0.00000E+00   8.96300E-01   1.03700E-01  NONE
   1.04300E+03   1.65493E-04   9.70850E-03   9.65495E-01   7.86753E-07 
    1.07678E-06   2.46288E-02   6.76757E-02   1.57720E-01   7.74601E-01 
    3.25421E-06   1.88346E-07   0.00000E+00   8.95985E-01   1.04015E-01  NONE
   1.03300E+03   1.47876E-04   9.42785E-03   9.65788E-01   7.75592E-07 
    1.07713E-06   2.46348E-02   6.76885E-02   1.60299E-01   7.72009E-01 
    3.36553E-06   1.86951E-07   0.00000E+00   8.95698E-01   1.04302E-01  NONE
   1.02300E+03   1.31900E-04   9.14281E-03   9.66083E-01   7.63436E-07 
    1.07744E-06   2.46401E-02   6.77016E-02   1.62950E-01   7.69344E-01 
    3.48741E-06   1.85688E-07   0.00000E+00   8.95438E-01   1.04562E-01  NONE
   1.01300E+03   1.17442E-04   8.85299E-03   9.66383E-01   7.50126E-07 
    1.07772E-06   2.46449E-02   6.77151E-02   1.65676E-01   7.66605E-01 
    3.62148E-06   1.84579E-07   0.00000E+00   8.95203E-01   1.04797E-01  NONE
   1.00300E+03   1.04387E-04   8.54686E-03   9.66698E-01   7.33148E-07 
    1.07792E-06   2.46492E-02   6.77296E-02   1.68598E-01   7.63668E-01 
    3.79406E-06   1.84162E-07   0.00000E+00   8.94990E-01   1.05010E-01  NONE
   9.93000E+02   9.26447E-05   8.23853E-03   9.67014E-01   7.15221E-07 
    1.07809E-06   2.46530E-02   6.77443E-02   1.71565E-01   7.60686E-01 
    3.97654E-06   1.83812E-07   0.00000E+00   8.94800E-01   1.05200E-01  NONE
   9.83000E+02   8.20970E-05   7.93184E-03   9.67328E-01   6.97116E-07 
    1.07825E-06   2.46563E-02   6.77590E-02   1.74536E-01   7.57701E-01 
    4.16088E-06   1.83367E-07   0.00000E+00   8.94628E-01   1.05372E-01  NONE
   9.73000E+02   7.26341E-05   7.62695E-03   9.67639E-01   6.78841E-07 
    1.07841E-06   2.46592E-02   6.77737E-02   1.77507E-01   7.54715E-01 
    4.34705E-06   1.82837E-07   0.00000E+00   8.94474E-01   1.05526E-01  NONE
   9.63000E+02   6.41555E-05   7.32403E-03   9.67948E-01   6.60401E-07 
    1.07856E-06   2.46618E-02   6.77884E-02   1.80475E-01   7.51732E-01 
    4.53502E-06   1.82228E-07   0.00000E+00   8.94337E-01   1.05663E-01  NONE
   9.53000E+02   5.65692E-05   7.02331E-03   9.68254E-01   6.41802E-07 
    1.07871E-06   2.46640E-02   6.78031E-02   1.83438E-01   7.48754E-01 
    4.72474E-06   1.81547E-07   0.00000E+00   8.94214E-01   1.05786E-01  NONE
   9.43000E+02   4.97914E-05   6.72504E-03   9.68557E-01   6.23054E-07 
    1.07885E-06   2.46660E-02   6.78177E-02   1.86392E-01   7.45786E-01 
    4.91616E-06   1.80802E-07   0.00000E+00   8.94104E-01   1.05896E-01  NONE
   9.33000E+02   4.37451E-05   6.42952E-03   9.68857E-01   6.04164E-07 
    1.07899E-06   2.46677E-02   6.78323E-02   1.89332E-01   7.42831E-01 
    5.10920E-06   1.79998E-07   0.00000E+00   8.94005E-01   1.05995E-01  NONE
   9.23000E+02   3.83601E-05   6.13708E-03   9.69154E-01   5.85143E-07 
    1.07913E-06   2.46691E-02   6.78468E-02   1.92254E-01   7.39894E-01 
    5.30377E-06   1.79142E-07   0.00000E+00   8.93918E-01   1.06082E-01  NONE
   9.13000E+02   3.35721E-05   5.84807E-03   9.69446E-01   5.66004E-07 
    1.07926E-06   2.46704E-02   6.78611E-02   1.95153E-01   7.36980E-01 
    5.49976E-06   1.78239E-07   0.00000E+00   8.93840E-01   1.06160E-01  NONE
   9.03000E+02   2.93224E-05   5.56288E-03   9.69735E-01   5.46760E-07 
    1.07939E-06   2.46714E-02   6.78754E-02   1.98026E-01   7.34093E-01 
    5.69702E-06   1.77294E-07   0.00000E+00   8.93771E-01   1.06229E-01  NONE
   8.93000E+02   2.55573E-05   5.28192E-03   9.70019E-01   5.27429E-07 
    1.07951E-06   2.46723E-02   6.78894E-02   2.00866E-01   7.31239E-01 
    5.89538E-06   1.76312E-07   0.00000E+00   8.93710E-01   1.06290E-01  NONE
   8.83000E+02   2.22279E-05   5.00559E-03   9.70298E-01   5.08029E-07 
    1.07964E-06   2.46730E-02   6.79033E-02   2.03668E-01   7.28423E-01 
    6.09465E-06   1.75297E-07   0.00000E+00   8.93656E-01   1.06344E-01  NONE
   8.73000E+02   1.92893E-05   4.73433E-03   9.70571E-01   4.88582E-07 
    1.07976E-06   2.46736E-02   6.79170E-02   2.06427E-01   7.25650E-01 
    6.29460E-06   1.74253E-07   0.00000E+00   8.93609E-01   1.06391E-01  NONE
   8.63000E+02   1.67011E-05   4.46858E-03   9.70839E-01   4.69112E-07 
    1.07988E-06   2.46741E-02   6.79304E-02   2.09138E-01   7.22925E-01 
    6.49498E-06   1.73184E-07   0.00000E+00   8.93567E-01   1.06433E-01  NONE
   8.53000E+02   1.44260E-05   4.20876E-03   9.71101E-01   4.49647E-07 
    1.08000E-06   2.46744E-02   6.79436E-02   2.11795E-01   7.20254E-01 
    6.69550E-06   1.72094E-07   0.00000E+00   8.93530E-01   1.06470E-01  NONE
   8.43000E+02   1.24305E-05   3.95532E-03   9.71356E-01   4.30216E-07 
    1.08012E-06   2.46747E-02   6.79565E-02   2.14394E-01   7.17642E-01 
    6.89585E-06   1.70984E-07   0.00000E+00   8.93497E-01   1.06503E-01  NONE
   8.33000E+02   1.06840E-05   3.70866E-03   9.71604E-01   4.10850E-07 
    1.08023E-06   2.46749E-02   6.79690E-02   2.16929E-01   7.15094E-01 
    7.09569E-06   1.69858E-07   0.00000E+00   8.93469E-01   1.06531E-01  NONE
   8.23000E+02   9.15893E-06   3.46920E-03   9.71845E-01   3.91586E-07 
    1.08035E-06   2.46750E-02   6.79813E-02   2.19396E-01   7.12616E-01 
    7.29465E-06   1.68717E-07   0.00000E+00   8.93444E-01   1.06556E-01  NONE
   8.13000E+02   7.83031E-06   3.23730E-03   9.72078E-01   3.72459E-07 
    1.08046E-06   2.46751E-02   6.79931E-02   2.21789E-01   7.10211E-01 
    7.49234E-06   1.67563E-07   0.00000E+00   8.93423E-01   1.06577E-01  NONE
   8.03000E+02   6.67560E-06   3.01334E-03   9.72303E-01   3.53509E-07 
    1.08058E-06   2.46751E-02   6.80046E-02   2.24104E-01   7.07883E-01 
    7.68834E-06   1.66397E-07   0.00000E+00   8.93404E-01   1.06596E-01  NONE
   7.93000E+02   5.67454E-06   2.79762E-03   9.72520E-01   3.34775E-07 
    1.08069E-06   2.46751E-02   6.80157E-02   2.26338E-01   7.05638E-01 
    7.88223E-06   1.65220E-07   0.00000E+00   8.93388E-01   1.06612E-01  NONE
   7.83000E+02   4.80891E-06   2.59042E-03   9.72728E-01   3.16300E-07 
    1.08080E-06   2.46750E-02   6.80263E-02   2.28487E-01   7.03478E-01 
    8.07357E-06   1.64033E-07   0.00000E+00   8.93374E-01   1.06626E-01  NONE
   7.73000E+02   4.06238E-06   2.39200E-03   9.72928E-01   2.98125E-07 
    1.08091E-06   2.46749E-02   6.80365E-02   2.30549E-01   7.01406E-01 
    8.26190E-06   1.62835E-07   0.00000E+00   8.93362E-01   1.06638E-01  NONE
   7.63000E+02   3.42034E-06   2.20255E-03   9.73118E-01   2.80293E-07 
    1.08103E-06   2.46748E-02   6.80463E-02   2.32519E-01   6.99426E-01 
    8.44677E-06   1.61626E-07   0.00000E+00   8.93351E-01   1.06649E-01  NONE
   7.53000E+02   2.86977E-06   2.02222E-03   9.73299E-01   2.62846E-07 
    1.08114E-06   2.46747E-02   6.80556E-02   2.34398E-01   6.97538E-01 
    8.62774E-06   1.60406E-07   0.00000E+00   8.93342E-01   1.06658E-01  NONE
   7.43000E+02   2.39905E-06   1.85111E-03   9.73471E-01   2.45825E-07 
    1.08125E-06   2.46746E-02   6.80644E-02   2.36182E-01   6.95745E-01 
    8.80436E-06   1.59173E-07   0.00000E+00   8.93335E-01   1.06665E-01  NONE
   7.33000E+02   1.99787E-06   1.68927E-03   9.73633E-01   2.29271E-07 
    1.08137E-06   2.46744E-02   6.80728E-02   2.37871E-01   6.94047E-01 
    8.97620E-06   1.57925E-07   0.00000E+00   8.93328E-01   1.06672E-01  NONE
   7.23000E+02   1.65708E-06   1.53672E-03   9.73786E-01   2.13221E-07 
    1.08148E-06   2.46743E-02   6.80807E-02   2.39465E-01   6.92445E-01 
    9.14288E-06   1.56662E-07   0.00000E+00   8.93323E-01   1.06677E-01  NONE
   7.13000E+02   1.36861E-06   1.39340E-03   9.73930E-01   1.97711E-07 
    1.08160E-06   2.46741E-02   6.80881E-02   2.40964E-01   6.90938E-01 
    9.30400E-06   1.55380E-07   0.00000E+00   8.93318E-01   1.06682E-01  NONE
   7.03000E+02   1.12532E-06   1.25922E-03   9.74064E-01   1.82772E-07 
    1.08172E-06   2.46740E-02   6.80951E-02   2.42369E-01   6.89527E-01 
    9.45923E-06   1.54078E-07   0.00000E+00   8.93314E-01   1.06686E-01  NONE
   6.93000E+02   9.20917E-07   1.13404E-03   9.74190E-01   1.68433E-07 
    1.08184E-06   2.46738E-02   6.81016E-02   2.43680E-01   6.88209E-01 
    9.60825E-06   1.52753E-07   0.00000E+00   8.93311E-01   1.06689E-01  NONE
   6.83000E+02   7.49901E-07   1.01768E-03   9.74307E-01   1.54720E-07 
    1.08197E-06   2.46736E-02   6.81076E-02   2.44900E-01   6.86983E-01 
    9.75082E-06   1.51401E-07   0.00000E+00   8.93308E-01   1.06692E-01  NONE
   6.73000E+02   6.07438E-07   9.09923E-04   9.74415E-01   1.41652E-07 
    1.08210E-06   2.46735E-02   6.81132E-02   2.46030E-01   6.85846E-01 
    9.88670E-06   1.50021E-07   0.00000E+00   8.93306E-01   1.06694E-01  NONE
