
 Phase Region for:
     FCC_A1#1                      
 col-1=T, col-2=X(FCC_A1#1,C), col-3=X(FCC_A1#1,CR), col-4=X(FCC_A1#1,FE),
   col-5=X(FCC_A1#1,MN), col-6=X(FCC_A1#1,NI), col-7=X(FCC_A1#1,SI),
   col-8=NP(FCC_A1#1),
   1.17300E+03   2.71162E-02   1.04397E-06   9.39413E-01   7.41119E-03 
    1.15619E-02   1.44968E-02   1.00000E+00
   1.18300E+03   2.71162E-02   1.04397E-06   9.39413E-01   7.41119E-03 
    1.15619E-02   1.44968E-02   1.00000E+00
   1.19300E+03   2.71162E-02   1.04397E-06   9.39413E-01   7.41119E-03 
    1.15619E-02   1.44968E-02   1.00000E+00
   1.20300E+03   2.71162E-02   1.04397E-06   9.39413E-01   7.41119E-03 
    1.15619E-02   1.44968E-02   1.00000E+00
   1.21300E+03   2.71162E-02   1.04397E-06   9.39413E-01   7.41119E-03 
    1.15619E-02   1.44968E-02   1.00000E+00
   1.22300E+03   2.71162E-02   1.04397E-06   9.39413E-01   7.41119E-03 
    1.15619E-02   1.44968E-02   1.00000E+00
   1.23300E+03   2.71162E-02   1.04397E-06   9.39413E-01   7.41119E-03 
    1.15619E-02   1.44968E-02   1.00000E+00
   1.24300E+03   2.71162E-02   1.04397E-06   9.39413E-01   7.41119E-03 
    1.15619E-02   1.44968E-02   1.00000E+00
   1.25300E+03   2.71162E-02   1.04397E-06   9.39413E-01   7.41119E-03 
    1.15619E-02   1.44968E-02   1.00000E+00
   1.26300E+03   2.71162E-02   1.04397E-06   9.39413E-01   7.41119E-03 
    1.15619E-02   1.44968E-02   1.00000E+00
   1.27300E+03   2.71162E-02   1.04397E-06   9.39413E-01   7.41119E-03 
    1.15619E-02   1.44968E-02   1.00000E+00
   1.28300E+03   2.71162E-02   1.04397E-06   9.39413E-01   7.41119E-03 
    1.15619E-02   1.44968E-02   1.00000E+00
   1.29300E+03   2.71162E-02   1.04397E-06   9.39413E-01   7.41119E-03 
    1.15619E-02   1.44968E-02   1.00000E+00
   1.30300E+03   2.71162E-02   1.04397E-06   9.39413E-01   7.41119E-03 
    1.15619E-02   1.44968E-02   1.00000E+00
   1.31300E+03   2.71162E-02   1.04397E-06   9.39413E-01   7.41119E-03 
    1.15619E-02   1.44968E-02   1.00000E+00
   1.32300E+03   2.71162E-02   1.04397E-06   9.39413E-01   7.41119E-03 
    1.15619E-02   1.44968E-02   1.00000E+00
   1.33300E+03   2.71162E-02   1.04397E-06   9.39413E-01   7.41119E-03 
    1.15619E-02   1.44968E-02   1.00000E+00
   1.34300E+03   2.71162E-02   1.04397E-06   9.39413E-01   7.41119E-03 
    1.15619E-02   1.44968E-02   1.00000E+00
   1.35300E+03   2.71162E-02   1.04397E-06   9.39413E-01   7.41119E-03 
    1.15619E-02   1.44968E-02   1.00000E+00
   1.36300E+03   2.71162E-02   1.04397E-06   9.39413E-01   7.41119E-03 
    1.15619E-02   1.44968E-02   1.00000E+00
   1.37300E+03   2.71162E-02   1.04397E-06   9.39413E-01   7.41119E-03 
    1.15619E-02   1.44968E-02   1.00000E+00
   1.38300E+03   2.71162E-02   1.04397E-06   9.39413E-01   7.41119E-03 
    1.15619E-02   1.44968E-02   1.00000E+00
   1.39300E+03   2.71162E-02   1.04397E-06   9.39413E-01   7.41119E-03 
    1.15619E-02   1.44968E-02   1.00000E+00
   1.40300E+03   2.71162E-02   1.04397E-06   9.39413E-01   7.41119E-03 
    1.15619E-02   1.44968E-02   1.00000E+00
   1.41300E+03   2.71162E-02   1.04397E-06   9.39413E-01   7.41119E-03 
    1.15619E-02   1.44968E-02   1.00000E+00
   1.42300E+03   2.71162E-02   1.04397E-06   9.39413E-01   7.41119E-03 
    1.15619E-02   1.44968E-02   1.00000E+00
   1.43300E+03   2.71162E-02   1.04397E-06   9.39413E-01   7.41119E-03 
    1.15619E-02   1.44968E-02   1.00000E+00
   1.44300E+03   2.71162E-02   1.04397E-06   9.39413E-01   7.41119E-03 
    1.15619E-02   1.44968E-02   1.00000E+00
   1.45300E+03   2.71162E-02   1.04397E-06   9.39413E-01   7.41119E-03 
    1.15619E-02   1.44968E-02   1.00000E+00
   1.46300E+03   2.71162E-02   1.04397E-06   9.39413E-01   7.41119E-03 
    1.15619E-02   1.44968E-02   1.00000E+00
   1.47300E+03   2.71162E-02   1.04397E-06   9.39413E-01   7.41119E-03 
    1.15619E-02   1.44968E-02   1.00000E+00

 Phase Region for:
     FCC_A1#1                      
 col-1=T, col-2=X(FCC_A1#1,C), col-3=X(FCC_A1#1,CR), col-4=X(FCC_A1#1,FE),
   col-5=X(FCC_A1#1,MN), col-6=X(FCC_A1#1,NI), col-7=X(FCC_A1#1,SI),
   col-8=NP(FCC_A1#1),
   1.17300E+03   2.71162E-02   1.04397E-06   9.39413E-01   7.41119E-03 
    1.15619E-02   1.44968E-02   1.00000E+00
   1.16300E+03   2.71162E-02   1.04397E-06   9.39413E-01   7.41119E-03 
    1.15619E-02   1.44968E-02   1.00000E+00
   1.15300E+03   2.71162E-02   1.04397E-06   9.39413E-01   7.41119E-03 
    1.15619E-02   1.44968E-02   1.00000E+00
   1.14300E+03   2.71162E-02   1.04397E-06   9.39413E-01   7.41119E-03 
    1.15619E-02   1.44968E-02   1.00000E+00
   1.13300E+03   2.71162E-02   1.04397E-06   9.39413E-01   7.41119E-03 
    1.15619E-02   1.44968E-02   1.00000E+00
   1.12300E+03   2.71162E-02   1.04397E-06   9.39413E-01   7.41119E-03 
    1.15619E-02   1.44968E-02   1.00000E+00
   1.11300E+03   2.71162E-02   1.04397E-06   9.39413E-01   7.41119E-03 
    1.15619E-02   1.44968E-02   1.00000E+00
   1.10300E+03   2.71162E-02   1.04397E-06   9.39413E-01   7.41119E-03 
    1.15619E-02   1.44968E-02   1.00000E+00
   1.09300E+03   2.71162E-02   1.04397E-06   9.39413E-01   7.41119E-03 
    1.15619E-02   1.44968E-02   1.00000E+00
   1.08300E+03   2.71162E-02   1.04397E-06   9.39413E-01   7.41119E-03 
    1.15619E-02   1.44968E-02   1.00000E+00
   1.07300E+03   2.71162E-02   1.04397E-06   9.39413E-01   7.41119E-03 
    1.15619E-02   1.44968E-02   1.00000E+00
   1.06300E+03   2.71162E-02   1.04397E-06   9.39413E-01   7.41119E-03 
    1.15619E-02   1.44968E-02   1.00000E+00
   1.05300E+03   2.71162E-02   1.04397E-06   9.39413E-01   7.41119E-03 
    1.15619E-02   1.44968E-02   1.00000E+00
   1.04300E+03   2.71162E-02   1.04397E-06   9.39413E-01   7.41119E-03 
    1.15619E-02   1.44968E-02   1.00000E+00
   1.03300E+03   2.71162E-02   1.04397E-06   9.39413E-01   7.41119E-03 
    1.15619E-02   1.44968E-02   1.00000E+00
   1.02300E+03   2.71162E-02   1.04397E-06   9.39413E-01   7.41119E-03 
    1.15619E-02   1.44968E-02   1.00000E+00
   1.01300E+03   2.71162E-02   1.04397E-06   9.39413E-01   7.41119E-03 
    1.15619E-02   1.44968E-02   1.00000E+00
   1.00589E+03   2.71162E-02   1.04397E-06   9.39413E-01   7.41119E-03 
    1.15619E-02   1.44968E-02   1.00000E+00

 Phase Region for:
     BCC_A2                        
     FCC_A1#1                      
 col-1=T, col-2=X(BCC_A2,C), col-3=X(BCC_A2,CR), col-4=X(BCC_A2,FE),
   col-5=X(BCC_A2,MN), col-6=X(BCC_A2,NI), col-7=X(BCC_A2,SI),
   col-8=X(FCC_A1#1,C), col-9=X(FCC_A1#1,CR), col-10=X(FCC_A1#1,FE),
   col-11=X(FCC_A1#1,MN), col-12=X(FCC_A1#1,NI), col-13=X(FCC_A1#1,SI),
   col-14=NP(BCC_A2), col-15=NP(FCC_A1#1),
   1.00589E+03   6.74486E-04   5.76284E-07   9.70418E-01   2.24879E-03 
    5.32688E-03   2.13309E-02   2.71162E-02   1.04397E-06   9.39413E-01 
    7.41119E-03   1.15619E-02   1.44967E-02   8.93828E-07   9.99999E-01
   1.00300E+03   6.81353E-04   5.74986E-07   9.70525E-01   2.24370E-03 
    5.37286E-03   2.11765E-02   2.78076E-02   1.05623E-06   9.38599E-01 
    7.54636E-03   1.17238E-02   1.43220E-02   2.54912E-02   9.74509E-01
   9.93000E+02   7.05510E-04   5.70151E-07   9.70830E-01   2.22862E-03 
    5.53541E-03   2.06995E-02   3.03213E-02   1.10147E-06   9.35600E-01 
    8.04013E-03   1.22932E-02   1.37440E-02   1.08224E-01   8.91776E-01
   9.92769E+02   7.06071E-04   5.70031E-07   9.70836E-01   2.22830E-03 
    5.53920E-03   2.06894E-02   3.03815E-02   1.10256E-06   9.35528E-01 
    8.05200E-03   1.23065E-02   1.37311E-02   1.10035E-01   8.89965E-01

 Phase Region for:
     BCC_A2                        
     CEMENTITE                     
     FCC_A1#1                      
 col-1=T, col-2=X(BCC_A2,C), col-3=X(BCC_A2,CR), col-4=X(BCC_A2,FE),
   col-5=X(BCC_A2,MN), col-6=X(BCC_A2,NI), col-7=X(BCC_A2,SI),
   col-8=X(CEMENTITE,C), col-9=X(CEMENTITE,CR), col-10=X(CEMENTITE,FE),
   col-11=X(CEMENTITE,MN), col-12=X(CEMENTITE,NI), col-13=X(CEMENTITE,SI),
   col-14=X(FCC_A1#1,C), col-15=X(FCC_A1#1,CR), col-16=X(FCC_A1#1,FE),
   col-17=X(FCC_A1#1,MN), col-18=X(FCC_A1#1,NI), col-19=X(FCC_A1#1,SI),
   col-20=NP(BCC_A2), col-21=NP(CEMENTITE), col-22=NP(FCC_A1#1),
   9.92769E+02   7.06070E-04   5.70029E-07   9.70836E-01   2.22830E-03 
    5.53922E-03   2.06894E-02   2.50000E-01   1.17242E-05   7.33805E-01 
    1.49308E-02   1.25205E-03   0.00000E+00   3.03815E-02   1.10256E-06 
    9.35528E-01   8.05202E-03   1.23065E-02   1.37311E-02   1.10040E-01 
    6.93053E-07   8.89960E-01
   9.83000E+02   6.34376E-04   4.12242E-07   9.71065E-01   2.78551E-03 
    7.32351E-03   1.81908E-02   2.50000E-01   8.96009E-06   7.28349E-01 
    1.99767E-02   1.66497E-03   0.00000E+00   2.93252E-02   7.97113E-07 
    9.30395E-01   1.08357E-02   1.71670E-02   1.22762E-02   4.85735E-01 
    5.31421E-02   4.61122E-01
   9.73000E+02   5.62632E-04   3.46444E-07   9.69807E-01   3.34601E-03 
    9.28398E-03   1.69998E-02   2.50000E-01   7.90285E-06   7.22479E-01 
    2.53909E-02   2.12246E-03   0.00000E+00   2.80369E-02   6.65438E-07 
    9.23043E-01   1.40267E-02   2.30957E-02   1.17974E-02   7.08252E-01 
    8.35183E-02   2.08229E-01
   9.63000E+02   4.96391E-04   3.12403E-07   9.68006E-01   3.84202E-03 
    1.12111E-02   1.64440E-02   2.50000E-01   7.45695E-06   7.16717E-01 
    3.06980E-02   2.57700E-03   0.00000E+00   2.66603E-02   5.93932E-07 
    9.14489E-01   1.73826E-02   2.96848E-02   1.17823E-02   8.34558E-01 
    9.98083E-02   6.56337E-02
   9.55463E+02   4.50742E-04   2.95634E-07   9.66557E-01   4.16374E-03 
    1.25973E-02   1.62311E-02   2.50000E-01   7.29892E-06   7.12530E-01 
    3.45551E-02   2.90753E-03   0.00000E+00   2.55981E-02   5.56846E-07 
    9.07481E-01   1.99853E-02   3.50142E-02   1.19206E-02   8.93146E-01 
    1.06854E-01   0.00000E+00

 Phase Region for:
     BCC_A2                        
     CEMENTITE                     
 col-1=T, col-2=X(BCC_A2,C), col-3=X(BCC_A2,CR), col-4=X(BCC_A2,FE),
   col-5=X(BCC_A2,MN), col-6=X(BCC_A2,NI), col-7=X(BCC_A2,SI),
   col-8=X(CEMENTITE,C), col-9=X(CEMENTITE,CR), col-10=X(CEMENTITE,FE),
   col-11=X(CEMENTITE,MN), col-12=X(CEMENTITE,NI), col-13=X(CEMENTITE,SI),
   col-14=NP(BCC_A2), col-15=NP(CEMENTITE),
   9.55463E+02   4.50742E-04   2.95634E-07   9.66557E-01   4.16374E-03 
    1.25973E-02   1.62311E-02   2.50000E-01   7.29892E-06   7.12530E-01 
    3.45551E-02   2.90753E-03   0.00000E+00   8.93146E-01   1.06854E-01  NONE
   9.53000E+02   4.38175E-04   2.92659E-07   9.66604E-01   4.12810E-03 
    1.25972E-02   1.62319E-02   2.50000E-01   7.32083E-06   7.12241E-01 
    3.48401E-02   2.91200E-03   0.00000E+00   8.93101E-01   1.06899E-01  NONE
   9.43000E+02   3.90239E-04   2.80673E-07   9.66794E-01   3.98384E-03 
    1.25970E-02   1.62351E-02   2.50000E-01   7.40953E-06   7.11069E-01 
    3.59940E-02   2.92966E-03   0.00000E+00   8.92929E-01   1.07071E-01  NONE
   9.33000E+02   3.46938E-04   2.68842E-07   9.66978E-01   3.84041E-03 
    1.25966E-02   1.62379E-02   2.50000E-01   7.49774E-06   7.09904E-01 
    3.71420E-02   2.94658E-03   0.00000E+00   8.92774E-01   1.07226E-01  NONE
   9.23000E+02   3.07876E-04   2.57173E-07   9.67157E-01   3.69791E-03 
    1.25962E-02   1.62404E-02   2.50000E-01   7.58535E-06   7.08746E-01 
    3.82834E-02   2.96282E-03   0.00000E+00   8.92635E-01   1.07365E-01  NONE
   9.13000E+02   2.72689E-04   2.45673E-07   9.67332E-01   3.55646E-03 
    1.25956E-02   1.62427E-02   2.50000E-01   7.67226E-06   7.07597E-01 
    3.94173E-02   2.97840E-03   0.00000E+00   8.92509E-01   1.07491E-01  NONE
   9.03000E+02   2.41040E-04   2.34353E-07   9.67503E-01   3.41619E-03 
    1.25950E-02   1.62448E-02   2.50000E-01   7.75834E-06   7.06456E-01 
    4.05430E-02   2.99337E-03   0.00000E+00   8.92396E-01   1.07604E-01  NONE
   8.93000E+02   2.12618E-04   2.23221E-07   9.67669E-01   3.27720E-03 
    1.25944E-02   1.62466E-02   2.50000E-01   7.84347E-06   7.05325E-01 
    4.16594E-02   3.00775E-03   0.00000E+00   8.92294E-01   1.07706E-01  NONE
   8.83000E+02   1.87139E-04   2.12287E-07   9.67831E-01   3.13964E-03 
    1.25937E-02   1.62483E-02   2.50000E-01   7.92753E-06   7.04205E-01 
    4.27655E-02   3.02157E-03   0.00000E+00   8.92203E-01   1.07797E-01  NONE
   8.73000E+02   1.64338E-04   2.01563E-07   9.67989E-01   3.00365E-03 
    1.25930E-02   1.62497E-02   2.50000E-01   8.01039E-06   7.03097E-01 
    4.38603E-02   3.03484E-03   0.00000E+00   8.92122E-01   1.07878E-01  NONE
   8.63000E+02   1.43972E-04   1.91059E-07   9.68143E-01   2.86937E-03 
    1.25922E-02   1.62511E-02   2.50000E-01   8.09193E-06   7.02002E-01 
    4.49424E-02   3.04759E-03   0.00000E+00   8.92049E-01   1.07951E-01  NONE
   8.53000E+02   1.25817E-04   1.80785E-07   9.68293E-01   2.73694E-03 
    1.25914E-02   1.62523E-02   2.50000E-01   8.17203E-06   7.00921E-01 
    4.60107E-02   3.05982E-03   0.00000E+00   8.91984E-01   1.08016E-01  NONE
   8.43000E+02   1.09668E-04   1.70754E-07   9.68440E-01   2.60653E-03 
    1.25906E-02   1.62533E-02   2.50000E-01   8.25056E-06   6.99856E-01 
    4.70639E-02   3.07155E-03   0.00000E+00   8.91927E-01   1.08073E-01  NONE
   8.33000E+02   9.53334E-05   1.60975E-07   9.68582E-01   2.47828E-03 
    1.25898E-02   1.62542E-02   2.50000E-01   8.32739E-06   6.98808E-01 
    4.81008E-02   3.08278E-03   0.00000E+00   8.91875E-01   1.08125E-01  NONE
   8.23000E+02   8.26393E-05   1.51461E-07   9.68721E-01   2.35235E-03 
    1.25890E-02   1.62551E-02   2.50000E-01   8.40242E-06   6.97778E-01 
    4.91199E-02   3.09351E-03   0.00000E+00   8.91830E-01   1.08170E-01  NONE
   8.13000E+02   7.14252E-05   1.42220E-07   9.68856E-01   2.22891E-03 
    1.25882E-02   1.62558E-02   2.50000E-01   8.47552E-06   6.96768E-01 
    5.01200E-02   3.10374E-03   0.00000E+00   8.91790E-01   1.08210E-01  NONE
   8.03000E+02   6.15436E-05   1.33263E-07   9.68986E-01   2.10810E-03 
    1.25874E-02   1.62564E-02   2.50000E-01   8.54660E-06   6.95778E-01 
    5.10996E-02   3.11346E-03   0.00000E+00   8.91755E-01   1.08245E-01  NONE
   7.93000E+02   5.28593E-05   1.24599E-07   9.69113E-01   1.99009E-03 
    1.25866E-02   1.62570E-02   2.50000E-01   8.61554E-06   6.94811E-01 
    5.20575E-02   3.12267E-03   0.00000E+00   8.91724E-01   1.08276E-01  NONE
   7.83000E+02   4.52486E-05   1.16237E-07   9.69236E-01   1.87502E-03 
    1.25858E-02   1.62575E-02   2.50000E-01   8.68226E-06   6.93868E-01 
    5.29923E-02   3.13136E-03   0.00000E+00   8.91697E-01   1.08303E-01  NONE
   7.73000E+02   3.85984E-05   1.08184E-07   9.69355E-01   1.76304E-03 
    1.25851E-02   1.62579E-02   2.50000E-01   8.74668E-06   6.92949E-01 
    5.39028E-02   3.13950E-03   0.00000E+00   8.91673E-01   1.08327E-01  NONE
   7.63000E+02   3.28053E-05   1.00447E-07   9.69470E-01   1.65430E-03 
    1.25844E-02   1.62583E-02   2.50000E-01   8.80870E-06   6.92056E-01 
    5.47878E-02   3.14708E-03   0.00000E+00   8.91652E-01   1.08348E-01  NONE
   7.53000E+02   2.77751E-05   9.30306E-08   9.69581E-01   1.54891E-03 
    1.25837E-02   1.62586E-02   2.50000E-01   8.86828E-06   6.91191E-01 
    5.56462E-02   3.15408E-03   0.00000E+00   8.91634E-01   1.08366E-01  NONE
   7.43000E+02   2.34222E-05   8.59406E-08   9.69687E-01   1.44700E-03 
    1.25831E-02   1.62589E-02   2.50000E-01   8.92535E-06   6.90354E-01 
    5.64768E-02   3.16047E-03   0.00000E+00   8.91619E-01   1.08381E-01  NONE
   7.33000E+02   1.96688E-05   7.91798E-08   9.69790E-01   1.34869E-03 
    1.25825E-02   1.62592E-02   2.50000E-01   8.97987E-06   6.89546E-01 
    5.72787E-02   3.16622E-03   0.00000E+00   8.91606E-01   1.08394E-01  NONE
   7.23000E+02   1.64444E-05   7.27501E-08   9.69888E-01   1.25406E-03 
    1.25820E-02   1.62594E-02   2.50000E-01   9.03181E-06   6.88769E-01 
    5.80510E-02   3.17131E-03   0.00000E+00   8.91594E-01   1.08406E-01  NONE
   7.13000E+02   1.36854E-05   6.66524E-08   9.69982E-01   1.16321E-03 
    1.25816E-02   1.62595E-02   2.50000E-01   9.08114E-06   6.88022E-01 
    5.87930E-02   3.17569E-03   0.00000E+00   8.91584E-01   1.08416E-01  NONE
   7.03000E+02   1.13344E-05   6.08860E-08   9.70071E-01   1.07619E-03 
    1.25813E-02   1.62597E-02   2.50000E-01   9.12786E-06   6.87307E-01 
    5.95041E-02   3.17933E-03   0.00000E+00   8.91576E-01   1.08424E-01  NONE
   6.93000E+02   9.33969E-06   5.54491E-08   9.70157E-01   9.93080E-04 
    1.25810E-02   1.62598E-02   2.50000E-01   9.17197E-06   6.86625E-01 
    6.01836E-02   3.18219E-03   0.00000E+00   8.91569E-01   1.08431E-01  NONE
   6.83000E+02   7.65514E-06   5.03385E-08   9.70238E-01   9.13901E-04 
    1.25808E-02   1.62599E-02   2.50000E-01   9.21348E-06   6.85975E-01 
    6.08314E-02   3.18422E-03   0.00000E+00   8.91563E-01   1.08437E-01  NONE
   6.73000E+02   6.23938E-06   4.55498E-08   9.70314E-01   8.38679E-04 
    1.25807E-02   1.62600E-02   2.50000E-01   9.25243E-06   6.85358E-01 
    6.14470E-02   3.18538E-03   0.00000E+00   8.91558E-01   1.08442E-01  NONE
