
 Phase Region for:
     FCC_A1#1                      
 col-1=T, col-2=X(FCC_A1#1,C), col-3=X(FCC_A1#1,CR), col-4=X(FCC_A1#1,FE),
   col-5=X(FCC_A1#1,MN), col-6=X(FCC_A1#1,NI), col-7=X(FCC_A1#1,SI),
   col-8=NP(FCC_A1#1),
   1.17300E+03   2.70834E-02   2.60681E-02   9.01872E-01   7.40222E-03 
    2.30948E-02   1.44792E-02   1.00000E+00
   1.18300E+03   2.70834E-02   2.60681E-02   9.01872E-01   7.40222E-03 
    2.30948E-02   1.44792E-02   1.00000E+00
   1.19300E+03   2.70834E-02   2.60681E-02   9.01872E-01   7.40222E-03 
    2.30948E-02   1.44792E-02   1.00000E+00
   1.20300E+03   2.70834E-02   2.60681E-02   9.01872E-01   7.40222E-03 
    2.30948E-02   1.44792E-02   1.00000E+00
   1.21300E+03   2.70834E-02   2.60681E-02   9.01872E-01   7.40222E-03 
    2.30948E-02   1.44792E-02   1.00000E+00
   1.22300E+03   2.70834E-02   2.60681E-02   9.01872E-01   7.40222E-03 
    2.30948E-02   1.44792E-02   1.00000E+00
   1.23300E+03   2.70834E-02   2.60681E-02   9.01872E-01   7.40222E-03 
    2.30948E-02   1.44792E-02   1.00000E+00
   1.24300E+03   2.70834E-02   2.60681E-02   9.01872E-01   7.40222E-03 
    2.30948E-02   1.44792E-02   1.00000E+00
   1.25300E+03   2.70834E-02   2.60681E-02   9.01872E-01   7.40222E-03 
    2.30948E-02   1.44792E-02   1.00000E+00
   1.26300E+03   2.70834E-02   2.60681E-02   9.01872E-01   7.40222E-03 
    2.30948E-02   1.44792E-02   1.00000E+00
   1.27300E+03   2.70834E-02   2.60681E-02   9.01872E-01   7.40222E-03 
    2.30948E-02   1.44792E-02   1.00000E+00
   1.28300E+03   2.70834E-02   2.60681E-02   9.01872E-01   7.40222E-03 
    2.30948E-02   1.44792E-02   1.00000E+00
   1.29300E+03   2.70834E-02   2.60681E-02   9.01872E-01   7.40222E-03 
    2.30948E-02   1.44792E-02   1.00000E+00
   1.30300E+03   2.70834E-02   2.60681E-02   9.01872E-01   7.40222E-03 
    2.30948E-02   1.44792E-02   1.00000E+00
   1.31300E+03   2.70834E-02   2.60681E-02   9.01872E-01   7.40222E-03 
    2.30948E-02   1.44792E-02   1.00000E+00
   1.32300E+03   2.70834E-02   2.60681E-02   9.01872E-01   7.40222E-03 
    2.30948E-02   1.44792E-02   1.00000E+00
   1.33300E+03   2.70834E-02   2.60681E-02   9.01872E-01   7.40222E-03 
    2.30948E-02   1.44792E-02   1.00000E+00
   1.34300E+03   2.70834E-02   2.60681E-02   9.01872E-01   7.40222E-03 
    2.30948E-02   1.44792E-02   1.00000E+00
   1.35300E+03   2.70834E-02   2.60681E-02   9.01872E-01   7.40222E-03 
    2.30948E-02   1.44792E-02   1.00000E+00
   1.36300E+03   2.70834E-02   2.60681E-02   9.01872E-01   7.40222E-03 
    2.30948E-02   1.44792E-02   1.00000E+00
   1.37300E+03   2.70834E-02   2.60681E-02   9.01872E-01   7.40222E-03 
    2.30948E-02   1.44792E-02   1.00000E+00
   1.38300E+03   2.70834E-02   2.60681E-02   9.01872E-01   7.40222E-03 
    2.30948E-02   1.44792E-02   1.00000E+00
   1.39300E+03   2.70834E-02   2.60681E-02   9.01872E-01   7.40222E-03 
    2.30948E-02   1.44792E-02   1.00000E+00
   1.40300E+03   2.70834E-02   2.60681E-02   9.01872E-01   7.40222E-03 
    2.30948E-02   1.44792E-02   1.00000E+00
   1.41300E+03   2.70834E-02   2.60681E-02   9.01872E-01   7.40222E-03 
    2.30948E-02   1.44792E-02   1.00000E+00
   1.42300E+03   2.70834E-02   2.60681E-02   9.01872E-01   7.40222E-03 
    2.30948E-02   1.44792E-02   1.00000E+00
   1.43300E+03   2.70834E-02   2.60681E-02   9.01872E-01   7.40222E-03 
    2.30948E-02   1.44792E-02   1.00000E+00
   1.44300E+03   2.70834E-02   2.60681E-02   9.01872E-01   7.40222E-03 
    2.30948E-02   1.44792E-02   1.00000E+00
   1.45300E+03   2.70834E-02   2.60681E-02   9.01872E-01   7.40222E-03 
    2.30948E-02   1.44792E-02   1.00000E+00
   1.46300E+03   2.70834E-02   2.60681E-02   9.01872E-01   7.40222E-03 
    2.30948E-02   1.44792E-02   1.00000E+00
   1.47300E+03   2.70834E-02   2.60681E-02   9.01872E-01   7.40222E-03 
    2.30948E-02   1.44792E-02   1.00000E+00

 Phase Region for:
     FCC_A1#1                      
 col-1=T, col-2=X(FCC_A1#1,C), col-3=X(FCC_A1#1,CR), col-4=X(FCC_A1#1,FE),
   col-5=X(FCC_A1#1,MN), col-6=X(FCC_A1#1,NI), col-7=X(FCC_A1#1,SI),
   col-8=NP(FCC_A1#1),
   1.17300E+03   2.70834E-02   2.60681E-02   9.01872E-01   7.40222E-03 
    2.30948E-02   1.44792E-02   1.00000E+00
   1.16300E+03   2.70834E-02   2.60681E-02   9.01872E-01   7.40222E-03 
    2.30948E-02   1.44792E-02   1.00000E+00
   1.15300E+03   2.70834E-02   2.60681E-02   9.01872E-01   7.40222E-03 
    2.30948E-02   1.44792E-02   1.00000E+00
   1.14300E+03   2.70834E-02   2.60681E-02   9.01872E-01   7.40222E-03 
    2.30948E-02   1.44792E-02   1.00000E+00
   1.13300E+03   2.70834E-02   2.60681E-02   9.01872E-01   7.40222E-03 
    2.30948E-02   1.44792E-02   1.00000E+00
   1.12300E+03   2.70834E-02   2.60681E-02   9.01872E-01   7.40222E-03 
    2.30948E-02   1.44792E-02   1.00000E+00
   1.11300E+03   2.70834E-02   2.60681E-02   9.01872E-01   7.40222E-03 
    2.30948E-02   1.44792E-02   1.00000E+00
   1.10300E+03   2.70834E-02   2.60681E-02   9.01872E-01   7.40222E-03 
    2.30948E-02   1.44792E-02   1.00000E+00
   1.10049E+03   2.70834E-02   2.60681E-02   9.01872E-01   7.40222E-03 
    2.30948E-02   1.44792E-02   1.00000E+00

 Phase Region for:
     CEMENTITE                     
     FCC_A1#1                      
 col-1=T, col-2=X(CEMENTITE,C), col-3=X(CEMENTITE,CR), col-4=X(CEMENTITE,FE),
   col-5=X(CEMENTITE,MN), col-6=X(CEMENTITE,NI), col-7=X(CEMENTITE,SI),
   col-8=X(FCC_A1#1,C), col-9=X(FCC_A1#1,CR), col-10=X(FCC_A1#1,FE),
   col-11=X(FCC_A1#1,MN), col-12=X(FCC_A1#1,NI), col-13=X(FCC_A1#1,SI),
   col-14=NP(CEMENTITE), col-15=NP(FCC_A1#1),
   1.10049E+03   2.50000E-01   1.95555E-01   5.44328E-01   8.53653E-03 
    1.58043E-03   0.00000E+00   2.70833E-02   2.60681E-02   9.01872E-01 
    7.40222E-03   2.30948E-02   1.44792E-02   4.71774E-08   1.00000E+00
   1.09300E+03   2.50000E-01   1.96320E-01   5.43548E-01   8.58301E-03 
    1.54862E-03   0.00000E+00   2.63019E-02   2.54713E-02   9.03128E-01 
    7.39808E-03   2.31704E-02   1.45300E-02   3.49318E-03   9.96507E-01
   1.08300E+03   2.50000E-01   1.97347E-01   5.42499E-01   8.64704E-03 
    1.50665E-03   0.00000E+00   2.52804E-02   2.46828E-02   9.04779E-01 
    7.39216E-03   2.32694E-02   1.45963E-02   8.02294E-03   9.91977E-01
   1.07300E+03   2.50000E-01   1.98380E-01   5.41441E-01   8.71346E-03 
    1.46520E-03   0.00000E+00   2.42831E-02   2.39035E-02   9.06400E-01 
    7.38575E-03   2.33666E-02   1.46611E-02   1.24062E-02   9.87594E-01
   1.06300E+03   2.50000E-01   1.99418E-01   5.40375E-01   8.78235E-03 
    1.42428E-03   0.00000E+00   2.33098E-02   2.31336E-02   9.07992E-01 
    7.37886E-03   2.34617E-02   1.47243E-02   1.66463E-02   9.83354E-01
   1.05300E+03   2.50000E-01   2.00460E-01   5.39302E-01   8.85382E-03 
    1.38390E-03   0.00000E+00   2.23606E-02   2.23734E-02   9.09554E-01 
    7.37147E-03   2.35548E-02   1.47860E-02   2.07468E-02   9.79253E-01
   1.04300E+03   2.50000E-01   2.01506E-01   5.38222E-01   8.92795E-03 
    1.34407E-03   0.00000E+00   2.14353E-02   2.16230E-02   9.11086E-01 
    7.36357E-03   2.36459E-02   1.48461E-02   2.47109E-02   9.75289E-01
   1.03300E+03   2.50000E-01   2.02555E-01   5.37135E-01   9.00485E-03 
    1.30478E-03   0.00000E+00   2.05340E-02   2.08828E-02   9.12588E-01 
    7.35514E-03   2.37350E-02   1.49046E-02   2.85418E-02   9.71458E-01
   1.02300E+03   2.50000E-01   2.03607E-01   5.36043E-01   9.08463E-03 
    1.26605E-03   0.00000E+00   1.96565E-02   2.01530E-02   9.14061E-01 
    7.34617E-03   2.38221E-02   1.49616E-02   3.22427E-02   9.67757E-01
   1.01300E+03   2.50000E-01   2.04659E-01   5.34945E-01   9.16742E-03 
    1.22788E-03   0.00000E+00   1.88027E-02   1.94339E-02   9.15503E-01 
    7.33665E-03   2.39071E-02   1.50171E-02   3.58166E-02   9.64183E-01
   1.00300E+03   2.50000E-01   2.05713E-01   5.33843E-01   9.25332E-03 
    1.19027E-03   0.00000E+00   1.79724E-02   1.87257E-02   9.16914E-01 
    7.32657E-03   2.39901E-02   1.50710E-02   3.92665E-02   9.60733E-01
   1.00297E+03   2.50000E-01   2.05716E-01   5.33840E-01   9.25360E-03 
    1.19015E-03   0.00000E+00   1.79698E-02   1.87235E-02   9.16919E-01 
    7.32653E-03   2.39904E-02   1.50712E-02   3.92774E-02   9.60723E-01

 Phase Region for:
     BCC_A2                        
     CEMENTITE                     
     FCC_A1#1                      
 col-1=T, col-2=X(BCC_A2,C), col-3=X(BCC_A2,CR), col-4=X(BCC_A2,FE),
   col-5=X(BCC_A2,MN), col-6=X(BCC_A2,NI), col-7=X(BCC_A2,SI),
   col-8=X(CEMENTITE,C), col-9=X(CEMENTITE,CR), col-10=X(CEMENTITE,FE),
   col-11=X(CEMENTITE,MN), col-12=X(CEMENTITE,NI), col-13=X(CEMENTITE,SI),
   col-14=X(FCC_A1#1,C), col-15=X(FCC_A1#1,CR), col-16=X(FCC_A1#1,FE),
   col-17=X(FCC_A1#1,MN), col-18=X(FCC_A1#1,NI), col-19=X(FCC_A1#1,SI),
   col-20=NP(BCC_A2), col-21=NP(CEMENTITE), col-22=NP(FCC_A1#1),
   1.00297E+03   4.31847E-04   1.22135E-02   9.54899E-01   2.22132E-03 
    1.06050E-02   1.96295E-02   2.50000E-01   2.05716E-01   5.33840E-01 
    9.25362E-03   1.19016E-03   0.00000E+00   1.79698E-02   1.87235E-02 
    9.16919E-01   7.32655E-03   2.39904E-02   1.50712E-02   3.04817E-06 
    3.92777E-02   9.60719E-01
   9.93000E+02   3.96665E-04   1.08777E-02   9.55558E-01   2.49227E-03 
    1.22965E-02   1.83784E-02   2.50000E-01   1.96050E-01   5.41165E-01 
    1.13585E-02   1.42617E-03   0.00000E+00   1.76027E-02   1.68528E-02 
    9.13170E-01   8.94171E-03   2.91718E-02   1.42613E-02   2.61235E-01 
    6.01362E-02   6.78629E-01
   9.83000E+02   3.59177E-04   9.89334E-03   9.55355E-01   2.76878E-03 
    1.40524E-02   1.75714E-02   2.50000E-01   1.89650E-01   5.45045E-01 
    1.36358E-02   1.66910E-03   0.00000E+00   1.69818E-02   1.53971E-02 
    9.07891E-01   1.08047E-02   3.50757E-02   1.38492E-02   4.49990E-01 
    7.54514E-02   4.74558E-01
   9.73000E+02   3.21599E-04   9.15199E-03   9.54648E-01   3.03433E-03 
    1.57877E-02   1.70566E-02   2.50000E-01   1.85849E-01   5.46236E-01 
    1.60092E-02   1.90591E-03   0.00000E+00   1.61822E-02   1.42407E-02 
    9.01408E-01   1.28878E-02   4.15798E-02   1.37010E-02   5.84035E-01 
    8.62393E-02   3.29726E-01
   9.63000E+02   2.85494E-04   8.56940E-03   9.53689E-01   3.27862E-03 
    1.74478E-02   1.67297E-02   2.50000E-01   1.83928E-01   5.45512E-01 
    1.84305E-02   2.12873E-03   0.00000E+00   1.52707E-02   1.32852E-02 
    8.93933E-01   1.51778E-02   4.86102E-02   1.37231E-02   6.79061E-01 
    9.36761E-02   2.27263E-01
   9.53000E+02   2.51786E-04   8.08929E-03   9.52640E-01   3.49540E-03 
    1.90000E-02   1.65236E-02   2.50000E-01   1.83326E-01   5.43474E-01 
    2.08674E-02   2.33327E-03   0.00000E+00   1.42973E-02   1.24619E-02 
    8.85588E-01   1.76702E-02   5.61297E-02   1.38534E-02   7.46654E-01 
    9.87396E-02   1.54607E-01
   9.43000E+02   2.20923E-04   7.67551E-03   9.51600E-01   3.68105E-03 
    2.04267E-02   1.63955E-02   2.50000E-01   1.83638E-01   5.40547E-01 
    2.32976E-02   2.51762E-03   0.00000E+00   1.32972E-02   1.17254E-02 
    8.76428E-01   2.03673E-02   6.41312E-02   1.40504E-02   7.94932E-01 
    1.02157E-01   1.02911E-01
   9.33000E+02   1.93040E-04   7.30497E-03   9.50630E-01   3.83363E-03 
    2.17202E-02   1.63178E-02   2.50000E-01   1.84586E-01   5.37030E-01 
    2.57034E-02   2.68131E-03   0.00000E+00   1.22945E-02   1.10468E-02 
    8.66467E-01   2.32764E-02   7.26297E-02   1.42856E-02   8.29494E-01 
    1.04444E-01   6.60616E-02
   9.23000E+02   1.68093E-04   6.96292E-03   9.49766E-01   3.95231E-03 
    2.28785E-02   1.62725E-02   2.50000E-01   1.85977E-01   5.33128E-01 
    2.80699E-02   2.82469E-03   0.00000E+00   1.13058E-02   1.04074E-02 
    8.55684E-01   2.64084E-02   8.16558E-02   1.45385E-02   8.54210E-01 
    1.05958E-01   3.98321E-02
   9.13000E+02   1.45932E-04   6.63985E-03   9.49026E-01   4.03704E-03 
    2.39032E-02   1.62478E-02   2.50000E-01   1.87679E-01   5.28989E-01 
    3.03835E-02   2.94853E-03   0.00000E+00   1.03429E-02   9.79547E-03 
    8.44040E-01   2.97775E-02   9.12504E-02   1.47937E-02   8.71783E-01 
    1.06944E-01   2.12728E-02
   9.03000E+02   1.26357E-04   6.32961E-03   9.48422E-01   4.08844E-03 
    2.47977E-02   1.62357E-02   2.50000E-01   1.89595E-01   5.24719E-01 
    3.26318E-02   3.05379E-03   0.00000E+00   9.41409E-03   9.20388E-03 
    8.31482E-01   3.34004E-02   1.01460E-01   1.50389E-02   8.84127E-01 
    1.07574E-01   8.29881E-03
   8.93796E+02   1.10433E-04   6.05202E-03   9.47989E-01   4.10725E-03 
    2.55100E-02   1.62312E-02   2.50000E-01   1.91490E-01   5.20741E-01 
    3.46334E-02   3.13516E-03   0.00000E+00   8.59498E-03   8.67382E-03 
    8.19067E-01   3.69750E-02   1.11442E-01   1.52473E-02   8.92061E-01 
    1.07939E-01   0.00000E+00

 Phase Region for:
     BCC_A2                        
     CEMENTITE                     
 col-1=T, col-2=X(BCC_A2,C), col-3=X(BCC_A2,CR), col-4=X(BCC_A2,FE),
   col-5=X(BCC_A2,MN), col-6=X(BCC_A2,NI), col-7=X(BCC_A2,SI),
   col-8=X(CEMENTITE,C), col-9=X(CEMENTITE,CR), col-10=X(CEMENTITE,FE),
   col-11=X(CEMENTITE,MN), col-12=X(CEMENTITE,NI), col-13=X(CEMENTITE,SI),
   col-14=NP(BCC_A2), col-15=NP(CEMENTITE),
   8.93796E+02   1.10433E-04   6.05202E-03   9.47989E-01   4.10725E-03 
    2.55100E-02   1.62312E-02   2.50000E-01   1.91490E-01   5.20741E-01 
    3.46334E-02   3.13516E-03   0.00000E+00   8.92061E-01   1.07939E-01  NONE
   8.93000E+02   1.09183E-04   6.02769E-03   9.48025E-01   4.09618E-03 
    2.55102E-02   1.62313E-02   2.50000E-01   1.91683E-01   5.20459E-01 
    3.47236E-02   3.13423E-03   0.00000E+00   8.92056E-01   1.07944E-01  NONE
   8.83000E+02   9.45195E-05   5.72428E-03   9.48479E-01   3.95675E-03 
    2.55129E-02   1.62322E-02   2.50000E-01   1.94100E-01   5.16918E-01 
    3.58604E-02   3.12236E-03   0.00000E+00   8.92004E-01   1.07996E-01  NONE
   8.73000E+02   8.16420E-05   5.42554E-03   9.48927E-01   3.81671E-03 
    2.55155E-02   1.62331E-02   2.50000E-01   1.96486E-01   5.13401E-01 
    3.70029E-02   3.11033E-03   0.00000E+00   8.91958E-01   1.08042E-01  NONE
   8.63000E+02   7.03572E-05   5.13193E-03   9.49370E-01   3.67619E-03 
    2.55180E-02   1.62338E-02   2.50000E-01   1.98837E-01   5.09914E-01 
    3.81502E-02   3.09820E-03   0.00000E+00   8.91918E-01   1.08082E-01  NONE
   8.53000E+02   6.04899E-05   4.84394E-03   9.49805E-01   3.53531E-03 
    2.55204E-02   1.62344E-02   2.50000E-01   2.01150E-01   5.06463E-01 
    3.93011E-02   3.08605E-03   0.00000E+00   8.91882E-01   1.08118E-01  NONE
   8.43000E+02   5.18812E-05   4.56207E-03   9.50234E-01   3.39423E-03 
    2.55226E-02   1.62350E-02   2.50000E-01   2.03419E-01   5.03053E-01 
    4.04544E-02   3.07391E-03   0.00000E+00   8.91852E-01   1.08148E-01  NONE
   8.33000E+02   4.43879E-05   4.28679E-03   9.50655E-01   3.25312E-03 
    2.55248E-02   1.62355E-02   2.50000E-01   2.05639E-01   4.99690E-01 
    4.16086E-02   3.06185E-03   0.00000E+00   8.91825E-01   1.08175E-01  NONE
   8.23000E+02   3.78808E-05   4.01857E-03   9.51069E-01   3.11218E-03 
    2.55268E-02   1.62359E-02   2.50000E-01   2.07807E-01   4.96382E-01 
    4.27620E-02   3.04990E-03   0.00000E+00   8.91802E-01   1.08198E-01  NONE
   8.13000E+02   3.22436E-05   3.75790E-03   9.51473E-01   2.97163E-03 
    2.55287E-02   1.62363E-02   2.50000E-01   2.09917E-01   4.93132E-01 
    4.39128E-02   3.03809E-03   0.00000E+00   8.91782E-01   1.08218E-01  NONE
   8.03000E+02   2.73719E-05   3.50519E-03   9.51869E-01   2.83170E-03 
    2.55306E-02   1.62366E-02   2.50000E-01   2.11966E-01   4.89949E-01 
    4.50591E-02   3.02645E-03   0.00000E+00   8.91764E-01   1.08236E-01  NONE
   7.93000E+02   2.31724E-05   3.26088E-03   9.52254E-01   2.69266E-03 
    2.55324E-02   1.62369E-02   2.50000E-01   2.13950E-01   4.86837E-01 
    4.61987E-02   3.01498E-03   0.00000E+00   8.91749E-01   1.08251E-01  NONE
   7.83000E+02   1.95615E-05   3.02534E-03   9.52629E-01   2.55476E-03 
    2.55341E-02   1.62371E-02   2.50000E-01   2.15865E-01   4.83802E-01 
    4.73294E-02   3.00370E-03   0.00000E+00   8.91736E-01   1.08264E-01  NONE
   7.73000E+02   1.64649E-05   2.79892E-03   9.52993E-01   2.41831E-03 
    2.55357E-02   1.62373E-02   2.50000E-01   2.17708E-01   4.80851E-01 
    4.84486E-02   2.99261E-03   0.00000E+00   8.91725E-01   1.08275E-01  NONE
   7.63000E+02   1.38164E-05   2.58191E-03   9.53346E-01   2.28359E-03 
    2.55372E-02   1.62375E-02   2.50000E-01   2.19476E-01   4.77989E-01 
    4.95540E-02   2.98169E-03   0.00000E+00   8.91716E-01   1.08284E-01  NONE
   7.53000E+02   1.15575E-05   2.37459E-03   9.53687E-01   2.15093E-03 
    2.55388E-02   1.62376E-02   2.50000E-01   2.21167E-01   4.75219E-01 
    5.06428E-02   2.97091E-03   0.00000E+00   8.91708E-01   1.08292E-01  NONE
   7.43000E+02   9.63620E-06   2.17715E-03   9.54015E-01   2.02064E-03 
    2.55402E-02   1.62378E-02   2.50000E-01   2.22779E-01   4.72549E-01 
    5.17126E-02   2.96026E-03   0.00000E+00   8.91701E-01   1.08299E-01  NONE
   7.33000E+02   8.00688E-06   1.98975E-03   9.54330E-01   1.89303E-03 
    2.55417E-02   1.62379E-02   2.50000E-01   2.24310E-01   4.69980E-01 
    5.27605E-02   2.94969E-03   0.00000E+00   8.91695E-01   1.08305E-01  NONE
   7.23000E+02   6.62932E-06   1.81249E-03   9.54631E-01   1.76842E-03 
    2.55431E-02   1.62379E-02   2.50000E-01   2.25759E-01   4.67518E-01 
    5.37841E-02   2.93916E-03   0.00000E+00   8.91690E-01   1.08310E-01  NONE
   7.14451E+02   5.62453E-06   1.66902E-03   9.54879E-01   1.66451E-03 
    2.55442E-02   1.62380E-02   2.50000E-01   2.26933E-01   4.65499E-01 
    5.46378E-02   2.93013E-03   0.00000E+00   8.91687E-01   1.08313E-01  NONE

 Phase Region for:
     BCC_A2                        
     CEMENTITE                     
     FCC_A1#1                      
 col-1=T, col-2=X(BCC_A2,C), col-3=X(BCC_A2,CR), col-4=X(BCC_A2,FE),
   col-5=X(BCC_A2,MN), col-6=X(BCC_A2,NI), col-7=X(BCC_A2,SI),
   col-8=X(CEMENTITE,C), col-9=X(CEMENTITE,CR), col-10=X(CEMENTITE,FE),
   col-11=X(CEMENTITE,MN), col-12=X(CEMENTITE,NI), col-13=X(CEMENTITE,SI),
   col-14=X(FCC_A1#1,C), col-15=X(FCC_A1#1,CR), col-16=X(FCC_A1#1,FE),
   col-17=X(FCC_A1#1,MN), col-18=X(FCC_A1#1,NI), col-19=X(FCC_A1#1,SI),
   col-20=NP(BCC_A2), col-21=NP(CEMENTITE), col-22=NP(FCC_A1#1),
   7.14451E+02   5.62452E-06   1.66902E-03   9.54879E-01   1.66451E-03 
    2.55442E-02   1.62380E-02   2.50000E-01   2.26933E-01   4.65499E-01 
    5.46378E-02   2.93013E-03   0.00000E+00   1.17471E-03   1.87325E-03 
    5.05770E-01   1.24988E-01   3.51615E-01   1.45797E-02   8.91687E-01 
    1.08313E-01   1.01106E-08
   7.13000E+02   5.47280E-06   1.64481E-03   9.54978E-01   1.64225E-03 
    2.54914E-02   1.62383E-02   2.50000E-01   2.27132E-01   4.65292E-01 
    5.46537E-02   2.92188E-03   0.00000E+00   1.15920E-03   1.84677E-03 
    5.03795E-01   1.25457E-01   3.53166E-01   1.45750E-02   8.91540E-01 
    1.08313E-01   1.46439E-04
   7.03000E+02   4.52374E-06   1.48403E-03   9.55660E-01   1.49307E-03 
    2.51187E-02   1.62402E-02   2.50000E-01   2.28456E-01   4.63971E-01 
    5.47100E-02   2.86385E-03   0.00000E+00   1.05878E-03   1.67247E-03 
    4.90538E-01   1.28532E-01   3.63642E-01   1.45565E-02   8.90545E-01 
    1.08312E-01   1.14219E-03
   6.93000E+02   3.72574E-06   1.33384E-03   9.56338E-01   1.35164E-03 
    2.47312E-02   1.62420E-02   2.50000E-01   2.29692E-01   4.62830E-01 
    5.46747E-02   2.80388E-03   0.00000E+00   9.68476E-04   1.51184E-03 
    4.77862E-01   1.31335E-01   3.73760E-01   1.45627E-02   8.89572E-01 
    1.08312E-01   2.11613E-03
   6.83000E+02   3.05662E-06   1.19415E-03   9.57011E-01   1.21832E-03 
    2.43299E-02   1.62437E-02   2.50000E-01   2.30841E-01   4.61866E-01 
    5.45507E-02   2.74201E-03   0.00000E+00   8.86861E-04   1.36389E-03 
    4.65722E-01   1.33880E-01   3.83553E-01   1.45941E-02   8.88617E-01 
    1.08312E-01   3.07086E-03
   6.73000E+02   2.49727E-06   1.06478E-03   9.57679E-01   1.09334E-03 
    2.39152E-02   1.62451E-02   2.50000E-01   2.31905E-01   4.61076E-01 
    5.43409E-02   2.67828E-03   0.00000E+00   8.12742E-04   1.22776E-03 
    4.54075E-01   1.36182E-01   3.93052E-01   1.46513E-02   8.87680E-01 
    1.08312E-01   4.00891E-03
