
 Phase Region for:
     FCC_A1#1                      
 col-1=T, col-2=X(FCC_A1#1,C), col-3=X(FCC_A1#1,CR), col-4=X(FCC_A1#1,FE),
   col-5=X(FCC_A1#1,MN), col-6=X(FCC_A1#1,NI), col-7=X(FCC_A1#1,SI),
   col-8=NP(FCC_A1#1),
   1.17300E+03   2.65415E-02   2.55466E-02   8.38640E-01   7.25414E-03 
    4.52647E-02   5.67525E-02   1.00000E+00
   1.18300E+03   2.65415E-02   2.55466E-02   8.38640E-01   7.25414E-03 
    4.52647E-02   5.67525E-02   1.00000E+00
   1.19300E+03   2.65415E-02   2.55466E-02   8.38640E-01   7.25414E-03 
    4.52647E-02   5.67525E-02   1.00000E+00
   1.20300E+03   2.65415E-02   2.55466E-02   8.38640E-01   7.25414E-03 
    4.52647E-02   5.67525E-02   1.00000E+00
   1.21300E+03   2.65415E-02   2.55466E-02   8.38640E-01   7.25414E-03 
    4.52647E-02   5.67525E-02   1.00000E+00
   1.22300E+03   2.65415E-02   2.55466E-02   8.38640E-01   7.25414E-03 
    4.52647E-02   5.67525E-02   1.00000E+00
   1.23300E+03   2.65415E-02   2.55466E-02   8.38640E-01   7.25414E-03 
    4.52647E-02   5.67525E-02   1.00000E+00
   1.24300E+03   2.65415E-02   2.55466E-02   8.38640E-01   7.25414E-03 
    4.52647E-02   5.67525E-02   1.00000E+00
   1.25300E+03   2.65415E-02   2.55466E-02   8.38640E-01   7.25414E-03 
    4.52647E-02   5.67525E-02   1.00000E+00
   1.26300E+03   2.65415E-02   2.55466E-02   8.38640E-01   7.25414E-03 
    4.52647E-02   5.67525E-02   1.00000E+00
   1.27300E+03   2.65415E-02   2.55466E-02   8.38640E-01   7.25414E-03 
    4.52647E-02   5.67525E-02   1.00000E+00
   1.28300E+03   2.65415E-02   2.55466E-02   8.38640E-01   7.25414E-03 
    4.52647E-02   5.67525E-02   1.00000E+00
   1.29300E+03   2.65415E-02   2.55466E-02   8.38640E-01   7.25414E-03 
    4.52647E-02   5.67525E-02   1.00000E+00
   1.30300E+03   2.65415E-02   2.55466E-02   8.38640E-01   7.25414E-03 
    4.52647E-02   5.67525E-02   1.00000E+00
   1.31300E+03   2.65415E-02   2.55466E-02   8.38640E-01   7.25414E-03 
    4.52647E-02   5.67525E-02   1.00000E+00
   1.32300E+03   2.65415E-02   2.55466E-02   8.38640E-01   7.25414E-03 
    4.52647E-02   5.67525E-02   1.00000E+00
   1.33300E+03   2.65415E-02   2.55466E-02   8.38640E-01   7.25414E-03 
    4.52647E-02   5.67525E-02   1.00000E+00
   1.34300E+03   2.65415E-02   2.55466E-02   8.38640E-01   7.25414E-03 
    4.52647E-02   5.67525E-02   1.00000E+00
   1.35300E+03   2.65415E-02   2.55466E-02   8.38640E-01   7.25414E-03 
    4.52647E-02   5.67525E-02   1.00000E+00
   1.36300E+03   2.65415E-02   2.55466E-02   8.38640E-01   7.25414E-03 
    4.52647E-02   5.67525E-02   1.00000E+00
   1.37300E+03   2.65415E-02   2.55466E-02   8.38640E-01   7.25414E-03 
    4.52647E-02   5.67525E-02   1.00000E+00
   1.38300E+03   2.65415E-02   2.55466E-02   8.38640E-01   7.25414E-03 
    4.52647E-02   5.67525E-02   1.00000E+00
   1.39300E+03   2.65415E-02   2.55466E-02   8.38640E-01   7.25414E-03 
    4.52647E-02   5.67525E-02   1.00000E+00
   1.40300E+03   2.65415E-02   2.55466E-02   8.38640E-01   7.25414E-03 
    4.52647E-02   5.67525E-02   1.00000E+00
   1.41300E+03   2.65415E-02   2.55466E-02   8.38640E-01   7.25414E-03 
    4.52647E-02   5.67525E-02   1.00000E+00
   1.42300E+03   2.65415E-02   2.55466E-02   8.38640E-01   7.25414E-03 
    4.52647E-02   5.67525E-02   1.00000E+00
   1.43300E+03   2.65415E-02   2.55466E-02   8.38640E-01   7.25414E-03 
    4.52647E-02   5.67525E-02   1.00000E+00
   1.44300E+03   2.65415E-02   2.55466E-02   8.38640E-01   7.25414E-03 
    4.52647E-02   5.67525E-02   1.00000E+00
   1.45300E+03   2.65415E-02   2.55466E-02   8.38640E-01   7.25414E-03 
    4.52647E-02   5.67525E-02   1.00000E+00
   1.46300E+03   2.65415E-02   2.55466E-02   8.38640E-01   7.25414E-03 
    4.52647E-02   5.67525E-02   1.00000E+00
   1.47300E+03   2.65415E-02   2.55466E-02   8.38640E-01   7.25414E-03 
    4.52647E-02   5.67525E-02   1.00000E+00

 Phase Region for:
     FCC_A1#1                      
 col-1=T, col-2=X(FCC_A1#1,C), col-3=X(FCC_A1#1,CR), col-4=X(FCC_A1#1,FE),
   col-5=X(FCC_A1#1,MN), col-6=X(FCC_A1#1,NI), col-7=X(FCC_A1#1,SI),
   col-8=NP(FCC_A1#1),
   1.17300E+03   2.65415E-02   2.55466E-02   8.38640E-01   7.25414E-03 
    4.52647E-02   5.67525E-02   1.00000E+00
   1.16300E+03   2.65415E-02   2.55466E-02   8.38640E-01   7.25414E-03 
    4.52647E-02   5.67525E-02   1.00000E+00
   1.15300E+03   2.65415E-02   2.55466E-02   8.38640E-01   7.25414E-03 
    4.52647E-02   5.67525E-02   1.00000E+00
   1.14300E+03   2.65415E-02   2.55466E-02   8.38640E-01   7.25414E-03 
    4.52647E-02   5.67525E-02   1.00000E+00
   1.14212E+03   2.65415E-02   2.55466E-02   8.38640E-01   7.25414E-03 
    4.52647E-02   5.67525E-02   1.00000E+00

 Phase Region for:
     CEMENTITE                     
     FCC_A1#1                      
 col-1=T, col-2=X(CEMENTITE,C), col-3=X(CEMENTITE,CR), col-4=X(CEMENTITE,FE),
   col-5=X(CEMENTITE,MN), col-6=X(CEMENTITE,NI), col-7=X(CEMENTITE,SI),
   col-8=X(FCC_A1#1,C), col-9=X(FCC_A1#1,CR), col-10=X(FCC_A1#1,FE),
   col-11=X(FCC_A1#1,MN), col-12=X(FCC_A1#1,NI), col-13=X(FCC_A1#1,SI),
   col-14=NP(CEMENTITE), col-15=NP(FCC_A1#1),
   1.14212E+03   2.50000E-01   1.66272E-01   5.72802E-01   6.73965E-03 
    4.18650E-03   0.00000E+00   2.65415E-02   2.55466E-02   8.38640E-01 
    7.25414E-03   4.52647E-02   5.67525E-02   4.81255E-08   1.00000E+00
   1.13300E+03   2.50000E-01   1.67105E-01   5.72031E-01   6.77755E-03 
    4.08645E-03   0.00000E+00   2.55711E-02   2.49318E-02   8.39798E-01 
    7.25621E-03   4.54436E-02   5.69990E-02   4.32408E-03   9.95676E-01
   1.12300E+03   2.50000E-01   1.68041E-01   5.71161E-01   6.82057E-03 
    3.97786E-03   0.00000E+00   2.45323E-02   2.42653E-02   8.41046E-01 
    7.25804E-03   4.56360E-02   5.72628E-02   8.91163E-03   9.91088E-01
   1.11300E+03   2.50000E-01   1.68999E-01   5.70265E-01   6.86518E-03 
    3.87041E-03   0.00000E+00   2.35192E-02   2.36064E-02   8.42270E-01 
    7.25940E-03   4.58246E-02   5.75201E-02   1.33447E-02   9.86655E-01
   1.10300E+03   2.50000E-01   1.69981E-01   5.69344E-01   6.91145E-03 
    3.76413E-03   0.00000E+00   2.25319E-02   2.29549E-02   8.43473E-01 
    7.26029E-03   4.60094E-02   5.77709E-02   1.76272E-02   9.82373E-01
   1.09300E+03   2.50000E-01   1.70985E-01   5.68397E-01   6.95942E-03 
    3.65904E-03   0.00000E+00   2.15702E-02   2.23110E-02   8.44653E-01 
    7.26069E-03   4.61903E-02   5.80151E-02   2.17629E-02   9.78237E-01
   1.08300E+03   2.50000E-01   1.72011E-01   5.67425E-01   7.00917E-03 
    3.55517E-03   0.00000E+00   2.06341E-02   2.16746E-02   8.45810E-01 
    7.26061E-03   4.63674E-02   5.82529E-02   2.57555E-02   9.74244E-01
   1.07300E+03   2.50000E-01   1.73059E-01   5.66428E-01   7.06075E-03 
    3.45256E-03   0.00000E+00   1.97234E-02   2.10457E-02   8.46946E-01 
    7.26004E-03   4.65405E-02   5.84842E-02   2.96086E-02   9.70391E-01
   1.06300E+03   2.50000E-01   1.74129E-01   5.65406E-01   7.11424E-03 
    3.35121E-03   0.00000E+00   1.88379E-02   2.04243E-02   8.48060E-01 
    7.25896E-03   4.67097E-02   5.87091E-02   3.33255E-02   9.66674E-01
   1.05300E+03   2.50000E-01   1.75220E-01   5.64359E-01   7.16970E-03 
    3.25117E-03   0.00000E+00   1.79777E-02   1.98105E-02   8.49152E-01 
    7.25737E-03   4.68749E-02   5.89275E-02   3.69097E-02   9.63090E-01
   1.04300E+03   2.50000E-01   1.76332E-01   5.63288E-01   7.22722E-03 
    3.15245E-03   0.00000E+00   1.71424E-02   1.92042E-02   8.50222E-01 
    7.25527E-03   4.70361E-02   5.91397E-02   4.03643E-02   9.59636E-01
   1.03300E+03   2.50000E-01   1.77465E-01   5.62193E-01   7.28688E-03 
    3.05508E-03   0.00000E+00   1.63320E-02   1.86056E-02   8.51271E-01 
    7.25264E-03   4.71932E-02   5.93455E-02   4.36926E-02   9.56307E-01
   1.02300E+03   2.50000E-01   1.78618E-01   5.61074E-01   7.34876E-03 
    2.95909E-03   0.00000E+00   1.55462E-02   1.80147E-02   8.52298E-01 
    7.24948E-03   4.73464E-02   5.95451E-02   4.68976E-02   9.53102E-01
   1.01300E+03   2.50000E-01   1.79792E-01   5.59931E-01   7.41296E-03 
    2.86449E-03   0.00000E+00   1.47850E-02   1.74315E-02   8.53304E-01 
    7.24578E-03   4.74955E-02   5.97384E-02   4.99822E-02   9.50018E-01
   1.01167E+03   2.50000E-01   1.79949E-01   5.59778E-01   7.42166E-03 
    2.85203E-03   0.00000E+00   1.46857E-02   1.73546E-02   8.53436E-01 
    7.24525E-03   4.75150E-02   5.97636E-02   5.03828E-02   9.49617E-01

 Phase Region for:
     BCC_A2                        
     CEMENTITE                     
     FCC_A1#1                      
 col-1=T, col-2=X(BCC_A2,C), col-3=X(BCC_A2,CR), col-4=X(BCC_A2,FE),
   col-5=X(BCC_A2,MN), col-6=X(BCC_A2,NI), col-7=X(BCC_A2,SI),
   col-8=X(CEMENTITE,C), col-9=X(CEMENTITE,CR), col-10=X(CEMENTITE,FE),
   col-11=X(CEMENTITE,MN), col-12=X(CEMENTITE,NI), col-13=X(CEMENTITE,SI),
   col-14=X(FCC_A1#1,C), col-15=X(FCC_A1#1,CR), col-16=X(FCC_A1#1,FE),
   col-17=X(FCC_A1#1,MN), col-18=X(FCC_A1#1,NI), col-19=X(FCC_A1#1,SI),
   col-20=NP(BCC_A2), col-21=NP(CEMENTITE), col-22=NP(FCC_A1#1),
   1.01167E+03   3.74572E-04   1.26797E-02   8.90033E-01   2.49389E-03 
    2.06846E-02   7.37346E-02   2.50000E-01   1.79949E-01   5.59778E-01 
    7.42167E-03   2.85204E-03   0.00000E+00   1.46857E-02   1.73546E-02 
    8.53436E-01   7.24526E-03   4.75150E-02   5.97636E-02   1.39926E-06 
    5.03829E-02   9.49616E-01
   1.00300E+03   3.41202E-04   1.20103E-02   8.90987E-01   2.57114E-03 
    2.17341E-02   7.23562E-02   2.50000E-01   1.78409E-01   5.60577E-01 
    8.02590E-03   2.98764E-03   0.00000E+00   1.40643E-02   1.64033E-02 
    8.51431E-01   7.84747E-03   5.15731E-02   5.86812E-02   1.14466E-01 
    5.95419E-02   8.25993E-01
   9.93000E+02   3.05031E-04   1.13135E-02   8.91787E-01   2.65378E-03 
    2.29552E-02   7.09853E-02   2.50000E-01   1.77268E-01   5.60820E-01 
    8.76708E-03   3.14565E-03   0.00000E+00   1.33127E-02   1.53916E-02 
    8.48362E-01   8.61354E-03   5.66873E-02   5.76324E-02   2.29862E-01 
    6.85241E-02   7.01614E-01
   9.83000E+02   2.71466E-04   1.06846E-02   8.92329E-01   2.72596E-03 
    2.41638E-02   6.98251E-02   2.50000E-01   1.76747E-01   5.60397E-01 
    9.55370E-03   3.30254E-03   0.00000E+00   1.25329E-02   1.44589E-02 
    8.44498E-01   9.46146E-03   6.22732E-02   5.67755E-02   3.28755E-01 
    7.59668E-02   5.95279E-01
   9.73000E+02   2.40744E-04   1.00996E-02   8.92784E-01   2.76644E-03 
    2.52914E-02   6.88180E-02   2.50000E-01   1.76817E-01   5.59331E-01 
    1.03950E-02   3.45719E-03   0.00000E+00   1.17307E-02   1.35942E-02 
    8.39775E-01   1.04107E-02   6.83761E-02   5.61135E-02   4.12765E-01 
    8.20646E-02   5.05171E-01
   9.63000E+02   2.12741E-04   9.55692E-03   8.93109E-01   2.78753E-03 
    2.63671E-02   6.79669E-02   2.50000E-01   1.77383E-01   5.57708E-01 
    1.12987E-02   3.61046E-03   0.00000E+00   1.09155E-02   1.27807E-02 
    8.34129E-01   1.14822E-02   7.50901E-02   5.56027E-02   4.84442E-01 
    8.70441E-02   4.28514E-01
   9.53000E+02   1.87242E-04   9.06079E-03   8.93240E-01   2.80798E-03 
    2.74237E-02   6.72807E-02   2.50000E-01   1.78332E-01   5.55664E-01 
    1.22457E-02   3.75783E-03   0.00000E+00   1.01021E-02   1.20086E-02 
    8.27654E-01   1.26670E-02   8.23868E-02   5.51815E-02   5.45136E-01 
    9.10569E-02   3.63807E-01
   9.43000E+02   1.64193E-04   8.60185E-03   8.93246E-01   2.82376E-03 
    2.84363E-02   6.67279E-02   2.50000E-01   1.79603E-01   5.53277E-01 
    1.32245E-02   3.89591E-03   0.00000E+00   9.30022E-03   1.12726E-02 
    8.20387E-01   1.39650E-02   9.02499E-02   5.48249E-02   5.96081E-01 
    9.42549E-02   3.09664E-01
   9.33000E+02   1.43495E-04   8.17248E-03   8.93183E-01   2.83204E-03 
    2.93873E-02   6.62818E-02   2.50000E-01   1.81136E-01   5.50616E-01 
    1.42248E-02   4.02236E-03   0.00000E+00   8.51783E-03   1.05679E-02 
    8.12349E-01   1.53780E-02   9.86750E-02   5.45117E-02   6.38632E-01 
    9.67849E-02   2.64583E-01
   9.23000E+02   1.25014E-04   7.76671E-03   8.93092E-01   2.83087E-03 
    3.02644E-02   6.59206E-02   2.50000E-01   1.82881E-01   5.47747E-01 
    1.52371E-02   4.13566E-03   0.00000E+00   7.76141E-03   9.89123E-03 
    8.03546E-01   1.69095E-02   1.07667E-01   5.42248E-02   6.74082E-01 
    9.87774E-02   2.27140E-01
   9.13000E+02   1.08592E-04   7.37994E-03   8.93006E-01   2.81898E-03 
    3.10592E-02   6.56270E-02   2.50000E-01   1.84792E-01   5.44721E-01 
    1.62522E-02   4.23489E-03   0.00000E+00   7.03610E-03   9.24014E-03 
    7.93971E-01   1.85644E-02   1.17237E-01   5.39511E-02   7.03585E-01 
    1.00342E-01   1.96073E-01
   9.03000E+02   9.40662E-05   7.00872E-03   8.92948E-01   2.79560E-03 
    3.17663E-02   6.53875E-02   2.50000E-01   1.86833E-01   5.41586E-01 
    1.72614E-02   4.31957E-03   0.00000E+00   6.34592E-03   8.61325E-03 
    7.83611E-01   2.03487E-02   1.27400E-01   5.36811E-02   7.28133E-01 
    1.01569E-01   1.70297E-01
   8.93000E+02   8.12668E-05   6.65048E-03   8.92934E-01   2.76037E-03 
    3.23825E-02   6.51913E-02   2.50000E-01   1.88972E-01   5.38382E-01 
    1.82563E-02   4.38955E-03   0.00000E+00   5.69401E-03   8.00995E-03 
    7.72449E-01   2.22690E-02   1.38170E-01   5.34081E-02   7.48563E-01 
    1.02531E-01   1.48906E-01
   8.83000E+02   7.00292E-05   6.30338E-03   8.92977E-01   2.71329E-03 
    3.29064E-02   6.50300E-02   2.50000E-01   1.91183E-01   5.35143E-01 
    1.92286E-02   4.44493E-03   0.00000E+00   5.08280E-03   7.43024E-03 
    7.60469E-01   2.43314E-02   1.49558E-01   5.31283E-02   7.65572E-01 
    1.03285E-01   1.31143E-01
   8.73000E+02   6.01953E-05   5.96612E-03   8.93084E-01   2.65463E-03 
    3.33379E-02   6.48971E-02   2.50000E-01   1.93445E-01   5.31899E-01 
    2.01700E-02   4.48601E-03   0.00000E+00   4.51413E-03   6.87461E-03 
    7.47664E-01   2.65413E-02   1.61566E-01   5.28403E-02   7.79737E-01 
    1.03877E-01   1.16386E-01
   8.63000E+02   5.16163E-05   5.63783E-03   8.93260E-01   2.58492E-03 
    3.36782E-02   6.47873E-02   2.50000E-01   1.95738E-01   5.28676E-01 
    2.10730E-02   4.51322E-03   0.00000E+00   3.98929E-03   6.34386E-03 
    7.34038E-01   2.89015E-02   1.74182E-01   5.25446E-02   7.91536E-01 
    1.04341E-01   1.04123E-01
   8.53000E+02   4.41536E-05   5.31798E-03   8.93507E-01   2.50493E-03 
    3.39293E-02   6.46963E-02   2.50000E-01   1.98045E-01   5.25498E-01 
    2.19305E-02   4.52713E-03   0.00000E+00   3.50905E-03   5.83898E-03 
    7.19618E-01   3.14109E-02   1.87379E-01   5.22441E-02   8.01361E-01 
    1.04706E-01   9.39332E-02
   8.43000E+02   3.76796E-05   5.00632E-03   8.93826E-01   2.41574E-03 
    3.40938E-02   6.46209E-02   2.50000E-01   2.00352E-01   5.22383E-01 
    2.27369E-02   4.52838E-03   0.00000E+00   3.07326E-03   5.36052E-03 
    7.04444E-01   3.40628E-02   2.01117E-01   5.19430E-02   8.09539E-01 
    1.04993E-01   8.54679E-02
   8.33000E+02   3.20781E-05   4.70278E-03   8.94213E-01   2.31842E-03 
    3.41758E-02   6.45581E-02   2.50000E-01   2.02646E-01   5.19350E-01 
    2.34861E-02   4.51774E-03   0.00000E+00   2.68176E-03   4.90979E-03 
    6.88606E-01   3.68442E-02   2.15311E-01   5.16476E-02   8.16333E-01 
    1.05220E-01   7.84474E-02
   8.23000E+02   2.72436E-05   4.40747E-03   8.94666E-01   2.21431E-03 
    3.41793E-02   6.45059E-02   2.50000E-01   2.04916E-01   5.16413E-01 
    2.41747E-02   4.49600E-03   0.00000E+00   2.33318E-03   4.48715E-03 
    6.72210E-01   3.97339E-02   2.29871E-01   5.13648E-02   8.21966E-01 
    1.05399E-01   7.26350E-02
   8.13000E+02   2.30812E-05   4.12061E-03   8.95180E-01   2.10484E-03 
    3.41088E-02   6.44622E-02   2.50000E-01   2.07151E-01   5.13585E-01 
    2.48001E-02   4.46399E-03   0.00000E+00   2.02555E-03   4.09274E-03 
    6.55392E-01   4.27032E-02   2.44684E-01   5.11025E-02   8.26624E-01 
    1.05540E-01   6.78360E-02
   8.03000E+02   1.95059E-05   3.84251E-03   8.95752E-01   1.99146E-03 
    3.39694E-02   6.44254E-02   2.50000E-01   2.09342E-01   5.10874E-01 
    2.53614E-02   4.42255E-03   0.00000E+00   1.75623E-03   3.72626E-03 
    6.38302E-01   4.57175E-02   2.59629E-01   5.08684E-02   8.30459E-01 
    1.05653E-01   6.38883E-02
   7.93000E+02   1.64421E-05   3.57351E-03   8.96374E-01   1.87563E-03 
    3.37659E-02   6.43942E-02   2.50000E-01   2.11479E-01   5.08289E-01 
    2.58589E-02   4.37252E-03   0.00000E+00   1.52205E-03   3.38698E-03 
    6.21099E-01   4.87381E-02   2.74584E-01   5.06699E-02   8.33602E-01 
    1.05742E-01   6.06556E-02
   7.83000E+02   1.38227E-05   3.31400E-03   8.97043E-01   1.75872E-03 
    3.35032E-02   6.43674E-02   2.50000E-01   2.13556E-01   5.05835E-01 
    2.62939E-02   4.31471E-03   0.00000E+00   1.31948E-03   3.07375E-03 
    6.03933E-01   5.17256E-02   2.89435E-01   5.05130E-02   8.36163E-01 
    1.05814E-01   5.80235E-02
   7.73000E+02   1.15884E-05   3.06436E-03   8.97752E-01   1.64203E-03 
    3.31861E-02   6.43440E-02   2.50000E-01   2.15566E-01   5.03515E-01 
    2.66689E-02   4.24988E-03   0.00000E+00   1.14487E-03   2.78517E-03 
    5.86937E-01   5.46425E-02   3.04087E-01   5.04029E-02   8.38233E-01 
    1.05871E-01   5.58954E-02
   7.63000E+02   9.68715E-06   2.82496E-03   8.98497E-01   1.52669E-03 
    3.28189E-02   6.43231E-02   2.50000E-01   2.17502E-01   5.01332E-01 
    2.69868E-02   4.17873E-03   0.00000E+00   9.94616E-04   2.51960E-03 
    5.70219E-01   5.74553E-02   3.18469E-01   5.03433E-02   8.39892E-01 
    1.05918E-01   5.41899E-02
   7.53000E+02   8.07324E-06   2.59613E-03   8.99272E-01   1.41370E-03 
    3.24057E-02   6.43040E-02   2.50000E-01   2.19359E-01   4.99288E-01 
    2.72510E-02   4.10189E-03   0.00000E+00   8.65361E-04   2.27539E-03 
    5.53860E-01   6.01360E-02   3.32527E-01   5.03366E-02   8.41205E-01 
    1.05956E-01   5.28387E-02
   7.43000E+02   6.70670E-06   2.37814E-03   9.00075E-01   1.30392E-03 
    3.19500E-02   6.42859E-02   2.50000E-01   2.21134E-01   4.97380E-01 
    2.74654E-02   4.01991E-03   0.00000E+00   7.54050E-04   2.05086E-03 
    5.37917E-01   6.26624E-02   3.46231E-01   5.03844E-02   8.42228E-01 
    1.05987E-01   5.17848E-02
   7.33000E+02   5.55268E-06   2.17123E-03   9.00902E-01   1.19805E-03 
    3.14549E-02   6.42684E-02   2.50000E-01   2.22823E-01   4.95610E-01 
    2.76337E-02   3.93329E-03   0.00000E+00   6.58001E-04   1.84445E-03 
    5.22424E-01   6.50174E-02   3.59568E-01   5.04875E-02   8.43006E-01 
    1.06013E-01   5.09807E-02
   7.23000E+02   4.58082E-06   1.97555E-03   9.01749E-01   1.09665E-03 
    3.09232E-02   6.42509E-02   2.50000E-01   2.24423E-01   4.93974E-01 
    2.77604E-02   3.84245E-03   0.00000E+00   5.74898E-04   1.65469E-03 
    5.07398E-01   6.71889E-02   3.72538E-01   5.06460E-02   8.43578E-01 
    1.06035E-01   5.03872E-02
   7.13000E+02   3.76475E-06   1.79120E-03   9.02615E-01   1.00016E-03 
    3.03572E-02   6.42329E-02   2.50000E-01   2.25933E-01   4.92469E-01 
    2.78499E-02   3.74773E-03   0.00000E+00   5.02773E-04   1.48025E-03 
    4.92840E-01   6.91685E-02   3.85148E-01   5.08600E-02   8.43975E-01 
    1.06053E-01   4.99718E-02
   7.03000E+02   3.08163E-06   1.61818E-03   9.03497E-01   9.08896E-04 
    2.97588E-02   6.42140E-02   2.50000E-01   2.27352E-01   4.91091E-01 
    2.79068E-02   3.64946E-03   0.00000E+00   4.39973E-04   1.31994E-03 
    4.78746E-01   7.09506E-02   3.97414E-01   5.11292E-02   8.44224E-01 
    1.06068E-01   4.97078E-02
   6.93000E+02   2.51167E-06   1.45645E-03   9.04395E-01   8.23086E-04 
    2.91295E-02   6.41939E-02   2.50000E-01   2.28680E-01   4.89835E-01 
    2.79364E-02   3.54790E-03   0.00000E+00   3.85114E-04   1.17268E-03 
    4.65103E-01   7.25320E-02   4.09355E-01   5.14531E-02   8.44346E-01 
    1.06081E-01   4.95731E-02
   6.83000E+02   2.03780E-06   1.30589E-03   9.05306E-01   7.42854E-04 
    2.84708E-02   6.41722E-02   2.50000E-01   2.29918E-01   4.88695E-01 
    2.79442E-02   3.44327E-03   0.00000E+00   3.37043E-04   1.03754E-03 
    4.51894E-01   7.39104E-02   4.20990E-01   5.18313E-02   8.44358E-01 
    1.06092E-01   4.95497E-02
   6.73000E+02   1.64531E-06   1.16630E-03   9.06231E-01   6.68248E-04 
    2.77837E-02   6.41486E-02   2.50000E-01   2.31066E-01   4.87662E-01 
    2.79361E-02   3.33579E-03   0.00000E+00   2.94799E-04   9.13655E-04 
    4.39104E-01   7.50846E-02   4.32339E-01   5.22633E-02   8.44276E-01 
    1.06102E-01   4.96224E-02
