
 Phase Region for:
     FCC_A1#2                      
 col-1=T, col-2=X(FCC_A1#2,C), col-3=X(FCC_A1#2,CR), col-4=X(FCC_A1#2,FE),
   col-5=X(FCC_A1#2,MN), col-6=X(FCC_A1#2,NI), col-7=X(FCC_A1#2,SI),
   col-8=NP(FCC_A1#2),
   1.17300E+03   2.71173E-02   7.83086E-03   9.00574E-01   2.22325E-02 
    2.77480E-02   1.44974E-02   1.00000E+00
   1.18300E+03   2.71173E-02   7.83086E-03   9.00574E-01   2.22325E-02 
    2.77480E-02   1.44974E-02   1.00000E+00
   1.19300E+03   2.71173E-02   7.83086E-03   9.00574E-01   2.22325E-02 
    2.77480E-02   1.44974E-02   1.00000E+00
   1.20300E+03   2.71173E-02   7.83086E-03   9.00574E-01   2.22325E-02 
    2.77480E-02   1.44974E-02   1.00000E+00
   1.21300E+03   2.71173E-02   7.83086E-03   9.00574E-01   2.22325E-02 
    2.77480E-02   1.44974E-02   1.00000E+00
   1.22300E+03   2.71173E-02   7.83086E-03   9.00574E-01   2.22325E-02 
    2.77480E-02   1.44974E-02   1.00000E+00
   1.23300E+03   2.71173E-02   7.83086E-03   9.00574E-01   2.22325E-02 
    2.77480E-02   1.44974E-02   1.00000E+00
   1.24300E+03   2.71173E-02   7.83086E-03   9.00574E-01   2.22325E-02 
    2.77480E-02   1.44974E-02   1.00000E+00
   1.25300E+03   2.71173E-02   7.83086E-03   9.00574E-01   2.22325E-02 
    2.77480E-02   1.44974E-02   1.00000E+00
   1.26300E+03   2.71173E-02   7.83086E-03   9.00574E-01   2.22325E-02 
    2.77480E-02   1.44974E-02   1.00000E+00
   1.27300E+03   2.71173E-02   7.83086E-03   9.00574E-01   2.22325E-02 
    2.77480E-02   1.44974E-02   1.00000E+00
   1.28300E+03   2.71173E-02   7.83086E-03   9.00574E-01   2.22325E-02 
    2.77480E-02   1.44974E-02   1.00000E+00
   1.29300E+03   2.71173E-02   7.83086E-03   9.00574E-01   2.22325E-02 
    2.77480E-02   1.44974E-02   1.00000E+00
   1.30300E+03   2.71173E-02   7.83086E-03   9.00574E-01   2.22325E-02 
    2.77480E-02   1.44974E-02   1.00000E+00
   1.31300E+03   2.71173E-02   7.83086E-03   9.00574E-01   2.22325E-02 
    2.77480E-02   1.44974E-02   1.00000E+00
   1.32300E+03   2.71173E-02   7.83086E-03   9.00574E-01   2.22325E-02 
    2.77480E-02   1.44974E-02   1.00000E+00
   1.33300E+03   2.71173E-02   7.83086E-03   9.00574E-01   2.22325E-02 
    2.77480E-02   1.44974E-02   1.00000E+00
   1.34300E+03   2.71173E-02   7.83086E-03   9.00574E-01   2.22325E-02 
    2.77480E-02   1.44974E-02   1.00000E+00
   1.35300E+03   2.71173E-02   7.83086E-03   9.00574E-01   2.22325E-02 
    2.77480E-02   1.44974E-02   1.00000E+00
   1.36300E+03   2.71173E-02   7.83086E-03   9.00574E-01   2.22325E-02 
    2.77480E-02   1.44974E-02   1.00000E+00
   1.37300E+03   2.71173E-02   7.83086E-03   9.00574E-01   2.22325E-02 
    2.77480E-02   1.44974E-02   1.00000E+00
   1.38300E+03   2.71173E-02   7.83086E-03   9.00574E-01   2.22325E-02 
    2.77480E-02   1.44974E-02   1.00000E+00
   1.39300E+03   2.71173E-02   7.83086E-03   9.00574E-01   2.22325E-02 
    2.77480E-02   1.44974E-02   1.00000E+00
   1.40300E+03   2.71173E-02   7.83086E-03   9.00574E-01   2.22325E-02 
    2.77480E-02   1.44974E-02   1.00000E+00
   1.41300E+03   2.71173E-02   7.83086E-03   9.00574E-01   2.22325E-02 
    2.77480E-02   1.44974E-02   1.00000E+00
   1.42300E+03   2.71173E-02   7.83086E-03   9.00574E-01   2.22325E-02 
    2.77480E-02   1.44974E-02   1.00000E+00
   1.43300E+03   2.71173E-02   7.83086E-03   9.00574E-01   2.22325E-02 
    2.77480E-02   1.44974E-02   1.00000E+00
   1.44300E+03   2.71173E-02   7.83086E-03   9.00574E-01   2.22325E-02 
    2.77480E-02   1.44974E-02   1.00000E+00
   1.45300E+03   2.71173E-02   7.83086E-03   9.00574E-01   2.22325E-02 
    2.77480E-02   1.44974E-02   1.00000E+00
   1.46300E+03   2.71173E-02   7.83086E-03   9.00574E-01   2.22325E-02 
    2.77480E-02   1.44974E-02   1.00000E+00
   1.47300E+03   2.71173E-02   7.83086E-03   9.00574E-01   2.22325E-02 
    2.77480E-02   1.44974E-02   1.00000E+00

 Phase Region for:
     FCC_A1#2                      
 col-1=T, col-2=X(FCC_A1#2,C), col-3=X(FCC_A1#2,CR), col-4=X(FCC_A1#2,FE),
   col-5=X(FCC_A1#2,MN), col-6=X(FCC_A1#2,NI), col-7=X(FCC_A1#2,SI),
   col-8=NP(FCC_A1#2),
   1.17300E+03   2.71173E-02   7.83086E-03   9.00574E-01   2.22325E-02 
    2.77480E-02   1.44974E-02   1.00000E+00
   1.16300E+03   2.71173E-02   7.83086E-03   9.00574E-01   2.22325E-02 
    2.77480E-02   1.44974E-02   1.00000E+00
   1.15300E+03   2.71173E-02   7.83086E-03   9.00574E-01   2.22325E-02 
    2.77480E-02   1.44974E-02   1.00000E+00
   1.14300E+03   2.71173E-02   7.83086E-03   9.00574E-01   2.22325E-02 
    2.77480E-02   1.44974E-02   1.00000E+00
   1.13300E+03   2.71173E-02   7.83086E-03   9.00574E-01   2.22325E-02 
    2.77480E-02   1.44974E-02   1.00000E+00
   1.12300E+03   2.71173E-02   7.83086E-03   9.00574E-01   2.22325E-02 
    2.77480E-02   1.44974E-02   1.00000E+00
   1.11300E+03   2.71173E-02   7.83086E-03   9.00574E-01   2.22325E-02 
    2.77480E-02   1.44974E-02   1.00000E+00
   1.10300E+03   2.71173E-02   7.83086E-03   9.00574E-01   2.22325E-02 
    2.77480E-02   1.44974E-02   1.00000E+00
   1.09300E+03   2.71173E-02   7.83086E-03   9.00574E-01   2.22325E-02 
    2.77480E-02   1.44974E-02   1.00000E+00
   1.08300E+03   2.71173E-02   7.83086E-03   9.00574E-01   2.22325E-02 
    2.77480E-02   1.44974E-02   1.00000E+00
   1.07300E+03   2.71173E-02   7.83086E-03   9.00574E-01   2.22325E-02 
    2.77480E-02   1.44974E-02   1.00000E+00
   1.06300E+03   2.71173E-02   7.83086E-03   9.00574E-01   2.22325E-02 
    2.77480E-02   1.44974E-02   1.00000E+00
   1.05300E+03   2.71173E-02   7.83086E-03   9.00574E-01   2.22325E-02 
    2.77480E-02   1.44974E-02   1.00000E+00
   1.04300E+03   2.71173E-02   7.83086E-03   9.00574E-01   2.22325E-02 
    2.77480E-02   1.44974E-02   1.00000E+00
   1.03300E+03   2.71173E-02   7.83086E-03   9.00574E-01   2.22325E-02 
    2.77480E-02   1.44974E-02   1.00000E+00
   1.02300E+03   2.71173E-02   7.83086E-03   9.00574E-01   2.22325E-02 
    2.77480E-02   1.44974E-02   1.00000E+00
   1.02247E+03   2.71173E-02   7.83086E-03   9.00574E-01   2.22325E-02 
    2.77480E-02   1.44974E-02   1.00000E+00

 Phase Region for:
     CEMENTITE                     
     FCC_A1#2                      
 col-1=T, col-2=X(CEMENTITE,C), col-3=X(CEMENTITE,CR), col-4=X(CEMENTITE,FE),
   col-5=X(CEMENTITE,MN), col-6=X(CEMENTITE,NI), col-7=X(CEMENTITE,SI),
   col-8=X(FCC_A1#2,C), col-9=X(FCC_A1#2,CR), col-10=X(FCC_A1#2,FE),
   col-11=X(FCC_A1#2,MN), col-12=X(FCC_A1#2,NI), col-13=X(FCC_A1#2,SI),
   col-14=NP(CEMENTITE), col-15=NP(FCC_A1#2),
   1.02247E+03   2.50000E-01   7.81896E-02   6.36880E-01   3.28632E-02 
    2.06708E-03   0.00000E+00   2.71173E-02   7.83086E-03   9.00574E-01 
    2.22325E-02   2.77480E-02   1.44974E-02   4.52733E-08   1.00000E+00
   1.01300E+03   2.50000E-01   7.81801E-02   6.36650E-01   3.31555E-02 
    2.01467E-03   0.00000E+00   2.61706E-02   7.53205E-03   9.01695E-01 
    2.21861E-02   2.78573E-02   1.45590E-02   4.22949E-03   9.95771E-01
   1.00300E+03   2.50000E-01   7.81550E-02   6.36411E-01   3.34738E-02 
    1.95989E-03   0.00000E+00   2.51887E-02   7.22235E-03   9.02860E-01 
    2.21353E-02   2.79711E-02   1.46228E-02   8.57865E-03   9.91421E-01
   9.93000E+02   2.50000E-01   7.81145E-02   6.36178E-01   3.38021E-02 
    1.90572E-03   0.00000E+00   2.42256E-02   6.91900E-03   9.04004E-01 
    2.20824E-02   2.80833E-02   1.46855E-02   1.28078E-02   9.87192E-01
   9.83000E+02   2.50000E-01   7.80591E-02   6.35948E-01   3.41407E-02 
    1.85217E-03   0.00000E+00   2.32814E-02   6.62219E-03   9.05128E-01 
    2.20276E-02   2.81937E-02   1.47469E-02   1.69194E-02   9.83081E-01
   9.73000E+02   2.50000E-01   7.79890E-02   6.35722E-01   3.44898E-02 
    1.79924E-03   0.00000E+00   2.23560E-02   6.33210E-03   9.06232E-01 
    2.19707E-02   2.83023E-02   1.48071E-02   2.09158E-02   9.79084E-01
   9.69245E+02   2.50000E-01   7.79589E-02   6.35638E-01   3.46236E-02 
    1.77953E-03   0.00000E+00   2.20133E-02   6.22494E-03   9.06641E-01 
    2.19488E-02   2.83427E-02   1.48294E-02   2.23872E-02   9.77613E-01

 Phase Region for:
     BCC_A2                        
     CEMENTITE                     
     FCC_A1#2                      
 col-1=T, col-2=X(BCC_A2,C), col-3=X(BCC_A2,CR), col-4=X(BCC_A2,FE),
   col-5=X(BCC_A2,MN), col-6=X(BCC_A2,NI), col-7=X(BCC_A2,SI),
   col-8=X(CEMENTITE,C), col-9=X(CEMENTITE,CR), col-10=X(CEMENTITE,FE),
   col-11=X(CEMENTITE,MN), col-12=X(CEMENTITE,NI), col-13=X(CEMENTITE,SI),
   col-14=X(FCC_A1#2,C), col-15=X(FCC_A1#2,CR), col-16=X(FCC_A1#2,FE),
   col-17=X(FCC_A1#2,MN), col-18=X(FCC_A1#2,NI), col-19=X(FCC_A1#2,SI),
   col-20=NP(BCC_A2), col-21=NP(CEMENTITE), col-22=NP(FCC_A1#2),
   9.69245E+02   4.07423E-04   3.60776E-03   9.60864E-01   5.35267E-03 
    1.05541E-02   1.92144E-02   2.50000E-01   7.79589E-02   6.35638E-01 
    3.46237E-02   1.77953E-03   0.00000E+00   2.20133E-02   6.22493E-03 
    9.06641E-01   2.19488E-02   2.83427E-02   1.48294E-02   2.34457E-06 
    2.23874E-02   9.77610E-01
   9.63000E+02   3.81596E-04   3.28093E-03   9.60850E-01   5.63589E-03 
    1.13123E-02   1.85397E-02   2.50000E-01   7.33862E-02   6.36495E-01 
    3.81745E-02   1.94428E-03   0.00000E+00   2.15967E-02   5.66849E-03 
    9.02466E-01   2.42245E-02   3.15618E-02   1.44821E-02   1.34689E-01 
    3.66808E-02   8.28630E-01
   9.53000E+02   3.40179E-04   2.89519E-03   9.60417E-01   6.06586E-03 
    1.25234E-02   1.77584E-02   2.50000E-01   6.82486E-02   6.35610E-01 
    4.39384E-02   2.20276E-03   0.00000E+00   2.07530E-02   4.98981E-03 
    8.94685E-01   2.81260E-02   3.72651E-02   1.41815E-02   3.06624E-01 
    5.50644E-02   6.38312E-01
   9.43000E+02   3.00505E-04   2.61995E-03   9.59700E-01   6.44689E-03 
    1.36914E-02   1.72413E-02   2.50000E-01   6.49708E-02   6.32898E-01 
    4.96831E-02   2.44848E-03   0.00000E+00   1.97665E-02   4.48489E-03 
    8.85760E-01   3.22902E-02   4.36010E-02   1.40976E-02   4.35445E-01 
    6.87441E-02   4.95811E-01
   9.33000E+02   2.63731E-04   2.41224E-03   9.58870E-01   6.76621E-03 
    1.47877E-02   1.69001E-02   2.50000E-01   6.28956E-02   6.29101E-01 
    5.53259E-02   2.67753E-03   0.00000E+00   1.86973E-02   4.08774E-03 
    8.75830E-01   3.66834E-02   5.05536E-02   1.41477E-02   5.32139E-01 
    7.88112E-02   3.89050E-01
   9.23000E+02   2.30332E-04   2.24673E-03   9.58032E-01   7.01855E-03 
    1.57969E-02   1.66757E-02   2.50000E-01   6.16096E-02   6.24684E-01 
    6.08181E-02   2.88808E-03   0.00000E+00   1.75842E-02   3.75858E-03 
    8.64948E-01   4.12958E-02   5.81381E-02   1.42750E-02   6.05249E-01 
    8.62098E-02   3.08541E-01
   9.13000E+02   2.00393E-04   2.10830E-03   9.57248E-01   7.20305E-03 
    1.67110E-02   1.65292E-02   2.50000E-01   6.08547E-02   6.19936E-01 
    6.61303E-02   3.07946E-03   0.00000E+00   1.64526E-02   3.47348E-03 
    8.53106E-01   4.61350E-02   6.63932E-02   1.44399E-02   6.61033E-01 
    9.16643E-02   2.47303E-01
   9.03000E+02   1.73795E-04   1.98774E-03   9.56555E-01   7.32140E-03 
    1.75267E-02   1.64352E-02   2.50000E-01   6.04663E-02   6.15039E-01 
    7.12429E-02   3.25157E-03   0.00000E+00   1.53192E-02   3.21787E-03 
    8.40255E-01   5.12204E-02   7.53741E-02   1.46136E-02   7.03983E-01 
    9.57053E-02   2.00312E-01
   8.93000E+02   1.50319E-04   1.87928E-03   9.55974E-01   7.37677E-03 
    1.82430E-02   1.63767E-02   2.50000E-01   6.03368E-02   6.10117E-01 
    7.61417E-02   3.40458E-03   0.00000E+00   1.41964E-02   2.98278E-03 
    8.26318E-01   5.65808E-02   8.51473E-02   1.47743E-02   7.37322E-01 
    9.87152E-02   1.63963E-01
   8.83000E+02   1.29701E-04   1.77921E-03   9.55515E-01   7.37324E-03 
    1.88605E-02   1.63425E-02   2.50000E-01   6.03938E-02   6.05252E-01 
    8.08158E-02   3.53881E-03   0.00000E+00   1.30935E-02   2.76266E-03 
    8.11204E-01   6.22504E-02   9.57850E-02   1.49046E-02   7.63385E-01 
    1.00969E-01   1.35646E-01
   8.73000E+02   1.11664E-04   1.68512E-03   9.55182E-01   7.31542E-03 
    1.93808E-02   1.63248E-02   2.50000E-01   6.05870E-02   6.00503E-01 
    8.52556E-02   3.65466E-03   0.00000E+00   1.20189E-02   2.55425E-03 
    7.94817E-01   6.82651E-02   1.07355E-01   1.49899E-02   7.83874E-01 
    1.02664E-01   1.13461E-01
   8.63000E+02   9.59376E-05   1.59543E-03   9.54976E-01   7.20825E-03 
    1.98064E-02   1.63185E-02   2.50000E-01   6.08807E-02   5.95914E-01 
    8.94531E-02   3.75259E-03   0.00000E+00   1.09808E-02   2.35582E-03 
    7.77082E-01   7.46554E-02   1.19908E-01   1.50179E-02   8.00049E-01 
    1.03945E-01   9.60059E-02
   8.53000E+02   8.22645E-05   1.50912E-03   9.54891E-01   7.05698E-03 
    2.01406E-02   1.63199E-02   2.50000E-01   6.12487E-02   5.91516E-01 
    9.34020E-02   3.83319E-03   0.00000E+00   9.98794E-03   2.16672E-03 
    7.57975E-01   8.14363E-02   1.33455E-01   1.49791E-02   8.12849E-01 
    1.04916E-01   8.22347E-02
   8.43000E+02   7.04055E-05   1.42553E-03   9.54923E-01   6.86705E-03 
    2.03876E-02   1.63264E-02   2.50000E-01   6.16716E-02   5.87333E-01 
    9.70984E-02   3.89717E-03   0.00000E+00   9.04976E-03   1.98714E-03 
    7.37560E-01   8.85930E-02   1.47943E-01   1.48677E-02   8.22983E-01 
    1.05654E-01   7.13626E-02
   8.33000E+02   6.01421E-05   1.34427E-03   9.55062E-01   6.64407E-03 
    2.05530E-02   1.63364E-02   2.50000E-01   6.21343E-02   5.83379E-01 
    1.00541E-01   3.94542E-03   0.00000E+00   8.17600E-03   1.81780E-03 
    7.16025E-01   9.60676E-02   1.63230E-01   1.46832E-02   8.30992E-01 
    1.06216E-01   6.27920E-02
   8.23000E+02   5.12765E-05   1.26512E-03   9.55298E-01   6.39379E-03 
    2.06432E-02   1.63483E-02   2.50000E-01   6.26248E-02   5.79661E-01 
    1.03735E-01   3.97906E-03   0.00000E+00   7.37535E-03   1.65961E-03 
    6.93701E-01   1.03753E-01   1.79079E-01   1.44313E-02   8.37296E-01 
    1.06644E-01   5.60599E-02
   8.13000E+02   4.36311E-05   1.18800E-03   9.55620E-01   6.12193E-03 
    2.06657E-02   1.63611E-02   2.50000E-01   6.31336E-02   5.76180E-01 
    1.06687E-01   3.99934E-03   0.00000E+00   6.65364E-03   1.51333E-03 
    6.71025E-01   1.11502E-01   1.95181E-01   1.41245E-02   8.42231E-01 
    1.06970E-01   5.07985E-02
   8.03000E+02   3.70483E-05   1.11291E-03   9.56014E-01   5.83404E-03 
    2.06282E-02   1.63742E-02   2.50000E-01   6.36523E-02   5.72930E-01 
    1.09410E-01   4.00765E-03   0.00000E+00   6.01233E-03   1.37929E-03 
    6.48464E-01   1.19154E-01   2.11211E-01   1.37794E-02   8.46071E-01 
    1.07221E-01   4.67085E-02
   7.93000E+02   3.13889E-05   1.03993E-03   9.56468E-01   5.53530E-03 
    2.05387E-02   1.63870E-02   2.50000E-01   6.41741E-02   5.69900E-01 
    1.11920E-01   4.00536E-03   0.00000E+00   5.44834E-03   1.25723E-03 
    6.26427E-01   1.26565E-01   2.26889E-01   1.34135E-02   8.49043E-01 
    1.07414E-01   4.35435E-02
   7.83000E+02   2.65307E-05   9.69136E-04   9.56970E-01   5.23030E-03 
    2.04045E-02   1.63993E-02   2.50000E-01   6.46932E-02   5.67080E-01 
    1.14233E-01   3.99380E-03   0.00000E+00   4.95510E-03   1.14643E-03 
    6.05211E-01   1.33628E-01   2.42017E-01   1.30427E-02   8.51334E-01 
    1.07564E-01   4.11021E-02
   7.73000E+02   2.23673E-05   9.00659E-04   9.57511E-01   4.92300E-03 
    2.02321E-02   1.64109E-02   2.50000E-01   6.52051E-02   5.64457E-01 
    1.16364E-01   3.97416E-03   0.00000E+00   4.52421E-03   1.04588E-03 
    5.84985E-01   1.40282E-01   2.56484E-01   1.26788E-02   8.53094E-01 
    1.07683E-01   3.92234E-02
   7.63000E+02   1.88057E-05   8.34612E-04   9.58081E-01   4.61668E-03 
    2.00273E-02   1.64219E-02   2.50000E-01   6.57059E-02   5.62020E-01 
    1.18327E-01   3.94746E-03   0.00000E+00   4.14695E-03   9.54500E-04 
    5.65819E-01   1.46497E-01   2.70252E-01   1.23303E-02   8.54441E-01 
    1.07778E-01   3.77810E-02
   7.53000E+02   1.57652E-05   7.71109E-04   9.58672E-01   4.31407E-03 
    1.97949E-02   1.64321E-02   2.50000E-01   6.61926E-02   5.59760E-01 
    1.20132E-01   3.91456E-03   0.00000E+00   3.81516E-03   8.71237E-04 
    5.47707E-01   1.52274E-01   2.83330E-01   1.20024E-02   8.55467E-01 
    1.07856E-01   3.66776E-02
   7.43000E+02   1.31753E-05   7.10252E-04   9.59279E-01   4.01736E-03 
    1.95389E-02   1.64418E-02   2.50000E-01   6.66629E-02   5.57671E-01 
    1.21790E-01   3.87619E-03   0.00000E+00   3.52168E-03   7.95159E-04 
    5.30603E-01   1.57627E-01   2.95755E-01   1.16978E-02   8.56241E-01 
    1.07919E-01   3.58393E-02
   7.33000E+02   1.09745E-05   6.52132E-04   9.59895E-01   3.72833E-03 
    1.92626E-02   1.64508E-02   2.50000E-01   6.71149E-02   5.55745E-01 
    1.23307E-01   3.83291E-03   0.00000E+00   3.26049E-03   7.25457E-04 
    5.14442E-01   1.62578E-01   3.07576E-01   1.14180E-02   8.56818E-01 
    1.07972E-01   3.52096E-02
   7.23000E+02   9.10924E-06   5.96820E-04   9.60518E-01   3.44842E-03 
    1.89685E-02   1.64593E-02   2.50000E-01   6.75471E-02   5.53979E-01 
    1.24689E-01   3.78518E-03   0.00000E+00   3.02657E-03   6.61450E-04 
    4.99148E-01   1.67153E-01   3.18848E-01   1.11632E-02   8.57237E-01 
    1.08017E-01   3.47459E-02
   7.13000E+02   7.53292E-06   5.44370E-04   9.61143E-01   3.17874E-03 
    1.86588E-02   1.64672E-02   2.50000E-01   6.79585E-02   5.52368E-01 
    1.25940E-01   3.73335E-03   0.00000E+00   2.81581E-03   6.02565E-04 
    4.84646E-01   1.71379E-01   3.29622E-01   1.09333E-02   8.57529E-01 
    1.08056E-01   3.44154E-02
   7.03000E+02   6.20482E-06   4.94817E-04   9.61769E-01   2.92018E-03 
    1.83353E-02   1.64746E-02   2.50000E-01   6.83483E-02   5.50909E-01 
    1.27065E-01   3.67771E-03   0.00000E+00   2.62482E-03   5.48320E-04 
    4.70866E-01   1.75283E-01   3.39950E-01   1.07277E-02   8.57718E-01 
    1.08089E-01   3.41932E-02
   6.93000E+02   5.08951E-06   4.48178E-04   9.62393E-01   2.67343E-03 
    1.79993E-02   1.64815E-02   2.50000E-01   6.87160E-02   5.49599E-01 
    1.28067E-01   3.61846E-03   0.00000E+00   2.45083E-03   4.98308E-04 
    4.57742E-01   1.78889E-01   3.49874E-01   1.05458E-02   8.57822E-01 
    1.08118E-01   3.40597E-02
   6.83000E+02   4.15616E-06   4.04450E-04   9.63013E-01   2.43898E-03 
    1.76517E-02   1.64879E-02   2.50000E-01   6.90613E-02   5.48435E-01 
    1.28948E-01   3.55575E-03   0.00000E+00   2.29154E-03   4.52182E-04 
    4.45216E-01   1.82219E-01   3.59436E-01   1.03867E-02   8.57857E-01 
    1.08143E-01   3.40000E-02
   6.73000E+02   3.37801E-06   3.63614E-04   9.63629E-01   2.21717E-03 
    1.72936E-02   1.64937E-02   2.50000E-01   6.93842E-02   5.47416E-01 
    1.29710E-01   3.48970E-03   0.00000E+00   2.14507E-03   4.09640E-04 
    4.33233E-01   1.85294E-01   3.68669E-01   1.02497E-02   8.57832E-01 
    1.08166E-01   3.40022E-02
