
 Phase Region for:
     FCC_A1#1                      
 col-1=T, col-2=X(FCC_A1#1,C), col-3=X(FCC_A1#1,CR), col-4=X(FCC_A1#1,FE),
   col-5=X(FCC_A1#1,MN), col-6=X(FCC_A1#1,NI), col-7=X(FCC_A1#1,SI),
   col-8=NP(FCC_A1#1),
   1.17300E+03   2.68521E-02   2.58455E-02   8.96577E-01   2.20151E-02 
    9.15886E-07   2.87092E-02   1.00000E+00
   1.18300E+03   2.68521E-02   2.58455E-02   8.96577E-01   2.20151E-02 
    9.15886E-07   2.87092E-02   1.00000E+00
   1.19300E+03   2.68521E-02   2.58455E-02   8.96577E-01   2.20151E-02 
    9.15886E-07   2.87092E-02   1.00000E+00
   1.20300E+03   2.68521E-02   2.58455E-02   8.96577E-01   2.20151E-02 
    9.15886E-07   2.87092E-02   1.00000E+00
   1.21300E+03   2.68521E-02   2.58455E-02   8.96577E-01   2.20151E-02 
    9.15886E-07   2.87092E-02   1.00000E+00
   1.22300E+03   2.68521E-02   2.58455E-02   8.96577E-01   2.20151E-02 
    9.15886E-07   2.87092E-02   1.00000E+00
   1.23300E+03   2.68521E-02   2.58455E-02   8.96577E-01   2.20151E-02 
    9.15886E-07   2.87092E-02   1.00000E+00
   1.24300E+03   2.68521E-02   2.58455E-02   8.96577E-01   2.20151E-02 
    9.15886E-07   2.87092E-02   1.00000E+00
   1.25300E+03   2.68521E-02   2.58455E-02   8.96577E-01   2.20151E-02 
    9.15886E-07   2.87092E-02   1.00000E+00
   1.26300E+03   2.68521E-02   2.58455E-02   8.96577E-01   2.20151E-02 
    9.15886E-07   2.87092E-02   1.00000E+00
   1.27300E+03   2.68521E-02   2.58455E-02   8.96577E-01   2.20151E-02 
    9.15886E-07   2.87092E-02   1.00000E+00
   1.28300E+03   2.68521E-02   2.58455E-02   8.96577E-01   2.20151E-02 
    9.15886E-07   2.87092E-02   1.00000E+00
   1.29300E+03   2.68521E-02   2.58455E-02   8.96577E-01   2.20151E-02 
    9.15886E-07   2.87092E-02   1.00000E+00
   1.30300E+03   2.68521E-02   2.58455E-02   8.96577E-01   2.20151E-02 
    9.15886E-07   2.87092E-02   1.00000E+00
   1.31300E+03   2.68521E-02   2.58455E-02   8.96577E-01   2.20151E-02 
    9.15886E-07   2.87092E-02   1.00000E+00
   1.32300E+03   2.68521E-02   2.58455E-02   8.96577E-01   2.20151E-02 
    9.15886E-07   2.87092E-02   1.00000E+00
   1.33300E+03   2.68521E-02   2.58455E-02   8.96577E-01   2.20151E-02 
    9.15886E-07   2.87092E-02   1.00000E+00
   1.34300E+03   2.68521E-02   2.58455E-02   8.96577E-01   2.20151E-02 
    9.15886E-07   2.87092E-02   1.00000E+00
   1.35300E+03   2.68521E-02   2.58455E-02   8.96577E-01   2.20151E-02 
    9.15886E-07   2.87092E-02   1.00000E+00
   1.36300E+03   2.68521E-02   2.58455E-02   8.96577E-01   2.20151E-02 
    9.15886E-07   2.87092E-02   1.00000E+00
   1.37300E+03   2.68521E-02   2.58455E-02   8.96577E-01   2.20151E-02 
    9.15886E-07   2.87092E-02   1.00000E+00
   1.38300E+03   2.68521E-02   2.58455E-02   8.96577E-01   2.20151E-02 
    9.15886E-07   2.87092E-02   1.00000E+00
   1.39300E+03   2.68521E-02   2.58455E-02   8.96577E-01   2.20151E-02 
    9.15886E-07   2.87092E-02   1.00000E+00
   1.40300E+03   2.68521E-02   2.58455E-02   8.96577E-01   2.20151E-02 
    9.15886E-07   2.87092E-02   1.00000E+00
   1.41300E+03   2.68521E-02   2.58455E-02   8.96577E-01   2.20151E-02 
    9.15886E-07   2.87092E-02   1.00000E+00
   1.42300E+03   2.68521E-02   2.58455E-02   8.96577E-01   2.20151E-02 
    9.15886E-07   2.87092E-02   1.00000E+00
   1.43300E+03   2.68521E-02   2.58455E-02   8.96577E-01   2.20151E-02 
    9.15886E-07   2.87092E-02   1.00000E+00
   1.44300E+03   2.68521E-02   2.58455E-02   8.96577E-01   2.20151E-02 
    9.15886E-07   2.87092E-02   1.00000E+00
   1.45300E+03   2.68521E-02   2.58455E-02   8.96577E-01   2.20151E-02 
    9.15886E-07   2.87092E-02   1.00000E+00
   1.46300E+03   2.68521E-02   2.58455E-02   8.96577E-01   2.20151E-02 
    9.15886E-07   2.87092E-02   1.00000E+00
   1.47300E+03   2.68521E-02   2.58455E-02   8.96577E-01   2.20151E-02 
    9.15886E-07   2.87092E-02   1.00000E+00

 Phase Region for:
     FCC_A1#1                      
 col-1=T, col-2=X(FCC_A1#1,C), col-3=X(FCC_A1#1,CR), col-4=X(FCC_A1#1,FE),
   col-5=X(FCC_A1#1,MN), col-6=X(FCC_A1#1,NI), col-7=X(FCC_A1#1,SI),
   col-8=NP(FCC_A1#1),
   1.17300E+03   2.68521E-02   2.58455E-02   8.96577E-01   2.20151E-02 
    9.15886E-07   2.87092E-02   1.00000E+00
   1.16300E+03   2.68521E-02   2.58455E-02   8.96577E-01   2.20151E-02 
    9.15886E-07   2.87092E-02   1.00000E+00
   1.15300E+03   2.68521E-02   2.58455E-02   8.96577E-01   2.20151E-02 
    9.15886E-07   2.87092E-02   1.00000E+00
   1.14300E+03   2.68521E-02   2.58455E-02   8.96577E-01   2.20151E-02 
    9.15886E-07   2.87092E-02   1.00000E+00
   1.13300E+03   2.68521E-02   2.58455E-02   8.96577E-01   2.20151E-02 
    9.15886E-07   2.87092E-02   1.00000E+00
   1.12300E+03   2.68521E-02   2.58455E-02   8.96577E-01   2.20151E-02 
    9.15886E-07   2.87092E-02   1.00000E+00
   1.11300E+03   2.68521E-02   2.58455E-02   8.96577E-01   2.20151E-02 
    9.15886E-07   2.87092E-02   1.00000E+00
   1.10300E+03   2.68521E-02   2.58455E-02   8.96577E-01   2.20151E-02 
    9.15886E-07   2.87092E-02   1.00000E+00
   1.09714E+03   2.68521E-02   2.58455E-02   8.96577E-01   2.20151E-02 
    9.15886E-07   2.87092E-02   1.00000E+00

 Phase Region for:
     CEMENTITE                     
     FCC_A1#1                      
 col-1=T, col-2=X(CEMENTITE,C), col-3=X(CEMENTITE,CR), col-4=X(CEMENTITE,FE),
   col-5=X(CEMENTITE,MN), col-6=X(CEMENTITE,NI), col-7=X(CEMENTITE,SI),
   col-8=X(FCC_A1#1,C), col-9=X(FCC_A1#1,CR), col-10=X(FCC_A1#1,FE),
   col-11=X(FCC_A1#1,MN), col-12=X(FCC_A1#1,NI), col-13=X(FCC_A1#1,SI),
   col-14=NP(CEMENTITE), col-15=NP(FCC_A1#1),
   1.09714E+03   2.50000E-01   1.79286E-01   5.43310E-01   2.74041E-02 
    6.24836E-08   0.00000E+00   2.68521E-02   2.58455E-02   8.96577E-01 
    2.20151E-02   9.15886E-07   2.87092E-02   4.74101E-08   1.00000E+00
   1.09300E+03   2.50000E-01   1.79713E-01   5.42786E-01   2.75007E-02 
    6.17843E-08   0.00000E+00   2.64161E-02   2.55449E-02   8.97268E-01 
    2.20044E-02   9.17555E-07   2.87653E-02   1.94988E-03   9.98050E-01
   1.08300E+03   2.50000E-01   1.80752E-01   5.41508E-01   2.77402E-02 
    6.01092E-08   0.00000E+00   2.53795E-02   2.48233E-02   8.98920E-01 
    2.19773E-02   9.21534E-07   2.88987E-02   6.55567E-03   9.93444E-01
   1.07300E+03   2.50000E-01   1.81802E-01   5.40210E-01   2.79877E-02 
    5.84554E-08   0.00000E+00   2.43664E-02   2.41083E-02   9.00547E-01 
    2.19485E-02   9.25437E-07   2.90290E-02   1.10162E-02   9.88984E-01
   1.06300E+03   2.50000E-01   1.82865E-01   5.38891E-01   2.82446E-02 
    5.68218E-08   0.00000E+00   2.33768E-02   2.34000E-02   9.02148E-01 
    2.19181E-02   9.29266E-07   2.91564E-02   1.53352E-02   9.84665E-01
   1.05300E+03   2.50000E-01   1.83938E-01   5.37551E-01   2.85106E-02 
    5.52095E-08   0.00000E+00   2.24106E-02   2.26988E-02   9.03723E-01 
    2.18858E-02   9.33017E-07   2.92807E-02   1.95155E-02   9.80485E-01
   1.04300E+03   2.50000E-01   1.85023E-01   5.36191E-01   2.87862E-02 
    5.36187E-08   0.00000E+00   2.14679E-02   2.20048E-02   9.05273E-01 
    2.18517E-02   9.36692E-07   2.94019E-02   2.35600E-02   9.76440E-01
   1.03300E+03   2.50000E-01   1.86117E-01   5.34811E-01   2.90717E-02 
    5.20497E-08   0.00000E+00   2.05487E-02   2.13182E-02   9.06796E-01 
    2.18157E-02   9.40288E-07   2.95202E-02   2.74716E-02   9.72528E-01
   1.02562E+03   2.50000E-01   1.86931E-01   5.33780E-01   2.92889E-02 
    5.09063E-08   0.00000E+00   1.98856E-02   2.08165E-02   9.07903E-01 
    2.17880E-02   9.42890E-07   2.96055E-02   3.02738E-02   9.69726E-01

 Phase Region for:
     BCC_A2                        
     CEMENTITE                     
     FCC_A1#1                      
 col-1=T, col-2=X(BCC_A2,C), col-3=X(BCC_A2,CR), col-4=X(BCC_A2,FE),
   col-5=X(BCC_A2,MN), col-6=X(BCC_A2,NI), col-7=X(BCC_A2,SI),
   col-8=X(CEMENTITE,C), col-9=X(CEMENTITE,CR), col-10=X(CEMENTITE,FE),
   col-11=X(CEMENTITE,MN), col-12=X(CEMENTITE,NI), col-13=X(CEMENTITE,SI),
   col-14=X(FCC_A1#1,C), col-15=X(FCC_A1#1,CR), col-16=X(FCC_A1#1,FE),
   col-17=X(FCC_A1#1,MN), col-18=X(FCC_A1#1,NI), col-19=X(FCC_A1#1,SI),
   col-20=NP(BCC_A2), col-21=NP(CEMENTITE), col-22=NP(FCC_A1#1),
   1.02562E+03   5.20119E-04   1.39585E-02   9.39375E-01   9.02435E-03 
    4.42857E-07   3.71214E-02   2.50000E-01   1.86931E-01   5.33780E-01 
    2.92890E-02   5.09064E-08   0.00000E+00   1.98856E-02   2.08165E-02 
    9.07903E-01   2.17880E-02   9.42892E-07   2.96055E-02   3.53351E-06 
    3.02741E-02   9.69722E-01
   1.02300E+03   5.08499E-04   1.35272E-02   9.40040E-01   9.41212E-03 
    4.64393E-07   3.65114E-02   2.50000E-01   1.83880E-01   5.34970E-01 
    3.11505E-02   5.36857E-08   0.00000E+00   1.98698E-02   2.02459E-02 
    9.07812E-01   2.29196E-02   1.00001E-06   2.91517E-02   9.00712E-02 
    3.79185E-02   8.72010E-01
   1.01300E+03   4.61364E-04   1.21481E-02   9.41713E-01   1.10451E-02 
    5.60006E-07   3.46320E-02   2.50000E-01   1.73990E-01   5.36881E-01 
    3.91292E-02   6.59269E-08   0.00000E+00   1.96392E-02   1.83745E-02 
    9.06382E-01   2.77391E-02   1.26361E-06   2.78638E-02   3.86177E-01 
    6.34608E-02   5.50362E-01
   1.00300E+03   4.11380E-04   1.11354E-02   9.42218E-01   1.28715E-02 
    6.80829E-07   3.33627E-02   2.50000E-01   1.66900E-01   5.34756E-01 
    4.83434E-02   8.11120E-08   0.00000E+00   1.91552E-02   1.69406E-02 
    9.03474E-01   3.32534E-02   1.61808E-06   2.71757E-02   6.12917E-01 
    8.31091E-02   3.03974E-01
   9.93000E+02   3.60733E-04   1.03963E-02   9.41956E-01   1.47282E-02 
    8.31605E-07   3.25584E-02   2.50000E-01   1.62401E-01   5.29019E-01 
    5.85799E-02   9.98879E-08   0.00000E+00   1.84529E-02   1.58678E-02 
    8.99349E-01   3.93365E-02   2.09632E-06   2.69918E-02   7.79903E-01 
    9.72127E-02   1.22884E-01
   9.83762E+02   3.15512E-04   9.89086E-03   9.41214E-01   1.64551E-02 
    1.01031E-06   3.21233E-02   2.50000E-01   1.60009E-01   5.21222E-01 
    6.87690E-02   1.21842E-07   0.00000E+00   1.76694E-02   1.51062E-02 
    8.94762E-01   4.53348E-02   2.70026E-06   2.71248E-02   8.93720E-01 
    1.06280E-01   0.00000E+00

 Phase Region for:
     BCC_A2                        
     CEMENTITE                     
 col-1=T, col-2=X(BCC_A2,C), col-3=X(BCC_A2,CR), col-4=X(BCC_A2,FE),
   col-5=X(BCC_A2,MN), col-6=X(BCC_A2,NI), col-7=X(BCC_A2,SI),
   col-8=X(CEMENTITE,C), col-9=X(CEMENTITE,CR), col-10=X(CEMENTITE,FE),
   col-11=X(CEMENTITE,MN), col-12=X(CEMENTITE,NI), col-13=X(CEMENTITE,SI),
   col-14=NP(BCC_A2), col-15=NP(CEMENTITE),
   9.83761E+02   3.15512E-04   9.89086E-03   9.41214E-01   1.64551E-02 
    1.01031E-06   3.21233E-02   2.50000E-01   1.60009E-01   5.21222E-01 
    6.87690E-02   1.21842E-07   0.00000E+00   8.93720E-01   1.06280E-01  NONE
   9.83000E+02   3.12156E-04   9.86552E-03   9.41272E-01   1.64260E-02 
    1.01032E-06   3.21237E-02   2.50000E-01   1.60205E-01   5.20787E-01 
    6.90080E-02   1.21856E-07   0.00000E+00   8.93708E-01   1.06292E-01  NONE
   9.73000E+02   2.70960E-04   9.53332E-03   9.42023E-01   1.60425E-02 
    1.01045E-06   3.21290E-02   2.50000E-01   1.62786E-01   5.15060E-01 
    7.21546E-02   1.22020E-07   0.00000E+00   8.93560E-01   1.06440E-01  NONE
   9.63000E+02   2.34702E-04   9.20221E-03   9.42771E-01   1.56574E-02 
    1.01057E-06   3.21337E-02   2.50000E-01   1.65375E-01   5.09310E-01 
    7.53153E-02   1.22141E-07   0.00000E+00   8.93430E-01   1.06570E-01  NONE
   9.53000E+02   2.02849E-04   8.87216E-03   9.43516E-01   1.52705E-02 
    1.01067E-06   3.21378E-02   2.50000E-01   1.67972E-01   5.03537E-01 
    7.84914E-02   1.22226E-07   0.00000E+00   8.93317E-01   1.06683E-01  NONE
   9.43000E+02   1.74920E-04   8.54324E-03   9.44258E-01   1.48817E-02 
    1.01076E-06   3.21414E-02   2.50000E-01   1.70574E-01   4.97741E-01 
    8.16842E-02   1.22281E-07   0.00000E+00   8.93217E-01   1.06783E-01  NONE
   9.33000E+02   1.50481E-04   8.21555E-03   9.44997E-01   1.44910E-02 
    1.01084E-06   3.21445E-02   2.50000E-01   1.73181E-01   4.91925E-01 
    8.48948E-02   1.22313E-07   0.00000E+00   8.93129E-01   1.06871E-01  NONE
   9.23000E+02   1.29143E-04   7.88927E-03   9.45735E-01   1.40982E-02 
    1.01092E-06   3.21473E-02   2.50000E-01   1.75787E-01   4.86088E-01 
    8.81242E-02   1.22327E-07   0.00000E+00   8.93053E-01   1.06947E-01  NONE
   9.13000E+02   1.10553E-04   7.56463E-03   9.46471E-01   1.37034E-02 
    1.01098E-06   3.21497E-02   2.50000E-01   1.78392E-01   4.80235E-01 
    9.13731E-02   1.22329E-07   0.00000E+00   8.92987E-01   1.07013E-01  NONE
   9.03000E+02   9.43958E-05   7.24190E-03   9.47205E-01   1.33064E-02 
    1.01104E-06   3.21518E-02   2.50000E-01   1.80992E-01   4.74366E-01 
    9.46420E-02   1.22323E-07   0.00000E+00   8.92929E-01   1.07071E-01  NONE
   8.93000E+02   8.03874E-05   6.92140E-03   9.47936E-01   1.29072E-02 
    1.01109E-06   3.21536E-02   2.50000E-01   1.83582E-01   4.68487E-01 
    9.79311E-02   1.22316E-07   0.00000E+00   8.92879E-01   1.07121E-01  NONE
   8.83000E+02   6.82727E-05   6.60349E-03   9.48666E-01   1.25059E-02 
    1.01114E-06   3.21551E-02   2.50000E-01   1.86159E-01   4.62601E-01 
    1.01240E-01   1.22312E-07   0.00000E+00   8.92836E-01   1.07164E-01  NONE
   8.73000E+02   5.78234E-05   6.28859E-03   9.49394E-01   1.21025E-02 
    1.01117E-06   3.21565E-02   2.50000E-01   1.88719E-01   4.56712E-01 
    1.04569E-01   1.22316E-07   0.00000E+00   8.92798E-01   1.07202E-01  NONE
   8.63000E+02   4.88350E-05   5.97713E-03   9.50118E-01   1.16972E-02 
    1.01120E-06   3.21576E-02   2.50000E-01   1.91258E-01   4.50826E-01 
    1.07916E-01   1.22332E-07   0.00000E+00   8.92766E-01   1.07234E-01  NONE
   8.53000E+02   4.11249E-05   5.66957E-03   9.50840E-01   1.12900E-02 
    1.01123E-06   3.21586E-02   2.50000E-01   1.93770E-01   4.44950E-01 
    1.11280E-01   1.22364E-07   0.00000E+00   8.92739E-01   1.07261E-01  NONE
   8.43000E+02   3.45304E-05   5.36641E-03   9.51557E-01   1.08812E-02 
    1.01124E-06   3.21595E-02   2.50000E-01   1.96251E-01   4.39089E-01 
    1.14660E-01   1.22416E-07   0.00000E+00   8.92715E-01   1.07285E-01  NONE
   8.33000E+02   2.89066E-05   5.06817E-03   9.52271E-01   1.04710E-02 
    1.01126E-06   3.21602E-02   2.50000E-01   1.98697E-01   4.33250E-01 
    1.18053E-01   1.22492E-07   0.00000E+00   8.92695E-01   1.07305E-01  NONE
   8.23000E+02   2.41253E-05   4.77536E-03   9.52979E-01   1.00597E-02 
    1.01126E-06   3.21608E-02   2.50000E-01   2.01101E-01   4.27442E-01 
    1.21457E-01   1.22596E-07   0.00000E+00   8.92678E-01   1.07322E-01  NONE
   8.13000E+02   2.00727E-05   4.48852E-03   9.53681E-01   9.64781E-03 
    1.01126E-06   3.21613E-02   2.50000E-01   2.03460E-01   4.21672E-01 
    1.24867E-01   1.22731E-07   0.00000E+00   8.92663E-01   1.07337E-01  NONE
   8.03000E+02   1.66485E-05   4.20819E-03   9.54377E-01   9.23565E-03 
    1.01125E-06   3.21618E-02   2.50000E-01   2.05769E-01   4.15950E-01 
    1.28281E-01   1.22899E-07   0.00000E+00   8.92651E-01   1.07349E-01  NONE
   7.93000E+02   1.37647E-05   3.93490E-03   9.55064E-01   8.82375E-03 
    1.01124E-06   3.21621E-02   2.50000E-01   2.08022E-01   4.10283E-01 
    1.31695E-01   1.23105E-07   0.00000E+00   8.92641E-01   1.07359E-01  NONE
   7.83000E+02   1.13437E-05   3.66917E-03   9.55743E-01   8.41268E-03 
    1.01121E-06   3.21624E-02   2.50000E-01   2.10214E-01   4.04683E-01 
    1.35102E-01   1.23350E-07   0.00000E+00   8.92632E-01   1.07368E-01  NONE
   7.73000E+02   9.31813E-06   3.41151E-03   9.56412E-01   8.00309E-03 
    1.01119E-06   3.21627E-02   2.50000E-01   2.12342E-01   3.99159E-01 
    1.38499E-01   1.23636E-07   0.00000E+00   8.92625E-01   1.07375E-01  NONE
   7.63000E+02   7.62893E-06   3.16240E-03   9.57070E-01   7.59567E-03 
    1.01115E-06   3.21629E-02   2.50000E-01   2.14401E-01   3.93720E-01 
    1.41878E-01   1.23967E-07   0.00000E+00   8.92619E-01   1.07381E-01  NONE
   7.53000E+02   6.22503E-06   2.92229E-03   9.57716E-01   7.19119E-03 
    1.01111E-06   3.21631E-02   2.50000E-01   2.16387E-01   3.88378E-01 
    1.45234E-01   1.24342E-07   0.00000E+00   8.92614E-01   1.07386E-01  NONE
   7.43000E+02   5.06222E-06   2.69159E-03   9.58349E-01   6.79050E-03 
    1.01107E-06   3.21633E-02   2.50000E-01   2.18297E-01   3.83144E-01 
    1.48559E-01   1.24764E-07   0.00000E+00   8.92610E-01   1.07390E-01  NONE
   7.33000E+02   4.10242E-06   2.47068E-03   9.58966E-01   6.39446E-03 
    1.01101E-06   3.21634E-02   2.50000E-01   2.20126E-01   3.78027E-01 
    1.51846E-01   1.25234E-07   0.00000E+00   8.92606E-01   1.07394E-01  NONE
   7.23000E+02   3.31293E-06   2.25988E-03   9.59568E-01   6.00402E-03 
    1.01095E-06   3.21635E-02   2.50000E-01   2.21872E-01   3.73040E-01 
    1.55088E-01   1.25752E-07   0.00000E+00   8.92604E-01   1.07396E-01  NONE
   7.13000E+02   2.66581E-06   2.05946E-03   9.60153E-01   5.62016E-03 
    1.01089E-06   3.21636E-02   2.50000E-01   2.23533E-01   3.68192E-01 
    1.58275E-01   1.26318E-07   0.00000E+00   8.92601E-01   1.07399E-01  NONE
   7.03000E+02   2.13725E-06   1.86964E-03   9.60720E-01   5.24390E-03 
    1.01082E-06   3.21636E-02   2.50000E-01   2.25107E-01   3.63494E-01 
    1.61399E-01   1.26932E-07   0.00000E+00   8.92599E-01   1.07401E-01  NONE
   6.93000E+02   1.70708E-06   1.69057E-03   9.61267E-01   4.87626E-03 
    1.01074E-06   3.21637E-02   2.50000E-01   2.26592E-01   3.58956E-01 
    1.64452E-01   1.27594E-07   0.00000E+00   8.92598E-01   1.07402E-01  NONE
   6.83000E+02   1.35825E-06   1.52233E-03   9.61793E-01   4.51829E-03 
    1.01065E-06   3.21637E-02   2.50000E-01   2.27988E-01   3.54587E-01 
    1.67425E-01   1.28301E-07   0.00000E+00   8.92597E-01   1.07403E-01  NONE
   6.73000E+02   1.07641E-06   1.36496E-03   9.62298E-01   4.17101E-03 
    1.01056E-06   3.21638E-02   2.50000E-01   2.29293E-01   3.50397E-01 
    1.70310E-01   1.29053E-07   0.00000E+00   8.92596E-01   1.07404E-01  NONE
