
 Phase Region for:
     FCC_A1#1                      
 col-1=T, col-2=W(FCC_A1#1,C), col-3=W(FCC_A1#1,CR), col-4=W(FCC_A1#1,FE),
   col-5=W(FCC_A1#1,MN), col-6=W(FCC_A1#1,NI), col-7=W(FCC_A1#1,SI),
   col-8=NP(FCC_A1#1),
   1.17300E+03   6.00000E-03   3.00000E-02   9.26498E-01   3.00000E-02 
    7.50075E-03   1.00000E-06   1.00000E+00
   1.18300E+03   6.00000E-03   3.00000E-02   9.26498E-01   3.00000E-02 
    7.50075E-03   1.00000E-06   1.00000E+00
   1.19300E+03   6.00000E-03   3.00000E-02   9.26498E-01   3.00000E-02 
    7.50075E-03   1.00000E-06   1.00000E+00
   1.20300E+03   6.00000E-03   3.00000E-02   9.26498E-01   3.00000E-02 
    7.50075E-03   1.00000E-06   1.00000E+00
   1.21300E+03   6.00000E-03   3.00000E-02   9.26498E-01   3.00000E-02 
    7.50075E-03   1.00000E-06   1.00000E+00
   1.22300E+03   6.00000E-03   3.00000E-02   9.26498E-01   3.00000E-02 
    7.50075E-03   1.00000E-06   1.00000E+00
   1.23300E+03   6.00000E-03   3.00000E-02   9.26498E-01   3.00000E-02 
    7.50075E-03   1.00000E-06   1.00000E+00
   1.24300E+03   6.00000E-03   3.00000E-02   9.26498E-01   3.00000E-02 
    7.50075E-03   1.00000E-06   1.00000E+00
   1.25300E+03   6.00000E-03   3.00000E-02   9.26498E-01   3.00000E-02 
    7.50075E-03   1.00000E-06   1.00000E+00
   1.26300E+03   6.00000E-03   3.00000E-02   9.26498E-01   3.00000E-02 
    7.50075E-03   1.00000E-06   1.00000E+00
   1.27300E+03   6.00000E-03   3.00000E-02   9.26498E-01   3.00000E-02 
    7.50075E-03   1.00000E-06   1.00000E+00
   1.28300E+03   6.00000E-03   3.00000E-02   9.26498E-01   3.00000E-02 
    7.50075E-03   1.00000E-06   1.00000E+00
   1.29300E+03   6.00000E-03   3.00000E-02   9.26498E-01   3.00000E-02 
    7.50075E-03   1.00000E-06   1.00000E+00
   1.30300E+03   6.00000E-03   3.00000E-02   9.26498E-01   3.00000E-02 
    7.50075E-03   1.00000E-06   1.00000E+00
   1.31300E+03   6.00000E-03   3.00000E-02   9.26498E-01   3.00000E-02 
    7.50075E-03   1.00000E-06   1.00000E+00
   1.32300E+03   6.00000E-03   3.00000E-02   9.26498E-01   3.00000E-02 
    7.50075E-03   1.00000E-06   1.00000E+00
   1.33300E+03   6.00000E-03   3.00000E-02   9.26498E-01   3.00000E-02 
    7.50075E-03   1.00000E-06   1.00000E+00
   1.34300E+03   6.00000E-03   3.00000E-02   9.26498E-01   3.00000E-02 
    7.50075E-03   1.00000E-06   1.00000E+00
   1.35300E+03   6.00000E-03   3.00000E-02   9.26498E-01   3.00000E-02 
    7.50075E-03   1.00000E-06   1.00000E+00
   1.36300E+03   6.00000E-03   3.00000E-02   9.26498E-01   3.00000E-02 
    7.50075E-03   1.00000E-06   1.00000E+00
   1.37300E+03   6.00000E-03   3.00000E-02   9.26498E-01   3.00000E-02 
    7.50075E-03   1.00000E-06   1.00000E+00
   1.38300E+03   6.00000E-03   3.00000E-02   9.26498E-01   3.00000E-02 
    7.50075E-03   1.00000E-06   1.00000E+00
   1.39300E+03   6.00000E-03   3.00000E-02   9.26498E-01   3.00000E-02 
    7.50075E-03   1.00000E-06   1.00000E+00
   1.40300E+03   6.00000E-03   3.00000E-02   9.26498E-01   3.00000E-02 
    7.50075E-03   1.00000E-06   1.00000E+00
   1.41300E+03   6.00000E-03   3.00000E-02   9.26498E-01   3.00000E-02 
    7.50075E-03   1.00000E-06   1.00000E+00
   1.42300E+03   6.00000E-03   3.00000E-02   9.26498E-01   3.00000E-02 
    7.50075E-03   1.00000E-06   1.00000E+00
   1.43300E+03   6.00000E-03   3.00000E-02   9.26498E-01   3.00000E-02 
    7.50075E-03   1.00000E-06   1.00000E+00
   1.44300E+03   6.00000E-03   3.00000E-02   9.26498E-01   3.00000E-02 
    7.50075E-03   1.00000E-06   1.00000E+00
   1.45300E+03   6.00000E-03   3.00000E-02   9.26498E-01   3.00000E-02 
    7.50075E-03   1.00000E-06   1.00000E+00
   1.46300E+03   6.00000E-03   3.00000E-02   9.26498E-01   3.00000E-02 
    7.50075E-03   1.00000E-06   1.00000E+00
   1.47300E+03   6.00000E-03   3.00000E-02   9.26498E-01   3.00000E-02 
    7.50075E-03   1.00000E-06   1.00000E+00

 Phase Region for:
     FCC_A1#1                      
 col-1=T, col-2=W(FCC_A1#1,C), col-3=W(FCC_A1#1,CR), col-4=W(FCC_A1#1,FE),
   col-5=W(FCC_A1#1,MN), col-6=W(FCC_A1#1,NI), col-7=W(FCC_A1#1,SI),
   col-8=NP(FCC_A1#1),
   1.17300E+03   6.00000E-03   3.00000E-02   9.26498E-01   3.00000E-02 
    7.50075E-03   1.00000E-06   1.00000E+00
   1.16300E+03   6.00000E-03   3.00000E-02   9.26498E-01   3.00000E-02 
    7.50075E-03   1.00000E-06   1.00000E+00
   1.15300E+03   6.00000E-03   3.00000E-02   9.26498E-01   3.00000E-02 
    7.50075E-03   1.00000E-06   1.00000E+00
   1.14300E+03   6.00000E-03   3.00000E-02   9.26498E-01   3.00000E-02 
    7.50075E-03   1.00000E-06   1.00000E+00
   1.13300E+03   6.00000E-03   3.00000E-02   9.26498E-01   3.00000E-02 
    7.50075E-03   1.00000E-06   1.00000E+00
   1.12300E+03   6.00000E-03   3.00000E-02   9.26498E-01   3.00000E-02 
    7.50075E-03   1.00000E-06   1.00000E+00
   1.11300E+03   6.00000E-03   3.00000E-02   9.26498E-01   3.00000E-02 
    7.50075E-03   1.00000E-06   1.00000E+00
   1.10300E+03   6.00000E-03   3.00000E-02   9.26498E-01   3.00000E-02 
    7.50075E-03   1.00000E-06   1.00000E+00
   1.10292E+03   6.00000E-03   3.00000E-02   9.26498E-01   3.00000E-02 
    7.50075E-03   1.00000E-06   1.00000E+00

 Phase Region for:
     CEMENTITE                     
     FCC_A1#1                      
 col-1=T, col-2=W(CEMENTITE,C), col-3=W(CEMENTITE,CR), col-4=W(CEMENTITE,FE),
   col-5=W(CEMENTITE,MN), col-6=W(CEMENTITE,NI), col-7=W(CEMENTITE,SI),
   col-8=W(FCC_A1#1,C), col-9=W(FCC_A1#1,CR), col-10=W(FCC_A1#1,FE),
   col-11=W(FCC_A1#1,MN), col-12=W(FCC_A1#1,NI), col-13=W(FCC_A1#1,SI),
   col-14=NP(CEMENTITE), col-15=NP(FCC_A1#1),
   1.10292E+03   6.83063E-02   2.74937E-01   6.09648E-01   4.65973E-02 
    5.11321E-04   0.00000E+00   6.00000E-03   3.00000E-02   9.26498E-01 
    3.00000E-02   7.50075E-03   1.00000E-06   4.82962E-08   1.00000E+00
   1.09300E+03   6.83146E-02   2.76499E-01   6.07698E-01   4.69907E-02 
    4.97883E-04   0.00000E+00   5.76233E-03   2.90598E-02   9.27714E-01 
    2.99352E-02   7.52746E-03   1.00381E-06   4.71321E-03   9.95287E-01
   1.08300E+03   6.83229E-02   2.78082E-01   6.05710E-01   4.74010E-02 
    4.84522E-04   0.00000E+00   5.52881E-03   2.81244E-02   9.28924E-01 
    2.98684E-02   7.55380E-03   1.00756E-06   9.30938E-03   9.90691E-01
   1.07300E+03   6.83313E-02   2.79672E-01   6.03700E-01   4.78255E-02 
    4.71350E-04   0.00000E+00   5.30134E-03   2.72015E-02   9.30116E-01 
    2.98002E-02   7.57954E-03   1.01121E-06   1.37535E-02   9.86247E-01
   1.06300E+03   6.83397E-02   2.81270E-01   6.01667E-01   4.82647E-02 
    4.58367E-04   0.00000E+00   5.07991E-03   2.62914E-02   9.31293E-01 
    2.97304E-02   7.60469E-03   1.01476E-06   1.80489E-02   9.81951E-01
   1.05300E+03   6.83482E-02   2.82873E-01   5.99614E-01   4.87193E-02 
    4.45574E-04   0.00000E+00   4.86447E-03   2.53945E-02   9.32452E-01 
    2.96591E-02   7.62924E-03   1.01821E-06   2.21992E-02   9.77801E-01
   1.04300E+03   6.83568E-02   2.84481E-01   5.97539E-01   4.91898E-02 
    4.32971E-04   0.00000E+00   4.65499E-03   2.45110E-02   9.33594E-01 
    2.95861E-02   7.65320E-03   1.02157E-06   2.62076E-02   9.73792E-01
   1.03300E+03   6.83653E-02   2.86094E-01   5.95444E-01   4.96767E-02 
    4.20560E-04   0.00000E+00   4.45144E-03   2.36411E-02   9.34718E-01 
    2.95114E-02   7.67655E-03   1.02483E-06   3.00775E-02   9.69922E-01
   1.02300E+03   6.83739E-02   2.87709E-01   5.93328E-01   5.01809E-02 
    4.08341E-04   0.00000E+00   4.25376E-03   2.27851E-02   9.35826E-01 
    2.94350E-02   7.69931E-03   1.02800E-06   3.38121E-02   9.66188E-01
   1.01300E+03   6.83826E-02   2.89327E-01   5.91191E-01   5.07029E-02 
    3.96315E-04   0.00000E+00   4.06191E-03   2.19433E-02   9.36916E-01 
    2.93568E-02   7.72147E-03   1.03107E-06   3.74146E-02   9.62585E-01
   1.00300E+03   6.83912E-02   2.90946E-01   5.89035E-01   5.12435E-02 
    3.84482E-04   0.00000E+00   3.87584E-03   2.11159E-02   9.37987E-01 
    2.92767E-02   7.74303E-03   1.03405E-06   4.08882E-02   9.59112E-01
   9.93000E+02   6.83999E-02   2.92565E-01   5.86859E-01   5.18034E-02 
    3.72843E-04   0.00000E+00   3.69548E-03   2.03031E-02   9.39042E-01 
    2.91948E-02   7.76399E-03   1.03693E-06   4.42359E-02   9.55764E-01
   9.88414E+02   6.84039E-02   2.93307E-01   5.85855E-01   5.20669E-02 
    3.67570E-04   0.00000E+00   3.61467E-03   1.99353E-02   9.39519E-01 
    2.91565E-02   7.77341E-03   1.03822E-06   4.57299E-02   9.54270E-01

 Phase Region for:
     BCC_A2                        
     CEMENTITE                     
     FCC_A1#1                      
 col-1=T, col-2=W(BCC_A2,C), col-3=W(BCC_A2,CR), col-4=W(BCC_A2,FE),
   col-5=W(BCC_A2,MN), col-6=W(BCC_A2,NI), col-7=W(BCC_A2,SI),
   col-8=W(CEMENTITE,C), col-9=W(CEMENTITE,CR), col-10=W(CEMENTITE,FE),
   col-11=W(CEMENTITE,MN), col-12=W(CEMENTITE,NI), col-13=W(CEMENTITE,SI),
   col-14=W(FCC_A1#1,C), col-15=W(FCC_A1#1,CR), col-16=W(FCC_A1#1,FE),
   col-17=W(FCC_A1#1,MN), col-18=W(FCC_A1#1,NI), col-19=W(FCC_A1#1,SI),
   col-20=NP(BCC_A2), col-21=NP(CEMENTITE), col-22=NP(FCC_A1#1),
   9.88414E+02   6.65723E-05   1.25708E-02   9.75698E-01   8.72971E-03 
    2.93326E-03   1.22028E-06   6.84039E-02   2.93307E-01   5.85855E-01 
    5.20670E-02   3.67571E-04   0.00000E+00   3.61467E-03   1.99353E-02 
    9.39519E-01   2.91566E-02   7.77343E-03   1.03822E-06   2.99284E-06 
    4.57301E-02   9.54267E-01
   9.83000E+02   6.27890E-05   1.18929E-02   9.75467E-01   9.40263E-03 
    3.17395E-03   1.17858E-06   6.83710E-02   2.85298E-01   5.87601E-01 
    5.83259E-02   4.04585E-04   0.00000E+00   3.59350E-03   1.89844E-02 
    9.36431E-01   3.22743E-02   8.71549E-03   1.02290E-06   1.47722E-01 
    5.63489E-02   7.95929E-01
   9.73000E+02   5.55670E-05   1.09130E-02   9.74782E-01   1.06196E-02 
    3.62861E-03   1.12794E-06   6.83298E-02   2.74365E-01   5.86599E-01 
    7.02322E-02   4.73653E-04   0.00000E+00   3.51318E-03   1.75640E-02 
    9.29954E-01   3.82936E-02   1.06739E-02   1.01916E-06   3.58216E-01 
    7.18635E-02   5.69921E-01
   9.63000E+02   4.84502E-05   1.01826E-02   9.73907E-01   1.17674E-02 
    4.09299E-03   1.09932E-06   6.83081E-02   2.67339E-01   5.81485E-01 
    8.23251E-02   5.42784E-04   0.00000E+00   3.39357E-03   1.64613E-02 
    9.22637E-01   4.45609E-02   1.29458E-02   1.03702E-06   5.09316E-01 
    8.31148E-02   4.07570E-01
   9.53000E+02   4.17633E-05   9.61463E-03   9.72965E-01   1.28137E-02 
    4.56437E-03   1.08418E-06   6.83004E-02   2.63143E-01   5.73582E-01 
    9.43632E-02   6.11497E-04   0.00000E+00   3.24843E-03   1.55713E-02 
    9.14606E-01   5.09976E-02   1.55752E-02   1.06894E-06   6.18935E-01 
    9.11817E-02   2.89883E-01
   9.43000E+02   3.56797E-05   9.15174E-03   9.72035E-01   1.37358E-02 
    5.04083E-03   1.07747E-06   6.83026E-02   2.60977E-01   5.63869E-01 
    1.06171E-01   6.79638E-04   0.00000E+00   3.08789E-03   1.48217E-02 
    9.05917E-01   5.75563E-02   1.86155E-02   1.11008E-06   6.99148E-01 
    9.69173E-02   2.03935E-01
   9.33000E+02   3.02680E-05   8.75633E-03   9.71172E-01   1.45197E-02 
    5.52026E-03   1.07604E-06   6.83116E-02   2.60279E-01   5.53039E-01 
    1.17624E-01   7.47140E-04   0.00000E+00   2.91902E-03   1.41631E-02 
    8.96569E-01   6.42172E-02   2.21300E-02   1.15699E-06   7.58159E-01 
    1.00963E-01   1.40878E-01
   9.23000E+02   2.55315E-05   8.40365E-03   9.70412E-01   1.51575E-02 
    5.99975E-03   1.07780E-06   6.83254E-02   2.60651E-01   5.41578E-01 
    1.28632E-01   8.13859E-04   0.00000E+00   2.74668E-03   1.35617E-02 
    8.86515E-01   7.09840E-02   2.61910E-02   1.20686E-06   8.01631E-01 
    1.03790E-01   9.45792E-02
   9.13000E+02   2.14359E-05   8.07721E-03   9.69778E-01   1.56468E-02 
    6.47510E-03   1.08131E-06   6.83426E-02   2.61815E-01   5.29830E-01 
    1.39133E-01   8.79487E-04   0.00000E+00   2.57421E-03   1.29940E-02 
    8.75670E-01   7.78804E-02   3.08797E-02   1.25717E-06   8.33545E-01 
    1.05740E-01   6.07157E-02
   9.03000E+02   1.79273E-05   7.76598E-03   9.69285E-01   1.59891E-02 
    6.94072E-03   1.08555E-06   6.83621E-02   2.63569E-01   5.18037E-01 
    1.49088E-01   9.43512E-04   0.00000E+00   2.40383E-03   1.24435E-02 
    8.63916E-01   8.49488E-02   3.62865E-02   1.30542E-06   8.56763E-01 
    1.07061E-01   3.61754E-02
   8.93000E+02   1.49436E-05   7.46264E-03   9.68942E-01   1.61894E-02 
    7.38971E-03   1.08982E-06   6.83831E-02   2.65768E-01   5.06368E-01 
    1.58476E-01   1.00523E-03   0.00000E+00   2.23701E-03   1.18985E-02 
    8.51103E-01   9.22489E-02   4.25115E-02   1.34896E-06   8.73392E-01 
    1.07936E-01   1.86715E-02
   8.83000E+02   1.24212E-05   7.16244E-03   9.68754E-01   1.62557E-02 
    7.81428E-03   1.09360E-06   6.84053E-02   2.68301E-01   4.94937E-01 
    1.67293E-01   1.06378E-03   0.00000E+00   2.07469E-03   1.13504E-02 
    8.37051E-01   9.98565E-02   4.96657E-02   1.38482E-06   8.85013E-01 
    1.08496E-01   6.49052E-03
   8.75431E+02   1.07811E-05   6.93546E-03   9.68715E-01   1.62229E-02 
    8.11436E-03   1.09595E-06   6.84224E-02   2.70389E-01   4.86491E-01 
    1.73591E-01   1.10542E-03   0.00000E+00   1.95515E-03   1.09300E-02 
    8.25468E-01   1.05873E-01   5.57723E-02   1.40484E-06   8.91229E-01 
    1.08771E-01   0.00000E+00

 Phase Region for:
     BCC_A2                        
     CEMENTITE                     
 col-1=T, col-2=W(BCC_A2,C), col-3=W(BCC_A2,CR), col-4=W(BCC_A2,FE),
   col-5=W(BCC_A2,MN), col-6=W(BCC_A2,NI), col-7=W(BCC_A2,SI),
   col-8=W(CEMENTITE,C), col-9=W(CEMENTITE,CR), col-10=W(CEMENTITE,FE),
   col-11=W(CEMENTITE,MN), col-12=W(CEMENTITE,NI), col-13=W(CEMENTITE,SI),
   col-14=NP(BCC_A2), col-15=NP(CEMENTITE),
   8.75431E+02   1.07811E-05   6.93546E-03   9.68715E-01   1.62229E-02 
    8.11436E-03   1.09595E-06   6.84224E-02   2.70389E-01   4.86491E-01 
    1.73591E-01   1.10542E-03   0.00000E+00   8.91229E-01   1.08771E-01  NONE
   8.73000E+02   1.03238E-05   6.85481E-03   9.68919E-01   1.61005E-02 
    8.11431E-03   1.09595E-06   6.84280E-02   2.71233E-01   4.84364E-01 
    1.74869E-01   1.10587E-03   0.00000E+00   8.91222E-01   1.08778E-01  NONE
   8.63000E+02   8.62107E-06   6.52513E-03   9.69755E-01   1.55957E-02 
    8.11406E-03   1.09594E-06   6.84510E-02   2.74690E-01   4.75608E-01 
    1.80143E-01   1.10789E-03   0.00000E+00   8.91194E-01   1.08806E-01  NONE
   8.53000E+02   7.17607E-06   6.19916E-03   9.70590E-01   1.50887E-02 
    8.11377E-03   1.09593E-06   6.84738E-02   2.78118E-01   4.66851E-01 
    1.85447E-01   1.11015E-03   0.00000E+00   8.91170E-01   1.08830E-01  NONE
   8.43000E+02   5.95374E-06   5.87741E-03   9.71422E-01   1.45798E-02 
    8.11343E-03   1.09591E-06   6.84966E-02   2.81513E-01   4.58100E-01 
    1.90778E-01   1.11269E-03   0.00000E+00   8.91149E-01   1.08851E-01  NONE
   8.33000E+02   4.92318E-06   5.56041E-03   9.72252E-01   1.40689E-02 
    8.11304E-03   1.09589E-06   6.85191E-02   2.84866E-01   4.49363E-01 
    1.96136E-01   1.11555E-03   0.00000E+00   8.91132E-01   1.08868E-01  NONE
   8.23000E+02   4.05724E-06   5.24869E-03   9.73077E-01   1.35564E-02 
    8.11260E-03   1.09587E-06   6.85414E-02   2.88172E-01   4.40651E-01 
    2.01517E-01   1.11877E-03   0.00000E+00   8.91118E-01   1.08882E-01  NONE
   8.13000E+02   3.33214E-06   4.94281E-03   9.73898E-01   1.30424E-02 
    8.11211E-03   1.09585E-06   6.85635E-02   2.91423E-01   4.31972E-01 
    2.06919E-01   1.12238E-03   0.00000E+00   8.91106E-01   1.08894E-01  NONE
   8.03000E+02   2.72712E-06   4.64333E-03   9.74714E-01   1.25274E-02 
    8.11158E-03   1.09583E-06   6.85853E-02   2.94613E-01   4.23338E-01 
    2.12337E-01   1.12640E-03   0.00000E+00   8.91096E-01   1.08904E-01  NONE
   7.93000E+02   2.22410E-06   4.35079E-03   9.75523E-01   1.20118E-02 
    8.11099E-03   1.09580E-06   6.86067E-02   2.97735E-01   4.14760E-01 
    2.17767E-01   1.13088E-03   0.00000E+00   8.91088E-01   1.08912E-01  NONE
   7.83000E+02   1.80743E-06   4.06573E-03   9.76325E-01   1.14959E-02 
    8.11035E-03   1.09578E-06   6.86278E-02   3.00783E-01   4.06250E-01 
    2.23203E-01   1.13584E-03   0.00000E+00   8.91081E-01   1.08919E-01  NONE
   7.73000E+02   1.46355E-06   3.78869E-03   9.77119E-01   1.09805E-02 
    8.10966E-03   1.09575E-06   6.86485E-02   3.03750E-01   3.97821E-01 
    2.28639E-01   1.14130E-03   0.00000E+00   8.91075E-01   1.08925E-01  NONE
   7.63000E+02   1.18083E-06   3.52018E-03   9.77903E-01   1.04661E-02 
    8.10892E-03   1.09572E-06   6.86688E-02   3.06631E-01   3.89485E-01 
    2.34068E-01   1.14731E-03   0.00000E+00   8.91070E-01   1.08930E-01  NONE
   7.53000E+02   9.49260E-07   3.26067E-03   9.78676E-01   9.95345E-03 
    8.10812E-03   1.09570E-06   6.86886E-02   3.09419E-01   3.81257E-01 
    2.39481E-01   1.15387E-03   0.00000E+00   8.91066E-01   1.08934E-01  NONE
   7.43000E+02   7.60324E-07   3.01061E-03   9.79437E-01   9.44336E-03 
    8.10727E-03   1.09567E-06   6.87079E-02   3.12110E-01   3.73150E-01 
    2.44871E-01   1.16103E-03   0.00000E+00   8.91063E-01   1.08937E-01  NONE
   7.33000E+02   6.06765E-07   2.77041E-03   9.80185E-01   8.93671E-03 
    8.10636E-03   1.09564E-06   6.87266E-02   3.14699E-01   3.65179E-01 
    2.50227E-01   1.16881E-03   0.00000E+00   8.91061E-01   1.08939E-01  NONE
   7.23000E+02   4.82445E-07   2.54045E-03   9.80918E-01   8.43446E-03 
    8.10539E-03   1.09562E-06   6.87447E-02   3.17180E-01   3.57359E-01 
    2.55539E-01   1.17723E-03   0.00000E+00   8.91059E-01   1.08941E-01  NONE
   7.13000E+02   3.82189E-07   2.32104E-03   9.81635E-01   7.93763E-03 
    8.10436E-03   1.09559E-06   6.87623E-02   3.19551E-01   3.49705E-01 
    2.60795E-01   1.18632E-03   0.00000E+00   8.91057E-01   1.08943E-01  NONE
   7.03000E+02   3.01654E-07   2.11244E-03   9.82336E-01   7.44735E-03 
    8.10327E-03   1.09557E-06   6.87792E-02   3.21808E-01   3.42233E-01 
    2.65985E-01   1.19610E-03   0.00000E+00   8.91056E-01   1.08944E-01  NONE
   6.98041E+02   2.67886E-07   2.01308E-03   9.82676E-01   7.20698E-03 
    8.10271E-03   1.09556E-06   6.87873E-02   3.22884E-01   3.38599E-01 
    2.68529E-01   1.20122E-03   0.00000E+00   8.91055E-01   1.08945E-01  NONE

 Phase Region for:
     BCC_A2                        
     CEMENTITE                     
     FCC_A1#1                      
 col-1=T, col-2=W(BCC_A2,C), col-3=W(BCC_A2,CR), col-4=W(BCC_A2,FE),
   col-5=W(BCC_A2,MN), col-6=W(BCC_A2,NI), col-7=W(BCC_A2,SI),
   col-8=W(CEMENTITE,C), col-9=W(CEMENTITE,CR), col-10=W(CEMENTITE,FE),
   col-11=W(CEMENTITE,MN), col-12=W(CEMENTITE,NI), col-13=W(CEMENTITE,SI),
   col-14=W(FCC_A1#1,C), col-15=W(FCC_A1#1,CR), col-16=W(FCC_A1#1,FE),
   col-17=W(FCC_A1#1,MN), col-18=W(FCC_A1#1,NI), col-19=W(FCC_A1#1,SI),
   col-20=NP(BCC_A2), col-21=NP(CEMENTITE), col-22=NP(FCC_A1#1),
   6.98041E+02   2.67885E-07   2.01307E-03   9.82676E-01   7.20698E-03 
    8.10271E-03   1.09556E-06   6.87873E-02   3.22884E-01   3.38599E-01 
    2.68529E-01   1.20122E-03   0.00000E+00   3.76452E-04   2.52845E-03 
    4.51530E-01   2.57543E-01   2.88021E-01   2.92981E-07   8.91055E-01 
    1.08945E-01   5.92863E-09
   6.93000E+02   2.38209E-07   1.91150E-03   9.83144E-01   6.93430E-03 
    8.00871E-03   1.09581E-06   6.87950E-02   3.23985E-01   3.35490E-01 
    2.70537E-01   1.19269E-03   0.00000E+00   3.62177E-04   2.40429E-03 
    4.44293E-01   2.59734E-01   2.93206E-01   2.77866E-07   8.90763E-01 
    1.08943E-01   2.93538E-04
   6.83000E+02   1.88290E-07   1.71912E-03   9.84052E-01   6.40595E-03 
    7.82204E-03   1.09633E-06   6.88097E-02   3.26073E-01   3.29511E-01 
    2.74431E-01   1.17589E-03   0.00000E+00   3.36049E-04   2.17201E-03 
    4.30467E-01   2.63767E-01   3.03258E-01   2.50983E-07   8.90214E-01 
    1.08941E-01   8.45592E-04
   6.73000E+02   1.48385E-07   1.53899E-03   9.84928E-01   5.89550E-03 
    7.63594E-03   1.09683E-06   6.88236E-02   3.28028E-01   3.23791E-01 
    2.78197E-01   1.15934E-03   0.00000E+00   3.12543E-04   1.95735E-03 
    4.17292E-01   2.67405E-01   3.13033E-01   2.27734E-07   8.89701E-01 
    1.08939E-01   1.35970E-03
