
 Phase Region for:
     FCC_A1#1                      
 col-1=T, col-2=W(FCC_A1#1,C), col-3=W(FCC_A1#1,CR), col-4=W(FCC_A1#1,FE),
   col-5=W(FCC_A1#1,MN), col-6=W(FCC_A1#1,NI), col-7=W(FCC_A1#1,SI),
   col-8=NP(FCC_A1#1),
   1.17300E+03   6.00000E-03   1.00000E-06   9.48997E-01   3.00000E-02 
    7.50075E-03   7.50075E-03   1.00000E+00
   1.18300E+03   6.00000E-03   1.00000E-06   9.48997E-01   3.00000E-02 
    7.50075E-03   7.50075E-03   1.00000E+00
   1.19300E+03   6.00000E-03   1.00000E-06   9.48997E-01   3.00000E-02 
    7.50075E-03   7.50075E-03   1.00000E+00
   1.20300E+03   6.00000E-03   1.00000E-06   9.48997E-01   3.00000E-02 
    7.50075E-03   7.50075E-03   1.00000E+00
   1.21300E+03   6.00000E-03   1.00000E-06   9.48997E-01   3.00000E-02 
    7.50075E-03   7.50075E-03   1.00000E+00
   1.22300E+03   6.00000E-03   1.00000E-06   9.48997E-01   3.00000E-02 
    7.50075E-03   7.50075E-03   1.00000E+00
   1.23300E+03   6.00000E-03   1.00000E-06   9.48997E-01   3.00000E-02 
    7.50075E-03   7.50075E-03   1.00000E+00
   1.24300E+03   6.00000E-03   1.00000E-06   9.48997E-01   3.00000E-02 
    7.50075E-03   7.50075E-03   1.00000E+00
   1.25300E+03   6.00000E-03   1.00000E-06   9.48997E-01   3.00000E-02 
    7.50075E-03   7.50075E-03   1.00000E+00
   1.26300E+03   6.00000E-03   1.00000E-06   9.48997E-01   3.00000E-02 
    7.50075E-03   7.50075E-03   1.00000E+00
   1.27300E+03   6.00000E-03   1.00000E-06   9.48997E-01   3.00000E-02 
    7.50075E-03   7.50075E-03   1.00000E+00
   1.28300E+03   6.00000E-03   1.00000E-06   9.48997E-01   3.00000E-02 
    7.50075E-03   7.50075E-03   1.00000E+00
   1.29300E+03   6.00000E-03   1.00000E-06   9.48997E-01   3.00000E-02 
    7.50075E-03   7.50075E-03   1.00000E+00
   1.30300E+03   6.00000E-03   1.00000E-06   9.48997E-01   3.00000E-02 
    7.50075E-03   7.50075E-03   1.00000E+00
   1.31300E+03   6.00000E-03   1.00000E-06   9.48997E-01   3.00000E-02 
    7.50075E-03   7.50075E-03   1.00000E+00
   1.32300E+03   6.00000E-03   1.00000E-06   9.48997E-01   3.00000E-02 
    7.50075E-03   7.50075E-03   1.00000E+00
   1.33300E+03   6.00000E-03   1.00000E-06   9.48997E-01   3.00000E-02 
    7.50075E-03   7.50075E-03   1.00000E+00
   1.34300E+03   6.00000E-03   1.00000E-06   9.48997E-01   3.00000E-02 
    7.50075E-03   7.50075E-03   1.00000E+00
   1.35300E+03   6.00000E-03   1.00000E-06   9.48997E-01   3.00000E-02 
    7.50075E-03   7.50075E-03   1.00000E+00
   1.36300E+03   6.00000E-03   1.00000E-06   9.48997E-01   3.00000E-02 
    7.50075E-03   7.50075E-03   1.00000E+00
   1.37300E+03   6.00000E-03   1.00000E-06   9.48997E-01   3.00000E-02 
    7.50075E-03   7.50075E-03   1.00000E+00
   1.38300E+03   6.00000E-03   1.00000E-06   9.48997E-01   3.00000E-02 
    7.50075E-03   7.50075E-03   1.00000E+00
   1.39300E+03   6.00000E-03   1.00000E-06   9.48997E-01   3.00000E-02 
    7.50075E-03   7.50075E-03   1.00000E+00
   1.40300E+03   6.00000E-03   1.00000E-06   9.48997E-01   3.00000E-02 
    7.50075E-03   7.50075E-03   1.00000E+00
   1.41300E+03   6.00000E-03   1.00000E-06   9.48997E-01   3.00000E-02 
    7.50075E-03   7.50075E-03   1.00000E+00
   1.42300E+03   6.00000E-03   1.00000E-06   9.48997E-01   3.00000E-02 
    7.50075E-03   7.50075E-03   1.00000E+00
   1.43300E+03   6.00000E-03   1.00000E-06   9.48997E-01   3.00000E-02 
    7.50075E-03   7.50075E-03   1.00000E+00
   1.44300E+03   6.00000E-03   1.00000E-06   9.48997E-01   3.00000E-02 
    7.50075E-03   7.50075E-03   1.00000E+00
   1.45300E+03   6.00000E-03   1.00000E-06   9.48997E-01   3.00000E-02 
    7.50075E-03   7.50075E-03   1.00000E+00
   1.46300E+03   6.00000E-03   1.00000E-06   9.48997E-01   3.00000E-02 
    7.50075E-03   7.50075E-03   1.00000E+00
   1.47300E+03   6.00000E-03   1.00000E-06   9.48997E-01   3.00000E-02 
    7.50075E-03   7.50075E-03   1.00000E+00

 Phase Region for:
     FCC_A1#1                      
 col-1=T, col-2=W(FCC_A1#1,C), col-3=W(FCC_A1#1,CR), col-4=W(FCC_A1#1,FE),
   col-5=W(FCC_A1#1,MN), col-6=W(FCC_A1#1,NI), col-7=W(FCC_A1#1,SI),
   col-8=NP(FCC_A1#1),
   1.17300E+03   6.00000E-03   1.00000E-06   9.48997E-01   3.00000E-02 
    7.50075E-03   7.50075E-03   1.00000E+00
   1.16300E+03   6.00000E-03   1.00000E-06   9.48997E-01   3.00000E-02 
    7.50075E-03   7.50075E-03   1.00000E+00
   1.15300E+03   6.00000E-03   1.00000E-06   9.48997E-01   3.00000E-02 
    7.50075E-03   7.50075E-03   1.00000E+00
   1.14300E+03   6.00000E-03   1.00000E-06   9.48997E-01   3.00000E-02 
    7.50075E-03   7.50075E-03   1.00000E+00
   1.13300E+03   6.00000E-03   1.00000E-06   9.48997E-01   3.00000E-02 
    7.50075E-03   7.50075E-03   1.00000E+00
   1.12300E+03   6.00000E-03   1.00000E-06   9.48997E-01   3.00000E-02 
    7.50075E-03   7.50075E-03   1.00000E+00
   1.11300E+03   6.00000E-03   1.00000E-06   9.48997E-01   3.00000E-02 
    7.50075E-03   7.50075E-03   1.00000E+00
   1.10300E+03   6.00000E-03   1.00000E-06   9.48997E-01   3.00000E-02 
    7.50075E-03   7.50075E-03   1.00000E+00
   1.09300E+03   6.00000E-03   1.00000E-06   9.48997E-01   3.00000E-02 
    7.50075E-03   7.50075E-03   1.00000E+00
   1.08300E+03   6.00000E-03   1.00000E-06   9.48997E-01   3.00000E-02 
    7.50075E-03   7.50075E-03   1.00000E+00
   1.07300E+03   6.00000E-03   1.00000E-06   9.48997E-01   3.00000E-02 
    7.50075E-03   7.50075E-03   1.00000E+00
   1.06300E+03   6.00000E-03   1.00000E-06   9.48997E-01   3.00000E-02 
    7.50075E-03   7.50075E-03   1.00000E+00
   1.05300E+03   6.00000E-03   1.00000E-06   9.48997E-01   3.00000E-02 
    7.50075E-03   7.50075E-03   1.00000E+00
   1.04300E+03   6.00000E-03   1.00000E-06   9.48997E-01   3.00000E-02 
    7.50075E-03   7.50075E-03   1.00000E+00
   1.03300E+03   6.00000E-03   1.00000E-06   9.48997E-01   3.00000E-02 
    7.50075E-03   7.50075E-03   1.00000E+00
   1.02300E+03   6.00000E-03   1.00000E-06   9.48997E-01   3.00000E-02 
    7.50075E-03   7.50075E-03   1.00000E+00
   1.01300E+03   6.00000E-03   1.00000E-06   9.48997E-01   3.00000E-02 
    7.50075E-03   7.50075E-03   1.00000E+00
   1.00300E+03   6.00000E-03   1.00000E-06   9.48997E-01   3.00000E-02 
    7.50075E-03   7.50075E-03   1.00000E+00
   9.93000E+02   6.00000E-03   1.00000E-06   9.48997E-01   3.00000E-02 
    7.50075E-03   7.50075E-03   1.00000E+00
   9.83000E+02   6.00000E-03   1.00000E-06   9.48997E-01   3.00000E-02 
    7.50075E-03   7.50075E-03   1.00000E+00
   9.78145E+02   6.00000E-03   1.00000E-06   9.48997E-01   3.00000E-02 
    7.50075E-03   7.50075E-03   1.00000E+00

 Phase Region for:
     BCC_A2                        
     FCC_A1#1                      
 col-1=T, col-2=W(BCC_A2,C), col-3=W(BCC_A2,CR), col-4=W(BCC_A2,FE),
   col-5=W(BCC_A2,MN), col-6=W(BCC_A2,NI), col-7=W(BCC_A2,SI),
   col-8=W(FCC_A1#1,C), col-9=W(FCC_A1#1,CR), col-10=W(FCC_A1#1,FE),
   col-11=W(FCC_A1#1,MN), col-12=W(FCC_A1#1,NI), col-13=W(FCC_A1#1,SI),
   col-14=NP(BCC_A2), col-15=NP(FCC_A1#1),
   9.78145E+02   1.11165E-04   5.23204E-07   9.78838E-01   8.28290E-03 
    2.83451E-03   9.93250E-03   6.00001E-03   1.00000E-06   9.48997E-01 
    3.00000E-02   7.50075E-03   7.50075E-03   9.10117E-07   9.99999E-01
   9.78045E+02   1.11194E-04   5.23171E-07   9.78840E-01   8.28296E-03 
    2.83527E-03   9.93055E-03   6.00547E-03   1.00044E-06   9.48970E-01 
    3.00202E-02   7.50509E-03   7.49849E-03   9.11419E-04   9.99089E-01
   9.74539E+02   1.12192E-04   5.21954E-07   9.78875E-01   8.28544E-03 
    2.86198E-03   9.86479E-03   6.19949E-03   1.01620E-06   9.47985E-01 
    3.07357E-02   7.65792E-03   7.42065E-03   3.21582E-02   9.67842E-01

 Phase Region for:
     BCC_A2                        
     CEMENTITE                     
     FCC_A1#1                      
 col-1=T, col-2=W(BCC_A2,C), col-3=W(BCC_A2,CR), col-4=W(BCC_A2,FE),
   col-5=W(BCC_A2,MN), col-6=W(BCC_A2,NI), col-7=W(BCC_A2,SI),
   col-8=W(CEMENTITE,C), col-9=W(CEMENTITE,CR), col-10=W(CEMENTITE,FE),
   col-11=W(CEMENTITE,MN), col-12=W(CEMENTITE,NI), col-13=W(CEMENTITE,SI),
   col-14=W(FCC_A1#1,C), col-15=W(FCC_A1#1,CR), col-16=W(FCC_A1#1,FE),
   col-17=W(FCC_A1#1,MN), col-18=W(FCC_A1#1,NI), col-19=W(FCC_A1#1,SI),
   col-20=NP(BCC_A2), col-21=NP(CEMENTITE), col-22=NP(FCC_A1#1),
   9.74538E+02   1.12191E-04   5.21952E-07   9.78875E-01   8.28546E-03 
    2.86199E-03   9.86478E-03   6.69716E-02   1.36654E-05   8.60165E-01 
    7.20746E-02   7.75583E-04   0.00000E+00   6.19949E-03   1.01619E-06 
    9.47985E-01   3.07358E-02   7.65794E-03   7.42064E-03   3.21617E-02 
    4.86353E-07   9.67838E-01
   9.73000E+02   1.09768E-04   4.97408E-07   9.78732E-01   8.49907E-03 
    2.94898E-03   9.70938E-03   6.69743E-02   1.31102E-05   8.57642E-01 
    7.45714E-02   7.99151E-04   0.00000E+00   6.15967E-03   9.67999E-07 
    9.46762E-01   3.17586E-02   7.97963E-03   7.33941E-03   8.50005E-02 
    7.25183E-03   9.07748E-01
   9.63000E+02   9.46829E-05   3.95757E-07   9.77480E-01   9.88015E-03 
    3.54520E-03   8.99966E-03   6.69921E-02   1.08534E-05   8.40895E-01 
    9.11420E-02   9.60285E-04   0.00000E+00   5.88536E-03   7.65947E-07 
    9.38099E-01   3.86353E-02   1.03407E-02   7.03871E-03   3.60073E-01 
    4.43959E-02   5.95532E-01
   9.53000E+02   8.11027E-05   3.44147E-07   9.75943E-01   1.11698E-02 
    4.18210E-03   8.62405E-03   6.70099E-02   9.78652E-06   8.24120E-01 
    1.07728E-01   1.13223E-03   0.00000E+00   5.59674E-03   6.60185E-07 
    9.28568E-01   4.56667E-02   1.31848E-02   6.98333E-03   5.44612E-01 
    6.83771E-02   3.87010E-01
   9.43000E+02   6.91773E-05   3.13166E-07   9.74351E-01   1.23030E-02 
    4.85175E-03   8.42457E-03   6.70271E-02   9.22811E-06   8.07811E-01 
    1.23839E-01   1.31361E-03   0.00000E+00   5.30441E-03   5.94167E-07 
    9.18427E-01   5.26582E-02   1.65627E-02   7.04716E-03   6.69747E-01 
    8.38630E-02   2.46390E-01
   9.33000E+02   5.88476E-05   2.92093E-07   9.72821E-01   1.32490E-02 
    5.55058E-03   8.32035E-03   6.70435E-02   8.92634E-06   7.92230E-01 
    1.39213E-01   1.50431E-03   0.00000E+00   5.01393E-03   5.47222E-07 
    9.07749E-01   5.95245E-02   2.05481E-02   7.16408E-03   7.55742E-01 
    9.39058E-02   1.50352E-01
   9.23000E+02   4.99740E-05   2.76239E-07   9.71412E-01   1.39950E-02 
    6.27407E-03   8.26830E-03   6.70589E-02   8.76967E-06   7.77528E-01 
    1.53701E-01   1.70395E-03   0.00000E+00   4.72835E-03   5.10289E-07 
    8.96509E-01   6.62411E-02   2.52243E-02   7.29710E-03   8.15290E-01 
    1.00411E-01   8.42992E-02
   9.13000E+02   4.23919E-05   2.63277E-07   9.70158E-01   1.45406E-02 
    7.01466E-03   8.24440E-03   6.70732E-02   8.70181E-06   7.63782E-01 
    1.67224E-01   1.91134E-03   0.00000E+00   4.44942E-03   4.78871E-07 
    8.84626E-01   7.28233E-02   3.06771E-02   7.42402E-03   8.56495E-01 
    1.04582E-01   3.89222E-02
   9.03000E+02   3.59353E-05   2.51948E-07   9.69074E-01   1.48940E-02 
    7.76141E-03   8.23482E-03   6.70864E-02   8.69140E-06   7.51022E-01 
    1.79759E-01   2.12424E-03   0.00000E+00   4.17809E-03   4.50539E-07 
    8.71984E-01   7.93157E-02   3.69913E-02   7.53074E-03   8.84718E-01 
    1.07199E-01   8.08266E-03
   8.99543E+02   3.39365E-05   2.48271E-07   9.68740E-01   1.49739E-02 
    8.01855E-03   8.23327E-03   6.70907E-02   8.69748E-06   7.46839E-01 
    1.83863E-01   2.19859E-03   0.00000E+00   4.08615E-03   4.41193E-07 
    8.67412E-01   8.15506E-02   3.93895E-02   7.56112E-03   8.92159E-01 
    1.07841E-01   0.00000E+00

 Phase Region for:
     BCC_A2                        
     CEMENTITE                     
 col-1=T, col-2=W(BCC_A2,C), col-3=W(BCC_A2,CR), col-4=W(BCC_A2,FE),
   col-5=W(BCC_A2,MN), col-6=W(BCC_A2,NI), col-7=W(BCC_A2,SI),
   col-8=W(CEMENTITE,C), col-9=W(CEMENTITE,CR), col-10=W(CEMENTITE,FE),
   col-11=W(CEMENTITE,MN), col-12=W(CEMENTITE,NI), col-13=W(CEMENTITE,SI),
   col-14=NP(BCC_A2), col-15=NP(CEMENTITE),
   8.99543E+02   3.39365E-05   2.48271E-07   9.68740E-01   1.49739E-02 
    8.01855E-03   8.23327E-03   6.70907E-02   8.69748E-06   7.46839E-01 
    1.83863E-01   2.19859E-03   0.00000E+00   8.92159E-01   1.07841E-01  NONE
   8.93000E+02   3.08497E-05   2.41189E-07   9.69103E-01   1.46147E-02 
    8.01747E-03   8.23360E-03   6.70946E-02   8.76648E-06   7.43215E-01 
    1.87470E-01   2.21212E-03   0.00000E+00   8.92108E-01   1.07892E-01  NONE
   8.83000E+02   2.66149E-05   2.30452E-07   9.69655E-01   1.40681E-02 
    8.01576E-03   8.23405E-03   6.71007E-02   8.87157E-06   7.37693E-01 
    1.92964E-01   2.23285E-03   0.00000E+00   8.92038E-01   1.07962E-01  NONE
   8.73000E+02   2.29064E-05   2.19827E-07   9.70204E-01   1.35247E-02 
    8.01398E-03   8.23443E-03   6.71066E-02   8.97607E-06   7.32196E-01 
    1.98435E-01   2.25372E-03   0.00000E+00   8.91977E-01   1.08023E-01  NONE
   8.63000E+02   1.96658E-05   2.09327E-07   9.70749E-01   1.29846E-02 
    8.01215E-03   8.23476E-03   6.71126E-02   9.07983E-06   7.26725E-01 
    2.03879E-01   2.27475E-03   0.00000E+00   8.91924E-01   1.08076E-01  NONE
   8.53000E+02   1.68406E-05   1.98964E-07   9.71289E-01   1.24483E-02 
    8.01027E-03   8.23503E-03   6.71185E-02   9.18266E-06   7.21284E-01 
    2.09292E-01   2.29600E-03   0.00000E+00   8.91877E-01   1.08123E-01  NONE
   8.43000E+02   1.43831E-05   1.88751E-07   9.71826E-01   1.19162E-02 
    8.00832E-03   8.23526E-03   6.71244E-02   9.28438E-06   7.15879E-01 
    2.14670E-01   2.31752E-03   0.00000E+00   8.91837E-01   1.08163E-01  NONE
   8.33000E+02   1.22507E-05   1.78702E-07   9.72357E-01   1.13887E-02 
    8.00631E-03   8.23545E-03   6.71302E-02   9.38481E-06   7.10514E-01 
    2.20007E-01   2.33935E-03   0.00000E+00   8.91802E-01   1.08198E-01  NONE
   8.23000E+02   1.04051E-05   1.68833E-07   9.72883E-01   1.08663E-02 
    8.00425E-03   8.23561E-03   6.71360E-02   9.48376E-06   7.05195E-01 
    2.25298E-01   2.36152E-03   0.00000E+00   8.91771E-01   1.08229E-01  NONE
   8.13000E+02   8.81187E-06   1.59158E-07   9.73403E-01   1.03497E-02 
    8.00213E-03   8.23574E-03   6.71418E-02   9.58103E-06   6.99928E-01 
    2.30537E-01   2.38407E-03   0.00000E+00   8.91745E-01   1.08255E-01  NONE
   8.03000E+02   7.44027E-06   1.49693E-07   9.73917E-01   9.83943E-03 
    7.99994E-03   8.23584E-03   6.71474E-02   9.67643E-06   6.94720E-01 
    2.35716E-01   2.40704E-03   0.00000E+00   8.91723E-01   1.08277E-01  NONE
   7.93000E+02   6.26276E-06   1.40454E-07   9.74424E-01   9.33615E-03 
    7.99770E-03   8.23591E-03   6.71530E-02   9.76979E-06   6.89577E-01 
    2.40829E-01   2.43045E-03   0.00000E+00   8.91703E-01   1.08297E-01  NONE
   7.83000E+02   5.25481E-06   1.31457E-07   9.74923E-01   8.84057E-03 
    7.99540E-03   8.23597E-03   6.71585E-02   9.86090E-06   6.84508E-01 
    2.45869E-01   2.45433E-03   0.00000E+00   8.91687E-01   1.08313E-01  NONE
   7.73000E+02   4.39458E-06   1.22715E-07   9.75413E-01   8.35344E-03 
    7.99304E-03   8.23601E-03   6.71639E-02   9.94958E-06   6.79521E-01 
    2.50826E-01   2.47871E-03   0.00000E+00   8.91672E-01   1.08328E-01  NONE
   7.63000E+02   3.66269E-06   1.14245E-07   9.75894E-01   7.87549E-03 
    7.99061E-03   8.23604E-03   6.71692E-02   1.00357E-05   6.74623E-01 
    2.55694E-01   2.50360E-03   0.00000E+00   8.91660E-01   1.08340E-01  NONE
   7.53000E+02   3.04197E-06   1.06059E-07   9.76365E-01   7.40753E-03 
    7.98813E-03   8.23605E-03   6.71744E-02   1.01190E-05   6.69823E-01 
    2.60464E-01   2.52903E-03   0.00000E+00   8.91650E-01   1.08350E-01  NONE
   7.43000E+02   2.51726E-06   9.81722E-08   9.76825E-01   6.95033E-03 
    7.98559E-03   8.23606E-03   6.71795E-02   1.01994E-05   6.65129E-01 
    2.65126E-01   2.55500E-03   0.00000E+00   8.91642E-01   1.08358E-01  NONE
   7.33000E+02   2.07521E-06   9.05951E-08   9.77274E-01   6.50469E-03 
    7.98298E-03   8.23605E-03   6.71844E-02   1.02768E-05   6.60550E-01 
    2.69674E-01   2.58152E-03   0.00000E+00   8.91634E-01   1.08366E-01  NONE
   7.23000E+02   1.70411E-06   8.33387E-08   9.77710E-01   6.07140E-03 
    7.98032E-03   8.23604E-03   6.71892E-02   1.03510E-05   6.56094E-01 
    2.74098E-01   2.60861E-03   0.00000E+00   8.91628E-01   1.08372E-01  NONE
   7.13000E+02   1.39369E-06   7.64123E-08   9.78134E-01   5.65122E-03 
    7.97760E-03   8.23602E-03   6.71939E-02   1.04218E-05   6.51769E-01 
    2.78391E-01   2.63626E-03   0.00000E+00   8.91623E-01   1.08377E-01  NONE
   7.03000E+02   1.13500E-06   6.98233E-08   9.78543E-01   5.24488E-03 
    7.97482E-03   8.23600E-03   6.71984E-02   1.04894E-05   6.47583E-01 
    2.82543E-01   2.66446E-03   0.00000E+00   8.91619E-01   1.08381E-01  NONE
   6.93000E+02   9.20257E-07   6.35777E-08   9.78938E-01   4.85310E-03 
    7.97198E-03   8.23597E-03   6.72028E-02   1.05534E-05   6.43544E-01 
    2.86549E-01   2.69322E-03   0.00000E+00   8.91615E-01   1.08385E-01  NONE
   6.83000E+02   7.42706E-07   5.76794E-08   9.79318E-01   4.47651E-03 
    7.96909E-03   8.23594E-03   6.72069E-02   1.06139E-05   6.39659E-01 
    2.90401E-01   2.72252E-03   0.00000E+00   8.91612E-01   1.08388E-01  NONE
   6.73000E+02   5.96522E-07   5.21305E-08   9.79682E-01   4.11570E-03 
    7.96615E-03   8.23591E-03   6.72109E-02   1.06710E-05   6.35933E-01 
    2.94093E-01   2.75234E-03   0.00000E+00   8.91610E-01   1.08390E-01  NONE
