
 Phase Region for:
     FCC_A1#2                      
 col-1=T, col-2=W(FCC_A1#2,C), col-3=W(FCC_A1#2,CR), col-4=W(FCC_A1#2,FE),
   col-5=W(FCC_A1#2,MN), col-6=W(FCC_A1#2,NI), col-7=W(FCC_A1#2,SI),
   col-8=NP(FCC_A1#2),
   1.17300E+03   6.00000E-03   2.25002E-02   9.03999E-01   3.00000E-02 
    7.50075E-03   3.00000E-02   1.00000E+00
   1.18300E+03   6.00000E-03   2.25002E-02   9.03999E-01   3.00000E-02 
    7.50075E-03   3.00000E-02   1.00000E+00
   1.19300E+03   6.00000E-03   2.25002E-02   9.03999E-01   3.00000E-02 
    7.50075E-03   3.00000E-02   1.00000E+00
   1.20300E+03   6.00000E-03   2.25002E-02   9.03999E-01   3.00000E-02 
    7.50075E-03   3.00000E-02   1.00000E+00
   1.21300E+03   6.00000E-03   2.25002E-02   9.03999E-01   3.00000E-02 
    7.50075E-03   3.00000E-02   1.00000E+00
   1.22300E+03   6.00000E-03   2.25002E-02   9.03999E-01   3.00000E-02 
    7.50075E-03   3.00000E-02   1.00000E+00
   1.23300E+03   6.00000E-03   2.25002E-02   9.03999E-01   3.00000E-02 
    7.50075E-03   3.00000E-02   1.00000E+00
   1.24300E+03   6.00000E-03   2.25002E-02   9.03999E-01   3.00000E-02 
    7.50075E-03   3.00000E-02   1.00000E+00
   1.25300E+03   6.00000E-03   2.25002E-02   9.03999E-01   3.00000E-02 
    7.50075E-03   3.00000E-02   1.00000E+00
   1.26300E+03   6.00000E-03   2.25002E-02   9.03999E-01   3.00000E-02 
    7.50075E-03   3.00000E-02   1.00000E+00
   1.27300E+03   6.00000E-03   2.25002E-02   9.03999E-01   3.00000E-02 
    7.50075E-03   3.00000E-02   1.00000E+00
   1.28300E+03   6.00000E-03   2.25002E-02   9.03999E-01   3.00000E-02 
    7.50075E-03   3.00000E-02   1.00000E+00
   1.29300E+03   6.00000E-03   2.25002E-02   9.03999E-01   3.00000E-02 
    7.50075E-03   3.00000E-02   1.00000E+00
   1.30300E+03   6.00000E-03   2.25002E-02   9.03999E-01   3.00000E-02 
    7.50075E-03   3.00000E-02   1.00000E+00
   1.31300E+03   6.00000E-03   2.25002E-02   9.03999E-01   3.00000E-02 
    7.50075E-03   3.00000E-02   1.00000E+00
   1.32300E+03   6.00000E-03   2.25002E-02   9.03999E-01   3.00000E-02 
    7.50075E-03   3.00000E-02   1.00000E+00
   1.33300E+03   6.00000E-03   2.25002E-02   9.03999E-01   3.00000E-02 
    7.50075E-03   3.00000E-02   1.00000E+00
   1.34300E+03   6.00000E-03   2.25002E-02   9.03999E-01   3.00000E-02 
    7.50075E-03   3.00000E-02   1.00000E+00
   1.35300E+03   6.00000E-03   2.25002E-02   9.03999E-01   3.00000E-02 
    7.50075E-03   3.00000E-02   1.00000E+00
   1.36300E+03   6.00000E-03   2.25002E-02   9.03999E-01   3.00000E-02 
    7.50075E-03   3.00000E-02   1.00000E+00
   1.37300E+03   6.00000E-03   2.25002E-02   9.03999E-01   3.00000E-02 
    7.50075E-03   3.00000E-02   1.00000E+00
   1.38300E+03   6.00000E-03   2.25002E-02   9.03999E-01   3.00000E-02 
    7.50075E-03   3.00000E-02   1.00000E+00
   1.39300E+03   6.00000E-03   2.25002E-02   9.03999E-01   3.00000E-02 
    7.50075E-03   3.00000E-02   1.00000E+00
   1.40300E+03   6.00000E-03   2.25002E-02   9.03999E-01   3.00000E-02 
    7.50075E-03   3.00000E-02   1.00000E+00
   1.41300E+03   6.00000E-03   2.25002E-02   9.03999E-01   3.00000E-02 
    7.50075E-03   3.00000E-02   1.00000E+00
   1.42300E+03   6.00000E-03   2.25002E-02   9.03999E-01   3.00000E-02 
    7.50075E-03   3.00000E-02   1.00000E+00
   1.43300E+03   6.00000E-03   2.25002E-02   9.03999E-01   3.00000E-02 
    7.50075E-03   3.00000E-02   1.00000E+00
   1.44300E+03   6.00000E-03   2.25002E-02   9.03999E-01   3.00000E-02 
    7.50075E-03   3.00000E-02   1.00000E+00
   1.45300E+03   6.00000E-03   2.25002E-02   9.03999E-01   3.00000E-02 
    7.50075E-03   3.00000E-02   1.00000E+00
   1.46300E+03   6.00000E-03   2.25002E-02   9.03999E-01   3.00000E-02 
    7.50075E-03   3.00000E-02   1.00000E+00
   1.47300E+03   6.00000E-03   2.25002E-02   9.03999E-01   3.00000E-02 
    7.50075E-03   3.00000E-02   1.00000E+00

 Phase Region for:
     FCC_A1#2                      
 col-1=T, col-2=W(FCC_A1#2,C), col-3=W(FCC_A1#2,CR), col-4=W(FCC_A1#2,FE),
   col-5=W(FCC_A1#2,MN), col-6=W(FCC_A1#2,NI), col-7=W(FCC_A1#2,SI),
   col-8=NP(FCC_A1#2),
   1.17300E+03   6.00000E-03   2.25002E-02   9.03999E-01   3.00000E-02 
    7.50075E-03   3.00000E-02   1.00000E+00
   1.16300E+03   6.00000E-03   2.25002E-02   9.03999E-01   3.00000E-02 
    7.50075E-03   3.00000E-02   1.00000E+00
   1.15300E+03   6.00000E-03   2.25002E-02   9.03999E-01   3.00000E-02 
    7.50075E-03   3.00000E-02   1.00000E+00
   1.14300E+03   6.00000E-03   2.25002E-02   9.03999E-01   3.00000E-02 
    7.50075E-03   3.00000E-02   1.00000E+00
   1.13300E+03   6.00000E-03   2.25002E-02   9.03999E-01   3.00000E-02 
    7.50075E-03   3.00000E-02   1.00000E+00
   1.12300E+03   6.00000E-03   2.25002E-02   9.03999E-01   3.00000E-02 
    7.50075E-03   3.00000E-02   1.00000E+00
   1.11399E+03   6.00000E-03   2.25002E-02   9.03999E-01   3.00000E-02 
    7.50075E-03   3.00000E-02   1.00000E+00

 Phase Region for:
     CEMENTITE                     
     FCC_A1#2                      
 col-1=T, col-2=W(CEMENTITE,C), col-3=W(CEMENTITE,CR), col-4=W(CEMENTITE,FE),
   col-5=W(CEMENTITE,MN), col-6=W(CEMENTITE,NI), col-7=W(CEMENTITE,SI),
   col-8=W(FCC_A1#2,C), col-9=W(FCC_A1#2,CR), col-10=W(FCC_A1#2,FE),
   col-11=W(FCC_A1#2,MN), col-12=W(FCC_A1#2,NI), col-13=W(FCC_A1#2,SI),
   col-14=NP(CEMENTITE), col-15=NP(FCC_A1#2),
   1.11399E+03   6.78179E-02   1.77598E-01   7.12090E-01   4.17379E-02 
    7.55522E-04   0.00000E+00   6.00000E-03   2.25002E-02   9.03999E-01 
    3.00000E-02   7.50075E-03   3.00000E-02   4.73138E-08   1.00000E+00
   1.11300E+03   6.78184E-02   1.77696E-01   7.11957E-01   4.17748E-02 
    7.53584E-04   0.00000E+00   5.97575E-03   2.24394E-02   9.04074E-01 
    2.99954E-02   7.50340E-03   3.00118E-02   4.69555E-04   9.99530E-01
   1.10300E+03   6.78238E-02   1.78688E-01   7.10600E-01   4.21535E-02 
    7.34195E-04   0.00000E+00   5.73500E-03   2.18308E-02   9.04828E-01 
    2.99479E-02   7.52975E-03   3.01286E-02   5.11114E-03   9.94889E-01
   1.09300E+03   6.78294E-02   1.79701E-01   7.09209E-01   4.25453E-02 
    7.14999E-04   0.00000E+00   5.50010E-03   2.12293E-02   9.05574E-01 
    2.98986E-02   7.55561E-03   3.02426E-02   9.60546E-03   9.90395E-01
   1.08300E+03   6.78350E-02   1.80735E-01   7.07783E-01   4.29508E-02 
    6.96003E-04   0.00000E+00   5.27101E-03   2.06348E-02   9.06312E-01 
    2.98473E-02   7.58097E-03   3.03537E-02   1.39559E-02   9.86044E-01
   1.07300E+03   6.78407E-02   1.81788E-01   7.06323E-01   4.33703E-02 
    6.77210E-04   0.00000E+00   5.04771E-03   2.00474E-02   9.07043E-01 
    2.97941E-02   7.60583E-03   3.04620E-02   1.81658E-02   9.81834E-01
   1.06300E+03   6.78466E-02   1.82862E-01   7.04829E-01   4.38045E-02 
    6.58626E-04   0.00000E+00   4.83018E-03   1.94670E-02   9.07766E-01 
    2.97389E-02   7.63017E-03   3.05674E-02   2.22383E-02   9.77762E-01
   1.05300E+03   6.78526E-02   1.83954E-01   7.03299E-01   4.42539E-02 
    6.40255E-04   0.00000E+00   4.61838E-03   1.88938E-02   9.08482E-01 
    2.96816E-02   7.65399E-03   3.06701E-02   2.61764E-02   9.73824E-01
   1.04300E+03   6.78586E-02   1.85066E-01   7.01734E-01   4.47186E-02 
    6.22108E-04   0.00000E+00   4.41230E-03   1.83277E-02   9.09190E-01 
    2.96222E-02   7.67730E-03   3.07700E-02   2.99829E-02   9.70017E-01
   1.03460E+03   6.78638E-02   1.86015E-01   7.00392E-01   4.51221E-02 
    6.07026E-04   0.00000E+00   4.24352E-03   1.78576E-02   9.09780E-01 
    2.95706E-02   7.69648E-03   3.08518E-02   3.30822E-02   9.66918E-01

 Phase Region for:
     BCC_A2                        
     CEMENTITE                     
     FCC_A1#2                      
 col-1=T, col-2=W(BCC_A2,C), col-3=W(BCC_A2,CR), col-4=W(BCC_A2,FE),
   col-5=W(BCC_A2,MN), col-6=W(BCC_A2,NI), col-7=W(BCC_A2,SI),
   col-8=W(CEMENTITE,C), col-9=W(CEMENTITE,CR), col-10=W(CEMENTITE,FE),
   col-11=W(CEMENTITE,MN), col-12=W(CEMENTITE,NI), col-13=W(CEMENTITE,SI),
   col-14=W(FCC_A1#2,C), col-15=W(FCC_A1#2,CR), col-16=W(FCC_A1#2,FE),
   col-17=W(FCC_A1#2,MN), col-18=W(FCC_A1#2,NI), col-19=W(FCC_A1#2,SI),
   col-20=NP(BCC_A2), col-21=NP(CEMENTITE), col-22=NP(FCC_A1#2),
   1.03460E+03   1.12732E-04   1.25917E-02   9.33103E-01   1.33426E-02 
    3.56771E-03   3.72824E-02   6.78638E-02   1.86015E-01   7.00392E-01 
    4.51222E-02   6.07026E-04   0.00000E+00   4.24351E-03   1.78576E-02 
    9.09780E-01   2.95707E-02   7.69649E-03   3.08518E-02   2.05588E-06 
    3.30824E-02   9.66916E-01
   1.03300E+03   1.10899E-04   1.24363E-02   9.33214E-01   1.35135E-02 
    3.62173E-03   3.71037E-02   6.78601E-02   1.85063E-01   7.00395E-01 
    4.60655E-02   6.16108E-04   0.00000E+00   4.22409E-03   1.76429E-02 
    9.09498E-01   3.00651E-02   7.85797E-03   3.07118E-02   3.24951E-02 
    3.59916E-02   9.31513E-01
   1.02300E+03   9.96095E-05   1.15543E-02   9.33631E-01   1.46300E-02 
    3.98745E-03   3.60980E-02   6.78411E-02   1.79854E-01   6.99262E-01 
    5.23652E-02   6.77303E-04   0.00000E+00   4.09119E-03   1.64019E-02 
    9.07237E-01   3.33491E-02   8.98226E-03   2.99385E-02   2.20070E-01 
    5.26326E-02   7.27297E-01
   1.01300E+03   8.87459E-05   1.08145E-02   9.33622E-01   1.57981E-02 
    4.39955E-03   3.52775E-02   6.78290E-02   1.75921E-01   6.96233E-01 
    5.92715E-02   7.45643E-04   0.00000E+00   3.94019E-03   1.53260E-02 
    9.04170E-01   3.69136E-02   1.03180E-02   2.93327E-02   3.79862E-01 
    6.64955E-02   5.53643E-01
   1.00300E+03   7.84510E-05   1.01937E-02   9.33276E-01   1.69737E-02 
    4.85595E-03   3.46222E-02   6.78234E-02   1.73170E-01   6.91518E-01 
    6.66688E-02   8.20620E-04   0.00000E+00   3.77399E-03   1.43923E-02 
    9.00380E-01   4.06928E-02   1.18887E-02   2.88721E-02   5.12909E-01 
    7.76770E-02   4.09414E-01
   9.93000E+02   6.88432E-05   9.66865E-03   9.32690E-01   1.81121E-02 
    5.35354E-03   3.41073E-02   6.78233E-02   1.71471E-01   6.85368E-01 
    7.44361E-02   9.01688E-04   0.00000E+00   3.59612E-03   1.35762E-02 
    8.95954E-01   4.46237E-02   1.37197E-02   2.85306E-02   6.21570E-01 
    8.64356E-02   2.91995E-01
   9.83000E+02   6.00022E-05   9.21828E-03   9.31955E-01   1.91711E-02 
    5.88779E-03   3.37078E-02   6.78280E-02   1.70684E-01   6.78035E-01 
    8.24644E-02   9.88232E-04   0.00000E+00   3.41013E-03   1.28545E-02 
    8.90959E-01   4.86552E-02   1.58381E-02   2.82825E-02   7.08783E-01 
    9.31097E-02   1.98108E-01
   9.73000E+02   5.19670E-05   8.82466E-03   9.31156E-01   2.01135E-02 
    6.45208E-03   3.34013E-02   6.78367E-02   1.70674E-01   6.69741E-01 
    9.06686E-02   1.07948E-03   0.00000E+00   3.21925E-03   1.22067E-02 
    8.85444E-01   5.27533E-02   1.82715E-02   2.81055E-02   7.77555E-01 
    9.80546E-02   1.24390E-01
   9.63000E+02   4.47341E-05   8.47238E-03   9.30392E-01   2.08899E-02 
    7.03124E-03   3.31702E-02   6.78490E-02   1.71342E-01   6.60616E-01 
    9.90189E-02   1.17394E-03   0.00000E+00   3.02587E-03   1.16172E-02 
    8.79413E-01   5.69169E-02   2.10391E-02   2.79879E-02   8.30346E-01 
    1.01586E-01   6.80679E-02
   9.53000E+02   3.82230E-05   8.14439E-03   9.29911E-01   2.13348E-02 
    7.56246E-03   3.30092E-02   6.78653E-02   1.72748E-01   6.50327E-01 
    1.07794E-01   1.26642E-03   0.00000E+00   2.82929E-03   1.10835E-02 
    8.72711E-01   6.13054E-02   2.41021E-02   2.79689E-02   8.67258E-01 
    1.03881E-01   2.88608E-02
   9.43449E+02   3.27428E-05   7.85353E-03   9.29445E-01   2.16825E-02 
    8.09302E-03   3.28929E-02   6.78826E-02   1.74392E-01   6.40111E-01 
    1.16255E-01   1.35867E-03   0.00000E+00   2.64539E-03   1.05928E-02 
    8.65821E-01   6.55535E-02   2.74473E-02   2.79397E-02   8.94587E-01 
    1.05413E-01   0.00000E+00

 Phase Region for:
     BCC_A2                        
     CEMENTITE                     
 col-1=T, col-2=W(BCC_A2,C), col-3=W(BCC_A2,CR), col-4=W(BCC_A2,FE),
   col-5=W(BCC_A2,MN), col-6=W(BCC_A2,NI), col-7=W(BCC_A2,SI),
   col-8=W(CEMENTITE,C), col-9=W(CEMENTITE,CR), col-10=W(CEMENTITE,FE),
   col-11=W(CEMENTITE,MN), col-12=W(CEMENTITE,NI), col-13=W(CEMENTITE,SI),
   col-14=NP(BCC_A2), col-15=NP(CEMENTITE),
   9.43449E+02   3.27428E-05   7.85353E-03   9.29445E-01   2.16825E-02 
    8.09302E-03   3.28929E-02   6.78826E-02   1.74392E-01   6.40111E-01 
    1.16255E-01   1.35867E-03   0.00000E+00   8.94587E-01   1.05413E-01  NONE
   9.43000E+02   3.25123E-05   7.84071E-03   9.29482E-01   2.16586E-02 
    8.09301E-03   3.28929E-02   6.78835E-02   1.74521E-01   6.39735E-01 
    1.16501E-01   1.35895E-03   0.00000E+00   8.94584E-01   1.05416E-01  NONE
   9.33000E+02   2.77399E-05   7.55591E-03   9.30304E-01   2.11257E-02 
    8.09271E-03   3.28943E-02   6.79038E-02   1.77402E-01   6.31346E-01 
    1.21984E-01   1.36494E-03   0.00000E+00   8.94507E-01   1.05493E-01  NONE
   9.23000E+02   2.36033E-05   7.27247E-03   9.31125E-01   2.05909E-02 
    8.09239E-03   3.28953E-02   6.79241E-02   1.80282E-01   6.22931E-01 
    1.27492E-01   1.37050E-03   0.00000E+00   8.94440E-01   1.05560E-01  NONE
   9.13000E+02   2.00269E-05   6.99043E-03   9.31947E-01   2.00540E-02 
    8.09205E-03   3.28961E-02   6.79445E-02   1.83161E-01   6.14491E-01 
    1.33027E-01   1.37572E-03   0.00000E+00   8.94383E-01   1.05617E-01  NONE
   9.03000E+02   1.69429E-05   6.70989E-03   9.32770E-01   1.95148E-02 
    8.09168E-03   3.28967E-02   6.79649E-02   1.86037E-01   6.06026E-01 
    1.38592E-01   1.38069E-03   0.00000E+00   8.94333E-01   1.05667E-01  NONE
   8.93000E+02   1.42908E-05   6.43099E-03   9.33593E-01   1.89732E-02 
    8.09128E-03   3.28970E-02   6.79853E-02   1.88906E-01   5.97534E-01 
    1.44189E-01   1.38548E-03   0.00000E+00   8.94290E-01   1.05710E-01  NONE
   8.83000E+02   1.20166E-05   6.15394E-03   9.34417E-01   1.84290E-02 
    8.09086E-03   3.28971E-02   6.80057E-02   1.91767E-01   5.89019E-01 
    1.49818E-01   1.39017E-03   0.00000E+00   8.94254E-01   1.05746E-01  NONE
   8.73000E+02   1.00723E-05   5.87898E-03   9.35241E-01   1.78820E-02 
    8.09041E-03   3.28971E-02   6.80260E-02   1.94614E-01   5.80483E-01 
    1.55482E-01   1.39482E-03   0.00000E+00   8.94222E-01   1.05778E-01  NONE
   8.63000E+02   8.41498E-06   5.60640E-03   9.36066E-01   1.73324E-02 
    8.08992E-03   3.28970E-02   6.80464E-02   1.97446E-01   5.71928E-01 
    1.61181E-01   1.39951E-03   0.00000E+00   8.94196E-01   1.05804E-01  NONE
   8.53000E+02   7.00685E-06   5.33652E-03   9.36890E-01   1.67800E-02 
    8.08941E-03   3.28967E-02   6.80666E-02   2.00257E-01   5.63359E-01 
    1.66913E-01   1.40431E-03   0.00000E+00   8.94173E-01   1.05827E-01  NONE
   8.43000E+02   5.81433E-06   5.06970E-03   9.37714E-01   1.62249E-02 
    8.08885E-03   3.28964E-02   6.80868E-02   2.03043E-01   5.54781E-01 
    1.72680E-01   1.40927E-03   0.00000E+00   8.94154E-01   1.05846E-01  NONE
   8.33000E+02   4.80783E-06   4.80633E-03   9.38537E-01   1.56673E-02 
    8.08826E-03   3.28959E-02   6.81068E-02   2.05799E-01   5.46200E-01 
    1.78479E-01   1.41446E-03   0.00000E+00   8.94138E-01   1.05862E-01  NONE
   8.23000E+02   3.96130E-06   4.54681E-03   9.39359E-01   1.51073E-02 
    8.08763E-03   3.28954E-02   6.81268E-02   2.08521E-01   5.37624E-01 
    1.84308E-01   1.41993E-03   0.00000E+00   8.94124E-01   1.05876E-01  NONE
   8.13000E+02   3.25185E-06   4.29157E-03   9.40178E-01   1.45452E-02 
    8.08695E-03   3.28948E-02   6.81465E-02   2.11203E-01   5.29060E-01 
    1.90164E-01   1.42574E-03   0.00000E+00   8.94113E-01   1.05887E-01  NONE
   8.03000E+02   2.65948E-06   4.04105E-03   9.40995E-01   1.39813E-02 
    8.08622E-03   3.28942E-02   6.81661E-02   2.13841E-01   5.20518E-01 
    1.96043E-01   1.43195E-03   0.00000E+00   8.94103E-01   1.05897E-01  NONE
   7.93000E+02   2.16673E-06   3.79569E-03   9.41807E-01   1.34161E-02 
    8.08545E-03   3.28935E-02   6.81854E-02   2.16429E-01   5.12006E-01 
    2.01941E-01   1.43861E-03   0.00000E+00   8.94095E-01   1.05905E-01  NONE
   7.83000E+02   1.75843E-06   3.55595E-03   9.42615E-01   1.28502E-02 
    8.08462E-03   3.28928E-02   6.82045E-02   2.18961E-01   5.03537E-01 
    2.07852E-01   1.44576E-03   0.00000E+00   8.94089E-01   1.05911E-01  NONE
   7.73000E+02   1.42145E-06   3.32227E-03   9.43416E-01   1.22840E-02 
    8.08373E-03   3.28921E-02   6.82232E-02   2.21433E-01   4.95122E-01 
    2.13768E-01   1.45346E-03   0.00000E+00   8.94083E-01   1.05917E-01  NONE
   7.63000E+02   1.14443E-06   3.09509E-03   9.44211E-01   1.17182E-02 
    8.08279E-03   3.28914E-02   6.82417E-02   2.23840E-01   4.86772E-01 
    2.19684E-01   1.46175E-03   0.00000E+00   8.94079E-01   1.05921E-01  NONE
   7.53000E+02   9.17650E-07   2.87484E-03   9.44998E-01   1.11538E-02 
    8.08178E-03   3.28907E-02   6.82598E-02   2.26177E-01   4.78503E-01 
    2.25590E-01   1.47068E-03   0.00000E+00   8.94075E-01   1.05925E-01  NONE
   7.43000E+02   7.32770E-07   2.66193E-03   9.45775E-01   1.05915E-02 
    8.08071E-03   3.28899E-02   6.82775E-02   2.28439E-01   4.70327E-01 
    2.31477E-01   1.48027E-03   0.00000E+00   8.94072E-01   1.05928E-01  NONE
   7.33000E+02   5.82686E-07   2.45674E-03   9.46542E-01   1.00323E-02 
    8.07957E-03   3.28892E-02   6.82947E-02   2.30621E-01   4.62260E-01 
    2.37333E-01   1.49059E-03   0.00000E+00   8.94070E-01   1.05930E-01  NONE
   7.23000E+02   4.61374E-07   2.25962E-03   9.47296E-01   9.47736E-03 
    8.07836E-03   3.28885E-02   6.83115E-02   2.32720E-01   4.54317E-01 
    2.43149E-01   1.50165E-03   0.00000E+00   8.94068E-01   1.05932E-01  NONE
   7.13000E+02   3.63745E-07   2.07090E-03   9.48036E-01   8.92774E-03 
    8.07708E-03   3.28878E-02   6.83278E-02   2.34733E-01   4.46515E-01 
    2.48911E-01   1.51350E-03   0.00000E+00   8.94066E-01   1.05934E-01  NONE
   7.03000E+02   2.85523E-07   1.89085E-03   9.48761E-01   8.38472E-03 
    8.07572E-03   3.28871E-02   6.83436E-02   2.36655E-01   4.38869E-01 
    2.54606E-01   1.52616E-03   0.00000E+00   8.94065E-01   1.05935E-01  NONE
   6.93000E+02   2.23129E-07   1.71971E-03   9.49470E-01   7.84963E-03 
    8.07429E-03   3.28864E-02   6.83588E-02   2.38483E-01   4.31398E-01 
    2.60220E-01   1.53967E-03   0.00000E+00   8.94064E-01   1.05936E-01  NONE
   6.83000E+02   1.73586E-07   1.55768E-03   9.50160E-01   7.32387E-03 
    8.07277E-03   3.28858E-02   6.83735E-02   2.40217E-01   4.24117E-01 
    2.65738E-01   1.55405E-03   0.00000E+00   8.94063E-01   1.05937E-01  NONE
   6.73000E+02   1.34426E-07   1.40490E-03   9.50830E-01   6.80887E-03 
    8.07118E-03   3.28851E-02   6.83875E-02   2.41853E-01   4.17045E-01 
    2.71145E-01   1.56932E-03   0.00000E+00   8.94062E-01   1.05938E-01  NONE
