
 Phase Region for:
     CEMENTITE                     
     FCC_A1#1                      
 col-1=T, col-2=W(CEMENTITE,C), col-3=W(CEMENTITE,CR), col-4=W(CEMENTITE,FE),
   col-5=W(CEMENTITE,MN), col-6=W(CEMENTITE,NI), col-7=W(CEMENTITE,SI),
   col-8=W(FCC_A1#1,C), col-9=W(FCC_A1#1,CR), col-10=W(FCC_A1#1,FE),
   col-11=W(FCC_A1#1,MN), col-12=W(FCC_A1#1,NI), col-13=W(FCC_A1#1,SI),
   col-14=NP(CEMENTITE), col-15=NP(FCC_A1#1),
   1.17300E+03   6.78263E-02   1.88756E-01   7.42455E-01   1.22505E-06 
    9.61397E-04   0.00000E+00   7.47052E-03   2.99224E-02   9.25087E-01 
    9.99890E-07   7.50395E-03   3.00147E-02   5.81850E-04   9.99418E-01
   1.17405E+03   6.78258E-02   1.88654E-01   7.42555E-01   1.22419E-06 
    9.63732E-04   0.00000E+00   7.50000E-03   3.00000E-02   9.24998E-01 
    1.00000E-06   7.50075E-03   3.00000E-02   0.00000E+00   1.00000E+00

 Phase Region for:
     FCC_A1#1                      
 col-1=T, col-2=W(FCC_A1#1,C), col-3=W(FCC_A1#1,CR), col-4=W(FCC_A1#1,FE),
   col-5=W(FCC_A1#1,MN), col-6=W(FCC_A1#1,NI), col-7=W(FCC_A1#1,SI),
   col-8=NP(FCC_A1#1),
   1.17405E+03   7.50000E-03   3.00000E-02   9.24998E-01   1.00000E-06 
    7.50075E-03   3.00000E-02   1.00000E+00
   1.18300E+03   7.50000E-03   3.00000E-02   9.24998E-01   1.00000E-06 
    7.50075E-03   3.00000E-02   1.00000E+00
   1.19300E+03   7.50000E-03   3.00000E-02   9.24998E-01   1.00000E-06 
    7.50075E-03   3.00000E-02   1.00000E+00
   1.20300E+03   7.50000E-03   3.00000E-02   9.24998E-01   1.00000E-06 
    7.50075E-03   3.00000E-02   1.00000E+00
   1.21300E+03   7.50000E-03   3.00000E-02   9.24998E-01   1.00000E-06 
    7.50075E-03   3.00000E-02   1.00000E+00
   1.22300E+03   7.50000E-03   3.00000E-02   9.24998E-01   1.00000E-06 
    7.50075E-03   3.00000E-02   1.00000E+00
   1.23300E+03   7.50000E-03   3.00000E-02   9.24998E-01   1.00000E-06 
    7.50075E-03   3.00000E-02   1.00000E+00
   1.24300E+03   7.50000E-03   3.00000E-02   9.24998E-01   1.00000E-06 
    7.50075E-03   3.00000E-02   1.00000E+00
   1.25300E+03   7.50000E-03   3.00000E-02   9.24998E-01   1.00000E-06 
    7.50075E-03   3.00000E-02   1.00000E+00
   1.26300E+03   7.50000E-03   3.00000E-02   9.24998E-01   1.00000E-06 
    7.50075E-03   3.00000E-02   1.00000E+00
   1.27300E+03   7.50000E-03   3.00000E-02   9.24998E-01   1.00000E-06 
    7.50075E-03   3.00000E-02   1.00000E+00
   1.28300E+03   7.50000E-03   3.00000E-02   9.24998E-01   1.00000E-06 
    7.50075E-03   3.00000E-02   1.00000E+00
   1.29300E+03   7.50000E-03   3.00000E-02   9.24998E-01   1.00000E-06 
    7.50075E-03   3.00000E-02   1.00000E+00
   1.30300E+03   7.50000E-03   3.00000E-02   9.24998E-01   1.00000E-06 
    7.50075E-03   3.00000E-02   1.00000E+00
   1.31300E+03   7.50000E-03   3.00000E-02   9.24998E-01   1.00000E-06 
    7.50075E-03   3.00000E-02   1.00000E+00
   1.32300E+03   7.50000E-03   3.00000E-02   9.24998E-01   1.00000E-06 
    7.50075E-03   3.00000E-02   1.00000E+00
   1.33300E+03   7.50000E-03   3.00000E-02   9.24998E-01   1.00000E-06 
    7.50075E-03   3.00000E-02   1.00000E+00
   1.34300E+03   7.50000E-03   3.00000E-02   9.24998E-01   1.00000E-06 
    7.50075E-03   3.00000E-02   1.00000E+00
   1.35300E+03   7.50000E-03   3.00000E-02   9.24998E-01   1.00000E-06 
    7.50075E-03   3.00000E-02   1.00000E+00
   1.36300E+03   7.50000E-03   3.00000E-02   9.24998E-01   1.00000E-06 
    7.50075E-03   3.00000E-02   1.00000E+00
   1.37300E+03   7.50000E-03   3.00000E-02   9.24998E-01   1.00000E-06 
    7.50075E-03   3.00000E-02   1.00000E+00
   1.38300E+03   7.50000E-03   3.00000E-02   9.24998E-01   1.00000E-06 
    7.50075E-03   3.00000E-02   1.00000E+00
   1.39300E+03   7.50000E-03   3.00000E-02   9.24998E-01   1.00000E-06 
    7.50075E-03   3.00000E-02   1.00000E+00
   1.40300E+03   7.50000E-03   3.00000E-02   9.24998E-01   1.00000E-06 
    7.50075E-03   3.00000E-02   1.00000E+00
   1.41300E+03   7.50000E-03   3.00000E-02   9.24998E-01   1.00000E-06 
    7.50075E-03   3.00000E-02   1.00000E+00
   1.42300E+03   7.50000E-03   3.00000E-02   9.24998E-01   1.00000E-06 
    7.50075E-03   3.00000E-02   1.00000E+00
   1.43300E+03   7.50000E-03   3.00000E-02   9.24998E-01   1.00000E-06 
    7.50075E-03   3.00000E-02   1.00000E+00
   1.44300E+03   7.50000E-03   3.00000E-02   9.24998E-01   1.00000E-06 
    7.50075E-03   3.00000E-02   1.00000E+00
   1.45300E+03   7.50000E-03   3.00000E-02   9.24998E-01   1.00000E-06 
    7.50075E-03   3.00000E-02   1.00000E+00
   1.46300E+03   7.50000E-03   3.00000E-02   9.24998E-01   1.00000E-06 
    7.50075E-03   3.00000E-02   1.00000E+00
   1.47300E+03   7.50000E-03   3.00000E-02   9.24998E-01   1.00000E-06 
    7.50075E-03   3.00000E-02   1.00000E+00

 Phase Region for:
     CEMENTITE                     
     FCC_A1#1                      
 col-1=T, col-2=W(CEMENTITE,C), col-3=W(CEMENTITE,CR), col-4=W(CEMENTITE,FE),
   col-5=W(CEMENTITE,MN), col-6=W(CEMENTITE,NI), col-7=W(CEMENTITE,SI),
   col-8=W(FCC_A1#1,C), col-9=W(FCC_A1#1,CR), col-10=W(FCC_A1#1,FE),
   col-11=W(FCC_A1#1,MN), col-12=W(FCC_A1#1,NI), col-13=W(FCC_A1#1,SI),
   col-14=NP(CEMENTITE), col-15=NP(FCC_A1#1),
   1.17300E+03   6.78263E-02   1.88756E-01   7.42455E-01   1.22505E-06 
    9.61397E-04   0.00000E+00   7.47052E-03   2.99224E-02   9.25087E-01 
    9.99890E-07   7.50395E-03   3.00147E-02   5.81850E-04   9.99418E-01
   1.16300E+03   6.78313E-02   1.89743E-01   7.41485E-01   1.23343E-06 
    9.39169E-04   0.00000E+00   7.19238E-03   2.91855E-02   9.25934E-01 
    9.98810E-07   7.53421E-03   3.01530E-02   6.04408E-03   9.93956E-01
   1.15300E+03   6.78364E-02   1.90754E-01   7.40491E-01   1.24213E-06 
    9.17104E-04   0.00000E+00   6.92060E-03   2.84563E-02   9.26770E-01 
    9.97675E-07   7.56397E-03   3.02881E-02   1.13330E-02   9.88667E-01
   1.14300E+03   6.78416E-02   1.91789E-01   7.39473E-01   1.25117E-06 
    8.95207E-04   0.00000E+00   6.65516E-03   2.77348E-02   9.27596E-01 
    9.96483E-07   7.59323E-03   3.04200E-02   1.64531E-02   9.83547E-01
   1.13300E+03   6.78469E-02   1.92847E-01   7.38431E-01   1.26055E-06 
    8.73484E-04   0.00000E+00   6.39602E-03   2.70209E-02   9.28411E-01 
    9.95233E-07   7.62199E-03   3.05488E-02   2.14090E-02   9.78591E-01
   1.12300E+03   6.78523E-02   1.93928E-01   7.37366E-01   1.27029E-06 
    8.51941E-04   0.00000E+00   6.14314E-03   2.63145E-02   9.29217E-01 
    9.93923E-07   7.65023E-03   3.06745E-02   2.62050E-02   9.73795E-01
   1.11300E+03   6.78579E-02   1.95032E-01   7.36278E-01   1.28040E-06 
    8.30583E-04   0.00000E+00   5.89648E-03   2.56156E-02   9.30012E-01 
    9.92551E-07   7.67796E-03   3.07970E-02   3.08450E-02   9.69155E-01
   1.10300E+03   6.78635E-02   1.96158E-01   7.35167E-01   1.29090E-06 
    8.09415E-04   0.00000E+00   5.65602E-03   2.49242E-02   9.30797E-01 
    9.91114E-07   7.70516E-03   3.09164E-02   3.53331E-02   9.64667E-01
   1.09300E+03   6.78693E-02   1.97307E-01   7.34034E-01   1.30178E-06 
    7.88442E-04   0.00000E+00   5.42171E-03   2.42403E-02   9.31572E-01 
    9.89611E-07   7.73183E-03   3.10328E-02   3.96731E-02   9.60327E-01
   1.09169E+03   6.78700E-02   1.97459E-01   7.33884E-01   1.30324E-06 
    7.85703E-04   0.00000E+00   5.39140E-03   2.41510E-02   9.31673E-01 
    9.89408E-07   7.73529E-03   3.10478E-02   4.02322E-02   9.59768E-01

 Phase Region for:
     BCC_A2                        
     CEMENTITE                     
     FCC_A1#1                      
 col-1=T, col-2=W(BCC_A2,C), col-3=W(BCC_A2,CR), col-4=W(BCC_A2,FE),
   col-5=W(BCC_A2,MN), col-6=W(BCC_A2,NI), col-7=W(BCC_A2,SI),
   col-8=W(CEMENTITE,C), col-9=W(CEMENTITE,CR), col-10=W(CEMENTITE,FE),
   col-11=W(CEMENTITE,MN), col-12=W(CEMENTITE,NI), col-13=W(CEMENTITE,SI),
   col-14=W(FCC_A1#1,C), col-15=W(FCC_A1#1,CR), col-16=W(FCC_A1#1,FE),
   col-17=W(FCC_A1#1,MN), col-18=W(FCC_A1#1,NI), col-19=W(FCC_A1#1,SI),
   col-20=NP(BCC_A2), col-21=NP(CEMENTITE), col-22=NP(FCC_A1#1),
   1.09169E+03   2.20175E-04   1.63977E-02   9.40229E-01   4.64227E-07 
    4.41538E-03   3.87374E-02   6.78700E-02   1.97459E-01   7.33884E-01 
    1.30325E-06   7.85704E-04   0.00000E+00   5.39140E-03   2.41510E-02 
    9.31674E-01   9.89410E-07   7.73531E-03   3.10478E-02   3.65127E-06 
    4.02326E-02   9.59764E-01
   1.08300E+03   2.08057E-04   1.49350E-02   9.42764E-01   5.36525E-07 
    5.21411E-03   3.68782E-02   6.78261E-02   1.88686E-01   7.42557E-01 
    1.58808E-06   9.29032E-04   0.00000E+00   5.34960E-03   2.22533E-02 
    9.33678E-01   1.17828E-06   9.29943E-03   2.94182E-02   3.10186E-01 
    7.20253E-02   6.17789E-01
   1.07300E+03   1.93560E-04   1.34953E-02   9.44766E-01   6.53681E-07 
    6.53714E-03   3.50074E-02   6.77833E-02   1.80210E-01   7.50837E-01 
    2.05213E-06   1.16740E-03   0.00000E+00   5.26690E-03   2.03171E-02 
    9.34697E-01   1.49080E-06   1.19271E-02   2.77908E-02   6.31415E-01 
    1.04881E-01   2.63704E-01
   1.06368E+03   1.79166E-04   1.24306E-02   9.45511E-01   8.00453E-07 
    8.23318E-03   3.36450E-02   6.77546E-02   1.74606E-01   7.56165E-01 
    2.64238E-06   1.47242E-03   0.00000E+00   5.14063E-03   1.88159E-02 
    9.34031E-01   1.89724E-06   1.53831E-02   2.66275E-02   8.71073E-01 
    1.28927E-01   0.00000E+00

 Phase Region for:
     BCC_A2                        
     CEMENTITE                     
 col-1=T, col-2=W(BCC_A2,C), col-3=W(BCC_A2,CR), col-4=W(BCC_A2,FE),
   col-5=W(BCC_A2,MN), col-6=W(BCC_A2,NI), col-7=W(BCC_A2,SI),
   col-8=W(CEMENTITE,C), col-9=W(CEMENTITE,CR), col-10=W(CEMENTITE,FE),
   col-11=W(CEMENTITE,MN), col-12=W(CEMENTITE,NI), col-13=W(CEMENTITE,SI),
   col-14=NP(BCC_A2), col-15=NP(CEMENTITE),
   1.06368E+03   1.79166E-04   1.24306E-02   9.45511E-01   8.00453E-07 
    8.23318E-03   3.36450E-02   6.77546E-02   1.74606E-01   7.56165E-01 
    2.64238E-06   1.47242E-03   0.00000E+00   8.71073E-01   1.28927E-01  NONE
   1.06300E+03   1.77829E-04   1.24075E-02   9.45535E-01   7.99841E-07 
    8.23342E-03   3.36456E-02   6.77554E-02   1.74772E-01   7.55999E-01 
    2.64714E-06   1.47149E-03   0.00000E+00   8.71052E-01   1.28948E-01  NONE
   1.05300E+03   1.59028E-04   1.20635E-02   9.45886E-01   7.90451E-07 
    8.23678E-03   3.36542E-02   6.77677E-02   1.77255E-01   7.53517E-01 
    2.72035E-06   1.45811E-03   0.00000E+00   8.70757E-01   1.29243E-01  NONE
   1.04300E+03   1.41957E-04   1.17156E-02   9.46240E-01   7.80368E-07 
    8.23989E-03   3.36619E-02   6.77804E-02   1.79794E-01   7.50978E-01 
    2.79932E-06   1.44538E-03   0.00000E+00   8.70489E-01   1.29511E-01  NONE
   1.03300E+03   1.26489E-04   1.13637E-02   9.46597E-01   7.69503E-07 
    8.24275E-03   3.36688E-02   6.77933E-02   1.82389E-01   7.48381E-01 
    2.88478E-06   1.43340E-03   0.00000E+00   8.70247E-01   1.29753E-01  NONE
   1.02300E+03   1.12502E-04   1.10075E-02   9.46959E-01   7.57749E-07 
    8.24536E-03   3.36750E-02   6.78064E-02   1.85042E-01   7.45726E-01 
    2.97757E-06   1.42228E-03   0.00000E+00   8.70028E-01   1.29972E-01  NONE
   1.01300E+03   9.98817E-05   1.06466E-02   9.47325E-01   7.44980E-07 
    8.24770E-03   3.36804E-02   6.78199E-02   1.87753E-01   7.43012E-01 
    3.07872E-06   1.41217E-03   0.00000E+00   8.69830E-01   1.30170E-01  NONE
   1.00300E+03   8.85193E-05   1.02810E-02   9.47695E-01   7.31045E-07 
    8.24978E-03   3.36852E-02   6.78337E-02   1.90524E-01   7.40236E-01 
    3.18944E-06   1.40326E-03   0.00000E+00   8.69652E-01   1.30348E-01  NONE
   9.93000E+02   7.83166E-05   9.90691E-03   9.48073E-01   7.15204E-07 
    8.25145E-03   3.36895E-02   6.78478E-02   1.93383E-01   7.37370E-01 
    3.31576E-06   1.39662E-03   0.00000E+00   8.69492E-01   1.30508E-01  NONE
   9.83000E+02   6.91964E-05   9.51464E-03   9.48470E-01   6.95455E-07 
    8.25235E-03   3.36931E-02   6.78628E-02   1.96409E-01   7.34329E-01 
    3.47392E-06   1.39525E-03   0.00000E+00   8.69349E-01   1.30651E-01  NONE
   9.73000E+02   6.10410E-05   9.12631E-03   9.48863E-01   6.75611E-07 
    8.25325E-03   3.36962E-02   6.78778E-02   1.99420E-01   7.31306E-01 
    3.63288E-06   1.39317E-03   0.00000E+00   8.69222E-01   1.30778E-01  NONE
   9.63000E+02   5.37580E-05   8.74213E-03   9.49250E-01   6.55679E-07 
    8.25413E-03   3.36989E-02   6.78926E-02   2.02412E-01   7.28302E-01 
    3.79261E-06   1.39044E-03   0.00000E+00   8.69108E-01   1.30892E-01  NONE
   9.53000E+02   4.72629E-05   8.36235E-03   9.49633E-01   6.35670E-07 
    8.25502E-03   3.37012E-02   6.79073E-02   2.05382E-01   7.25320E-01 
    3.95304E-06   1.38713E-03   0.00000E+00   8.69006E-01   1.30994E-01  NONE
   9.43000E+02   4.14791E-05   7.98728E-03   9.50012E-01   6.15593E-07 
    8.25589E-03   3.37032E-02   6.79219E-02   2.08326E-01   7.22364E-01 
    4.11411E-06   1.38329E-03   0.00000E+00   8.68916E-01   1.31084E-01  NONE
   9.33000E+02   3.63365E-05   7.61724E-03   9.50384E-01   5.95458E-07 
    8.25677E-03   3.37049E-02   6.79364E-02   2.11243E-01   7.19438E-01 
    4.27574E-06   1.37898E-03   0.00000E+00   8.68835E-01   1.31165E-01  NONE
   9.23000E+02   3.17715E-05   7.25262E-03   9.50751E-01   5.75279E-07 
    8.25763E-03   3.37063E-02   6.79507E-02   2.14126E-01   7.16545E-01 
    4.43785E-06   1.37425E-03   0.00000E+00   8.68764E-01   1.31236E-01  NONE
   9.13000E+02   2.77259E-05   6.89382E-03   9.51112E-01   5.55069E-07 
    8.25850E-03   3.37074E-02   6.79648E-02   2.16973E-01   7.13689E-01 
    4.60033E-06   1.36913E-03   0.00000E+00   8.68701E-01   1.31299E-01  NONE
   9.03000E+02   2.41468E-05   6.54126E-03   9.51466E-01   5.34843E-07 
    8.25936E-03   3.37083E-02   6.79787E-02   2.19778E-01   7.10875E-01 
    4.76306E-06   1.36369E-03   0.00000E+00   8.68645E-01   1.31355E-01  NONE
   8.93000E+02   2.09862E-05   6.19540E-03   9.51814E-01   5.14621E-07 
    8.26022E-03   3.37091E-02   6.79924E-02   2.22539E-01   7.08106E-01 
    4.92589E-06   1.35794E-03   0.00000E+00   8.68595E-01   1.31405E-01  NONE
   8.83000E+02   1.82004E-05   5.85669E-03   9.52154E-01   4.94422E-07 
    8.26108E-03   3.37096E-02   6.80059E-02   2.25249E-01   7.05388E-01 
    5.08865E-06   1.35192E-03   0.00000E+00   8.68552E-01   1.31448E-01  NONE
   8.73000E+02   1.57495E-05   5.52560E-03   9.52486E-01   4.74269E-07 
    8.26193E-03   3.37100E-02   6.80190E-02   2.27905E-01   7.02725E-01 
    5.25116E-06   1.34568E-03   0.00000E+00   8.68513E-01   1.31487E-01  NONE
   8.63000E+02   1.35976E-05   5.20259E-03   9.52810E-01   4.54188E-07 
    8.26279E-03   3.37103E-02   6.80319E-02   2.30502E-01   7.00122E-01 
    5.41321E-06   1.33923E-03   0.00000E+00   8.68480E-01   1.31520E-01  NONE
   8.53000E+02   1.17122E-05   4.88812E-03   9.53126E-01   4.34206E-07 
    8.26364E-03   3.37105E-02   6.80445E-02   2.33035E-01   6.97582E-01 
    5.57457E-06   1.33259E-03   0.00000E+00   8.68450E-01   1.31550E-01  NONE
   8.43000E+02   1.00636E-05   4.58263E-03   9.53432E-01   4.14353E-07 
    8.26450E-03   3.37105E-02   6.80568E-02   2.35502E-01   6.95110E-01 
    5.73500E-06   1.32579E-03   0.00000E+00   8.68425E-01   1.31575E-01  NONE
   8.33000E+02   8.62521E-06   4.28655E-03   9.53729E-01   3.94662E-07 
    8.26535E-03   3.37105E-02   6.80686E-02   2.37896E-01   6.92710E-01 
    5.89423E-06   1.31885E-03   0.00000E+00   8.68402E-01   1.31598E-01  NONE
   8.23000E+02   7.37310E-06   4.00026E-03   9.54015E-01   3.75166E-07 
    8.26621E-03   3.37104E-02   6.80802E-02   2.40216E-01   6.90386E-01 
    6.05198E-06   1.31178E-03   0.00000E+00   8.68383E-01   1.31617E-01  NONE
   8.13000E+02   6.28563E-06   3.72412E-03   9.54292E-01   3.55900E-07 
    8.26707E-03   3.37103E-02   6.80913E-02   2.42457E-01   6.88141E-01 
    6.20794E-06   1.30459E-03   0.00000E+00   8.68366E-01   1.31634E-01  NONE
   8.03000E+02   5.34342E-06   3.45848E-03   9.54558E-01   3.36903E-07 
    8.26793E-03   3.37101E-02   6.81020E-02   2.44615E-01   6.85979E-01 
    6.36182E-06   1.29728E-03   0.00000E+00   8.68351E-01   1.31649E-01  NONE
   7.93000E+02   4.52907E-06   3.20359E-03   9.54813E-01   3.18212E-07 
    8.26880E-03   3.37099E-02   6.81123E-02   2.46690E-01   6.83902E-01 
    6.51329E-06   1.28987E-03   0.00000E+00   8.68338E-01   1.31662E-01  NONE
   7.83000E+02   3.82704E-06   2.95971E-03   9.55057E-01   2.99865E-07 
    8.26968E-03   3.37096E-02   6.81222E-02   2.48677E-01   6.81912E-01 
    6.66205E-06   1.28235E-03   0.00000E+00   8.68327E-01   1.31673E-01  NONE
   7.73000E+02   3.22344E-06   2.72700E-03   9.55290E-01   2.81901E-07 
    8.27057E-03   3.37093E-02   6.81316E-02   2.50576E-01   6.80011E-01 
    6.80776E-06   1.27472E-03   0.00000E+00   8.68318E-01   1.31682E-01  NONE
   7.63000E+02   2.70593E-06   2.50562E-03   9.55511E-01   2.64358E-07 
    8.27146E-03   3.37090E-02   6.81406E-02   2.52384E-01   6.78202E-01 
    6.95011E-06   1.26697E-03   0.00000E+00   8.68310E-01   1.31690E-01  NONE
   7.53000E+02   2.26350E-06   2.29562E-03   9.55721E-01   2.47273E-07 
    8.27237E-03   3.37087E-02   6.81491E-02   2.54100E-01   6.76484E-01 
    7.08880E-06   1.25910E-03   0.00000E+00   8.68303E-01   1.31697E-01  NONE
   7.43000E+02   1.88641E-06   2.09704E-03   9.55919E-01   2.30681E-07 
    8.27330E-03   3.37084E-02   6.81572E-02   2.55725E-01   6.74859E-01 
    7.22353E-06   1.25110E-03   0.00000E+00   8.68297E-01   1.31703E-01  NONE
   7.33000E+02   1.56604E-06   1.90985E-03   9.56106E-01   2.14615E-07 
    8.27424E-03   3.37081E-02   6.81648E-02   2.57259E-01   6.73326E-01 
    7.35402E-06   1.24296E-03   0.00000E+00   8.68292E-01   1.31708E-01  NONE
   7.23000E+02   1.29476E-06   1.73394E-03   9.56282E-01   1.99108E-07 
    8.27520E-03   3.37078E-02   6.81720E-02   2.58701E-01   6.71885E-01 
    7.48002E-06   1.23465E-03   0.00000E+00   8.68288E-01   1.31712E-01  NONE
   7.13000E+02   1.06586E-06   1.56919E-03   9.56446E-01   1.84185E-07 
    8.27619E-03   3.37075E-02   6.81787E-02   2.60052E-01   6.70536E-01 
    7.60128E-06   1.22616E-03   0.00000E+00   8.68284E-01   1.31716E-01  NONE
   7.03000E+02   8.73448E-07   1.41541E-03   9.56599E-01   1.69874E-07 
    8.27720E-03   3.37072E-02   6.81850E-02   2.61314E-01   6.69275E-01 
    7.71761E-06   1.21748E-03   0.00000E+00   8.68281E-01   1.31719E-01  NONE
   6.93000E+02   7.12340E-07   1.27235E-03   9.56742E-01   1.56193E-07 
    8.27824E-03   3.37070E-02   6.81908E-02   2.62489E-01   6.68103E-01 
    7.82883E-06   1.20858E-03   0.00000E+00   8.68278E-01   1.31722E-01  NONE
   6.83000E+02   5.78006E-07   1.13973E-03   9.56874E-01   1.43161E-07 
    8.27932E-03   3.37067E-02   6.81963E-02   2.63579E-01   6.67017E-01 
    7.93479E-06   1.19943E-03   0.00000E+00   8.68276E-01   1.31724E-01  NONE
   6.73000E+02   4.66497E-07   1.01724E-03   9.56995E-01   1.30790E-07 
    8.28043E-03   3.37064E-02   6.82013E-02   2.64587E-01   6.66014E-01 
    8.03539E-06   1.19002E-03   0.00000E+00   8.68275E-01   1.31725E-01  NONE
