
 Phase Region for:
     CEMENTITE                     
     FCC_A1#1                      
 col-1=T, col-2=X(CEMENTITE,C), col-3=X(CEMENTITE,CR), col-4=X(CEMENTITE,FE),
   col-5=X(CEMENTITE,MN), col-6=X(CEMENTITE,NI), col-7=X(CEMENTITE,SI),
   col-8=X(FCC_A1#1,C), col-9=X(FCC_A1#1,CR), col-10=X(FCC_A1#1,FE),
   col-11=X(FCC_A1#1,MN), col-12=X(FCC_A1#1,NI), col-13=X(FCC_A1#1,SI),
   col-14=NP(CEMENTITE), col-15=NP(FCC_A1#1),
   1.17300E+03   2.50000E-01   2.45788E-01   5.00332E-01   7.58808E-07 
    3.87838E-03   0.00000E+00   2.35409E-02   4.22882E-02   8.28622E-01 
    9.69286E-07   4.67377E-02   5.88101E-02   4.15539E-02   9.58446E-01
   1.16300E+03   2.50000E-01   2.47290E-01   4.98933E-01   7.61736E-07 
    3.77577E-03   0.00000E+00   2.25350E-02   4.13122E-02   8.30147E-01 
    9.70081E-07   4.69330E-02   5.90713E-02   4.57922E-02   9.54208E-01
   1.15300E+03   2.50000E-01   2.48837E-01   4.97488E-01   7.64784E-07 
    3.67425E-03   0.00000E+00   2.15561E-02   4.03446E-02   8.31649E-01 
    9.70817E-07   4.71240E-02   5.93256E-02   4.98810E-02   9.50119E-01
   1.14300E+03   2.50000E-01   2.50427E-01   4.95998E-01   7.67955E-07 
    3.57387E-03   0.00000E+00   2.06041E-02   3.93853E-02   8.33126E-01 
    9.71496E-07   4.73108E-02   5.95728E-02   5.38240E-02   9.46176E-01
   1.13300E+03   2.50000E-01   2.52062E-01   4.94463E-01   7.71254E-07 
    3.47463E-03   0.00000E+00   1.96789E-02   3.84342E-02   8.34580E-01 
    9.72115E-07   4.74933E-02   5.98131E-02   5.76249E-02   9.42375E-01
   1.12300E+03   2.50000E-01   2.53741E-01   4.92882E-01   7.74684E-07 
    3.37659E-03   0.00000E+00   1.87803E-02   3.74911E-02   8.36010E-01 
    9.72675E-07   4.76714E-02   6.00464E-02   6.12872E-02   9.38713E-01
   1.11300E+03   2.50000E-01   2.55464E-01   4.91255E-01   7.78250E-07 
    3.27975E-03   0.00000E+00   1.79083E-02   3.65560E-02   8.37417E-01 
    9.73174E-07   4.78452E-02   6.02729E-02   6.48144E-02   9.35186E-01
   1.10300E+03   2.50000E-01   2.57232E-01   4.89583E-01   7.81958E-07 
    3.18415E-03   0.00000E+00   1.70625E-02   3.56289E-02   8.38800E-01 
    9.73613E-07   4.80146E-02   6.04925E-02   6.82098E-02   9.31790E-01
   1.09300E+03   2.50000E-01   2.59045E-01   4.87865E-01   7.85812E-07 
    3.08982E-03   0.00000E+00   1.62430E-02   3.47097E-02   8.40161E-01 
    9.73991E-07   4.81796E-02   6.07054E-02   7.14767E-02   9.28523E-01
   1.08300E+03   2.50000E-01   2.60901E-01   4.86101E-01   7.89818E-07 
    2.99677E-03   0.00000E+00   1.54494E-02   3.37984E-02   8.41500E-01 
    9.74307E-07   4.83401E-02   6.09114E-02   7.46184E-02   9.25382E-01
   1.07300E+03   2.50000E-01   2.62802E-01   4.84292E-01   7.93982E-07 
    2.90504E-03   0.00000E+00   1.46815E-02   3.28949E-02   8.42815E-01 
    9.74560E-07   4.84963E-02   6.11109E-02   7.76379E-02   9.22362E-01
   1.06300E+03   2.50000E-01   2.64748E-01   4.82437E-01   7.98311E-07 
    2.81464E-03   0.00000E+00   1.39392E-02   3.19993E-02   8.44109E-01 
    9.74750E-07   4.86480E-02   6.13036E-02   8.05384E-02   9.19462E-01
   1.05300E+03   2.50000E-01   2.66737E-01   4.80536E-01   8.02812E-07 
    2.72561E-03   0.00000E+00   1.32222E-02   3.11114E-02   8.45380E-01 
    9.74877E-07   4.87953E-02   6.14898E-02   8.33228E-02   9.16677E-01
   1.04300E+03   2.50000E-01   2.68771E-01   4.78590E-01   8.07492E-07 
    2.63795E-03   0.00000E+00   1.25302E-02   3.02315E-02   8.46630E-01 
    9.74940E-07   4.89382E-02   6.16695E-02   8.59940E-02   9.14006E-01
   1.03300E+03   2.50000E-01   2.70849E-01   4.76599E-01   8.12359E-07 
    2.55171E-03   0.00000E+00   1.18629E-02   2.93593E-02   8.47857E-01 
    9.74937E-07   4.90767E-02   6.18428E-02   8.85550E-02   9.11445E-01
   1.03046E+03   2.50000E-01   2.71384E-01   4.76085E-01   8.13627E-07 
    2.53002E-03   0.00000E+00   1.16973E-02   2.91390E-02   8.48166E-01 
    9.74926E-07   4.91112E-02   6.18858E-02   8.91884E-02   9.10812E-01

 Phase Region for:
     BCC_A2                        
     CEMENTITE                     
     FCC_A1#1                      
 col-1=T, col-2=X(BCC_A2,C), col-3=X(BCC_A2,CR), col-4=X(BCC_A2,FE),
   col-5=X(BCC_A2,MN), col-6=X(BCC_A2,NI), col-7=X(BCC_A2,SI),
   col-8=X(CEMENTITE,C), col-9=X(CEMENTITE,CR), col-10=X(CEMENTITE,FE),
   col-11=X(CEMENTITE,MN), col-12=X(CEMENTITE,NI), col-13=X(CEMENTITE,SI),
   col-14=X(FCC_A1#1,C), col-15=X(FCC_A1#1,CR), col-16=X(FCC_A1#1,FE),
   col-17=X(FCC_A1#1,MN), col-18=X(FCC_A1#1,NI), col-19=X(FCC_A1#1,SI),
   col-20=NP(BCC_A2), col-21=NP(CEMENTITE), col-22=NP(FCC_A1#1),
   1.03046E+03   3.53539E-04   2.27313E-02   8.78968E-01   3.60291E-07 
    2.27026E-02   7.52441E-02   2.50000E-01   2.71384E-01   4.76085E-01 
    8.13627E-07   2.53002E-03   0.00000E+00   1.16973E-02   2.91390E-02 
    8.48166E-01   9.74927E-07   4.91112E-02   6.18858E-02   1.37311E-06 
    8.91885E-02   9.10810E-01
   1.02300E+03   3.25035E-04   2.19082E-02   8.80008E-01   3.70420E-07 
    2.37192E-02   7.40391E-02   2.50000E-01   2.71641E-01   4.75739E-01 
    8.65281E-07   2.61930E-03   0.00000E+00   1.12004E-02   2.80791E-02 
    8.47277E-01   1.04329E-06   5.25421E-02   6.09007E-02   9.77038E-02 
    9.55333E-02   8.06763E-01
   1.01300E+03   2.89212E-04   2.08763E-02   8.81097E-01   3.83622E-07 
    2.51165E-02   7.26209E-02   2.50000E-01   2.72501E-01   4.74757E-01 
    9.38688E-07   2.74150E-03   0.00000E+00   1.05166E-02   2.67259E-02 
    8.45471E-01   1.14462E-06   5.75281E-02   5.97568E-02   2.14065E-01 
    1.02821E-01   6.83114E-01
   1.00300E+03   2.56193E-04   1.99150E-02   8.81889E-01   3.95983E-07 
    2.65302E-02   7.14097E-02   2.50000E-01   2.73907E-01   4.73228E-01 
    1.01663E-06   2.86424E-03   0.00000E+00   9.82036E-03   2.54423E-02 
    8.42986E-01   1.25788E-06   6.29510E-02   5.87993E-02   3.14518E-01 
    1.08831E-01   5.76651E-01
   9.93000E+02   2.25999E-04   1.90125E-02   8.82442E-01   4.07087E-07 
    2.79374E-02   7.03815E-02   2.50000E-01   2.75805E-01   4.71208E-01 
    1.09900E-06   2.98546E-03   0.00000E+00   9.11990E-03   2.42192E-02 
    8.39842E-01   1.38432E-06   6.88095E-02   5.80080E-02   4.00452E-01 
    1.13720E-01   4.85829E-01
   9.83000E+02   1.98600E-04   1.81574E-02   8.82814E-01   4.16536E-07 
    2.93178E-02   6.95119E-02   2.50000E-01   2.78138E-01   4.68757E-01 
    1.18587E-06   3.10368E-03   0.00000E+00   8.42299E-03   2.30478E-02 
    8.36054E-01   1.52568E-06   7.51107E-02   5.73629E-02   4.73483E-01 
    1.17653E-01   4.08864E-01
   9.73000E+02   1.73983E-04   1.73233E-02   8.83129E-01   4.21655E-07 
    3.06126E-02   6.87607E-02   2.50000E-01   2.80911E-01   4.65869E-01 
    1.27905E-06   3.21944E-03   0.00000E+00   7.73238E-03   2.19225E-02 
    8.31551E-01   1.68675E-06   8.19141E-02   5.68781E-02   5.35109E-01 
    1.20789E-01   3.44101E-01
   9.63000E+02   1.51977E-04   1.65124E-02   8.83363E-01   4.23778E-07 
    3.18519E-02   6.81203E-02   2.50000E-01   2.84047E-01   4.62617E-01 
    1.37966E-06   3.33452E-03   0.00000E+00   7.05397E-03   2.08293E-02 
    8.26274E-01   1.87233E-06   8.93239E-02   5.65171E-02   5.87518E-01 
    1.23288E-01   2.89195E-01
   9.53000E+02   1.32333E-04   1.57407E-02   8.83452E-01   4.25909E-07 
    3.30785E-02   6.75959E-02   2.50000E-01   2.87409E-01   4.59144E-01 
    1.48518E-06   3.44527E-03   0.00000E+00   6.39960E-03   1.97603E-02 
    8.20334E-01   2.08139E-06   9.72868E-02   5.62167E-02   6.31944E-01 
    1.25255E-01   2.42802E-01
   9.43000E+02   1.14891E-04   1.50009E-02   8.83449E-01   4.27549E-07 
    3.42685E-02   6.71668E-02   2.50000E-01   2.90947E-01   4.55502E-01 
    1.59459E-06   3.54938E-03   0.00000E+00   5.77483E-03   1.87150E-02 
    8.13773E-01   2.31537E-06   1.05770E-01   5.59650E-02   6.69261E-01 
    1.26786E-01   2.03953E-01
   9.33000E+02   9.94773E-05   1.42872E-02   8.83394E-01   4.28330E-07 
    3.54042E-02   6.68150E-02   2.50000E-01   2.94614E-01   4.51739E-01 
    1.70696E-06   3.64523E-03   0.00000E+00   5.18377E-03   1.76934E-02 
    8.06620E-01   2.57606E-06   1.14747E-01   5.57525E-02   7.00416E-01 
    1.27967E-01   1.71617E-01
   9.23000E+02   8.59137E-05   1.35953E-02   8.83320E-01   4.27981E-07 
    3.64726E-02   6.65260E-02   2.50000E-01   2.98372E-01   4.47895E-01 
    1.82141E-06   3.73174E-03   0.00000E+00   4.62929E-03   1.66960E-02 
    7.98902E-01   2.86555E-06   1.24198E-01   5.55721E-02   7.26317E-01 
    1.28874E-01   1.44810E-01
   9.13000E+02   7.40220E-05   1.29222E-02   8.83251E-01   4.26304E-07 
    3.74643E-02   6.62881E-02   2.50000E-01   3.02187E-01   4.44003E-01 
    1.93704E-06   3.80824E-03   0.00000E+00   4.11316E-03   1.57238E-02 
    7.90637E-01   3.18612E-06   1.34103E-01   5.54192E-02   7.47783E-01 
    1.29565E-01   1.22652E-01
   9.03000E+02   6.36304E-05   1.22657E-02   8.83206E-01   4.23167E-07 
    3.83725E-02   6.60916E-02   2.50000E-01   3.06032E-01   4.40091E-01 
    2.05300E-06   3.87435E-03   0.00000E+00   3.63613E-03   1.47776E-02 
    7.81841E-01   3.54019E-06   1.44451E-01   5.52909E-02   7.65532E-01 
    1.30092E-01   1.04377E-01
   8.93000E+02   5.45771E-05   1.16244E-02   8.83199E-01   4.18465E-07 
    3.91924E-02   6.59293E-02   2.50000E-01   3.09885E-01   4.36183E-01 
    2.16832E-06   3.92991E-03   0.00000E+00   3.19842E-03   1.38590E-02 
    7.72531E-01   3.93023E-06   1.55221E-01   5.51865E-02   7.80171E-01 
    1.30491E-01   8.93378E-02
   8.83000E+02   4.67114E-05   1.09977E-02   8.83240E-01   4.12144E-07 
    3.99208E-02   6.57948E-02   2.50000E-01   3.13724E-01   4.32298E-01 
    2.28204E-06   3.97494E-03   0.00000E+00   2.79945E-03   1.29689E-02 
    7.62720E-01   4.35854E-06   1.66401E-01   5.51060E-02   7.92218E-01 
    1.30794E-01   7.69875E-02
   8.73000E+02   3.98953E-05   1.03852E-02   8.83335E-01   4.04180E-07 
    4.05556E-02   6.56835E-02   2.50000E-01   3.17534E-01   4.28454E-01 
    2.39312E-06   4.00955E-03   0.00000E+00   2.43811E-03   1.21083E-02 
    7.52419E-01   4.82709E-06   1.77979E-01   5.50506E-02   8.02105E-01 
    1.31024E-01   6.68702E-02
   8.63000E+02   3.40031E-05   9.78690E-03   8.83492E-01   3.94578E-07 
    4.10956E-02   6.55913E-02   2.50000E-01   3.21300E-01   4.24664E-01 
    2.50045E-06   4.03395E-03   0.00000E+00   2.11288E-03   1.12776E-02 
    7.41638E-01   5.33724E-06   1.89944E-01   5.50220E-02   8.10194E-01 
    1.31199E-01   5.86069E-02
   8.53000E+02   2.89216E-05   9.20314E-03   8.83712E-01   3.83373E-07 
    4.15403E-02   6.55149E-02   2.50000E-01   3.25008E-01   4.20941E-01 
    2.60287E-06   4.04841E-03   0.00000E+00   1.82188E-03   1.04767E-02 
    7.30383E-01   5.88944E-06   2.02290E-01   5.50226E-02   8.16784E-01 
    1.31332E-01   5.18838E-02
   8.43000E+02   2.45489E-05   8.63438E-03   8.84000E-01   3.70630E-07 
    4.18894E-02   6.54517E-02   2.50000E-01   3.28647E-01   4.17297E-01 
    2.69919E-06   4.05320E-03   0.00000E+00   1.56296E-03   9.70525E-03 
    7.18655E-01   6.48285E-06   2.15015E-01   5.50549E-02   8.22125E-01 
    1.31434E-01   4.64414E-02
   8.33000E+02   2.07946E-05   8.08121E-03   8.84355E-01   3.56443E-07 
    4.21432E-02   6.53994E-02   2.50000E-01   3.32206E-01   4.13742E-01 
    2.78820E-06   4.04863E-03   0.00000E+00   1.33382E-03   8.96214E-03 
    7.06449E-01   7.11486E-06   2.28126E-01   5.51218E-02   8.26424E-01 
    1.31511E-01   4.20650E-02
   8.23000E+02   1.75780E-05   7.54434E-03   8.84780E-01   3.40946E-07 
    4.23018E-02   6.53561E-02   2.50000E-01   3.35678E-01   4.10284E-01 
    2.86878E-06   4.03498E-03   0.00000E+00   1.13205E-03   8.24590E-03 
    6.93751E-01   7.78069E-06   2.41637E-01   5.52265E-02   8.29851E-01 
    1.31572E-01   3.85770E-02
   8.13000E+02   1.48279E-05   7.02449E-03   8.85275E-01   3.24307E-07 
    4.23654E-02   6.53201E-02   2.50000E-01   3.39052E-01   4.06932E-01 
    2.93997E-06   4.01252E-03   0.00000E+00   9.55248E-04   7.55464E-03 
    6.80539E-01   8.47279E-06   2.55570E-01   5.53723E-02   8.32551E-01 
    1.31618E-01   3.58305E-02
   8.03000E+02   1.24816E-05   6.52240E-03   8.85841E-01   3.06737E-07 
    4.23341E-02   6.52899E-02   2.50000E-01   3.42323E-01   4.03693E-01 
    3.00111E-06   3.98150E-03   0.00000E+00   8.01058E-04   6.88609E-03 
    6.66779E-01   9.18043E-06   2.69961E-01   5.55630E-02   8.34641E-01 
    1.31655E-01   3.37037E-02
   7.93000E+02   1.04839E-05   6.03879E-03   8.86478E-01   2.88493E-07 
    4.22080E-02   6.52642E-02   2.50000E-01   3.45483E-01   4.00572E-01 
    3.05202E-06   3.94212E-03   0.00000E+00   6.67242E-04   6.23784E-03 
    6.52429E-01   9.88917E-06   2.84853E-01   5.58030E-02   8.36221E-01 
    1.31684E-01   3.20951E-02
   7.83000E+02   8.78645E-06   5.57436E-03   8.87188E-01   2.69871E-07 
    4.19867E-02   6.52419E-02   2.50000E-01   3.48526E-01   3.97577E-01 
    3.09324E-06   3.89454E-03   0.00000E+00   5.51716E-04   5.60747E-03 
    6.37439E-01   1.05805E-05   3.00294E-01   5.60970E-02   8.37372E-01 
    1.31707E-01   3.09206E-02
   7.73000E+02   7.34714E-06   5.12973E-03   8.87971E-01   2.51207E-07 
    4.16698E-02   6.52218E-02   2.50000E-01   3.51447E-01   3.94711E-01 
    3.12619E-06   3.83891E-03   0.00000E+00   4.52579E-04   4.99294E-03 
    6.21759E-01   1.12318E-05   3.16334E-01   5.64502E-02   8.38165E-01 
    1.31725E-01   3.01100E-02
   7.63000E+02   6.12920E-06   4.70542E-03   8.88828E-01   2.32862E-07 
    4.12570E-02   6.52030E-02   2.50000E-01   3.54243E-01   3.91978E-01 
    3.15344E-06   3.77532E-03   0.00000E+00   3.68127E-04   4.39312E-03 
    6.05346E-01   1.18158E-05   3.33012E-01   5.68682E-02   8.38654E-01 
    1.31740E-01   2.96056E-02
   7.53000E+02   5.10072E-06   4.30189E-03   8.89761E-01   2.15200E-07 
    4.07477E-02   6.51844E-02   2.50000E-01   3.56910E-01   3.89383E-01 
    3.17883E-06   3.70389E-03   0.00000E+00   2.96842E-04   3.80852E-03 
    5.88193E-01   1.23020E-05   3.50334E-01   5.73558E-02   8.38887E-01 
    1.31753E-01   2.93605E-02
   7.43000E+02   4.23406E-06   3.91946E-03   8.90769E-01   1.98566E-07 
    4.01420E-02   6.51654E-02   2.50000E-01   3.59444E-01   3.86928E-01 
    3.20742E-06   3.62475E-03   0.00000E+00   2.37364E-04   3.24216E-03 
    5.70341E-01   1.26572E-05   3.68251E-01   5.79159E-02   8.38899E-01 
    1.31763E-01   2.93387E-02
   7.33000E+02   3.50532E-06   3.55835E-03   8.91852E-01   1.83246E-07 
    3.94406E-02   6.51453E-02   2.50000E-01   3.61843E-01   3.84615E-01 
    3.24532E-06   3.53809E-03   0.00000E+00   1.88423E-04   2.70014E-03 
    5.51914E-01   1.28488E-05   3.86637E-01   5.85474E-02   8.38716E-01 
    1.31771E-01   2.95135E-02
   7.23000E+02   2.89388E-06   3.21864E-03   8.93009E-01   1.69449E-07 
    3.86452E-02   6.51238E-02   2.50000E-01   3.64104E-01   3.82448E-01 
    3.29937E-06   3.44418E-03   0.00000E+00   1.48760E-04   2.19123E-03 
    5.33111E-01   1.28476E-05   4.05293E-01   5.92433E-02   8.38357E-01 
    1.31777E-01   2.98656E-02
   7.13000E+02   2.38202E-06   2.90031E-03   8.94238E-01   1.57308E-07 
    3.77587E-02   6.51007E-02   2.50000E-01   3.66225E-01   3.80428E-01 
    3.37721E-06   3.34337E-03   0.00000E+00   1.17061E-04   1.72501E-03 
    5.14166E-01   1.26299E-05   4.23989E-01   5.99904E-02   8.37839E-01 
    1.31782E-01   3.03791E-02
   7.03000E+02   1.95451E-06   2.60322E-03   8.95534E-01   1.46927E-07 
    3.67845E-02   6.50761E-02   2.50000E-01   3.68205E-01   3.78556E-01 
    3.48839E-06   3.23606E-03   0.00000E+00   9.19572E-05   1.30899E-03 
    4.95257E-01   1.21736E-05   4.42559E-01   6.07703E-02   8.37178E-01 
    1.31787E-01   3.10355E-02
   6.93000E+02   1.59832E-06   2.32710E-03   8.96895E-01   1.38495E-07 
    3.57255E-02   6.50503E-02   2.50000E-01   3.70043E-01   3.76831E-01 
    3.64772E-06   3.12260E-03   0.00000E+00   7.20851E-05   9.46285E-04 
    4.76378E-01   1.14428E-05   4.61030E-01   6.15620E-02   8.36402E-01 
    1.31790E-01   3.18077E-02
   6.83000E+02   1.30234E-06   2.07158E-03   8.98322E-01   1.32461E-07 
    3.45816E-02   6.50236E-02   2.50000E-01   3.71741E-01   3.75252E-01 
    3.88285E-06   3.00306E-03   0.00000E+00   5.61696E-05   6.35256E-04 
    4.57190E-01   1.03550E-05   4.79767E-01   6.23410E-02   8.35553E-01 
    1.31793E-01   3.26537E-02
   6.73000E+02   1.05750E-06   1.83606E-03   8.99942E-01   1.44314E-07 
    3.32280E-02   6.49926E-02   2.50000E-01   3.73328E-01   3.73801E-01 
    4.72736E-06   2.86664E-03   0.00000E+00   3.72466E-05   2.19723E-04 
    4.22155E-01   6.63578E-06   5.14439E-01   6.31423E-02   8.35515E-01 
    1.31796E-01   3.26888E-02
