
 Phase Region for:
     FCC_A1#1                      
 col-1=T, col-2=X(FCC_A1#1,C), col-3=X(FCC_A1#1,CR), col-4=X(FCC_A1#1,FE),
   col-5=X(FCC_A1#1,MN), col-6=X(FCC_A1#1,NI), col-7=X(FCC_A1#1,SI),
   col-8=NP(FCC_A1#1),
   1.17300E+03   3.38477E-02   3.90941E-02   9.19655E-01   7.40080E-03 
    9.23597E-07   1.93000E-06   1.00000E+00
   1.18300E+03   3.38477E-02   3.90941E-02   9.19655E-01   7.40080E-03 
    9.23597E-07   1.93000E-06   1.00000E+00
   1.19300E+03   3.38477E-02   3.90941E-02   9.19655E-01   7.40080E-03 
    9.23597E-07   1.93000E-06   1.00000E+00
   1.20300E+03   3.38477E-02   3.90941E-02   9.19655E-01   7.40080E-03 
    9.23597E-07   1.93000E-06   1.00000E+00
   1.21300E+03   3.38477E-02   3.90941E-02   9.19655E-01   7.40080E-03 
    9.23597E-07   1.93000E-06   1.00000E+00
   1.22300E+03   3.38477E-02   3.90941E-02   9.19655E-01   7.40080E-03 
    9.23597E-07   1.93000E-06   1.00000E+00
   1.23300E+03   3.38477E-02   3.90941E-02   9.19655E-01   7.40080E-03 
    9.23597E-07   1.93000E-06   1.00000E+00
   1.24300E+03   3.38477E-02   3.90941E-02   9.19655E-01   7.40080E-03 
    9.23597E-07   1.93000E-06   1.00000E+00
   1.25300E+03   3.38477E-02   3.90941E-02   9.19655E-01   7.40080E-03 
    9.23597E-07   1.93000E-06   1.00000E+00
   1.26300E+03   3.38477E-02   3.90941E-02   9.19655E-01   7.40080E-03 
    9.23597E-07   1.93000E-06   1.00000E+00
   1.27300E+03   3.38477E-02   3.90941E-02   9.19655E-01   7.40080E-03 
    9.23597E-07   1.93000E-06   1.00000E+00
   1.28300E+03   3.38477E-02   3.90941E-02   9.19655E-01   7.40080E-03 
    9.23597E-07   1.93000E-06   1.00000E+00
   1.29300E+03   3.38477E-02   3.90941E-02   9.19655E-01   7.40080E-03 
    9.23597E-07   1.93000E-06   1.00000E+00
   1.30300E+03   3.38477E-02   3.90941E-02   9.19655E-01   7.40080E-03 
    9.23597E-07   1.93000E-06   1.00000E+00
   1.31300E+03   3.38477E-02   3.90941E-02   9.19655E-01   7.40080E-03 
    9.23597E-07   1.93000E-06   1.00000E+00
   1.32300E+03   3.38477E-02   3.90941E-02   9.19655E-01   7.40080E-03 
    9.23597E-07   1.93000E-06   1.00000E+00
   1.33300E+03   3.38477E-02   3.90941E-02   9.19655E-01   7.40080E-03 
    9.23597E-07   1.93000E-06   1.00000E+00
   1.34300E+03   3.38477E-02   3.90941E-02   9.19655E-01   7.40080E-03 
    9.23597E-07   1.93000E-06   1.00000E+00
   1.35300E+03   3.38477E-02   3.90941E-02   9.19655E-01   7.40080E-03 
    9.23597E-07   1.93000E-06   1.00000E+00
   1.36300E+03   3.38477E-02   3.90941E-02   9.19655E-01   7.40080E-03 
    9.23597E-07   1.93000E-06   1.00000E+00
   1.37300E+03   3.38477E-02   3.90941E-02   9.19655E-01   7.40080E-03 
    9.23597E-07   1.93000E-06   1.00000E+00
   1.38300E+03   3.38477E-02   3.90941E-02   9.19655E-01   7.40080E-03 
    9.23597E-07   1.93000E-06   1.00000E+00
   1.39300E+03   3.38477E-02   3.90941E-02   9.19655E-01   7.40080E-03 
    9.23597E-07   1.93000E-06   1.00000E+00
   1.40300E+03   3.38477E-02   3.90941E-02   9.19655E-01   7.40080E-03 
    9.23597E-07   1.93000E-06   1.00000E+00
   1.41300E+03   3.38477E-02   3.90941E-02   9.19655E-01   7.40080E-03 
    9.23597E-07   1.93000E-06   1.00000E+00
   1.42300E+03   3.38477E-02   3.90941E-02   9.19655E-01   7.40080E-03 
    9.23597E-07   1.93000E-06   1.00000E+00
   1.43300E+03   3.38477E-02   3.90941E-02   9.19655E-01   7.40080E-03 
    9.23597E-07   1.93000E-06   1.00000E+00
   1.44300E+03   3.38477E-02   3.90941E-02   9.19655E-01   7.40080E-03 
    9.23597E-07   1.93000E-06   1.00000E+00
   1.45300E+03   3.38477E-02   3.90941E-02   9.19655E-01   7.40080E-03 
    9.23597E-07   1.93000E-06   1.00000E+00
   1.46300E+03   3.38477E-02   3.90941E-02   9.19655E-01   7.40080E-03 
    9.23597E-07   1.93000E-06   1.00000E+00
   1.47300E+03   3.38477E-02   3.90941E-02   9.19655E-01   7.40080E-03 
    9.23597E-07   1.93000E-06   1.00000E+00

 Phase Region for:
     FCC_A1#1                      
 col-1=T, col-2=X(FCC_A1#1,C), col-3=X(FCC_A1#1,CR), col-4=X(FCC_A1#1,FE),
   col-5=X(FCC_A1#1,MN), col-6=X(FCC_A1#1,NI), col-7=X(FCC_A1#1,SI),
   col-8=NP(FCC_A1#1),
   1.17300E+03   3.38477E-02   3.90941E-02   9.19655E-01   7.40080E-03 
    9.23597E-07   1.93000E-06   1.00000E+00
   1.17290E+03   3.38477E-02   3.90941E-02   9.19655E-01   7.40080E-03 
    9.23597E-07   1.93000E-06   1.00000E+00
   1.16506E+03   3.38477E-02   3.90941E-02   9.19655E-01   7.40080E-03 
    9.23597E-07   1.93000E-06   1.00000E+00

 Phase Region for:
     CEMENTITE                     
     FCC_A1#1                      
 col-1=T, col-2=X(CEMENTITE,C), col-3=X(CEMENTITE,CR), col-4=X(CEMENTITE,FE),
   col-5=X(CEMENTITE,MN), col-6=X(CEMENTITE,NI), col-7=X(CEMENTITE,SI),
   col-8=X(FCC_A1#1,C), col-9=X(FCC_A1#1,CR), col-10=X(FCC_A1#1,FE),
   col-11=X(FCC_A1#1,MN), col-12=X(FCC_A1#1,NI), col-13=X(FCC_A1#1,SI),
   col-14=NP(CEMENTITE), col-15=NP(FCC_A1#1),
   1.16506E+03   2.50000E-01   2.36823E-01   5.04098E-01   9.07944E-03 
    6.66915E-08   0.00000E+00   3.38477E-02   3.90941E-02   9.19655E-01 
    7.40080E-03   9.23597E-07   1.93000E-06   5.60023E-08   1.00000E+00
   1.16300E+03   2.50000E-01   2.37075E-01   5.03832E-01   9.09317E-03 
    6.63704E-08   0.00000E+00   3.35987E-02   3.88660E-02   9.20134E-01 
    7.39885E-03   9.24585E-07   1.93222E-06   1.15046E-03   9.98850E-01
   1.15300E+03   2.50000E-01   2.38302E-01   5.02537E-01   9.16122E-03 
    6.48227E-08   0.00000E+00   3.24064E-02   3.77658E-02   9.22436E-01 
    7.38906E-03   9.29324E-07   1.94287E-06   6.62380E-03   9.93376E-01
   1.14300E+03   2.50000E-01   2.39538E-01   5.01231E-01   9.23170E-03 
    6.32920E-08   0.00000E+00   3.12398E-02   3.66758E-02   9.24703E-01 
    7.37871E-03   9.33977E-07   1.95328E-06   1.19210E-02   9.88079E-01
   1.13300E+03   2.50000E-01   2.40780E-01   4.99915E-01   9.30468E-03 
    6.17785E-08   0.00000E+00   3.00991E-02   3.55964E-02   9.26934E-01 
    7.36778E-03   9.38543E-07   1.96347E-06   1.70466E-02   9.82953E-01
   1.12300E+03   2.50000E-01   2.42030E-01   4.98590E-01   9.38025E-03 
    6.02822E-08   0.00000E+00   2.89843E-02   3.45280E-02   9.29129E-01 
    7.35626E-03   9.43022E-07   1.97342E-06   2.20049E-02   9.77995E-01
   1.11300E+03   2.50000E-01   2.43285E-01   4.97257E-01   9.45849E-03 
    5.88032E-08   0.00000E+00   2.78953E-02   3.34711E-02   9.31287E-01 
    7.34413E-03   9.47412E-07   1.98315E-06   2.67999E-02   9.73200E-01
   1.10300E+03   2.50000E-01   2.44545E-01   4.95916E-01   9.53950E-03 
    5.73417E-08   0.00000E+00   2.68322E-02   3.24259E-02   9.33408E-01 
    7.33138E-03   9.51713E-07   1.99264E-06   3.14360E-02   9.68564E-01
   1.09300E+03   2.50000E-01   2.45809E-01   4.94568E-01   9.62338E-03 
    5.58978E-08   0.00000E+00   2.57949E-02   3.13929E-02   9.35491E-01 
    7.31800E-03   9.55923E-07   2.00190E-06   3.59170E-02   9.64083E-01
   1.08300E+03   2.50000E-01   2.47076E-01   4.93213E-01   9.71023E-03 
    5.44716E-08   0.00000E+00   2.47834E-02   3.03724E-02   9.37537E-01 
    7.30395E-03   9.60044E-07   2.01093E-06   4.02468E-02   9.59753E-01
   1.07300E+03   2.50000E-01   2.48346E-01   4.91854E-01   9.80016E-03 
    5.30631E-08   0.00000E+00   2.37977E-02   2.93649E-02   9.39545E-01 
    7.28924E-03   9.64073E-07   2.01973E-06   4.44293E-02   9.55571E-01
   1.06300E+03   2.50000E-01   2.49618E-01   4.90489E-01   9.89328E-03 
    5.16725E-08   0.00000E+00   2.28375E-02   2.83706E-02   9.41515E-01 
    7.27384E-03   9.68011E-07   2.02831E-06   4.84682E-02   9.51532E-01
   1.05300E+03   2.50000E-01   2.50890E-01   4.89120E-01   9.98973E-03 
    5.02999E-08   0.00000E+00   2.19029E-02   2.73900E-02   9.43446E-01 
    7.25773E-03   9.71857E-07   2.03665E-06   5.23671E-02   9.47633E-01
   1.04300E+03   2.50000E-01   2.52163E-01   4.87748E-01   1.00896E-02 
    4.89453E-08   0.00000E+00   2.09936E-02   2.64234E-02   9.45339E-01 
    7.24090E-03   9.75611E-07   2.04477E-06   5.61296E-02   9.43870E-01
   1.03300E+03   2.50000E-01   2.53434E-01   4.86373E-01   1.01931E-02 
    4.76089E-08   0.00000E+00   2.01096E-02   2.54712E-02   9.47193E-01 
    7.22333E-03   9.79273E-07   2.05266E-06   5.97592E-02   9.40241E-01
   1.02760E+03   2.50000E-01   2.54119E-01   4.85631E-01   1.02505E-02 
    4.68953E-08   0.00000E+00   1.96430E-02   2.49635E-02   9.48177E-01 
    7.21353E-03   9.81211E-07   2.05683E-06   6.16637E-02   9.38336E-01

 Phase Region for:
     BCC_A2                        
     CEMENTITE                     
     FCC_A1#1                      
 col-1=T, col-2=X(BCC_A2,C), col-3=X(BCC_A2,CR), col-4=X(BCC_A2,FE),
   col-5=X(BCC_A2,MN), col-6=X(BCC_A2,NI), col-7=X(BCC_A2,SI),
   col-8=X(CEMENTITE,C), col-9=X(CEMENTITE,CR), col-10=X(CEMENTITE,FE),
   col-11=X(CEMENTITE,MN), col-12=X(CEMENTITE,NI), col-13=X(CEMENTITE,SI),
   col-14=X(FCC_A1#1,C), col-15=X(FCC_A1#1,CR), col-16=X(FCC_A1#1,FE),
   col-17=X(FCC_A1#1,MN), col-18=X(FCC_A1#1,NI), col-19=X(FCC_A1#1,SI),
   col-20=NP(BCC_A2), col-21=NP(CEMENTITE), col-22=NP(FCC_A1#1),
   1.02760E+03   5.25646E-04   1.60268E-02   9.80830E-01   2.61423E-03 
    4.79696E-07   2.93376E-06   2.50000E-01   2.54118E-01   4.85631E-01 
    1.02505E-02   4.68955E-08   0.00000E+00   1.96430E-02   2.49635E-02 
    9.48177E-01   7.21357E-03   9.81216E-07   2.05682E-06   8.66854E-06 
    6.16644E-02   9.38327E-01
   1.02300E+03   5.22345E-04   1.44049E-02   9.81865E-01   3.20432E-03 
    6.04711E-07   2.59289E-06   2.50000E-01   2.37723E-01   4.98881E-01 
    1.33962E-02   6.17239E-08   0.00000E+00   2.02756E-02   2.28771E-02 
    9.47755E-01   9.08938E-03   1.26282E-06   1.82062E-06   3.52335E-01 
    8.93759E-02   5.58289E-01
   1.01300E+03   4.90493E-04   1.22089E-02   9.82407E-01   4.89016E-03 
    1.02201E-06   2.23707E-06   2.50000E-01   2.14486E-01   5.12946E-01 
    2.25678E-02   1.10838E-07   0.00000E+00   2.08141E-02   1.99005E-02 
    9.44735E-01   1.45464E-02   2.25343E-06   1.60888E-06   8.49842E-01 
    1.32231E-01   1.79276E-02
   1.01252E+03   4.88298E-04   1.21389E-02   9.82388E-01   4.98197E-03 
    1.04856E-06   2.22786E-06   2.50000E-01   2.13750E-01   5.13176E-01 
    2.30736E-02   1.13927E-07   0.00000E+00   2.08146E-02   1.98014E-02 
    9.44532E-01   1.48479E-02   2.31865E-06   1.60508E-06   8.66301E-01 
    1.33699E-01   0.00000E+00

 Phase Region for:
     BCC_A2                        
     CEMENTITE                     
 col-1=T, col-2=X(BCC_A2,C), col-3=X(BCC_A2,CR), col-4=X(BCC_A2,FE),
   col-5=X(BCC_A2,MN), col-6=X(BCC_A2,NI), col-7=X(BCC_A2,SI),
   col-8=X(CEMENTITE,C), col-9=X(CEMENTITE,CR), col-10=X(CEMENTITE,FE),
   col-11=X(CEMENTITE,MN), col-12=X(CEMENTITE,NI), col-13=X(CEMENTITE,SI),
   col-14=NP(BCC_A2), col-15=NP(CEMENTITE),
   1.01252E+03   4.88298E-04   1.21389E-02   9.82388E-01   4.98197E-03 
    1.04856E-06   2.22786E-06   2.50000E-01   2.13750E-01   5.13176E-01 
    2.30736E-02   1.13927E-07   0.00000E+00   8.66301E-01   1.33699E-01  NONE
   1.00300E+03   4.34350E-04   1.16933E-02   9.83023E-01   4.84612E-03 
    1.04878E-06   2.22834E-06   2.50000E-01   2.16351E-01   5.09721E-01 
    2.39272E-02   1.13774E-07   0.00000E+00   8.66114E-01   1.33886E-01  NONE
   9.93000E+02   3.83591E-04   1.12296E-02   9.83680E-01   4.70363E-03 
    1.04900E-06   2.22879E-06   2.50000E-01   2.19077E-01   5.06100E-01 
    2.48224E-02   1.13582E-07   0.00000E+00   8.65938E-01   1.34062E-01  NONE
   9.83000E+02   3.38282E-04   1.07705E-02   9.84327E-01   4.56133E-03 
    1.04921E-06   2.22920E-06   2.50000E-01   2.21795E-01   5.02488E-01 
    2.57168E-02   1.13363E-07   0.00000E+00   8.65781E-01   1.34219E-01  NONE
   9.73000E+02   2.97888E-04   1.03162E-02   9.84963E-01   4.41922E-03 
    1.04939E-06   2.22956E-06   2.50000E-01   2.24502E-01   4.98888E-01 
    2.66103E-02   1.13121E-07   0.00000E+00   8.65641E-01   1.34359E-01  NONE
   9.63000E+02   2.61921E-04   9.86709E-03   9.85590E-01   4.27733E-03 
    1.04957E-06   2.22988E-06   2.50000E-01   2.27194E-01   4.95303E-01 
    2.75029E-02   1.12860E-07   0.00000E+00   8.65516E-01   1.34484E-01  NONE
   9.53000E+02   2.29940E-04   9.42343E-03   9.86208E-01   4.13568E-03 
    1.04973E-06   2.23017E-06   2.50000E-01   2.29868E-01   4.91738E-01 
    2.83946E-02   1.12583E-07   0.00000E+00   8.65405E-01   1.34595E-01  NONE
   9.43000E+02   2.01543E-04   8.98564E-03   9.86815E-01   3.99431E-03 
    1.04988E-06   2.23042E-06   2.50000E-01   2.32519E-01   4.88196E-01 
    2.92850E-02   1.12294E-07   0.00000E+00   8.65307E-01   1.34693E-01  NONE
   9.33000E+02   1.76366E-04   8.55419E-03   9.87413E-01   3.85327E-03 
    1.05003E-06   2.23065E-06   2.50000E-01   2.35144E-01   4.84682E-01 
    3.01741E-02   1.11996E-07   0.00000E+00   8.65220E-01   1.34780E-01  NONE
   9.23000E+02   1.54078E-04   8.12956E-03   9.88000E-01   3.71263E-03 
    1.05016E-06   2.23084E-06   2.50000E-01   2.37739E-01   4.81200E-01 
    3.10613E-02   1.11692E-07   0.00000E+00   8.65142E-01   1.34858E-01  NONE
   9.13000E+02   1.34378E-04   7.71224E-03   9.88578E-01   3.57245E-03 
    1.05028E-06   2.23102E-06   2.50000E-01   2.40298E-01   4.77755E-01 
    3.19462E-02   1.11384E-07   0.00000E+00   8.65074E-01   1.34926E-01  NONE
   9.03000E+02   1.16994E-04   7.30278E-03   9.89144E-01   3.43284E-03 
    1.05039E-06   2.23118E-06   2.50000E-01   2.42818E-01   4.74353E-01 
    3.28282E-02   1.11076E-07   0.00000E+00   8.65014E-01   1.34986E-01  NONE
   8.93000E+02   1.01679E-04   6.90172E-03   9.89699E-01   3.29391E-03 
    1.05050E-06   2.23131E-06   2.50000E-01   2.45295E-01   4.70998E-01 
    3.37065E-02   1.10768E-07   0.00000E+00   8.64961E-01   1.35039E-01  NONE
   8.83000E+02   8.82098E-05   6.50961E-03   9.90243E-01   3.15578E-03 
    1.05060E-06   2.23143E-06   2.50000E-01   2.47723E-01   4.67696E-01 
    3.45805E-02   1.10463E-07   0.00000E+00   8.64914E-01   1.35086E-01  NONE
   8.73000E+02   7.63845E-05   6.12700E-03   9.90775E-01   3.01859E-03 
    1.05069E-06   2.23154E-06   2.50000E-01   2.50099E-01   4.64452E-01 
    3.54490E-02   1.10162E-07   0.00000E+00   8.64874E-01   1.35126E-01  NONE
   8.63000E+02   6.60206E-05   5.75445E-03   9.91294E-01   2.88249E-03 
    1.05077E-06   2.23163E-06   2.50000E-01   2.52418E-01   4.61271E-01 
    3.63112E-02   1.09867E-07   0.00000E+00   8.64838E-01   1.35162E-01  NONE
   8.53000E+02   5.69535E-05   5.39248E-03   9.91800E-01   2.74767E-03 
    1.05085E-06   2.23171E-06   2.50000E-01   2.54676E-01   4.58158E-01 
    3.71659E-02   1.09579E-07   0.00000E+00   8.64806E-01   1.35194E-01  NONE
   8.43000E+02   4.90354E-05   5.04160E-03   9.92292E-01   2.61431E-03 
    1.05093E-06   2.23178E-06   2.50000E-01   2.56870E-01   4.55118E-01 
    3.80118E-02   1.09298E-07   0.00000E+00   8.64779E-01   1.35221E-01  NONE
   8.33000E+02   4.21334E-05   4.70228E-03   9.92770E-01   2.48260E-03 
    1.05099E-06   2.23184E-06   2.50000E-01   2.58995E-01   4.52157E-01 
    3.88477E-02   1.09025E-07   0.00000E+00   8.64755E-01   1.35245E-01  NONE
   8.23000E+02   3.61281E-05   4.37498E-03   9.93233E-01   2.35276E-03 
    1.05106E-06   2.23190E-06   2.50000E-01   2.61048E-01   4.49279E-01 
    3.96722E-02   1.08761E-07   0.00000E+00   8.64734E-01   1.35266E-01  NONE
   8.13000E+02   3.09129E-05   4.06008E-03   9.93681E-01   2.22500E-03 
    1.05112E-06   2.23194E-06   2.50000E-01   2.63027E-01   4.46489E-01 
    4.04838E-02   1.08505E-07   0.00000E+00   8.64716E-01   1.35284E-01  NONE
   8.03000E+02   2.63924E-05   3.75795E-03   9.94113E-01   2.09956E-03 
    1.05117E-06   2.23198E-06   2.50000E-01   2.64928E-01   4.43791E-01 
    4.12811E-02   1.08257E-07   0.00000E+00   8.64701E-01   1.35299E-01  NONE
   7.93000E+02   2.24817E-05   3.46887E-03   9.94529E-01   1.97665E-03 
    1.05123E-06   2.23202E-06   2.50000E-01   2.66749E-01   4.41188E-01 
    4.20626E-02   1.08017E-07   0.00000E+00   8.64687E-01   1.35313E-01  NONE
   7.83000E+02   1.91053E-05   3.19309E-03   9.94928E-01   1.85652E-03 
    1.05127E-06   2.23205E-06   2.50000E-01   2.68488E-01   4.38685E-01 
    4.28267E-02   1.07784E-07   0.00000E+00   8.64675E-01   1.35325E-01  NONE
   7.73000E+02   1.61960E-05   2.93077E-03   9.95310E-01   1.73939E-03 
    1.05132E-06   2.23208E-06   2.50000E-01   2.70145E-01   4.36283E-01 
    4.35721E-02   1.07556E-07   0.00000E+00   8.64665E-01   1.35335E-01  NONE
   7.63000E+02   1.36944E-05   2.68203E-03   9.95676E-01   1.62548E-03 
    1.05137E-06   2.23210E-06   2.50000E-01   2.71717E-01   4.33986E-01 
    4.42971E-02   1.07334E-07   0.00000E+00   8.64657E-01   1.35343E-01  NONE
   7.53000E+02   1.15480E-05   2.44691E-03   9.96023E-01   1.51502E-03 
    1.05141E-06   2.23212E-06   2.50000E-01   2.73204E-01   4.31796E-01 
    4.50004E-02   1.07114E-07   0.00000E+00   8.64649E-01   1.35351E-01  NONE
   7.43000E+02   9.71041E-06   2.22539E-03   9.96353E-01   1.40819E-03 
    1.05145E-06   2.23213E-06   2.50000E-01   2.74606E-01   4.29713E-01 
    4.56807E-02   1.06895E-07   0.00000E+00   8.64643E-01   1.35357E-01  NONE
   7.33000E+02   8.14084E-06   2.01738E-03   9.96666E-01   1.30521E-03 
    1.05149E-06   2.23215E-06   2.50000E-01   2.75924E-01   4.27739E-01 
    4.63368E-02   1.06675E-07   0.00000E+00   8.64637E-01   1.35363E-01  NONE
   7.23000E+02   6.80343E-06   1.82272E-03   9.96961E-01   1.20622E-03 
    1.05153E-06   2.23216E-06   2.50000E-01   2.77158E-01   4.25874E-01 
    4.69675E-02   1.06453E-07   0.00000E+00   8.64633E-01   1.35367E-01  NONE
   7.13000E+02   5.66673E-06   1.64120E-03   9.97238E-01   1.11139E-03 
    1.05157E-06   2.23217E-06   2.50000E-01   2.78309E-01   4.24119E-01 
    4.75719E-02   1.06226E-07   0.00000E+00   8.64629E-01   1.35371E-01  NONE
   7.03000E+02   4.70320E-06   1.47253E-03   9.97499E-01   1.02085E-03 
    1.05161E-06   2.23218E-06   2.50000E-01   2.79380E-01   4.22471E-01 
    4.81490E-02   1.05991E-07   0.00000E+00   8.64626E-01   1.35374E-01  NONE
   6.93000E+02   3.88880E-06   1.31638E-03   9.97742E-01   9.34683E-04 
    1.05165E-06   2.23219E-06   2.50000E-01   2.80371E-01   4.20930E-01 
    4.86984E-02   1.05745E-07   0.00000E+00   8.64623E-01   1.35377E-01  NONE
   6.83000E+02   3.20251E-06   1.17237E-03   9.97968E-01   8.52980E-04 
    1.05169E-06   2.23219E-06   2.50000E-01   2.81286E-01   4.19494E-01 
    4.92193E-02   1.05486E-07   0.00000E+00   8.64620E-01   1.35380E-01  NONE
   6.73000E+02   2.62607E-06   1.04007E-03   9.98178E-01   7.75785E-04 
    1.05174E-06   2.23220E-06   2.50000E-01   2.82127E-01   4.18161E-01 
    4.97116E-02   1.05211E-07   0.00000E+00   8.64618E-01   1.35382E-01  NONE
