
 Phase Region for:
     FCC_A1#1                      
 col-1=T, col-2=X(FCC_A1#1,C), col-3=X(FCC_A1#1,CR), col-4=X(FCC_A1#1,FE),
   col-5=X(FCC_A1#1,MN), col-6=X(FCC_A1#1,NI), col-7=X(FCC_A1#1,SI),
   col-8=NP(FCC_A1#1),
   1.17300E+03   3.32202E-02   1.02317E-06   9.16894E-01   7.26359E-03 
    9.06474E-07   4.26204E-02   1.00000E+00
   1.18300E+03   3.32202E-02   1.02317E-06   9.16894E-01   7.26359E-03 
    9.06474E-07   4.26204E-02   1.00000E+00
   1.19300E+03   3.32202E-02   1.02317E-06   9.16894E-01   7.26359E-03 
    9.06474E-07   4.26204E-02   1.00000E+00
   1.20300E+03   3.32202E-02   1.02317E-06   9.16894E-01   7.26359E-03 
    9.06474E-07   4.26204E-02   1.00000E+00
   1.21300E+03   3.32202E-02   1.02317E-06   9.16894E-01   7.26359E-03 
    9.06474E-07   4.26204E-02   1.00000E+00
   1.22300E+03   3.32202E-02   1.02317E-06   9.16894E-01   7.26359E-03 
    9.06474E-07   4.26204E-02   1.00000E+00
   1.23300E+03   3.32202E-02   1.02317E-06   9.16894E-01   7.26359E-03 
    9.06474E-07   4.26204E-02   1.00000E+00
   1.24300E+03   3.32202E-02   1.02317E-06   9.16894E-01   7.26359E-03 
    9.06474E-07   4.26204E-02   1.00000E+00
   1.25300E+03   3.32202E-02   1.02317E-06   9.16894E-01   7.26359E-03 
    9.06474E-07   4.26204E-02   1.00000E+00
   1.26300E+03   3.32202E-02   1.02317E-06   9.16894E-01   7.26359E-03 
    9.06474E-07   4.26204E-02   1.00000E+00
   1.27300E+03   3.32202E-02   1.02317E-06   9.16894E-01   7.26359E-03 
    9.06474E-07   4.26204E-02   1.00000E+00
   1.28300E+03   3.32202E-02   1.02317E-06   9.16894E-01   7.26359E-03 
    9.06474E-07   4.26204E-02   1.00000E+00
   1.29300E+03   3.32202E-02   1.02317E-06   9.16894E-01   7.26359E-03 
    9.06474E-07   4.26204E-02   1.00000E+00
   1.30300E+03   3.32202E-02   1.02317E-06   9.16894E-01   7.26359E-03 
    9.06474E-07   4.26204E-02   1.00000E+00
   1.31300E+03   3.32202E-02   1.02317E-06   9.16894E-01   7.26359E-03 
    9.06474E-07   4.26204E-02   1.00000E+00
   1.32300E+03   3.32202E-02   1.02317E-06   9.16894E-01   7.26359E-03 
    9.06474E-07   4.26204E-02   1.00000E+00
   1.33300E+03   3.32202E-02   1.02317E-06   9.16894E-01   7.26359E-03 
    9.06474E-07   4.26204E-02   1.00000E+00
   1.34300E+03   3.32202E-02   1.02317E-06   9.16894E-01   7.26359E-03 
    9.06474E-07   4.26204E-02   1.00000E+00
   1.35300E+03   3.32202E-02   1.02317E-06   9.16894E-01   7.26359E-03 
    9.06474E-07   4.26204E-02   1.00000E+00
   1.36300E+03   3.32202E-02   1.02317E-06   9.16894E-01   7.26359E-03 
    9.06474E-07   4.26204E-02   1.00000E+00
   1.37300E+03   3.32202E-02   1.02317E-06   9.16894E-01   7.26359E-03 
    9.06474E-07   4.26204E-02   1.00000E+00
   1.38300E+03   3.32202E-02   1.02317E-06   9.16894E-01   7.26359E-03 
    9.06474E-07   4.26204E-02   1.00000E+00
   1.39300E+03   3.32202E-02   1.02317E-06   9.16894E-01   7.26359E-03 
    9.06474E-07   4.26204E-02   1.00000E+00
   1.40300E+03   3.32202E-02   1.02317E-06   9.16894E-01   7.26359E-03 
    9.06474E-07   4.26204E-02   1.00000E+00
   1.41300E+03   3.32202E-02   1.02317E-06   9.16894E-01   7.26359E-03 
    9.06474E-07   4.26204E-02   1.00000E+00
   1.42300E+03   3.32202E-02   1.02317E-06   9.16894E-01   7.26359E-03 
    9.06474E-07   4.26204E-02   1.00000E+00
   1.43300E+03   3.32202E-02   1.02317E-06   9.16894E-01   7.26359E-03 
    9.06474E-07   4.26204E-02   1.00000E+00
   1.44300E+03   3.32202E-02   1.02317E-06   9.16894E-01   7.26359E-03 
    9.06474E-07   4.26204E-02   1.00000E+00
   1.45300E+03   3.32202E-02   1.02317E-06   9.16894E-01   7.26359E-03 
    9.06474E-07   4.26204E-02   1.00000E+00
   1.46300E+03   3.32202E-02   1.02317E-06   9.16894E-01   7.26359E-03 
    9.06474E-07   4.26204E-02   1.00000E+00
   1.47300E+03   3.32202E-02   1.02317E-06   9.16894E-01   7.26359E-03 
    9.06474E-07   4.26204E-02   1.00000E+00

 Phase Region for:
     FCC_A1#1                      
 col-1=T, col-2=X(FCC_A1#1,C), col-3=X(FCC_A1#1,CR), col-4=X(FCC_A1#1,FE),
   col-5=X(FCC_A1#1,MN), col-6=X(FCC_A1#1,NI), col-7=X(FCC_A1#1,SI),
   col-8=NP(FCC_A1#1),
   1.17300E+03   3.32202E-02   1.02317E-06   9.16894E-01   7.26359E-03 
    9.06474E-07   4.26204E-02   1.00000E+00
   1.16300E+03   3.32202E-02   1.02317E-06   9.16894E-01   7.26359E-03 
    9.06474E-07   4.26204E-02   1.00000E+00
   1.15300E+03   3.32202E-02   1.02317E-06   9.16894E-01   7.26359E-03 
    9.06474E-07   4.26204E-02   1.00000E+00
   1.14300E+03   3.32202E-02   1.02317E-06   9.16894E-01   7.26359E-03 
    9.06474E-07   4.26204E-02   1.00000E+00
   1.13300E+03   3.32202E-02   1.02317E-06   9.16894E-01   7.26359E-03 
    9.06474E-07   4.26204E-02   1.00000E+00
   1.12300E+03   3.32202E-02   1.02317E-06   9.16894E-01   7.26359E-03 
    9.06474E-07   4.26204E-02   1.00000E+00
   1.11300E+03   3.32202E-02   1.02317E-06   9.16894E-01   7.26359E-03 
    9.06474E-07   4.26204E-02   1.00000E+00
   1.10300E+03   3.32202E-02   1.02317E-06   9.16894E-01   7.26359E-03 
    9.06474E-07   4.26204E-02   1.00000E+00
   1.09300E+03   3.32202E-02   1.02317E-06   9.16894E-01   7.26359E-03 
    9.06474E-07   4.26204E-02   1.00000E+00
   1.08300E+03   3.32202E-02   1.02317E-06   9.16894E-01   7.26359E-03 
    9.06474E-07   4.26204E-02   1.00000E+00
   1.07300E+03   3.32202E-02   1.02317E-06   9.16894E-01   7.26359E-03 
    9.06474E-07   4.26204E-02   1.00000E+00
   1.06300E+03   3.32202E-02   1.02317E-06   9.16894E-01   7.26359E-03 
    9.06474E-07   4.26204E-02   1.00000E+00
   1.05300E+03   3.32202E-02   1.02317E-06   9.16894E-01   7.26359E-03 
    9.06474E-07   4.26204E-02   1.00000E+00
   1.04300E+03   3.32202E-02   1.02317E-06   9.16894E-01   7.26359E-03 
    9.06474E-07   4.26204E-02   1.00000E+00
   1.03705E+03   3.32202E-02   1.02317E-06   9.16894E-01   7.26359E-03 
    9.06474E-07   4.26204E-02   1.00000E+00

 Phase Region for:
     BCC_A2                        
     FCC_A1#1                      
 col-1=T, col-2=X(BCC_A2,C), col-3=X(BCC_A2,CR), col-4=X(BCC_A2,FE),
   col-5=X(BCC_A2,MN), col-6=X(BCC_A2,NI), col-7=X(BCC_A2,SI),
   col-8=X(FCC_A1#1,C), col-9=X(FCC_A1#1,CR), col-10=X(FCC_A1#1,FE),
   col-11=X(FCC_A1#1,MN), col-12=X(FCC_A1#1,NI), col-13=X(FCC_A1#1,SI),
   col-14=NP(BCC_A2), col-15=NP(FCC_A1#1),
   1.03705E+03   9.95821E-04   5.55646E-07   9.37768E-01   2.82578E-03 
    4.73037E-07   5.84099E-02   3.32202E-02   1.02317E-06   9.16894E-01 
    7.26359E-03   9.06475E-07   4.26203E-02   5.97053E-07   9.99999E-01
   1.03300E+03   9.95760E-04   5.53375E-07   9.38005E-01   2.82147E-03 
    4.76281E-07   5.81772E-02   3.40097E-02   1.03469E-06   9.16377E-01 
    7.37243E-03   9.17015E-07   4.22392E-02   2.39159E-02   9.76084E-01
   1.02300E+03   9.96128E-04   5.47252E-07   9.38581E-01   2.80634E-03 
    4.84301E-07   5.76157E-02   3.60586E-02   1.06510E-06   9.14984E-01 
    7.65621E-03   9.43662E-07   4.12995E-02   8.09545E-02   9.19046E-01
   1.01300E+03   9.97286E-04   5.40332E-07   9.39146E-01   2.78404E-03 
    4.92280E-07   5.70719E-02   3.82540E-02   1.09860E-06   9.13418E-01 
    7.96338E-03   9.71179E-07   4.03627E-02   1.35112E-01   8.64888E-01
   1.00300E+03   9.99430E-04   5.32434E-07   9.39710E-01   2.75142E-03 
    5.00043E-07   5.65380E-02   4.06062E-02   1.13567E-06   9.11664E-01 
    8.29793E-03   9.99642E-07   3.94300E-02   1.86485E-01   8.13515E-01
   9.93000E+02   1.00493E-03   5.22343E-07   9.40377E-01   2.68207E-03 
    5.06331E-07   5.59352E-02   4.31619E-02   1.17773E-06   9.09647E-01 
    8.67746E-03   1.02996E-06   3.85113E-02   2.35826E-01   7.64174E-01
   9.83000E+02   1.01181E-03   5.12030E-07   9.40962E-01   2.62320E-03 
    5.13642E-07   5.54015E-02   4.59346E-02   1.22495E-06   9.07393E-01 
    9.09542E-03   1.06155E-06   3.75749E-02   2.83030E-01   7.16970E-01
   9.73000E+02   1.01917E-03   5.01291E-07   9.41478E-01   2.57152E-03 
    5.21656E-07   5.49305E-02   4.89038E-02   1.27736E-06   9.04920E-01 
    9.54889E-03   1.09390E-06   3.66247E-02   3.27529E-01   6.72471E-01
   9.63000E+02   1.02626E-03   4.89967E-07   9.41933E-01   2.52449E-03 
    5.30113E-07   5.45154E-02   5.20496E-02   1.33504E-06   9.02249E-01 
    1.00354E-02   1.12660E-06   3.56632E-02   3.69036E-01   6.30964E-01
   9.53000E+02   1.03248E-03   4.77939E-07   9.42337E-01   2.48016E-03 
    5.38802E-07   5.41493E-02   5.53537E-02   1.39810E-06   8.99398E-01 
    1.05529E-02   1.15930E-06   3.46926E-02   4.07457E-01   5.92543E-01
   9.43000E+02   1.03735E-03   4.65122E-07   9.42699E-01   2.43699E-03 
    5.47555E-07   5.38259E-02   5.87989E-02   1.46671E-06   8.96384E-01 
    1.10997E-02   1.19174E-06   3.37142E-02   4.42833E-01   5.57167E-01
   9.33000E+02   1.04051E-03   4.51460E-07   9.43025E-01   2.39383E-03 
    5.56239E-07   5.35392E-02   6.23690E-02   1.54104E-06   8.93224E-01 
    1.16747E-02   1.22372E-06   3.27299E-02   4.75290E-01   5.24710E-01
   9.23000E+02   1.04167E-03   4.36922E-07   9.43323E-01   2.34980E-03 
    5.64750E-07   5.32842E-02   6.60492E-02   1.62128E-06   8.89930E-01 
    1.22767E-02   1.25511E-06   3.17409E-02   5.05004E-01   4.94996E-01
   9.13000E+02   1.04063E-03   4.21501E-07   9.43598E-01   2.30423E-03 
    5.73008E-07   5.30563E-02   6.98257E-02   1.70760E-06   8.86517E-01 
    1.29051E-02   1.28581E-06   3.07491E-02   5.32173E-01   4.67827E-01
   9.03000E+02   1.03725E-03   4.05209E-07   9.43854E-01   2.25664E-03 
    5.80950E-07   5.28516E-02   7.36859E-02   1.80018E-06   8.82996E-01 
    1.35592E-02   1.31578E-06   2.97560E-02   5.57006E-01   4.42994E-01
   8.93000E+02   1.03144E-03   3.88080E-07   9.44094E-01   2.20668E-03 
    5.88531E-07   5.26668E-02   7.76182E-02   1.89916E-06   8.79377E-01 
    1.42386E-02   1.34502E-06   2.87632E-02   5.79709E-01   4.20291E-01
   8.83000E+02   1.02318E-03   3.70166E-07   9.44323E-01   2.15410E-03 
    5.95720E-07   5.24992E-02   8.16120E-02   2.00464E-06   8.75669E-01 
    1.49431E-02   1.37354E-06   2.77726E-02   6.00478E-01   3.99522E-01
   8.73000E+02   1.01245E-03   3.51539E-07   9.44542E-01   2.09883E-03 
    6.02485E-07   5.23463E-02   8.56576E-02   2.11667E-06   8.71881E-01 
    1.56724E-02   1.40140E-06   2.67856E-02   6.19497E-01   3.80503E-01
   8.63000E+02   9.99316E-04   3.32290E-07   9.44753E-01   2.04079E-03 
    6.08814E-07   5.22060E-02   8.97465E-02   2.23522E-06   8.68020E-01 
    1.64262E-02   1.42867E-06   2.58038E-02   6.36937E-01   3.63063E-01
   8.53000E+02   9.83831E-04   3.12527E-07   9.44958E-01   1.97999E-03 
    6.14696E-07   5.20768E-02   9.38706E-02   2.36021E-06   8.64093E-01 
    1.72043E-02   1.45544E-06   2.48287E-02   6.52950E-01   3.47050E-01
   8.43000E+02   9.66094E-04   2.92373E-07   9.45159E-01   1.91650E-03 
    6.20125E-07   5.19571E-02   9.80231E-02   2.49146E-06   8.60105E-01 
    1.80067E-02   1.48179E-06   2.38616E-02   6.67679E-01   3.32321E-01
   8.33000E+02   9.46220E-04   2.71970E-07   9.45357E-01   1.85044E-03 
    6.25098E-07   5.18456E-02   1.02198E-01   2.62868E-06   8.56062E-01 
    1.88328E-02   1.50784E-06   2.29038E-02   6.81249E-01   3.18751E-01
   8.23000E+02   9.24343E-04   2.51471E-07   9.45551E-01   1.78199E-03 
    6.29616E-07   5.17413E-02   1.06388E-01   2.77152E-06   8.51969E-01 
    1.96825E-02   1.53371E-06   2.19563E-02   6.93774E-01   3.06226E-01
   8.13000E+02   9.00610E-04   2.31040E-07   9.45744E-01   1.71134E-03 
    6.33681E-07   5.16433E-02   1.10590E-01   2.91948E-06   8.47830E-01 
    2.05552E-02   1.55952E-06   2.10203E-02   7.05355E-01   2.94645E-01
   8.03000E+02   8.75179E-04   2.10846E-07   9.45935E-01   1.63873E-03 
    6.37297E-07   5.15507E-02   1.14800E-01   3.07200E-06   8.43649E-01 
    2.14504E-02   1.58538E-06   2.00966E-02   7.16084E-01   2.83916E-01
   7.93000E+02   8.48220E-04   1.91061E-07   9.46124E-01   1.56443E-03 
    6.40469E-07   5.14629E-02   1.19012E-01   3.22842E-06   8.39430E-01 
    2.23674E-02   1.61144E-06   1.91861E-02   7.26041E-01   2.73959E-01
   7.83000E+02   8.19906E-04   1.71854E-07   9.46311E-01   1.48874E-03 
    6.43201E-07   5.13793E-02   1.23223E-01   3.38801E-06   8.35177E-01 
    2.33052E-02   1.63781E-06   1.82895E-02   7.35299E-01   2.64701E-01
   7.73000E+02   7.90416E-04   1.53385E-07   9.46498E-01   1.41199E-03 
    6.45500E-07   5.12992E-02   1.27431E-01   3.54997E-06   8.30894E-01 
    2.42629E-02   1.66462E-06   1.74076E-02   7.43922E-01   2.56078E-01
   7.63000E+02   7.59930E-04   1.35801E-07   9.46682E-01   1.33450E-03 
    6.47370E-07   5.12224E-02   1.31632E-01   3.71348E-06   8.26582E-01 
    2.52392E-02   1.69202E-06   1.65411E-02   7.51970E-01   2.48030E-01
   7.53000E+02   7.28631E-04   1.19230E-07   9.46866E-01   1.25666E-03 
    6.48817E-07   5.11482E-02   1.35824E-01   3.87770E-06   8.22247E-01 
    2.62326E-02   1.72012E-06   1.56905E-02   7.59492E-01   2.40508E-01
   7.43000E+02   6.96697E-04   1.03778E-07   9.47047E-01   1.17883E-03 
    6.49845E-07   5.10764E-02   1.40004E-01   4.04183E-06   8.17892E-01 
    2.72417E-02   1.74906E-06   1.48565E-02   7.66535E-01   2.33465E-01
   7.33000E+02   6.64307E-04   8.95233E-08   9.47227E-01   1.10139E-03 
    6.50460E-07   5.10066E-02   1.44171E-01   4.20507E-06   8.13519E-01 
    2.82644E-02   1.77897E-06   1.40398E-02   7.73140E-01   2.26860E-01
   7.23000E+02   6.31632E-04   7.65188E-08   9.47404E-01   1.02475E-03 
    6.50664E-07   5.09385E-02   1.48322E-01   4.36672E-06   8.09132E-01 
    2.92990E-02   1.80999E-06   1.32409E-02   7.79345E-01   2.20655E-01
   7.13000E+02   5.98840E-04   6.47875E-08   9.47579E-01   9.49277E-04 
    6.50460E-07   5.08718E-02   1.52454E-01   4.52617E-06   8.04736E-01 
    3.03430E-02   1.84223E-06   1.24606E-02   7.85182E-01   2.14818E-01
   7.03000E+02   5.66091E-04   5.43253E-08   9.47752E-01   8.75368E-04 
    6.49850E-07   5.08062E-02   1.56567E-01   4.68288E-06   8.00333E-01 
    3.13943E-02   1.87584E-06   1.16993E-02   7.90680E-01   2.09320E-01
   6.93000E+02   5.33537E-04   4.51028E-08   9.47921E-01   8.03393E-04 
    6.48837E-07   5.07415E-02   1.60657E-01   4.83644E-06   7.95928E-01 
    3.24503E-02   1.91094E-06   1.09579E-02   7.95867E-01   2.04133E-01
   6.83000E+02   5.01322E-04   3.70678E-08   9.48087E-01   7.33703E-04 
    6.47420E-07   5.06775E-02   1.64724E-01   4.98654E-06   7.91524E-01 
    3.35085E-02   1.94767E-06   1.02371E-02   8.00765E-01   1.99235E-01
   6.73000E+02   4.69580E-04   3.01502E-08   9.48249E-01   6.66628E-04 
    6.45598E-07   5.06139E-02   1.68764E-01   5.13298E-06   7.87125E-01 
    3.45663E-02   1.98616E-06   9.53753E-03   8.05397E-01   1.94603E-01
