
 Phase Region for:
     CEMENTITE                     
     FCC_A1#1                      
 col-1=T, col-2=X(CEMENTITE,C), col-3=X(CEMENTITE,CR), col-4=X(CEMENTITE,FE),
   col-5=X(CEMENTITE,MN), col-6=X(CEMENTITE,NI), col-7=X(CEMENTITE,SI),
   col-8=X(FCC_A1#1,C), col-9=X(FCC_A1#1,CR), col-10=X(FCC_A1#1,FE),
   col-11=X(FCC_A1#1,MN), col-12=X(FCC_A1#1,NI), col-13=X(FCC_A1#1,SI),
   col-14=NP(CEMENTITE), col-15=NP(FCC_A1#1),
   1.17300E+03   2.50000E-01   2.56708E-01   4.84992E-01   6.63056E-03 
    1.66897E-03   0.00000E+00   2.72479E-02   4.55910E-02   8.67123E-01 
    7.31668E-03   2.33660E-02   2.93557E-02   2.75138E-02   9.72486E-01
   1.18300E+03   2.50000E-01   2.55231E-01   4.86454E-01   6.60220E-03 
    1.71300E-03   0.00000E+00   2.83607E-02   4.66800E-02   8.65180E-01 
    7.31391E-03   2.32566E-02   2.92091E-02   2.26310E-02   9.77369E-01
   1.19300E+03   2.50000E-01   2.53791E-01   4.87877E-01   6.57491E-03 
    1.75750E-03   0.00000E+00   2.94993E-02   4.77771E-02   8.63209E-01 
    7.31074E-03   2.31451E-02   2.90590E-02   1.75839E-02   9.82416E-01
   1.20300E+03   2.50000E-01   2.52388E-01   4.89261E-01   6.54864E-03 
    1.80246E-03   0.00000E+00   3.06637E-02   4.88826E-02   8.61209E-01 
    7.30718E-03   2.30316E-02   2.89055E-02   1.23686E-02   9.87631E-01
   1.21300E+03   2.50000E-01   2.51022E-01   4.90607E-01   6.52338E-03 
    1.84788E-03   0.00000E+00   3.18538E-02   4.99963E-02   8.59182E-01 
    7.30325E-03   2.29161E-02   2.87487E-02   6.98084E-03   9.93019E-01
   1.22300E+03   2.50000E-01   2.49694E-01   4.91913E-01   6.49910E-03 
    1.89374E-03   0.00000E+00   3.30694E-02   5.11184E-02   8.57126E-01 
    7.29893E-03   2.27987E-02   2.85885E-02   1.41638E-03   9.98584E-01
   1.22549E+03   2.50000E-01   2.49369E-01   4.92232E-01   6.49319E-03 
    1.90525E-03   0.00000E+00   3.33766E-02   5.13997E-02   8.56609E-01 
    7.29780E-03   2.27690E-02   2.85480E-02   0.00000E+00   1.00000E+00

 Phase Region for:
     FCC_A1#1                      
 col-1=T, col-2=X(FCC_A1#1,C), col-3=X(FCC_A1#1,CR), col-4=X(FCC_A1#1,FE),
   col-5=X(FCC_A1#1,MN), col-6=X(FCC_A1#1,NI), col-7=X(FCC_A1#1,SI),
   col-8=NP(FCC_A1#1),
   1.22549E+03   3.33766E-02   5.13997E-02   8.56609E-01   7.29780E-03 
    2.27690E-02   2.85480E-02   1.00000E+00
   1.23300E+03   3.33766E-02   5.13997E-02   8.56609E-01   7.29780E-03 
    2.27690E-02   2.85480E-02   1.00000E+00
   1.24300E+03   3.33766E-02   5.13997E-02   8.56609E-01   7.29780E-03 
    2.27690E-02   2.85480E-02   1.00000E+00
   1.25300E+03   3.33766E-02   5.13997E-02   8.56609E-01   7.29780E-03 
    2.27690E-02   2.85480E-02   1.00000E+00
   1.26300E+03   3.33766E-02   5.13997E-02   8.56609E-01   7.29780E-03 
    2.27690E-02   2.85480E-02   1.00000E+00
   1.27300E+03   3.33766E-02   5.13997E-02   8.56609E-01   7.29780E-03 
    2.27690E-02   2.85480E-02   1.00000E+00
   1.28300E+03   3.33766E-02   5.13997E-02   8.56609E-01   7.29780E-03 
    2.27690E-02   2.85480E-02   1.00000E+00
   1.29300E+03   3.33766E-02   5.13997E-02   8.56609E-01   7.29780E-03 
    2.27690E-02   2.85480E-02   1.00000E+00
   1.30300E+03   3.33766E-02   5.13997E-02   8.56609E-01   7.29780E-03 
    2.27690E-02   2.85480E-02   1.00000E+00
   1.31300E+03   3.33766E-02   5.13997E-02   8.56609E-01   7.29780E-03 
    2.27690E-02   2.85480E-02   1.00000E+00
   1.32300E+03   3.33766E-02   5.13997E-02   8.56609E-01   7.29780E-03 
    2.27690E-02   2.85480E-02   1.00000E+00
   1.33300E+03   3.33766E-02   5.13997E-02   8.56609E-01   7.29780E-03 
    2.27690E-02   2.85480E-02   1.00000E+00
   1.34300E+03   3.33766E-02   5.13997E-02   8.56609E-01   7.29780E-03 
    2.27690E-02   2.85480E-02   1.00000E+00
   1.35300E+03   3.33766E-02   5.13997E-02   8.56609E-01   7.29780E-03 
    2.27690E-02   2.85480E-02   1.00000E+00
   1.36300E+03   3.33766E-02   5.13997E-02   8.56609E-01   7.29780E-03 
    2.27690E-02   2.85480E-02   1.00000E+00
   1.37300E+03   3.33766E-02   5.13997E-02   8.56609E-01   7.29780E-03 
    2.27690E-02   2.85480E-02   1.00000E+00
   1.38300E+03   3.33766E-02   5.13997E-02   8.56609E-01   7.29780E-03 
    2.27690E-02   2.85480E-02   1.00000E+00
   1.39300E+03   3.33766E-02   5.13997E-02   8.56609E-01   7.29780E-03 
    2.27690E-02   2.85480E-02   1.00000E+00
   1.40300E+03   3.33766E-02   5.13997E-02   8.56609E-01   7.29780E-03 
    2.27690E-02   2.85480E-02   1.00000E+00
   1.41300E+03   3.33766E-02   5.13997E-02   8.56609E-01   7.29780E-03 
    2.27690E-02   2.85480E-02   1.00000E+00
   1.42300E+03   3.33766E-02   5.13997E-02   8.56609E-01   7.29780E-03 
    2.27690E-02   2.85480E-02   1.00000E+00
   1.43300E+03   3.33766E-02   5.13997E-02   8.56609E-01   7.29780E-03 
    2.27690E-02   2.85480E-02   1.00000E+00
   1.44300E+03   3.33766E-02   5.13997E-02   8.56609E-01   7.29780E-03 
    2.27690E-02   2.85480E-02   1.00000E+00
   1.45300E+03   3.33766E-02   5.13997E-02   8.56609E-01   7.29780E-03 
    2.27690E-02   2.85480E-02   1.00000E+00
   1.46300E+03   3.33766E-02   5.13997E-02   8.56609E-01   7.29780E-03 
    2.27690E-02   2.85480E-02   1.00000E+00
   1.47300E+03   3.33766E-02   5.13997E-02   8.56609E-01   7.29780E-03 
    2.27690E-02   2.85480E-02   1.00000E+00

 Phase Region for:
     CEMENTITE                     
     FCC_A1#1                      
 col-1=T, col-2=X(CEMENTITE,C), col-3=X(CEMENTITE,CR), col-4=X(CEMENTITE,FE),
   col-5=X(CEMENTITE,MN), col-6=X(CEMENTITE,NI), col-7=X(CEMENTITE,SI),
   col-8=X(FCC_A1#1,C), col-9=X(FCC_A1#1,CR), col-10=X(FCC_A1#1,FE),
   col-11=X(FCC_A1#1,MN), col-12=X(FCC_A1#1,NI), col-13=X(FCC_A1#1,SI),
   col-14=NP(CEMENTITE), col-15=NP(FCC_A1#1),
   1.17300E+03   2.50000E-01   2.56708E-01   4.84992E-01   6.63056E-03 
    1.66897E-03   0.00000E+00   2.72479E-02   4.55910E-02   8.67123E-01 
    7.31668E-03   2.33660E-02   2.93557E-02   2.75138E-02   9.72486E-01
   1.16300E+03   2.50000E-01   2.58223E-01   4.83491E-01   6.66002E-03 
    1.62543E-03   0.00000E+00   2.61609E-02   4.45104E-02   8.69037E-01 
    7.31905E-03   2.34733E-02   2.94990E-02   3.22363E-02   9.67764E-01
   1.15300E+03   2.50000E-01   2.59775E-01   4.81952E-01   6.69060E-03 
    1.58239E-03   0.00000E+00   2.50998E-02   4.34380E-02   8.70924E-01 
    7.32100E-03   2.35786E-02   2.96388E-02   3.68021E-02   9.63198E-01
   1.14300E+03   2.50000E-01   2.61365E-01   4.80373E-01   6.72235E-03 
    1.53985E-03   0.00000E+00   2.40647E-02   4.23740E-02   8.72782E-01 
    7.32254E-03   2.36816E-02   2.97752E-02   4.12150E-02   9.58785E-01
   1.13300E+03   2.50000E-01   2.62991E-01   4.78756E-01   6.75531E-03 
    1.49782E-03   0.00000E+00   2.30555E-02   4.13183E-02   8.74612E-01 
    7.32365E-03   2.37825E-02   2.99082E-02   4.54785E-02   9.54521E-01
   1.12300E+03   2.50000E-01   2.64655E-01   4.77099E-01   6.78951E-03 
    1.45632E-03   0.00000E+00   2.20723E-02   4.02711E-02   8.76413E-01 
    7.32433E-03   2.38812E-02   3.00378E-02   4.95961E-02   9.50404E-01
   1.11300E+03   2.50000E-01   2.66355E-01   4.75404E-01   6.82500E-03 
    1.41536E-03   0.00000E+00   2.11150E-02   3.92325E-02   8.78186E-01 
    7.32456E-03   2.39777E-02   3.01639E-02   5.35710E-02   9.46429E-01
   1.10300E+03   2.50000E-01   2.68093E-01   4.73670E-01   6.86183E-03 
    1.37493E-03   0.00000E+00   2.01836E-02   3.82024E-02   8.79931E-01 
    7.32435E-03   2.40720E-02   3.02867E-02   5.74066E-02   9.42593E-01
   1.09300E+03   2.50000E-01   2.69868E-01   4.71897E-01   6.90005E-03 
    1.33506E-03   0.00000E+00   1.92781E-02   3.71811E-02   8.81647E-01 
    7.32369E-03   2.41640E-02   3.04060E-02   6.11061E-02   9.38894E-01
   1.08300E+03   2.50000E-01   2.71680E-01   4.70085E-01   6.93971E-03 
    1.29574E-03   0.00000E+00   1.83983E-02   3.61686E-02   8.83335E-01 
    7.32256E-03   2.42538E-02   3.05220E-02   6.46725E-02   9.35327E-01
   1.07300E+03   2.50000E-01   2.73528E-01   4.68234E-01   6.98086E-03 
    1.25699E-03   0.00000E+00   1.75443E-02   3.51650E-02   8.84994E-01 
    7.32097E-03   2.43413E-02   3.06345E-02   6.81090E-02   9.31891E-01
   1.06300E+03   2.50000E-01   2.75413E-01   4.66344E-01   7.02358E-03 
    1.21881E-03   0.00000E+00   1.67158E-02   3.41705E-02   8.86625E-01 
    7.31889E-03   2.44265E-02   3.07437E-02   7.14185E-02   9.28582E-01
   1.05300E+03   2.50000E-01   2.77335E-01   4.64416E-01   7.06791E-03 
    1.18122E-03   0.00000E+00   1.59128E-02   3.31851E-02   8.88227E-01 
    7.31634E-03   2.45094E-02   3.08495E-02   7.46039E-02   9.25396E-01
   1.04300E+03   2.50000E-01   2.79294E-01   4.62448E-01   7.11394E-03 
    1.14422E-03   0.00000E+00   1.51351E-02   3.22091E-02   8.89800E-01 
    7.31328E-03   2.45900E-02   3.09520E-02   7.76680E-02   9.22332E-01
   1.03300E+03   2.50000E-01   2.81288E-01   4.60443E-01   7.16174E-03 
    1.10781E-03   0.00000E+00   1.43826E-02   3.12425E-02   8.91346E-01 
    7.30973E-03   2.46684E-02   3.10512E-02   8.06139E-02   9.19386E-01
   1.02300E+03   2.50000E-01   2.83318E-01   4.58399E-01   7.21138E-03 
    1.07200E-03   0.00000E+00   1.36550E-02   3.02856E-02   8.92862E-01 
    7.30567E-03   2.47444E-02   3.11471E-02   8.34441E-02   9.16556E-01
   1.02162E+03   2.50000E-01   2.83601E-01   4.58114E-01   7.21837E-03 
    1.06711E-03   0.00000E+00   1.35567E-02   3.01545E-02   8.93069E-01 
    7.30507E-03   2.47547E-02   3.11600E-02   8.38254E-02   9.16175E-01

 Phase Region for:
     BCC_A2                        
     CEMENTITE                     
     FCC_A1#1                      
 col-1=T, col-2=X(BCC_A2,C), col-3=X(BCC_A2,CR), col-4=X(BCC_A2,FE),
   col-5=X(BCC_A2,MN), col-6=X(BCC_A2,NI), col-7=X(BCC_A2,SI),
   col-8=X(CEMENTITE,C), col-9=X(CEMENTITE,CR), col-10=X(CEMENTITE,FE),
   col-11=X(CEMENTITE,MN), col-12=X(CEMENTITE,NI), col-13=X(CEMENTITE,SI),
   col-14=X(FCC_A1#1,C), col-15=X(FCC_A1#1,CR), col-16=X(FCC_A1#1,FE),
   col-17=X(FCC_A1#1,MN), col-18=X(FCC_A1#1,NI), col-19=X(FCC_A1#1,SI),
   col-20=NP(BCC_A2), col-21=NP(CEMENTITE), col-22=NP(FCC_A1#1),
   1.02162E+03   3.80393E-04   2.22667E-02   9.24900E-01   2.69305E-03 
    1.14984E-02   3.82613E-02   2.50000E-01   2.83601E-01   4.58114E-01 
    7.21838E-03   1.06711E-03   0.00000E+00   1.35567E-02   3.01544E-02 
    8.93069E-01   7.30508E-03   2.47547E-02   3.11600E-02   2.57880E-06 
    8.38255E-02   9.16172E-01
   1.01300E+03   3.46954E-04   2.09879E-02   9.26068E-01   2.93338E-03 
    1.28084E-02   3.68558E-02   2.50000E-01   2.81412E-01   4.59096E-01 
    8.30057E-03   1.19093E-03   0.00000E+00   1.30719E-02   2.85267E-02 
    8.91375E-01   8.39083E-03   2.85264E-02   3.01092E-02   1.98688E-01 
    9.63710E-02   7.04941E-01
   1.00300E+03   3.09236E-04   1.97270E-02   9.26753E-01   3.20210E-03 
    1.43554E-02   3.56534E-02   2.50000E-01   2.80241E-01   4.58779E-01 
    9.64336E-03   1.33696E-03   0.00000E+00   1.24118E-02   2.68729E-02 
    8.88238E-01   9.79917E-03   3.33731E-02   2.93053E-02   3.76626E-01 
    1.07425E-01   5.15949E-01
   9.93000E+02   2.73397E-04   1.86257E-02   9.27039E-01   3.42823E-03 
    1.58633E-02   3.47703E-02   2.50000E-01   2.80409E-01   4.57019E-01 
    1.10894E-02   1.48255E-03   0.00000E+00   1.16692E-02   2.54233E-02 
    8.83887E-01   1.14012E-02   3.87448E-02   2.88746E-02   5.10146E-01 
    1.15474E-01   3.74380E-01
   9.83000E+02   2.40142E-04   1.76821E-02   9.26909E-01   3.64910E-03 
    1.73511E-02   3.41683E-02   2.50000E-01   2.81578E-01   4.54188E-01 
    1.26099E-02   1.62361E-03   0.00000E+00   1.08844E-02   2.41129E-02 
    8.78550E-01   1.31830E-02   4.46022E-02   2.86677E-02   6.10006E-01 
    1.21219E-01   2.68776E-01
   9.73000E+02   2.09800E-04   1.68487E-02   9.26547E-01   3.85526E-03 
    1.87810E-02   3.37579E-02   2.50000E-01   2.83507E-01   4.50556E-01 
    1.41803E-02   1.75646E-03   0.00000E+00   1.00848E-02   2.29009E-02 
    8.72376E-01   1.51346E-02   5.08983E-02   2.86053E-02   6.84195E-01 
    1.25245E-01   1.90559E-01
   9.63000E+02   1.82474E-04   1.60911E-02   9.26078E-01   4.04079E-03 
    2.01305E-02   3.34777E-02   2.50000E-01   2.85992E-01   4.46346E-01 
    1.57831E-02   1.87912E-03   0.00000E+00   9.29064E-03   2.17570E-02 
    8.65456E-01   1.72522E-02   5.76141E-02   2.86307E-02   7.39231E-01 
    1.28034E-01   1.32734E-01
   9.53000E+02   1.58105E-04   1.53855E-02   9.25582E-01   4.20197E-03 
    2.13865E-02   3.32857E-02   2.50000E-01   2.88877E-01   4.41728E-01 
    1.74045E-02   1.99066E-03   0.00000E+00   8.51582E-03   2.06596E-02 
    8.57833E-01   1.95367E-02   6.47508E-02   2.87046E-02   7.80048E-01 
    1.29947E-01   9.00048E-02
   9.43000E+02   1.36538E-04   1.47160E-02   9.25115E-01   4.33648E-03 
    2.25422E-02   3.31540E-02   2.50000E-01   2.92044E-01   4.36832E-01 
    1.90332E-02   2.09078E-03   0.00000E+00   7.76964E-03   1.95945E-02 
    8.49519E-01   2.19925E-02   7.23247E-02   2.87996E-02   8.10279E-01 
    1.31247E-01   5.84747E-02
   9.33000E+02   1.17565E-04   1.40718E-02   9.24710E-01   4.44293E-03 
    2.35945E-02   3.30634E-02   2.50000E-01   2.95408E-01   4.31754E-01 
    2.06588E-02   2.17953E-03   0.00000E+00   7.05804E-03   1.85529E-02 
    8.40503E-01   2.46267E-02   8.03626E-02   2.88964E-02   8.32583E-01 
    1.32118E-01   3.52985E-02
   9.23000E+02   1.00956E-04   1.34458E-02   9.24389E-01   4.52065E-03 
    2.45425E-02   3.30010E-02   2.50000E-01   2.98905E-01   4.26566E-01 
    2.22716E-02   2.25717E-03   0.00000E+00   6.38463E-03   1.75293E-02 
    8.30756E-01   2.74493E-02   8.88995E-02   2.89811E-02   8.48914E-01 
    1.32694E-01   1.83921E-02
   9.13000E+02   8.64785E-05   1.28334E-02   9.24166E-01   4.56952E-03 
    2.53865E-02   3.29579E-02   2.50000E-01   3.02490E-01   4.21323E-01 
    2.38624E-02   2.32407E-03   0.00000E+00   5.75151E-03   1.65212E-02 
    8.20236E-01   3.04722E-02   9.79752E-02   2.90437E-02   8.60717E-01 
    1.33066E-01   6.21765E-03
   9.06144E+02   7.76658E-05   1.24198E-02   9.24074E-01   4.58652E-03 
    2.59057E-02   3.29364E-02   2.50000E-01   3.04980E-01   4.17721E-01 
    2.49358E-02   2.36394E-03   0.00000E+00   5.34131E-03   1.58387E-02 
    8.12552E-01   3.26678E-02   1.04531E-01   2.90700E-02   8.66763E-01 
    1.33237E-01   0.00000E+00

 Phase Region for:
     BCC_A2                        
     CEMENTITE                     
 col-1=T, col-2=X(BCC_A2,C), col-3=X(BCC_A2,CR), col-4=X(BCC_A2,FE),
   col-5=X(BCC_A2,MN), col-6=X(BCC_A2,NI), col-7=X(BCC_A2,SI),
   col-8=X(CEMENTITE,C), col-9=X(CEMENTITE,CR), col-10=X(CEMENTITE,FE),
   col-11=X(CEMENTITE,MN), col-12=X(CEMENTITE,NI), col-13=X(CEMENTITE,SI),
   col-14=NP(BCC_A2), col-15=NP(CEMENTITE),
   9.06144E+02   7.76658E-05   1.24198E-02   9.24074E-01   4.58652E-03 
    2.59057E-02   3.29364E-02   2.50000E-01   3.04980E-01   4.17721E-01 
    2.49358E-02   2.36394E-03   0.00000E+00   8.66763E-01   1.33237E-01  NONE
   9.03000E+02   7.39908E-05   1.22277E-02   9.24311E-01   4.54388E-03 
    2.59066E-02   3.29369E-02   2.50000E-01   3.06201E-01   4.16228E-01 
    2.52112E-02   2.35998E-03   0.00000E+00   8.66750E-01   1.33250E-01  NONE
   8.93000E+02   6.33293E-05   1.16216E-02   9.25060E-01   4.40752E-03 
    2.59096E-02   3.29383E-02   2.50000E-01   3.10061E-01   4.11499E-01 
    2.60922E-02   2.34747E-03   0.00000E+00   8.66713E-01   1.33287E-01  NONE
   8.83000E+02   5.40847E-05   1.10236E-02   9.25801E-01   4.26997E-03 
    2.59123E-02   3.29395E-02   2.50000E-01   3.13877E-01   4.06807E-01 
    2.69811E-02   2.33512E-03   0.00000E+00   8.66681E-01   1.33319E-01  NONE
   8.73000E+02   4.60870E-05   1.04347E-02   9.26532E-01   4.13128E-03 
    2.59150E-02   3.29405E-02   2.50000E-01   3.17641E-01   4.02158E-01 
    2.78778E-02   2.32299E-03   0.00000E+00   8.66653E-01   1.33347E-01  NONE
   8.63000E+02   3.91841E-05   9.85581E-03   9.27255E-01   3.99147E-03 
    2.59174E-02   3.29414E-02   2.50000E-01   3.21348E-01   3.97559E-01 
    2.87820E-02   2.31115E-03   0.00000E+00   8.66629E-01   1.33371E-01  NONE
   8.53000E+02   3.32400E-05   9.28803E-03   9.27966E-01   3.85061E-03 
    2.59198E-02   3.29422E-02   2.50000E-01   3.24988E-01   3.93019E-01 
    2.96933E-02   2.29966E-03   0.00000E+00   8.66609E-01   1.33391E-01  NONE
   8.43000E+02   2.81335E-05   8.73236E-03   9.28666E-01   3.70878E-03 
    2.59219E-02   3.29429E-02   2.50000E-01   3.28556E-01   3.88545E-01 
    3.06112E-02   2.28856E-03   0.00000E+00   8.66591E-01   1.33409E-01  NONE
   8.33000E+02   2.37571E-05   8.18985E-03   9.29353E-01   3.56610E-03 
    2.59240E-02   3.29435E-02   2.50000E-01   3.32043E-01   3.84144E-01 
    3.15348E-02   2.27791E-03   0.00000E+00   8.66576E-01   1.33424E-01  NONE
   8.23000E+02   2.00153E-05   7.66150E-03   9.30026E-01   3.42270E-03 
    2.59259E-02   3.29440E-02   2.50000E-01   3.35443E-01   3.79826E-01 
    3.24634E-02   2.26773E-03   0.00000E+00   8.66563E-01   1.33437E-01  NONE
   8.13000E+02   1.68236E-05   7.14829E-03   9.30684E-01   3.27875E-03 
    2.59277E-02   3.29444E-02   2.50000E-01   3.38748E-01   3.75598E-01 
    3.33957E-02   2.25806E-03   0.00000E+00   8.66552E-01   1.33448E-01  NONE
   8.03000E+02   1.41077E-05   6.65117E-03   9.31326E-01   3.13446E-03 
    2.59294E-02   3.29448E-02   2.50000E-01   3.41952E-01   3.71468E-01 
    3.43305E-02   2.24892E-03   0.00000E+00   8.66542E-01   1.33458E-01  NONE
   7.93000E+02   1.18022E-05   6.17103E-03   9.31951E-01   2.99004E-03 
    2.59309E-02   3.29451E-02   2.50000E-01   3.45050E-01   3.67444E-01 
    3.52662E-02   2.24031E-03   0.00000E+00   8.66534E-01   1.33466E-01  NONE
   7.83000E+02   9.84961E-06   5.70869E-03   9.32558E-01   2.84578E-03 
    2.59324E-02   3.29453E-02   2.50000E-01   3.48034E-01   3.63532E-01 
    3.62012E-02   2.23225E-03   0.00000E+00   8.66528E-01   1.33472E-01  NONE
   7.73000E+02   8.19994E-06   5.26488E-03   9.33146E-01   2.70194E-03 
    2.59337E-02   3.29455E-02   2.50000E-01   3.50901E-01   3.59741E-01 
    3.71335E-02   2.22473E-03   0.00000E+00   8.66522E-01   1.33478E-01  NONE
   7.63000E+02   6.80946E-06   4.84025E-03   9.33713E-01   2.55887E-03 
    2.59349E-02   3.29457E-02   2.50000E-01   3.53645E-01   3.56077E-01 
    3.80611E-02   2.21774E-03   0.00000E+00   8.66517E-01   1.33483E-01  NONE
   7.53000E+02   5.64025E-06   4.43537E-03   9.34260E-01   2.41689E-03 
    2.59360E-02   3.29459E-02   2.50000E-01   3.56262E-01   3.52545E-01 
    3.89816E-02   2.21126E-03   0.00000E+00   8.66513E-01   1.33487E-01  NONE
   7.43000E+02   4.65944E-06   4.05065E-03   9.34785E-01   2.27639E-03 
    2.59370E-02   3.29460E-02   2.50000E-01   3.58751E-01   3.49151E-01 
    3.98927E-02   2.20527E-03   0.00000E+00   8.66510E-01   1.33490E-01  NONE
   7.33000E+02   3.83864E-06   3.68643E-03   9.35288E-01   2.13775E-03 
    2.59379E-02   3.29461E-02   2.50000E-01   3.61107E-01   3.45901E-01 
    4.07918E-02   2.19974E-03   0.00000E+00   8.66507E-01   1.33493E-01  NONE
   7.23000E+02   3.15343E-06   3.34290E-03   9.35768E-01   2.00138E-03 
    2.59388E-02   3.29462E-02   2.50000E-01   3.63331E-01   3.42798E-01 
    4.16763E-02   2.19461E-03   0.00000E+00   8.66504E-01   1.33496E-01  NONE
   7.15890E+02   2.73705E-06   3.11128E-03   9.36094E-01   1.90603E-03 
    2.59394E-02   3.29462E-02   2.50000E-01   3.64830E-01   3.40684E-01 
    4.22948E-02   2.19119E-03   0.00000E+00   8.66503E-01   1.33497E-01  NONE

 Phase Region for:
     BCC_A2                        
     CEMENTITE                     
     FCC_A1#1                      
 col-1=T, col-2=X(BCC_A2,C), col-3=X(BCC_A2,CR), col-4=X(BCC_A2,FE),
   col-5=X(BCC_A2,MN), col-6=X(BCC_A2,NI), col-7=X(BCC_A2,SI),
   col-8=X(CEMENTITE,C), col-9=X(CEMENTITE,CR), col-10=X(CEMENTITE,FE),
   col-11=X(CEMENTITE,MN), col-12=X(CEMENTITE,NI), col-13=X(CEMENTITE,SI),
   col-14=X(FCC_A1#1,C), col-15=X(FCC_A1#1,CR), col-16=X(FCC_A1#1,FE),
   col-17=X(FCC_A1#1,MN), col-18=X(FCC_A1#1,NI), col-19=X(FCC_A1#1,SI),
   col-20=NP(BCC_A2), col-21=NP(CEMENTITE), col-22=NP(FCC_A1#1),
   7.15890E+02   2.73704E-06   3.11128E-03   9.36094E-01   1.90603E-03 
    2.59393E-02   3.29462E-02   2.50000E-01   3.64830E-01   3.40684E-01 
    4.22948E-02   2.19119E-03   0.00000E+00   5.39721E-04   2.96758E-03 
    5.01209E-01   1.17589E-01   3.52138E-01   2.55574E-02   8.66503E-01 
    1.33497E-01   1.06759E-08
   7.13000E+02   2.58724E-06   3.01806E-03   9.36349E-01   1.85666E-03 
    2.58244E-02   3.29489E-02   2.50000E-01   3.65436E-01   3.40038E-01 
    4.23470E-02   2.17944E-03   0.00000E+00   5.24640E-04   2.87821E-03 
    4.97209E-01   1.18496E-01   3.55351E-01   2.55418E-02   8.66196E-01 
    1.33497E-01   3.07055E-04
   7.03000E+02   2.12584E-06   2.70932E-03   9.37223E-01   1.69064E-03 
    2.54174E-02   3.29578E-02   2.50000E-01   3.67442E-01   3.37936E-01 
    4.24838E-02   2.13810E-03   0.00000E+00   4.76370E-04   2.58574E-03 
    4.83749E-01   1.21451E-01   3.66225E-01   2.55130E-02   8.65156E-01 
    1.33497E-01   1.34784E-03
   6.93000E+02   1.74198E-06   2.42201E-03   9.38080E-01   1.53259E-03 
    2.49970E-02   3.29665E-02   2.50000E-01   3.69308E-01   3.36043E-01 
    4.25540E-02   2.09575E-03   0.00000E+00   4.33448E-04   2.31777E-03 
    4.70855E-01   1.24123E-01   3.76748E-01   2.55234E-02   8.64146E-01 
    1.33496E-01   2.35749E-03
   6.83000E+02   1.42322E-06   2.15590E-03   9.38921E-01   1.38303E-03 
    2.45641E-02   3.29747E-02   2.50000E-01   3.71035E-01   3.34353E-01 
    4.25593E-02   2.05239E-03   0.00000E+00   3.95059E-04   2.07251E-03 
    4.58486E-01   1.26524E-01   3.86950E-01   2.55734E-02   8.63164E-01 
    1.33496E-01   3.33938E-03
   6.73000E+02   1.15906E-06   1.91058E-03   9.39744E-01   1.24234E-03 
    2.41192E-02   3.29825E-02   2.50000E-01   3.72628E-01   3.32863E-01 
    4.25017E-02   2.00799E-03   0.00000E+00   3.60533E-04   1.84831E-03 
    4.46604E-01   1.28662E-01   3.96862E-01   2.56631E-02   8.62207E-01 
    1.33496E-01   4.29679E-03
