
 Phase Region for:
     CEMENTITE                     
     FCC_A1#1                      
 col-1=T, col-2=X(CEMENTITE,C), col-3=X(CEMENTITE,CR), col-4=X(CEMENTITE,FE),
   col-5=X(CEMENTITE,MN), col-6=X(CEMENTITE,NI), col-7=X(CEMENTITE,SI),
   col-8=X(FCC_A1#1,C), col-9=X(FCC_A1#1,CR), col-10=X(FCC_A1#1,FE),
   col-11=X(FCC_A1#1,MN), col-12=X(FCC_A1#1,NI), col-13=X(FCC_A1#1,SI),
   col-14=NP(CEMENTITE), col-15=NP(FCC_A1#1),
   1.17300E+03   2.50000E-01   2.44214E-01   4.98746E-01   7.03959E-03 
    7.22364E-08   0.00000E+00   2.79226E-02   4.63633E-02   8.74985E-01 
    7.24280E-03   9.23138E-07   4.34850E-02   2.33288E-02   9.76671E-01
   1.18300E+03   2.50000E-01   2.42770E-01   5.00229E-01   7.00101E-03 
    7.40773E-08   0.00000E+00   2.90517E-02   4.73962E-02   8.73045E-01 
    7.24249E-03   9.18778E-07   4.32639E-02   1.83376E-02   9.81662E-01
   1.19300E+03   2.50000E-01   2.41366E-01   5.01671E-01   6.96381E-03 
    7.59351E-08   0.00000E+00   3.02063E-02   4.84359E-02   8.71077E-01 
    7.24172E-03   9.14339E-07   4.30378E-02   1.31809E-02   9.86819E-01
   1.20300E+03   2.50000E-01   2.40001E-01   5.03071E-01   6.92796E-03 
    7.78095E-08   0.00000E+00   3.13863E-02   4.94825E-02   8.69083E-01 
    7.24051E-03   9.09823E-07   4.28068E-02   7.85444E-03   9.92146E-01
   1.21300E+03   2.50000E-01   2.38676E-01   5.04430E-01   6.89341E-03 
    7.96999E-08   0.00000E+00   3.25916E-02   5.05360E-02   8.67062E-01 
    7.23887E-03   9.05231E-07   4.25707E-02   2.35411E-03   9.97646E-01
   1.21718E+03   2.50000E-01   2.38134E-01   5.04987E-01   6.87933E-03 
    8.04955E-08   0.00000E+00   3.31034E-02   5.09789E-02   8.66208E-01 
    7.23806E-03   9.03288E-07   4.24705E-02   0.00000E+00   1.00000E+00

 Phase Region for:
     FCC_A1#1                      
 col-1=T, col-2=X(FCC_A1#1,C), col-3=X(FCC_A1#1,CR), col-4=X(FCC_A1#1,FE),
   col-5=X(FCC_A1#1,MN), col-6=X(FCC_A1#1,NI), col-7=X(FCC_A1#1,SI),
   col-8=NP(FCC_A1#1),
   1.21718E+03   3.31034E-02   5.09789E-02   8.66208E-01   7.23806E-03 
    9.03288E-07   4.24705E-02   1.00000E+00
   1.22300E+03   3.31034E-02   5.09789E-02   8.66208E-01   7.23806E-03 
    9.03288E-07   4.24705E-02   1.00000E+00
   1.23300E+03   3.31034E-02   5.09789E-02   8.66208E-01   7.23806E-03 
    9.03288E-07   4.24705E-02   1.00000E+00
   1.24300E+03   3.31034E-02   5.09789E-02   8.66208E-01   7.23806E-03 
    9.03288E-07   4.24705E-02   1.00000E+00
   1.25300E+03   3.31034E-02   5.09789E-02   8.66208E-01   7.23806E-03 
    9.03288E-07   4.24705E-02   1.00000E+00
   1.26300E+03   3.31034E-02   5.09789E-02   8.66208E-01   7.23806E-03 
    9.03288E-07   4.24705E-02   1.00000E+00
   1.27300E+03   3.31034E-02   5.09789E-02   8.66208E-01   7.23806E-03 
    9.03288E-07   4.24705E-02   1.00000E+00
   1.28300E+03   3.31034E-02   5.09789E-02   8.66208E-01   7.23806E-03 
    9.03288E-07   4.24705E-02   1.00000E+00
   1.29300E+03   3.31034E-02   5.09789E-02   8.66208E-01   7.23806E-03 
    9.03288E-07   4.24705E-02   1.00000E+00
   1.30300E+03   3.31034E-02   5.09789E-02   8.66208E-01   7.23806E-03 
    9.03288E-07   4.24705E-02   1.00000E+00
   1.31300E+03   3.31034E-02   5.09789E-02   8.66208E-01   7.23806E-03 
    9.03288E-07   4.24705E-02   1.00000E+00
   1.32300E+03   3.31034E-02   5.09789E-02   8.66208E-01   7.23806E-03 
    9.03288E-07   4.24705E-02   1.00000E+00
   1.33300E+03   3.31034E-02   5.09789E-02   8.66208E-01   7.23806E-03 
    9.03288E-07   4.24705E-02   1.00000E+00
   1.34300E+03   3.31034E-02   5.09789E-02   8.66208E-01   7.23806E-03 
    9.03288E-07   4.24705E-02   1.00000E+00
   1.35300E+03   3.31034E-02   5.09789E-02   8.66208E-01   7.23806E-03 
    9.03288E-07   4.24705E-02   1.00000E+00
   1.36300E+03   3.31034E-02   5.09789E-02   8.66208E-01   7.23806E-03 
    9.03288E-07   4.24705E-02   1.00000E+00
   1.37300E+03   3.31034E-02   5.09789E-02   8.66208E-01   7.23806E-03 
    9.03288E-07   4.24705E-02   1.00000E+00
   1.38300E+03   3.31034E-02   5.09789E-02   8.66208E-01   7.23806E-03 
    9.03288E-07   4.24705E-02   1.00000E+00
   1.39300E+03   3.31034E-02   5.09789E-02   8.66208E-01   7.23806E-03 
    9.03288E-07   4.24705E-02   1.00000E+00
   1.40300E+03   3.31034E-02   5.09789E-02   8.66208E-01   7.23806E-03 
    9.03288E-07   4.24705E-02   1.00000E+00
   1.41300E+03   3.31034E-02   5.09789E-02   8.66208E-01   7.23806E-03 
    9.03288E-07   4.24705E-02   1.00000E+00
   1.42300E+03   3.31034E-02   5.09789E-02   8.66208E-01   7.23806E-03 
    9.03288E-07   4.24705E-02   1.00000E+00
   1.43300E+03   3.31034E-02   5.09789E-02   8.66208E-01   7.23806E-03 
    9.03288E-07   4.24705E-02   1.00000E+00
   1.44300E+03   3.31034E-02   5.09789E-02   8.66208E-01   7.23806E-03 
    9.03288E-07   4.24705E-02   1.00000E+00
   1.45300E+03   3.31034E-02   5.09789E-02   8.66208E-01   7.23806E-03 
    9.03288E-07   4.24705E-02   1.00000E+00
   1.46300E+03   3.31034E-02   5.09789E-02   8.66208E-01   7.23806E-03 
    9.03288E-07   4.24705E-02   1.00000E+00
   1.47300E+03   3.31034E-02   5.09789E-02   8.66208E-01   7.23806E-03 
    9.03288E-07   4.24705E-02   1.00000E+00

 Phase Region for:
     CEMENTITE                     
     FCC_A1#1                      
 col-1=T, col-2=X(CEMENTITE,C), col-3=X(CEMENTITE,CR), col-4=X(CEMENTITE,FE),
   col-5=X(CEMENTITE,MN), col-6=X(CEMENTITE,NI), col-7=X(CEMENTITE,SI),
   col-8=X(FCC_A1#1,C), col-9=X(FCC_A1#1,CR), col-10=X(FCC_A1#1,FE),
   col-11=X(FCC_A1#1,MN), col-12=X(FCC_A1#1,NI), col-13=X(FCC_A1#1,SI),
   col-14=NP(CEMENTITE), col-15=NP(FCC_A1#1),
   1.17300E+03   2.50000E-01   2.44214E-01   4.98746E-01   7.03959E-03 
    7.22364E-08   0.00000E+00   2.79226E-02   4.63633E-02   8.74985E-01 
    7.24280E-03   9.23138E-07   4.34850E-02   2.33288E-02   9.76671E-01
   1.16300E+03   2.50000E-01   2.45698E-01   4.97222E-01   7.07960E-03 
    7.04130E-08   0.00000E+00   2.68189E-02   4.53370E-02   8.76899E-01 
    7.24265E-03   9.27420E-07   4.37011E-02   2.81585E-02   9.71842E-01
   1.15300E+03   2.50000E-01   2.47222E-01   4.95657E-01   7.12107E-03 
    6.86076E-08   0.00000E+00   2.57409E-02   4.43175E-02   8.78787E-01 
    7.24203E-03   9.31621E-07   4.39122E-02   3.28303E-02   9.67170E-01
   1.14300E+03   2.50000E-01   2.48786E-01   4.94050E-01   7.16406E-03 
    6.68207E-08   0.00000E+00   2.46884E-02   4.33045E-02   8.80647E-01 
    7.24093E-03   9.35740E-07   4.41183E-02   3.73481E-02   9.62652E-01
   1.13300E+03   2.50000E-01   2.50390E-01   4.92402E-01   7.20861E-03 
    6.50527E-08   0.00000E+00   2.36616E-02   4.22983E-02   8.82481E-01 
    7.23934E-03   9.39777E-07   4.43193E-02   4.17154E-02   9.58285E-01
   1.12300E+03   2.50000E-01   2.52034E-01   4.90711E-01   7.25478E-03 
    6.33041E-08   0.00000E+00   2.26604E-02   4.12986E-02   8.84287E-01 
    7.23725E-03   9.43731E-07   4.45154E-02   4.59356E-02   9.54064E-01
   1.11300E+03   2.50000E-01   2.53718E-01   4.88979E-01   7.30263E-03 
    6.15754E-08   0.00000E+00   2.16848E-02   4.03057E-02   8.86068E-01 
    7.23466E-03   9.47600E-07   4.47064E-02   5.00122E-02   9.49988E-01
   1.10300E+03   2.50000E-01   2.55443E-01   4.87205E-01   7.35221E-03 
    5.98670E-08   0.00000E+00   2.07349E-02   3.93194E-02   8.87821E-01 
    7.23155E-03   9.51384E-07   4.48924E-02   5.39483E-02   9.46052E-01
   1.09300E+03   2.50000E-01   2.57209E-01   4.85388E-01   7.40359E-03 
    5.81793E-08   0.00000E+00   1.98106E-02   3.83398E-02   8.89547E-01 
    7.22791E-03   9.55081E-07   4.50734E-02   5.77471E-02   9.42253E-01
   1.08300E+03   2.50000E-01   2.59015E-01   4.83528E-01   7.45683E-03 
    5.65127E-08   0.00000E+00   1.89119E-02   3.73671E-02   8.91247E-01 
    7.22374E-03   9.58692E-07   4.52494E-02   6.14117E-02   9.38588E-01
   1.07929E+03   2.50000E-01   2.59696E-01   4.82827E-01   7.47709E-03 
    5.58994E-08   0.00000E+00   1.85847E-02   3.70077E-02   8.91871E-01 
    7.22206E-03   9.60011E-07   4.53134E-02   6.27388E-02   9.37261E-01

 Phase Region for:
     BCC_A2                        
     CEMENTITE                     
     FCC_A1#1                      
 col-1=T, col-2=X(BCC_A2,C), col-3=X(BCC_A2,CR), col-4=X(BCC_A2,FE),
   col-5=X(BCC_A2,MN), col-6=X(BCC_A2,NI), col-7=X(BCC_A2,SI),
   col-8=X(CEMENTITE,C), col-9=X(CEMENTITE,CR), col-10=X(CEMENTITE,FE),
   col-11=X(CEMENTITE,MN), col-12=X(CEMENTITE,NI), col-13=X(CEMENTITE,SI),
   col-14=X(FCC_A1#1,C), col-15=X(FCC_A1#1,CR), col-16=X(FCC_A1#1,FE),
   col-17=X(FCC_A1#1,MN), col-18=X(FCC_A1#1,NI), col-19=X(FCC_A1#1,SI),
   col-20=NP(BCC_A2), col-21=NP(CEMENTITE), col-22=NP(FCC_A1#1),
   1.07929E+03   7.29564E-04   2.74561E-02   9.12458E-01   3.56541E-03 
    5.33729E-07   5.57907E-02   2.50000E-01   2.59696E-01   4.82827E-01 
    7.47711E-03   5.58996E-08   0.00000E+00   1.85847E-02   3.70077E-02 
    8.91871E-01   7.22208E-03   9.60013E-07   4.53134E-02   4.78396E-06 
    6.27391E-02   9.37256E-01
   1.07300E+03   7.00603E-04   2.57940E-02   9.16082E-01   4.10556E-03 
    6.27495E-07   5.33177E-02   2.50000E-01   2.53426E-01   4.87577E-01 
    8.99714E-03   6.57262E-08   0.00000E+00   1.86503E-02   3.51219E-02 
    8.94569E-01   8.46331E-03   1.14665E-06   4.31944E-02   2.91591E-01 
    8.50965E-02   6.23312E-01
   1.06300E+03   6.49971E-04   2.35186E-02   9.20417E-01   5.30017E-03 
    8.51249E-07   5.01137E-02   2.50000E-01   2.44599E-01   4.93004E-01 
    1.23969E-02   8.92578E-08   0.00000E+00   1.86010E-02   3.24403E-02 
    8.97207E-01   1.12105E-02   1.60141E-06   4.05393E-02   6.95532E-01 
    1.16629E-01   1.87839E-01
   1.05769E+03   6.20246E-04   2.25362E-02   9.21898E-01   6.11395E-03 
    1.02251E-06   4.88311E-02   2.50000E-01   2.40897E-01   4.94359E-01 
    1.47440E-02   1.07193E-07   0.00000E+00   1.84675E-02   3.12307E-02 
    8.97671E-01   1.30886E-02   1.95773E-06   3.95405E-02   8.69744E-01 
    1.30256E-01   0.00000E+00

 Phase Region for:
     BCC_A2                        
     CEMENTITE                     
 col-1=T, col-2=X(BCC_A2,C), col-3=X(BCC_A2,CR), col-4=X(BCC_A2,FE),
   col-5=X(BCC_A2,MN), col-6=X(BCC_A2,NI), col-7=X(BCC_A2,SI),
   col-8=X(CEMENTITE,C), col-9=X(CEMENTITE,CR), col-10=X(CEMENTITE,FE),
   col-11=X(CEMENTITE,MN), col-12=X(CEMENTITE,NI), col-13=X(CEMENTITE,SI),
   col-14=NP(BCC_A2), col-15=NP(CEMENTITE),
   1.05769E+03   6.20246E-04   2.25362E-02   9.21898E-01   6.11395E-03 
    1.02251E-06   4.88311E-02   2.50000E-01   2.40897E-01   4.94359E-01 
    1.47440E-02   1.07193E-07   0.00000E+00   8.69744E-01   1.30256E-01  NONE
   1.05300E+03   5.86043E-04   2.22604E-02   9.22229E-01   6.08547E-03 
    1.02273E-06   4.88378E-02   2.50000E-01   2.42536E-01   4.92538E-01 
    1.49260E-02   1.06576E-07   0.00000E+00   8.69625E-01   1.30375E-01  NONE
   1.04300E+03   5.18376E-04   2.16663E-02   9.22942E-01   6.02120E-03 
    1.02317E-06   4.88510E-02   2.50000E-01   2.46093E-01   4.88569E-01 
    1.53379E-02   1.05305E-07   0.00000E+00   8.69389E-01   1.30611E-01  NONE
   1.03300E+03   4.57376E-04   2.10630E-02   9.23664E-01   5.95147E-03 
    1.02358E-06   4.88629E-02   2.50000E-01   2.49737E-01   4.84477E-01 
    1.57860E-02   1.04101E-07   0.00000E+00   8.69177E-01   1.30823E-01  NONE
   1.02300E+03   4.02522E-04   2.04500E-02   9.24397E-01   5.87550E-03 
    1.02395E-06   4.88737E-02   2.50000E-01   2.53469E-01   4.80255E-01 
    1.62756E-02   1.02975E-07   0.00000E+00   8.68986E-01   1.31014E-01  NONE
   1.01300E+03   3.53317E-04   1.98268E-02   9.25143E-01   5.79229E-03 
    1.02429E-06   4.88833E-02   2.50000E-01   2.57292E-01   4.75894E-01 
    1.68130E-02   1.01938E-07   0.00000E+00   8.68814E-01   1.31186E-01  NONE
   1.00300E+03   3.09292E-04   1.91927E-02   9.25904E-01   5.70068E-03 
    1.02459E-06   4.88919E-02   2.50000E-01   2.61209E-01   4.71385E-01 
    1.74061E-02   1.01007E-07   0.00000E+00   8.68661E-01   1.31339E-01  NONE
   9.93000E+02   2.69778E-04   1.85319E-02   9.26710E-01   5.58717E-03 
    1.02483E-06   4.88997E-02   2.50000E-01   2.65322E-01   4.66534E-01 
    1.81437E-02   1.00389E-07   0.00000E+00   8.68524E-01   1.31476E-01  NONE
   9.83000E+02   2.34617E-04   1.78545E-02   9.27545E-01   5.45798E-03 
    1.02502E-06   4.89066E-02   2.50000E-01   2.69562E-01   4.61453E-01 
    1.89846E-02   9.99761E-08   0.00000E+00   8.68401E-01   1.31599E-01  NONE
   9.73000E+02   2.03653E-04   1.71802E-02   9.28374E-01   5.32800E-03 
    1.02520E-06   4.89126E-02   2.50000E-01   2.73802E-01   4.56368E-01 
    1.98304E-02   9.95325E-08   0.00000E+00   8.68294E-01   1.31706E-01  NONE
   9.63000E+02   1.76431E-04   1.65093E-02   9.29198E-01   5.19721E-03 
    1.02538E-06   4.89180E-02   2.50000E-01   2.78037E-01   4.51281E-01 
    2.06816E-02   9.90641E-08   0.00000E+00   8.68199E-01   1.31801E-01  NONE
   9.53000E+02   1.52542E-04   1.58421E-02   9.30016E-01   5.06555E-03 
    1.02554E-06   4.89226E-02   2.50000E-01   2.82264E-01   4.46197E-01 
    2.15384E-02   9.85761E-08   0.00000E+00   8.68116E-01   1.31884E-01  NONE
   9.43000E+02   1.31618E-04   1.51791E-02   9.30829E-01   4.93298E-03 
    1.02569E-06   4.89267E-02   2.50000E-01   2.86479E-01   4.41119E-01 
    2.24014E-02   9.80736E-08   0.00000E+00   8.68043E-01   1.31957E-01  NONE
   9.33000E+02   1.13327E-04   1.45208E-02   9.31635E-01   4.79946E-03 
    1.02584E-06   4.89303E-02   2.50000E-01   2.90677E-01   4.36052E-01 
    2.32709E-02   9.75611E-08   0.00000E+00   8.67980E-01   1.32020E-01  NONE
   9.23000E+02   9.73718E-05   1.38679E-02   9.32435E-01   4.66495E-03 
    1.02598E-06   4.89334E-02   2.50000E-01   2.94851E-01   4.31002E-01 
    2.41470E-02   9.70430E-08   0.00000E+00   8.67925E-01   1.32075E-01  NONE
   9.13000E+02   8.34827E-05   1.32211E-02   9.33229E-01   4.52943E-03 
    1.02611E-06   4.89362E-02   2.50000E-01   2.98997E-01   4.25973E-01 
    2.50301E-02   9.65234E-08   0.00000E+00   8.67876E-01   1.32124E-01  NONE
   9.03000E+02   7.14188E-05   1.25813E-02   9.34015E-01   4.39288E-03 
    1.02623E-06   4.89385E-02   2.50000E-01   3.03107E-01   4.20972E-01 
    2.59202E-02   9.60061E-08   0.00000E+00   8.67834E-01   1.32166E-01  NONE
   8.93000E+02   6.09638E-05   1.19494E-02   9.34793E-01   4.25530E-03 
    1.02635E-06   4.89406E-02   2.50000E-01   3.07176E-01   4.16007E-01 
    2.68175E-02   9.54946E-08   0.00000E+00   8.67798E-01   1.32202E-01  NONE
   8.83000E+02   5.19238E-05   1.13262E-02   9.35562E-01   4.11670E-03 
    1.02646E-06   4.89423E-02   2.50000E-01   3.11195E-01   4.11083E-01 
    2.77217E-02   9.49922E-08   0.00000E+00   8.67767E-01   1.32233E-01  NONE
   8.73000E+02   4.41254E-05   1.07129E-02   9.36321E-01   3.97711E-03 
    1.02656E-06   4.89439E-02   2.50000E-01   3.15158E-01   4.06209E-01 
    2.86327E-02   9.45018E-08   0.00000E+00   8.67740E-01   1.32260E-01  NONE
   8.63000E+02   3.74139E-05   1.01104E-02   9.37069E-01   3.83658E-03 
    1.02666E-06   4.89452E-02   2.50000E-01   3.19056E-01   4.01393E-01 
    2.95501E-02   9.40262E-08   0.00000E+00   8.67716E-01   1.32284E-01  NONE
   8.53000E+02   3.16514E-05   9.51979E-03   9.37806E-01   3.69520E-03 
    1.02675E-06   4.89463E-02   2.50000E-01   3.22883E-01   3.96644E-01 
    3.04735E-02   9.35676E-08   0.00000E+00   8.67696E-01   1.32304E-01  NONE
   8.43000E+02   2.67157E-05   8.94217E-03   9.38530E-01   3.55305E-03 
    1.02684E-06   4.89473E-02   2.50000E-01   3.26630E-01   3.91968E-01 
    3.14021E-02   9.31283E-08   0.00000E+00   8.67679E-01   1.32321E-01  NONE
   8.33000E+02   2.24982E-05   8.37862E-03   9.39239E-01   3.41028E-03 
    1.02692E-06   4.89481E-02   2.50000E-01   3.30290E-01   3.87375E-01 
    3.23351E-02   9.27100E-08   0.00000E+00   8.67665E-01   1.32335E-01  NONE
   8.23000E+02   1.89031E-05   7.83017E-03   9.39934E-01   3.26703E-03 
    1.02699E-06   4.89488E-02   2.50000E-01   3.33855E-01   3.82873E-01 
    3.32715E-02   9.23143E-08   0.00000E+00   8.67652E-01   1.32348E-01  NONE
   8.13000E+02   1.58458E-05   7.29786E-03   9.40612E-01   3.12349E-03 
    1.02706E-06   4.89494E-02   2.50000E-01   3.37318E-01   3.78472E-01 
    3.42100E-02   9.19424E-08   0.00000E+00   8.67641E-01   1.32359E-01  NONE
   8.03000E+02   1.32521E-05   6.78268E-03   9.41273E-01   2.97987E-03 
    1.02712E-06   4.89499E-02   2.50000E-01   3.40673E-01   3.74178E-01 
    3.51493E-02   9.15951E-08   0.00000E+00   8.67632E-01   1.32368E-01  NONE
   7.93000E+02   1.10570E-05   6.28554E-03   9.41916E-01   2.83643E-03 
    1.02718E-06   4.89503E-02   2.50000E-01   3.43912E-01   3.70000E-01 
    3.60876E-02   9.12732E-08   0.00000E+00   8.67625E-01   1.32375E-01  NONE
   7.83000E+02   9.20350E-06   5.80729E-03   9.42538E-01   2.69344E-03 
    1.02723E-06   4.89507E-02   2.50000E-01   3.47030E-01   3.65947E-01 
    3.70231E-02   9.09769E-08   0.00000E+00   8.67618E-01   1.32382E-01  NONE
   7.73000E+02   7.64226E-06   5.34870E-03   9.43140E-01   2.55120E-03 
    1.02728E-06   4.89510E-02   2.50000E-01   3.50021E-01   3.62025E-01 
    3.79539E-02   9.07061E-08   0.00000E+00   8.67613E-01   1.32387E-01  NONE
   7.63000E+02   6.33024E-06   4.91044E-03   9.43721E-01   2.41006E-03 
    1.02732E-06   4.89513E-02   2.50000E-01   3.52882E-01   3.58241E-01 
    3.88776E-02   9.04604E-08   0.00000E+00   8.67608E-01   1.32392E-01  NONE
   7.53000E+02   5.23024E-06   4.49306E-03   9.44279E-01   2.27037E-03 
    1.02736E-06   4.89515E-02   2.50000E-01   3.55607E-01   3.54601E-01 
    3.97920E-02   9.02392E-08   0.00000E+00   8.67605E-01   1.32395E-01  NONE
   7.43000E+02   4.31017E-06   4.09699E-03   9.44814E-01   2.13250E-03 
    1.02739E-06   4.89517E-02   2.50000E-01   3.58194E-01   3.51112E-01 
    4.06945E-02   9.00413E-08   0.00000E+00   8.67601E-01   1.32399E-01  NONE
   7.33000E+02   3.54241E-06   3.72255E-03   9.45324E-01   1.99686E-03 
    1.02742E-06   4.89518E-02   2.50000E-01   3.60640E-01   3.47777E-01 
    4.15826E-02   8.98655E-08   0.00000E+00   8.67599E-01   1.32401E-01  NONE
   7.23000E+02   2.90326E-06   3.36992E-03   9.45810E-01   1.86384E-03 
    1.02745E-06   4.89519E-02   2.50000E-01   3.62945E-01   3.44601E-01 
    4.24535E-02   8.97100E-08   0.00000E+00   8.67597E-01   1.32403E-01  NONE
   7.13000E+02   2.37247E-06   3.03914E-03   9.46272E-01   1.73387E-03 
    1.02747E-06   4.89520E-02   2.50000E-01   3.65107E-01   3.41588E-01 
    4.33046E-02   8.95728E-08   0.00000E+00   8.67595E-01   1.32405E-01  NONE
   7.03000E+02   1.93275E-06   2.73013E-03   9.46707E-01   1.60734E-03 
    1.02749E-06   4.89521E-02   2.50000E-01   3.67128E-01   3.38739E-01 
    4.41332E-02   8.94516E-08   0.00000E+00   8.67593E-01   1.32407E-01  NONE
   6.93000E+02   1.56940E-06   2.44267E-03   9.47118E-01   1.48465E-03 
    1.02751E-06   4.89522E-02   2.50000E-01   3.69008E-01   3.36055E-01 
    4.49367E-02   8.93438E-08   0.00000E+00   8.67592E-01   1.32408E-01  NONE
   6.83000E+02   1.26995E-06   2.17641E-03   9.47503E-01   1.36618E-03 
    1.02752E-06   4.89523E-02   2.50000E-01   3.70750E-01   3.33537E-01 
    4.57127E-02   8.92465E-08   0.00000E+00   8.67591E-01   1.32409E-01  NONE
   6.73000E+02   1.02385E-06   1.93088E-03   9.47862E-01   1.25227E-03 
    1.02754E-06   4.89523E-02   2.50000E-01   3.72356E-01   3.31185E-01 
    4.64587E-02   8.91566E-08   0.00000E+00   8.67590E-01   1.32410E-01  NONE
