
 Phase Region for:
     FCC_A1#1                      
 col-1=T, col-2=W(FCC_A1#1,C), col-3=W(FCC_A1#1,CR), col-4=W(FCC_A1#1,FE),
   col-5=W(FCC_A1#1,MN), col-6=W(FCC_A1#1,NI), col-7=W(FCC_A1#1,SI),
   col-8=NP(FCC_A1#1),
   1.17300E+03   7.50000E-03   1.50005E-02   9.39998E-01   1.50005E-02 
    2.25003E-02   1.00000E-06   1.00000E+00
   1.18300E+03   7.50000E-03   1.50005E-02   9.39998E-01   1.50005E-02 
    2.25003E-02   1.00000E-06   1.00000E+00
   1.19300E+03   7.50000E-03   1.50005E-02   9.39998E-01   1.50005E-02 
    2.25003E-02   1.00000E-06   1.00000E+00
   1.20300E+03   7.50000E-03   1.50005E-02   9.39998E-01   1.50005E-02 
    2.25003E-02   1.00000E-06   1.00000E+00
   1.21300E+03   7.50000E-03   1.50005E-02   9.39998E-01   1.50005E-02 
    2.25003E-02   1.00000E-06   1.00000E+00
   1.22300E+03   7.50000E-03   1.50005E-02   9.39998E-01   1.50005E-02 
    2.25002E-02   1.00000E-06   1.00000E+00
   1.23300E+03   7.50000E-03   1.50005E-02   9.39998E-01   1.50005E-02 
    2.25003E-02   1.00000E-06   1.00000E+00
   1.24300E+03   7.50000E-03   1.50005E-02   9.39998E-01   1.50005E-02 
    2.25003E-02   1.00000E-06   1.00000E+00
   1.25300E+03   7.50000E-03   1.50005E-02   9.39998E-01   1.50005E-02 
    2.25003E-02   1.00000E-06   1.00000E+00
   1.26300E+03   7.50000E-03   1.50005E-02   9.39998E-01   1.50005E-02 
    2.25003E-02   1.00000E-06   1.00000E+00
   1.27300E+03   7.50000E-03   1.50005E-02   9.39998E-01   1.50005E-02 
    2.25002E-02   1.00000E-06   1.00000E+00
   1.28300E+03   7.50000E-03   1.50005E-02   9.39998E-01   1.50005E-02 
    2.25003E-02   1.00000E-06   1.00000E+00
   1.29300E+03   7.50000E-03   1.50005E-02   9.39998E-01   1.50005E-02 
    2.25003E-02   1.00000E-06   1.00000E+00
   1.30300E+03   7.50000E-03   1.50005E-02   9.39998E-01   1.50005E-02 
    2.25003E-02   1.00000E-06   1.00000E+00
   1.31300E+03   7.50000E-03   1.50005E-02   9.39998E-01   1.50005E-02 
    2.25003E-02   1.00000E-06   1.00000E+00
   1.32300E+03   7.50000E-03   1.50005E-02   9.39998E-01   1.50005E-02 
    2.25003E-02   1.00000E-06   1.00000E+00
   1.33300E+03   7.50000E-03   1.50005E-02   9.39998E-01   1.50005E-02 
    2.25003E-02   1.00000E-06   1.00000E+00
   1.34300E+03   7.50000E-03   1.50005E-02   9.39998E-01   1.50005E-02 
    2.25003E-02   1.00000E-06   1.00000E+00
   1.35300E+03   7.50000E-03   1.50005E-02   9.39998E-01   1.50005E-02 
    2.25003E-02   1.00000E-06   1.00000E+00
   1.36300E+03   7.50000E-03   1.50005E-02   9.39998E-01   1.50005E-02 
    2.25002E-02   1.00000E-06   1.00000E+00
   1.37300E+03   7.50000E-03   1.50005E-02   9.39998E-01   1.50005E-02 
    2.25003E-02   1.00000E-06   1.00000E+00
   1.38300E+03   7.50000E-03   1.50005E-02   9.39998E-01   1.50005E-02 
    2.25003E-02   1.00000E-06   1.00000E+00
   1.39300E+03   7.50000E-03   1.50005E-02   9.39998E-01   1.50005E-02 
    2.25003E-02   1.00000E-06   1.00000E+00
   1.40300E+03   7.50000E-03   1.50005E-02   9.39998E-01   1.50005E-02 
    2.25003E-02   1.00000E-06   1.00000E+00
   1.41300E+03   7.50000E-03   1.50005E-02   9.39998E-01   1.50005E-02 
    2.25003E-02   1.00000E-06   1.00000E+00
   1.42300E+03   7.50000E-03   1.50005E-02   9.39998E-01   1.50005E-02 
    2.25003E-02   1.00000E-06   1.00000E+00
   1.43300E+03   7.50000E-03   1.50005E-02   9.39998E-01   1.50005E-02 
    2.25003E-02   1.00000E-06   1.00000E+00
   1.44300E+03   7.50000E-03   1.50005E-02   9.39998E-01   1.50005E-02 
    2.25003E-02   1.00000E-06   1.00000E+00
   1.45300E+03   7.50000E-03   1.50005E-02   9.39998E-01   1.50005E-02 
    2.25002E-02   1.00000E-06   1.00000E+00
   1.46300E+03   7.50000E-03   1.50005E-02   9.39998E-01   1.50005E-02 
    2.25003E-02   1.00000E-06   1.00000E+00
   1.47300E+03   7.50000E-03   1.50005E-02   9.39998E-01   1.50005E-02 
    2.25002E-02   1.00000E-06   1.00000E+00

 Phase Region for:
     FCC_A1#1                      
 col-1=T, col-2=W(FCC_A1#1,C), col-3=W(FCC_A1#1,CR), col-4=W(FCC_A1#1,FE),
   col-5=W(FCC_A1#1,MN), col-6=W(FCC_A1#1,NI), col-7=W(FCC_A1#1,SI),
   col-8=NP(FCC_A1#1),
   1.17300E+03   7.50000E-03   1.50005E-02   9.39998E-01   1.50005E-02 
    2.25003E-02   1.00000E-06   1.00000E+00
   1.16300E+03   7.50000E-03   1.50005E-02   9.39998E-01   1.50005E-02 
    2.25003E-02   1.00000E-06   1.00000E+00
   1.15300E+03   7.50000E-03   1.50005E-02   9.39998E-01   1.50005E-02 
    2.25003E-02   1.00000E-06   1.00000E+00
   1.14300E+03   7.50000E-03   1.50005E-02   9.39998E-01   1.50005E-02 
    2.25002E-02   1.00000E-06   1.00000E+00
   1.13300E+03   7.50000E-03   1.50005E-02   9.39998E-01   1.50005E-02 
    2.25003E-02   1.00000E-06   1.00000E+00
   1.12300E+03   7.50000E-03   1.50005E-02   9.39998E-01   1.50005E-02 
    2.25002E-02   1.00000E-06   1.00000E+00
   1.11300E+03   7.50000E-03   1.50005E-02   9.39998E-01   1.50005E-02 
    2.25003E-02   1.00000E-06   1.00000E+00
   1.10300E+03   7.50000E-03   1.50005E-02   9.39998E-01   1.50005E-02 
    2.25003E-02   1.00000E-06   1.00000E+00
   1.09300E+03   7.50000E-03   1.50005E-02   9.39998E-01   1.50005E-02 
    2.25003E-02   1.00000E-06   1.00000E+00
   1.08300E+03   7.50000E-03   1.50005E-02   9.39998E-01   1.50005E-02 
    2.25003E-02   1.00000E-06   1.00000E+00
   1.07300E+03   7.50000E-03   1.50005E-02   9.39998E-01   1.50005E-02 
    2.25003E-02   1.00000E-06   1.00000E+00
   1.06300E+03   7.50000E-03   1.50005E-02   9.39998E-01   1.50005E-02 
    2.25002E-02   1.00000E-06   1.00000E+00
   1.05300E+03   7.50000E-03   1.50005E-02   9.39998E-01   1.50005E-02 
    2.25003E-02   1.00000E-06   1.00000E+00
   1.04300E+03   7.50000E-03   1.50005E-02   9.39998E-01   1.50005E-02 
    2.25003E-02   1.00000E-06   1.00000E+00
   1.03300E+03   7.50000E-03   1.50005E-02   9.39998E-01   1.50005E-02 
    2.25002E-02   1.00000E-06   1.00000E+00
   1.02300E+03   7.50000E-03   1.50005E-02   9.39998E-01   1.50005E-02 
    2.25003E-02   1.00000E-06   1.00000E+00
   1.01300E+03   7.50000E-03   1.50005E-02   9.39998E-01   1.50005E-02 
    2.25003E-02   1.00000E-06   1.00000E+00
   1.00300E+03   7.50000E-03   1.50005E-02   9.39998E-01   1.50005E-02 
    2.25003E-02   1.00000E-06   1.00000E+00
   9.93000E+02   7.50000E-03   1.50005E-02   9.39998E-01   1.50005E-02 
    2.25002E-02   1.00000E-06   1.00000E+00
   9.83000E+02   7.50000E-03   1.50005E-02   9.39998E-01   1.50005E-02 
    2.25003E-02   1.00000E-06   1.00000E+00
   9.73000E+02   7.50000E-03   1.50005E-02   9.39998E-01   1.50005E-02 
    2.25003E-02   1.00000E-06   1.00000E+00
   9.63000E+02   7.50000E-03   1.50005E-02   9.39998E-01   1.50005E-02 
    2.25003E-02   1.00000E-06   1.00000E+00
   9.53000E+02   7.50000E-03   1.50005E-02   9.39998E-01   1.50005E-02 
    2.25003E-02   1.00000E-06   1.00000E+00
   9.50529E+02   7.50000E-03   1.50005E-02   9.39998E-01   1.50005E-02 
    2.25003E-02   1.00000E-06   1.00000E+00

 Phase Region for:
     BCC_A2                        
     FCC_A1#1                      
 col-1=T, col-2=W(BCC_A2,C), col-3=W(BCC_A2,CR), col-4=W(BCC_A2,FE),
   col-5=W(BCC_A2,MN), col-6=W(BCC_A2,NI), col-7=W(BCC_A2,SI),
   col-8=W(FCC_A1#1,C), col-9=W(FCC_A1#1,CR), col-10=W(FCC_A1#1,FE),
   col-11=W(FCC_A1#1,MN), col-12=W(FCC_A1#1,NI), col-13=W(FCC_A1#1,SI),
   col-14=NP(BCC_A2), col-15=NP(FCC_A1#1),
   9.50529E+02   1.22445E-04   6.71295E-03   9.81647E-01   2.90302E-03 
    8.61269E-03   1.51398E-06   7.50001E-03   1.50005E-02   9.39998E-01 
    1.50005E-02   2.25003E-02   1.00000E-06   9.39904E-07   9.99999E-01
   9.43000E+02   1.25086E-04   6.65013E-03   9.81454E-01   2.90382E-03 
    8.86536E-03   1.48695E-06   8.04749E-03   1.56204E-02   9.36920E-01 
    1.58985E-02   2.35125E-02   9.63851E-07   6.72856E-02   9.32714E-01
   9.33000E+02   1.28101E-04   6.55015E-03   9.81230E-01   2.89767E-03 
    9.19226E-03   1.45773E-06   8.80978E-03   1.65019E-02   9.32672E-01 
    1.71508E-02   2.48647E-02   9.18674E-07   1.46891E-01   8.53109E-01
   9.23000E+02   1.30522E-04   6.43154E-03   9.81044E-01   2.88343E-03 
    9.50935E-03   1.43438E-06   9.61286E-03   1.74573E-02   9.28230E-01 
    1.84745E-02   2.62248E-02   8.75460E-07   2.16944E-01   7.83056E-01
   9.13000E+02   1.32322E-04   6.29455E-03   9.80893E-01   2.86128E-03 
    9.81709E-03   1.41549E-06   1.04579E-02   1.84956E-02   9.23580E-01 
    1.98740E-02   2.75921E-02   8.33196E-07   2.78901E-01   7.21099E-01
   9.03000E+02   1.33483E-04   6.13940E-03   9.80778E-01   2.83150E-03 
    1.01162E-02   1.39999E-06   1.13465E-02   1.96274E-02   9.18704E-01 
    2.13546E-02   2.89667E-02   7.91142E-07   3.33978E-01   6.66022E-01
   8.93000E+02   1.33996E-04   5.96622E-03   9.80696E-01   2.79438E-03 
    1.04078E-02   1.38708E-06   1.22811E-02   2.08644E-02   9.13582E-01 
    2.29232E-02   3.03491E-02   7.48755E-07   3.83193E-01   6.16807E-01
   8.83000E+02   1.33862E-04   5.77519E-03   9.80646E-01   2.75039E-03 
    1.06932E-02   1.37613E-06   1.32647E-02   2.22202E-02   9.08186E-01 
    2.45874E-02   3.17405E-02   7.05638E-07   4.27403E-01   5.72597E-01
   8.73000E+02   1.33090E-04   5.56636E-03   9.80625E-01   2.69989E-03 
    1.09739E-02   1.36663E-06   1.43016E-02   2.37108E-02   9.02487E-01 
    2.63573E-02   3.31422E-02   6.61501E-07   4.67332E-01   5.32668E-01
   8.63000E+02   1.31700E-04   5.33979E-03   9.80632E-01   2.64333E-03 
    1.12520E-02   1.35815E-06   1.53972E-02   2.53547E-02   8.96447E-01 
    2.82447E-02   3.45559E-02   6.16142E-07   5.03597E-01   4.96403E-01
   8.53000E+02   1.29718E-04   5.09553E-03   9.80662E-01   2.58119E-03 
    1.15301E-02   1.35032E-06   1.65585E-02   2.71743E-02   8.90019E-01 
    3.02645E-02   3.59832E-02   5.69437E-07   5.36729E-01   4.63271E-01
   8.43000E+02   1.27182E-04   4.83358E-03   9.80713E-01   2.51395E-03 
    1.18111E-02   1.34281E-06   1.77948E-02   2.91968E-02   8.83147E-01 
    3.24357E-02   3.74257E-02   5.21333E-07   5.67185E-01   4.32815E-01
   8.33000E+02   1.24140E-04   4.55394E-03   9.80780E-01   2.44213E-03 
    1.20988E-02   1.33529E-06   1.91183E-02   3.14558E-02   8.75759E-01 
    3.47823E-02   3.88844E-02   4.71848E-07   5.95371E-01   4.04629E-01
   8.23000E+02   1.20649E-04   4.25657E-03   9.80857E-01   2.36630E-03 
    1.23979E-02   1.32747E-06   2.05456E-02   3.39942E-02   8.67764E-01 
    3.73359E-02   4.03597E-02   4.21084E-07   6.21650E-01   3.78350E-01
   8.13000E+02   1.16779E-04   3.94135E-03   9.80939E-01   2.28705E-03 
    1.27147E-02   1.31900E-06   2.20992E-02   3.68683E-02   8.59043E-01 
    4.01395E-02   4.18497E-02   3.69233E-07   6.46358E-01   3.53642E-01
   8.03000E+02   1.12613E-04   3.60802E-03   9.81016E-01   2.20503E-03 
    1.30575E-02   1.30952E-06   2.38112E-02   4.01549E-02   8.49431E-01 
    4.32526E-02   4.33497E-02   3.16595E-07   6.69819E-01   3.30181E-01
   7.93000E+02   1.08257E-04   3.25597E-03   9.81075E-01   2.12104E-03 
    1.34381E-02   1.29860E-06   2.57291E-02   4.39642E-02   8.38694E-01 
    4.67631E-02   4.48489E-02   2.63604E-07   6.92372E-01   3.07628E-01
   7.83000E+02   1.03850E-04   2.88385E-03   9.81101E-01   2.03604E-03 
    1.38744E-02   1.28572E-06   2.79281E-02   4.84666E-02   8.26472E-01 
    5.08083E-02   4.63248E-02   2.10840E-07   7.14403E-01   2.85597E-01
   7.73000E+02   9.95980E-05   2.48859E-03   9.81063E-01   1.95145E-03 
    1.43961E-02   1.27013E-06   3.05388E-02   5.39523E-02   8.12154E-01 
    5.56246E-02   4.77301E-02   1.59046E-07   7.36434E-01   2.63566E-01
   7.63000E+02   9.58793E-05   2.06247E-03   9.80910E-01   1.86981E-03 
    1.50603E-02   1.25057E-06   3.38260E-02   6.10028E-02   7.94530E-01 
    6.16878E-02   4.89537E-02   1.09086E-07   7.59347E-01   2.40653E-01
   7.53000E+02   9.37121E-05   1.58050E-03   9.80511E-01   1.79776E-03 
    1.60153E-02   1.22406E-06   3.85179E-02   7.12042E-02   7.70324E-01 
    7.02943E-02   4.96594E-02   6.16284E-08   7.85311E-01   2.14689E-01
   7.43000E+02   2.93651E-04   6.14468E-05   9.74727E-01   2.14826E-03 
    2.27684E-02   1.06590E-06   1.16849E-01   2.41686E-01   4.13011E-01 
    2.10021E-01   1.84318E-02   6.61767E-13   9.12946E-01   8.70544E-02
   7.33000E+02   2.82346E-04   4.53823E-05   9.75025E-01   1.91642E-03 
    2.27295E-02   1.06253E-06   1.22930E-01   2.54174E-01   3.79811E-01 
    2.24251E-01   1.88341E-02   2.36889E-13   9.15804E-01   8.41963E-02
   7.23000E+02   2.66675E-04   3.44511E-05   9.75354E-01   1.68436E-03 
    2.26592E-02   1.06003E-06   1.27989E-01   2.64298E-01   3.51045E-01 
    2.36815E-01   1.98528E-02   1.01761E-13   9.17906E-01   8.20940E-02
   7.13000E+02   2.49040E-04   2.65185E-05   9.75701E-01   1.45993E-03 
    2.25622E-02   1.05803E-06   1.32449E-01   2.73033E-01   3.24752E-01 
    2.48333E-01   2.14321E-02   4.93224E-14   9.19584E-01   8.04163E-02
   7.03000E+02   2.30678E-04   2.05653E-05   9.76063E-01   1.24791E-03 
    2.24367E-02   1.05635E-06   1.36512E-01   2.80855E-01   2.99932E-01 
    2.59073E-01   2.36275E-02   2.62593E-14   9.20991E-01   7.90093E-02
   6.93000E+02   2.12323E-04   1.60100E-05   9.76443E-01   1.05132E-03 
    2.22764E-02   1.05488E-06   1.40295E-01   2.88046E-01   2.75900E-01 
    2.69181E-01   2.65784E-02   1.51742E-14   9.22214E-01   7.77862E-02
   6.83000E+02   1.94442E-04   1.24844E-05   9.76850E-01   8.71870E-04 
    2.20701E-02   1.05357E-06   1.43882E-01   2.94801E-01   2.52028E-01 
    2.78758E-01   3.05303E-02   9.49129E-15   9.23308E-01   7.66916E-02
   6.73000E+02   1.77348E-04   9.74018E-06   9.77303E-01   7.10218E-04 
    2.17983E-02   1.05236E-06   1.47343E-01   3.01283E-01   2.27563E-01 
    2.87906E-01   3.59055E-02   8.83105E-15   9.24316E-01   7.56841E-02
