
 Phase Region for:
     FCC_A1#2                      
 col-1=T, col-2=X(FCC_A1#2,C), col-3=X(FCC_A1#2,CR), col-4=X(FCC_A1#2,FE),
   col-5=X(FCC_A1#2,MN), col-6=X(FCC_A1#2,NI), col-7=X(FCC_A1#2,SI),
   col-8=NP(FCC_A1#2),
   1.17300E+03   3.34228E-02   1.28685E-02   9.10506E-01   1.46148E-02 
    9.12002E-07   2.85875E-02   1.00000E+00
   1.18300E+03   3.34228E-02   1.28685E-02   9.10506E-01   1.46148E-02 
    9.12002E-07   2.85875E-02   1.00000E+00
   1.19300E+03   3.34228E-02   1.28685E-02   9.10506E-01   1.46148E-02 
    9.12002E-07   2.85875E-02   1.00000E+00
   1.20300E+03   3.34228E-02   1.28685E-02   9.10506E-01   1.46148E-02 
    9.12002E-07   2.85875E-02   1.00000E+00
   1.21300E+03   3.34228E-02   1.28685E-02   9.10506E-01   1.46148E-02 
    9.12002E-07   2.85875E-02   1.00000E+00
   1.22300E+03   3.34228E-02   1.28685E-02   9.10506E-01   1.46148E-02 
    9.12002E-07   2.85875E-02   1.00000E+00
   1.23300E+03   3.34228E-02   1.28685E-02   9.10506E-01   1.46148E-02 
    9.12002E-07   2.85875E-02   1.00000E+00
   1.24300E+03   3.34228E-02   1.28685E-02   9.10506E-01   1.46148E-02 
    9.12002E-07   2.85875E-02   1.00000E+00
   1.25300E+03   3.34228E-02   1.28685E-02   9.10506E-01   1.46148E-02 
    9.12002E-07   2.85875E-02   1.00000E+00
   1.26300E+03   3.34228E-02   1.28685E-02   9.10506E-01   1.46148E-02 
    9.12002E-07   2.85875E-02   1.00000E+00
   1.27300E+03   3.34228E-02   1.28685E-02   9.10506E-01   1.46148E-02 
    9.12002E-07   2.85875E-02   1.00000E+00
   1.28300E+03   3.34228E-02   1.28685E-02   9.10506E-01   1.46148E-02 
    9.12002E-07   2.85875E-02   1.00000E+00
   1.29300E+03   3.34228E-02   1.28685E-02   9.10506E-01   1.46148E-02 
    9.12002E-07   2.85875E-02   1.00000E+00
   1.30300E+03   3.34228E-02   1.28685E-02   9.10506E-01   1.46148E-02 
    9.12002E-07   2.85875E-02   1.00000E+00
   1.31300E+03   3.34228E-02   1.28685E-02   9.10506E-01   1.46148E-02 
    9.12002E-07   2.85875E-02   1.00000E+00
   1.32300E+03   3.34228E-02   1.28685E-02   9.10506E-01   1.46148E-02 
    9.12002E-07   2.85875E-02   1.00000E+00
   1.33300E+03   3.34228E-02   1.28685E-02   9.10506E-01   1.46148E-02 
    9.12002E-07   2.85875E-02   1.00000E+00
   1.34300E+03   3.34228E-02   1.28685E-02   9.10506E-01   1.46148E-02 
    9.12002E-07   2.85875E-02   1.00000E+00
   1.35300E+03   3.34228E-02   1.28685E-02   9.10506E-01   1.46148E-02 
    9.12002E-07   2.85875E-02   1.00000E+00
   1.36300E+03   3.34228E-02   1.28685E-02   9.10506E-01   1.46148E-02 
    9.12002E-07   2.85875E-02   1.00000E+00
   1.37300E+03   3.34228E-02   1.28685E-02   9.10506E-01   1.46148E-02 
    9.12002E-07   2.85875E-02   1.00000E+00
   1.38300E+03   3.34228E-02   1.28685E-02   9.10506E-01   1.46148E-02 
    9.12002E-07   2.85875E-02   1.00000E+00
   1.39300E+03   3.34228E-02   1.28685E-02   9.10506E-01   1.46148E-02 
    9.12002E-07   2.85875E-02   1.00000E+00
   1.40300E+03   3.34228E-02   1.28685E-02   9.10506E-01   1.46148E-02 
    9.12002E-07   2.85875E-02   1.00000E+00
   1.41300E+03   3.34228E-02   1.28685E-02   9.10506E-01   1.46148E-02 
    9.12002E-07   2.85875E-02   1.00000E+00
   1.42300E+03   3.34228E-02   1.28685E-02   9.10506E-01   1.46148E-02 
    9.12002E-07   2.85875E-02   1.00000E+00
   1.43300E+03   3.34228E-02   1.28685E-02   9.10506E-01   1.46148E-02 
    9.12002E-07   2.85875E-02   1.00000E+00
   1.44300E+03   3.34228E-02   1.28685E-02   9.10506E-01   1.46148E-02 
    9.12002E-07   2.85875E-02   1.00000E+00
   1.45300E+03   3.34228E-02   1.28685E-02   9.10506E-01   1.46148E-02 
    9.12002E-07   2.85875E-02   1.00000E+00
   1.46300E+03   3.34228E-02   1.28685E-02   9.10506E-01   1.46148E-02 
    9.12002E-07   2.85875E-02   1.00000E+00
   1.47300E+03   3.34228E-02   1.28685E-02   9.10506E-01   1.46148E-02 
    9.12002E-07   2.85875E-02   1.00000E+00

 Phase Region for:
     FCC_A1#2                      
 col-1=T, col-2=X(FCC_A1#2,C), col-3=X(FCC_A1#2,CR), col-4=X(FCC_A1#2,FE),
   col-5=X(FCC_A1#2,MN), col-6=X(FCC_A1#2,NI), col-7=X(FCC_A1#2,SI),
   col-8=NP(FCC_A1#2),
   1.17300E+03   3.34228E-02   1.28685E-02   9.10506E-01   1.46148E-02 
    9.12002E-07   2.85875E-02   1.00000E+00
   1.16300E+03   3.34228E-02   1.28685E-02   9.10506E-01   1.46148E-02 
    9.12002E-07   2.85875E-02   1.00000E+00
   1.15300E+03   3.34228E-02   1.28685E-02   9.10506E-01   1.46148E-02 
    9.12002E-07   2.85875E-02   1.00000E+00
   1.14300E+03   3.34228E-02   1.28685E-02   9.10506E-01   1.46148E-02 
    9.12002E-07   2.85875E-02   1.00000E+00
   1.13300E+03   3.34228E-02   1.28685E-02   9.10506E-01   1.46148E-02 
    9.12002E-07   2.85875E-02   1.00000E+00
   1.12300E+03   3.34228E-02   1.28685E-02   9.10506E-01   1.46148E-02 
    9.12002E-07   2.85875E-02   1.00000E+00
   1.11300E+03   3.34228E-02   1.28685E-02   9.10506E-01   1.46148E-02 
    9.12002E-07   2.85875E-02   1.00000E+00
   1.10300E+03   3.34228E-02   1.28685E-02   9.10506E-01   1.46148E-02 
    9.12002E-07   2.85875E-02   1.00000E+00
   1.09642E+03   3.34228E-02   1.28685E-02   9.10506E-01   1.46148E-02 
    9.12002E-07   2.85875E-02   1.00000E+00

 Phase Region for:
     CEMENTITE                     
     FCC_A1#2                      
 col-1=T, col-2=X(CEMENTITE,C), col-3=X(CEMENTITE,CR), col-4=X(CEMENTITE,FE),
   col-5=X(CEMENTITE,MN), col-6=X(CEMENTITE,NI), col-7=X(CEMENTITE,SI),
   col-8=X(FCC_A1#2,C), col-9=X(FCC_A1#2,CR), col-10=X(FCC_A1#2,FE),
   col-11=X(FCC_A1#2,MN), col-12=X(FCC_A1#2,NI), col-13=X(FCC_A1#2,SI),
   col-14=NP(CEMENTITE), col-15=NP(FCC_A1#2),
   1.09642E+03   2.50000E-01   8.84632E-02   6.40810E-01   2.07272E-02 
    8.65440E-08   0.00000E+00   3.34227E-02   1.28684E-02   9.10506E-01 
    1.46148E-02   9.12003E-07   2.85875E-02   5.25992E-08   1.00000E+00
   1.09300E+03   2.50000E-01   8.85614E-02   6.40649E-01   2.07894E-02 
    8.58412E-08   0.00000E+00   3.30346E-02   1.27328E-02   9.10989E-01 
    1.46037E-02   9.13483E-07   2.86387E-02   1.78913E-03   9.98211E-01
   1.08300E+03   2.50000E-01   8.88438E-02   6.40181E-01   2.09754E-02 
    8.37967E-08   0.00000E+00   3.19119E-02   1.23384E-02   9.12391E-01 
    1.45704E-02   9.17780E-07   2.87869E-02   6.92776E-03   9.93072E-01
   1.07300E+03   2.50000E-01   8.91184E-02   6.39714E-01   2.11677E-02 
    8.17705E-08   0.00000E+00   3.08089E-02   1.19482E-02   9.13774E-01 
    1.45357E-02   9.22023E-07   2.89325E-02   1.19252E-02   9.88075E-01
   1.06300E+03   2.50000E-01   8.93850E-02   6.39249E-01   2.13664E-02 
    7.97627E-08   0.00000E+00   2.97255E-02   1.15622E-02   9.15136E-01 
    1.44995E-02   9.26210E-07   2.90755E-02   1.67847E-02   9.83215E-01
   1.05300E+03   2.50000E-01   8.96433E-02   6.38785E-01   2.15717E-02 
    7.77737E-08   0.00000E+00   2.86619E-02   1.11808E-02   9.16479E-01 
    1.44619E-02   9.30341E-07   2.92159E-02   2.15093E-02   9.78491E-01
   1.04300E+03   2.50000E-01   8.98932E-02   6.38323E-01   2.17838E-02 
    7.58038E-08   0.00000E+00   2.76181E-02   1.08041E-02   9.17801E-01 
    1.44227E-02   9.34414E-07   2.93537E-02   2.61021E-02   9.73898E-01
   1.03300E+03   2.50000E-01   9.01345E-02   6.37863E-01   2.20029E-02 
    7.38532E-08   0.00000E+00   2.65942E-02   1.04323E-02   9.19102E-01 
    1.43819E-02   9.38429E-07   2.94888E-02   3.05659E-02   9.69434E-01
   1.02741E+03   2.50000E-01   9.02655E-02   6.37606E-01   2.21284E-02 
    7.27716E-08   0.00000E+00   2.60306E-02   1.02267E-02   9.19820E-01 
    1.43583E-02   9.40647E-07   2.95632E-02   3.30054E-02   9.66995E-01

 Phase Region for:
     BCC_A2                        
     CEMENTITE                     
     FCC_A1#2                      
 col-1=T, col-2=X(BCC_A2,C), col-3=X(BCC_A2,CR), col-4=X(BCC_A2,FE),
   col-5=X(BCC_A2,MN), col-6=X(BCC_A2,NI), col-7=X(BCC_A2,SI),
   col-8=X(CEMENTITE,C), col-9=X(CEMENTITE,CR), col-10=X(CEMENTITE,FE),
   col-11=X(CEMENTITE,MN), col-12=X(CEMENTITE,NI), col-13=X(CEMENTITE,SI),
   col-14=X(FCC_A1#2,C), col-15=X(FCC_A1#2,CR), col-16=X(FCC_A1#2,FE),
   col-17=X(FCC_A1#2,MN), col-18=X(FCC_A1#2,NI), col-19=X(FCC_A1#2,SI),
   col-20=NP(BCC_A2), col-21=NP(CEMENTITE), col-22=NP(FCC_A1#2),
   1.02741E+03   7.06521E-04   6.16632E-03   9.48017E-01   5.61895E-03 
    4.61455E-07   3.94909E-02   2.50000E-01   9.02654E-02   6.37606E-01 
    2.21285E-02   7.27718E-08   0.00000E+00   2.60306E-02   1.02267E-02 
    9.19820E-01   1.43584E-02   9.40650E-07   2.95632E-02   4.42150E-06 
    3.30059E-02   9.66990E-01
   1.02300E+03   6.83850E-04   5.66943E-03   9.49632E-01   6.14654E-03 
    5.15931E-07   3.78681E-02   2.50000E-01   8.52092E-02   6.39682E-01 
    2.51084E-02   8.23471E-08   0.00000E+00   2.60468E-02   9.47196E-03 
    9.20182E-01   1.59756E-02   1.07045E-06   2.83230E-02   1.88926E-01 
    5.43312E-02   7.56743E-01
   1.01300E+03   6.24536E-04   4.81014E-03   9.51961E-01   7.65288E-03 
    6.90070E-07   3.49505E-02   2.50000E-01   7.62268E-02   6.40150E-01 
    3.36236E-02   1.12450E-07   0.00000E+00   2.57909E-02   8.12934E-03 
    9.19195E-01   2.06054E-02   1.49969E-06   2.62774E-02   5.59879E-01 
    9.68826E-02   3.43238E-01
   1.00300E+03   5.56805E-04   4.26127E-03   9.52562E-01   9.49966E-03 
    9.68880E-07   3.31194E-02   2.50000E-01   7.05879E-02   6.34912E-01 
    4.44996E-02   1.59949E-07   0.00000E+00   2.51291E-02   7.24108E-03 
    9.15780E-01   2.65248E-02   2.22916E-06   2.53233E-02   8.34803E-01 
    1.28103E-01   3.70942E-02
   1.00148E+03   5.46148E-04   4.19904E-03   9.52526E-01   9.80075E-03 
    1.02473E-06   3.29271E-02   2.50000E-01   6.99789E-02   6.33693E-01 
    4.63278E-02   1.69404E-07   0.00000E+00   2.49986E-02   7.13786E-03 
    9.15081E-01   2.75186E-02   2.38011E-06   2.52619E-02   8.68206E-01 
    1.31794E-01   0.00000E+00

 Phase Region for:
     BCC_A2                        
     CEMENTITE                     
 col-1=T, col-2=X(BCC_A2,C), col-3=X(BCC_A2,CR), col-4=X(BCC_A2,FE),
   col-5=X(BCC_A2,MN), col-6=X(BCC_A2,NI), col-7=X(BCC_A2,SI),
   col-8=X(CEMENTITE,C), col-9=X(CEMENTITE,CR), col-10=X(CEMENTITE,FE),
   col-11=X(CEMENTITE,MN), col-12=X(CEMENTITE,NI), col-13=X(CEMENTITE,SI),
   col-14=NP(BCC_A2), col-15=NP(CEMENTITE),
   1.00148E+03   5.46148E-04   4.19904E-03   9.52526E-01   9.80075E-03 
    1.02473E-06   3.29271E-02   2.50000E-01   6.99789E-02   6.33693E-01 
    4.63278E-02   1.69404E-07   0.00000E+00   8.68206E-01   1.31794E-01  NONE
   9.93000E+02   4.93170E-04   4.06663E-03   9.52962E-01   9.54307E-03 
    1.02478E-06   3.29341E-02   2.50000E-01   7.07579E-02   6.31270E-01 
    4.79715E-02   1.70235E-07   0.00000E+00   8.68021E-01   1.31979E-01  NONE
   9.83000E+02   4.36696E-04   3.91222E-03   9.53468E-01   9.24088E-03 
    1.02484E-06   3.29415E-02   2.50000E-01   7.16726E-02   6.28429E-01 
    4.98985E-02   1.71145E-07   0.00000E+00   8.67825E-01   1.32175E-01  NONE
   9.73000E+02   3.86098E-04   3.75958E-03   9.53965E-01   8.94041E-03 
    1.02488E-06   3.29482E-02   2.50000E-01   7.25832E-02   6.25602E-01 
    5.18142E-02   1.71985E-07   0.00000E+00   8.67649E-01   1.32351E-01  NONE
   9.63000E+02   3.40818E-04   3.60873E-03   9.54453E-01   8.64175E-03 
    1.02492E-06   3.29542E-02   2.50000E-01   7.34890E-02   6.22792E-01 
    5.37185E-02   1.72763E-07   0.00000E+00   8.67492E-01   1.32508E-01  NONE
   9.53000E+02   3.00347E-04   3.45969E-03   9.54934E-01   8.34499E-03 
    1.02495E-06   3.29595E-02   2.50000E-01   7.43894E-02   6.19999E-01 
    5.56112E-02   1.73484E-07   0.00000E+00   8.67351E-01   1.32649E-01  NONE
   9.43000E+02   2.64223E-04   3.31254E-03   9.55408E-01   8.05020E-03 
    1.02497E-06   3.29643E-02   2.50000E-01   7.52835E-02   6.17224E-01 
    5.74920E-02   1.74154E-07   0.00000E+00   8.67226E-01   1.32774E-01  NONE
   9.33000E+02   2.32025E-04   3.16734E-03   9.55874E-01   7.75751E-03 
    1.02498E-06   3.29686E-02   2.50000E-01   7.61705E-02   6.14469E-01 
    5.93602E-02   1.74777E-07   0.00000E+00   8.67114E-01   1.32886E-01  NONE
   9.23000E+02   2.03369E-04   3.02418E-03   9.56332E-01   7.46703E-03 
    1.02499E-06   3.29723E-02   2.50000E-01   7.70492E-02   6.11735E-01 
    6.12154E-02   1.75359E-07   0.00000E+00   8.67014E-01   1.32986E-01  NONE
   9.13000E+02   1.77905E-04   2.88318E-03   9.56783E-01   7.17892E-03 
    1.02499E-06   3.29757E-02   2.50000E-01   7.79186E-02   6.09024E-01 
    6.30567E-02   1.75903E-07   0.00000E+00   8.66926E-01   1.33074E-01  NONE
   9.03000E+02   1.55315E-04   2.74444E-03   9.57227E-01   6.89332E-03 
    1.02499E-06   3.29787E-02   2.50000E-01   7.87776E-02   6.06339E-01 
    6.48831E-02   1.76413E-07   0.00000E+00   8.66848E-01   1.33152E-01  NONE
   8.93000E+02   1.35310E-04   2.60811E-03   9.57664E-01   6.61042E-03 
    1.02499E-06   3.29813E-02   2.50000E-01   7.96250E-02   6.03681E-01 
    6.66935E-02   1.76893E-07   0.00000E+00   8.66778E-01   1.33222E-01  NONE
   8.83000E+02   1.17626E-04   2.47432E-03   9.58093E-01   6.33044E-03 
    1.02498E-06   3.29837E-02   2.50000E-01   8.04596E-02   6.01054E-01 
    6.84866E-02   1.77346E-07   0.00000E+00   8.66717E-01   1.33283E-01  NONE
   8.73000E+02   1.02023E-04   2.34321E-03   9.58514E-01   6.05359E-03 
    1.02496E-06   3.29857E-02   2.50000E-01   8.12802E-02   5.98459E-01 
    7.02608E-02   1.77774E-07   0.00000E+00   8.66663E-01   1.33337E-01  NONE
   8.63000E+02   8.82841E-05   2.21493E-03   9.58928E-01   5.78013E-03 
    1.02495E-06   3.29875E-02   2.50000E-01   8.20854E-02   5.95900E-01 
    7.20145E-02   1.78181E-07   0.00000E+00   8.66615E-01   1.33385E-01  NONE
   8.53000E+02   7.62112E-05   2.08964E-03   9.59334E-01   5.51033E-03 
    1.02493E-06   3.29891E-02   2.50000E-01   8.28741E-02   5.93380E-01 
    7.37460E-02   1.78568E-07   0.00000E+00   8.66573E-01   1.33427E-01  NONE
   8.43000E+02   6.56250E-05   1.96749E-03   9.59731E-01   5.24447E-03 
    1.02491E-06   3.29905E-02   2.50000E-01   8.36449E-02   5.90901E-01 
    7.54534E-02   1.78937E-07   0.00000E+00   8.66536E-01   1.33464E-01  NONE
   8.33000E+02   5.63630E-05   1.84863E-03   9.60119E-01   4.98286E-03 
    1.02489E-06   3.29917E-02   2.50000E-01   8.43968E-02   5.88468E-01 
    7.71346E-02   1.79289E-07   0.00000E+00   8.66504E-01   1.33496E-01  NONE
   8.23000E+02   4.82782E-05   1.73320E-03   9.60499E-01   4.72580E-03 
    1.02486E-06   3.29928E-02   2.50000E-01   8.51285E-02   5.86084E-01 
    7.87876E-02   1.79626E-07   0.00000E+00   8.66476E-01   1.33524E-01  NONE
   8.13000E+02   4.12380E-05   1.62134E-03   9.60869E-01   4.47363E-03 
    1.02484E-06   3.29937E-02   2.50000E-01   8.58390E-02   5.83751E-01 
    8.04101E-02   1.79948E-07   0.00000E+00   8.66452E-01   1.33548E-01  NONE
   8.03000E+02   3.51226E-05   1.51320E-03   9.61229E-01   4.22668E-03 
    1.02481E-06   3.29945E-02   2.50000E-01   8.65271E-02   5.81473E-01 
    8.20000E-02   1.80256E-07   0.00000E+00   8.66431E-01   1.33569E-01  NONE
   7.93000E+02   2.98241E-05   1.40888E-03   9.61580E-01   3.98528E-03 
    1.02478E-06   3.29952E-02   2.50000E-01   8.71920E-02   5.79253E-01 
    8.35550E-02   1.80551E-07   0.00000E+00   8.66412E-01   1.33588E-01  NONE
   7.83000E+02   2.52459E-05   1.30851E-03   9.61920E-01   3.74976E-03 
    1.02475E-06   3.29958E-02   2.50000E-01   8.78328E-02   5.77094E-01 
    8.50728E-02   1.80831E-07   0.00000E+00   8.66396E-01   1.33604E-01  NONE
   7.73000E+02   2.13008E-05   1.21216E-03   9.62249E-01   3.52046E-03 
    1.02473E-06   3.29964E-02   2.50000E-01   8.84486E-02   5.75000E-01 
    8.65513E-02   1.81097E-07   0.00000E+00   8.66383E-01   1.33617E-01  NONE
   7.63000E+02   1.79113E-05   1.11994E-03   9.62567E-01   3.29770E-03 
    1.02470E-06   3.29968E-02   2.50000E-01   8.90388E-02   5.72973E-01 
    8.79882E-02   1.81347E-07   0.00000E+00   8.66371E-01   1.33629E-01  NONE
   7.53000E+02   1.50078E-05   1.03190E-03   9.62873E-01   3.08178E-03 
    1.02467E-06   3.29972E-02   2.50000E-01   8.96030E-02   5.71015E-01 
    8.93816E-02   1.81581E-07   0.00000E+00   8.66361E-01   1.33639E-01  NONE
   7.43000E+02   1.25284E-05   9.48094E-04   9.63168E-01   2.87300E-03 
    1.02465E-06   3.29975E-02   2.50000E-01   9.01405E-02   5.69130E-01 
    9.07295E-02   1.81797E-07   0.00000E+00   8.66352E-01   1.33648E-01  NONE
   7.33000E+02   1.04182E-05   8.68549E-04   9.63451E-01   2.67162E-03 
    1.02462E-06   3.29978E-02   2.50000E-01   9.06513E-02   5.67319E-01 
    9.20300E-02   1.81993E-07   0.00000E+00   8.66345E-01   1.33655E-01  NONE
   7.23000E+02   8.62825E-06   7.93278E-04   9.63721E-01   2.47789E-03 
    1.02460E-06   3.29980E-02   2.50000E-01   9.11350E-02   5.65583E-01 
    9.32815E-02   1.82167E-07   0.00000E+00   8.66339E-01   1.33661E-01  NONE
   7.13000E+02   7.11544E-06   7.22272E-04   9.63979E-01   2.29202E-03 
    1.02459E-06   3.29982E-02   2.50000E-01   9.15916E-02   5.63926E-01 
    9.44827E-02   1.82318E-07   0.00000E+00   8.66334E-01   1.33666E-01  NONE
   7.03000E+02   5.84166E-06   6.55507E-04   9.64225E-01   2.11419E-03 
    1.02457E-06   3.29984E-02   2.50000E-01   9.20214E-02   5.62346E-01 
    9.56321E-02   1.82441E-07   0.00000E+00   8.66329E-01   1.33671E-01  NONE
   6.93000E+02   4.77338E-06   5.92935E-04   9.64458E-01   1.94455E-03 
    1.02456E-06   3.29985E-02   2.50000E-01   9.24243E-02   5.60847E-01 
    9.67289E-02   1.82535E-07   0.00000E+00   8.66326E-01   1.33674E-01  NONE
   6.83000E+02   3.88117E-06   5.34494E-04   9.64679E-01   1.78321E-03 
    1.02455E-06   3.29987E-02   2.50000E-01   9.28010E-02   5.59427E-01 
    9.77723E-02   1.82596E-07   0.00000E+00   8.66322E-01   1.33678E-01  NONE
   6.73000E+02   3.13929E-06   4.80102E-04   9.64887E-01   1.63025E-03 
    1.02455E-06   3.29988E-02   2.50000E-01   9.31517E-02   5.58086E-01 
    9.87618E-02   1.82621E-07   0.00000E+00   8.66320E-01   1.33680E-01  NONE
