
 Phase Region for:
     FCC_A1#1                      
 col-1=T, col-2=W(FCC_A1#1,C), col-3=W(FCC_A1#1,CR), col-4=W(FCC_A1#1,FE),
   col-5=W(FCC_A1#1,MN), col-6=W(FCC_A1#1,NI), col-7=W(FCC_A1#1,SI),
   col-8=NP(FCC_A1#1),
   1.17300E+03   7.50000E-03   3.00000E-02   9.32498E-01   1.50005E-02 
    1.00000E-06   1.50005E-02   1.00000E+00
   1.18300E+03   7.50000E-03   3.00000E-02   9.32498E-01   1.50005E-02 
    1.00000E-06   1.50005E-02   1.00000E+00
   1.19300E+03   7.50000E-03   3.00000E-02   9.32498E-01   1.50005E-02 
    1.00000E-06   1.50005E-02   1.00000E+00
   1.20300E+03   7.50000E-03   3.00000E-02   9.32498E-01   1.50005E-02 
    1.00000E-06   1.50005E-02   1.00000E+00
   1.21300E+03   7.50000E-03   3.00000E-02   9.32498E-01   1.50005E-02 
    1.00000E-06   1.50005E-02   1.00000E+00
   1.22300E+03   7.50000E-03   3.00000E-02   9.32498E-01   1.50005E-02 
    1.00000E-06   1.50005E-02   1.00000E+00
   1.23300E+03   7.50000E-03   3.00000E-02   9.32498E-01   1.50005E-02 
    1.00000E-06   1.50005E-02   1.00000E+00
   1.24300E+03   7.50000E-03   3.00000E-02   9.32498E-01   1.50005E-02 
    1.00000E-06   1.50005E-02   1.00000E+00
   1.25300E+03   7.50000E-03   3.00000E-02   9.32498E-01   1.50005E-02 
    1.00000E-06   1.50005E-02   1.00000E+00
   1.26300E+03   7.50000E-03   3.00000E-02   9.32498E-01   1.50005E-02 
    1.00000E-06   1.50005E-02   1.00000E+00
   1.27300E+03   7.50000E-03   3.00000E-02   9.32498E-01   1.50005E-02 
    1.00000E-06   1.50005E-02   1.00000E+00
   1.28300E+03   7.50000E-03   3.00000E-02   9.32498E-01   1.50005E-02 
    1.00000E-06   1.50005E-02   1.00000E+00
   1.29300E+03   7.50000E-03   3.00000E-02   9.32498E-01   1.50005E-02 
    1.00000E-06   1.50005E-02   1.00000E+00
   1.30300E+03   7.50000E-03   3.00000E-02   9.32498E-01   1.50005E-02 
    1.00000E-06   1.50005E-02   1.00000E+00
   1.31300E+03   7.50000E-03   3.00000E-02   9.32498E-01   1.50005E-02 
    1.00000E-06   1.50005E-02   1.00000E+00
   1.32300E+03   7.50000E-03   3.00000E-02   9.32498E-01   1.50005E-02 
    1.00000E-06   1.50005E-02   1.00000E+00
   1.33300E+03   7.50000E-03   3.00000E-02   9.32498E-01   1.50005E-02 
    1.00000E-06   1.50005E-02   1.00000E+00
   1.34300E+03   7.50000E-03   3.00000E-02   9.32498E-01   1.50005E-02 
    1.00000E-06   1.50005E-02   1.00000E+00
   1.35300E+03   7.50000E-03   3.00000E-02   9.32498E-01   1.50005E-02 
    1.00000E-06   1.50005E-02   1.00000E+00
   1.36300E+03   7.50000E-03   3.00000E-02   9.32498E-01   1.50005E-02 
    1.00000E-06   1.50005E-02   1.00000E+00
   1.37300E+03   7.50000E-03   3.00000E-02   9.32498E-01   1.50005E-02 
    1.00000E-06   1.50005E-02   1.00000E+00
   1.38300E+03   7.50000E-03   3.00000E-02   9.32498E-01   1.50005E-02 
    1.00000E-06   1.50005E-02   1.00000E+00
   1.39300E+03   7.50000E-03   3.00000E-02   9.32498E-01   1.50005E-02 
    1.00000E-06   1.50005E-02   1.00000E+00
   1.40300E+03   7.50000E-03   3.00000E-02   9.32498E-01   1.50005E-02 
    1.00000E-06   1.50005E-02   1.00000E+00
   1.41300E+03   7.50000E-03   3.00000E-02   9.32498E-01   1.50005E-02 
    1.00000E-06   1.50005E-02   1.00000E+00
   1.42300E+03   7.50000E-03   3.00000E-02   9.32498E-01   1.50005E-02 
    1.00000E-06   1.50005E-02   1.00000E+00
   1.43300E+03   7.50000E-03   3.00000E-02   9.32498E-01   1.50005E-02 
    1.00000E-06   1.50005E-02   1.00000E+00
   1.44300E+03   7.50000E-03   3.00000E-02   9.32498E-01   1.50005E-02 
    1.00000E-06   1.50005E-02   1.00000E+00
   1.45300E+03   7.50000E-03   3.00000E-02   9.32498E-01   1.50005E-02 
    1.00000E-06   1.50005E-02   1.00000E+00
   1.46300E+03   7.50000E-03   3.00000E-02   9.32498E-01   1.50005E-02 
    1.00000E-06   1.50005E-02   1.00000E+00
   1.47300E+03   7.50000E-03   3.00000E-02   9.32498E-01   1.50005E-02 
    1.00000E-06   1.50005E-02   1.00000E+00

 Phase Region for:
     FCC_A1#1                      
 col-1=T, col-2=W(FCC_A1#1,C), col-3=W(FCC_A1#1,CR), col-4=W(FCC_A1#1,FE),
   col-5=W(FCC_A1#1,MN), col-6=W(FCC_A1#1,NI), col-7=W(FCC_A1#1,SI),
   col-8=NP(FCC_A1#1),
   1.17300E+03   7.50000E-03   3.00000E-02   9.32498E-01   1.50005E-02 
    1.00000E-06   1.50005E-02   1.00000E+00
   1.16300E+03   7.50000E-03   3.00000E-02   9.32498E-01   1.50005E-02 
    1.00000E-06   1.50005E-02   1.00000E+00
   1.15625E+03   7.50000E-03   3.00000E-02   9.32498E-01   1.50005E-02 
    1.00000E-06   1.50005E-02   1.00000E+00

 Phase Region for:
     CEMENTITE                     
     FCC_A1#1                      
 col-1=T, col-2=W(CEMENTITE,C), col-3=W(CEMENTITE,CR), col-4=W(CEMENTITE,FE),
   col-5=W(CEMENTITE,MN), col-6=W(CEMENTITE,NI), col-7=W(CEMENTITE,SI),
   col-8=W(FCC_A1#1,C), col-9=W(FCC_A1#1,CR), col-10=W(FCC_A1#1,FE),
   col-11=W(FCC_A1#1,MN), col-12=W(FCC_A1#1,NI), col-13=W(FCC_A1#1,SI),
   col-14=NP(CEMENTITE), col-15=NP(FCC_A1#1),
   1.15625E+03   6.79459E-02   2.07529E-01   7.03304E-01   2.12206E-02 
    1.01602E-07   0.00000E+00   7.50000E-03   3.00000E-02   9.32498E-01 
    1.50005E-02   1.00000E-06   1.50005E-02   5.47208E-08   1.00000E+00  NONE
   1.15300E+03   6.79477E-02   2.07865E-01   7.02917E-01   2.12698E-02 
    1.00804E-07   0.00000E+00   7.41156E-03   2.97398E-02   9.32834E-01 
    1.49913E-02   1.00132E-06   1.50224E-02   1.76725E-03   9.98233E-01  NONE
   1.14300E+03   6.79530E-02   2.08910E-01   7.01712E-01   2.14250E-02 
    9.83602E-08   0.00000E+00   7.14295E-03   2.89433E-02   9.33861E-01 
    1.49626E-02   1.00533E-06   1.50891E-02   7.10330E-03   9.92897E-01  NONE
   1.13300E+03   6.79584E-02   2.09969E-01   7.00487E-01   2.15859E-02 
    9.59404E-08   0.00000E+00   6.88018E-03   2.81550E-02   9.34877E-01 
    1.49330E-02   1.00927E-06   1.51543E-02   1.22779E-02   9.87722E-01  NONE
   1.12300E+03   6.79639E-02   2.11041E-01   6.99242E-01   2.17526E-02 
    9.35451E-08   0.00000E+00   6.62323E-03   2.73748E-02   9.35880E-01 
    1.49026E-02   1.01314E-06   1.52180E-02   1.72949E-02   9.82705E-01  NONE
   1.11300E+03   6.79695E-02   2.12126E-01   6.97979E-01   2.19253E-02 
    9.11747E-08   0.00000E+00   6.37208E-03   2.66029E-02   9.36872E-01 
    1.48713E-02   1.01695E-06   1.52803E-02   2.21581E-02   9.77842E-01  NONE
   1.10300E+03   6.79751E-02   2.13223E-01   6.96698E-01   2.21042E-02 
    8.88296E-08   0.00000E+00   6.12671E-03   2.58393E-02   9.37853E-01 
    1.48392E-02   1.02069E-06   1.53411E-02   2.68711E-02   9.73129E-01  NONE
   1.09300E+03   6.79808E-02   2.14332E-01   6.95398E-01   2.22895E-02 
    8.65103E-08   0.00000E+00   5.88711E-03   2.50843E-02   9.38821E-01 
    1.48061E-02   1.02436E-06   1.54005E-02   3.14374E-02   9.68563E-01  NONE
   1.08300E+03   6.79866E-02   2.15452E-01   6.94080E-01   2.24814E-02 
    8.42173E-08   0.00000E+00   5.65324E-03   2.43378E-02   9.39777E-01 
    1.47721E-02   1.02796E-06   1.54585E-02   3.58604E-02   9.64140E-01  NONE
   1.07300E+03   6.79924E-02   2.16582E-01   6.92745E-01   2.26802E-02 
    8.19510E-08   0.00000E+00   5.42509E-03   2.36002E-02   9.40722E-01 
    1.47371E-02   1.03149E-06   1.55150E-02   4.01434E-02   9.59857E-01  NONE
   1.06300E+03   6.79983E-02   2.17722E-01   6.91393E-01   2.28862E-02 
    7.97118E-08   0.00000E+00   5.20263E-03   2.28714E-02   9.41654E-01 
    1.47010E-02   1.03495E-06   1.55701E-02   4.42896E-02   9.55710E-01  NONE
   1.05300E+03   6.80042E-02   2.18872E-01   6.90024E-01   2.30995E-02 
    7.75000E-08   0.00000E+00   4.98583E-03   2.21517E-02   9.42574E-01 
    1.46640E-02   1.03833E-06   1.56238E-02   4.83021E-02   9.51698E-01  NONE
   1.04300E+03   6.80102E-02   2.20031E-01   6.88639E-01   2.33205E-02 
    7.53161E-08   0.00000E+00   4.77466E-03   2.14411E-02   9.43481E-01 
    1.46258E-02   1.04165E-06   1.56761E-02   5.21838E-02   9.47816E-01  NONE
   1.03883E+03   6.80127E-02   2.20516E-01   6.88056E-01   2.34151E-02 
    7.44133E-08   0.00000E+00   4.68821E-03   2.11475E-02   9.43856E-01 
    1.46095E-02   1.04301E-06   1.56975E-02   5.37653E-02   9.46235E-01  NONE

 Phase Region for:
     BCC_A2                        
     CEMENTITE                     
     FCC_A1#1                      
 col-1=T, col-2=W(BCC_A2,C), col-3=W(BCC_A2,CR), col-4=W(BCC_A2,FE),
   col-5=W(BCC_A2,MN), col-6=W(BCC_A2,NI), col-7=W(BCC_A2,SI),
   col-8=W(CEMENTITE,C), col-9=W(CEMENTITE,CR), col-10=W(CEMENTITE,FE),
   col-11=W(CEMENTITE,MN), col-12=W(CEMENTITE,NI), col-13=W(CEMENTITE,SI),
   col-14=W(FCC_A1#1,C), col-15=W(FCC_A1#1,CR), col-16=W(FCC_A1#1,FE),
   col-17=W(FCC_A1#1,MN), col-18=W(FCC_A1#1,NI), col-19=W(FCC_A1#1,SI),
   col-20=NP(BCC_A2), col-21=NP(CEMENTITE), col-22=NP(FCC_A1#1),
   1.03883E+03   1.35106E-04   1.39508E-02   9.59993E-01   6.11815E-03 
    5.14759E-07   1.98029E-02   6.80127E-02   2.20516E-01   6.88056E-01 
    2.34151E-02   7.44135E-08   0.00000E+00   4.68821E-03   2.11474E-02 
    9.43856E-01   1.46095E-02   1.04301E-06   1.56975E-02   4.35953E-06 
    5.37657E-02   9.46230E-01
   1.03300E+03   1.29281E-04   1.29189E-02   9.61193E-01   6.87434E-03 
    5.91743E-07   1.88835E-02   6.79740E-02   2.11778E-01   6.92666E-01 
    2.75823E-02   8.67160E-08   0.00000E+00   4.69697E-03   1.97791E-02 
    9.43804E-01   1.67498E-02   1.22616E-06   1.49688E-02   2.39399E-01 
    7.50221E-02   6.85579E-01
   1.02300E+03   1.18055E-04   1.15256E-02   9.62204E-01   8.45088E-03 
    7.69680E-07   1.77003E-02   6.79237E-02   1.99655E-01   6.96021E-01 
    3.64000E-02   1.14917E-07   0.00000E+00   4.65601E-03   1.78620E-02 
    9.42124E-01   2.12489E-02   1.66568E-06   1.41076E-02   5.77107E-01 
    1.05680E-01   3.17213E-01
   1.01300E+03   1.05703E-04   1.05522E-02   9.62067E-01   1.03207E-02 
    1.02991E-06   1.69536E-02   6.78950E-02   1.91454E-01   6.93540E-01 
    4.71116E-02   1.55458E-07   0.00000E+00   4.54517E-03   1.64504E-02 
    9.38661E-01   2.66682E-02   2.34148E-06   1.36726E-02   8.24696E-01 
    1.28062E-01   4.72417E-02
   1.01082E+03   1.02942E-04   1.03850E-02   9.61917E-01   1.07562E-02 
    1.10208E-06   1.68378E-02   6.78913E-02   1.90141E-01   6.92315E-01 
    4.96522E-02   1.66581E-07   0.00000E+00   4.51312E-03   1.61989E-02 
    9.37716E-01   2.79460E-02   2.53431E-06   1.36231E-02   8.68108E-01 
    1.31892E-01   0.00000E+00

 Phase Region for:
     BCC_A2                        
     CEMENTITE                     
 col-1=T, col-2=W(BCC_A2,C), col-3=W(BCC_A2,CR), col-4=W(BCC_A2,FE),
   col-5=W(BCC_A2,MN), col-6=W(BCC_A2,NI), col-7=W(BCC_A2,SI),
   col-8=W(CEMENTITE,C), col-9=W(CEMENTITE,CR), col-10=W(CEMENTITE,FE),
   col-11=W(CEMENTITE,MN), col-12=W(CEMENTITE,NI), col-13=W(CEMENTITE,SI),
   col-14=NP(BCC_A2), col-15=NP(CEMENTITE),
   1.01082E+03   1.02942E-04   1.03850E-02   9.61917E-01   1.07562E-02 
    1.10208E-06   1.68378E-02   6.78913E-02   1.90141E-01   6.92315E-01 
    4.96522E-02   1.66581E-07   0.00000E+00   8.68108E-01   1.31892E-01  NONE
   1.00300E+03   9.32920E-05   1.01090E-02   9.62380E-01   1.05765E-02 
    1.10224E-06   1.68399E-02   6.79031E-02   1.92215E-01   6.88803E-01 
    5.10787E-02   1.66215E-07   0.00000E+00   8.67954E-01   1.32046E-01  NONE
   9.93000E+02   8.19456E-05   9.74123E-03   9.63044E-01   1.02891E-02 
    1.10234E-06   1.68422E-02   6.79195E-02   1.95006E-01   6.83699E-01 
    5.33747E-02   1.66478E-07   0.00000E+00   8.67774E-01   1.32226E-01  NONE
   9.83000E+02   7.18630E-05   9.37653E-03   9.63704E-01   1.00018E-02 
    1.10242E-06   1.68442E-02   6.79358E-02   1.97794E-01   6.78600E-01 
    5.56700E-02   1.66670E-07   0.00000E+00   8.67614E-01   1.32386E-01  NONE
   9.73000E+02   6.29153E-05   9.01494E-03   9.64360E-01   9.71484E-03 
    1.10250E-06   1.68459E-02   6.79522E-02   2.00577E-01   6.73506E-01 
    5.79649E-02   1.66801E-07   0.00000E+00   8.67472E-01   1.32528E-01  NONE
   9.63000E+02   5.49857E-05   8.65651E-03   9.65012E-01   9.42807E-03 
    1.10258E-06   1.68474E-02   6.79685E-02   2.03352E-01   6.68420E-01 
    6.02598E-02   1.66878E-07   0.00000E+00   8.67346E-01   1.32654E-01  NONE
   9.53000E+02   4.79690E-05   8.30137E-03   9.65659E-01   9.14154E-03 
    1.10264E-06   1.68486E-02   6.79847E-02   2.06118E-01   6.63342E-01 
    6.25550E-02   1.66908E-07   0.00000E+00   8.67235E-01   1.32765E-01  NONE
   9.43000E+02   4.17698E-05   7.94970E-03   9.66303E-01   8.85524E-03 
    1.10270E-06   1.68497E-02   6.80009E-02   2.08871E-01   6.58277E-01 
    6.48506E-02   1.66899E-07   0.00000E+00   8.67137E-01   1.32863E-01  NONE
   9.33000E+02   3.63019E-05   7.60173E-03   9.66941E-01   8.56921E-03 
    1.10275E-06   1.68505E-02   6.80170E-02   2.11609E-01   6.53227E-01 
    6.71465E-02   1.66856E-07   0.00000E+00   8.67050E-01   1.32950E-01  NONE
   9.23000E+02   3.14875E-05   7.25774E-03   9.67575E-01   8.28348E-03 
    1.10280E-06   1.68512E-02   6.80330E-02   2.14328E-01   6.48196E-01 
    6.94426E-02   1.66787E-07   0.00000E+00   8.66974E-01   1.33026E-01  NONE
   9.13000E+02   2.72562E-05   6.91806E-03   9.68204E-01   7.99813E-03 
    1.10284E-06   1.68518E-02   6.80489E-02   2.17025E-01   6.43188E-01 
    7.17382E-02   1.66696E-07   0.00000E+00   8.66907E-01   1.33093E-01  NONE
   9.03000E+02   2.35444E-05   6.58303E-03   9.68827E-01   7.71324E-03 
    1.10288E-06   1.68522E-02   6.80647E-02   2.19694E-01   6.38208E-01 
    7.40326E-02   1.66588E-07   0.00000E+00   8.66848E-01   1.33152E-01  NONE
   8.93000E+02   2.02946E-05   6.25305E-03   9.69444E-01   7.42894E-03 
    1.10291E-06   1.68526E-02   6.80803E-02   2.22333E-01   6.33261E-01 
    7.63247E-02   1.66469E-07   0.00000E+00   8.66796E-01   1.33204E-01  NONE
   8.83000E+02   1.74552E-05   5.92853E-03   9.70055E-01   7.14538E-03 
    1.10294E-06   1.68528E-02   6.80957E-02   2.24937E-01   6.28353E-01 
    7.86134E-02   1.66343E-07   0.00000E+00   8.66751E-01   1.33249E-01  NONE
   8.73000E+02   1.49795E-05   5.60990E-03   9.70658E-01   6.86277E-03 
    1.10297E-06   1.68530E-02   6.81109E-02   2.27502E-01   6.23490E-01 
    8.08969E-02   1.66215E-07   0.00000E+00   8.66712E-01   1.33288E-01  NONE
   8.63000E+02   1.28255E-05   5.29762E-03   9.71254E-01   6.58131E-03 
    1.10299E-06   1.68530E-02   6.81260E-02   2.30023E-01   6.18678E-01 
    8.31733E-02   1.66086E-07   0.00000E+00   8.66678E-01   1.33322E-01  NONE
   8.53000E+02   1.09556E-05   4.99213E-03   9.71842E-01   6.30127E-03 
    1.10300E-06   1.68530E-02   6.81407E-02   2.32495E-01   6.13924E-01 
    8.54404E-02   1.65962E-07   0.00000E+00   8.66648E-01   1.33352E-01  NONE
   8.43000E+02   9.33590E-06   4.69390E-03   9.72420E-01   6.02294E-03 
    1.10301E-06   1.68530E-02   6.81552E-02   2.34915E-01   6.09234E-01 
    8.76958E-02   1.65844E-07   0.00000E+00   8.66623E-01   1.33377E-01  NONE
   8.33000E+02   7.93623E-06   4.40339E-03   9.72988E-01   5.74665E-03 
    1.10302E-06   1.68529E-02   6.81694E-02   2.37277E-01   6.04617E-01 
    8.99365E-02   1.65736E-07   0.00000E+00   8.66601E-01   1.33399E-01  NONE
   8.23000E+02   6.72953E-06   4.12103E-03   9.73546E-01   5.47277E-03 
    1.10303E-06   1.68528E-02   6.81832E-02   2.39577E-01   6.00080E-01 
    9.21596E-02   1.65638E-07   0.00000E+00   8.66581E-01   1.33419E-01  NONE
   8.13000E+02   5.69167E-06   3.84727E-03   9.74092E-01   5.20168E-03 
    1.10303E-06   1.68526E-02   6.81967E-02   2.41812E-01   5.95629E-01 
    9.43616E-02   1.65553E-07   0.00000E+00   8.66565E-01   1.33435E-01  NONE
   8.03000E+02   4.80123E-06   3.58251E-03   9.74625E-01   4.93381E-03 
    1.10303E-06   1.68525E-02   6.82099E-02   2.43977E-01   5.91274E-01 
    9.65390E-02   1.65483E-07   0.00000E+00   8.66551E-01   1.33449E-01  NONE
   7.93000E+02   4.03917E-06   3.32712E-03   9.75146E-01   4.66961E-03 
    1.10302E-06   1.68523E-02   6.82226E-02   2.46069E-01   5.87020E-01 
    9.86881E-02   1.65426E-07   0.00000E+00   8.66539E-01   1.33461E-01  NONE
   7.83000E+02   3.38863E-06   3.08146E-03   9.75652E-01   4.40955E-03 
    1.10302E-06   1.68520E-02   6.82350E-02   2.48085E-01   5.82875E-01 
    1.00805E-01   1.65385E-07   0.00000E+00   8.66529E-01   1.33471E-01  NONE
   7.73000E+02   2.83474E-06   2.84584E-03   9.76144E-01   4.15412E-03 
    1.10301E-06   1.68518E-02   6.82469E-02   2.50020E-01   5.78848E-01 
    1.02885E-01   1.65358E-07   0.00000E+00   8.66520E-01   1.33480E-01  NONE
   7.63000E+02   2.36437E-06   2.62052E-03   9.76621E-01   3.90380E-03 
    1.10300E-06   1.68516E-02   6.82583E-02   2.51874E-01   5.74943E-01 
    1.04924E-01   1.65344E-07   0.00000E+00   8.66512E-01   1.33488E-01  NONE
   7.53000E+02   1.96602E-06   2.40571E-03   9.77081E-01   3.65912E-03 
    1.10298E-06   1.68513E-02   6.82693E-02   2.53643E-01   5.71168E-01 
    1.06919E-01   1.65344E-07   0.00000E+00   8.66506E-01   1.33494E-01  NONE
   7.43000E+02   1.62959E-06   2.20158E-03   9.77524E-01   3.42057E-03 
    1.10297E-06   1.68511E-02   6.82798E-02   2.55326E-01   5.67529E-01 
    1.08864E-01   1.65354E-07   0.00000E+00   8.66501E-01   1.33499E-01  NONE
   7.33000E+02   1.34627E-06   2.00825E-03   9.77950E-01   3.18864E-03 
    1.10295E-06   1.68509E-02   6.82898E-02   2.56922E-01   5.64031E-01 
    1.10756E-01   1.65373E-07   0.00000E+00   8.66496E-01   1.33504E-01  NONE
   7.23000E+02   1.10836E-06   1.82577E-03   9.78358E-01   2.96383E-03 
    1.10294E-06   1.68506E-02   6.82993E-02   2.58430E-01   5.60680E-01 
    1.12591E-01   1.65399E-07   0.00000E+00   8.66492E-01   1.33508E-01  NONE
   7.13000E+02   9.09205E-07   1.65415E-03   9.78747E-01   2.74657E-03 
    1.10292E-06   1.68504E-02   6.83083E-02   2.59849E-01   5.57478E-01 
    1.14365E-01   1.65428E-07   0.00000E+00   8.66489E-01   1.33511E-01  NONE
   7.03000E+02   7.43004E-07   1.49331E-03   9.79117E-01   2.53731E-03 
    1.10291E-06   1.68502E-02   6.83167E-02   2.61181E-01   5.54429E-01 
    1.16073E-01   1.65457E-07   0.00000E+00   8.66487E-01   1.33513E-01  NONE
   6.93000E+02   6.04761E-07   1.34316E-03   9.79469E-01   2.33642E-03 
    1.10289E-06   1.68500E-02   6.83247E-02   2.62425E-01   5.51536E-01 
    1.17714E-01   1.65482E-07   0.00000E+00   8.66484E-01   1.33516E-01  NONE
   6.83000E+02   4.90167E-07   1.20352E-03   9.79801E-01   2.14425E-03 
    1.10288E-06   1.68498E-02   6.83322E-02   2.63582E-01   5.48801E-01 
    1.19284E-01   1.65499E-07   0.00000E+00   8.66483E-01   1.33517E-01  NONE
   6.73000E+02   3.95519E-07   1.07416E-03   9.80114E-01   1.96110E-03 
    1.10287E-06   1.68496E-02   6.83392E-02   2.64656E-01   5.46225E-01 
    1.20780E-01   1.65503E-07   0.00000E+00   8.66481E-01   1.33519E-01  NONE
