
 Phase Region for:
     FCC_A1#2                      
 col-1=T, col-2=X(FCC_A1#2,C), col-3=X(FCC_A1#2,CR), col-4=X(FCC_A1#2,FE),
   col-5=X(FCC_A1#2,MN), col-6=X(FCC_A1#2,NI), col-7=X(FCC_A1#2,SI),
   col-8=NP(FCC_A1#2),
   1.17300E+03   3.32444E-02   1.27998E-02   8.62750E-01   1.45368E-02 
    3.40179E-02   4.26515E-02   1.00000E+00
   1.18300E+03   3.32444E-02   1.27998E-02   8.62750E-01   1.45368E-02 
    3.40179E-02   4.26515E-02   1.00000E+00
   1.19300E+03   3.32444E-02   1.27998E-02   8.62750E-01   1.45368E-02 
    3.40179E-02   4.26515E-02   1.00000E+00
   1.20300E+03   3.32444E-02   1.27998E-02   8.62750E-01   1.45368E-02 
    3.40179E-02   4.26515E-02   1.00000E+00
   1.21300E+03   3.32444E-02   1.27998E-02   8.62750E-01   1.45368E-02 
    3.40179E-02   4.26515E-02   1.00000E+00
   1.22300E+03   3.32444E-02   1.27998E-02   8.62750E-01   1.45368E-02 
    3.40179E-02   4.26515E-02   1.00000E+00
   1.23300E+03   3.32444E-02   1.27998E-02   8.62750E-01   1.45368E-02 
    3.40179E-02   4.26515E-02   1.00000E+00
   1.24300E+03   3.32444E-02   1.27998E-02   8.62750E-01   1.45368E-02 
    3.40179E-02   4.26515E-02   1.00000E+00
   1.25300E+03   3.32444E-02   1.27998E-02   8.62750E-01   1.45368E-02 
    3.40179E-02   4.26515E-02   1.00000E+00
   1.26300E+03   3.32444E-02   1.27998E-02   8.62750E-01   1.45368E-02 
    3.40179E-02   4.26515E-02   1.00000E+00
   1.27300E+03   3.32444E-02   1.27998E-02   8.62750E-01   1.45368E-02 
    3.40179E-02   4.26515E-02   1.00000E+00
   1.28300E+03   3.32444E-02   1.27998E-02   8.62750E-01   1.45368E-02 
    3.40179E-02   4.26515E-02   1.00000E+00
   1.29300E+03   3.32444E-02   1.27998E-02   8.62750E-01   1.45368E-02 
    3.40179E-02   4.26515E-02   1.00000E+00
   1.30300E+03   3.32444E-02   1.27998E-02   8.62750E-01   1.45368E-02 
    3.40179E-02   4.26515E-02   1.00000E+00
   1.31300E+03   3.32444E-02   1.27998E-02   8.62750E-01   1.45368E-02 
    3.40179E-02   4.26515E-02   1.00000E+00
   1.32300E+03   3.32444E-02   1.27998E-02   8.62750E-01   1.45368E-02 
    3.40179E-02   4.26515E-02   1.00000E+00
   1.33300E+03   3.32444E-02   1.27998E-02   8.62750E-01   1.45368E-02 
    3.40179E-02   4.26515E-02   1.00000E+00
   1.34300E+03   3.32444E-02   1.27998E-02   8.62750E-01   1.45368E-02 
    3.40179E-02   4.26515E-02   1.00000E+00
   1.35300E+03   3.32444E-02   1.27998E-02   8.62750E-01   1.45368E-02 
    3.40179E-02   4.26515E-02   1.00000E+00
   1.36300E+03   3.32444E-02   1.27998E-02   8.62750E-01   1.45368E-02 
    3.40179E-02   4.26515E-02   1.00000E+00
   1.37300E+03   3.32444E-02   1.27998E-02   8.62750E-01   1.45368E-02 
    3.40179E-02   4.26515E-02   1.00000E+00
   1.38300E+03   3.32444E-02   1.27998E-02   8.62750E-01   1.45368E-02 
    3.40179E-02   4.26515E-02   1.00000E+00
   1.39300E+03   3.32444E-02   1.27998E-02   8.62750E-01   1.45368E-02 
    3.40179E-02   4.26515E-02   1.00000E+00
   1.40300E+03   3.32444E-02   1.27998E-02   8.62750E-01   1.45368E-02 
    3.40179E-02   4.26515E-02   1.00000E+00
   1.41300E+03   3.32444E-02   1.27998E-02   8.62750E-01   1.45368E-02 
    3.40179E-02   4.26515E-02   1.00000E+00
   1.42300E+03   3.32444E-02   1.27998E-02   8.62750E-01   1.45368E-02 
    3.40179E-02   4.26515E-02   1.00000E+00
   1.43300E+03   3.32444E-02   1.27998E-02   8.62750E-01   1.45368E-02 
    3.40179E-02   4.26515E-02   1.00000E+00
   1.44300E+03   3.32444E-02   1.27998E-02   8.62750E-01   1.45368E-02 
    3.40179E-02   4.26515E-02   1.00000E+00
   1.45300E+03   3.32444E-02   1.27998E-02   8.62750E-01   1.45368E-02 
    3.40179E-02   4.26515E-02   1.00000E+00
   1.46300E+03   3.32444E-02   1.27998E-02   8.62750E-01   1.45368E-02 
    3.40179E-02   4.26515E-02   1.00000E+00
   1.47300E+03   3.32444E-02   1.27998E-02   8.62750E-01   1.45368E-02 
    3.40179E-02   4.26515E-02   1.00000E+00

 Phase Region for:
     FCC_A1#2                      
 col-1=T, col-2=X(FCC_A1#2,C), col-3=X(FCC_A1#2,CR), col-4=X(FCC_A1#2,FE),
   col-5=X(FCC_A1#2,MN), col-6=X(FCC_A1#2,NI), col-7=X(FCC_A1#2,SI),
   col-8=NP(FCC_A1#2),
   1.17300E+03   3.32444E-02   1.27998E-02   8.62750E-01   1.45368E-02 
    3.40179E-02   4.26515E-02   1.00000E+00
   1.16300E+03   3.32444E-02   1.27998E-02   8.62750E-01   1.45368E-02 
    3.40179E-02   4.26515E-02   1.00000E+00
   1.15300E+03   3.32444E-02   1.27998E-02   8.62750E-01   1.45368E-02 
    3.40179E-02   4.26515E-02   1.00000E+00
   1.14300E+03   3.32444E-02   1.27998E-02   8.62750E-01   1.45368E-02 
    3.40179E-02   4.26515E-02   1.00000E+00
   1.13300E+03   3.32444E-02   1.27998E-02   8.62750E-01   1.45368E-02 
    3.40179E-02   4.26515E-02   1.00000E+00
   1.12905E+03   3.32444E-02   1.27998E-02   8.62750E-01   1.45368E-02 
    3.40179E-02   4.26515E-02   1.00000E+00

 Phase Region for:
     CEMENTITE                     
     FCC_A1#2                      
 col-1=T, col-2=X(CEMENTITE,C), col-3=X(CEMENTITE,CR), col-4=X(CEMENTITE,FE),
   col-5=X(CEMENTITE,MN), col-6=X(CEMENTITE,NI), col-7=X(CEMENTITE,SI),
   col-8=X(FCC_A1#2,C), col-9=X(FCC_A1#2,CR), col-10=X(FCC_A1#2,FE),
   col-11=X(FCC_A1#2,MN), col-12=X(FCC_A1#2,NI), col-13=X(FCC_A1#2,SI),
   col-14=NP(CEMENTITE), col-15=NP(FCC_A1#2),
   1.12905E+03   2.50000E-01   8.43557E-02   6.45384E-01   1.65791E-02 
    3.68099E-03   0.00000E+00   3.32444E-02   1.27998E-02   8.62750E-01 
    1.45368E-02   3.40179E-02   4.26515E-02   5.39046E-08   1.00000E+00
   1.12300E+03   2.50000E-01   8.44994E-02   6.45222E-01   1.66506E-02 
    3.62781E-03   0.00000E+00   3.25411E-02   1.25672E-02   8.63455E-01 
    1.45300E-02   3.41165E-02   4.27899E-02   3.23418E-03   9.96766E-01
   1.11300E+03   2.50000E-01   8.47355E-02   6.44952E-01   1.67719E-02 
    3.54057E-03   0.00000E+00   3.13970E-02   1.21867E-02   8.64606E-01 
    1.45178E-02   3.42776E-02   4.30150E-02   8.45105E-03   9.91549E-01
   1.10300E+03   2.50000E-01   8.49699E-02   6.44679E-01   1.68974E-02 
    3.45409E-03   0.00000E+00   3.02749E-02   1.18111E-02   8.65737E-01 
    1.45045E-02   3.44366E-02   4.32358E-02   1.35149E-02   9.86485E-01
   1.09300E+03   2.50000E-01   8.52024E-02   6.44402E-01   1.70270E-02 
    3.36838E-03   0.00000E+00   2.91747E-02   1.14404E-02   8.66849E-01 
    1.44901E-02   3.45933E-02   4.34523E-02   1.84297E-02   9.81570E-01
   1.08300E+03   2.50000E-01   8.54328E-02   6.44123E-01   1.71611E-02 
    3.28345E-03   0.00000E+00   2.80965E-02   1.10748E-02   8.67942E-01 
    1.44745E-02   3.47478E-02   4.36645E-02   2.31989E-02   9.76801E-01
   1.07300E+03   2.50000E-01   8.56609E-02   6.43840E-01   1.72996E-02 
    3.19933E-03   0.00000E+00   2.70403E-02   1.07143E-02   8.69015E-01 
    1.44578E-02   3.49000E-02   4.38723E-02   2.78261E-02   9.72174E-01
   1.06300E+03   2.50000E-01   8.58864E-02   6.43555E-01   1.74427E-02 
    3.11602E-03   0.00000E+00   2.60061E-02   1.03591E-02   8.70069E-01 
    1.44398E-02   3.50498E-02   4.40758E-02   3.23148E-02   9.67685E-01
   1.05300E+03   2.50000E-01   8.61094E-02   6.43266E-01   1.75906E-02 
    3.03355E-03   0.00000E+00   2.49939E-02   1.00094E-02   8.71104E-01 
    1.44206E-02   3.51972E-02   4.42750E-02   3.66681E-02   9.63332E-01
   1.04300E+03   2.50000E-01   8.63296E-02   6.42975E-01   1.77435E-02 
    2.95192E-03   0.00000E+00   2.40036E-02   9.66504E-03   8.72119E-01 
    1.44001E-02   3.53423E-02   4.44698E-02   4.08892E-02   9.59111E-01
   1.03300E+03   2.50000E-01   8.65469E-02   6.42681E-01   1.79013E-02 
    2.87115E-03   0.00000E+00   2.30353E-02   9.32633E-03   8.73115E-01 
    1.43784E-02   3.54849E-02   4.46604E-02   4.49810E-02   9.55019E-01
   1.02300E+03   2.50000E-01   8.67612E-02   6.42383E-01   1.80644E-02 
    2.79125E-03   0.00000E+00   2.20890E-02   8.99333E-03   8.74091E-01 
    1.43553E-02   3.56250E-02   4.48466E-02   4.89465E-02   9.51053E-01
   1.01300E+03   2.50000E-01   8.69724E-02   6.42082E-01   1.82329E-02 
    2.71225E-03   0.00000E+00   2.11646E-02   8.66612E-03   8.75047E-01 
    1.43309E-02   3.57625E-02   4.50285E-02   5.27885E-02   9.47211E-01
   1.00300E+03   2.50000E-01   8.71804E-02   6.41779E-01   1.84069E-02 
    2.63415E-03   0.00000E+00   2.02620E-02   8.34483E-03   8.75984E-01 
    1.43050E-02   3.58976E-02   4.52061E-02   5.65096E-02   9.43490E-01
   9.93772E+02   2.50000E-01   8.73696E-02   6.41495E-01   1.85725E-02 
    2.56289E-03   0.00000E+00   1.94486E-02   8.05367E-03   8.76832E-01 
    1.42800E-02   3.60199E-02   4.53661E-02   5.98383E-02   9.40162E-01

 Phase Region for:
     BCC_A2                        
     CEMENTITE                     
     FCC_A1#2                      
 col-1=T, col-2=X(BCC_A2,C), col-3=X(BCC_A2,CR), col-4=X(BCC_A2,FE),
   col-5=X(BCC_A2,MN), col-6=X(BCC_A2,NI), col-7=X(BCC_A2,SI),
   col-8=X(CEMENTITE,C), col-9=X(CEMENTITE,CR), col-10=X(CEMENTITE,FE),
   col-11=X(CEMENTITE,MN), col-12=X(CEMENTITE,NI), col-13=X(CEMENTITE,SI),
   col-14=X(FCC_A1#2,C), col-15=X(FCC_A1#2,CR), col-16=X(FCC_A1#2,FE),
   col-17=X(FCC_A1#2,MN), col-18=X(FCC_A1#2,NI), col-19=X(FCC_A1#2,SI),
   col-20=NP(BCC_A2), col-21=NP(CEMENTITE), col-22=NP(FCC_A1#2),
   9.93772E+02   4.32005E-04   5.26245E-03   9.17436E-01   4.48690E-03 
    1.50273E-02   5.73551E-02   2.50000E-01   8.73695E-02   6.41495E-01 
    1.85726E-02   2.56289E-03   0.00000E+00   1.94486E-02   8.05366E-03 
    8.76832E-01   1.42800E-02   3.60199E-02   4.53661E-02   1.75152E-06 
    5.98384E-02   9.40160E-01
   9.93000E+02   4.28601E-04   5.22545E-03   9.17513E-01   4.50382E-03 
    1.51219E-02   5.72070E-02   2.50000E-01   8.71199E-02   6.41561E-01 
    1.87390E-02   2.58049E-03   0.00000E+00   1.93893E-02   7.99582E-03 
    8.76579E-01   1.44047E-02   3.63708E-02   4.52602E-02   1.34362E-02 
    6.11849E-02   9.25379E-01
   9.83000E+02   3.85975E-04   4.78104E-03   9.18431E-01   4.66446E-03 
    1.63217E-02   5.54159E-02   2.50000E-01   8.43535E-02   6.41832E-01 
    2.09991E-02   2.81574E-03   0.00000E+00   1.85684E-02   7.30749E-03 
    8.72626E-01   1.61353E-02   4.12651E-02   4.40972E-02   1.71971E-01 
    7.69252E-02   7.51103E-01
   9.73000E+02   3.45352E-04   4.41332E-03   9.18838E-01   4.82001E-03 
    1.75594E-02   5.40242E-02   2.50000E-01   8.23567E-02   6.41152E-01 
    2.34313E-02   3.06040E-03   0.00000E+00   1.76647E-02   6.71533E-03 
    8.67456E-01   1.80790E-02   4.68166E-02   4.32688E-02   3.03349E-01 
    8.96702E-02   6.06981E-01
   9.63000E+02   3.07178E-04   4.10722E-03   9.18838E-01   4.96978E-03 
    1.88020E-02   5.29755E-02   2.50000E-01   8.09979E-02   6.39721E-01 
    2.59757E-02   3.30544E-03   0.00000E+00   1.67031E-02   6.19958E-03 
    8.61222E-01   2.02052E-02   5.29745E-02   4.26955E-02   4.09817E-01 
    9.97041E-02   4.90479E-01
   9.53000E+02   2.71853E-04   3.84681E-03   9.18578E-01   5.10175E-03 
    2.00131E-02   5.21883E-02   2.50000E-01   8.01429E-02   6.37728E-01 
    2.85848E-02   3.54427E-03   0.00000E+00   1.57066E-02   5.74241E-03 
    8.54047E-01   2.24927E-02   5.97070E-02   4.23041E-02   4.95120E-01 
    1.07472E-01   3.97408E-01
   9.43000E+02   2.39561E-04   3.61992E-03   9.18167E-01   5.20851E-03 
    2.11680E-02   5.15966E-02   2.50000E-01   7.96754E-02   6.35330E-01 
    3.12222E-02   3.77237E-03   0.00000E+00   1.46942E-02   5.32966E-03 
    8.46010E-01   2.49290E-02   6.70031E-02   4.20342E-02   5.63171E-01 
    1.13430E-01   3.23400E-01
   9.33000E+02   2.10326E-04   3.41766E-03   9.17686E-01   5.28585E-03 
    2.22504E-02   5.11496E-02   2.50000E-01   7.95026E-02   6.32651E-01 
    3.38594E-02   3.98680E-03   0.00000E+00   1.36806E-02   4.95085E-03 
    8.37151E-01   2.75091E-02   7.48700E-02   4.18388E-02   6.17438E-01 
    1.17980E-01   2.64582E-01
   9.23000E+02   1.84056E-04   3.23365E-03   9.17191E-01   5.33173E-03 
    2.32502E-02   5.08098E-02   2.50000E-01   7.95533E-02   6.29788E-01 
    3.64734E-02   4.18566E-03   0.00000E+00   1.26771E-02   4.59854E-03 
    8.27479E-01   3.02345E-02   8.33283E-02   4.16830E-02   6.60785E-01 
    1.21449E-01   2.17767E-01
   9.13000E+02   1.60594E-04   3.06336E-03   9.16720E-01   5.34556E-03 
    2.41610E-02   5.05498E-02   2.50000E-01   7.97733E-02   6.26814E-01 
    3.90447E-02   4.36776E-03   0.00000E+00   1.16923E-02   4.26761E-03 
    8.16979E-01   3.31115E-02   9.24088E-02   4.15406E-02   6.95490E-01 
    1.24093E-01   1.80417E-01
   9.03000E+02   1.39744E-04   2.90357E-03   9.16300E-01   5.32781E-03 
    2.49791E-02   5.03494E-02   2.50000E-01   8.01217E-02   6.23789E-01 
    4.15567E-02   4.53235E-03   0.00000E+00   1.07331E-02   3.95463E-03 
    8.05620E-01   3.61510E-02   1.02149E-01   4.13928E-02   7.23348E-01 
    1.26110E-01   1.50542E-01
   8.93000E+02   1.21292E-04   2.75199E-03   9.15950E-01   5.27967E-03 
    2.57024E-02   5.01942E-02   2.50000E-01   8.05672E-02   6.20759E-01 
    4.39946E-02   4.67899E-03   0.00000E+00   9.80516E-03   3.65741E-03 
    7.93357E-01   3.93667E-02   1.12588E-01   4.12256E-02   7.45756E-01 
    1.27651E-01   1.26593E-01
   8.83000E+02   1.05023E-04   2.60703E-03   9.15682E-01   5.20285E-03 
    2.63302E-02   5.00733E-02   2.50000E-01   8.10858E-02   6.17762E-01 
    4.63451E-02   4.80748E-03   0.00000E+00   8.91351E-03   3.37468E-03 
    7.80144E-01   4.27746E-02   1.23764E-01   4.10295E-02   7.63812E-01 
    1.28829E-01   1.07359E-01
   8.73000E+02   9.07230E-05   2.46753E-03   9.15501E-01   5.09947E-03 
    2.68627E-02   4.99790E-02   2.50000E-01   8.16588E-02   6.14827E-01 
    4.85965E-02   4.91777E-03   0.00000E+00   8.06278E-03   3.10582E-03 
    7.65938E-01   4.63902E-02   1.35705E-01   4.07982E-02   7.78373E-01 
    1.29732E-01   9.18953E-02
   8.63000E+02   7.81914E-05   2.33273E-03   9.15411E-01   4.97194E-03 
    2.73011E-02   4.99054E-02   2.50000E-01   8.22713E-02   6.11980E-01 
    5.07386E-02   5.00997E-03   0.00000E+00   7.25749E-03   2.85071E-03 
    7.50715E-01   5.02262E-02   1.48422E-01   4.05284E-02   7.90118E-01 
    1.30424E-01   7.94583E-02
   8.53000E+02   6.72384E-05   2.20210E-03   9.15412E-01   4.82291E-03 
    2.76473E-02   4.98482E-02   2.50000E-01   8.29115E-02   6.09242E-01 
    5.27625E-02   5.08436E-03   0.00000E+00   6.50205E-03   2.60957E-03 
    7.34481E-01   5.42885E-02   1.61899E-01   4.02200E-02   7.99583E-01 
    1.30956E-01   6.94613E-02
   8.43000E+02   5.76889E-05   2.07531E-03   9.15503E-01   4.65522E-03 
    2.79044E-02   4.98040E-02   2.50000E-01   8.35697E-02   6.06628E-01 
    5.46612E-02   5.14138E-03   0.00000E+00   5.80062E-03   2.38284E-03 
    7.17289E-01   5.85713E-02   1.76081E-01   3.98759E-02   8.07195E-01 
    1.31366E-01   6.14387E-02
   8.33000E+02   4.93824E-05   1.95218E-03   9.15680E-01   4.47182E-03 
    2.80762E-02   4.97703E-02   2.50000E-01   8.42380E-02   6.04151E-01 
    5.64298E-02   5.18166E-03   0.00000E+00   5.15673E-03   2.17101E-03 
    6.99252E-01   6.30530E-02   1.90865E-01   3.95024E-02   8.13299E-01 
    1.31682E-01   5.50190E-02
   8.23000E+02   4.21730E-05   1.83262E-03   9.15937E-01   4.27573E-03 
    2.81674E-02   4.97450E-02   2.50000E-01   8.49096E-02   6.01819E-01 
    5.80656E-02   5.20597E-03   0.00000E+00   4.57279E-03   1.97448E-03 
    6.80546E-01   6.76939E-02   2.06104E-01   3.91084E-02   8.18170E-01 
    1.31927E-01   4.99033E-02
   8.13000E+02   3.59291E-05   1.71664E-03   9.16267E-01   4.06996E-03 
    2.81838E-02   4.97265E-02   2.50000E-01   8.55790E-02   5.99637E-01 
    5.95682E-02   5.21528E-03   0.00000E+00   4.04956E-03   1.79343E-03 
    6.61403E-01   7.24371E-02   2.21612E-01   3.87055E-02   8.22033E-01 
    1.32117E-01   4.58496E-02
   8.03000E+02   3.05327E-05   1.60428E-03   9.16663E-01   3.85745E-03 
    2.81313E-02   4.97135E-02   2.50000E-01   8.62412E-02   5.97608E-01 
    6.09397E-02   5.21064E-03   0.00000E+00   3.58581E-03   1.62766E-03 
    6.42082E-01   7.72143E-02   2.37184E-01   3.83058E-02   8.25075E-01 
    1.32265E-01   4.26599E-02
   7.93000E+02   2.58785E-05   1.49564E-03   9.17116E-01   3.64097E-03 
    2.80163E-02   4.97049E-02   2.50000E-01   8.68922E-02   5.95731E-01 
    6.21835E-02   5.19319E-03   0.00000E+00   3.17840E-03   1.47661E-03 
    6.22842E-01   8.19541E-02   2.52627E-01   3.79212E-02   8.27447E-01 
    1.32381E-01   4.01711E-02
   7.83000E+02   2.18729E-05   1.39083E-03   9.17619E-01   3.42301E-03 
    2.78453E-02   4.96996E-02   2.50000E-01   8.75284E-02   5.94003E-01 
    6.33044E-02   5.16406E-03   0.00000E+00   2.82264E-03   1.33942E-03 
    6.03908E-01   8.65911E-02   2.67777E-01   3.75618E-02   8.29277E-01 
    1.32473E-01   3.82494E-02
   7.73000E+02   1.84332E-05   1.28995E-03   9.18165E-01   3.20585E-03 
    2.76240E-02   4.96971E-02   2.50000E-01   8.81469E-02   5.92420E-01 
    6.43084E-02   5.12432E-03   0.00000E+00   2.51282E-03   1.21493E-03 
    5.85448E-01   9.10699E-02   2.82518E-01   3.72358E-02   8.30669E-01 
    1.32547E-01   3.67844E-02
   7.63000E+02   1.54864E-05   1.19313E-03   9.18745E-01   2.99137E-03 
    2.73581E-02   4.96965E-02   2.50000E-01   8.87451E-02   5.90979E-01 
    6.52006E-02   5.07500E-03   0.00000E+00   2.24327E-03   1.10203E-03 
    5.67585E-01   9.53526E-02   2.96769E-01   3.69482E-02   8.31706E-01 
    1.32606E-01   3.56876E-02
   7.53000E+02   1.29681E-05   1.10047E-03   9.19355E-01   2.78120E-03 
    2.70526E-02   4.96974E-02   2.50000E-01   8.93211E-02   5.89675E-01 
    6.59864E-02   5.01700E-03   0.00000E+00   2.00832E-03   9.99517E-04 
    5.50384E-01   9.94127E-02   3.10493E-01   3.67026E-02   8.32459E-01 
    1.32654E-01   3.48870E-02
   7.43000E+02   1.08216E-05   1.01205E-03   9.19990E-01   2.57668E-03 
    2.67116E-02   4.96994E-02   2.50000E-01   8.98733E-02   5.88504E-01 
    6.66710E-02   4.95111E-03   0.00000E+00   1.80287E-03   9.06301E-04 
    5.33869E-01   1.03236E-01   3.23685E-01   3.65005E-02   8.32980E-01 
    1.32694E-01   3.43256E-02
   7.33000E+02   8.99736E-06   9.27946E-04   9.20643E-01   2.37890E-03 
    2.63388E-02   4.97020E-02   2.50000E-01   9.04006E-02   5.87462E-01 
    6.72592E-02   4.87802E-03   0.00000E+00   1.62245E-03   8.21390E-04 
    5.18039E-01   1.06819E-01   3.36356E-01   3.63425E-02   8.33315E-01 
    1.32727E-01   3.39578E-02
   7.23000E+02   7.45157E-06   8.48203E-04   9.21313E-01   2.18872E-03 
    2.59374E-02   4.97049E-02   2.50000E-01   9.09019E-02   5.86545E-01 
    6.77552E-02   4.79830E-03   0.00000E+00   1.46328E-03   7.43917E-04 
    5.02873E-01   1.10160E-01   3.48531E-01   3.62284E-02   8.33497E-01 
    1.32755E-01   3.37478E-02
   7.13000E+02   6.14599E-06   7.72845E-04   9.21996E-01   2.00682E-03 
    2.55099E-02   4.97079E-02   2.50000E-01   9.13767E-02   5.85748E-01 
    6.81633E-02   4.71246E-03   0.00000E+00   1.32216E-03   6.73127E-04 
    4.88339E-01   1.13267E-01   3.60241E-01   3.61577E-02   8.33554E-01 
    1.32779E-01   3.36672E-02
   7.03000E+02   5.04710E-06   7.01873E-04   9.22690E-01   1.83368E-03 
    2.50584E-02   4.97107E-02   2.50000E-01   9.18246E-02   5.85067E-01 
    6.84871E-02   4.62090E-03   0.00000E+00   1.19645E-03   6.08369E-04 
    4.74397E-01   1.16147E-01   3.71522E-01   3.61294E-02   8.33507E-01 
    1.32800E-01   3.36934E-02
   6.93000E+02   4.12559E-06   6.35266E-04   9.23393E-01   1.66967E-03 
    2.45848E-02   4.97131E-02   2.50000E-01   9.22456E-02   5.84500E-01 
    6.87307E-02   4.52400E-03   0.00000E+00   1.08394E-03   5.49080E-04 
    4.61008E-01   1.18809E-01   3.82408E-01   3.61426E-02   8.33374E-01 
    1.32817E-01   3.38085E-02
   6.83000E+02   3.35586E-06   5.72977E-04   9.24103E-01   1.51500E-03 
    2.40906E-02   4.97149E-02   2.50000E-01   9.26396E-02   5.84041E-01 
    6.88976E-02   4.42206E-03   0.00000E+00   9.82825E-04   4.94773E-04 
    4.48131E-01   1.21263E-01   3.92932E-01   3.61963E-02   8.33169E-01 
    1.32833E-01   3.39981E-02
   6.73000E+02   2.71563E-06   5.14941E-04   9.24820E-01   1.36979E-03 
    2.35769E-02   4.97159E-02   2.50000E-01   9.30070E-02   5.83686E-01 
    6.89917E-02   4.31535E-03   0.00000E+00   8.91588E-04   4.45024E-04 
    4.35728E-01   1.23520E-01   4.03126E-01   3.62898E-02   8.32903E-01 
    1.32847E-01   3.42506E-02
