
 Phase Region for:
     FCC_A1#2                      
 col-1=T, col-2=X(FCC_A1#2,C), col-3=X(FCC_A1#2,CR), col-4=X(FCC_A1#2,FE),
   col-5=X(FCC_A1#2,MN), col-6=X(FCC_A1#2,NI), col-7=X(FCC_A1#2,SI),
   col-8=NP(FCC_A1#2),
   1.17300E+03   3.29773E-02   7.61848E-03   8.81823E-01   1.44200E-02 
    6.74954E-03   5.64111E-02   1.00000E+00
   1.18300E+03   3.29773E-02   7.61848E-03   8.81823E-01   1.44200E-02 
    6.74954E-03   5.64111E-02   1.00000E+00
   1.19300E+03   3.29773E-02   7.61848E-03   8.81823E-01   1.44200E-02 
    6.74954E-03   5.64111E-02   1.00000E+00
   1.20300E+03   3.29773E-02   7.61848E-03   8.81823E-01   1.44200E-02 
    6.74954E-03   5.64111E-02   1.00000E+00
   1.21300E+03   3.29773E-02   7.61848E-03   8.81823E-01   1.44200E-02 
    6.74954E-03   5.64111E-02   1.00000E+00
   1.22300E+03   3.29773E-02   7.61848E-03   8.81823E-01   1.44200E-02 
    6.74954E-03   5.64111E-02   1.00000E+00
   1.23300E+03   3.29773E-02   7.61848E-03   8.81823E-01   1.44200E-02 
    6.74954E-03   5.64111E-02   1.00000E+00
   1.24300E+03   3.29773E-02   7.61848E-03   8.81823E-01   1.44200E-02 
    6.74954E-03   5.64111E-02   1.00000E+00
   1.25300E+03   3.29773E-02   7.61848E-03   8.81823E-01   1.44200E-02 
    6.74954E-03   5.64111E-02   1.00000E+00
   1.26300E+03   3.29773E-02   7.61848E-03   8.81823E-01   1.44200E-02 
    6.74954E-03   5.64111E-02   1.00000E+00
   1.27300E+03   3.29773E-02   7.61848E-03   8.81823E-01   1.44200E-02 
    6.74954E-03   5.64111E-02   1.00000E+00
   1.28300E+03   3.29773E-02   7.61848E-03   8.81823E-01   1.44200E-02 
    6.74954E-03   5.64111E-02   1.00000E+00
   1.29300E+03   3.29773E-02   7.61848E-03   8.81823E-01   1.44200E-02 
    6.74954E-03   5.64111E-02   1.00000E+00
   1.30300E+03   3.29773E-02   7.61848E-03   8.81823E-01   1.44200E-02 
    6.74954E-03   5.64111E-02   1.00000E+00
   1.31300E+03   3.29773E-02   7.61848E-03   8.81823E-01   1.44200E-02 
    6.74954E-03   5.64111E-02   1.00000E+00
   1.32300E+03   3.29773E-02   7.61848E-03   8.81823E-01   1.44200E-02 
    6.74954E-03   5.64111E-02   1.00000E+00
   1.33300E+03   3.29773E-02   7.61848E-03   8.81823E-01   1.44200E-02 
    6.74954E-03   5.64111E-02   1.00000E+00
   1.34300E+03   3.29773E-02   7.61848E-03   8.81823E-01   1.44200E-02 
    6.74954E-03   5.64111E-02   1.00000E+00
   1.35300E+03   3.29773E-02   7.61848E-03   8.81823E-01   1.44200E-02 
    6.74954E-03   5.64111E-02   1.00000E+00
   1.36300E+03   3.29773E-02   7.61848E-03   8.81823E-01   1.44200E-02 
    6.74954E-03   5.64111E-02   1.00000E+00
   1.37300E+03   3.29773E-02   7.61848E-03   8.81823E-01   1.44200E-02 
    6.74954E-03   5.64111E-02   1.00000E+00
   1.38300E+03   3.29773E-02   7.61848E-03   8.81823E-01   1.44200E-02 
    6.74954E-03   5.64111E-02   1.00000E+00
   1.39300E+03   3.29773E-02   7.61848E-03   8.81823E-01   1.44200E-02 
    6.74954E-03   5.64111E-02   1.00000E+00
   1.40300E+03   3.29773E-02   7.61848E-03   8.81823E-01   1.44200E-02 
    6.74954E-03   5.64111E-02   1.00000E+00
   1.41300E+03   3.29773E-02   7.61848E-03   8.81823E-01   1.44200E-02 
    6.74954E-03   5.64111E-02   1.00000E+00
   1.42300E+03   3.29773E-02   7.61848E-03   8.81823E-01   1.44200E-02 
    6.74954E-03   5.64111E-02   1.00000E+00
   1.43300E+03   3.29773E-02   7.61848E-03   8.81823E-01   1.44200E-02 
    6.74954E-03   5.64111E-02   1.00000E+00
   1.44300E+03   3.29773E-02   7.61848E-03   8.81823E-01   1.44200E-02 
    6.74954E-03   5.64111E-02   1.00000E+00
   1.45300E+03   3.29773E-02   7.61848E-03   8.81823E-01   1.44200E-02 
    6.74954E-03   5.64111E-02   1.00000E+00
   1.46300E+03   3.29773E-02   7.61848E-03   8.81823E-01   1.44200E-02 
    6.74954E-03   5.64111E-02   1.00000E+00
   1.47300E+03   3.29773E-02   7.61848E-03   8.81823E-01   1.44200E-02 
    6.74954E-03   5.64111E-02   1.00000E+00

 Phase Region for:
     FCC_A1#2                      
 col-1=T, col-2=X(FCC_A1#2,C), col-3=X(FCC_A1#2,CR), col-4=X(FCC_A1#2,FE),
   col-5=X(FCC_A1#2,MN), col-6=X(FCC_A1#2,NI), col-7=X(FCC_A1#2,SI),
   col-8=NP(FCC_A1#2),
   1.17300E+03   3.29773E-02   7.61848E-03   8.81823E-01   1.44200E-02 
    6.74954E-03   5.64111E-02   1.00000E+00
   1.16300E+03   3.29773E-02   7.61848E-03   8.81823E-01   1.44200E-02 
    6.74954E-03   5.64111E-02   1.00000E+00
   1.15300E+03   3.29773E-02   7.61848E-03   8.81823E-01   1.44200E-02 
    6.74954E-03   5.64111E-02   1.00000E+00
   1.14300E+03   3.29773E-02   7.61848E-03   8.81823E-01   1.44200E-02 
    6.74954E-03   5.64111E-02   1.00000E+00
   1.13300E+03   3.29773E-02   7.61848E-03   8.81823E-01   1.44200E-02 
    6.74954E-03   5.64111E-02   1.00000E+00
   1.12300E+03   3.29773E-02   7.61848E-03   8.81823E-01   1.44200E-02 
    6.74954E-03   5.64111E-02   1.00000E+00
   1.11300E+03   3.29773E-02   7.61848E-03   8.81823E-01   1.44200E-02 
    6.74954E-03   5.64111E-02   1.00000E+00
   1.10459E+03   3.29773E-02   7.61848E-03   8.81823E-01   1.44200E-02 
    6.74954E-03   5.64111E-02   1.00000E+00

 Phase Region for:
     CEMENTITE                     
     FCC_A1#2                      
 col-1=T, col-2=X(CEMENTITE,C), col-3=X(CEMENTITE,CR), col-4=X(CEMENTITE,FE),
   col-5=X(CEMENTITE,MN), col-6=X(CEMENTITE,NI), col-7=X(CEMENTITE,SI),
   col-8=X(FCC_A1#2,C), col-9=X(FCC_A1#2,CR), col-10=X(FCC_A1#2,FE),
   col-11=X(FCC_A1#2,MN), col-12=X(FCC_A1#2,NI), col-13=X(FCC_A1#2,SI),
   col-14=NP(CEMENTITE), col-15=NP(FCC_A1#2),
   1.10459E+03   2.50000E-01   4.95821E-02   6.80820E-01   1.87765E-02 
    8.21299E-04   0.00000E+00   3.29773E-02   7.61848E-03   8.81823E-01 
    1.44200E-02   6.74954E-03   5.64112E-02   5.34420E-08   1.00000E+00
   1.10300E+03   2.50000E-01   4.96090E-02   6.80768E-01   1.88043E-02 
    8.18361E-04   0.00000E+00   3.27932E-02   7.58285E-03   8.81994E-01 
    1.44163E-02   6.75457E-03   5.64590E-02   8.47833E-04   9.99152E-01
   1.09300E+03   2.50000E-01   4.97767E-02   6.80441E-01   1.89823E-02 
    7.99953E-04   0.00000E+00   3.16470E-02   7.36005E-03   8.83058E-01 
    1.43921E-02   6.78601E-03   5.67570E-02   6.09275E-03   9.93907E-01
   1.08300E+03   2.50000E-01   4.99419E-02   6.80110E-01   1.91662E-02 
    7.81667E-04   0.00000E+00   3.05214E-02   7.13953E-03   8.84106E-01 
    1.43663E-02   6.81707E-03   5.70495E-02   1.11898E-02   9.88810E-01
   1.07300E+03   2.50000E-01   5.01043E-02   6.79776E-01   1.93561E-02 
    7.63506E-04   0.00000E+00   2.94166E-02   6.92140E-03   8.85138E-01 
    1.43391E-02   6.84775E-03   5.73367E-02   1.61424E-02   9.83858E-01
   1.06300E+03   2.50000E-01   5.02641E-02   6.79438E-01   1.95523E-02 
    7.45472E-04   0.00000E+00   2.83325E-02   6.70576E-03   8.86155E-01 
    1.43102E-02   6.87804E-03   5.76185E-02   2.09540E-02   9.79046E-01
   1.05300E+03   2.50000E-01   5.04210E-02   6.79097E-01   1.97549E-02 
    7.27569E-04   0.00000E+00   2.72693E-02   6.49270E-03   8.87156E-01 
    1.42797E-02   6.90793E-03   5.78949E-02   2.56277E-02   9.74372E-01
   1.04908E+03   2.50000E-01   5.04818E-02   6.78961E-01   1.98362E-02 
    7.20583E-04   0.00000E+00   2.68579E-02   6.40986E-03   8.87544E-01 
    1.42673E-02   6.91954E-03   5.80018E-02   2.74239E-02   9.72576E-01

 Phase Region for:
     BCC_A2                        
     CEMENTITE                     
     FCC_A1#2                      
 col-1=T, col-2=X(BCC_A2,C), col-3=X(BCC_A2,CR), col-4=X(BCC_A2,FE),
   col-5=X(BCC_A2,MN), col-6=X(BCC_A2,NI), col-7=X(BCC_A2,SI),
   col-8=X(CEMENTITE,C), col-9=X(CEMENTITE,CR), col-10=X(CEMENTITE,FE),
   col-11=X(CEMENTITE,MN), col-12=X(CEMENTITE,NI), col-13=X(CEMENTITE,SI),
   col-14=X(FCC_A1#2,C), col-15=X(FCC_A1#2,CR), col-16=X(FCC_A1#2,FE),
   col-17=X(FCC_A1#2,MN), col-18=X(FCC_A1#2,NI), col-19=X(FCC_A1#2,SI),
   col-20=NP(BCC_A2), col-21=NP(CEMENTITE), col-22=NP(FCC_A1#2),
   1.04908E+03   8.20048E-04   3.97736E-03   9.11419E-01   6.09391E-03 
    3.52260E-03   7.41672E-02   2.50000E-01   5.04817E-02   6.78961E-01 
    1.98362E-02   7.20584E-04   0.00000E+00   2.68579E-02   6.40985E-03 
    8.87544E-01   1.42673E-02   6.91955E-03   5.80018E-02   2.85187E-06 
    2.74243E-02   9.72573E-01
   1.04300E+03   7.76262E-04   3.69417E-03   9.12848E-01   6.55790E-03 
    3.85815E-03   7.22651E-02   2.50000E-01   4.81654E-02   6.79038E-01 
    2.20098E-02   7.86637E-04   0.00000E+00   2.64646E-02   5.95898E-03 
    8.87711E-01   1.56178E-02   7.72763E-03   5.65202E-02   1.66240E-01 
    4.82391E-02   7.85521E-01
   1.03300E+03   7.04233E-04   3.31972E-03   9.14434E-01   7.40688E-03 
    4.51711E-03   6.96179E-02   2.50000E-01   4.52182E-02   6.77770E-01 
    2.60954E-02   9.16068E-04   0.00000E+00   2.57152E-02   5.34958E-03 
    8.86880E-01   1.81554E-02   9.36857E-03   5.45316E-02   4.04786E-01 
    7.75186E-02   5.17695E-01
   1.02300E+03   6.33381E-04   3.03720E-03   9.15116E-01   8.31771E-03 
    5.30895E-03   6.75868E-02   2.50000E-01   4.31914E-02   6.75041E-01 
    3.06962E-02   1.07138E-03   0.00000E+00   2.48458E-02   4.87461E-03 
    8.84724E-01   2.10121E-02   1.14418E-02   5.31020E-02   5.95710E-01 
    1.00176E-01   3.04114E-01
   1.01300E+03   5.65265E-04   2.82283E-03   9.15053E-01   9.22600E-03 
    6.22292E-03   6.61098E-02   2.50000E-01   4.18954E-02   6.71239E-01 
    3.56154E-02   1.25065E-03   0.00000E+00   2.38777E-02   4.50033E-03 
    8.81411E-01   2.40697E-02   1.39824E-02   5.21593E-02   7.40790E-01 
    1.16615E-01   1.42595E-01
   1.00300E+03   5.01237E-04   2.65645E-03   9.14455E-01   1.00700E-02 
    7.23926E-03   6.50785E-02   2.50000E-01   4.11527E-02   6.66745E-01 
    4.06521E-02   1.45041E-03   0.00000E+00   2.28383E-02   4.19771E-03 
    8.77149E-01   2.72125E-02   1.70092E-02   5.15934E-02   8.46490E-01 
    1.27870E-01   2.56402E-02
   1.00024E+03   4.84428E-04   2.61684E-03   9.14223E-01   1.02848E-02 
    7.53423E-03   6.48571E-02   2.50000E-01   4.10248E-02   6.65427E-01 
    4.20399E-02   1.50854E-03   0.00000E+00   2.25427E-02   4.12370E-03 
    8.75832E-01   2.80822E-02   1.79307E-02   5.14887E-02   8.69776E-01 
    1.30224E-01   0.00000E+00

 Phase Region for:
     BCC_A2                        
     CEMENTITE                     
 col-1=T, col-2=X(BCC_A2,C), col-3=X(BCC_A2,CR), col-4=X(BCC_A2,FE),
   col-5=X(BCC_A2,MN), col-6=X(BCC_A2,NI), col-7=X(BCC_A2,SI),
   col-8=X(CEMENTITE,C), col-9=X(CEMENTITE,CR), col-10=X(CEMENTITE,FE),
   col-11=X(CEMENTITE,MN), col-12=X(CEMENTITE,NI), col-13=X(CEMENTITE,SI),
   col-14=NP(BCC_A2), col-15=NP(CEMENTITE),
   1.00024E+03   4.84428E-04   2.61684E-03   9.14223E-01   1.02848E-02 
    7.53423E-03   6.48571E-02   2.50000E-01   4.10248E-02   6.65427E-01 
    4.20399E-02   1.50854E-03   0.00000E+00   8.69776E-01   1.30224E-01  NONE
   9.93000E+02   4.44194E-04   2.55273E-03   9.14476E-01   1.01248E-02 
    7.53495E-03   6.48676E-02   2.50000E-01   4.14112E-02   6.64005E-01 
    4.30731E-02   1.51020E-03   0.00000E+00   8.69636E-01   1.30364E-01  NONE
   9.83000E+02   3.93357E-04   2.46339E-03   9.14840E-01   9.88668E-03 
    7.53558E-03   6.48808E-02   2.50000E-01   4.19535E-02   6.61918E-01 
    4.46141E-02   1.51421E-03   0.00000E+00   8.69459E-01   1.30541E-01  NONE
   9.73000E+02   3.47478E-04   2.36948E-03   9.15274E-01   9.58197E-03 
    7.53485E-03   6.48927E-02   2.50000E-01   4.25298E-02   6.59346E-01 
    4.65982E-02   1.52643E-03   0.00000E+00   8.69299E-01   1.30701E-01  NONE
   9.63000E+02   3.06390E-04   2.27607E-03   9.15710E-01   9.26987E-03 
    7.53393E-03   6.49034E-02   2.50000E-01   4.31064E-02   6.56724E-01 
    4.86310E-02   1.53906E-03   0.00000E+00   8.69156E-01   1.30844E-01  NONE
   9.53000E+02   2.69674E-04   2.18386E-03   9.16141E-01   8.95935E-03 
    7.53302E-03   6.49129E-02   2.50000E-01   4.36784E-02   6.54118E-01 
    5.06529E-02   1.55100E-03   0.00000E+00   8.69028E-01   1.30972E-01  NONE
   9.43000E+02   2.36913E-04   2.09287E-03   9.16566E-01   8.65056E-03 
    7.53209E-03   6.49214E-02   2.50000E-01   4.42455E-02   6.51529E-01 
    5.26635E-02   1.56232E-03   0.00000E+00   8.68914E-01   1.31086E-01  NONE
   9.33000E+02   2.07727E-04   2.00311E-03   9.16985E-01   8.34362E-03 
    7.53117E-03   6.49290E-02   2.50000E-01   4.48073E-02   6.48957E-01 
    5.46622E-02   1.57306E-03   0.00000E+00   8.68813E-01   1.31187E-01  NONE
   9.23000E+02   1.81768E-04   1.91463E-03   9.17399E-01   8.03869E-03 
    7.53024E-03   6.49358E-02   2.50000E-01   4.53634E-02   6.46405E-01 
    5.66482E-02   1.58329E-03   0.00000E+00   8.68722E-01   1.31278E-01  NONE
   9.13000E+02   1.58721E-04   1.82746E-03   9.17807E-01   7.73591E-03 
    7.52932E-03   6.49418E-02   2.50000E-01   4.59132E-02   6.43873E-01 
    5.86208E-02   1.59305E-03   0.00000E+00   8.68642E-01   1.31358E-01  NONE
   9.03000E+02   1.38294E-04   1.74167E-03   9.18209E-01   7.43548E-03 
    7.52839E-03   6.49471E-02   2.50000E-01   4.64564E-02   6.41362E-01 
    6.05788E-02   1.60239E-03   0.00000E+00   8.68571E-01   1.31429E-01  NONE
   8.93000E+02   1.20224E-04   1.65732E-03   9.18606E-01   7.13757E-03 
    7.52746E-03   6.49518E-02   2.50000E-01   4.69922E-02   6.38875E-01 
    6.25211E-02   1.61134E-03   0.00000E+00   8.68508E-01   1.31492E-01  NONE
   8.83000E+02   1.04271E-04   1.57449E-03   9.18996E-01   6.84239E-03 
    7.52653E-03   6.49559E-02   2.50000E-01   4.75199E-02   6.36414E-01 
    6.44464E-02   1.61995E-03   0.00000E+00   8.68453E-01   1.31547E-01  NONE
   8.73000E+02   9.02159E-05   1.49324E-03   9.19381E-01   6.55020E-03 
    7.52561E-03   6.49596E-02   2.50000E-01   4.80391E-02   6.33979E-01 
    6.63533E-02   1.62825E-03   0.00000E+00   8.68404E-01   1.31596E-01  NONE
   8.63000E+02   7.78589E-05   1.41366E-03   9.19760E-01   6.26123E-03 
    7.52469E-03   6.49628E-02   2.50000E-01   4.85488E-02   6.31575E-01 
    6.82399E-02   1.63627E-03   0.00000E+00   8.68361E-01   1.31639E-01  NONE
   8.53000E+02   6.70192E-05   1.33584E-03   9.20132E-01   5.97577E-03 
    7.52376E-03   6.49656E-02   2.50000E-01   4.90485E-02   6.29203E-01 
    7.01046E-02   1.64402E-03   0.00000E+00   8.68323E-01   1.31677E-01  NONE
   8.43000E+02   5.75327E-05   1.25986E-03   9.20498E-01   5.69411E-03 
    7.52285E-03   6.49681E-02   2.50000E-01   4.95374E-02   6.26866E-01 
    7.19454E-02   1.65155E-03   0.00000E+00   8.68290E-01   1.31710E-01  NONE
   8.33000E+02   4.92505E-05   1.18582E-03   9.20856E-01   5.41657E-03 
    7.52193E-03   6.49702E-02   2.50000E-01   5.00149E-02   6.24566E-01 
    7.37601E-02   1.65886E-03   0.00000E+00   8.68262E-01   1.31738E-01  NONE
   8.23000E+02   4.20378E-05   1.11380E-03   9.21208E-01   5.14349E-03 
    7.52102E-03   6.49721E-02   2.50000E-01   5.04802E-02   6.22307E-01 
    7.55466E-02   1.66598E-03   0.00000E+00   8.68237E-01   1.31763E-01  NONE
   8.13000E+02   3.57730E-05   1.04389E-03   9.21551E-01   4.87519E-03 
    7.52012E-03   6.49737E-02   2.50000E-01   5.09326E-02   6.20092E-01 
    7.73025E-02   1.67291E-03   0.00000E+00   8.68215E-01   1.31785E-01  NONE
   8.03000E+02   3.03463E-05   9.76162E-04   9.21887E-01   4.61205E-03 
    7.51922E-03   6.49751E-02   2.50000E-01   5.13716E-02   6.17923E-01 
    7.90255E-02   1.67966E-03   0.00000E+00   8.68196E-01   1.31804E-01  NONE
   7.93000E+02   2.56587E-05   9.10701E-04   9.22215E-01   4.35441E-03 
    7.51833E-03   6.49763E-02   2.50000E-01   5.17965E-02   6.15804E-01 
    8.07132E-02   1.68625E-03   0.00000E+00   8.68180E-01   1.31820E-01  NONE
   7.83000E+02   2.16216E-05   8.47578E-04   9.22533E-01   4.10264E-03 
    7.51744E-03   6.49774E-02   2.50000E-01   5.22068E-02   6.13738E-01 
    8.23630E-02   1.69267E-03   0.00000E+00   8.68166E-01   1.31834E-01  NONE
   7.73000E+02   1.81553E-05   7.86856E-04   9.22843E-01   3.85710E-03 
    7.51657E-03   6.49783E-02   2.50000E-01   5.26019E-02   6.11727E-01 
    8.39726E-02   1.69894E-03   0.00000E+00   8.68154E-01   1.31846E-01  NONE
   7.63000E+02   1.51886E-05   7.28593E-04   9.23143E-01   3.61815E-03 
    7.51572E-03   6.49791E-02   2.50000E-01   5.29815E-02   6.09774E-01 
    8.55396E-02   1.70503E-03   0.00000E+00   8.68143E-01   1.31857E-01  NONE
   7.53000E+02   1.26579E-05   6.72837E-04   9.23434E-01   3.38612E-03 
    7.51488E-03   6.49797E-02   2.50000E-01   5.33450E-02   6.07882E-01 
    8.70617E-02   1.71096E-03   0.00000E+00   8.68135E-01   1.31865E-01  NONE
   7.43000E+02   1.05065E-05   6.19626E-04   9.23714E-01   3.16135E-03 
    7.51405E-03   6.49803E-02   2.50000E-01   5.36924E-02   6.06054E-01 
    8.85366E-02   1.71671E-03   0.00000E+00   8.68127E-01   1.31873E-01  NONE
   7.33000E+02   8.68424E-06   5.68988E-04   9.23984E-01   2.94415E-03 
    7.51325E-03   6.49808E-02   2.50000E-01   5.40231E-02   6.04292E-01 
    8.99624E-02   1.72227E-03   0.00000E+00   8.68121E-01   1.31879E-01  NONE
   7.23000E+02   7.14655E-06   5.20941E-04   9.24243E-01   2.73479E-03 
    7.51247E-03   6.49812E-02   2.50000E-01   5.43372E-02   6.02598E-01 
    9.13369E-02   1.72763E-03   0.00000E+00   8.68115E-01   1.31885E-01  NONE
   7.13000E+02   5.85414E-06   4.75491E-04   9.24492E-01   2.53354E-03 
    7.51172E-03   6.49815E-02   2.50000E-01   5.46346E-02   6.00974E-01 
    9.26586E-02   1.73277E-03   0.00000E+00   8.68111E-01   1.31889E-01  NONE
   7.03000E+02   4.77236E-06   4.32633E-04   9.24729E-01   2.34061E-03 
    7.51100E-03   6.49818E-02   2.50000E-01   5.49151E-02   5.99421E-01 
    9.39258E-02   1.73766E-03   0.00000E+00   8.68107E-01   1.31893E-01  NONE
   6.93000E+02   3.87082E-06   3.92350E-04   9.24955E-01   2.15621E-03 
    7.51032E-03   6.49820E-02   2.50000E-01   5.51790E-02   5.97941E-01 
    9.51373E-02   1.74230E-03   0.00000E+00   8.68104E-01   1.31896E-01  NONE
   6.83000E+02   3.12291E-06   3.54614E-04   9.25170E-01   1.98047E-03 
    7.50967E-03   6.49822E-02   2.50000E-01   5.54262E-02   5.96535E-01 
    9.62921E-02   1.74665E-03   0.00000E+00   8.68101E-01   1.31899E-01  NONE
   6.73000E+02   2.50545E-06   3.19386E-04   9.25373E-01   1.81351E-03 
    7.50908E-03   6.49824E-02   2.50000E-01   5.56572E-02   5.95203E-01 
    9.73894E-02   1.75068E-03   0.00000E+00   8.68099E-01   1.31901E-01  NONE
