
 Phase Region for:
     FCC_A1#1                      
 col-1=T, col-2=X(FCC_A1#1,C), col-3=X(FCC_A1#1,CR), col-4=X(FCC_A1#1,FE),
   col-5=X(FCC_A1#1,MN), col-6=X(FCC_A1#1,NI), col-7=X(FCC_A1#1,SI),
   col-8=NP(FCC_A1#1),
   1.17300E+03   3.36932E-02   1.29726E-02   8.86474E-01   2.94652E-02 
    2.29850E-02   1.44104E-02   1.00000E+00
   1.18300E+03   3.36932E-02   1.29726E-02   8.86474E-01   2.94652E-02 
    2.29850E-02   1.44104E-02   1.00000E+00
   1.19300E+03   3.36932E-02   1.29726E-02   8.86474E-01   2.94652E-02 
    2.29850E-02   1.44104E-02   1.00000E+00
   1.20300E+03   3.36932E-02   1.29726E-02   8.86474E-01   2.94652E-02 
    2.29850E-02   1.44104E-02   1.00000E+00
   1.21300E+03   3.36932E-02   1.29726E-02   8.86474E-01   2.94652E-02 
    2.29850E-02   1.44104E-02   1.00000E+00
   1.22300E+03   3.36932E-02   1.29726E-02   8.86474E-01   2.94652E-02 
    2.29850E-02   1.44104E-02   1.00000E+00
   1.23300E+03   3.36932E-02   1.29726E-02   8.86474E-01   2.94652E-02 
    2.29850E-02   1.44104E-02   1.00000E+00
   1.24300E+03   3.36932E-02   1.29726E-02   8.86474E-01   2.94652E-02 
    2.29850E-02   1.44104E-02   1.00000E+00
   1.25300E+03   3.36932E-02   1.29726E-02   8.86474E-01   2.94652E-02 
    2.29850E-02   1.44104E-02   1.00000E+00
   1.26300E+03   3.36932E-02   1.29726E-02   8.86474E-01   2.94652E-02 
    2.29850E-02   1.44104E-02   1.00000E+00
   1.27300E+03   3.36932E-02   1.29726E-02   8.86474E-01   2.94652E-02 
    2.29850E-02   1.44104E-02   1.00000E+00
   1.28300E+03   3.36932E-02   1.29726E-02   8.86474E-01   2.94652E-02 
    2.29850E-02   1.44104E-02   1.00000E+00
   1.29300E+03   3.36932E-02   1.29726E-02   8.86474E-01   2.94652E-02 
    2.29850E-02   1.44104E-02   1.00000E+00
   1.30300E+03   3.36932E-02   1.29726E-02   8.86474E-01   2.94652E-02 
    2.29850E-02   1.44104E-02   1.00000E+00
   1.31300E+03   3.36932E-02   1.29726E-02   8.86474E-01   2.94652E-02 
    2.29850E-02   1.44104E-02   1.00000E+00
   1.32300E+03   3.36932E-02   1.29726E-02   8.86474E-01   2.94652E-02 
    2.29850E-02   1.44104E-02   1.00000E+00
   1.33300E+03   3.36932E-02   1.29726E-02   8.86474E-01   2.94652E-02 
    2.29850E-02   1.44104E-02   1.00000E+00
   1.34300E+03   3.36932E-02   1.29726E-02   8.86474E-01   2.94652E-02 
    2.29850E-02   1.44104E-02   1.00000E+00
   1.35300E+03   3.36932E-02   1.29726E-02   8.86474E-01   2.94652E-02 
    2.29850E-02   1.44104E-02   1.00000E+00
   1.36300E+03   3.36932E-02   1.29726E-02   8.86474E-01   2.94652E-02 
    2.29850E-02   1.44104E-02   1.00000E+00
   1.37300E+03   3.36932E-02   1.29726E-02   8.86474E-01   2.94652E-02 
    2.29850E-02   1.44104E-02   1.00000E+00
   1.38300E+03   3.36932E-02   1.29726E-02   8.86474E-01   2.94652E-02 
    2.29850E-02   1.44104E-02   1.00000E+00
   1.39300E+03   3.36932E-02   1.29726E-02   8.86474E-01   2.94652E-02 
    2.29850E-02   1.44104E-02   1.00000E+00
   1.40300E+03   3.36932E-02   1.29726E-02   8.86474E-01   2.94652E-02 
    2.29850E-02   1.44104E-02   1.00000E+00
   1.41300E+03   3.36932E-02   1.29726E-02   8.86474E-01   2.94652E-02 
    2.29850E-02   1.44104E-02   1.00000E+00
   1.42300E+03   3.36932E-02   1.29726E-02   8.86474E-01   2.94652E-02 
    2.29850E-02   1.44104E-02   1.00000E+00
   1.43300E+03   3.36932E-02   1.29726E-02   8.86474E-01   2.94652E-02 
    2.29850E-02   1.44104E-02   1.00000E+00
   1.44300E+03   3.36932E-02   1.29726E-02   8.86474E-01   2.94652E-02 
    2.29850E-02   1.44104E-02   1.00000E+00
   1.45300E+03   3.36932E-02   1.29726E-02   8.86474E-01   2.94652E-02 
    2.29850E-02   1.44104E-02   1.00000E+00
   1.46300E+03   3.36932E-02   1.29726E-02   8.86474E-01   2.94652E-02 
    2.29850E-02   1.44104E-02   1.00000E+00
   1.47300E+03   3.36932E-02   1.29726E-02   8.86474E-01   2.94652E-02 
    2.29850E-02   1.44104E-02   1.00000E+00

 Phase Region for:
     FCC_A1#1                      
 col-1=T, col-2=X(FCC_A1#1,C), col-3=X(FCC_A1#1,CR), col-4=X(FCC_A1#1,FE),
   col-5=X(FCC_A1#1,MN), col-6=X(FCC_A1#1,NI), col-7=X(FCC_A1#1,SI),
   col-8=NP(FCC_A1#1),
   1.17300E+03   3.36932E-02   1.29726E-02   8.86474E-01   2.94652E-02 
    2.29850E-02   1.44104E-02   1.00000E+00
   1.16300E+03   3.36932E-02   1.29726E-02   8.86474E-01   2.94652E-02 
    2.29850E-02   1.44104E-02   1.00000E+00
   1.15300E+03   3.36932E-02   1.29726E-02   8.86474E-01   2.94652E-02 
    2.29850E-02   1.44104E-02   1.00000E+00
   1.14300E+03   3.36932E-02   1.29726E-02   8.86474E-01   2.94652E-02 
    2.29850E-02   1.44104E-02   1.00000E+00
   1.13300E+03   3.36932E-02   1.29726E-02   8.86474E-01   2.94652E-02 
    2.29850E-02   1.44104E-02   1.00000E+00
   1.12300E+03   3.36932E-02   1.29726E-02   8.86474E-01   2.94652E-02 
    2.29850E-02   1.44104E-02   1.00000E+00
   1.11300E+03   3.36932E-02   1.29726E-02   8.86474E-01   2.94652E-02 
    2.29850E-02   1.44104E-02   1.00000E+00
   1.10300E+03   3.36932E-02   1.29726E-02   8.86474E-01   2.94652E-02 
    2.29850E-02   1.44104E-02   1.00000E+00
   1.09662E+03   3.36932E-02   1.29726E-02   8.86474E-01   2.94652E-02 
    2.29850E-02   1.44104E-02   1.00000E+00

 Phase Region for:
     CEMENTITE                     
     FCC_A1#1                      
 col-1=T, col-2=X(CEMENTITE,C), col-3=X(CEMENTITE,CR), col-4=X(CEMENTITE,FE),
   col-5=X(CEMENTITE,MN), col-6=X(CEMENTITE,NI), col-7=X(CEMENTITE,SI),
   col-8=X(FCC_A1#1,C), col-9=X(FCC_A1#1,CR), col-10=X(FCC_A1#1,FE),
   col-11=X(FCC_A1#1,MN), col-12=X(FCC_A1#1,NI), col-13=X(FCC_A1#1,SI),
   col-14=NP(CEMENTITE), col-15=NP(FCC_A1#1),
   1.09662E+03   2.50000E-01   9.69238E-02   6.11263E-01   3.98881E-02 
    1.92539E-03   0.00000E+00   3.36932E-02   1.29726E-02   8.86474E-01 
    2.94652E-02   2.29850E-02   1.44104E-02   5.23226E-08   1.00000E+00  NONE
   1.09300E+03   2.50000E-01   9.69874E-02   6.11103E-01   4.00016E-02 
    1.90832E-03   0.00000E+00   3.32844E-02   1.28138E-02   8.86994E-01 
    2.94453E-02   2.30249E-02   1.44376E-02   1.88627E-03   9.98114E-01  NONE
   1.08300E+03   2.50000E-01   9.71550E-02   6.10662E-01   4.03217E-02 
    1.86154E-03   0.00000E+00   3.21693E-02   1.23795E-02   8.88417E-01 
    2.93887E-02   2.31339E-02   1.45119E-02   6.99605E-03   9.93004E-01  NONE
   1.07300E+03   2.50000E-01   9.73107E-02   6.10222E-01   4.06520E-02 
    1.81524E-03   0.00000E+00   3.10734E-02   1.19511E-02   8.89819E-01 
    2.93297E-02   2.32414E-02   1.45849E-02   1.19668E-02   9.88033E-01  NONE
   1.06300E+03   2.50000E-01   9.74545E-02   6.09783E-01   4.09928E-02 
    1.76942E-03   0.00000E+00   2.99968E-02   1.15289E-02   8.91202E-01 
    2.92682E-02   2.33476E-02   1.46566E-02   1.68016E-02   9.83198E-01  NONE
   1.05300E+03   2.50000E-01   9.75860E-02   6.09346E-01   4.13443E-02 
    1.72408E-03   0.00000E+00   2.89396E-02   1.11131E-02   8.92564E-01 
    2.92041E-02   2.34523E-02   1.47271E-02   2.15038E-02   9.78496E-01  NONE
   1.04300E+03   2.50000E-01   9.77051E-02   6.08909E-01   4.17069E-02 
    1.67925E-03   0.00000E+00   2.79017E-02   1.07039E-02   8.93905E-01 
    2.91374E-02   2.35555E-02   1.47962E-02   2.60763E-02   9.73924E-01  NONE
   1.03300E+03   2.50000E-01   9.78118E-02   6.08472E-01   4.20808E-02 
    1.63491E-03   0.00000E+00   2.68833E-02   1.03016E-02   8.95226E-01 
    2.90680E-02   2.36572E-02   1.48641E-02   3.05219E-02   9.69478E-01  NONE
   1.02300E+03   2.50000E-01   9.79060E-02   6.08037E-01   4.24664E-02 
    1.59107E-03   0.00000E+00   2.58843E-02   9.90637E-03   8.96526E-01 
    2.89958E-02   2.37574E-02   1.49306E-02   3.48435E-02   9.65157E-01  NONE
   1.01300E+03   2.50000E-01   9.79876E-02   6.07601E-01   4.28639E-02 
    1.54773E-03   0.00000E+00   2.49047E-02   9.51842E-03   8.97804E-01 
    2.89208E-02   2.38560E-02   1.49959E-02   3.90438E-02   9.60956E-01  NONE
   1.00300E+03   2.50000E-01   9.80567E-02   6.07165E-01   4.32737E-02 
    1.50491E-03   0.00000E+00   2.39445E-02   9.13794E-03   8.99062E-01 
    2.88428E-02   2.39531E-02   1.50598E-02   4.31253E-02   9.56875E-01  NONE
   9.93000E+02   2.50000E-01   9.81134E-02   6.06728E-01   4.36962E-02 
    1.46260E-03   0.00000E+00   2.30039E-02   8.76514E-03   9.00298E-01 
    2.87619E-02   2.40486E-02   1.51225E-02   4.70905E-02   9.52910E-01  NONE
   9.83000E+02   2.50000E-01   9.81577E-02   6.06290E-01   4.41312E-02 
    1.42082E-03   0.00000E+00   2.20828E-02   8.40020E-03   9.01513E-01 
    2.86780E-02   2.41425E-02   1.51839E-02   5.09416E-02   9.49058E-01  NONE
   9.73000E+02   2.50000E-01   9.81898E-02   6.05851E-01   4.45801E-02 
    1.37954E-03   0.00000E+00   2.11811E-02   8.04325E-03   9.02706E-01 
    2.85909E-02   2.42348E-02   1.52439E-02   5.46814E-02   9.45319E-01  NONE
   9.68143E+02   2.50000E-01   9.82010E-02   6.05636E-01   4.48031E-02 
    1.35969E-03   0.00000E+00   2.07502E-02   7.87282E-03   9.03278E-01 
    2.85474E-02   2.42790E-02   1.52726E-02   5.64583E-02   9.43542E-01  NONE

 Phase Region for:
     BCC_A2                        
     CEMENTITE                     
     FCC_A1#1                      
 col-1=T, col-2=X(BCC_A2,C), col-3=X(BCC_A2,CR), col-4=X(BCC_A2,FE),
   col-5=X(BCC_A2,MN), col-6=X(BCC_A2,NI), col-7=X(BCC_A2,SI),
   col-8=X(CEMENTITE,C), col-9=X(CEMENTITE,CR), col-10=X(CEMENTITE,FE),
   col-11=X(CEMENTITE,MN), col-12=X(CEMENTITE,NI), col-13=X(CEMENTITE,SI),
   col-14=X(FCC_A1#1,C), col-15=X(FCC_A1#1,CR), col-16=X(FCC_A1#1,FE),
   col-17=X(FCC_A1#1,MN), col-18=X(FCC_A1#1,NI), col-19=X(FCC_A1#1,SI),
   col-20=NP(BCC_A2), col-21=NP(CEMENTITE), col-22=NP(FCC_A1#1),
   9.68143E+02   3.66339E-04   4.66366E-03   9.59808E-01   7.26075E-03 
    8.74351E-03   1.91573E-02   2.50000E-01   9.82010E-02   6.05636E-01 
    4.48032E-02   1.35969E-03   0.00000E+00   2.07502E-02   7.87281E-03 
    9.03278E-01   2.85474E-02   2.42791E-02   1.52726E-02   2.26195E-06 
    5.64585E-02   9.43539E-01
   9.63000E+02   3.45484E-04   4.38425E-03   9.59806E-01   7.56175E-03 
    9.24906E-03   1.86536E-02   2.50000E-01   9.48720E-02   6.05284E-01 
    4.83860E-02   1.45757E-03   0.00000E+00   2.03986E-02   7.40738E-03 
    8.99810E-01   3.08014E-02   2.65530E-02   1.50300E-02   1.08480E-01 
    6.73776E-02   8.24143E-01
   9.53000E+02   3.05695E-04   3.95730E-03   9.59455E-01   8.11130E-03 
    1.02323E-02   1.79385E-02   2.50000E-01   9.00945E-02   6.02863E-01 
    5.53966E-02   1.64562E-03   0.00000E+00   1.95829E-02   6.67237E-03 
    8.92141E-01   3.53979E-02   3.14280E-02   1.47775E-02   2.79439E-01 
    8.46167E-02   6.35945E-01
   9.43000E+02   2.68187E-04   3.63640E-03   9.58839E-01   8.59219E-03 
    1.11913E-02   1.74730E-02   2.50000E-01   8.69634E-02   5.98869E-01 
    6.23405E-02   1.82700E-03   0.00000E+00   1.86492E-02   6.09499E-03 
    8.83423E-01   4.02174E-02   3.68929E-02   1.47225E-02   4.08164E-01 
    9.74560E-02   4.94380E-01
   9.33000E+02   2.33804E-04   3.38303E-03   9.58115E-01   8.98994E-03 
    1.21063E-02   1.71721E-02   2.50000E-01   8.49515E-02   5.93928E-01 
    6.91215E-02   1.99909E-03   0.00000E+00   1.76471E-02   5.61939E-03 
    8.73771E-01   4.52204E-02   4.29573E-02   1.47850E-02   5.05407E-01 
    1.06936E-01   3.87657E-01
   9.23000E+02   2.02855E-04   3.17320E-03   9.57381E-01   9.29884E-03 
    1.29648E-02   1.69795E-02   2.50000E-01   8.37050E-02   5.88451E-01 
    7.56837E-02   2.16046E-03   0.00000E+00   1.66101E-02   5.21003E-03 
    8.63223E-01   5.03949E-02   4.96517E-02   1.49098E-02   5.79394E-01 
    1.13927E-01   3.06679E-01
   9.13000E+02   1.75337E-04   2.99200E-03   9.56696E-01   9.51857E-03 
    1.37592E-02   1.68587E-02   2.50000E-01   8.29899E-02   5.82705E-01 
    8.19943E-02   2.31036E-03   0.00000E+00   1.55604E-02   4.84457E-03 
    8.51764E-01   5.57491E-02   5.70237E-02   1.50586E-02   6.36150E-01 
    1.19093E-01   2.44757E-01
   9.03000E+02   1.51079E-04   2.82999E-03   9.56097E-01   9.65199E-03 
    1.44843E-02   1.67854E-02   2.50000E-01   8.26502E-02   5.76867E-01 
    8.80343E-02   2.44830E-03   0.00000E+00   1.45129E-02   4.50896E-03 
    8.39333E-01   6.13067E-02   6.51346E-02   1.52035E-02   6.80034E-01 
    1.22923E-01   1.97043E-01
   8.93000E+02   1.29832E-04   2.68115E-03   9.55605E-01   9.70388E-03 
    1.51364E-02   1.67436E-02   2.50000E-01   8.25803E-02   5.71054E-01 
    9.37922E-02   2.57397E-03   0.00000E+00   1.34783E-02   4.19435E-03 
    8.25844E-01   6.71028E-02   7.40571E-02   1.53231E-02   7.14203E-01 
    1.25775E-01   1.60022E-01
   8.83000E+02   1.11312E-04   2.54154E-03   9.55231E-01   9.68013E-03 
    1.57132E-02   1.67227E-02   2.50000E-01   8.27068E-02   5.65345E-01 
    9.92611E-02   2.68711E-03   0.00000E+00   1.24645E-02   3.89526E-03 
    8.11187E-01   7.31814E-02   8.38716E-02   1.54004E-02   7.40961E-01 
    1.27905E-01   1.31134E-01
   8.73000E+02   9.52328E-05   2.40860E-03   9.54981E-01   9.58725E-03 
    1.62129E-02   1.67154E-02   2.50000E-01   8.29775E-02   5.59798E-01 
    1.04437E-01   2.78750E-03   0.00000E+00   1.14779E-02   3.60850E-03 
    7.95241E-01   7.95912E-02   9.46603E-02   1.54214E-02   7.62008E-01 
    1.29502E-01   1.08490E-01
   8.63000E+02   8.13178E-05   2.28066E-03   9.54854E-01   9.43211E-03 
    1.66345E-02   1.67172E-02   2.50000E-01   8.33547E-02   5.54453E-01 
    1.09317E-01   2.87500E-03   0.00000E+00   1.05246E-02   3.33251E-03 
    7.77893E-01   8.63798E-02   1.06496E-01   1.53739E-02   7.78615E-01 
    1.30702E-01   9.06832E-02
   8.53000E+02   6.93086E-05   2.15666E-03   9.54850E-01   9.22180E-03 
    1.69781E-02   1.67246E-02   2.50000E-01   8.38103E-02   5.49338E-01 
    1.13902E-01   2.94955E-03   0.00000E+00   9.61092E-03   3.06696E-03 
    7.59068E-01   9.35821E-02   1.19423E-01   1.52484E-02   7.91736E-01 
    1.31606E-01   7.66572E-02
   8.43000E+02   5.89689E-05   2.03596E-03   9.54961E-01   8.96347E-03 
    1.72450E-02   1.67356E-02   2.50000E-01   8.43231E-02   5.44474E-01 
    1.18192E-01   3.01124E-03   0.00000E+00   8.74404E-03   2.81252E-03 
    7.38766E-01   1.01206E-01   1.33432E-01   1.50389E-02   8.02101E-01 
    1.32289E-01   6.56100E-02
   8.33000E+02   5.00848E-05   1.91821E-03   9.55181E-01   8.66433E-03 
    1.74378E-02   1.67487E-02   2.50000E-01   8.48766E-02   5.39873E-01 
    1.22190E-01   3.06043E-03   0.00000E+00   7.93221E-03   2.57072E-03 
    7.17127E-01   1.09210E-01   1.48415E-01   1.47451E-02   8.10265E-01 
    1.32804E-01   5.69306E-02
   8.23000E+02   4.24652E-05   1.80326E-03   9.55499E-01   8.33166E-03 
    1.75608E-02   1.67629E-02   2.50000E-01   8.54578E-02   5.35539E-01 
    1.25906E-01   3.09765E-03   0.00000E+00   7.18329E-03   2.34333E-03 
    6.94446E-01   1.17492E-01   1.64161E-01   1.43741E-02   8.16666E-01 
    1.33193E-01   5.01409E-02
   8.13000E+02   3.59401E-05   1.69114E-03   9.55904E-01   7.97266E-03 
    1.76196E-02   1.67772E-02   2.50000E-01   8.60560E-02   5.31471E-01 
    1.29350E-01   3.12375E-03   0.00000E+00   6.50372E-03   2.13211E-03 
    6.71180E-01   1.25893E-01   1.80351E-01   1.39410E-02   8.21650E-01 
    1.33488E-01   4.48623E-02
   8.03000E+02   3.03601E-05   1.58193E-03   9.56381E-01   7.59432E-03 
    1.76209E-02   1.67911E-02   2.50000E-01   8.66621E-02   5.27659E-01 
    1.32539E-01   3.13972E-03   0.00000E+00   5.89654E-03   1.93813E-03 
    6.47865E-01   1.34218E-01   1.96616E-01   1.34670E-02   8.25504E-01 
    1.33711E-01   4.07857E-02
   7.93000E+02   2.55945E-05   1.47582E-03   9.56919E-01   7.20313E-03 
    1.75719E-02   1.68044E-02   2.50000E-01   8.72687E-02   5.24092E-01 
    1.35492E-01   3.14669E-03   0.00000E+00   5.36048E-03   1.76154E-03 
    6.25002E-01   1.42286E-01   2.12615E-01   1.29747E-02   8.28464E-01 
    1.33881E-01   3.76552E-02
   7.83000E+02   2.15297E-05   1.37300E-03   9.57504E-01   6.80492E-03 
    1.74797E-02   1.68168E-02   2.50000E-01   8.78695E-02   5.20754E-01 
    1.38231E-01   3.14577E-03   0.00000E+00   4.89049E-03   1.60157E-03 
    6.02970E-01   1.49959E-01   2.28094E-01   1.24839E-02   8.30728E-01 
    1.34012E-01   3.52600E-02
   7.73000E+02   1.80676E-05   1.27368E-03   9.58124E-01   6.40469E-03 
    1.73507E-02   1.68284E-02   2.50000E-01   8.84593E-02   5.17628E-01 
    1.40774E-01   3.13799E-03   0.00000E+00   4.47924E-03   1.45688E-03 
    5.81996E-01   1.57154E-01   2.42905E-01   1.20095E-02   8.32455E-01 
    1.34114E-01   3.34308E-02
   7.63000E+02   1.51236E-05   1.17805E-03   9.58770E-01   6.00654E-03 
    1.71906E-02   1.68392E-02   2.50000E-01   8.90340E-02   5.14703E-01 
    1.43139E-01   3.12427E-03   0.00000E+00   4.11878E-03   1.32587E-03 
    5.62173E-01   1.63836E-01   2.56986E-01   1.15606E-02   8.33769E-01 
    1.34195E-01   3.20358E-02
   7.53000E+02   1.26246E-05   1.08629E-03   9.59434E-01   5.61386E-03 
    1.70043E-02   1.68493E-02   2.50000E-01   8.95906E-02   5.11965E-01 
    1.45339E-01   3.10537E-03   0.00000E+00   3.80145E-03   1.20695E-03 
    5.43503E-01   1.70007E-01   2.70340E-01   1.11422E-02   8.34766E-01 
    1.34260E-01   3.09738E-02
   7.43000E+02   1.05076E-05   9.98544E-04   9.60107E-01   5.22934E-03 
    1.67958E-02   1.68588E-02   2.50000E-01   9.01264E-02   5.09406E-01 
    1.47385E-01   3.08194E-03   0.00000E+00   3.52046E-03   1.09869E-03 
    5.25933E-01   1.75686E-01   2.83006E-01   1.07565E-02   8.35518E-01 
    1.34313E-01   3.01686E-02
   7.33000E+02   8.71827E-06   9.14942E-04   9.60785E-01   4.85513E-03 
    1.65683E-02   1.68678E-02   2.50000E-01   9.06396E-02   5.07019E-01 
    1.49287E-01   3.05448E-03   0.00000E+00   3.27010E-03   9.99849E-04 
    5.09386E-01   1.80903E-01   2.95037E-01   1.04038E-02   8.36080E-01 
    1.34357E-01   2.95633E-02
   7.23000E+02   7.20958E-06   8.35572E-04   9.61464E-01   4.49296E-03 
    1.63244E-02   1.68762E-02   2.50000E-01   9.11287E-02   5.04796E-01 
    1.51051E-01   3.02339E-03   0.00000E+00   3.04562E-03   9.09379E-04 
    4.93777E-01   1.85693E-01   3.06493E-01   1.00832E-02   8.36491E-01 
    1.34394E-01   2.91149E-02
   7.13000E+02   5.94089E-06   7.60496E-04   9.62139E-01   4.14417E-03 
    1.60663E-02   1.68842E-02   2.50000E-01   9.15929E-02   5.02735E-01 
    1.52683E-01   2.98899E-03   0.00000E+00   2.84313E-03   8.26404E-04 
    4.79017E-01   1.90088E-01   3.17431E-01   9.79353E-03   8.36783E-01 
    1.34426E-01   2.87912E-02
   7.03000E+02   4.87705E-06   6.89748E-04   9.62808E-01   3.80980E-03 
    1.57957E-02   1.68917E-02   2.50000E-01   9.20313E-02   5.00831E-01 
    1.54186E-01   2.95150E-03   0.00000E+00   2.65943E-03   7.50193E-04 
    4.65029E-01   1.94123E-01   3.27906E-01   9.53317E-03   8.36980E-01 
    1.34453E-01   2.85678E-02
   6.93000E+02   3.98775E-06   6.23331E-04   9.63469E-01   3.49067E-03 
    1.55138E-02   1.68989E-02   2.50000E-01   9.24436E-02   4.99080E-01 
    1.55565E-01   2.91111E-03   0.00000E+00   2.49191E-03   6.80127E-04 
    4.51737E-01   1.97825E-01   3.37966E-01   9.30060E-03   8.37098E-01 
    1.34476E-01   2.84259E-02
   6.83000E+02   3.24677E-06   5.61224E-04   9.64121E-01   3.18734E-03 
    1.52217E-02   1.69056E-02   2.50000E-01   9.28297E-02   4.97481E-01 
    1.56821E-01   2.86793E-03   0.00000E+00   2.33840E-03   6.15682E-04 
    4.39076E-01   2.01222E-01   3.47653E-01   9.09430E-03   8.37152E-01 
    1.34497E-01   2.83513E-02
   6.73000E+02   2.63158E-06   5.03375E-04   9.64762E-01   2.90023E-03 
    1.49203E-02   1.69119E-02   2.50000E-01   9.31897E-02   4.96030E-01 
    1.57958E-01   2.82204E-03   0.00000E+00   2.19710E-03   5.56405E-04 
    4.26989E-01   2.04339E-01   3.57005E-01   8.91287E-03   8.37152E-01 
    1.34515E-01   2.83326E-02
