
 Phase Region for:
     FCC_A1#2                      
 col-1=T, col-2=W(FCC_A1#2,C), col-3=W(FCC_A1#2,CR), col-4=W(FCC_A1#2,FE),
   col-5=W(FCC_A1#2,MN), col-6=W(FCC_A1#2,NI), col-7=W(FCC_A1#2,SI),
   col-8=NP(FCC_A1#2),
   1.17300E+03   7.50000E-03   7.50075E-03   9.24998E-01   3.00000E-02 
    1.50005E-02   1.50005E-02   1.00000E+00
   1.18300E+03   7.50000E-03   7.50075E-03   9.24998E-01   3.00000E-02 
    1.50005E-02   1.50005E-02   1.00000E+00
   1.19300E+03   7.50000E-03   7.50075E-03   9.24998E-01   3.00000E-02 
    1.50005E-02   1.50005E-02   1.00000E+00
   1.20300E+03   7.50000E-03   7.50075E-03   9.24998E-01   3.00000E-02 
    1.50005E-02   1.50005E-02   1.00000E+00
   1.21300E+03   7.50000E-03   7.50075E-03   9.24998E-01   3.00000E-02 
    1.50005E-02   1.50005E-02   1.00000E+00
   1.22300E+03   7.50000E-03   7.50075E-03   9.24998E-01   3.00000E-02 
    1.50005E-02   1.50005E-02   1.00000E+00
   1.23300E+03   7.50000E-03   7.50075E-03   9.24998E-01   3.00000E-02 
    1.50005E-02   1.50005E-02   1.00000E+00
   1.24300E+03   7.50000E-03   7.50075E-03   9.24998E-01   3.00000E-02 
    1.50005E-02   1.50005E-02   1.00000E+00
   1.25300E+03   7.50000E-03   7.50075E-03   9.24998E-01   3.00000E-02 
    1.50005E-02   1.50005E-02   1.00000E+00
   1.26300E+03   7.50000E-03   7.50075E-03   9.24998E-01   3.00000E-02 
    1.50005E-02   1.50005E-02   1.00000E+00
   1.27300E+03   7.50000E-03   7.50075E-03   9.24998E-01   3.00000E-02 
    1.50005E-02   1.50005E-02   1.00000E+00
   1.28300E+03   7.50000E-03   7.50075E-03   9.24998E-01   3.00000E-02 
    1.50005E-02   1.50005E-02   1.00000E+00
   1.29300E+03   7.50000E-03   7.50075E-03   9.24998E-01   3.00000E-02 
    1.50005E-02   1.50005E-02   1.00000E+00
   1.30300E+03   7.50000E-03   7.50075E-03   9.24998E-01   3.00000E-02 
    1.50005E-02   1.50005E-02   1.00000E+00
   1.31300E+03   7.50000E-03   7.50075E-03   9.24998E-01   3.00000E-02 
    1.50005E-02   1.50005E-02   1.00000E+00
   1.32300E+03   7.50000E-03   7.50075E-03   9.24998E-01   3.00000E-02 
    1.50005E-02   1.50005E-02   1.00000E+00
   1.33300E+03   7.50000E-03   7.50075E-03   9.24998E-01   3.00000E-02 
    1.50005E-02   1.50005E-02   1.00000E+00
   1.34300E+03   7.50000E-03   7.50075E-03   9.24998E-01   3.00000E-02 
    1.50005E-02   1.50005E-02   1.00000E+00
   1.35300E+03   7.50000E-03   7.50075E-03   9.24998E-01   3.00000E-02 
    1.50005E-02   1.50005E-02   1.00000E+00
   1.36300E+03   7.50000E-03   7.50075E-03   9.24998E-01   3.00000E-02 
    1.50005E-02   1.50005E-02   1.00000E+00
   1.37300E+03   7.50000E-03   7.50075E-03   9.24998E-01   3.00000E-02 
    1.50005E-02   1.50005E-02   1.00000E+00
   1.38300E+03   7.50000E-03   7.50075E-03   9.24998E-01   3.00000E-02 
    1.50005E-02   1.50005E-02   1.00000E+00
   1.39300E+03   7.50000E-03   7.50075E-03   9.24998E-01   3.00000E-02 
    1.50005E-02   1.50005E-02   1.00000E+00
   1.40300E+03   7.50000E-03   7.50075E-03   9.24998E-01   3.00000E-02 
    1.50005E-02   1.50005E-02   1.00000E+00
   1.41300E+03   7.50000E-03   7.50075E-03   9.24998E-01   3.00000E-02 
    1.50005E-02   1.50005E-02   1.00000E+00
   1.42300E+03   7.50000E-03   7.50075E-03   9.24998E-01   3.00000E-02 
    1.50005E-02   1.50005E-02   1.00000E+00
   1.43300E+03   7.50000E-03   7.50075E-03   9.24998E-01   3.00000E-02 
    1.50005E-02   1.50005E-02   1.00000E+00
   1.44300E+03   7.50000E-03   7.50075E-03   9.24998E-01   3.00000E-02 
    1.50005E-02   1.50005E-02   1.00000E+00
   1.45300E+03   7.50000E-03   7.50075E-03   9.24998E-01   3.00000E-02 
    1.50005E-02   1.50005E-02   1.00000E+00
   1.46300E+03   7.50000E-03   7.50075E-03   9.24998E-01   3.00000E-02 
    1.50005E-02   1.50005E-02   1.00000E+00
   1.47300E+03   7.50000E-03   7.50075E-03   9.24998E-01   3.00000E-02 
    1.50005E-02   1.50005E-02   1.00000E+00

 Phase Region for:
     FCC_A1#2                      
 col-1=T, col-2=W(FCC_A1#2,C), col-3=W(FCC_A1#2,CR), col-4=W(FCC_A1#2,FE),
   col-5=W(FCC_A1#2,MN), col-6=W(FCC_A1#2,NI), col-7=W(FCC_A1#2,SI),
   col-8=NP(FCC_A1#2),
   1.17300E+03   7.50000E-03   7.50075E-03   9.24998E-01   3.00000E-02 
    1.50005E-02   1.50005E-02   1.00000E+00
   1.16300E+03   7.50000E-03   7.50075E-03   9.24998E-01   3.00000E-02 
    1.50005E-02   1.50005E-02   1.00000E+00
   1.15300E+03   7.50000E-03   7.50075E-03   9.24998E-01   3.00000E-02 
    1.50005E-02   1.50005E-02   1.00000E+00
   1.14300E+03   7.50000E-03   7.50075E-03   9.24998E-01   3.00000E-02 
    1.50005E-02   1.50005E-02   1.00000E+00
   1.13300E+03   7.50000E-03   7.50075E-03   9.24998E-01   3.00000E-02 
    1.50005E-02   1.50005E-02   1.00000E+00
   1.12300E+03   7.50000E-03   7.50075E-03   9.24998E-01   3.00000E-02 
    1.50005E-02   1.50005E-02   1.00000E+00
   1.11300E+03   7.50000E-03   7.50075E-03   9.24998E-01   3.00000E-02 
    1.50005E-02   1.50005E-02   1.00000E+00
   1.10300E+03   7.50000E-03   7.50075E-03   9.24998E-01   3.00000E-02 
    1.50005E-02   1.50005E-02   1.00000E+00
   1.09300E+03   7.50000E-03   7.50075E-03   9.24998E-01   3.00000E-02 
    1.50005E-02   1.50005E-02   1.00000E+00
   1.08586E+03   7.50000E-03   7.50075E-03   9.24998E-01   3.00000E-02 
    1.50005E-02   1.50005E-02   1.00000E+00

 Phase Region for:
     CEMENTITE                     
     FCC_A1#2                      
 col-1=T, col-2=W(CEMENTITE,C), col-3=W(CEMENTITE,CR), col-4=W(CEMENTITE,FE),
   col-5=W(CEMENTITE,MN), col-6=W(CEMENTITE,NI), col-7=W(CEMENTITE,SI),
   col-8=W(FCC_A1#2,C), col-9=W(FCC_A1#2,CR), col-10=W(FCC_A1#2,FE),
   col-11=W(FCC_A1#2,MN), col-12=W(FCC_A1#2,NI), col-13=W(FCC_A1#2,SI),
   col-14=NP(CEMENTITE), col-15=NP(FCC_A1#2),
   1.08586E+03   6.72720E-02   6.59325E-02   8.13905E-01   5.11666E-02 
    1.72411E-03   0.00000E+00   7.50000E-03   7.50075E-03   9.24998E-01 
    3.00000E-02   1.50005E-02   1.50005E-02   5.25056E-08   1.00000E+00
   1.08300E+03   6.72723E-02   6.59647E-02   8.13760E-01   5.12909E-02 
    1.71226E-03   0.00000E+00   7.42546E-03   7.42784E-03   9.25137E-01 
    2.99734E-02   1.50171E-02   1.50192E-02   1.49486E-03   9.98505E-01
   1.07300E+03   6.72735E-02   6.60717E-02   8.13249E-01   5.17345E-02 
    1.67106E-03   0.00000E+00   7.16759E-03   7.17503E-03   9.25620E-01 
    2.98791E-02   1.50746E-02   1.50839E-02   6.63732E-03   9.93363E-01
   1.06300E+03   6.72746E-02   6.61702E-02   8.12733E-01   5.21916E-02 
    1.63021E-03   0.00000E+00   6.91435E-03   6.92593E-03   9.26098E-01 
    2.97826E-02   1.51315E-02   1.51475E-02   1.16447E-02   9.88355E-01
   1.05300E+03   6.72757E-02   6.62601E-02   8.12212E-01   5.26627E-02 
    1.58973E-03   0.00000E+00   6.66574E-03   6.68068E-03   9.26572E-01 
    2.96837E-02   1.51877E-02   1.52099E-02   1.65199E-02   9.83480E-01
   1.04300E+03   6.72768E-02   6.63414E-02   8.11684E-01   5.31481E-02 
    1.54962E-03   0.00000E+00   6.42176E-03   6.43939E-03   9.27042E-01 
    2.95825E-02   1.52431E-02   1.52711E-02   2.12657E-02   9.78734E-01
   1.03300E+03   6.72778E-02   6.64141E-02   8.11150E-01   5.36482E-02 
    1.50989E-03   0.00000E+00   6.18240E-03   6.20220E-03   9.27508E-01 
    2.94788E-02   1.52979E-02   1.53311E-02   2.58846E-02   9.74115E-01
   1.02300E+03   6.72788E-02   6.64783E-02   8.10610E-01   5.41628E-02 
    1.47056E-03   0.00000E+00   5.94768E-03   5.96923E-03   9.27969E-01 
    2.93725E-02   1.53518E-02   1.53900E-02   3.03790E-02   9.69621E-01
   1.01300E+03   6.72798E-02   6.65342E-02   8.10061E-01   5.46936E-02 
    1.43161E-03   0.00000E+00   5.71757E-03   5.74058E-03   9.28425E-01 
    2.92637E-02   1.54051E-02   1.54478E-02   3.47517E-02   9.65248E-01
   1.00300E+03   6.72808E-02   6.65818E-02   8.09504E-01   5.52404E-02 
    1.39304E-03   0.00000E+00   5.49210E-03   5.51636E-03   9.28877E-01 
    2.91522E-02   1.54575E-02   1.55043E-02   3.90048E-02   9.60995E-01
   9.93000E+02   6.72817E-02   6.66214E-02   8.08938E-01   5.58037E-02 
    1.35489E-03   0.00000E+00   5.27127E-03   5.29667E-03   9.29325E-01 
    2.90380E-02   1.55092E-02   1.55597E-02   4.31404E-02   9.56860E-01
   9.85552E+02   6.72824E-02   6.66457E-02   8.08511E-01   5.62343E-02 
    1.32673E-03   0.00000E+00   5.10980E-03   5.13604E-03   9.29656E-01 
    2.89511E-02   1.55472E-02   1.56002E-02   4.61457E-02   9.53854E-01

 Phase Region for:
     BCC_A2                        
     CEMENTITE                     
     FCC_A1#2                      
 col-1=T, col-2=W(BCC_A2,C), col-3=W(BCC_A2,CR), col-4=W(BCC_A2,FE),
   col-5=W(BCC_A2,MN), col-6=W(BCC_A2,NI), col-7=W(BCC_A2,SI),
   col-8=W(CEMENTITE,C), col-9=W(CEMENTITE,CR), col-10=W(CEMENTITE,FE),
   col-11=W(CEMENTITE,MN), col-12=W(CEMENTITE,NI), col-13=W(CEMENTITE,SI),
   col-14=W(FCC_A1#2,C), col-15=W(FCC_A1#2,CR), col-16=W(FCC_A1#2,FE),
   col-17=W(FCC_A1#2,MN), col-18=W(FCC_A1#2,NI), col-19=W(FCC_A1#2,SI),
   col-20=NP(BCC_A2), col-21=NP(CEMENTITE), col-22=NP(FCC_A1#2),
   9.85551E+02   9.99468E-05   3.03056E-03   9.62242E-01   8.94752E-03 
    6.08098E-03   1.95987E-02   6.72824E-02   6.66457E-02   8.08511E-01 
    5.62344E-02   1.32673E-03   0.00000E+00   5.10980E-03   5.13603E-03 
    9.29656E-01   2.89512E-02   1.55472E-02   1.56002E-02   2.47335E-06 
    4.61459E-02   9.53852E-01
   9.83000E+02   9.70988E-05   2.92925E-03   9.62223E-01   9.14333E-03 
    6.27394E-03   1.93333E-02   6.72782E-02   6.52956E-02   8.07454E-01 
    5.85975E-02   1.37506E-03   0.00000E+00   5.06739E-03   4.96758E-03 
    9.28193E-01   3.00501E-02   1.62850E-02   1.54374E-02   6.12385E-02 
    5.29375E-02   8.85824E-01
   9.73000E+02   8.60487E-05   2.60921E-03   9.61791E-01   9.92707E-03 
    7.07451E-03   1.85122E-02   6.72678E-02   6.11689E-02   8.01731E-01 
    6.82585E-02   1.57341E-03   0.00000E+00   4.87662E-03   4.42055E-03 
    9.21586E-01   3.46099E-02   1.95256E-02   1.49815E-02   2.66373E-01 
    7.55796E-02   6.58047E-01
   9.63000E+02   7.55160E-05   2.37890E-03   9.60975E-01   1.06846E-02 
    7.92144E-03   1.79647E-02   6.72649E-02   5.84849E-02   7.94202E-01 
    7.82668E-02   1.78102E-03   0.00000E+00   4.65743E-03   4.00784E-03 
    9.13833E-01   3.94426E-02   2.33154E-02   1.47439E-02   4.22192E-01 
    9.24548E-02   4.85354E-01
   9.53000E+02   6.57936E-05   2.20575E-03   9.59967E-01   1.13670E-02 
    8.79014E-03   1.76042E-02   6.72669E-02   5.67891E-02   7.85621E-01 
    8.83294E-02   1.99313E-03   0.00000E+00   4.42172E-03   3.68219E-03 
    9.05174E-01   4.44197E-02   2.76589E-02   1.46431E-02   5.38960E-01 
    1.04709E-01   3.56331E-01
   9.43000E+02   5.70127E-05   2.06881E-03   9.58897E-01   1.19457E-02 
    9.66360E-03   1.73676E-02   6.72721E-02   5.57625E-02   7.76508E-01 
    9.82506E-02   2.20668E-03   0.00000E+00   4.17798E-03   3.41232E-03 
    8.95748E-01   4.94638E-02   3.25784E-02   1.46192E-02   6.26202E-01 
    1.13494E-01   2.60304E-01
   9.33000E+02   4.91985E-05   1.95502E-03   9.57848E-01   1.24069E-02 
    1.05294E-02   1.72118E-02   6.72793E-02   5.51930E-02   7.67204E-01 
    1.07904E-01   2.41955E-03   0.00000E+00   3.93187E-03   3.17843E-03 
    8.85611E-01   5.45371E-02   3.81109E-02   1.46309E-02   6.91459E-01 
    1.19749E-01   1.88792E-01
   9.23000E+02   4.23154E-05   1.85623E-03   9.56869E-01   1.27462E-02 
    1.13775E-02   1.71083E-02   6.72877E-02   5.49414E-02   7.57932E-01 
    1.17209E-01   2.63000E-03   0.00000E+00   3.68710E-03   2.96811E-03 
    8.74758E-01   5.96309E-02   4.43052E-02   1.46506E-02   7.40355E-01 
    1.24182E-01   1.35464E-01
   9.13000E+02   3.62971E-05   1.76729E-03   9.55994E-01   1.29653E-02 
    1.21987E-02   1.70386E-02   6.72967E-02   5.49146E-02   7.48837E-01 
    1.26115E-01   2.83633E-03   0.00000E+00   3.44605E-03   2.77357E-03 
    8.63144E-01   6.47574E-02   5.12190E-02   1.46596E-02   7.77002E-01 
    1.27305E-01   9.56925E-02
   9.03000E+02   3.10635E-05   1.68489E-03   9.55239E-01   1.30699E-02 
    1.29842E-02   1.69905E-02   6.73061E-02   5.50496E-02   7.40016E-01 
    1.34591E-01   3.03680E-03   0.00000E+00   3.21029E-03   2.58990E-03 
    8.50691E-01   6.99452E-02   5.89181E-02   1.46452E-02   8.04409E-01 
    1.29491E-01   6.60999E-02
   8.93000E+02   2.65315E-05   1.60690E-03   9.54617E-01   1.30680E-02 
    1.37254E-02   1.69564E-02   6.73157E-02   5.53020E-02   7.31529E-01 
    1.42623E-01   3.22956E-03   0.00000E+00   2.98085E-03   2.41405E-03 
    8.37295E-01   7.52360E-02   6.74762E-02   1.45983E-02   8.24794E-01 
    1.31005E-01   4.42007E-02
   8.83000E+02   2.26198E-05   1.53192E-03   9.54131E-01   1.29692E-02 
    1.44140E-02   1.69313E-02   6.73251E-02   5.56405E-02   7.23416E-01 
    1.50205E-01   3.41268E-03   0.00000E+00   2.75844E-03   2.24422E-03 
    8.22829E-01   8.06819E-02   7.69743E-02   1.45122E-02   8.39813E-01 
    1.32040E-01   2.81470E-02
   8.73000E+02   1.92526E-05   1.45906E-03   9.53784E-01   1.27839E-02 
    1.50421E-02   1.69120E-02   6.73345E-02   5.60419E-02   7.15699E-01 
    1.57341E-01   3.58423E-03   0.00000E+00   2.54360E-03   2.07945E-03 
    8.07154E-01   8.63433E-02   8.74983E-02   1.43817E-02   8.50719E-01 
    1.32733E-01   1.65475E-02
   8.63000E+02   1.63605E-05   1.38776E-03   9.53574E-01   1.25227E-02 
    1.56027E-02   1.68966E-02   6.73436E-02   5.64887E-02   7.08387E-01 
    1.64038E-01   3.74235E-03   0.00000E+00   2.33686E-03   1.91941E-03 
    7.90122E-01   9.22851E-02   9.91344E-02   1.42026E-02   8.58471E-01 
    1.33187E-01   8.34198E-03
   8.53000E+02   1.38811E-05   1.31770E-03   9.53498E-01   1.21961E-02 
    1.60899E-02   1.68841E-02   6.73524E-02   5.69677E-02   7.01484E-01 
    1.70311E-01   3.88535E-03   0.00000E+00   2.13885E-03   1.76426E-03 
    7.71597E-01   9.85706E-02   1.11957E-01   1.39718E-02   8.63813E-01 
    1.33474E-01   2.71274E-03
   8.46126E+02   1.23869E-05   1.27017E-03   9.53522E-01   1.19391E-02 
    1.63798E-02   1.68769E-02   6.73583E-02   5.73099E-02   6.96973E-01 
    1.74385E-01   3.97411E-03   0.00000E+00   2.00820E-03   1.66075E-03 
    7.57947E-01   1.03118E-01   1.21484E-01   1.37823E-02   8.66397E-01 
    1.33603E-01   0.00000E+00

 Phase Region for:
     BCC_A2                        
     CEMENTITE                     
 col-1=T, col-2=W(BCC_A2,C), col-3=W(BCC_A2,CR), col-4=W(BCC_A2,FE),
   col-5=W(BCC_A2,MN), col-6=W(BCC_A2,NI), col-7=W(BCC_A2,SI),
   col-8=W(CEMENTITE,C), col-9=W(CEMENTITE,CR), col-10=W(CEMENTITE,FE),
   col-11=W(CEMENTITE,MN), col-12=W(CEMENTITE,NI), col-13=W(CEMENTITE,SI),
   col-14=NP(BCC_A2), col-15=NP(CEMENTITE),
   8.46126E+02   1.23869E-05   1.27017E-03   9.53522E-01   1.19391E-02 
    1.63798E-02   1.68769E-02   6.73583E-02   5.73099E-02   6.96973E-01 
    1.74385E-01   3.97411E-03   0.00000E+00   8.66397E-01   1.33603E-01  NONE
   8.43000E+02   1.17792E-05   1.24809E-03   9.53716E-01   1.17689E-02 
    1.63788E-02   1.68770E-02   6.73607E-02   5.74844E-02   6.95433E-01 
    1.75739E-01   3.98269E-03   0.00000E+00   8.66387E-01   1.33613E-01  NONE
   8.33000E+02   1.00105E-05   1.17839E-03   9.54330E-01   1.12286E-02 
    1.63755E-02   1.68772E-02   6.73681E-02   5.80359E-02   6.90545E-01 
    1.80041E-01   4.01024E-03   0.00000E+00   8.66359E-01   1.33641E-01  NONE
   8.23000E+02   8.48370E-06   1.11022E-03   9.54936E-01   1.06953E-02 
    1.63721E-02   1.68773E-02   6.73754E-02   5.85766E-02   6.85719E-01 
    1.84291E-01   4.03795E-03   0.00000E+00   8.66335E-01   1.33665E-01  NONE
   8.13000E+02   7.16915E-06   1.04367E-03   9.55533E-01   1.01696E-02 
    1.63687E-02   1.68774E-02   6.73825E-02   5.91056E-02   6.80962E-01 
    1.88484E-01   4.06588E-03   0.00000E+00   8.66314E-01   1.33686E-01  NONE
   8.03000E+02   6.04035E-06   9.78835E-04   9.56120E-01   9.65192E-03 
    1.63652E-02   1.68775E-02   6.73896E-02   5.96220E-02   6.76278E-01 
    1.92616E-01   4.09407E-03   0.00000E+00   8.66296E-01   1.33704E-01  NONE
   7.93000E+02   5.07373E-06   9.15822E-04   9.56697E-01   9.14294E-03 
    1.63617E-02   1.68775E-02   6.73965E-02   6.01249E-02   6.71675E-01 
    1.96681E-01   4.12257E-03   0.00000E+00   8.66281E-01   1.33719E-01  NONE
   7.83000E+02   4.24832E-06   8.54720E-04   9.57262E-01   8.64330E-03 
    1.63581E-02   1.68775E-02   6.74032E-02   6.06133E-02   6.67157E-01 
    2.00675E-01   4.15142E-03   0.00000E+00   8.66268E-01   1.33732E-01  NONE
   7.73000E+02   3.54557E-06   7.95620E-04   9.57815E-01   8.15368E-03 
    1.63544E-02   1.68775E-02   6.74098E-02   6.10865E-02   6.62733E-01 
    2.04590E-01   4.18063E-03   0.00000E+00   8.66256E-01   1.33744E-01  NONE
   7.63000E+02   2.94907E-06   7.38606E-04   9.58356E-01   7.67477E-03 
    1.63506E-02   1.68774E-02   6.74162E-02   6.15436E-02   6.58407E-01 
    2.08423E-01   4.21022E-03   0.00000E+00   8.66247E-01   1.33753E-01  NONE
   7.53000E+02   2.44433E-06   6.83755E-04   9.58882E-01   7.20727E-03 
    1.63468E-02   1.68774E-02   6.74225E-02   6.19840E-02   6.54188E-01 
    2.12166E-01   4.24021E-03   0.00000E+00   8.66239E-01   1.33761E-01  NONE
   7.43000E+02   2.01861E-06   6.31136E-04   9.59395E-01   6.75191E-03 
    1.63430E-02   1.68773E-02   6.74285E-02   6.24069E-02   6.50081E-01 
    2.15813E-01   4.27060E-03   0.00000E+00   8.66232E-01   1.33768E-01  NONE
   7.33000E+02   1.66075E-06   5.80810E-04   9.59892E-01   6.30939E-03 
    1.63391E-02   1.68772E-02   6.74343E-02   6.28119E-02   6.46093E-01 
    2.19359E-01   4.30137E-03   0.00000E+00   8.66226E-01   1.33774E-01  NONE
   7.23000E+02   1.36096E-06   5.32825E-04   9.60373E-01   5.88040E-03 
    1.63351E-02   1.68771E-02   6.74399E-02   6.31985E-02   6.42230E-01 
    2.22799E-01   4.33251E-03   0.00000E+00   8.66222E-01   1.33778E-01  NONE
   7.21443E+02   1.31894E-06   5.25567E-04   9.60447E-01   5.81486E-03 
    1.63345E-02   1.68771E-02   6.74408E-02   6.32570E-02   6.41641E-01 
    2.23324E-01   4.33739E-03   0.00000E+00   8.66221E-01   1.33779E-01  NONE

 Phase Region for:
     BCC_A2                        
     CEMENTITE                     
     FCC_A1#1                      
 col-1=T, col-2=W(BCC_A2,C), col-3=W(BCC_A2,CR), col-4=W(BCC_A2,FE),
   col-5=W(BCC_A2,MN), col-6=W(BCC_A2,NI), col-7=W(BCC_A2,SI),
   col-8=W(CEMENTITE,C), col-9=W(CEMENTITE,CR), col-10=W(CEMENTITE,FE),
   col-11=W(CEMENTITE,MN), col-12=W(CEMENTITE,NI), col-13=W(CEMENTITE,SI),
   col-14=W(FCC_A1#1,C), col-15=W(FCC_A1#1,CR), col-16=W(FCC_A1#1,FE),
   col-17=W(FCC_A1#1,MN), col-18=W(FCC_A1#1,NI), col-19=W(FCC_A1#1,SI),
   col-20=NP(BCC_A2), col-21=NP(CEMENTITE), col-22=NP(FCC_A1#1),
   7.21443E+02   1.31894E-06   5.25567E-04   9.60447E-01   5.81485E-03 
    1.63345E-02   1.68771E-02   6.74408E-02   6.32570E-02   6.41641E-01 
    2.23324E-01   4.33739E-03   0.00000E+00   6.58694E-04   4.87874E-04 
    4.86814E-01   1.86850E-01   3.16058E-01   9.13185E-03   8.66221E-01 
    1.33779E-01   6.91817E-09
   7.13000E+02   1.11487E-06   4.86571E-04   9.61069E-01   5.43450E-03 
    1.61266E-02   1.68823E-02   6.74447E-02   6.35742E-02   6.39299E-01 
    2.25375E-01   4.30789E-03   0.00000E+00   6.20475E-04   4.49220E-04 
    4.73481E-01   1.90403E-01   3.26108E-01   8.93850E-03   8.65644E-01 
    1.33775E-01   5.80679E-04
   7.03000E+02   9.10361E-07   4.42668E-04   9.61800E-01   5.00095E-03 
    1.58668E-02   1.68888E-02   6.74491E-02   6.39312E-02   6.36721E-01 
    2.27631E-01   4.26827E-03   0.00000E+00   5.79113E-04   4.07085E-04 
    4.58526E-01   1.94253E-01   3.37500E-01   8.73417E-03   8.64969E-01 
    1.33772E-01   1.25881E-03
   6.93000E+02   7.40346E-07   4.01271E-04   9.62522E-01   4.58670E-03 
    1.55942E-02   1.68954E-02   6.74532E-02   6.42678E-02   6.34353E-01 
    2.29702E-01   4.22389E-03   0.00000E+00   5.41399E-04   3.68512E-04 
    4.44393E-01   1.97745E-01   3.48397E-01   8.55485E-03   8.64306E-01 
    1.33769E-01   1.92577E-03
   6.83000E+02   5.99487E-07   3.62390E-04   9.63232E-01   4.19248E-03 
    1.53100E-02   1.69022E-02   6.74570E-02   6.45837E-02   6.32194E-01 
    2.31590E-01   4.17501E-03   0.00000E+00   5.06823E-04   3.33156E-04 
    4.30998E-01   2.00908E-01   3.58856E-01   8.39891E-03   8.63653E-01 
    1.33766E-01   2.58143E-03
   6.73000E+02   4.83207E-07   3.26021E-04   9.63930E-01   3.81882E-03 
    1.50155E-02   1.69091E-02   6.74606E-02   6.48791E-02   6.30241E-01 
    2.33297E-01   4.12176E-03   0.00000E+00   4.74967E-04   3.00727E-04 
    4.18268E-01   2.03768E-01   3.68923E-01   8.26487E-03   8.63010E-01 
    1.33764E-01   3.22614E-03
