
 Phase Region for:
     FCC_A1#1                      
 col-1=T, col-2=W(FCC_A1#1,C), col-3=W(FCC_A1#1,CR), col-4=W(FCC_A1#1,FE),
   col-5=W(FCC_A1#1,MN), col-6=W(FCC_A1#1,NI), col-7=W(FCC_A1#1,SI),
   col-8=NP(FCC_A1#1),
   1.17300E+03   9.00000E-03   7.50075E-03   9.53497E-01   1.00000E-06 
    3.00000E-02   1.00000E-06   1.00000E+00
   1.18300E+03   9.00000E-03   7.50075E-03   9.53497E-01   1.00000E-06 
    3.00000E-02   1.00000E-06   1.00000E+00
   1.19300E+03   9.00000E-03   7.50075E-03   9.53497E-01   1.00000E-06 
    3.00000E-02   1.00000E-06   1.00000E+00
   1.20300E+03   9.00000E-03   7.50075E-03   9.53497E-01   1.00000E-06 
    3.00000E-02   1.00000E-06   1.00000E+00
   1.21300E+03   9.00000E-03   7.50075E-03   9.53497E-01   1.00000E-06 
    3.00000E-02   1.00000E-06   1.00000E+00
   1.22300E+03   9.00000E-03   7.50075E-03   9.53497E-01   1.00000E-06 
    3.00000E-02   1.00000E-06   1.00000E+00
   1.23300E+03   9.00000E-03   7.50075E-03   9.53497E-01   1.00000E-06 
    3.00000E-02   1.00000E-06   1.00000E+00
   1.24300E+03   9.00000E-03   7.50075E-03   9.53497E-01   1.00000E-06 
    3.00000E-02   1.00000E-06   1.00000E+00
   1.25300E+03   9.00000E-03   7.50075E-03   9.53497E-01   1.00000E-06 
    3.00000E-02   1.00000E-06   1.00000E+00
   1.26300E+03   9.00000E-03   7.50075E-03   9.53497E-01   1.00000E-06 
    3.00000E-02   1.00000E-06   1.00000E+00
   1.27300E+03   9.00000E-03   7.50075E-03   9.53497E-01   1.00000E-06 
    3.00000E-02   1.00000E-06   1.00000E+00
   1.28300E+03   9.00000E-03   7.50075E-03   9.53497E-01   1.00000E-06 
    3.00000E-02   1.00000E-06   1.00000E+00
   1.29300E+03   9.00000E-03   7.50075E-03   9.53497E-01   1.00000E-06 
    3.00000E-02   1.00000E-06   1.00000E+00
   1.30300E+03   9.00000E-03   7.50075E-03   9.53497E-01   1.00000E-06 
    3.00000E-02   1.00000E-06   1.00000E+00
   1.31300E+03   9.00000E-03   7.50075E-03   9.53497E-01   1.00000E-06 
    3.00000E-02   1.00000E-06   1.00000E+00
   1.32300E+03   9.00000E-03   7.50075E-03   9.53497E-01   1.00000E-06 
    3.00000E-02   1.00000E-06   1.00000E+00
   1.33300E+03   9.00000E-03   7.50075E-03   9.53497E-01   1.00000E-06 
    3.00000E-02   1.00000E-06   1.00000E+00
   1.34300E+03   9.00000E-03   7.50075E-03   9.53497E-01   1.00000E-06 
    3.00000E-02   1.00000E-06   1.00000E+00
   1.35300E+03   9.00000E-03   7.50075E-03   9.53497E-01   1.00000E-06 
    3.00000E-02   1.00000E-06   1.00000E+00
   1.36300E+03   9.00000E-03   7.50075E-03   9.53497E-01   1.00000E-06 
    3.00000E-02   1.00000E-06   1.00000E+00
   1.37300E+03   9.00000E-03   7.50075E-03   9.53497E-01   1.00000E-06 
    3.00000E-02   1.00000E-06   1.00000E+00
   1.38300E+03   9.00000E-03   7.50075E-03   9.53497E-01   1.00000E-06 
    3.00000E-02   1.00000E-06   1.00000E+00
   1.39300E+03   9.00000E-03   7.50075E-03   9.53497E-01   1.00000E-06 
    3.00000E-02   1.00000E-06   1.00000E+00
   1.40300E+03   9.00000E-03   7.50075E-03   9.53497E-01   1.00000E-06 
    3.00000E-02   1.00000E-06   1.00000E+00
   1.41300E+03   9.00000E-03   7.50075E-03   9.53497E-01   1.00000E-06 
    3.00000E-02   1.00000E-06   1.00000E+00
   1.42300E+03   9.00000E-03   7.50075E-03   9.53497E-01   1.00000E-06 
    3.00000E-02   1.00000E-06   1.00000E+00
   1.43300E+03   9.00000E-03   7.50075E-03   9.53497E-01   1.00000E-06 
    3.00000E-02   1.00000E-06   1.00000E+00
   1.44300E+03   9.00000E-03   7.50075E-03   9.53497E-01   1.00000E-06 
    3.00000E-02   1.00000E-06   1.00000E+00
   1.45300E+03   9.00000E-03   7.50075E-03   9.53497E-01   1.00000E-06 
    3.00000E-02   1.00000E-06   1.00000E+00
   1.46300E+03   9.00000E-03   7.50075E-03   9.53497E-01   1.00000E-06 
    3.00000E-02   1.00000E-06   1.00000E+00
   1.47300E+03   9.00000E-03   7.50075E-03   9.53497E-01   1.00000E-06 
    3.00000E-02   1.00000E-06   1.00000E+00

 Phase Region for:
     FCC_A1#1                      
 col-1=T, col-2=W(FCC_A1#1,C), col-3=W(FCC_A1#1,CR), col-4=W(FCC_A1#1,FE),
   col-5=W(FCC_A1#1,MN), col-6=W(FCC_A1#1,NI), col-7=W(FCC_A1#1,SI),
   col-8=NP(FCC_A1#1),
   1.17300E+03   9.00000E-03   7.50075E-03   9.53497E-01   1.00000E-06 
    3.00000E-02   1.00000E-06   1.00000E+00
   1.16300E+03   9.00000E-03   7.50075E-03   9.53497E-01   1.00000E-06 
    3.00000E-02   1.00000E-06   1.00000E+00
   1.15300E+03   9.00000E-03   7.50075E-03   9.53497E-01   1.00000E-06 
    3.00000E-02   1.00000E-06   1.00000E+00
   1.14300E+03   9.00000E-03   7.50075E-03   9.53497E-01   1.00000E-06 
    3.00000E-02   1.00000E-06   1.00000E+00
   1.13300E+03   9.00000E-03   7.50075E-03   9.53497E-01   1.00000E-06 
    3.00000E-02   1.00000E-06   1.00000E+00
   1.12300E+03   9.00000E-03   7.50075E-03   9.53497E-01   1.00000E-06 
    3.00000E-02   1.00000E-06   1.00000E+00
   1.11300E+03   9.00000E-03   7.50075E-03   9.53497E-01   1.00000E-06 
    3.00000E-02   1.00000E-06   1.00000E+00
   1.10646E+03   9.00000E-03   7.50075E-03   9.53497E-01   1.00000E-06 
    3.00000E-02   1.00000E-06   1.00000E+00

 Phase Region for:
     CEMENTITE                     
     FCC_A1#1                      
 col-1=T, col-2=W(CEMENTITE,C), col-3=W(CEMENTITE,CR), col-4=W(CEMENTITE,FE),
   col-5=W(CEMENTITE,MN), col-6=W(CEMENTITE,NI), col-7=W(CEMENTITE,SI),
   col-8=W(FCC_A1#1,C), col-9=W(FCC_A1#1,CR), col-10=W(FCC_A1#1,FE),
   col-11=W(FCC_A1#1,MN), col-12=W(FCC_A1#1,NI), col-13=W(FCC_A1#1,SI),
   col-14=NP(CEMENTITE), col-15=NP(FCC_A1#1),
   1.10646E+03   6.72275E-02   7.00544E-02   8.58449E-01   1.84189E-06 
    4.26715E-03   0.00000E+00   9.00000E-03   7.50075E-03   9.53497E-01 
    1.00000E-06   3.00000E-02   1.00000E-06   5.59371E-08   1.00000E+00  NONE
   1.10300E+03   6.72276E-02   7.00414E-02   8.58493E-01   1.84621E-06 
    4.23616E-03   0.00000E+00   8.90725E-03   7.40113E-03   9.53649E-01 
    9.98652E-07   3.00410E-02   1.00159E-06   1.92697E-03   9.98073E-01  NONE
   1.09300E+03   6.72276E-02   6.99913E-02   8.58632E-01   1.85893E-06 
    4.14694E-03   0.00000E+00   8.64192E-03   7.11645E-03   9.54081E-01 
    9.94718E-07   3.01590E-02   1.00615E-06   7.40558E-03   9.92594E-01  NONE
   1.08300E+03   6.72275E-02   6.99230E-02   8.58789E-01   1.87202E-06 
    4.05822E-03   0.00000E+00   8.38069E-03   6.83683E-03   9.54505E-01 
    9.90725E-07   3.02759E-02   1.01064E-06   1.27513E-02   9.87249E-01  NONE
   1.07300E+03   6.72274E-02   6.98366E-02   8.58964E-01   1.88548E-06 
    3.97001E-03   0.00000E+00   8.12354E-03   6.56245E-03   9.54920E-01 
    9.86671E-07   3.03918E-02   1.01505E-06   1.79674E-02   9.82033E-01  NONE
   1.06300E+03   6.72272E-02   6.97323E-02   8.59156E-01   1.89931E-06 
    3.88230E-03   0.00000E+00   7.87043E-03   6.29350E-03   9.55327E-01 
    9.82554E-07   3.05067E-02   1.01940E-06   2.30574E-02   9.76943E-01  NONE
   1.05300E+03   6.72269E-02   6.96106E-02   8.59366E-01   1.91353E-06 
    3.79510E-03   0.00000E+00   7.62134E-03   6.03015E-03   9.55726E-01 
    9.78370E-07   3.06205E-02   1.02368E-06   2.80243E-02   9.71976E-01  NONE
   1.04300E+03   6.72264E-02   6.94717E-02   8.59592E-01   1.92813E-06 
    3.70842E-03   0.00000E+00   7.37625E-03   5.77258E-03   9.56116E-01 
    9.74117E-07   3.07332E-02   1.02789E-06   3.28713E-02   9.67129E-01  NONE
   1.03300E+03   6.72260E-02   6.93160E-02   8.59834E-01   1.94313E-06 
    3.62224E-03   0.00000E+00   7.13513E-03   5.52092E-03   9.56497E-01 
    9.69793E-07   3.08448E-02   1.03203E-06   3.76011E-02   9.62399E-01  NONE
   1.02300E+03   6.72254E-02   6.91440E-02   8.60092E-01   1.95852E-06 
    3.53659E-03   0.00000E+00   6.89795E-03   5.27531E-03   9.56869E-01 
    9.65395E-07   3.09554E-02   1.03610E-06   4.22166E-02   9.57783E-01  NONE
   1.01300E+03   6.72247E-02   6.89562E-02   8.60366E-01   1.97433E-06 
    3.45146E-03   0.00000E+00   6.66471E-03   5.03588E-03   9.57233E-01 
    9.60921E-07   3.10648E-02   1.04011E-06   4.67204E-02   9.53280E-01  NONE
   1.00300E+03   6.72240E-02   6.87530E-02   8.60654E-01   1.99054E-06 
    3.36686E-03   0.00000E+00   6.43536E-03   4.80273E-03   9.57587E-01 
    9.56369E-07   3.11731E-02   1.04405E-06   5.11151E-02   9.48885E-01  NONE
   9.93000E+02   6.72232E-02   6.85352E-02   8.60957E-01   2.00718E-06 
    3.28279E-03   0.00000E+00   6.20991E-03   4.57595E-03   9.57932E-01 
    9.51736E-07   3.12803E-02   1.04792E-06   5.54031E-02   9.44597E-01  NONE
   9.83000E+02   6.72223E-02   6.83033E-02   8.61273E-01   2.02424E-06 
    3.19926E-03   0.00000E+00   5.98834E-03   4.35562E-03   9.58268E-01 
    9.47019E-07   3.13863E-02   1.05173E-06   5.95867E-02   9.40413E-01  NONE
   9.76434E+02   6.72217E-02   6.81437E-02   8.61488E-01   2.03568E-06 
    3.14472E-03   0.00000E+00   5.84494E-03   4.21448E-03   9.58483E-01 
    9.43876E-07   3.14553E-02   1.05419E-06   6.22780E-02   9.37722E-01  NONE

 Phase Region for:
     BCC_A2                        
     CEMENTITE                     
     FCC_A1#1                      
 col-1=T, col-2=W(BCC_A2,C), col-3=W(BCC_A2,CR), col-4=W(BCC_A2,FE),
   col-5=W(BCC_A2,MN), col-6=W(BCC_A2,NI), col-7=W(BCC_A2,SI),
   col-8=W(CEMENTITE,C), col-9=W(CEMENTITE,CR), col-10=W(CEMENTITE,FE),
   col-11=W(CEMENTITE,MN), col-12=W(CEMENTITE,NI), col-13=W(CEMENTITE,SI),
   col-14=W(FCC_A1#1,C), col-15=W(FCC_A1#1,CR), col-16=W(FCC_A1#1,FE),
   col-17=W(FCC_A1#1,MN), col-18=W(FCC_A1#1,NI), col-19=W(FCC_A1#1,SI),
   col-20=NP(BCC_A2), col-21=NP(CEMENTITE), col-22=NP(FCC_A1#1),
   9.76434E+02   1.23646E-04   2.14026E-03   9.84520E-01   1.99668E-07 
    1.32138E-02   1.68746E-06   6.72217E-02   6.81436E-02   8.61488E-01 
    2.03568E-06   3.14472E-03   0.00000E+00   5.84494E-03   4.21447E-03 
    9.58483E-01   9.43879E-07   3.14554E-02   1.05419E-06   3.79121E-06 
    6.22785E-02   9.37718E-01
   9.73000E+02   1.20293E-04   1.97828E-03   9.83610E-01   2.10378E-07 
    1.42897E-02   1.57384E-06   6.72009E-02   6.41475E-02   8.65196E-01 
    2.19433E-06   3.45373E-03   0.00000E+00   5.78883E-03   3.89651E-03 
    9.55815E-01   1.02732E-06   3.44972E-02   9.90524E-07   1.20690E-01 
    7.72544E-02   8.02055E-01
   9.63000E+02   1.09672E-04   1.66768E-03   9.80740E-01   2.39605E-07 
    1.74814E-02   1.37449E-06   6.71622E-02   5.69209E-02   8.71554E-01 
    2.65225E-06   4.35990E-03   0.00000E+00   5.56180E-03   3.26803E-03 
    9.47128E-01   1.28927E-06   4.40403E-02   8.90237E-07   3.80957E-01 
    1.09692E-01   5.09351E-01
   9.53000E+02   9.89258E-05   1.48363E-03   9.77810E-01   2.65047E-07 
    2.06063E-02   1.27425E-06   6.71411E-02   5.32505E-02   8.74362E-01 
    3.09825E-06   5.24291E-03   0.00000E+00   5.28388E-03   2.87846E-03 
    9.37568E-01   1.57778E-06   5.42677E-02   8.55445E-07   5.46758E-01 
    1.29955E-01   3.23286E-01
   9.43000E+02   8.87086E-05   1.35817E-03   9.74976E-01   2.86815E-07 
    2.35756E-02   1.21889E-06   6.71286E-02   5.12696E-02   8.75514E-01 
    3.53483E-06   6.08391E-03   0.00000E+00   4.98292E-03   2.60243E-03 
    9.27434E-01   1.89678E-06   6.49779E-02   8.52512E-07   6.55603E-01 
    1.42712E-01   2.01685E-01
   9.33000E+02   7.92369E-05   1.26316E-03   9.72299E-01   3.05426E-07 
    2.63575E-02   1.18686E-06   6.71206E-02   5.01832E-02   8.75817E-01 
    3.96783E-06   6.87555E-03   0.00000E+00   4.67150E-03   2.38717E-03 
    9.16847E-01   2.25377E-06   7.60915E-02   8.68575E-07   7.29239E-01 
    1.50850E-01   1.19910E-01
   9.23000E+02   7.05648E-05   1.18550E-03   9.69800E-01   3.21422E-07 
    2.89420E-02   1.16830E-06   6.71154E-02   4.96138E-02   8.75652E-01 
    4.40352E-06   7.61486E-03   0.00000E+00   4.35637E-03   2.20798E-03 
    9.05858E-01   2.65842E-06   8.75745E-02   8.98172E-07   7.80210E-01 
    1.56078E-01   6.37113E-02
   9.13000E+02   6.26812E-05   1.11844E-03   9.67489E-01   3.35291E-07 
    3.13284E-02   1.15815E-06   6.71119E-02   4.93625E-02   8.75220E-01 
    4.84818E-06   8.30079E-03   0.00000E+00   4.04185E-03   2.05221E-03 
    8.94494E-01   3.12261E-06   9.94083E-02   9.38927E-07   8.16035E-01 
    1.59426E-01   2.45390E-02
   9.04262E+02   5.64080E-05   1.06553E-03   9.65622E-01   3.46015E-07 
    3.32542E-02   1.15391E-06   6.71099E-02   4.93128E-02   8.74716E-01 
    5.24919E-06   8.85644E-03   0.00000E+00   3.77006E-03   1.92969E-03 
    8.84271E-01   3.58837E-06   1.10025E-01   9.82956E-07   8.38676E-01 
    1.61324E-01   0.00000E+00

 Phase Region for:
     BCC_A2                        
     CEMENTITE                     
 col-1=T, col-2=W(BCC_A2,C), col-3=W(BCC_A2,CR), col-4=W(BCC_A2,FE),
   col-5=W(BCC_A2,MN), col-6=W(BCC_A2,NI), col-7=W(BCC_A2,SI),
   col-8=W(CEMENTITE,C), col-9=W(CEMENTITE,CR), col-10=W(CEMENTITE,FE),
   col-11=W(CEMENTITE,MN), col-12=W(CEMENTITE,NI), col-13=W(CEMENTITE,SI),
   col-14=NP(BCC_A2), col-15=NP(CEMENTITE),
   9.04262E+02   5.64080E-05   1.06553E-03   9.65622E-01   3.46015E-07 
    3.32542E-02   1.15391E-06   6.71099E-02   4.93128E-02   8.74716E-01 
    5.24919E-06   8.85644E-03   0.00000E+00   8.38676E-01   1.61324E-01  NONE
   9.03000E+02   5.55660E-05   1.05840E-03   9.65630E-01   3.43916E-07 
    3.32542E-02   1.15392E-06   6.71101E-02   4.93553E-02   8.74671E-01 
    5.26244E-06   8.85783E-03   0.00000E+00   8.38663E-01   1.61337E-01  NONE
   8.93000E+02   4.92640E-05   1.00274E-03   9.65692E-01   3.27498E-07 
    3.32550E-02   1.15403E-06   6.71117E-02   4.96884E-02   8.74327E-01 
    5.36615E-06   8.86749E-03   0.00000E+00   8.38564E-01   1.61436E-01  NONE
   8.83000E+02   4.35835E-05   9.48583E-04   9.65751E-01   3.11480E-07 
    3.32558E-02   1.15412E-06   6.71133E-02   5.00142E-02   8.73992E-01 
    5.46743E-06   8.87486E-03   0.00000E+00   8.38476E-01   1.61524E-01  NONE
   8.73000E+02   3.84720E-05   8.95955E-04   9.65807E-01   2.95869E-07 
    3.32568E-02   1.15420E-06   6.71149E-02   5.03324E-02   8.73667E-01 
    5.56624E-06   8.88001E-03   0.00000E+00   8.38396E-01   1.61604E-01  NONE
   8.63000E+02   3.38807E-05   8.44885E-04   9.65862E-01   2.80669E-07 
    3.32579E-02   1.15428E-06   6.71164E-02   5.06426E-02   8.73352E-01 
    5.66254E-06   8.88296E-03   0.00000E+00   8.38324E-01   1.61676E-01  NONE
   8.53000E+02   2.97647E-05   7.95400E-04   9.65914E-01   2.65887E-07 
    3.32592E-02   1.15435E-06   6.71179E-02   5.09445E-02   8.73048E-01 
    5.75629E-06   8.88375E-03   0.00000E+00   8.38260E-01   1.61740E-01  NONE
   8.43000E+02   2.60821E-05   7.47525E-04   9.65964E-01   2.51528E-07 
    3.32607E-02   1.15441E-06   6.71193E-02   5.12378E-02   8.72755E-01 
    5.84746E-06   8.88240E-03   0.00000E+00   8.38202E-01   1.61798E-01  NONE
   8.33000E+02   2.27942E-05   7.01281E-04   9.66012E-01   2.37596E-07 
    3.32623E-02   1.15446E-06   6.71208E-02   5.15223E-02   8.72472E-01 
    5.93600E-06   8.87893E-03   0.00000E+00   8.38151E-01   1.61849E-01  NONE
   8.23000E+02   1.98654E-05   6.56688E-04   9.66058E-01   2.24098E-07 
    3.32642E-02   1.15450E-06   6.71222E-02   5.17976E-02   8.72201E-01 
    6.02187E-06   8.87333E-03   0.00000E+00   8.38105E-01   1.61895E-01  NONE
   8.13000E+02   1.72625E-05   6.13761E-04   9.66101E-01   2.11036E-07 
    3.32662E-02   1.15455E-06   6.71235E-02   5.20635E-02   8.71941E-01 
    6.10505E-06   8.86561E-03   0.00000E+00   8.38064E-01   1.61936E-01  NONE
   8.03000E+02   1.49551E-05   5.72512E-04   9.66143E-01   1.98415E-07 
    3.32685E-02   1.15458E-06   6.71248E-02   5.23199E-02   8.71693E-01 
    6.18550E-06   8.85575E-03   0.00000E+00   8.38028E-01   1.61972E-01  NONE
   7.93000E+02   1.29149E-05   5.32951E-04   9.66182E-01   1.86238E-07 
    3.32711E-02   1.15461E-06   6.71261E-02   5.25666E-02   8.71457E-01 
    6.26319E-06   8.84372E-03   0.00000E+00   8.37997E-01   1.62003E-01  NONE
   7.83000E+02   1.11159E-05   4.95081E-04   9.66219E-01   1.74508E-07 
    3.32738E-02   1.15464E-06   6.71273E-02   5.28034E-02   8.71233E-01 
    6.33810E-06   8.82952E-03   0.00000E+00   8.37968E-01   1.62032E-01  NONE
   7.73000E+02   9.53420E-06   4.58904E-04   9.66253E-01   1.63226E-07 
    3.32769E-02   1.15467E-06   6.71285E-02   5.30303E-02   8.71022E-01 
    6.41022E-06   8.81308E-03   0.00000E+00   8.37944E-01   1.62056E-01  NONE
   7.63000E+02   8.14778E-06   4.24415E-04   9.66286E-01   1.52393E-07 
    3.32802E-02   1.15469E-06   6.71296E-02   5.32471E-02   8.70822E-01 
    6.47952E-06   8.79439E-03   0.00000E+00   8.37922E-01   1.62078E-01  NONE
   7.53000E+02   6.93641E-06   3.91607E-04   9.66316E-01   1.42009E-07 
    3.32838E-02   1.15470E-06   6.71307E-02   5.34539E-02   8.70636E-01 
    6.54601E-06   8.77337E-03   0.00000E+00   8.37903E-01   1.62097E-01  NONE
   7.43000E+02   5.88155E-06   3.60466E-04   9.66345E-01   1.32073E-07 
    3.32878E-02   1.15472E-06   6.71317E-02   5.36506E-02   8.70461E-01 
    6.60967E-06   8.74999E-03   0.00000E+00   8.37887E-01   1.62113E-01  NONE
   7.33000E+02   4.96623E-06   3.30977E-04   9.66371E-01   1.22584E-07 
    3.32921E-02   1.15473E-06   6.71327E-02   5.38373E-02   8.70299E-01 
    6.67053E-06   8.72415E-03   0.00000E+00   8.37872E-01   1.62128E-01  NONE
   7.23000E+02   4.17497E-06   3.03118E-04   9.66395E-01   1.13539E-07 
    3.32967E-02   1.15474E-06   6.71337E-02   5.40140E-02   8.70150E-01 
    6.72858E-06   8.69581E-03   0.00000E+00   8.37860E-01   1.62140E-01  NONE
   7.13000E+02   3.49364E-06   2.76863E-04   9.66417E-01   1.04933E-07 
    3.33017E-02   1.15475E-06   6.71346E-02   5.41809E-02   8.70013E-01 
    6.78385E-06   8.66486E-03   0.00000E+00   8.37849E-01   1.62151E-01  NONE
   7.03000E+02   2.90938E-06   2.52184E-04   9.66437E-01   9.67621E-08 
    3.33070E-02   1.15476E-06   6.71355E-02   5.43380E-02   8.69888E-01 
    6.83635E-06   8.63123E-03   0.00000E+00   8.37840E-01   1.62160E-01  NONE
   6.93000E+02   2.41056E-06   2.29046E-04   9.66454E-01   8.90208E-08 
    3.33128E-02   1.15477E-06   6.71364E-02   5.44856E-02   8.69776E-01 
    6.88614E-06   8.59482E-03   0.00000E+00   8.37833E-01   1.62167E-01  NONE
   6.83000E+02   1.98664E-06   2.07412E-04   9.66470E-01   8.17022E-08 
    3.33190E-02   1.15477E-06   6.71372E-02   5.46238E-02   8.69677E-01 
    6.93323E-06   8.55552E-03   0.00000E+00   8.37826E-01   1.62174E-01  NONE
   6.73000E+02   1.62813E-06   1.87242E-04   9.66484E-01   7.47988E-08 
    3.33256E-02   1.15478E-06   6.71380E-02   5.47529E-02   8.69589E-01 
    6.97767E-06   8.51322E-03   0.00000E+00   8.37820E-01   1.62180E-01  NONE
