
 Phase Region for:
     FCC_A1#2                      
 col-1=T, col-2=W(FCC_A1#2,C), col-3=W(FCC_A1#2,CR), col-4=W(FCC_A1#2,FE),
   col-5=W(FCC_A1#2,MN), col-6=W(FCC_A1#2,NI), col-7=W(FCC_A1#2,SI),
   col-8=NP(FCC_A1#2),
   1.17300E+03   9.00000E-03   1.00000E-06   9.83496E-01   1.00000E-06 
    1.00000E-06   7.50075E-03   1.00000E+00
   1.18300E+03   9.00000E-03   1.00000E-06   9.83496E-01   1.00000E-06 
    1.00000E-06   7.50075E-03   1.00000E+00
   1.19300E+03   9.00000E-03   1.00000E-06   9.83496E-01   1.00000E-06 
    1.00000E-06   7.50075E-03   1.00000E+00
   1.20300E+03   9.00000E-03   1.00000E-06   9.83496E-01   1.00000E-06 
    1.00000E-06   7.50075E-03   1.00000E+00
   1.21300E+03   9.00000E-03   1.00000E-06   9.83496E-01   1.00000E-06 
    1.00000E-06   7.50075E-03   1.00000E+00
   1.22300E+03   9.00000E-03   1.00000E-06   9.83496E-01   1.00000E-06 
    1.00000E-06   7.50075E-03   1.00000E+00
   1.23300E+03   9.00000E-03   1.00000E-06   9.83496E-01   1.00000E-06 
    1.00000E-06   7.50075E-03   1.00000E+00
   1.24300E+03   9.00000E-03   1.00000E-06   9.83496E-01   1.00000E-06 
    1.00000E-06   7.50075E-03   1.00000E+00
   1.25300E+03   9.00000E-03   1.00000E-06   9.83496E-01   1.00000E-06 
    1.00000E-06   7.50075E-03   1.00000E+00
   1.26300E+03   9.00000E-03   1.00000E-06   9.83496E-01   1.00000E-06 
    1.00000E-06   7.50075E-03   1.00000E+00
   1.27300E+03   9.00000E-03   1.00000E-06   9.83496E-01   1.00000E-06 
    1.00000E-06   7.50075E-03   1.00000E+00
   1.28300E+03   9.00000E-03   1.00000E-06   9.83496E-01   1.00000E-06 
    1.00000E-06   7.50075E-03   1.00000E+00
   1.29300E+03   9.00000E-03   1.00000E-06   9.83496E-01   1.00000E-06 
    1.00000E-06   7.50075E-03   1.00000E+00
   1.30300E+03   9.00000E-03   1.00000E-06   9.83496E-01   1.00000E-06 
    1.00000E-06   7.50075E-03   1.00000E+00
   1.31300E+03   9.00000E-03   1.00000E-06   9.83496E-01   1.00000E-06 
    1.00000E-06   7.50075E-03   1.00000E+00
   1.32300E+03   9.00000E-03   1.00000E-06   9.83496E-01   1.00000E-06 
    1.00000E-06   7.50075E-03   1.00000E+00
   1.33300E+03   9.00000E-03   1.00000E-06   9.83496E-01   1.00000E-06 
    1.00000E-06   7.50075E-03   1.00000E+00
   1.34300E+03   9.00000E-03   1.00000E-06   9.83496E-01   1.00000E-06 
    1.00000E-06   7.50075E-03   1.00000E+00
   1.35300E+03   9.00000E-03   1.00000E-06   9.83496E-01   1.00000E-06 
    1.00000E-06   7.50075E-03   1.00000E+00
   1.36300E+03   9.00000E-03   1.00000E-06   9.83496E-01   1.00000E-06 
    1.00000E-06   7.50075E-03   1.00000E+00
   1.37300E+03   9.00000E-03   1.00000E-06   9.83496E-01   1.00000E-06 
    1.00000E-06   7.50075E-03   1.00000E+00
   1.38300E+03   9.00000E-03   1.00000E-06   9.83496E-01   1.00000E-06 
    1.00000E-06   7.50075E-03   1.00000E+00
   1.39300E+03   9.00000E-03   1.00000E-06   9.83496E-01   1.00000E-06 
    1.00000E-06   7.50075E-03   1.00000E+00
   1.40300E+03   9.00000E-03   1.00000E-06   9.83496E-01   1.00000E-06 
    1.00000E-06   7.50075E-03   1.00000E+00
   1.41300E+03   9.00000E-03   1.00000E-06   9.83496E-01   1.00000E-06 
    1.00000E-06   7.50075E-03   1.00000E+00
   1.42300E+03   9.00000E-03   1.00000E-06   9.83496E-01   1.00000E-06 
    1.00000E-06   7.50075E-03   1.00000E+00
   1.43300E+03   9.00000E-03   1.00000E-06   9.83496E-01   1.00000E-06 
    1.00000E-06   7.50075E-03   1.00000E+00
   1.44300E+03   9.00000E-03   1.00000E-06   9.83496E-01   1.00000E-06 
    1.00000E-06   7.50075E-03   1.00000E+00
   1.45300E+03   9.00000E-03   1.00000E-06   9.83496E-01   1.00000E-06 
    1.00000E-06   7.50075E-03   1.00000E+00
   1.46300E+03   9.00000E-03   1.00000E-06   9.83496E-01   1.00000E-06 
    1.00000E-06   7.50075E-03   1.00000E+00
   1.47300E+03   9.00000E-03   1.00000E-06   9.83496E-01   1.00000E-06 
    1.00000E-06   7.50075E-03   1.00000E+00

 Phase Region for:
     FCC_A1#2                      
 col-1=T, col-2=W(FCC_A1#2,C), col-3=W(FCC_A1#2,CR), col-4=W(FCC_A1#2,FE),
   col-5=W(FCC_A1#2,MN), col-6=W(FCC_A1#2,NI), col-7=W(FCC_A1#2,SI),
   col-8=NP(FCC_A1#2),
   1.17300E+03   9.00000E-03   1.00000E-06   9.83496E-01   1.00000E-06 
    1.00000E-06   7.50075E-03   1.00000E+00
   1.16300E+03   9.00000E-03   1.00000E-06   9.83496E-01   1.00000E-06 
    1.00000E-06   7.50075E-03   1.00000E+00
   1.15300E+03   9.00000E-03   1.00000E-06   9.83496E-01   1.00000E-06 
    1.00000E-06   7.50075E-03   1.00000E+00
   1.14300E+03   9.00000E-03   1.00000E-06   9.83496E-01   1.00000E-06 
    1.00000E-06   7.50075E-03   1.00000E+00
   1.13300E+03   9.00000E-03   1.00000E-06   9.83496E-01   1.00000E-06 
    1.00000E-06   7.50075E-03   1.00000E+00
   1.12300E+03   9.00000E-03   1.00000E-06   9.83496E-01   1.00000E-06 
    1.00000E-06   7.50075E-03   1.00000E+00
   1.11300E+03   9.00000E-03   1.00000E-06   9.83496E-01   1.00000E-06 
    1.00000E-06   7.50075E-03   1.00000E+00
   1.10300E+03   9.00000E-03   1.00000E-06   9.83496E-01   1.00000E-06 
    1.00000E-06   7.50075E-03   1.00000E+00
   1.09300E+03   9.00000E-03   1.00000E-06   9.83496E-01   1.00000E-06 
    1.00000E-06   7.50075E-03   1.00000E+00
   1.08300E+03   9.00000E-03   1.00000E-06   9.83496E-01   1.00000E-06 
    1.00000E-06   7.50075E-03   1.00000E+00
   1.07573E+03   9.00000E-03   1.00000E-06   9.83496E-01   1.00000E-06 
    1.00000E-06   7.50075E-03   1.00000E+00

 Phase Region for:
     CEMENTITE                     
     FCC_A1#2                      
 col-1=T, col-2=W(CEMENTITE,C), col-3=W(CEMENTITE,CR), col-4=W(CEMENTITE,FE),
   col-5=W(CEMENTITE,MN), col-6=W(CEMENTITE,NI), col-7=W(CEMENTITE,SI),
   col-8=W(FCC_A1#2,C), col-9=W(FCC_A1#2,CR), col-10=W(FCC_A1#2,FE),
   col-11=W(FCC_A1#2,MN), col-12=W(FCC_A1#2,NI), col-13=W(FCC_A1#2,SI),
   col-14=NP(CEMENTITE), col-15=NP(FCC_A1#2),
   1.07573E+03   6.68943E-02   8.99654E-06   9.33094E-01   2.12227E-06 
    1.61478E-07   0.00000E+00   9.00000E-03   1.00000E-06   9.83496E-01 
    1.00000E-06   1.00000E-06   7.50075E-03   5.53574E-08   1.00000E+00
   1.07300E+03   6.68943E-02   8.99648E-06   9.33094E-01   2.12682E-06 
    1.60552E-07   0.00000E+00   8.92684E-03   9.89895E-07   9.83560E-01 
    9.98576E-07   1.00106E-06   7.51023E-03   1.50942E-03   9.98491E-01
   1.06300E+03   6.68943E-02   8.99432E-06   9.33094E-01   2.14374E-06 
    1.57170E-07   0.00000E+00   8.66130E-03   9.53231E-07   9.83791E-01 
    9.93309E-07   1.00493E-06   7.54463E-03   6.95614E-03   9.93044E-01
   1.05300E+03   6.68943E-02   8.98912E-06   9.33094E-01   2.16110E-06 
    1.53795E-07   0.00000E+00   8.39892E-03   9.17054E-07   9.84020E-01 
    9.87945E-07   1.00879E-06   7.57863E-03   1.22896E-02   9.87710E-01
   1.04300E+03   6.68943E-02   8.98095E-06   9.33094E-01   2.17889E-06 
    1.50428E-07   0.00000E+00   8.13971E-03   8.81406E-07   9.84245E-01 
    9.82482E-07   1.01262E-06   7.61221E-03   1.75117E-02   9.82488E-01
   1.03300E+03   6.68943E-02   8.96988E-06   9.33094E-01   2.19713E-06 
    1.47070E-07   0.00000E+00   7.88370E-03   8.46327E-07   9.84468E-01 
    9.76917E-07   1.01645E-06   7.64538E-03   2.26245E-02   9.77375E-01
   1.02300E+03   6.68943E-02   8.95600E-06   9.33094E-01   2.21583E-06 
    1.43722E-07   0.00000E+00   7.63090E-03   8.11854E-07   9.84688E-01 
    9.71248E-07   1.02025E-06   7.67813E-03   2.76298E-02   9.72370E-01
   1.01803E+03   6.68943E-02   8.94808E-06   9.33094E-01   2.22530E-06 
    1.42063E-07   0.00000E+00   7.50653E-03   7.94967E-07   9.84796E-01 
    9.68392E-07   1.02213E-06   7.69424E-03   3.00765E-02   9.69923E-01

 Phase Region for:
     BCC_A2                        
     CEMENTITE                     
     FCC_A1#2                      
 col-1=T, col-2=W(BCC_A2,C), col-3=W(BCC_A2,CR), col-4=W(BCC_A2,FE),
   col-5=W(BCC_A2,MN), col-6=W(BCC_A2,NI), col-7=W(BCC_A2,SI),
   col-8=W(CEMENTITE,C), col-9=W(CEMENTITE,CR), col-10=W(CEMENTITE,FE),
   col-11=W(CEMENTITE,MN), col-12=W(CEMENTITE,NI), col-13=W(CEMENTITE,SI),
   col-14=W(FCC_A1#2,C), col-15=W(FCC_A1#2,CR), col-16=W(FCC_A1#2,FE),
   col-17=W(FCC_A1#2,MN), col-18=W(FCC_A1#2,NI), col-19=W(FCC_A1#2,SI),
   col-20=NP(BCC_A2), col-21=NP(CEMENTITE), col-22=NP(FCC_A1#2),
   1.01803E+03   2.06574E-04   3.97541E-07   9.87678E-01   3.09989E-07 
    5.16876E-07   1.21142E-02   6.68943E-02   8.94803E-06   9.33094E-01 
    2.22532E-06   1.42064E-07   0.00000E+00   7.50653E-03   7.94961E-07 
    9.84796E-01   9.68397E-07   1.02214E-06   7.69420E-03   1.16867E-05 
    3.00783E-02   9.69910E-01
   1.01300E+03   2.01986E-04   2.60758E-07   9.90762E-01   4.73006E-07 
    9.49974E-07   9.03482E-03   6.68943E-02   6.26586E-06   9.33095E-01 
    3.72069E-06   2.63359E-07   0.00000E+00   7.53620E-03   5.32609E-07 
    9.86930E-01   1.55340E-06   1.90622E-06   5.53016E-03   7.24828E-01 
    1.39851E-01   1.35321E-01
   1.01238E+03   2.01430E-04   2.45979E-07   9.91156E-01   5.21365E-07 
    1.10535E-06   8.64069E-03   6.68943E-02   5.96144E-06   9.33095E-01 
    4.14940E-06   3.06831E-07   0.00000E+00   7.54002E-03   5.03872E-07 
    9.87194E-01   1.72323E-06   2.22217E-06   5.26189E-03   8.42217E-01 
    1.57783E-01   0.00000E+00

 Phase Region for:
     BCC_A2                        
     CEMENTITE                     
 col-1=T, col-2=W(BCC_A2,C), col-3=W(BCC_A2,CR), col-4=W(BCC_A2,FE),
   col-5=W(BCC_A2,MN), col-6=W(BCC_A2,NI), col-7=W(BCC_A2,SI),
   col-8=W(CEMENTITE,C), col-9=W(CEMENTITE,CR), col-10=W(CEMENTITE,FE),
   col-11=W(CEMENTITE,MN), col-12=W(CEMENTITE,NI), col-13=W(CEMENTITE,SI),
   col-14=NP(BCC_A2), col-15=NP(CEMENTITE),
   1.01238E+03   2.01430E-04   2.45979E-07   9.91156E-01   5.21365E-07 
    1.10535E-06   8.64069E-03   6.68943E-02   5.96144E-06   9.33095E-01 
    4.14940E-06   3.06831E-07   0.00000E+00   8.42217E-01   1.57783E-01  NONE
   1.00300E+03   1.83208E-04   2.36530E-07   9.91172E-01   5.02124E-07 
    1.10528E-06   8.64305E-03   6.68943E-02   6.01323E-06   9.33095E-01 
    4.26924E-06   3.08672E-07   0.00000E+00   8.41933E-01   1.58067E-01  NONE
   9.93000E+02   1.65382E-04   2.26651E-07   9.91187E-01   4.81984E-07 
    1.10521E-06   8.64536E-03   6.68943E-02   6.06785E-06   9.33095E-01 
    4.39462E-06   3.10516E-07   0.00000E+00   8.41656E-01   1.58344E-01  NONE
   9.83000E+02   1.49090E-04   2.16975E-07   9.91202E-01   4.62245E-07 
    1.10514E-06   8.64747E-03   6.68943E-02   6.12181E-06   9.33095E-01 
    4.51749E-06   3.12244E-07   0.00000E+00   8.41403E-01   1.58597E-01  NONE
   9.73000E+02   1.34211E-04   2.07503E-07   9.91215E-01   4.42909E-07 
    1.10507E-06   8.64940E-03   6.68943E-02   6.17507E-06   9.33095E-01 
    4.63785E-06   3.13861E-07   0.00000E+00   8.41172E-01   1.58828E-01  NONE
   9.63000E+02   1.20636E-04   1.98235E-07   9.91226E-01   4.23983E-07 
    1.10500E-06   8.65115E-03   6.68943E-02   6.22758E-06   9.33094E-01 
    4.75569E-06   3.15372E-07   0.00000E+00   8.40961E-01   1.59039E-01  NONE
   9.53000E+02   1.08263E-04   1.89172E-07   9.91237E-01   4.05469E-07 
    1.10493E-06   8.65276E-03   6.68943E-02   6.27932E-06   9.33094E-01 
    4.87100E-06   3.16782E-07   0.00000E+00   8.40769E-01   1.59231E-01  NONE
   9.43000E+02   9.69977E-05   1.80315E-07   9.91247E-01   3.87372E-07 
    1.10486E-06   8.65422E-03   6.68943E-02   6.33023E-06   9.33094E-01 
    4.98379E-06   3.18095E-07   0.00000E+00   8.40594E-01   1.59406E-01  NONE
   9.33000E+02   8.67533E-05   1.71667E-07   9.91256E-01   3.69696E-07 
    1.10480E-06   8.65554E-03   6.68943E-02   6.38028E-06   9.33094E-01 
    5.09402E-06   3.19315E-07   0.00000E+00   8.40435E-01   1.59565E-01  NONE
   9.23000E+02   7.74490E-05   1.63229E-07   9.91264E-01   3.52443E-07 
    1.10473E-06   8.65675E-03   6.68943E-02   6.42942E-06   9.33094E-01 
    5.20170E-06   3.20444E-07   0.00000E+00   8.40291E-01   1.59709E-01  NONE
   9.13000E+02   6.90102E-05   1.55004E-07   9.91272E-01   3.35619E-07 
    1.10467E-06   8.65784E-03   6.68943E-02   6.47761E-06   9.33094E-01 
    5.30679E-06   3.21485E-07   0.00000E+00   8.40160E-01   1.59840E-01  NONE
   9.03000E+02   6.13675E-05   1.46994E-07   9.91278E-01   3.19226E-07 
    1.10461E-06   8.65883E-03   6.68943E-02   6.52480E-06   9.33093E-01 
    5.40928E-06   3.22442E-07   0.00000E+00   8.40041E-01   1.59959E-01  NONE
   8.93000E+02   5.44566E-05   1.39204E-07   9.91284E-01   3.03269E-07 
    1.10456E-06   8.65973E-03   6.68943E-02   6.57095E-06   9.33093E-01 
    5.50914E-06   3.23314E-07   0.00000E+00   8.39934E-01   1.60066E-01  NONE
   8.83000E+02   4.82177E-05   1.31634E-07   9.91290E-01   2.87752E-07 
    1.10451E-06   8.66054E-03   6.68943E-02   6.61602E-06   9.33093E-01 
    5.60636E-06   3.24106E-07   0.00000E+00   8.39837E-01   1.60163E-01  NONE
   8.73000E+02   4.25954E-05   1.24289E-07   9.91295E-01   2.72677E-07 
    1.10446E-06   8.66127E-03   6.68943E-02   6.65997E-06   9.33093E-01 
    5.70090E-06   3.24816E-07   0.00000E+00   8.39750E-01   1.60250E-01  NONE
   8.63000E+02   3.75381E-05   1.17170E-07   9.91299E-01   2.58049E-07 
    1.10443E-06   8.66192E-03   6.68943E-02   6.70276E-06   9.33093E-01 
    5.79274E-06   3.25447E-07   0.00000E+00   8.39672E-01   1.60328E-01  NONE
   8.53000E+02   3.29981E-05   1.10281E-07   9.91303E-01   2.43869E-07 
    1.10439E-06   8.66251E-03   6.68943E-02   6.74436E-06   9.33093E-01 
    5.88186E-06   3.26000E-07   0.00000E+00   8.39602E-01   1.60398E-01  NONE
   8.43000E+02   2.89309E-05   1.03623E-07   9.91307E-01   2.30142E-07 
    1.10437E-06   8.66304E-03   6.68943E-02   6.78472E-06   9.33093E-01 
    5.96824E-06   3.26474E-07   0.00000E+00   8.39539E-01   1.60461E-01  NONE
   8.33000E+02   2.52952E-05   9.71983E-08   9.91310E-01   2.16868E-07 
    1.10435E-06   8.66351E-03   6.68943E-02   6.82382E-06   9.33092E-01 
    6.05185E-06   3.26869E-07   0.00000E+00   8.39482E-01   1.60518E-01  NONE
   8.23000E+02   2.20529E-05   9.10086E-08   9.91313E-01   2.04051E-07 
    1.10434E-06   8.66393E-03   6.68943E-02   6.86163E-06   9.33092E-01 
    6.13268E-06   3.27186E-07   0.00000E+00   8.39432E-01   1.60568E-01  NONE
   8.13000E+02   1.91684E-05   8.50550E-08   9.91315E-01   1.91691E-07 
    1.10433E-06   8.66430E-03   6.68943E-02   6.89813E-06   9.33092E-01 
    6.21071E-06   3.27425E-07   0.00000E+00   8.39387E-01   1.60613E-01  NONE
   8.03000E+02   1.66088E-05   7.93384E-08   9.91317E-01   1.79788E-07 
    1.10434E-06   8.66463E-03   6.68943E-02   6.93329E-06   9.33092E-01 
    6.28593E-06   3.27583E-07   0.00000E+00   8.39348E-01   1.60652E-01  NONE
   7.93000E+02   1.43438E-05   7.38591E-08   9.91319E-01   1.68343E-07 
    1.10435E-06   8.66493E-03   6.68943E-02   6.96710E-06   9.33092E-01 
    6.35834E-06   3.27661E-07   0.00000E+00   8.39313E-01   1.60687E-01  NONE
   7.83000E+02   1.23450E-05   6.86171E-08   9.91321E-01   1.57355E-07 
    1.10438E-06   8.66518E-03   6.68943E-02   6.99954E-06   9.33092E-01 
    6.42793E-06   3.27657E-07   0.00000E+00   8.39282E-01   1.60718E-01  NONE
   7.73000E+02   1.05866E-05   6.36116E-08   9.91323E-01   1.46822E-07 
    1.10441E-06   8.66541E-03   6.68943E-02   7.03060E-06   9.33092E-01 
    6.49470E-06   3.27570E-07   0.00000E+00   8.39255E-01   1.60745E-01  NONE
   7.63000E+02   9.04455E-06   5.88416E-08   9.91324E-01   1.36742E-07 
    1.10445E-06   8.66561E-03   6.68943E-02   7.06028E-06   9.33092E-01 
    6.55867E-06   3.27398E-07   0.00000E+00   8.39231E-01   1.60769E-01  NONE
   7.53000E+02   7.69667E-06   5.43054E-08   9.91325E-01   1.27112E-07 
    1.10451E-06   8.66579E-03   6.68943E-02   7.08858E-06   9.33092E-01 
    6.61983E-06   3.27140E-07   0.00000E+00   8.39210E-01   1.60790E-01  NONE
   7.43000E+02   6.52267E-06   5.00007E-08   9.91326E-01   1.17928E-07 
    1.10458E-06   8.66594E-03   6.68943E-02   7.11549E-06   9.33092E-01 
    6.67822E-06   3.26793E-07   0.00000E+00   8.39192E-01   1.60808E-01  NONE
   7.33000E+02   5.50389E-06   4.59249E-08   9.91327E-01   1.09186E-07 
    1.10466E-06   8.66607E-03   6.68943E-02   7.14104E-06   9.33091E-01 
    6.73385E-06   3.26354E-07   0.00000E+00   8.39176E-01   1.60824E-01  NONE
   7.23000E+02   4.62323E-06   4.20747E-08   9.91328E-01   1.00879E-07 
    1.10475E-06   8.66619E-03   6.68943E-02   7.16521E-06   9.33091E-01 
    6.78675E-06   3.25822E-07   0.00000E+00   8.39162E-01   1.60838E-01  NONE
   7.13000E+02   3.86509E-06   3.84461E-08   9.91329E-01   9.30012E-08 
    1.10486E-06   8.66628E-03   6.68943E-02   7.18805E-06   9.33091E-01 
    6.83696E-06   3.25193E-07   0.00000E+00   8.39151E-01   1.60849E-01  NONE
   7.03000E+02   3.21521E-06   3.50350E-08   9.91329E-01   8.55456E-08 
    1.10498E-06   8.66637E-03   6.68943E-02   7.20955E-06   9.33091E-01 
    6.88451E-06   3.24465E-07   0.00000E+00   8.39141E-01   1.60859E-01  NONE
   6.93000E+02   2.66067E-06   3.18365E-08   9.91330E-01   7.85041E-08 
    1.10511E-06   8.66644E-03   6.68943E-02   7.22975E-06   9.33091E-01 
    6.92946E-06   3.23634E-07   0.00000E+00   8.39132E-01   1.60868E-01  NONE
   6.83000E+02   2.18973E-06   2.88453E-08   9.91330E-01   7.18680E-08 
    1.10527E-06   8.66650E-03   6.68943E-02   7.24867E-06   9.33091E-01 
    6.97185E-06   3.22696E-07   0.00000E+00   8.39125E-01   1.60875E-01  NONE
   6.73000E+02   1.79181E-06   2.60556E-08   9.91330E-01   6.56277E-08 
    1.10543E-06   8.66655E-03   6.68943E-02   7.26634E-06   9.33091E-01 
    7.01173E-06   3.21648E-07   0.00000E+00   8.39119E-01   1.60881E-01  NONE
