
 Phase Region for:
     FCC_A1#1                      
 col-1=T, col-2=X(FCC_A1#1,C), col-3=X(FCC_A1#1,CR), col-4=X(FCC_A1#1,FE),
   col-5=X(FCC_A1#1,MN), col-6=X(FCC_A1#1,NI), col-7=X(FCC_A1#1,SI),
   col-8=NP(FCC_A1#1),
   1.17300E+03   4.02507E-02   1.03310E-06   9.33960E-01   9.77772E-07 
    1.14415E-02   1.43458E-02   1.00000E+00
   1.18300E+03   4.02507E-02   1.03310E-06   9.33960E-01   9.77772E-07 
    1.14415E-02   1.43458E-02   1.00000E+00
   1.19300E+03   4.02507E-02   1.03310E-06   9.33960E-01   9.77772E-07 
    1.14415E-02   1.43458E-02   1.00000E+00
   1.20300E+03   4.02507E-02   1.03310E-06   9.33960E-01   9.77772E-07 
    1.14415E-02   1.43458E-02   1.00000E+00
   1.21300E+03   4.02507E-02   1.03310E-06   9.33960E-01   9.77772E-07 
    1.14415E-02   1.43458E-02   1.00000E+00
   1.22300E+03   4.02507E-02   1.03310E-06   9.33960E-01   9.77772E-07 
    1.14415E-02   1.43458E-02   1.00000E+00
   1.23300E+03   4.02507E-02   1.03310E-06   9.33960E-01   9.77772E-07 
    1.14415E-02   1.43458E-02   1.00000E+00
   1.24300E+03   4.02507E-02   1.03310E-06   9.33960E-01   9.77772E-07 
    1.14415E-02   1.43458E-02   1.00000E+00
   1.25300E+03   4.02507E-02   1.03310E-06   9.33960E-01   9.77772E-07 
    1.14415E-02   1.43458E-02   1.00000E+00
   1.26300E+03   4.02507E-02   1.03310E-06   9.33960E-01   9.77772E-07 
    1.14415E-02   1.43458E-02   1.00000E+00
   1.27300E+03   4.02507E-02   1.03310E-06   9.33960E-01   9.77772E-07 
    1.14415E-02   1.43458E-02   1.00000E+00
   1.28300E+03   4.02507E-02   1.03310E-06   9.33960E-01   9.77772E-07 
    1.14415E-02   1.43458E-02   1.00000E+00
   1.29300E+03   4.02507E-02   1.03310E-06   9.33960E-01   9.77772E-07 
    1.14415E-02   1.43458E-02   1.00000E+00
   1.30300E+03   4.02507E-02   1.03310E-06   9.33960E-01   9.77772E-07 
    1.14415E-02   1.43458E-02   1.00000E+00
   1.31300E+03   4.02507E-02   1.03310E-06   9.33960E-01   9.77772E-07 
    1.14415E-02   1.43458E-02   1.00000E+00
   1.32300E+03   4.02507E-02   1.03310E-06   9.33960E-01   9.77772E-07 
    1.14415E-02   1.43458E-02   1.00000E+00
   1.33300E+03   4.02507E-02   1.03310E-06   9.33960E-01   9.77772E-07 
    1.14415E-02   1.43458E-02   1.00000E+00
   1.34300E+03   4.02507E-02   1.03310E-06   9.33960E-01   9.77772E-07 
    1.14415E-02   1.43458E-02   1.00000E+00
   1.35300E+03   4.02507E-02   1.03310E-06   9.33960E-01   9.77772E-07 
    1.14415E-02   1.43458E-02   1.00000E+00
   1.36300E+03   4.02507E-02   1.03310E-06   9.33960E-01   9.77772E-07 
    1.14415E-02   1.43458E-02   1.00000E+00
   1.37300E+03   4.02507E-02   1.03310E-06   9.33960E-01   9.77772E-07 
    1.14415E-02   1.43458E-02   1.00000E+00
   1.38300E+03   4.02507E-02   1.03310E-06   9.33960E-01   9.77772E-07 
    1.14415E-02   1.43458E-02   1.00000E+00
   1.39300E+03   4.02507E-02   1.03310E-06   9.33960E-01   9.77772E-07 
    1.14415E-02   1.43458E-02   1.00000E+00
   1.40300E+03   4.02507E-02   1.03310E-06   9.33960E-01   9.77772E-07 
    1.14415E-02   1.43458E-02   1.00000E+00
   1.41300E+03   4.02507E-02   1.03310E-06   9.33960E-01   9.77772E-07 
    1.14415E-02   1.43458E-02   1.00000E+00
   1.42300E+03   4.02507E-02   1.03310E-06   9.33960E-01   9.77772E-07 
    1.14415E-02   1.43458E-02   1.00000E+00
   1.43300E+03   4.02507E-02   1.03310E-06   9.33960E-01   9.77772E-07 
    1.14415E-02   1.43458E-02   1.00000E+00
   1.44300E+03   4.02507E-02   1.03310E-06   9.33960E-01   9.77772E-07 
    1.14415E-02   1.43458E-02   1.00000E+00
   1.45300E+03   4.02507E-02   1.03310E-06   9.33960E-01   9.77772E-07 
    1.14415E-02   1.43458E-02   1.00000E+00
   1.46300E+03   4.02507E-02   1.03310E-06   9.33960E-01   9.77772E-07 
    1.14415E-02   1.43458E-02   1.00000E+00
   1.47300E+03   4.02507E-02   1.03310E-06   9.33960E-01   9.77772E-07 
    1.14415E-02   1.43458E-02   1.00000E+00

 Phase Region for:
     FCC_A1#1                      
 col-1=T, col-2=X(FCC_A1#1,C), col-3=X(FCC_A1#1,CR), col-4=X(FCC_A1#1,FE),
   col-5=X(FCC_A1#1,MN), col-6=X(FCC_A1#1,NI), col-7=X(FCC_A1#1,SI),
   col-8=NP(FCC_A1#1),
   1.17300E+03   4.02507E-02   1.03310E-06   9.33960E-01   9.77772E-07 
    1.14415E-02   1.43458E-02   1.00000E+00
   1.16300E+03   4.02507E-02   1.03310E-06   9.33960E-01   9.77772E-07 
    1.14415E-02   1.43458E-02   1.00000E+00
   1.15300E+03   4.02507E-02   1.03310E-06   9.33960E-01   9.77772E-07 
    1.14415E-02   1.43458E-02   1.00000E+00
   1.14300E+03   4.02507E-02   1.03310E-06   9.33960E-01   9.77772E-07 
    1.14415E-02   1.43458E-02   1.00000E+00
   1.13300E+03   4.02507E-02   1.03310E-06   9.33960E-01   9.77772E-07 
    1.14415E-02   1.43458E-02   1.00000E+00
   1.12300E+03   4.02507E-02   1.03310E-06   9.33960E-01   9.77772E-07 
    1.14415E-02   1.43458E-02   1.00000E+00
   1.11300E+03   4.02507E-02   1.03310E-06   9.33960E-01   9.77772E-07 
    1.14415E-02   1.43458E-02   1.00000E+00
   1.10300E+03   4.02507E-02   1.03310E-06   9.33960E-01   9.77772E-07 
    1.14415E-02   1.43458E-02   1.00000E+00
   1.09300E+03   4.02507E-02   1.03310E-06   9.33960E-01   9.77772E-07 
    1.14415E-02   1.43458E-02   1.00000E+00
   1.08300E+03   4.02507E-02   1.03310E-06   9.33960E-01   9.77772E-07 
    1.14415E-02   1.43458E-02   1.00000E+00
   1.08134E+03   4.02507E-02   1.03310E-06   9.33960E-01   9.77772E-07 
    1.14415E-02   1.43458E-02   1.00000E+00

 Phase Region for:
     CEMENTITE                     
     FCC_A1#1                      
 col-1=T, col-2=X(CEMENTITE,C), col-3=X(CEMENTITE,CR), col-4=X(CEMENTITE,FE),
   col-5=X(CEMENTITE,MN), col-6=X(CEMENTITE,NI), col-7=X(CEMENTITE,SI),
   col-8=X(FCC_A1#1,C), col-9=X(FCC_A1#1,CR), col-10=X(FCC_A1#1,FE),
   col-11=X(FCC_A1#1,MN), col-12=X(FCC_A1#1,NI), col-13=X(FCC_A1#1,SI),
   col-14=NP(CEMENTITE), col-15=NP(FCC_A1#1),
   1.08134E+03   2.50000E-01   7.77039E-06   7.48426E-01   1.62204E-06 
    1.56431E-03   0.00000E+00   4.02507E-02   1.03310E-06   9.33960E-01 
    9.77772E-07   1.14415E-02   1.43458E-02   5.58321E-08   1.00000E+00
   1.07300E+03   2.50000E-01   7.76780E-06   7.48454E-01   1.63188E-06 
    1.53655E-03   0.00000E+00   3.92787E-02   1.00189E-06   9.34820E-01 
    9.74741E-07   1.14874E-02   1.44123E-02   4.61279E-03   9.95387E-01
   1.06300E+03   2.50000E-01   7.76234E-06   7.48487E-01   1.64395E-06 
    1.50334E-03   0.00000E+00   3.81236E-02   9.64853E-07   9.35841E-01 
    9.71016E-07   1.15423E-02   1.44913E-02   1.00393E-02   9.89961E-01
   1.05300E+03   2.50000E-01   7.75438E-06   7.48520E-01   1.65633E-06 
    1.47021E-03   0.00000E+00   3.69807E-02   9.28309E-07   9.36851E-01 
    9.67193E-07   1.15969E-02   1.45695E-02   1.53509E-02   9.84649E-01
   1.04300E+03   2.50000E-01   7.74399E-06   7.48553E-01   1.66903E-06 
    1.43719E-03   0.00000E+00   3.58501E-02   8.92297E-07   9.37850E-01 
    9.63269E-07   1.16514E-02   1.46468E-02   2.05495E-02   9.79451E-01
   1.03300E+03   2.50000E-01   7.73123E-06   7.48586E-01   1.68205E-06 
    1.40427E-03   0.00000E+00   3.47319E-02   8.56857E-07   9.38837E-01 
    9.59241E-07   1.17056E-02   1.47233E-02   2.56370E-02   9.74363E-01
   1.02300E+03   2.50000E-01   7.71618E-06   7.48619E-01   1.69540E-06 
    1.37146E-03   0.00000E+00   3.36264E-02   8.22029E-07   9.39813E-01 
    9.55108E-07   1.17595E-02   1.47989E-02   3.06153E-02   9.69385E-01
   1.01300E+03   2.50000E-01   7.69894E-06   7.48652E-01   1.70909E-06 
    1.33878E-03   0.00000E+00   3.25337E-02   7.87849E-07   9.40778E-01 
    9.50866E-07   1.18132E-02   1.48736E-02   3.54860E-02   9.64514E-01
   1.00351E+03   2.50000E-01   7.68063E-06   7.48683E-01   1.72241E-06 
    1.30788E-03   0.00000E+00   3.15086E-02   7.56032E-07   9.41682E-01 
    9.46736E-07   1.18638E-02   1.49437E-02   4.00115E-02   9.59988E-01

 Phase Region for:
     BCC_A2                        
     CEMENTITE                     
     FCC_A1#1                      
 col-1=T, col-2=X(BCC_A2,C), col-3=X(BCC_A2,CR), col-4=X(BCC_A2,FE),
   col-5=X(BCC_A2,MN), col-6=X(BCC_A2,NI), col-7=X(BCC_A2,SI),
   col-8=X(CEMENTITE,C), col-9=X(CEMENTITE,CR), col-10=X(CEMENTITE,FE),
   col-11=X(CEMENTITE,MN), col-12=X(CEMENTITE,NI), col-13=X(CEMENTITE,SI),
   col-14=X(FCC_A1#1,C), col-15=X(FCC_A1#1,CR), col-16=X(FCC_A1#1,FE),
   col-17=X(FCC_A1#1,MN), col-18=X(FCC_A1#1,NI), col-19=X(FCC_A1#1,SI),
   col-20=NP(BCC_A2), col-21=NP(CEMENTITE), col-22=NP(FCC_A1#1),
   1.00351E+03   8.10441E-04   3.90836E-07   9.70114E-01   2.73737E-07 
    5.75286E-03   2.33215E-02   2.50000E-01   7.68060E-06   7.48683E-01 
    1.72242E-06   1.30789E-03   0.00000E+00   3.15085E-02   7.56029E-07 
    9.41682E-01   9.46739E-07   1.18639E-02   1.49437E-02   6.00123E-06 
    4.00124E-02   9.59982E-01
   1.00300E+03   8.07321E-04   3.83014E-07   9.70291E-01   2.77257E-07 
    5.86071E-03   2.30401E-02   2.50000E-01   7.55760E-06   7.48658E-01 
    1.75386E-06   1.33306E-03   0.00000E+00   3.14767E-02   7.41336E-07 
    9.41663E-01   9.63411E-07   1.21086E-02   1.47502E-02   3.02095E-02 
    4.43915E-02   9.25399E-01
   9.93000E+02   7.40258E-04   2.83407E-07   9.71623E-01   3.58237E-07 
    8.50194E-03   1.91340E-02   2.50000E-01   6.00289E-06   7.48037E-01 
    2.47380E-06   1.95431E-03   0.00000E+00   3.05583E-02   5.51310E-07 
    9.38980E-01   1.36529E-06   1.82709E-02   1.21884E-02   5.09652E-01 
    1.13421E-01   3.76927E-01
   9.83000E+02   6.69091E-04   2.40945E-07   9.70214E-01   4.45079E-07 
    1.16878E-02   1.74285E-02   2.50000E-01   5.40548E-06   7.47276E-01 
    3.28034E-06   2.71507E-03   0.00000E+00   2.92564E-02   4.66538E-07 
    9.33253E-01   1.86208E-06   2.62340E-02   1.12541E-02   7.74282E-01 
    1.50079E-01   7.56391E-02
   9.78908E+02   6.40522E-04   2.30474E-07   9.69276E-01   4.79364E-07 
    1.30283E-02   1.70550E-02   2.50000E-01   5.28324E-06   7.46952E-01 
    3.61701E-06   3.03892E-03   0.00000E+00   2.86661E-02   4.44698E-07 
    9.30435E-01   2.08475E-06   2.97887E-02   1.11077E-02   8.41152E-01 
    1.58848E-01   0.00000E+00

 Phase Region for:
     BCC_A2                        
     CEMENTITE                     
 col-1=T, col-2=X(BCC_A2,C), col-3=X(BCC_A2,CR), col-4=X(BCC_A2,FE),
   col-5=X(BCC_A2,MN), col-6=X(BCC_A2,NI), col-7=X(BCC_A2,SI),
   col-8=X(CEMENTITE,C), col-9=X(CEMENTITE,CR), col-10=X(CEMENTITE,FE),
   col-11=X(CEMENTITE,MN), col-12=X(CEMENTITE,NI), col-13=X(CEMENTITE,SI),
   col-14=NP(BCC_A2), col-15=NP(CEMENTITE),
   9.78908E+02   6.40522E-04   2.30474E-07   9.69276E-01   4.79364E-07 
    1.30283E-02   1.70550E-02   2.50000E-01   5.28324E-06   7.46952E-01 
    3.61701E-06   3.03892E-03   0.00000E+00   8.41152E-01   1.58848E-01  NONE
   9.73000E+02   6.01679E-04   2.24589E-07   9.69312E-01   4.67715E-07 
    1.30280E-02   1.70576E-02   2.50000E-01   5.31021E-06   7.46943E-01 
    3.67605E-06   3.04839E-03   0.00000E+00   8.41021E-01   1.58979E-01  NONE
   9.63000E+02   5.40565E-04   2.14786E-07   9.69369E-01   4.48305E-07 
    1.30276E-02   1.70618E-02   2.50000E-01   5.35541E-06   7.46927E-01 
    3.77442E-06   3.06357E-03   0.00000E+00   8.40815E-01   1.59185E-01  NONE
   9.53000E+02   4.84888E-04   2.05186E-07   9.69422E-01   4.29288E-07 
    1.30272E-02   1.70656E-02   2.50000E-01   5.40000E-06   7.46913E-01 
    3.87081E-06   3.07771E-03   0.00000E+00   8.40628E-01   1.59372E-01  NONE
   9.43000E+02   4.34219E-04   1.95789E-07   9.69469E-01   4.10667E-07 
    1.30267E-02   1.70691E-02   2.50000E-01   5.44394E-06   7.46900E-01 
    3.96522E-06   3.09085E-03   0.00000E+00   8.40457E-01   1.59543E-01  NONE
   9.33000E+02   3.88164E-04   1.86600E-07   9.69513E-01   3.92450E-07 
    1.30262E-02   1.70722E-02   2.50000E-01   5.48719E-06   7.46887E-01 
    4.05763E-06   3.10303E-03   0.00000E+00   8.40302E-01   1.59698E-01  NONE
   9.23000E+02   3.46355E-04   1.77621E-07   9.69552E-01   3.74640E-07 
    1.30257E-02   1.70751E-02   2.50000E-01   5.52972E-06   7.46876E-01 
    4.14801E-06   3.11429E-03   0.00000E+00   8.40161E-01   1.59839E-01  NONE
   9.13000E+02   3.08454E-04   1.68856E-07   9.69588E-01   3.57243E-07 
    1.30252E-02   1.70777E-02   2.50000E-01   5.57149E-06   7.46866E-01 
    4.23636E-06   3.12466E-03   0.00000E+00   8.40034E-01   1.59966E-01  NONE
   9.03000E+02   2.74147E-04   1.60308E-07   9.69621E-01   3.40263E-07 
    1.30248E-02   1.70800E-02   2.50000E-01   5.61244E-06   7.46856E-01 
    4.32265E-06   3.13415E-03   0.00000E+00   8.39918E-01   1.60082E-01  NONE
   8.93000E+02   2.43140E-04   1.51980E-07   9.69650E-01   3.23707E-07 
    1.30244E-02   1.70821E-02   2.50000E-01   5.65255E-06   7.46847E-01 
    4.40686E-06   3.14279E-03   0.00000E+00   8.39814E-01   1.60186E-01  NONE
   8.83000E+02   2.15164E-04   1.43877E-07   9.69676E-01   3.07578E-07 
    1.30240E-02   1.70841E-02   2.50000E-01   5.69178E-06   7.46839E-01 
    4.48897E-06   3.15061E-03   0.00000E+00   8.39720E-01   1.60280E-01  NONE
   8.73000E+02   1.89967E-04   1.36002E-07   9.69700E-01   2.91882E-07 
    1.30237E-02   1.70858E-02   2.50000E-01   5.73008E-06   7.46832E-01 
    4.56894E-06   3.15760E-03   0.00000E+00   8.39635E-01   1.60365E-01  NONE
   8.63000E+02   1.67315E-04   1.28359E-07   9.69722E-01   2.76623E-07 
    1.30234E-02   1.70873E-02   2.50000E-01   5.76742E-06   7.46826E-01 
    4.64676E-06   3.16379E-03   0.00000E+00   8.39559E-01   1.60441E-01  NONE
   8.53000E+02   1.46992E-04   1.20950E-07   9.69741E-01   2.61806E-07 
    1.30231E-02   1.70887E-02   2.50000E-01   5.80377E-06   7.46820E-01 
    4.72239E-06   3.16918E-03   0.00000E+00   8.39491E-01   1.60509E-01  NONE
   8.43000E+02   1.28796E-04   1.13780E-07   9.69758E-01   2.47436E-07 
    1.30230E-02   1.70900E-02   2.50000E-01   5.83909E-06   7.46816E-01 
    4.79582E-06   3.17378E-03   0.00000E+00   8.39430E-01   1.60570E-01  NONE
   8.33000E+02   1.12540E-04   1.06851E-07   9.69773E-01   2.33515E-07 
    1.30229E-02   1.70911E-02   2.50000E-01   5.87335E-06   7.46812E-01 
    4.86702E-06   3.17759E-03   0.00000E+00   8.39375E-01   1.60625E-01  NONE
   8.23000E+02   9.80527E-05   1.00165E-07   9.69787E-01   2.20048E-07 
    1.30229E-02   1.70921E-02   2.50000E-01   5.90653E-06   7.46809E-01 
    4.93597E-06   3.18060E-03   0.00000E+00   8.39326E-01   1.60674E-01  NONE
   8.13000E+02   8.51721E-05   9.37239E-08   9.69799E-01   2.07036E-07 
    1.30230E-02   1.70929E-02   2.50000E-01   5.93860E-06   7.46806E-01 
    5.00264E-06   3.18281E-03   0.00000E+00   8.39283E-01   1.60717E-01  NONE
   8.03000E+02   7.37500E-05   8.75302E-08   9.69809E-01   1.94483E-07 
    1.30231E-02   1.70937E-02   2.50000E-01   5.96955E-06   7.46805E-01 
    5.06703E-06   3.18423E-03   0.00000E+00   8.39245E-01   1.60755E-01  NONE
   7.93000E+02   6.36489E-05   8.15846E-08   9.69818E-01   1.82390E-07 
    1.30234E-02   1.70944E-02   2.50000E-01   5.99934E-06   7.46804E-01 
    5.12912E-06   3.18483E-03   0.00000E+00   8.39211E-01   1.60789E-01  NONE
   7.83000E+02   5.47417E-05   7.58877E-08   9.69826E-01   1.70758E-07 
    1.30238E-02   1.70950E-02   2.50000E-01   6.02796E-06   7.46804E-01 
    5.18891E-06   3.18460E-03   0.00000E+00   8.39181E-01   1.60819E-01  NONE
   7.73000E+02   4.69110E-05   7.04396E-08   9.69833E-01   1.59586E-07 
    1.30243E-02   1.70956E-02   2.50000E-01   6.05541E-06   7.46805E-01 
    5.24637E-06   3.18355E-03   0.00000E+00   8.39155E-01   1.60845E-01  NONE
   7.63000E+02   4.00486E-05   6.52398E-08   9.69839E-01   1.48874E-07 
    1.30250E-02   1.70960E-02   2.50000E-01   6.08168E-06   7.46807E-01 
    5.30152E-06   3.18163E-03   0.00000E+00   8.39131E-01   1.60869E-01  NONE
   7.53000E+02   3.40548E-05   6.02873E-08   9.69844E-01   1.38620E-07 
    1.30257E-02   1.70964E-02   2.50000E-01   6.10676E-06   7.46810E-01 
    5.35435E-06   3.17885E-03   0.00000E+00   8.39111E-01   1.60889E-01  NONE
   7.43000E+02   2.88383E-05   5.55803E-08   9.69848E-01   1.28822E-07 
    1.30266E-02   1.70968E-02   2.50000E-01   6.13065E-06   7.46813E-01 
    5.40488E-06   3.17518E-03   0.00000E+00   8.39094E-01   1.60906E-01  NONE
   7.33000E+02   2.43149E-05   5.11165E-08   9.69851E-01   1.19476E-07 
    1.30277E-02   1.70971E-02   2.50000E-01   6.15335E-06   7.46818E-01 
    5.45311E-06   3.17059E-03   0.00000E+00   8.39079E-01   1.60921E-01  NONE
   7.23000E+02   2.04080E-05   4.68932E-08   9.69853E-01   1.10578E-07 
    1.30289E-02   1.70974E-02   2.50000E-01   6.17487E-06   7.46823E-01 
    5.49907E-06   3.16506E-03   0.00000E+00   8.39066E-01   1.60934E-01  NONE
   7.13000E+02   1.70473E-05   4.29068E-08   9.69855E-01   1.02123E-07 
    1.30303E-02   1.70976E-02   2.50000E-01   6.19522E-06   7.46830E-01 
    5.54277E-06   3.15857E-03   0.00000E+00   8.39054E-01   1.60946E-01  NONE
   7.03000E+02   1.41690E-05   3.91533E-08   9.69856E-01   9.41053E-08 
    1.30318E-02   1.70978E-02   2.50000E-01   6.21442E-06   7.46837E-01 
    5.58424E-06   3.15107E-03   0.00000E+00   8.39045E-01   1.60955E-01  NONE
   6.93000E+02   1.17150E-05   3.56281E-08   9.69857E-01   8.65173E-08 
    1.30336E-02   1.70980E-02   2.50000E-01   6.23248E-06   7.46846E-01 
    5.62351E-06   3.14255E-03   0.00000E+00   8.39036E-01   1.60964E-01  NONE
   6.83000E+02   9.63286E-06   3.23261E-08   9.69857E-01   7.93514E-08 
    1.30355E-02   1.70981E-02   2.50000E-01   6.24942E-06   7.46855E-01 
    5.66062E-06   3.13295E-03   0.00000E+00   8.39029E-01   1.60971E-01  NONE
   6.73000E+02   7.87513E-06   2.92415E-08   9.69856E-01   7.25990E-08 
    1.30376E-02   1.70982E-02   2.50000E-01   6.26527E-06   7.46866E-01 
    5.69561E-06   3.12225E-03   0.00000E+00   8.39024E-01   1.60976E-01  NONE
