
 Phase Region for:
     FCC_A1#1                      
 col-1=T, col-2=W(FCC_A1#1,C), col-3=W(FCC_A1#1,CR), col-4=W(FCC_A1#1,FE),
   col-5=W(FCC_A1#1,MN), col-6=W(FCC_A1#1,NI), col-7=W(FCC_A1#1,SI),
   col-8=NP(FCC_A1#1),
   1.17300E+03   9.00000E-03   2.25003E-02   9.60997E-01   1.00000E-06 
    1.00000E-06   7.50075E-03   1.00000E+00
   1.18300E+03   9.00000E-03   2.25003E-02   9.60997E-01   1.00000E-06 
    1.00000E-06   7.50075E-03   1.00000E+00
   1.19300E+03   9.00000E-03   2.25002E-02   9.60997E-01   1.00000E-06 
    1.00000E-06   7.50075E-03   1.00000E+00
   1.20300E+03   9.00000E-03   2.25003E-02   9.60997E-01   1.00000E-06 
    1.00000E-06   7.50075E-03   1.00000E+00
   1.21300E+03   9.00000E-03   2.25002E-02   9.60997E-01   1.00000E-06 
    1.00000E-06   7.50075E-03   1.00000E+00
   1.22300E+03   9.00000E-03   2.25002E-02   9.60997E-01   1.00000E-06 
    1.00000E-06   7.50075E-03   1.00000E+00
   1.23300E+03   9.00000E-03   2.25003E-02   9.60997E-01   1.00000E-06 
    1.00000E-06   7.50075E-03   1.00000E+00
   1.24300E+03   9.00000E-03   2.25002E-02   9.60997E-01   1.00000E-06 
    1.00000E-06   7.50075E-03   1.00000E+00
   1.25300E+03   9.00000E-03   2.25002E-02   9.60997E-01   1.00000E-06 
    1.00000E-06   7.50075E-03   1.00000E+00
   1.26300E+03   9.00000E-03   2.25002E-02   9.60997E-01   1.00000E-06 
    1.00000E-06   7.50075E-03   1.00000E+00
   1.27300E+03   9.00000E-03   2.25002E-02   9.60997E-01   1.00000E-06 
    1.00000E-06   7.50075E-03   1.00000E+00
   1.28300E+03   9.00000E-03   2.25002E-02   9.60997E-01   1.00000E-06 
    1.00000E-06   7.50075E-03   1.00000E+00
   1.29300E+03   9.00000E-03   2.25003E-02   9.60997E-01   1.00000E-06 
    1.00000E-06   7.50075E-03   1.00000E+00
   1.30300E+03   9.00000E-03   2.25003E-02   9.60997E-01   1.00000E-06 
    1.00000E-06   7.50075E-03   1.00000E+00
   1.31300E+03   9.00000E-03   2.25003E-02   9.60997E-01   1.00000E-06 
    1.00000E-06   7.50075E-03   1.00000E+00
   1.32300E+03   9.00000E-03   2.25002E-02   9.60997E-01   1.00000E-06 
    1.00000E-06   7.50075E-03   1.00000E+00
   1.33300E+03   9.00000E-03   2.25002E-02   9.60997E-01   1.00000E-06 
    1.00000E-06   7.50075E-03   1.00000E+00
   1.34300E+03   9.00000E-03   2.25003E-02   9.60997E-01   1.00000E-06 
    1.00000E-06   7.50075E-03   1.00000E+00
   1.35300E+03   9.00000E-03   2.25002E-02   9.60997E-01   1.00000E-06 
    1.00000E-06   7.50075E-03   1.00000E+00
   1.36300E+03   9.00000E-03   2.25002E-02   9.60997E-01   1.00000E-06 
    1.00000E-06   7.50075E-03   1.00000E+00
   1.37300E+03   9.00000E-03   2.25002E-02   9.60997E-01   1.00000E-06 
    1.00000E-06   7.50075E-03   1.00000E+00
   1.38300E+03   9.00000E-03   2.25002E-02   9.60997E-01   1.00000E-06 
    1.00000E-06   7.50075E-03   1.00000E+00
   1.39300E+03   9.00000E-03   2.25002E-02   9.60997E-01   1.00000E-06 
    1.00000E-06   7.50075E-03   1.00000E+00
   1.40300E+03   9.00000E-03   2.25002E-02   9.60997E-01   1.00000E-06 
    1.00000E-06   7.50075E-03   1.00000E+00
   1.41300E+03   9.00000E-03   2.25003E-02   9.60997E-01   1.00000E-06 
    1.00000E-06   7.50075E-03   1.00000E+00
   1.42300E+03   9.00000E-03   2.25003E-02   9.60997E-01   1.00000E-06 
    1.00000E-06   7.50075E-03   1.00000E+00
   1.43300E+03   9.00000E-03   2.25003E-02   9.60997E-01   1.00000E-06 
    1.00000E-06   7.50075E-03   1.00000E+00
   1.44300E+03   9.00000E-03   2.25002E-02   9.60997E-01   1.00000E-06 
    1.00000E-06   7.50075E-03   1.00000E+00
   1.45300E+03   9.00000E-03   2.25003E-02   9.60997E-01   1.00000E-06 
    1.00000E-06   7.50075E-03   1.00000E+00
   1.46300E+03   9.00000E-03   2.25002E-02   9.60997E-01   1.00000E-06 
    1.00000E-06   7.50075E-03   1.00000E+00
   1.47300E+03   9.00000E-03   2.25002E-02   9.60997E-01   1.00000E-06 
    1.00000E-06   7.50075E-03   1.00000E+00

 Phase Region for:
     FCC_A1#1                      
 col-1=T, col-2=W(FCC_A1#1,C), col-3=W(FCC_A1#1,CR), col-4=W(FCC_A1#1,FE),
   col-5=W(FCC_A1#1,MN), col-6=W(FCC_A1#1,NI), col-7=W(FCC_A1#1,SI),
   col-8=NP(FCC_A1#1),
   1.17300E+03   9.00000E-03   2.25003E-02   9.60997E-01   1.00000E-06 
    1.00000E-06   7.50075E-03   1.00000E+00
   1.16300E+03   9.00000E-03   2.25003E-02   9.60997E-01   1.00000E-06 
    1.00000E-06   7.50075E-03   1.00000E+00
   1.16283E+03   9.00000E-03   2.25002E-02   9.60997E-01   1.00000E-06 
    1.00000E-06   7.50075E-03   1.00000E+00

 Phase Region for:
     CEMENTITE                     
     FCC_A1#1                      
 col-1=T, col-2=W(CEMENTITE,C), col-3=W(CEMENTITE,CR), col-4=W(CEMENTITE,FE),
   col-5=W(CEMENTITE,MN), col-6=W(CEMENTITE,NI), col-7=W(CEMENTITE,SI),
   col-8=W(FCC_A1#1,C), col-9=W(FCC_A1#1,CR), col-10=W(FCC_A1#1,FE),
   col-11=W(FCC_A1#1,MN), col-12=W(FCC_A1#1,NI), col-13=W(FCC_A1#1,SI),
   col-14=NP(CEMENTITE), col-15=NP(FCC_A1#1),
   1.16283E+03   6.76772E-02   1.58033E-01   7.74288E-01   1.61251E-06 
    1.23878E-07   0.00000E+00   9.00000E-03   2.25002E-02   9.60997E-01 
    1.00000E-06   1.00000E-06   7.50075E-03   5.94510E-08   1.00000E+00
   1.15300E+03   6.76800E-02   1.58586E-01   7.73732E-01   1.62402E-06 
    1.21257E-07   0.00000E+00   8.71865E-03   2.18478E-02   9.61895E-01 
    9.97008E-07   1.00421E-06   7.53671E-03   5.76468E-03   9.94235E-01
   1.14300E+03   6.76827E-02   1.59140E-01   7.73175E-01   1.63614E-06 
    1.18613E-07   0.00000E+00   8.43797E-03   2.11916E-02   9.62796E-01 
    9.93907E-07   1.00844E-06   7.57259E-03   1.14611E-02   9.88539E-01
   1.13300E+03   6.76854E-02   1.59686E-01   7.72626E-01   1.64869E-06 
    1.15990E-07   0.00000E+00   8.16271E-03   2.05430E-02   9.63685E-01 
    9.90745E-07   1.01261E-06   7.60777E-03   1.69954E-02   9.83005E-01
   1.12300E+03   6.76881E-02   1.60223E-01   7.72087E-01   1.66168E-06 
    1.13388E-07   0.00000E+00   7.89283E-03   1.99021E-02   9.64561E-01 
    9.87517E-07   1.01673E-06   7.64225E-03   2.23719E-02   9.77628E-01
   1.11300E+03   6.76907E-02   1.60750E-01   7.71557E-01   1.67512E-06 
    1.10808E-07   0.00000E+00   7.62831E-03   1.92691E-02   9.65424E-01 
    9.84221E-07   1.02078E-06   7.67605E-03   2.75947E-02   9.72405E-01
   1.10300E+03   6.76933E-02   1.61266E-01   7.71038E-01   1.68902E-06 
    1.08251E-07   0.00000E+00   7.36912E-03   1.86444E-02   9.66275E-01 
    9.80854E-07   1.02478E-06   7.70917E-03   3.26677E-02   9.67332E-01
   1.09300E+03   6.76958E-02   1.61772E-01   7.70531E-01   1.70341E-06 
    1.05715E-07   0.00000E+00   7.11523E-03   1.80281E-02   9.67113E-01 
    9.77413E-07   1.02872E-06   7.74160E-03   3.75949E-02   9.62405E-01
   1.08300E+03   6.76982E-02   1.62265E-01   7.70035E-01   1.71828E-06 
    1.03202E-07   0.00000E+00   6.86662E-03   1.74205E-02   9.67938E-01 
    9.73894E-07   1.03259E-06   7.77336E-03   4.23799E-02   9.57620E-01
   1.07300E+03   6.77006E-02   1.62747E-01   7.69551E-01   1.73366E-06 
    1.00712E-07   0.00000E+00   6.62323E-03   1.68217E-02   9.68749E-01 
    9.70295E-07   1.03641E-06   7.80445E-03   4.70264E-02   9.52974E-01
   1.06300E+03   6.77029E-02   1.63215E-01   7.69080E-01   1.74955E-06 
    9.82451E-08   0.00000E+00   6.38506E-03   1.62321E-02   9.69546E-01 
    9.66611E-07   1.04017E-06   7.83487E-03   5.15377E-02   9.48462E-01
   1.05300E+03   6.77052E-02   1.63670E-01   7.68623E-01   1.76598E-06 
    9.58015E-08   0.00000E+00   6.15206E-03   1.56517E-02   9.70330E-01 
    9.62840E-07   1.04387E-06   7.86463E-03   5.59173E-02   9.44083E-01
   1.04300E+03   6.77073E-02   1.64111E-01   7.68179E-01   1.78296E-06 
    9.33815E-08   0.00000E+00   5.92419E-03   1.50809E-02   9.71099E-01 
    9.58979E-07   1.04750E-06   7.89373E-03   6.01684E-02   9.39832E-01
   1.03887E+03   6.77082E-02   1.64289E-01   7.68000E-01   1.79015E-06 
    9.23882E-08   0.00000E+00   5.83151E-03   1.48479E-02   9.71413E-01 
    9.57356E-07   1.04898E-06   7.90557E-03   6.18885E-02   9.38111E-01

 Phase Region for:
     BCC_A2                        
     CEMENTITE                     
     FCC_A1#1                      
 col-1=T, col-2=W(BCC_A2,C), col-3=W(BCC_A2,CR), col-4=W(BCC_A2,FE),
   col-5=W(BCC_A2,MN), col-6=W(BCC_A2,NI), col-7=W(BCC_A2,SI),
   col-8=W(CEMENTITE,C), col-9=W(CEMENTITE,CR), col-10=W(CEMENTITE,FE),
   col-11=W(CEMENTITE,MN), col-12=W(CEMENTITE,NI), col-13=W(CEMENTITE,SI),
   col-14=W(FCC_A1#1,C), col-15=W(FCC_A1#1,CR), col-16=W(FCC_A1#1,FE),
   col-17=W(FCC_A1#1,MN), col-18=W(FCC_A1#1,NI), col-19=W(FCC_A1#1,SI),
   col-20=NP(BCC_A2), col-21=NP(CEMENTITE), col-22=NP(FCC_A1#1),
   1.03887E+03   1.74679E-04   8.79231E-03   9.79641E-01   3.60369E-07 
    5.51992E-07   1.13910E-02   6.77082E-02   1.64289E-01   7.68001E-01 
    1.79015E-06   9.23888E-08   0.00000E+00   5.83151E-03   1.48478E-02 
    9.71413E-01   9.57360E-07   1.04899E-06   7.90554E-03   8.31680E-06 
    6.18894E-02   9.38102E-01  NONE
   1.03300E+03   1.75399E-04   7.15681E-03   9.83056E-01   4.77178E-07 
    7.93397E-07   9.61019E-03   6.76018E-02   1.42808E-01   7.89588E-01 
    2.61100E-06   1.40709E-07   0.00000E+00   6.05798E-03   1.24760E-02 
    9.74994E-01   1.32174E-06   1.52588E-06   6.46941E-03   5.15532E-01 
    1.18986E-01   3.65481E-01  NONE
   1.02970E+03   1.76059E-04   6.27833E-03   9.84912E-01   6.13837E-07 
    1.11968E-06   8.63139E-03   6.75389E-02   1.30118E-01   8.02339E-01 
    3.56185E-06   2.06047E-07   0.00000E+00   6.19242E-03   1.11606E-02 
    9.76935E-01   1.74783E-06   2.17028E-06   5.70848E-03   8.42079E-01 
    1.57921E-01   0.00000E+00  NONE

 Phase Region for:
     BCC_A2                        
     CEMENTITE                     
 col-1=T, col-2=W(BCC_A2,C), col-3=W(BCC_A2,CR), col-4=W(BCC_A2,FE),
   col-5=W(BCC_A2,MN), col-6=W(BCC_A2,NI), col-7=W(BCC_A2,SI),
   col-8=W(CEMENTITE,C), col-9=W(CEMENTITE,CR), col-10=W(CEMENTITE,FE),
   col-11=W(CEMENTITE,MN), col-12=W(CEMENTITE,NI), col-13=W(CEMENTITE,SI),
   col-14=NP(BCC_A2), col-15=NP(CEMENTITE),
   1.02970E+03   1.76059E-04   6.27833E-03   9.84912E-01   6.13837E-07 
    1.11968E-06   8.63139E-03   6.75389E-02   1.30118E-01   8.02339E-01 
    3.56185E-06   2.06047E-07   0.00000E+00   8.42079E-01 
    1.57921E-01  NONE   NONE
   1.02300E+03   1.63876E-04   6.11066E-03   9.85091E-01   5.99758E-07 
    1.11979E-06   8.63285E-03   6.75437E-02   1.31089E-01   8.01363E-01 
    3.65180E-06   2.06309E-07   0.00000E+00   8.41890E-01 
    1.58110E-01  NONE   NONE
   1.01300E+03   1.47107E-04   5.86390E-03   9.85352E-01   5.78933E-07 
    1.11996E-06   8.63486E-03   6.75509E-02   1.32529E-01   7.99916E-01 
    3.78483E-06   2.06618E-07   0.00000E+00   8.41629E-01 
    1.58371E-01  NONE   NONE
   1.00300E+03   1.31896E-04   5.62127E-03   9.85608E-01   5.58338E-07 
    1.12012E-06   8.63667E-03   6.75579E-02   1.33956E-01   7.98482E-01 
    3.91639E-06   2.06836E-07   0.00000E+00   8.41393E-01 
    1.58607E-01  NONE   NONE
   9.93000E+02   1.18110E-04   5.38280E-03   9.85859E-01   5.37981E-07 
    1.12027E-06   8.63830E-03   6.75649E-02   1.35368E-01   7.97062E-01 
    4.04644E-06   2.06969E-07   0.00000E+00   8.41179E-01 
    1.58821E-01  NONE   NONE
   9.83000E+02   1.05626E-04   5.14854E-03   9.86104E-01   5.17871E-07 
    1.12042E-06   8.63977E-03   6.75719E-02   1.36766E-01   7.95658E-01 
    4.17495E-06   2.07023E-07   0.00000E+00   8.40985E-01 
    1.59015E-01  NONE   NONE
   9.73000E+02   9.43293E-05   4.91858E-03   9.86344E-01   4.98017E-07 
    1.12056E-06   8.64108E-03   6.75787E-02   1.38147E-01   7.94270E-01 
    4.30189E-06   2.07003E-07   0.00000E+00   8.40810E-01 
    1.59190E-01  NONE   NONE
   9.63000E+02   8.41187E-05   4.69299E-03   9.86579E-01   4.78427E-07 
    1.12070E-06   8.64226E-03   6.75855E-02   1.39510E-01   7.92900E-01 
    4.42721E-06   2.06914E-07   0.00000E+00   8.40651E-01 
    1.59349E-01  NONE   NONE
   9.53000E+02   7.48992E-05   4.47190E-03   9.86808E-01   4.59112E-07 
    1.12083E-06   8.64331E-03   6.75921E-02   1.40854E-01   7.91549E-01 
    4.55086E-06   2.06761E-07   0.00000E+00   8.40508E-01 
    1.59492E-01  NONE   NONE
   9.43000E+02   6.65841E-05   4.25543E-03   9.87032E-01   4.40080E-07 
    1.12096E-06   8.64425E-03   6.75987E-02   1.42177E-01   7.90219E-01 
    4.67279E-06   2.06547E-07   0.00000E+00   8.40379E-01 
    1.59621E-01  NONE   NONE
   9.33000E+02   5.90937E-05   4.04370E-03   9.87251E-01   4.21343E-07 
    1.12109E-06   8.64508E-03   6.76051E-02   1.43478E-01   7.88912E-01 
    4.79293E-06   2.06276E-07   0.00000E+00   8.40263E-01 
    1.59737E-01  NONE   NONE
   9.23000E+02   5.23551E-05   3.83686E-03   9.87463E-01   4.02912E-07 
    1.12122E-06   8.64582E-03   6.76114E-02   1.44755E-01   7.87629E-01 
    4.91122E-06   2.05951E-07   0.00000E+00   8.40159E-01 
    1.59841E-01  NONE   NONE
   9.13000E+02   4.63010E-05   3.63504E-03   9.87671E-01   3.84797E-07 
    1.12135E-06   8.64647E-03   6.76176E-02   1.46006E-01   7.86371E-01 
    5.02758E-06   2.05575E-07   0.00000E+00   8.40065E-01 
    1.59935E-01  NONE   NONE
   9.03000E+02   4.08699E-05   3.43840E-03   9.87872E-01   3.67013E-07 
    1.12147E-06   8.64705E-03   6.76237E-02   1.47231E-01   7.85140E-01 
    5.14193E-06   2.05152E-07   0.00000E+00   8.39981E-01 
    1.60019E-01  NONE   NONE
   8.93000E+02   3.60049E-05   3.24708E-03   9.88068E-01   3.49570E-07 
    1.12160E-06   8.64755E-03   6.76296E-02   1.48427E-01   7.83938E-01 
    5.25418E-06   2.04682E-07   0.00000E+00   8.39906E-01 
    1.60094E-01  NONE   NONE
   8.83000E+02   3.16540E-05   3.06121E-03   9.88258E-01   3.32484E-07 
    1.12172E-06   8.64800E-03   6.76354E-02   1.49594E-01   7.82765E-01 
    5.36425E-06   2.04169E-07   0.00000E+00   8.39838E-01 
    1.60162E-01  NONE   NONE
   8.73000E+02   2.77695E-05   2.88092E-03   9.88441E-01   3.15766E-07 
    1.12185E-06   8.64838E-03   6.76410E-02   1.50729E-01   7.81624E-01 
    5.47204E-06   2.03614E-07   0.00000E+00   8.39778E-01 
    1.60222E-01  NONE   NONE
   8.63000E+02   2.43075E-05   2.70636E-03   9.88619E-01   2.99430E-07 
    1.12198E-06   8.64872E-03   6.76465E-02   1.51832E-01   7.80516E-01 
    5.57747E-06   2.03017E-07   0.00000E+00   8.39724E-01 
    1.60276E-01  NONE   NONE
   8.53000E+02   2.12276E-05   2.53763E-03   9.88791E-01   2.83491E-07 
    1.12210E-06   8.64901E-03   6.76518E-02   1.52902E-01   7.79441E-01 
    5.68043E-06   2.02381E-07   0.00000E+00   8.39677E-01 
    1.60323E-01  NONE   NONE
   8.43000E+02   1.84931E-05   2.37483E-03   9.88956E-01   2.67962E-07 
    1.12223E-06   8.64926E-03   6.76569E-02   1.53937E-01   7.78401E-01 
    5.78084E-06   2.01706E-07   0.00000E+00   8.39634E-01 
    1.60366E-01  NONE   NONE
   8.33000E+02   1.60700E-05   2.21806E-03   9.89115E-01   2.52854E-07 
    1.12237E-06   8.64947E-03   6.76619E-02   1.54936E-01   7.77396E-01 
    5.87860E-06   2.00993E-07   0.00000E+00   8.39597E-01 
    1.60403E-01  NONE   NONE
   8.23000E+02   1.39276E-05   2.06739E-03   9.89268E-01   2.38182E-07 
    1.12250E-06   8.64965E-03   6.76667E-02   1.55899E-01   7.76428E-01 
    5.97362E-06   2.00242E-07   0.00000E+00   8.39564E-01 
    1.60436E-01  NONE   NONE
   8.13000E+02   1.20375E-05   1.92288E-03   9.89414E-01   2.23956E-07 
    1.12264E-06   8.64980E-03   6.76712E-02   1.56824E-01   7.75498E-01 
    6.06583E-06   1.99452E-07   0.00000E+00   8.39534E-01 
    1.60466E-01  NONE   NONE
   8.03000E+02   1.03738E-05   1.78457E-03   9.89554E-01   2.10188E-07 
    1.12278E-06   8.64993E-03   6.76756E-02   1.57712E-01   7.74606E-01 
    6.15513E-06   1.98625E-07   0.00000E+00   8.39509E-01 
    1.60491E-01  NONE   NONE
   7.93000E+02   8.91314E-06   1.65249E-03   9.89687E-01   1.96888E-07 
    1.12292E-06   8.65004E-03   6.76799E-02   1.58562E-01   7.73752E-01 
    6.24147E-06   1.97759E-07   0.00000E+00   8.39486E-01 
    1.60514E-01  NONE   NONE
   7.83000E+02   7.63392E-06   1.52663E-03   9.89814E-01   1.84064E-07 
    1.12307E-06   8.65012E-03   6.76839E-02   1.59373E-01   7.72936E-01 
    6.32477E-06   1.96853E-07   0.00000E+00   8.39466E-01 
    1.60534E-01  NONE   NONE
   7.73000E+02   6.51667E-06   1.40699E-03   9.89935E-01   1.71723E-07 
    1.12322E-06   8.65019E-03   6.76877E-02   1.60146E-01   7.72160E-01 
    6.40499E-06   1.95908E-07   0.00000E+00   8.39449E-01 
    1.60551E-01  NONE   NONE
   7.63000E+02   5.54364E-06   1.29353E-03   9.90049E-01   1.59873E-07 
    1.12338E-06   8.65024E-03   6.76913E-02   1.60880E-01   7.71422E-01 
    6.48206E-06   1.94920E-07   0.00000E+00   8.39434E-01 
    1.60566E-01  NONE   NONE
   7.53000E+02   4.69876E-06   1.18619E-03   9.90158E-01   1.48518E-07 
    1.12354E-06   8.65028E-03   6.76948E-02   1.61576E-01   7.70723E-01 
    6.55596E-06   1.93891E-07   0.00000E+00   8.39421E-01 
    1.60579E-01  NONE   NONE
   7.43000E+02   3.96746E-06   1.08491E-03   9.90260E-01   1.37661E-07 
    1.12371E-06   8.65031E-03   6.76980E-02   1.62233E-01   7.70062E-01 
    6.62666E-06   1.92817E-07   0.00000E+00   8.39410E-01 
    1.60590E-01  NONE   NONE
   7.33000E+02   3.33656E-06   9.89577E-04   9.90356E-01   1.27303E-07 
    1.12388E-06   8.65033E-03   6.77011E-02   1.62852E-01   7.69440E-01 
    6.69414E-06   1.91697E-07   0.00000E+00   8.39400E-01 
    1.60600E-01  NONE   NONE
   7.23000E+02   2.79419E-06   9.00095E-04   9.90446E-01   1.17445E-07 
    1.12406E-06   8.65034E-03   6.77040E-02   1.63435E-01   7.68854E-01 
    6.75840E-06   1.90529E-07   0.00000E+00   8.39391E-01 
    1.60609E-01  NONE   NONE
   7.13000E+02   2.32964E-06   8.16334E-04   9.90530E-01   1.08085E-07 
    1.12425E-06   8.65035E-03   6.77067E-02   1.63980E-01   7.68306E-01 
    6.81944E-06   1.89311E-07   0.00000E+00   8.39384E-01 
    1.60616E-01  NONE   NONE
   7.03000E+02   1.93330E-06   7.38149E-04   9.90608E-01   9.92189E-08 
    1.12444E-06   8.65035E-03   6.77092E-02   1.64490E-01   7.67793E-01 
    6.87728E-06   1.88041E-07   0.00000E+00   8.39378E-01 
    1.60622E-01  NONE   NONE
   6.93000E+02   1.59655E-06   6.65383E-04   9.90681E-01   9.08425E-08 
    1.12465E-06   8.65035E-03   6.77116E-02   1.64965E-01   7.67316E-01 
    6.93195E-06   1.86716E-07   0.00000E+00   8.39373E-01 
    1.60627E-01  NONE   NONE
   6.83000E+02   1.31167E-06   5.97864E-04   9.90749E-01   8.29490E-08 
    1.12486E-06   8.65034E-03   6.77138E-02   1.65407E-01   7.66872E-01 
    6.98349E-06   1.85334E-07   0.00000E+00   8.39368E-01 
    1.60632E-01  NONE   NONE
   6.73000E+02   1.07179E-06   5.35409E-04   9.90812E-01   7.55305E-08 
    1.12508E-06   8.65033E-03   6.77158E-02   1.65815E-01   7.66462E-01 
    7.03194E-06   1.83892E-07   0.00000E+00   8.39365E-01 
    1.60635E-01  NONE   NONE
