
 Phase Region for:
     FCC_A1#1                      
 col-1=T, col-2=W(FCC_A1#1,C), col-3=W(FCC_A1#1,CR), col-4=W(FCC_A1#1,FE),
   col-5=W(FCC_A1#1,MN), col-6=W(FCC_A1#1,NI), col-7=W(FCC_A1#1,SI),
   col-8=NP(FCC_A1#1),
   1.17300E+03   9.00000E-03   1.00000E-06   9.75996E-01   7.50075E-03 
    1.00000E-06   7.50075E-03   1.00000E+00
   1.18300E+03   9.00000E-03   1.00000E-06   9.75997E-01   7.50075E-03 
    1.00000E-06   7.50075E-03   1.00000E+00
   1.19300E+03   9.00000E-03   1.00000E-06   9.75997E-01   7.50075E-03 
    1.00000E-06   7.50075E-03   1.00000E+00
   1.20300E+03   9.00000E-03   1.00000E-06   9.75997E-01   7.50075E-03 
    1.00000E-06   7.50075E-03   1.00000E+00
   1.21300E+03   9.00000E-03   1.00000E-06   9.75997E-01   7.50075E-03 
    1.00000E-06   7.50075E-03   1.00000E+00
   1.22300E+03   9.00000E-03   1.00000E-06   9.75996E-01   7.50075E-03 
    1.00000E-06   7.50075E-03   1.00000E+00
   1.23300E+03   9.00000E-03   1.00000E-06   9.75997E-01   7.50075E-03 
    1.00000E-06   7.50075E-03   1.00000E+00
   1.24300E+03   9.00000E-03   1.00000E-06   9.75996E-01   7.50075E-03 
    1.00000E-06   7.50075E-03   1.00000E+00
   1.25300E+03   9.00000E-03   1.00000E-06   9.75996E-01   7.50075E-03 
    1.00000E-06   7.50075E-03   1.00000E+00
   1.26300E+03   9.00000E-03   1.00000E-06   9.75996E-01   7.50075E-03 
    1.00000E-06   7.50075E-03   1.00000E+00
   1.27300E+03   9.00000E-03   1.00000E-06   9.75997E-01   7.50075E-03 
    1.00000E-06   7.50075E-03   1.00000E+00
   1.28300E+03   9.00000E-03   1.00000E-06   9.75997E-01   7.50075E-03 
    1.00000E-06   7.50075E-03   1.00000E+00
   1.29300E+03   9.00000E-03   1.00000E-06   9.75997E-01   7.50075E-03 
    1.00000E-06   7.50075E-03   1.00000E+00
   1.30300E+03   9.00000E-03   1.00000E-06   9.75997E-01   7.50075E-03 
    1.00000E-06   7.50075E-03   1.00000E+00
   1.31300E+03   9.00000E-03   1.00000E-06   9.75997E-01   7.50075E-03 
    1.00000E-06   7.50075E-03   1.00000E+00
   1.32300E+03   9.00000E-03   1.00000E-06   9.75997E-01   7.50075E-03 
    1.00000E-06   7.50075E-03   1.00000E+00
   1.33300E+03   9.00000E-03   1.00000E-06   9.75996E-01   7.50075E-03 
    1.00000E-06   7.50075E-03   1.00000E+00
   1.34300E+03   9.00000E-03   1.00000E-06   9.75997E-01   7.50075E-03 
    1.00000E-06   7.50075E-03   1.00000E+00
   1.35300E+03   9.00000E-03   1.00000E-06   9.75997E-01   7.50075E-03 
    1.00000E-06   7.50075E-03   1.00000E+00
   1.36300E+03   9.00000E-03   1.00000E-06   9.75996E-01   7.50075E-03 
    1.00000E-06   7.50075E-03   1.00000E+00
   1.37300E+03   9.00000E-03   1.00000E-06   9.75996E-01   7.50075E-03 
    1.00000E-06   7.50075E-03   1.00000E+00
   1.38300E+03   9.00000E-03   1.00000E-06   9.75997E-01   7.50075E-03 
    1.00000E-06   7.50075E-03   1.00000E+00
   1.39300E+03   9.00000E-03   1.00000E-06   9.75997E-01   7.50075E-03 
    1.00000E-06   7.50075E-03   1.00000E+00
   1.40300E+03   9.00000E-03   1.00000E-06   9.75997E-01   7.50075E-03 
    1.00000E-06   7.50075E-03   1.00000E+00
   1.41300E+03   9.00000E-03   1.00000E-06   9.75997E-01   7.50075E-03 
    1.00000E-06   7.50075E-03   1.00000E+00
   1.42300E+03   9.00000E-03   1.00000E-06   9.75997E-01   7.50075E-03 
    1.00000E-06   7.50075E-03   1.00000E+00
   1.43300E+03   9.00000E-03   1.00000E-06   9.75996E-01   7.50075E-03 
    1.00000E-06   7.50075E-03   1.00000E+00
   1.44300E+03   9.00000E-03   1.00000E-06   9.75997E-01   7.50075E-03 
    1.00000E-06   7.50075E-03   1.00000E+00
   1.45300E+03   9.00000E-03   1.00000E-06   9.75996E-01   7.50075E-03 
    1.00000E-06   7.50075E-03   1.00000E+00
   1.46300E+03   9.00000E-03   1.00000E-06   9.75996E-01   7.50075E-03 
    1.00000E-06   7.50075E-03   1.00000E+00
   1.47300E+03   9.00000E-03   1.00000E-06   9.75996E-01   7.50075E-03 
    1.00000E-06   7.50075E-03   1.00000E+00

 Phase Region for:
     FCC_A1#1                      
 col-1=T, col-2=W(FCC_A1#1,C), col-3=W(FCC_A1#1,CR), col-4=W(FCC_A1#1,FE),
   col-5=W(FCC_A1#1,MN), col-6=W(FCC_A1#1,NI), col-7=W(FCC_A1#1,SI),
   col-8=NP(FCC_A1#1),
   1.17300E+03   9.00000E-03   1.00000E-06   9.75996E-01   7.50075E-03 
    1.00000E-06   7.50075E-03   1.00000E+00
   1.16300E+03   9.00000E-03   1.00000E-06   9.75996E-01   7.50075E-03 
    1.00000E-06   7.50075E-03   1.00000E+00
   1.15300E+03   9.00000E-03   1.00000E-06   9.75997E-01   7.50075E-03 
    1.00000E-06   7.50075E-03   1.00000E+00
   1.14300E+03   9.00000E-03   1.00000E-06   9.75997E-01   7.50075E-03 
    1.00000E-06   7.50075E-03   1.00000E+00
   1.13300E+03   9.00000E-03   1.00000E-06   9.75996E-01   7.50075E-03 
    1.00000E-06   7.50075E-03   1.00000E+00
   1.12300E+03   9.00000E-03   1.00000E-06   9.75997E-01   7.50075E-03 
    1.00000E-06   7.50075E-03   1.00000E+00
   1.11300E+03   9.00000E-03   1.00000E-06   9.75997E-01   7.50075E-03 
    1.00000E-06   7.50075E-03   1.00000E+00
   1.10300E+03   9.00000E-03   1.00000E-06   9.75997E-01   7.50075E-03 
    1.00000E-06   7.50075E-03   1.00000E+00
   1.09300E+03   9.00000E-03   1.00000E-06   9.75997E-01   7.50075E-03 
    1.00000E-06   7.50075E-03   1.00000E+00
   1.08300E+03   9.00000E-03   1.00000E-06   9.75997E-01   7.50075E-03 
    1.00000E-06   7.50075E-03   1.00000E+00
   1.07744E+03   9.00000E-03   1.00000E-06   9.75996E-01   7.50075E-03 
    1.00000E-06   7.50075E-03   1.00000E+00

 Phase Region for:
     CEMENTITE                     
     FCC_A1#1                      
 col-1=T, col-2=W(CEMENTITE,C), col-3=W(CEMENTITE,CR), col-4=W(CEMENTITE,FE),
   col-5=W(CEMENTITE,MN), col-6=W(CEMENTITE,NI), col-7=W(CEMENTITE,SI),
   col-8=W(FCC_A1#1,C), col-9=W(FCC_A1#1,CR), col-10=W(FCC_A1#1,FE),
   col-11=W(FCC_A1#1,MN), col-12=W(FCC_A1#1,NI), col-13=W(FCC_A1#1,SI),
   col-14=NP(CEMENTITE), col-15=NP(FCC_A1#1),
   1.07744E+03   6.69118E-02   8.89794E-06   9.17248E-01   1.58316E-02 
    1.55401E-07   0.00000E+00   9.00000E-03   1.00000E-06   9.75997E-01 
    7.50075E-03   1.00000E-06   7.50075E-03   5.55954E-08   1.00000E+00
   1.07300E+03   6.69119E-02   8.89811E-06   9.17192E-01   1.58873E-02 
    1.53947E-07   0.00000E+00   8.88067E-03   9.83726E-07   9.76118E-01 
    7.48347E-03   1.00174E-06   7.51621E-03   2.45961E-03   9.97540E-01
   1.06300E+03   6.69120E-02   8.89636E-06   9.17064E-01   1.60148E-02 
    1.50684E-07   0.00000E+00   8.61449E-03   9.47435E-07   9.76389E-01 
    7.44407E-03   1.00565E-06   7.55068E-03   7.91005E-03   9.92090E-01
   1.05300E+03   6.69122E-02   8.89169E-06   9.16933E-01   1.61455E-02 
    1.47429E-07   0.00000E+00   8.35147E-03   9.11625E-07   9.76658E-01 
    7.40394E-03   1.00955E-06   7.58475E-03   1.32469E-02   9.86753E-01
   1.04300E+03   6.69123E-02   8.88417E-06   9.16799E-01   1.62795E-02 
    1.44184E-07   0.00000E+00   8.09164E-03   8.76336E-07   9.76925E-01 
    7.36305E-03   1.01342E-06   7.61840E-03   1.84723E-02   9.81528E-01
   1.03300E+03   6.69125E-02   8.87386E-06   9.16662E-01   1.64169E-02 
    1.40949E-07   0.00000E+00   7.83502E-03   8.41608E-07   9.77190E-01 
    7.32139E-03   1.01728E-06   7.65164E-03   2.35879E-02   9.76412E-01
   1.02300E+03   6.69126E-02   8.86084E-06   9.16521E-01   1.65577E-02 
    1.37726E-07   0.00000E+00   7.58164E-03   8.07477E-07   9.77453E-01 
    7.27893E-03   1.02112E-06   7.68445E-03   2.85956E-02   9.71404E-01
   1.01300E+03   6.69128E-02   8.84521E-06   9.16376E-01   1.67020E-02 
    1.34515E-07   0.00000E+00   7.33152E-03   7.73978E-07   9.77714E-01 
    7.23566E-03   1.02493E-06   7.71685E-03   3.34970E-02   9.66503E-01
   1.00962E+03   6.69129E-02   8.83935E-06   9.16327E-01   1.67516E-02 
    1.33433E-07   0.00000E+00   7.24777E-03   7.62810E-07   9.77802E-01 
    7.22085E-03   1.02622E-06   7.72770E-03   3.51291E-02   9.64871E-01

 Phase Region for:
     BCC_A2                        
     CEMENTITE                     
     FCC_A1#1                      
 col-1=T, col-2=W(BCC_A2,C), col-3=W(BCC_A2,CR), col-4=W(BCC_A2,FE),
   col-5=W(BCC_A2,MN), col-6=W(BCC_A2,NI), col-7=W(BCC_A2,SI),
   col-8=W(CEMENTITE,C), col-9=W(CEMENTITE,CR), col-10=W(CEMENTITE,FE),
   col-11=W(CEMENTITE,MN), col-12=W(CEMENTITE,NI), col-13=W(CEMENTITE,SI),
   col-14=W(FCC_A1#1,C), col-15=W(FCC_A1#1,CR), col-16=W(FCC_A1#1,FE),
   col-17=W(FCC_A1#1,MN), col-18=W(FCC_A1#1,NI), col-19=W(FCC_A1#1,SI),
   col-20=NP(BCC_A2), col-21=NP(CEMENTITE), col-22=NP(FCC_A1#1),
   1.00962E+03   1.83466E-04   3.83222E-07   9.85861E-01   2.25845E-03 
    4.88823E-07   1.16960E-02   6.69129E-02   8.83931E-06   9.16327E-01 
    1.67517E-02   1.33433E-07   0.00000E+00   7.24777E-03   7.62806E-07 
    9.77802E-01   7.22089E-03   1.02623E-06   7.72767E-03   8.93386E-06 
    3.51304E-02   9.64861E-01
   1.00300E+03   1.71867E-04   2.75357E-07   9.87280E-01   3.09116E-03 
    7.70180E-07   9.45623E-03   6.69216E-02   6.68899E-06   9.08435E-01 
    2.46368E-02   2.10846E-07   0.00000E+00   7.16766E-03   5.54848E-07 
    9.76299E-01   1.03055E-02   1.67672E-06   6.22592E-03   5.68870E-01 
    1.18758E-01   3.12372E-01
   9.99016E+02   1.63515E-04   2.40749E-07   9.87352E-01   3.83827E-03 
    1.10635E-06   8.64491E-03   6.69292E-02   5.97741E-06   9.01554E-01 
    3.15108E-02   3.02794E-07   0.00000E+00   7.08379E-03   4.86572E-07 
    9.74137E-01   1.30324E-02   2.47357E-06   5.74371E-03   8.41646E-01 
    1.58354E-01   0.00000E+00

 Phase Region for:
     BCC_A2                        
     CEMENTITE                     
 col-1=T, col-2=W(BCC_A2,C), col-3=W(BCC_A2,CR), col-4=W(BCC_A2,FE),
   col-5=W(BCC_A2,MN), col-6=W(BCC_A2,NI), col-7=W(BCC_A2,SI),
   col-8=W(CEMENTITE,C), col-9=W(CEMENTITE,CR), col-10=W(CEMENTITE,FE),
   col-11=W(CEMENTITE,MN), col-12=W(CEMENTITE,NI), col-13=W(CEMENTITE,SI),
   col-14=NP(BCC_A2), col-15=NP(CEMENTITE),
   9.99016E+02   1.63515E-04   2.40749E-07   9.87352E-01   3.83827E-03 
    1.10635E-06   8.64491E-03   6.69292E-02   5.97741E-06   9.01554E-01 
    3.15108E-02   3.02794E-07   0.00000E+00   8.41646E-01   1.58354E-01  NONE
   9.93000E+02   1.53347E-04   2.34756E-07   9.87453E-01   3.74619E-03 
    1.10627E-06   8.64621E-03   6.69298E-02   6.01098E-06   9.00977E-01 
    3.20864E-02   3.04144E-07   0.00000E+00   8.41488E-01   1.58512E-01  NONE
   9.83000E+02   1.37683E-04   2.24948E-07   9.87617E-01   3.59556E-03 
    1.10612E-06   8.64822E-03   6.69309E-02   6.06633E-06   9.00035E-01 
    3.30281E-02   3.06298E-07   0.00000E+00   8.41245E-01   1.58755E-01  NONE
   9.73000E+02   1.23450E-04   2.15329E-07   9.87777E-01   3.44793E-03 
    1.10598E-06   8.65004E-03   6.69319E-02   6.12107E-06   8.99111E-01 
    3.39511E-02   3.08348E-07   0.00000E+00   8.41024E-01   1.58976E-01  NONE
   9.63000E+02   1.10529E-04   2.05900E-07   9.87933E-01   3.30331E-03 
    1.10583E-06   8.65170E-03   6.69329E-02   6.17516E-06   8.98205E-01 
    3.48555E-02   3.10300E-07   0.00000E+00   8.40823E-01   1.59177E-01  NONE
   9.53000E+02   9.88102E-05   1.96663E-07   9.88085E-01   3.16173E-03 
    1.10568E-06   8.65320E-03   6.69339E-02   6.22856E-06   8.97318E-01 
    3.57415E-02   3.12160E-07   0.00000E+00   8.40641E-01   1.59359E-01  NONE
   9.43000E+02   8.81923E-05   1.87618E-07   9.88233E-01   3.02319E-03 
    1.10553E-06   8.65455E-03   6.69348E-02   6.28122E-06   8.96450E-01 
    3.66089E-02   3.13931E-07   0.00000E+00   8.40476E-01   1.59524E-01  NONE
   9.33000E+02   7.85832E-05   1.78768E-07   9.88377E-01   2.88772E-03 
    1.10539E-06   8.65578E-03   6.69358E-02   6.33309E-06   8.95600E-01 
    3.74578E-02   3.15619E-07   0.00000E+00   8.40327E-01   1.59673E-01  NONE
   9.23000E+02   6.98974E-05   1.70117E-07   9.88517E-01   2.75533E-03 
    1.10524E-06   8.65688E-03   6.69367E-02   6.38411E-06   8.94769E-01 
    3.82881E-02   3.17226E-07   0.00000E+00   8.40193E-01   1.59807E-01  NONE
   9.13000E+02   6.20566E-05   1.61667E-07   9.88653E-01   2.62605E-03 
    1.10509E-06   8.65788E-03   6.69376E-02   6.43425E-06   8.93956E-01 
    3.90995E-02   3.18758E-07   0.00000E+00   8.40071E-01   1.59929E-01  NONE
   9.03000E+02   5.49884E-05   1.53423E-07   9.88785E-01   2.49991E-03 
    1.10495E-06   8.65878E-03   6.69385E-02   6.48343E-06   8.93163E-01 
    3.98921E-02   3.20215E-07   0.00000E+00   8.39962E-01   1.60038E-01  NONE
   8.93000E+02   4.86262E-05   1.45388E-07   9.88914E-01   2.37693E-03 
    1.10481E-06   8.65958E-03   6.69393E-02   6.53163E-06   8.92388E-01 
    4.06656E-02   3.21602E-07   0.00000E+00   8.39863E-01   1.60137E-01  NONE
   8.83000E+02   4.29086E-05   1.37566E-07   9.89038E-01   2.25714E-03 
    1.10467E-06   8.66031E-03   6.69401E-02   6.57877E-06   8.91633E-01 
    4.14197E-02   3.22918E-07   0.00000E+00   8.39774E-01   1.60226E-01  NONE
   8.73000E+02   3.77790E-05   1.29962E-07   9.89159E-01   2.14058E-03 
    1.10454E-06   8.66095E-03   6.69410E-02   6.62481E-06   8.90898E-01 
    4.21543E-02   3.24167E-07   0.00000E+00   8.39695E-01   1.60305E-01  NONE
   8.63000E+02   3.31850E-05   1.22579E-07   9.89277E-01   2.02729E-03 
    1.10441E-06   8.66153E-03   6.69418E-02   6.66971E-06   8.90182E-01 
    4.28691E-02   3.25350E-07   0.00000E+00   8.39624E-01   1.60376E-01  NONE
   8.53000E+02   2.90786E-05   1.15422E-07   9.89390E-01   1.91729E-03 
    1.10428E-06   8.66205E-03   6.69425E-02   6.71342E-06   8.89487E-01 
    4.35639E-02   3.26466E-07   0.00000E+00   8.39560E-01   1.60440E-01  NONE
   8.43000E+02   2.54153E-05   1.08494E-07   9.89500E-01   1.81061E-03 
    1.10416E-06   8.66251E-03   6.69433E-02   6.75590E-06   8.88811E-01 
    4.42384E-02   3.27517E-07   0.00000E+00   8.39503E-01   1.60497E-01  NONE
   8.33000E+02   2.21543E-05   1.01798E-07   9.89606E-01   1.70729E-03 
    1.10404E-06   8.66292E-03   6.69440E-02   6.79709E-06   8.88157E-01 
    4.48923E-02   3.28503E-07   0.00000E+00   8.39453E-01   1.60547E-01  NONE
   8.23000E+02   1.92577E-05   9.53378E-08   9.89709E-01   1.60736E-03 
    1.10393E-06   8.66328E-03   6.69447E-02   6.83698E-06   8.87523E-01 
    4.55255E-02   3.29424E-07   0.00000E+00   8.39408E-01   1.60592E-01  NONE
   8.13000E+02   1.66910E-05   8.91154E-08   9.89808E-01   1.51083E-03 
    1.10383E-06   8.66360E-03   6.69454E-02   6.87551E-06   8.86910E-01 
    4.61378E-02   3.30278E-07   0.00000E+00   8.39368E-01   1.60632E-01  NONE
   8.03000E+02   1.44222E-05   8.31331E-08   9.89903E-01   1.41772E-03 
    1.10373E-06   8.66388E-03   6.69460E-02   6.91267E-06   8.86318E-01 
    4.67289E-02   3.31066E-07   0.00000E+00   8.39333E-01   1.60667E-01  NONE
   7.93000E+02   1.24219E-05   7.73927E-08   9.89994E-01   1.32806E-03 
    1.10364E-06   8.66412E-03   6.69467E-02   6.94843E-06   8.85747E-01 
    4.72986E-02   3.31787E-07   0.00000E+00   8.39302E-01   1.60698E-01  NONE
   7.83000E+02   1.06633E-05   7.18951E-08   9.90082E-01   1.24185E-03 
    1.10356E-06   8.66434E-03   6.69473E-02   6.98277E-06   8.85198E-01 
    4.78470E-02   3.32438E-07   0.00000E+00   8.39275E-01   1.60725E-01  NONE
   7.73000E+02   9.12156E-06   6.66409E-08   9.90166E-01   1.15910E-03 
    1.10349E-06   8.66453E-03   6.69478E-02   7.01567E-06   8.84671E-01 
    4.83739E-02   3.33019E-07   0.00000E+00   8.39251E-01   1.60749E-01  NONE
   7.63000E+02   7.77412E-06   6.16299E-08   9.90247E-01   1.07980E-03 
    1.10342E-06   8.66469E-03   6.69484E-02   7.04712E-06   8.84165E-01 
    4.88792E-02   3.33527E-07   0.00000E+00   8.39230E-01   1.60770E-01  NONE
   7.53000E+02   6.60026E-06   5.68614E-08   9.90323E-01   1.00394E-03 
    1.10337E-06   8.66483E-03   6.69489E-02   7.07711E-06   8.83681E-01 
    4.93629E-02   3.33961E-07   0.00000E+00   8.39212E-01   1.60788E-01  NONE
   7.43000E+02   5.58109E-06   5.23339E-08   9.90397E-01   9.31517E-04 
    1.10332E-06   8.66495E-03   6.69495E-02   7.10565E-06   8.83218E-01 
    4.98252E-02   3.34318E-07   0.00000E+00   8.39196E-01   1.60804E-01  NONE
   7.33000E+02   4.69938E-06   4.80453E-08   9.90467E-01   8.62498E-04 
    1.10329E-06   8.66506E-03   6.69499E-02   7.13273E-06   8.82777E-01 
    5.02660E-02   3.34595E-07   0.00000E+00   8.39183E-01   1.60817E-01  NONE
   7.23000E+02   3.93945E-06   4.39930E-08   9.90533E-01   7.96856E-04 
    1.10327E-06   8.66515E-03   6.69504E-02   7.15836E-06   8.82357E-01 
    5.06856E-02   3.34790E-07   0.00000E+00   8.39171E-01   1.60829E-01  NONE
   7.13000E+02   3.28707E-06   4.01734E-08   9.90596E-01   7.34552E-04 
    1.10326E-06   8.66522E-03   6.69508E-02   7.18256E-06   8.81958E-01 
    5.10841E-02   3.34899E-07   0.00000E+00   8.39161E-01   1.60839E-01  NONE
   7.03000E+02   2.72937E-06   3.65827E-08   9.90655E-01   6.75544E-04 
    1.10326E-06   8.66529E-03   6.69513E-02   7.20535E-06   8.81579E-01 
    5.14618E-02   3.34919E-07   0.00000E+00   8.39152E-01   1.60848E-01  NONE
   6.93000E+02   2.25469E-06   3.32162E-08   9.90711E-01   6.19777E-04 
    1.10327E-06   8.66534E-03   6.69517E-02   7.22675E-06   8.81222E-01 
    5.18189E-02   3.34847E-07   0.00000E+00   8.39145E-01   1.60855E-01  NONE
   6.83000E+02   1.85256E-06   3.00687E-08   9.90764E-01   5.67195E-04 
    1.10330E-06   8.66538E-03   6.69520E-02   7.24678E-06   8.80884E-01 
    5.21559E-02   3.34677E-07   0.00000E+00   8.39139E-01   1.60861E-01  NONE
   6.73000E+02   1.51356E-06   2.71343E-08   9.90814E-01   5.17730E-04 
    1.10335E-06   8.66542E-03   6.69524E-02   7.26549E-06   8.80567E-01 
    5.24731E-02   3.34407E-07   0.00000E+00   8.39133E-01   1.60867E-01  NONE
