
 Phase Region for:
     CEMENTITE                     
     FCC_A1#1                      
 col-1=T, col-2=X(CEMENTITE,C), col-3=X(CEMENTITE,CR), col-4=X(CEMENTITE,FE),
   col-5=X(CEMENTITE,MN), col-6=X(CEMENTITE,NI), col-7=X(CEMENTITE,SI),
   col-8=X(FCC_A1#1,C), col-9=X(FCC_A1#1,CR), col-10=X(FCC_A1#1,FE),
   col-11=X(FCC_A1#1,MN), col-12=X(FCC_A1#1,NI), col-13=X(FCC_A1#1,SI),
   col-14=NP(CEMENTITE), col-15=NP(FCC_A1#1),
   1.17300E+03   2.50000E-01   1.28086E-01   6.13560E-01   8.35391E-03 
    9.99167E-08   0.00000E+00   3.72323E-02   2.42530E-02   8.88514E-01 
    7.20048E-03   9.09151E-07   4.27988E-02   1.10711E-02   9.88929E-01  NONE
   1.18300E+03   2.50000E-01   1.27578E-01   6.14124E-01   8.29736E-03 
    1.02141E-07   0.00000E+00   3.84917E-02   2.48702E-02   8.86884E-01 
    7.20760E-03   9.04350E-07   4.25455E-02   5.18303E-03   9.94817E-01  NONE
   1.19156E+03   2.50000E-01   1.27149E-01   6.14601E-01   8.25056E-03 
    1.04058E-07   0.00000E+00   3.95879E-02   2.54026E-02   8.85470E-01 
    7.21325E-03   9.00192E-07   4.23250E-02   0.00000E+00   1.00000E+00  NONE

 Phase Region for:
     FCC_A1#1                      
 col-1=T, col-2=X(FCC_A1#1,C), col-3=X(FCC_A1#1,CR), col-4=X(FCC_A1#1,FE),
   col-5=X(FCC_A1#1,MN), col-6=X(FCC_A1#1,NI), col-7=X(FCC_A1#1,SI),
   col-8=NP(FCC_A1#1),
   1.19156E+03   3.95879E-02   2.54026E-02   8.85470E-01   7.21325E-03 
    9.00192E-07   4.23250E-02   1.00000E+00
   1.19300E+03   3.95879E-02   2.54026E-02   8.85470E-01   7.21325E-03 
    9.00192E-07   4.23250E-02   1.00000E+00
   1.20300E+03   3.95879E-02   2.54026E-02   8.85470E-01   7.21325E-03 
    9.00192E-07   4.23250E-02   1.00000E+00
   1.21300E+03   3.95879E-02   2.54026E-02   8.85470E-01   7.21325E-03 
    9.00192E-07   4.23250E-02   1.00000E+00
   1.22300E+03   3.95879E-02   2.54026E-02   8.85470E-01   7.21325E-03 
    9.00192E-07   4.23250E-02   1.00000E+00
   1.23300E+03   3.95879E-02   2.54026E-02   8.85470E-01   7.21325E-03 
    9.00192E-07   4.23250E-02   1.00000E+00
   1.24300E+03   3.95879E-02   2.54026E-02   8.85470E-01   7.21325E-03 
    9.00192E-07   4.23250E-02   1.00000E+00
   1.25300E+03   3.95879E-02   2.54026E-02   8.85470E-01   7.21325E-03 
    9.00192E-07   4.23250E-02   1.00000E+00
   1.26300E+03   3.95879E-02   2.54026E-02   8.85470E-01   7.21325E-03 
    9.00192E-07   4.23250E-02   1.00000E+00
   1.27300E+03   3.95879E-02   2.54026E-02   8.85470E-01   7.21325E-03 
    9.00192E-07   4.23250E-02   1.00000E+00
   1.28300E+03   3.95879E-02   2.54026E-02   8.85470E-01   7.21325E-03 
    9.00192E-07   4.23250E-02   1.00000E+00
   1.29300E+03   3.95879E-02   2.54026E-02   8.85470E-01   7.21325E-03 
    9.00192E-07   4.23250E-02   1.00000E+00
   1.30300E+03   3.95879E-02   2.54026E-02   8.85470E-01   7.21325E-03 
    9.00192E-07   4.23250E-02   1.00000E+00
   1.31300E+03   3.95879E-02   2.54026E-02   8.85470E-01   7.21325E-03 
    9.00192E-07   4.23250E-02   1.00000E+00
   1.32300E+03   3.95879E-02   2.54026E-02   8.85470E-01   7.21325E-03 
    9.00192E-07   4.23250E-02   1.00000E+00
   1.33300E+03   3.95879E-02   2.54026E-02   8.85470E-01   7.21325E-03 
    9.00192E-07   4.23250E-02   1.00000E+00
   1.34300E+03   3.95879E-02   2.54026E-02   8.85470E-01   7.21325E-03 
    9.00192E-07   4.23250E-02   1.00000E+00
   1.35300E+03   3.95879E-02   2.54026E-02   8.85470E-01   7.21325E-03 
    9.00192E-07   4.23250E-02   1.00000E+00
   1.36300E+03   3.95879E-02   2.54026E-02   8.85470E-01   7.21325E-03 
    9.00192E-07   4.23250E-02   1.00000E+00
   1.37300E+03   3.95879E-02   2.54026E-02   8.85470E-01   7.21325E-03 
    9.00192E-07   4.23250E-02   1.00000E+00
   1.38300E+03   3.95879E-02   2.54026E-02   8.85470E-01   7.21325E-03 
    9.00192E-07   4.23250E-02   1.00000E+00
   1.39300E+03   3.95879E-02   2.54026E-02   8.85470E-01   7.21325E-03 
    9.00192E-07   4.23250E-02   1.00000E+00
   1.40300E+03   3.95879E-02   2.54026E-02   8.85470E-01   7.21325E-03 
    9.00192E-07   4.23250E-02   1.00000E+00
   1.41300E+03   3.95879E-02   2.54026E-02   8.85470E-01   7.21325E-03 
    9.00192E-07   4.23250E-02   1.00000E+00
   1.42300E+03   3.95879E-02   2.54026E-02   8.85470E-01   7.21325E-03 
    9.00192E-07   4.23250E-02   1.00000E+00
   1.43300E+03   3.95879E-02   2.54026E-02   8.85470E-01   7.21325E-03 
    9.00192E-07   4.23250E-02   1.00000E+00
   1.44300E+03   3.95879E-02   2.54026E-02   8.85470E-01   7.21325E-03 
    9.00192E-07   4.23250E-02   1.00000E+00
   1.45300E+03   3.95879E-02   2.54026E-02   8.85470E-01   7.21325E-03 
    9.00192E-07   4.23250E-02   1.00000E+00
   1.46300E+03   3.95879E-02   2.54026E-02   8.85470E-01   7.21325E-03 
    9.00192E-07   4.23250E-02   1.00000E+00
   1.47300E+03   3.95879E-02   2.54026E-02   8.85470E-01   7.21325E-03 
    9.00192E-07   4.23250E-02   1.00000E+00

 Phase Region for:
     CEMENTITE                     
     FCC_A1#1                      
 col-1=T, col-2=X(CEMENTITE,C), col-3=X(CEMENTITE,CR), col-4=X(CEMENTITE,FE),
   col-5=X(CEMENTITE,MN), col-6=X(CEMENTITE,NI), col-7=X(CEMENTITE,SI),
   col-8=X(FCC_A1#1,C), col-9=X(FCC_A1#1,CR), col-10=X(FCC_A1#1,FE),
   col-11=X(FCC_A1#1,MN), col-12=X(FCC_A1#1,NI), col-13=X(FCC_A1#1,SI),
   col-14=NP(CEMENTITE), col-15=NP(FCC_A1#1),
   1.17300E+03   2.50000E-01   1.28086E-01   6.13560E-01   8.35391E-03 
    9.99167E-08   0.00000E+00   3.72323E-02   2.42530E-02   8.88514E-01 
    7.20048E-03   9.09151E-07   4.27988E-02   1.10711E-02   9.88929E-01  NONE
   1.16300E+03   2.50000E-01   1.28600E-01   6.12987E-01   8.41257E-03 
    9.77076E-08   0.00000E+00   3.59957E-02   2.36408E-02   8.90122E-01 
    7.19278E-03   9.13892E-07   4.30475E-02   1.67855E-02   9.83214E-01  NONE
   1.15300E+03   2.50000E-01   1.29120E-01   6.12407E-01   8.47339E-03 
    9.55145E-08   0.00000E+00   3.47819E-02   2.30336E-02   8.91707E-01 
    7.18447E-03   9.18572E-07   4.32917E-02   2.23311E-02   9.77669E-01  NONE
   1.14300E+03   2.50000E-01   1.29645E-01   6.11818E-01   8.53643E-03 
    9.33378E-08   0.00000E+00   3.35907E-02   2.24315E-02   8.93270E-01 
    7.17554E-03   9.23189E-07   4.35313E-02   2.77122E-02   9.72288E-01  NONE
   1.13300E+03   2.50000E-01   1.30175E-01   6.11223E-01   8.60175E-03 
    9.11780E-08   0.00000E+00   3.24224E-02   2.18346E-02   8.94810E-01 
    7.16597E-03   9.27743E-07   4.37663E-02   3.29333E-02   9.67067E-01  NONE
   1.12300E+03   2.50000E-01   1.30710E-01   6.10620E-01   8.66943E-03 
    8.90354E-08   0.00000E+00   3.12767E-02   2.12430E-02   8.96327E-01 
    7.15573E-03   9.32232E-07   4.39968E-02   3.79985E-02   9.62001E-01  NONE
   1.11300E+03   2.50000E-01   1.31249E-01   6.10011E-01   8.73954E-03 
    8.69106E-08   0.00000E+00   3.01539E-02   2.06569E-02   8.97821E-01 
    7.14482E-03   9.36656E-07   4.42226E-02   4.29119E-02   9.57088E-01  NONE
   1.10300E+03   2.50000E-01   1.31792E-01   6.09395E-01   8.81215E-03 
    8.48039E-08   0.00000E+00   2.90538E-02   2.00763E-02   8.99292E-01 
    7.13320E-03   9.41014E-07   4.44439E-02   4.76771E-02   9.52323E-01  NONE
   1.09300E+03   2.50000E-01   1.32339E-01   6.08774E-01   8.88734E-03 
    8.27157E-08   0.00000E+00   2.79765E-02   1.95014E-02   9.00740E-01 
    7.12087E-03   9.45303E-07   4.46606E-02   5.22980E-02   9.47702E-01  NONE
   1.08300E+03   2.50000E-01   1.32888E-01   6.08146E-01   8.96519E-03 
    8.06466E-08   0.00000E+00   2.69220E-02   1.89324E-02   9.02164E-01 
    7.10779E-03   9.49525E-07   4.48728E-02   5.67780E-02   9.43222E-01  NONE
   1.07300E+03   2.50000E-01   1.33441E-01   6.07513E-01   9.04579E-03 
    7.85968E-08   0.00000E+00   2.58902E-02   1.83694E-02   9.03565E-01 
    7.09395E-03   9.53677E-07   4.50803E-02   6.11205E-02   9.38880E-01  NONE
   1.06466E+03   2.50000E-01   1.33903E-01   6.06981E-01   9.11520E-03 
    7.69022E-08   0.00000E+00   2.50470E-02   1.79044E-02   9.04716E-01 
    7.08181E-03   9.57087E-07   4.52499E-02   6.46399E-02   9.35360E-01  NONE

 Phase Region for:
     BCC_A2                        
     CEMENTITE                     
     FCC_A1#1                      
 col-1=T, col-2=X(BCC_A2,C), col-3=X(BCC_A2,CR), col-4=X(BCC_A2,FE),
   col-5=X(BCC_A2,MN), col-6=X(BCC_A2,NI), col-7=X(BCC_A2,SI),
   col-8=X(CEMENTITE,C), col-9=X(CEMENTITE,CR), col-10=X(CEMENTITE,FE),
   col-11=X(CEMENTITE,MN), col-12=X(CEMENTITE,NI), col-13=X(CEMENTITE,SI),
   col-14=X(FCC_A1#1,C), col-15=X(FCC_A1#1,CR), col-16=X(FCC_A1#1,FE),
   col-17=X(FCC_A1#1,MN), col-18=X(FCC_A1#1,NI), col-19=X(FCC_A1#1,SI),
   col-20=NP(BCC_A2), col-21=NP(CEMENTITE), col-22=NP(FCC_A1#1),
   1.06466E+03   8.70947E-04   1.16298E-02   9.26018E-01   3.19250E-03 
    5.22460E-07   5.82878E-02   2.50000E-01   1.33903E-01   6.06981E-01 
    9.11522E-03   7.69024E-08   0.00000E+00   2.50470E-02   1.79044E-02 
    9.04716E-01   7.08183E-03   9.57089E-07   4.52499E-02   4.55534E-06 
    6.46403E-02   9.35355E-01
   1.06300E+03   8.62620E-04   1.13639E-02   9.26959E-01   3.30092E-03 
    5.44453E-07   5.75127E-02   2.50000E-01   1.32124E-01   6.08333E-01 
    9.54258E-03   8.02636E-08   0.00000E+00   2.50714E-02   1.75447E-02 
    9.05431E-01   7.36038E-03   1.00153E-06   4.45913E-02   7.52934E-02 
    7.26420E-02   8.52065E-01
   1.05300E+03   8.09005E-04   9.91846E-03   9.31901E-01   4.15808E-03 
    7.31871E-07   5.32130E-02   2.50000E-01   1.22133E-01   6.14937E-01 
    1.29295E-02   1.08941E-07   0.00000E+00   2.51213E-02   1.55471E-02 
    9.08760E-01   9.55794E-03   1.38426E-06   4.10121E-02   5.08720E-01 
    1.19330E-01   3.71950E-01
   1.04397E+03   7.53227E-04   8.89448E-03   9.34904E-01   5.31090E-03 
    1.03763E-06   5.01367E-02   2.50000E-01   1.14846E-01   6.17633E-01 
    1.75205E-02   1.55540E-07   0.00000E+00   2.49404E-02   1.40727E-02 
    9.09870E-01   1.25131E-02   2.02299E-06   3.86014E-02   8.44192E-01 
    1.55808E-01   0.00000E+00

 Phase Region for:
     BCC_A2                        
     CEMENTITE                     
 col-1=T, col-2=X(BCC_A2,C), col-3=X(BCC_A2,CR), col-4=X(BCC_A2,FE),
   col-5=X(BCC_A2,MN), col-6=X(BCC_A2,NI), col-7=X(BCC_A2,SI),
   col-8=X(CEMENTITE,C), col-9=X(CEMENTITE,CR), col-10=X(CEMENTITE,FE),
   col-11=X(CEMENTITE,MN), col-12=X(CEMENTITE,NI), col-13=X(CEMENTITE,SI),
   col-14=NP(BCC_A2), col-15=NP(CEMENTITE),
   1.04397E+03   7.53227E-04   8.89448E-03   9.34904E-01   5.31090E-03 
    1.03763E-06   5.01367E-02   2.50000E-01   1.14846E-01   6.17633E-01 
    1.75205E-02   1.55540E-07   0.00000E+00   8.44192E-01   1.55808E-01  NONE
   1.04300E+03   7.45097E-04   8.86691E-03   9.34947E-01   5.30191E-03 
    1.03767E-06   5.01383E-02   2.50000E-01   1.14977E-01   6.17456E-01 
    1.75670E-02   1.55460E-07   0.00000E+00   8.44164E-01   1.55836E-01  NONE
   1.03300E+03   6.65901E-04   8.58287E-03   9.35390E-01   5.20588E-03 
    1.03809E-06   5.01542E-02   2.50000E-01   1.16330E-01   6.15605E-01 
    1.80651E-02   1.54692E-07   0.00000E+00   8.43896E-01   1.56104E-01  NONE
   1.02300E+03   5.94008E-04   8.29661E-03   9.35837E-01   5.10244E-03 
    1.03847E-06   5.01687E-02   2.50000E-01   1.17707E-01   6.13690E-01 
    1.86032E-02   1.54042E-07   0.00000E+00   8.43653E-01   1.56347E-01  NONE
   1.01300E+03   5.28877E-04   8.00792E-03   9.36290E-01   4.99057E-03 
    1.03880E-06   5.01818E-02   2.50000E-01   1.19108E-01   6.11705E-01 
    1.91869E-02   1.53533E-07   0.00000E+00   8.43433E-01   1.56567E-01  NONE
   1.00300E+03   4.69995E-04   7.71656E-03   9.36750E-01   4.86905E-03 
    1.03907E-06   5.01936E-02   2.50000E-01   1.20534E-01   6.09643E-01 
    1.98225E-02   1.53189E-07   0.00000E+00   8.43234E-01   1.56766E-01  NONE
   9.93000E+02   4.16738E-04   7.40997E-03   9.37255E-01   4.71321E-03 
    1.03919E-06   5.02044E-02   2.50000E-01   1.22052E-01   6.07306E-01 
    2.06425E-02   1.53572E-07   0.00000E+00   8.43054E-01   1.56946E-01  NONE
   9.83000E+02   3.68959E-04   7.10623E-03   9.37754E-01   4.55550E-03 
    1.03929E-06   5.02140E-02   2.50000E-01   1.23564E-01   6.04964E-01 
    2.14722E-02   1.53947E-07   0.00000E+00   8.42892E-01   1.57108E-01  NONE
   9.73000E+02   3.26164E-04   6.80696E-03   9.38244E-01   4.39897E-03 
    1.03938E-06   5.02226E-02   2.50000E-01   1.25061E-01   6.02644E-01 
    2.22956E-02   1.54252E-07   0.00000E+00   8.42748E-01   1.57252E-01  NONE
   9.63000E+02   2.87876E-04   6.51224E-03   9.38725E-01   4.24365E-03 
    1.03947E-06   5.02303E-02   2.50000E-01   1.26541E-01   6.00346E-01 
    2.31125E-02   1.54495E-07   0.00000E+00   8.42619E-01   1.57381E-01  NONE
   9.53000E+02   2.53664E-04   6.22217E-03   9.39196E-01   4.08961E-03 
    1.03956E-06   5.02372E-02   2.50000E-01   1.28005E-01   5.98072E-01 
    2.39226E-02   1.54679E-07   0.00000E+00   8.42503E-01   1.57497E-01  NONE
   9.43000E+02   2.23136E-04   5.93690E-03   9.39659E-01   3.93692E-03 
    1.03964E-06   5.02433E-02   2.50000E-01   1.29450E-01   5.95824E-01 
    2.47258E-02   1.54811E-07   0.00000E+00   8.42400E-01   1.57600E-01  NONE
   9.33000E+02   1.95933E-04   5.65660E-03   9.40112E-01   3.78564E-03 
    1.03972E-06   5.02488E-02   2.50000E-01   1.30876E-01   5.93602E-01 
    2.55218E-02   1.54895E-07   0.00000E+00   8.42309E-01   1.57691E-01  NONE
   9.23000E+02   1.71728E-04   5.38147E-03   9.40556E-01   3.63585E-03 
    1.03980E-06   5.02536E-02   2.50000E-01   1.32280E-01   5.91410E-01 
    2.63102E-02   1.54935E-07   0.00000E+00   8.42227E-01   1.57773E-01  NONE
   9.13000E+02   1.50225E-04   5.11173E-03   9.40991E-01   3.48763E-03 
    1.03988E-06   5.02580E-02   2.50000E-01   1.33661E-01   5.89249E-01 
    2.70906E-02   1.54936E-07   0.00000E+00   8.42154E-01   1.57846E-01  NONE
   9.03000E+02   1.31154E-04   4.84759E-03   9.41417E-01   3.34109E-03 
    1.03995E-06   5.02618E-02   2.50000E-01   1.35017E-01   5.87121E-01 
    2.78624E-02   1.54900E-07   0.00000E+00   8.42090E-01   1.57910E-01  NONE
   8.93000E+02   1.14269E-04   4.58932E-03   9.41834E-01   3.19633E-03 
    1.04002E-06   5.02652E-02   2.50000E-01   1.36347E-01   5.85028E-01 
    2.86253E-02   1.54830E-07   0.00000E+00   8.42033E-01   1.57967E-01  NONE
   8.83000E+02   9.93445E-05   4.33715E-03   9.42241E-01   3.05346E-03 
    1.04009E-06   5.02682E-02   2.50000E-01   1.37648E-01   5.82973E-01 
    2.93784E-02   1.54731E-07   0.00000E+00   8.41983E-01   1.58017E-01  NONE
   8.73000E+02   8.61787E-05   4.09135E-03   9.42638E-01   2.91261E-03 
    1.04017E-06   5.02709E-02   2.50000E-01   1.38920E-01   5.80958E-01 
    3.01213E-02   1.54603E-07   0.00000E+00   8.41939E-01   1.58061E-01  NONE
   8.63000E+02   7.45863E-05   3.85215E-03   9.43025E-01   2.77392E-03 
    1.04023E-06   5.02732E-02   2.50000E-01   1.40161E-01   5.78986E-01 
    3.08531E-02   1.54450E-07   0.00000E+00   8.41900E-01   1.58100E-01  NONE
   8.53000E+02   6.43998E-05   3.61982E-03   9.43402E-01   2.63753E-03 
    1.04030E-06   5.02752E-02   2.50000E-01   1.41368E-01   5.77059E-01 
    3.15731E-02   1.54272E-07   0.00000E+00   8.41865E-01   1.58135E-01  NONE
   8.43000E+02   5.54673E-05   3.39458E-03   9.43768E-01   2.50358E-03 
    1.04037E-06   5.02770E-02   2.50000E-01   1.42541E-01   5.75179E-01 
    3.22805E-02   1.54072E-07   0.00000E+00   8.41835E-01   1.58165E-01  NONE
   8.33000E+02   4.76513E-05   3.17666E-03   9.44124E-01   2.37224E-03 
    1.04044E-06   5.02786E-02   2.50000E-01   1.43677E-01   5.73348E-01 
    3.29745E-02   1.53850E-07   0.00000E+00   8.41809E-01   1.58191E-01  NONE
   8.23000E+02   4.08277E-05   2.96627E-03   9.44468E-01   2.24367E-03 
    1.04051E-06   5.02800E-02   2.50000E-01   1.44776E-01   5.71570E-01 
    3.36542E-02   1.53608E-07   0.00000E+00   8.41786E-01   1.58214E-01  NONE
   8.13000E+02   3.48843E-05   2.76360E-03   9.44801E-01   2.11801E-03 
    1.04058E-06   5.02812E-02   2.50000E-01   1.45836E-01   5.69845E-01 
    3.43186E-02   1.53346E-07   0.00000E+00   8.41766E-01   1.58234E-01  NONE
   8.03000E+02   2.97201E-05   2.56880E-03   9.45123E-01   1.99544E-03 
    1.04065E-06   5.02822E-02   2.50000E-01   1.46857E-01   5.68176E-01 
    3.49671E-02   1.53064E-07   0.00000E+00   8.41748E-01   1.58252E-01  NONE
   7.93000E+02   2.52443E-05   2.38201E-03   9.45432E-01   1.87610E-03 
    1.04073E-06   5.02831E-02   2.50000E-01   1.47836E-01   5.66565E-01 
    3.55986E-02   1.52763E-07   0.00000E+00   8.41733E-01   1.58267E-01  NONE
   7.83000E+02   2.13753E-05   2.20336E-03   9.45730E-01   1.76015E-03 
    1.04080E-06   5.02839E-02   2.50000E-01   1.48774E-01   5.65013E-01 
    3.62125E-02   1.52441E-07   0.00000E+00   8.41720E-01   1.58280E-01  NONE
   7.73000E+02   1.80399E-05   2.03291E-03   9.46016E-01   1.64774E-03 
    1.04088E-06   5.02846E-02   2.50000E-01   1.49670E-01   5.63522E-01 
    3.68078E-02   1.52099E-07   0.00000E+00   8.41709E-01   1.58291E-01  NONE
   7.63000E+02   1.51728E-05   1.87073E-03   9.46289E-01   1.53900E-03 
    1.04096E-06   5.02851E-02   2.50000E-01   1.50524E-01   5.62092E-01 
    3.73838E-02   1.51735E-07   0.00000E+00   8.41699E-01   1.58301E-01  NONE
   7.53000E+02   1.27156E-05   1.71682E-03   9.46550E-01   1.43407E-03 
    1.04104E-06   5.02856E-02   2.50000E-01   1.51334E-01   5.60726E-01 
    3.79398E-02   1.51349E-07   0.00000E+00   8.41691E-01   1.58309E-01  NONE
   7.43000E+02   1.06162E-05   1.57117E-03   9.46798E-01   1.33304E-03 
    1.04112E-06   5.02860E-02   2.50000E-01   1.52102E-01   5.59423E-01 
    3.84753E-02   1.50939E-07   0.00000E+00   8.41684E-01   1.58316E-01  NONE
   7.33000E+02   8.82853E-06   1.43373E-03   9.47034E-01   1.23604E-03 
    1.04121E-06   5.02864E-02   2.50000E-01   1.52827E-01   5.58183E-01 
    3.89896E-02   1.50503E-07   0.00000E+00   8.41678E-01   1.58322E-01  NONE
   7.23000E+02   7.31143E-06   1.30443E-03   9.47257E-01   1.14313E-03 
    1.04130E-06   5.02867E-02   2.50000E-01   1.53509E-01   5.57008E-01 
    3.94823E-02   1.50040E-07   0.00000E+00   8.41673E-01   1.58327E-01  NONE
   7.13000E+02   6.02865E-06   1.18314E-03   9.47468E-01   1.05439E-03 
    1.04140E-06   5.02870E-02   2.50000E-01   1.54150E-01   5.55897E-01 
    3.99530E-02   1.49547E-07   0.00000E+00   8.41669E-01   1.58331E-01  NONE
   7.03000E+02   4.94815E-06   1.06974E-03   9.47667E-01   9.69865E-04 
    1.04150E-06   5.02872E-02   2.50000E-01   1.54749E-01   5.54849E-01 
    4.04014E-02   1.49023E-07   0.00000E+00   8.41665E-01   1.58335E-01  NONE
   6.93000E+02   4.04168E-06   9.64034E-04   9.47854E-01   8.89590E-04 
    1.04161E-06   5.02874E-02   2.50000E-01   1.55308E-01   5.53864E-01 
    4.08273E-02   1.48465E-07   0.00000E+00   8.41662E-01   1.58338E-01  NONE
   6.83000E+02   3.28448E-06   8.65838E-04   9.48029E-01   8.13575E-04 
    1.04173E-06   5.02875E-02   2.50000E-01   1.55828E-01   5.52941E-01 
    4.12307E-02   1.47870E-07   0.00000E+00   8.41659E-01   1.58341E-01  NONE
   6.73000E+02   2.65480E-06   7.74925E-04   9.48192E-01   7.41814E-04 
    1.04185E-06   5.02877E-02   2.50000E-01   1.56309E-01   5.52079E-01 
    4.16116E-02   1.47235E-07   0.00000E+00   8.41657E-01   1.58343E-01  NONE
