
 Phase Region for:
     CEMENTITE                     
     FCC_A1#1                      
 col-1=T, col-2=W(CEMENTITE,C), col-3=W(CEMENTITE,CR), col-4=W(CEMENTITE,FE),
   col-5=W(CEMENTITE,MN), col-6=W(CEMENTITE,NI), col-7=W(CEMENTITE,SI),
   col-8=W(FCC_A1#1,C), col-9=W(FCC_A1#1,CR), col-10=W(FCC_A1#1,FE),
   col-11=W(FCC_A1#1,MN), col-12=W(FCC_A1#1,NI), col-13=W(FCC_A1#1,SI),
   col-14=NP(CEMENTITE), col-15=NP(FCC_A1#1),
   1.17300E+03   6.75583E-02   1.31788E-01   7.90632E-01   1.00212E-02 
    1.45900E-07   0.00000E+00   8.39176E-03   2.13651E-02   9.32456E-01 
    7.47457E-03   1.00887E-06   3.03116E-02   1.21366E-02   9.87863E-01  NONE
   1.18300E+03   6.75556E-02   1.31263E-01   7.91233E-01   9.94817E-03 
    1.49040E-07   0.00000E+00   8.68857E-03   2.19218E-02   9.31741E-01 
    7.48773E-03   1.00453E-06   3.01596E-02   6.24545E-03   9.93755E-01  NONE
   1.19300E+03   6.75530E-02   1.30746E-01   7.91823E-01   9.87777E-03 
    1.52197E-07   0.00000E+00   8.99146E-03   2.24845E-02   9.31018E-01 
    7.50040E-03   1.00012E-06   3.00044E-02   1.72101E-04   9.99828E-01  NONE
   1.19328E+03   6.75529E-02   1.30732E-01   7.91839E-01   9.87584E-03 
    1.52285E-07   0.00000E+00   9.00000E-03   2.25003E-02   9.30998E-01 
    7.50075E-03   1.00000E-06   3.00000E-02   0.00000E+00   1.00000E+00  NONE

 Phase Region for:
     FCC_A1#1                      
 col-1=T, col-2=W(FCC_A1#1,C), col-3=W(FCC_A1#1,CR), col-4=W(FCC_A1#1,FE),
   col-5=W(FCC_A1#1,MN), col-6=W(FCC_A1#1,NI), col-7=W(FCC_A1#1,SI),
   col-8=NP(FCC_A1#1),
   1.19328E+03   9.00000E-03   2.25003E-02   9.30998E-01   7.50075E-03 
    1.00000E-06   3.00000E-02   1.00000E+00
   1.20300E+03   9.00000E-03   2.25003E-02   9.30998E-01   7.50075E-03 
    1.00000E-06   3.00000E-02   1.00000E+00
   1.21300E+03   9.00000E-03   2.25003E-02   9.30998E-01   7.50075E-03 
    1.00000E-06   3.00000E-02   1.00000E+00
   1.22300E+03   9.00000E-03   2.25003E-02   9.30998E-01   7.50075E-03 
    1.00000E-06   3.00000E-02   1.00000E+00
   1.23300E+03   9.00000E-03   2.25003E-02   9.30998E-01   7.50075E-03 
    1.00000E-06   3.00000E-02   1.00000E+00
   1.24300E+03   9.00000E-03   2.25003E-02   9.30998E-01   7.50075E-03 
    1.00000E-06   3.00000E-02   1.00000E+00
   1.25300E+03   9.00000E-03   2.25003E-02   9.30998E-01   7.50075E-03 
    1.00000E-06   3.00000E-02   1.00000E+00
   1.26300E+03   9.00000E-03   2.25003E-02   9.30998E-01   7.50075E-03 
    1.00000E-06   3.00000E-02   1.00000E+00
   1.27300E+03   9.00000E-03   2.25003E-02   9.30998E-01   7.50075E-03 
    1.00000E-06   3.00000E-02   1.00000E+00
   1.28300E+03   9.00000E-03   2.25003E-02   9.30998E-01   7.50075E-03 
    1.00000E-06   3.00000E-02   1.00000E+00
   1.29300E+03   9.00000E-03   2.25003E-02   9.30998E-01   7.50075E-03 
    1.00000E-06   3.00000E-02   1.00000E+00
   1.30300E+03   9.00000E-03   2.25003E-02   9.30998E-01   7.50075E-03 
    1.00000E-06   3.00000E-02   1.00000E+00
   1.31300E+03   9.00000E-03   2.25003E-02   9.30998E-01   7.50075E-03 
    1.00000E-06   3.00000E-02   1.00000E+00
   1.32300E+03   9.00000E-03   2.25003E-02   9.30998E-01   7.50075E-03 
    1.00000E-06   3.00000E-02   1.00000E+00
   1.33300E+03   9.00000E-03   2.25003E-02   9.30998E-01   7.50075E-03 
    1.00000E-06   3.00000E-02   1.00000E+00
   1.34300E+03   9.00000E-03   2.25003E-02   9.30998E-01   7.50075E-03 
    1.00000E-06   3.00000E-02   1.00000E+00
   1.35300E+03   9.00000E-03   2.25003E-02   9.30998E-01   7.50075E-03 
    1.00000E-06   3.00000E-02   1.00000E+00
   1.36300E+03   9.00000E-03   2.25003E-02   9.30998E-01   7.50075E-03 
    1.00000E-06   3.00000E-02   1.00000E+00
   1.37300E+03   9.00000E-03   2.25003E-02   9.30998E-01   7.50075E-03 
    1.00000E-06   3.00000E-02   1.00000E+00
   1.38300E+03   9.00000E-03   2.25003E-02   9.30998E-01   7.50075E-03 
    1.00000E-06   3.00000E-02   1.00000E+00
   1.39300E+03   9.00000E-03   2.25003E-02   9.30998E-01   7.50075E-03 
    1.00000E-06   3.00000E-02   1.00000E+00
   1.40300E+03   9.00000E-03   2.25003E-02   9.30998E-01   7.50075E-03 
    1.00000E-06   3.00000E-02   1.00000E+00
   1.41300E+03   9.00000E-03   2.25003E-02   9.30998E-01   7.50075E-03 
    1.00000E-06   3.00000E-02   1.00000E+00
   1.42300E+03   9.00000E-03   2.25003E-02   9.30998E-01   7.50075E-03 
    1.00000E-06   3.00000E-02   1.00000E+00
   1.43300E+03   9.00000E-03   2.25003E-02   9.30998E-01   7.50075E-03 
    1.00000E-06   3.00000E-02   1.00000E+00
   1.44300E+03   9.00000E-03   2.25002E-02   9.30998E-01   7.50075E-03 
    1.00000E-06   3.00000E-02   1.00000E+00
   1.45300E+03   9.00000E-03   2.25003E-02   9.30998E-01   7.50075E-03 
    1.00000E-06   3.00000E-02   1.00000E+00
   1.46300E+03   9.00000E-03   2.25003E-02   9.30998E-01   7.50075E-03 
    1.00000E-06   3.00000E-02   1.00000E+00
   1.47300E+03   9.00000E-03   2.25003E-02   9.30998E-01   7.50075E-03 
    1.00000E-06   3.00000E-02   1.00000E+00

 Phase Region for:
     CEMENTITE                     
     FCC_A1#1                      
 col-1=T, col-2=W(CEMENTITE,C), col-3=W(CEMENTITE,CR), col-4=W(CEMENTITE,FE),
   col-5=W(CEMENTITE,MN), col-6=W(CEMENTITE,NI), col-7=W(CEMENTITE,SI),
   col-8=W(FCC_A1#1,C), col-9=W(FCC_A1#1,CR), col-10=W(FCC_A1#1,FE),
   col-11=W(FCC_A1#1,MN), col-12=W(FCC_A1#1,NI), col-13=W(FCC_A1#1,SI),
   col-14=NP(CEMENTITE), col-15=NP(FCC_A1#1),
   1.17300E+03   6.75583E-02   1.31788E-01   7.90632E-01   1.00212E-02 
    1.45900E-07   0.00000E+00   8.39176E-03   2.13651E-02   9.32456E-01 
    7.47457E-03   1.00887E-06   3.03116E-02   1.21366E-02   9.87863E-01  NONE
   1.16300E+03   6.75610E-02   1.32322E-01   7.90020E-01   1.00970E-02 
    1.42779E-07   0.00000E+00   8.10099E-03   2.08143E-02   9.33162E-01 
    7.46089E-03   1.01316E-06   3.04605E-02   1.78507E-02   9.82149E-01  NONE
   1.15300E+03   6.75638E-02   1.32863E-01   7.89397E-01   1.01755E-02 
    1.39678E-07   0.00000E+00   7.81623E-03   2.02694E-02   9.33860E-01 
    7.44668E-03   1.01739E-06   3.06064E-02   2.33929E-02   9.76607E-01  NONE
   1.14300E+03   6.75666E-02   1.33412E-01   7.88764E-01   1.02569E-02 
    1.36595E-07   0.00000E+00   7.53743E-03   1.97305E-02   9.34550E-01 
    7.43192E-03   1.02156E-06   3.07492E-02   2.87678E-02   9.71232E-01  NONE
   1.13300E+03   6.75694E-02   1.33968E-01   7.88121E-01   1.03412E-02 
    1.33534E-07   0.00000E+00   7.26458E-03   1.91974E-02   9.35231E-01 
    7.41659E-03   1.02567E-06   3.08889E-02   3.39801E-02   9.66020E-01  NONE
   1.12300E+03   6.75723E-02   1.34531E-01   7.87468E-01   1.04286E-02 
    1.30493E-07   0.00000E+00   6.99762E-03   1.86703E-02   9.35905E-01 
    7.40066E-03   1.02973E-06   3.10256E-02   3.90341E-02   9.60966E-01  NONE
   1.11300E+03   6.75753E-02   1.35100E-01   7.86806E-01   1.05191E-02 
    1.27474E-07   0.00000E+00   6.73655E-03   1.81492E-02   9.36570E-01 
    7.38412E-03   1.03372E-06   3.11593E-02   4.39339E-02   9.56066E-01  NONE
   1.10300E+03   6.75782E-02   1.35675E-01   7.86134E-01   1.06128E-02 
    1.24477E-07   0.00000E+00   6.48131E-03   1.76341E-02   9.37227E-01 
    7.36694E-03   1.03764E-06   3.12899E-02   4.86836E-02   9.51316E-01  NONE
   1.09300E+03   6.75812E-02   1.36255E-01   7.85454E-01   1.07098E-02 
    1.21503E-07   0.00000E+00   6.23188E-03   1.71250E-02   9.37875E-01 
    7.34911E-03   1.04151E-06   3.14176E-02   5.32870E-02   9.46713E-01  NONE
   1.08300E+03   6.75842E-02   1.36841E-01   7.84765E-01   1.08103E-02 
    1.18553E-07   0.00000E+00   5.98823E-03   1.66221E-02   9.38516E-01 
    7.33061E-03   1.04531E-06   3.15423E-02   5.77477E-02   9.42252E-01  NONE
   1.07300E+03   6.75872E-02   1.37431E-01   7.84067E-01   1.09143E-02 
    1.15626E-07   0.00000E+00   5.75033E-03   1.61253E-02   9.39148E-01 
    7.31141E-03   1.04905E-06   3.16640E-02   6.20694E-02   9.37931E-01  NONE
   1.06300E+03   6.75903E-02   1.38026E-01   7.83361E-01   1.10220E-02 
    1.12725E-07   0.00000E+00   5.51813E-03   1.56348E-02   9.39772E-01 
    7.29149E-03   1.05273E-06   3.17828E-02   6.62552E-02   9.33745E-01  NONE
   1.05300E+03   6.75934E-02   1.38625E-01   7.82648E-01   1.11335E-02 
    1.09849E-07   0.00000E+00   5.29162E-03   1.51507E-02   9.40387E-01 
    7.27083E-03   1.05634E-06   3.18987E-02   7.03086E-02   9.29691E-01  NONE
   1.04300E+03   6.75965E-02   1.39228E-01   7.81926E-01   1.12489E-02 
    1.06999E-07   0.00000E+00   5.07075E-03   1.46729E-02   9.40994E-01 
    7.24942E-03   1.05988E-06   3.20117E-02   7.42327E-02   9.25767E-01  NONE
   1.03300E+03   6.75997E-02   1.39835E-01   7.81197E-01   1.13683E-02 
    1.04175E-07   0.00000E+00   4.85550E-03   1.42017E-02   9.41593E-01 
    7.22721E-03   1.06336E-06   3.21218E-02   7.80304E-02   9.21970E-01  NONE
   1.02300E+03   6.76028E-02   1.40444E-01   7.80461E-01   1.14920E-02 
    1.01379E-07   0.00000E+00   4.64582E-03   1.37370E-02   9.42183E-01 
    7.20420E-03   1.06677E-06   3.22290E-02   8.17048E-02   9.18295E-01  NONE
   1.01300E+03   6.76060E-02   1.41056E-01   7.79718E-01   1.16199E-02 
    9.86107E-08   0.00000E+00   4.44169E-03   1.32791E-02   9.42764E-01 
    7.18036E-03   1.07011E-06   3.23334E-02   8.52585E-02   9.14741E-01  NONE
   1.00300E+03   6.76092E-02   1.41671E-01   7.78967E-01   1.17524E-02 
    9.58709E-08   0.00000E+00   4.24307E-03   1.28279E-02   9.43337E-01 
    7.15567E-03   1.07338E-06   3.24349E-02   8.86944E-02   9.11306E-01  NONE
   9.93000E+02   6.76124E-02   1.42287E-01   7.78211E-01   1.18896E-02 
    9.31601E-08   0.00000E+00   4.04991E-03   1.23837E-02   9.43902E-01 
    7.13009E-03   1.07659E-06   3.25336E-02   9.20151E-02   9.07985E-01  NONE
   9.83000E+02   6.76156E-02   1.42906E-01   7.77447E-01   1.20316E-02 
    9.04789E-08   0.00000E+00   3.86218E-03   1.19464E-02   9.44457E-01 
    7.10361E-03   1.07972E-06   3.26296E-02   9.52232E-02   9.04777E-01  NONE
   9.73000E+02   6.76188E-02   1.43525E-01   7.76677E-01   1.21786E-02 
    8.78280E-08   0.00000E+00   3.67985E-03   1.15162E-02   9.45004E-01 
    7.07619E-03   1.08279E-06   3.27228E-02   9.83211E-02   9.01679E-01  NONE
   9.63000E+02   6.76221E-02   1.44145E-01   7.75902E-01   1.23309E-02 
    8.52079E-08   0.00000E+00   3.50286E-03   1.10933E-02   9.45542E-01 
    7.04782E-03   1.08578E-06   3.28132E-02   1.01311E-01   8.98689E-01  NONE
   9.53000E+02   6.76253E-02   1.44766E-01   7.75120E-01   1.24886E-02 
    8.26192E-08   0.00000E+00   3.33118E-03   1.06776E-02   9.46071E-01 
    7.01845E-03   1.08871E-06   3.29009E-02   1.04196E-01   8.95804E-01  NONE
   9.43000E+02   6.76286E-02   1.45388E-01   7.74332E-01   1.26519E-02 
    8.00625E-08   0.00000E+00   3.16477E-03   1.02694E-02   9.46591E-01 
    6.98807E-03   1.09156E-06   3.29859E-02   1.06978E-01   8.93022E-01  NONE
   9.33000E+02   6.76318E-02   1.46009E-01   7.73538E-01   1.28210E-02 
    7.75383E-08   0.00000E+00   3.00358E-03   9.86874E-03   9.47102E-01 
    6.95664E-03   1.09434E-06   3.30682E-02   1.09658E-01   8.90342E-01  NONE
   9.23000E+02   6.76351E-02   1.46629E-01   7.72739E-01   1.29962E-02 
    7.50472E-08   0.00000E+00   2.84756E-03   9.47568E-03   9.47604E-01 
    6.92412E-03   1.09705E-06   3.31478E-02   1.12240E-01   8.87760E-01  NONE
   9.13000E+02   6.76384E-02   1.47249E-01   7.71934E-01   1.31778E-02 
    7.25898E-08   0.00000E+00   2.69667E-03   9.09036E-03   9.48097E-01 
    6.89050E-03   1.09969E-06   3.32248E-02   1.14726E-01   8.85274E-01  NONE
   9.03000E+02   6.76417E-02   1.47868E-01   7.71124E-01   1.33659E-02 
    7.01667E-08   0.00000E+00   2.55085E-03   8.71287E-03   9.48580E-01 
    6.85573E-03   1.10226E-06   3.32993E-02   1.17116E-01   8.82884E-01  NONE
   8.93000E+02   6.76449E-02   1.48485E-01   7.70309E-01   1.35609E-02 
    6.77783E-08   0.00000E+00   2.41005E-03   8.34331E-03   9.49055E-01 
    6.81977E-03   1.10475E-06   3.33711E-02   1.19415E-01   8.80585E-01  NONE
   8.83000E+02   6.76482E-02   1.49100E-01   7.69488E-01   1.37629E-02 
    6.54252E-08   0.00000E+00   2.27423E-03   7.98177E-03   9.49520E-01 
    6.78260E-03   1.10718E-06   3.34404E-02   1.21623E-01   8.78377E-01  NONE
   8.73000E+02   6.76515E-02   1.49713E-01   7.68663E-01   1.39725E-02 
    6.31080E-08   0.00000E+00   2.14332E-03   7.62835E-03   9.49976E-01 
    6.74417E-03   1.10953E-06   3.35072E-02   1.23742E-01   8.76258E-01  NONE
   8.63000E+02   6.76547E-02   1.50324E-01   7.67832E-01   1.41897E-02 
    6.08272E-08   0.00000E+00   2.01727E-03   7.28312E-03   9.50423E-01 
    6.70445E-03   1.11181E-06   3.35714E-02   1.25774E-01   8.74226E-01  NONE
   8.53000E+02   6.76580E-02   1.50931E-01   7.66996E-01   1.44149E-02 
    5.85834E-08   0.00000E+00   1.89601E-03   6.94618E-03   9.50860E-01 
    6.66338E-03   1.11401E-06   3.36333E-02   1.27722E-01   8.72278E-01  NONE
   8.43000E+02   6.76613E-02   1.51535E-01   7.66155E-01   1.46486E-02 
    5.63769E-08   0.00000E+00   1.77950E-03   6.61759E-03   9.51288E-01 
    6.62094E-03   1.11615E-06   3.36926E-02   1.29587E-01   8.70413E-01  NONE
   8.33000E+02   6.76645E-02   1.52135E-01   7.65309E-01   1.48910E-02 
    5.42085E-08   0.00000E+00   1.66765E-03   6.29743E-03   9.51707E-01 
    6.57706E-03   1.11821E-06   3.37496E-02   1.31372E-01   8.68628E-01  NONE
   8.23000E+02   6.76677E-02   1.52732E-01   7.64458E-01   1.51425E-02 
    5.20785E-08   0.00000E+00   1.56042E-03   5.98576E-03   9.52117E-01 
    6.53172E-03   1.12020E-06   3.38043E-02   1.33076E-01   8.66924E-01  NONE
   8.13000E+02   6.76709E-02   1.53324E-01   7.63602E-01   1.54034E-02 
    4.99874E-08   0.00000E+00   1.45773E-03   5.68263E-03   9.52517E-01 
    6.48484E-03   1.12213E-06   3.38566E-02   1.34704E-01   8.65296E-01  NONE
   8.03000E+02   6.76742E-02   1.53911E-01   7.62741E-01   1.56743E-02 
    4.79359E-08   0.00000E+00   1.35950E-03   5.38810E-03   9.52908E-01 
    6.43640E-03   1.12398E-06   3.39066E-02   1.36256E-01   8.63744E-01  NONE
   7.93000E+02   6.76774E-02   1.54492E-01   7.61875E-01   1.59555E-02 
    4.59243E-08   0.00000E+00   1.26568E-03   5.10221E-03   9.53290E-01 
    6.38632E-03   1.12576E-06   3.39543E-02   1.37734E-01   8.62266E-01  NONE
   7.83000E+02   6.76805E-02   1.55069E-01   7.61003E-01   1.62475E-02 
    4.39531E-08   0.00000E+00   1.17617E-03   4.82500E-03   9.53663E-01 
    6.33456E-03   1.12747E-06   3.39999E-02   1.39140E-01   8.60860E-01  NONE
   7.73000E+02   6.76837E-02   1.55639E-01   7.60127E-01   1.65506E-02 
    4.20228E-08   0.00000E+00   1.09092E-03   4.55649E-03   9.54027E-01 
    6.28105E-03   1.12911E-06   3.40432E-02   1.40477E-01   8.59523E-01  NONE
   7.63000E+02   6.76868E-02   1.56203E-01   7.59245E-01   1.68655E-02 
    4.01339E-08   0.00000E+00   1.00983E-03   4.29671E-03   9.54382E-01 
    6.22574E-03   1.13069E-06   3.40845E-02   1.41744E-01   8.58256E-01  NONE
   7.53000E+02   6.76900E-02   1.56760E-01   7.58357E-01   1.71926E-02 
    3.82868E-08   0.00000E+00   9.32820E-04   4.04565E-03   9.54728E-01 
    6.16856E-03   1.13219E-06   3.41236E-02   1.42945E-01   8.57055E-01  NONE
   7.43000E+02   6.76931E-02   1.57310E-01   7.57464E-01   1.75325E-02 
    3.64820E-08   0.00000E+00   8.59813E-04   3.80333E-03   9.55066E-01 
    6.10944E-03   1.13363E-06   3.41607E-02   1.44081E-01   8.55919E-01  NONE
   7.33000E+02   6.76961E-02   1.57853E-01   7.56565E-01   1.78856E-02 
    3.47199E-08   0.00000E+00   7.90718E-04   3.56974E-03   9.55394E-01 
    6.04832E-03   1.13500E-06   3.41958E-02   1.45154E-01   8.54846E-01  NONE
   7.23000E+02   6.76992E-02   1.58387E-01   7.55661E-01   1.82523E-02 
    3.30013E-08   0.00000E+00   7.25446E-04   3.34486E-03   9.55714E-01 
    5.98515E-03   1.13631E-06   3.42290E-02   1.46165E-01   8.53835E-01  NONE
   7.13000E+02   6.77022E-02   1.58914E-01   7.54750E-01   1.86337E-02 
    3.13258E-08   0.00000E+00   6.63902E-04   3.12865E-03   9.56026E-01 
    5.91980E-03   1.13756E-06   3.42602E-02   1.47117E-01   8.52883E-01  NONE
   7.03000E+02   6.77052E-02   1.59431E-01   7.53833E-01   1.90301E-02 
    2.96942E-08   0.00000E+00   6.05992E-04   2.92108E-03   9.56330E-01 
    5.85221E-03   1.13874E-06   3.42896E-02   1.48011E-01   8.51989E-01  NONE
   6.93000E+02   6.77082E-02   1.59940E-01   7.52910E-01   1.94423E-02 
    2.81068E-08   0.00000E+00   5.51618E-04   2.72210E-03   9.56626E-01 
    5.78231E-03   1.13986E-06   3.43171E-02   1.48849E-01   8.51151E-01  NONE
   6.83000E+02   6.77111E-02   1.60438E-01   7.51980E-01   1.98707E-02 
    2.65641E-08   0.00000E+00   5.00679E-04   2.53166E-03   9.56914E-01 
    5.71002E-03   1.14092E-06   3.43430E-02   1.49633E-01   8.50367E-01  NONE
   6.73000E+02   6.77141E-02   1.60927E-01   7.51043E-01   2.03161E-02 
    2.50664E-08   0.00000E+00   4.53071E-04   2.34967E-03   9.57194E-01 
    5.63524E-03   1.14192E-06   3.43671E-02   1.50365E-01   8.49635E-01  NONE
