
 Phase Region for:
     FCC_A1#1                      
 col-1=T, col-2=X(FCC_A1#1,C), col-3=X(FCC_A1#1,CR), col-4=X(FCC_A1#1,FE),
   col-5=X(FCC_A1#1,MN), col-6=X(FCC_A1#1,NI), col-7=X(FCC_A1#1,SI),
   col-8=NP(FCC_A1#1),
   1.17300E+03   4.04575E-02   2.59606E-02   9.07337E-01   1.47424E-02 
    1.15003E-02   1.92241E-06   1.00000E+00
   1.18300E+03   4.04575E-02   2.59606E-02   9.07337E-01   1.47424E-02 
    1.15003E-02   1.92241E-06   1.00000E+00
   1.19300E+03   4.04575E-02   2.59606E-02   9.07337E-01   1.47424E-02 
    1.15003E-02   1.92241E-06   1.00000E+00
   1.20300E+03   4.04575E-02   2.59606E-02   9.07337E-01   1.47424E-02 
    1.15003E-02   1.92241E-06   1.00000E+00
   1.21300E+03   4.04575E-02   2.59606E-02   9.07337E-01   1.47424E-02 
    1.15003E-02   1.92241E-06   1.00000E+00
   1.22300E+03   4.04575E-02   2.59606E-02   9.07337E-01   1.47424E-02 
    1.15003E-02   1.92241E-06   1.00000E+00
   1.23300E+03   4.04575E-02   2.59606E-02   9.07337E-01   1.47424E-02 
    1.15003E-02   1.92241E-06   1.00000E+00
   1.24300E+03   4.04575E-02   2.59606E-02   9.07337E-01   1.47424E-02 
    1.15003E-02   1.92241E-06   1.00000E+00
   1.25300E+03   4.04575E-02   2.59606E-02   9.07337E-01   1.47424E-02 
    1.15003E-02   1.92241E-06   1.00000E+00
   1.26300E+03   4.04575E-02   2.59606E-02   9.07337E-01   1.47424E-02 
    1.15003E-02   1.92241E-06   1.00000E+00
   1.27300E+03   4.04575E-02   2.59606E-02   9.07337E-01   1.47424E-02 
    1.15003E-02   1.92241E-06   1.00000E+00
   1.28300E+03   4.04575E-02   2.59606E-02   9.07337E-01   1.47424E-02 
    1.15003E-02   1.92241E-06   1.00000E+00
   1.29300E+03   4.04575E-02   2.59606E-02   9.07337E-01   1.47424E-02 
    1.15003E-02   1.92241E-06   1.00000E+00
   1.30300E+03   4.04575E-02   2.59606E-02   9.07337E-01   1.47424E-02 
    1.15003E-02   1.92241E-06   1.00000E+00
   1.31300E+03   4.04575E-02   2.59606E-02   9.07337E-01   1.47424E-02 
    1.15003E-02   1.92241E-06   1.00000E+00
   1.32300E+03   4.04575E-02   2.59606E-02   9.07337E-01   1.47424E-02 
    1.15003E-02   1.92241E-06   1.00000E+00
   1.33300E+03   4.04575E-02   2.59606E-02   9.07337E-01   1.47424E-02 
    1.15003E-02   1.92241E-06   1.00000E+00
   1.34300E+03   4.04575E-02   2.59606E-02   9.07337E-01   1.47424E-02 
    1.15003E-02   1.92241E-06   1.00000E+00
   1.35300E+03   4.04575E-02   2.59606E-02   9.07337E-01   1.47424E-02 
    1.15003E-02   1.92241E-06   1.00000E+00
   1.36300E+03   4.04575E-02   2.59606E-02   9.07337E-01   1.47424E-02 
    1.15003E-02   1.92241E-06   1.00000E+00
   1.37300E+03   4.04575E-02   2.59606E-02   9.07337E-01   1.47424E-02 
    1.15003E-02   1.92241E-06   1.00000E+00
   1.38300E+03   4.04575E-02   2.59606E-02   9.07337E-01   1.47424E-02 
    1.15003E-02   1.92241E-06   1.00000E+00
   1.39300E+03   4.04575E-02   2.59606E-02   9.07337E-01   1.47424E-02 
    1.15003E-02   1.92241E-06   1.00000E+00
   1.40300E+03   4.04575E-02   2.59606E-02   9.07337E-01   1.47424E-02 
    1.15003E-02   1.92241E-06   1.00000E+00
   1.41300E+03   4.04575E-02   2.59606E-02   9.07337E-01   1.47424E-02 
    1.15003E-02   1.92241E-06   1.00000E+00
   1.42300E+03   4.04575E-02   2.59606E-02   9.07337E-01   1.47424E-02 
    1.15003E-02   1.92241E-06   1.00000E+00
   1.43300E+03   4.04575E-02   2.59606E-02   9.07337E-01   1.47424E-02 
    1.15003E-02   1.92241E-06   1.00000E+00
   1.44300E+03   4.04575E-02   2.59606E-02   9.07337E-01   1.47424E-02 
    1.15003E-02   1.92241E-06   1.00000E+00
   1.45300E+03   4.04575E-02   2.59606E-02   9.07337E-01   1.47424E-02 
    1.15003E-02   1.92241E-06   1.00000E+00
   1.46300E+03   4.04575E-02   2.59606E-02   9.07337E-01   1.47424E-02 
    1.15003E-02   1.92241E-06   1.00000E+00
   1.47300E+03   4.04575E-02   2.59606E-02   9.07337E-01   1.47424E-02 
    1.15003E-02   1.92241E-06   1.00000E+00

 Phase Region for:
     FCC_A1#1                      
 col-1=T, col-2=X(FCC_A1#1,C), col-3=X(FCC_A1#1,CR), col-4=X(FCC_A1#1,FE),
   col-5=X(FCC_A1#1,MN), col-6=X(FCC_A1#1,NI), col-7=X(FCC_A1#1,SI),
   col-8=NP(FCC_A1#1),
   1.17300E+03   4.04575E-02   2.59606E-02   9.07337E-01   1.47424E-02 
    1.15003E-02   1.92241E-06   1.00000E+00
   1.17290E+03   4.04575E-02   2.59606E-02   9.07337E-01   1.47424E-02 
    1.15003E-02   1.92241E-06   1.00000E+00
   1.16859E+03   4.04575E-02   2.59606E-02   9.07337E-01   1.47424E-02 
    1.15003E-02   1.92241E-06   1.00000E+00

 Phase Region for:
     CEMENTITE                     
     FCC_A1#1                      
 col-1=T, col-2=X(CEMENTITE,C), col-3=X(CEMENTITE,CR), col-4=X(CEMENTITE,FE),
   col-5=X(CEMENTITE,MN), col-6=X(CEMENTITE,NI), col-7=X(CEMENTITE,SI),
   col-8=X(FCC_A1#1,C), col-9=X(FCC_A1#1,CR), col-10=X(FCC_A1#1,FE),
   col-11=X(FCC_A1#1,MN), col-12=X(FCC_A1#1,NI), col-13=X(FCC_A1#1,SI),
   col-14=NP(CEMENTITE), col-15=NP(FCC_A1#1),
   1.16859E+03   2.50000E-01   1.57847E-01   5.71685E-01   1.94372E-02 
    1.03074E-03   0.00000E+00   4.04575E-02   2.59606E-02   9.07337E-01 
    1.47424E-02   1.15003E-02   1.92241E-06   5.96443E-08   1.00000E+00
   1.16300E+03   2.50000E-01   1.58123E-01   5.71344E-01   1.95146E-02 
    1.01832E-03   0.00000E+00   3.97619E-02   2.55219E-02   9.08453E-01 
    1.47266E-02   1.15351E-02   1.92879E-06   3.30856E-03   9.96691E-01
   1.15300E+03   2.50000E-01   1.58609E-01   5.70738E-01   1.96568E-02 
    9.96277E-04   0.00000E+00   3.85351E-02   2.47436E-02   9.10425E-01 
    1.46973E-02   1.15966E-02   1.94005E-06   9.09105E-03   9.90909E-01
   1.14300E+03   2.50000E-01   1.59083E-01   5.70138E-01   1.98038E-02 
    9.74437E-04   0.00000E+00   3.73299E-02   2.39736E-02   9.12370E-01 
    1.46669E-02   1.16574E-02   1.95110E-06   1.47064E-02   9.85294E-01
   1.13300E+03   2.50000E-01   1.59546E-01   5.69545E-01   1.99557E-02 
    9.52806E-04   0.00000E+00   3.61464E-02   2.32122E-02   9.14287E-01 
    1.46352E-02   1.17173E-02   1.96196E-06   2.01589E-02   9.79841E-01
   1.12300E+03   2.50000E-01   1.59996E-01   5.68960E-01   2.01128E-02 
    9.31384E-04   0.00000E+00   3.49847E-02   2.24599E-02   9.16175E-01 
    1.46021E-02   1.17763E-02   1.97262E-06   2.54531E-02   9.74547E-01
   1.11300E+03   2.50000E-01   1.60433E-01   5.68382E-01   2.02751E-02 
    9.10174E-04   0.00000E+00   3.38446E-02   2.17168E-02   9.18034E-01 
    1.45678E-02   1.18345E-02   1.98308E-06   3.05931E-02   9.69407E-01
   1.10300E+03   2.50000E-01   1.60856E-01   5.67812E-01   2.04427E-02 
    8.89176E-04   0.00000E+00   3.27263E-02   2.09835E-02   9.19864E-01 
    1.45321E-02   1.18918E-02   1.99334E-06   3.55829E-02   9.64417E-01
   1.09300E+03   2.50000E-01   1.61264E-01   5.67251E-01   2.06159E-02 
    8.68391E-04   0.00000E+00   3.16296E-02   2.02603E-02   9.21665E-01 
    1.44950E-02   1.19482E-02   2.00340E-06   4.04264E-02   9.59574E-01
   1.08300E+03   2.50000E-01   1.61658E-01   5.66700E-01   2.07947E-02 
    8.47820E-04   0.00000E+00   3.05545E-02   1.95475E-02   9.23436E-01 
    1.44564E-02   1.20037E-02   2.01326E-06   4.51275E-02   9.54873E-01
   1.07300E+03   2.50000E-01   1.62036E-01   5.66158E-01   2.09793E-02 
    8.27464E-04   0.00000E+00   2.95009E-02   1.88455E-02   9.25177E-01 
    1.44163E-02   1.20583E-02   2.02293E-06   4.96899E-02   9.50310E-01
   1.06300E+03   2.50000E-01   1.62397E-01   5.65626E-01   2.11699E-02 
    8.07324E-04   0.00000E+00   2.84689E-02   1.81546E-02   9.26888E-01 
    1.43747E-02   1.21120E-02   2.03240E-06   5.41171E-02   9.45883E-01
   1.05300E+03   2.50000E-01   1.62742E-01   5.65104E-01   2.13666E-02 
    7.87400E-04   0.00000E+00   2.74582E-02   1.74752E-02   9.28568E-01 
    1.43315E-02   1.21648E-02   2.04167E-06   5.84127E-02   9.41587E-01
   1.04300E+03   2.50000E-01   1.63069E-01   5.64593E-01   2.15696E-02 
    7.67694E-04   0.00000E+00   2.64689E-02   1.68075E-02   9.30218E-01 
    1.42866E-02   1.22167E-02   2.05074E-06   6.25800E-02   9.37420E-01
   1.03300E+03   2.50000E-01   1.63379E-01   5.64093E-01   2.17791E-02 
    7.48204E-04   0.00000E+00   2.55008E-02   1.61519E-02   9.31837E-01 
    1.42401E-02   1.22677E-02   2.05963E-06   6.66224E-02   9.33378E-01
   1.02300E+03   2.50000E-01   1.63671E-01   5.63605E-01   2.19953E-02 
    7.28934E-04   0.00000E+00   2.45538E-02   1.55088E-02   9.33426E-01 
    1.41919E-02   1.23178E-02   2.06831E-06   7.05430E-02   9.29457E-01
   1.01300E+03   2.50000E-01   1.63944E-01   5.63128E-01   2.22183E-02 
    7.09881E-04   0.00000E+00   2.36278E-02   1.48783E-02   9.34983E-01 
    1.41420E-02   1.23669E-02   2.07681E-06   7.43450E-02   9.25655E-01
   1.00300E+03   2.50000E-01   1.64198E-01   5.62663E-01   2.24483E-02 
    6.91048E-04   0.00000E+00   2.27227E-02   1.42608E-02   9.36509E-01 
    1.40902E-02   1.24151E-02   2.08511E-06   7.80315E-02   9.21969E-01
   9.93383E+02   2.50000E-01   1.64424E-01   5.62227E-01   2.26764E-02 
    6.73143E-04   0.00000E+00   2.18718E-02   1.36794E-02   9.37947E-01 
    1.40387E-02   1.24606E-02   2.09292E-06   8.14703E-02   9.18530E-01

 Phase Region for:
     BCC_A2                        
     CEMENTITE                     
     FCC_A1#1                      
 col-1=T, col-2=X(BCC_A2,C), col-3=X(BCC_A2,CR), col-4=X(BCC_A2,FE),
   col-5=X(BCC_A2,MN), col-6=X(BCC_A2,NI), col-7=X(BCC_A2,SI),
   col-8=X(CEMENTITE,C), col-9=X(CEMENTITE,CR), col-10=X(CEMENTITE,FE),
   col-11=X(CEMENTITE,MN), col-12=X(CEMENTITE,NI), col-13=X(CEMENTITE,SI),
   col-14=X(FCC_A1#1,C), col-15=X(FCC_A1#1,CR), col-16=X(FCC_A1#1,FE),
   col-17=X(FCC_A1#1,MN), col-18=X(FCC_A1#1,NI), col-19=X(FCC_A1#1,SI),
   col-20=NP(BCC_A2), col-21=NP(CEMENTITE), col-22=NP(FCC_A1#1),
   9.93383E+02   4.63486E-04   7.96038E-03   9.82419E-01   3.90866E-03 
    5.24569E-03   2.93375E-06   2.50000E-01   1.64424E-01   5.62227E-01 
    2.26764E-02   6.73145E-04   0.00000E+00   2.18718E-02   1.36794E-02 
    9.37947E-01   1.40387E-02   1.24606E-02   2.09292E-06   4.02736E-06 
    8.14707E-02   9.18525E-01
   9.93000E+02   4.62177E-04   7.90973E-03   9.82395E-01   3.93633E-03 
    5.29349E-03   2.91608E-06   2.50000E-01   1.63745E-01   5.62662E-01 
    2.29116E-02   6.80768E-04   0.00000E+00   2.18736E-02   1.36007E-02 
    9.37748E-01   1.41749E-02   1.26003E-02   2.08226E-06   1.53117E-02 
    8.29003E-02   9.01788E-01
   9.83000E+02   4.22972E-04   6.87492E-03   9.81427E-01   4.65343E-03 
    6.61943E-03   2.59314E-06   2.50000E-01   1.50231E-01   5.69681E-01 
    2.91975E-02   8.90467E-04   0.00000E+00   2.16383E-02   1.19473E-02 
    9.31796E-01   1.79321E-02   1.66842E-02   1.90921E-06   3.36661E-01 
    1.13686E-01   5.49653E-01
   9.73000E+02   3.79075E-04   6.21748E-03   9.80050E-01   5.31259E-03 
    8.03873E-03   2.43284E-06   2.50000E-01   1.42648E-01   5.70773E-01 
    3.54678E-02   1.11148E-03   0.00000E+00   2.10138E-02   1.08355E-02 
    9.24652E-01   2.19401E-02   2.15564E-02   1.86260E-06   5.41672E-01 
    1.33724E-01   3.24604E-01
   9.63000E+02   3.35552E-04   5.76258E-03   9.78546E-01   5.87061E-03 
    9.48268E-03   2.35198E-06   2.50000E-01   1.38558E-01   5.68668E-01 
    4.14394E-02   1.33369E-03   0.00000E+00   2.01734E-02   1.00248E-02 
    9.16588E-01   2.60654E-02   2.71470E-02   1.88110E-06   6.72039E-01 
    1.46266E-01   1.81694E-01
   9.53000E+02   2.94842E-04   5.41672E-03   9.77067E-01   6.31331E-03 
    1.09055E-02   2.31248E-06   2.50000E-01   1.36501E-01   5.64953E-01 
    4.69953E-02   1.55100E-03   0.00000E+00   1.92192E-02   9.37959E-03 
    9.07715E-01   3.02608E-02   3.34234E-02   1.93663E-06   7.55626E-01 
    1.53990E-01   9.03838E-02
   9.43000E+02   2.57866E-04   5.13123E-03   9.75689E-01   6.64245E-03 
    1.22771E-02   2.29557E-06   2.50000E-01   1.35655E-01   5.60476E-01 
    5.21091E-02   1.75964E-03   0.00000E+00   1.82072E-02   8.82746E-03 
    8.98046E-01   3.45311E-02   4.03859E-02   2.01528E-06   8.09578E-01 
    1.58683E-01   3.17388E-02
   9.34874E+02   2.30712E-04   4.92539E-03   9.74670E-01   6.83217E-03 
    1.33392E-02   2.29146E-06   2.50000E-01   1.35533E-01   5.56598E-01 
    5.59471E-02   1.92102E-03   0.00000E+00   1.73639E-02   8.41958E-03 
    8.89571E-01   3.80794E-02   4.65642E-02   2.09090E-06   8.38944E-01 
    1.61056E-01   0.00000E+00

 Phase Region for:
     BCC_A2                        
     CEMENTITE                     
 col-1=T, col-2=X(BCC_A2,C), col-3=X(BCC_A2,CR), col-4=X(BCC_A2,FE),
   col-5=X(BCC_A2,MN), col-6=X(BCC_A2,NI), col-7=X(BCC_A2,SI),
   col-8=X(CEMENTITE,C), col-9=X(CEMENTITE,CR), col-10=X(CEMENTITE,FE),
   col-11=X(CEMENTITE,MN), col-12=X(CEMENTITE,NI), col-13=X(CEMENTITE,SI),
   col-14=NP(BCC_A2), col-15=NP(CEMENTITE),
   9.34874E+02   2.30712E-04   4.92539E-03   9.74670E-01   6.83217E-03 
    1.33392E-02   2.29146E-06   2.50000E-01   1.35533E-01   5.56598E-01 
    5.59471E-02   1.92102E-03   0.00000E+00   8.38944E-01   1.61056E-01  NONE
   9.33000E+02   2.25211E-04   4.87979E-03   9.74775E-01   6.77881E-03 
    1.33393E-02   2.29151E-06   2.50000E-01   1.35756E-01   5.56103E-01 
    5.62194E-02   1.92181E-03   0.00000E+00   8.38926E-01   1.61074E-01  NONE
   9.23000E+02   1.97805E-04   4.63920E-03   9.75324E-01   6.49656E-03 
    1.33398E-02   2.29176E-06   2.50000E-01   1.36933E-01   5.53480E-01 
    5.76602E-02   1.92583E-03   0.00000E+00   8.38834E-01   1.61166E-01  NONE
   9.13000E+02   1.73439E-04   4.40344E-03   9.75862E-01   6.21854E-03 
    1.33402E-02   2.29199E-06   2.50000E-01   1.38093E-01   5.50897E-01 
    5.90804E-02   1.92955E-03   0.00000E+00   8.38752E-01   1.61248E-01  NONE
   9.03000E+02   1.51806E-04   4.17271E-03   9.76388E-01   5.94488E-03 
    1.33405E-02   2.29219E-06   2.50000E-01   1.39232E-01   5.48356E-01 
    6.04793E-02   1.93302E-03   0.00000E+00   8.38679E-01   1.61321E-01  NONE
   8.93000E+02   1.32629E-04   3.94723E-03   9.76901E-01   5.67569E-03 
    1.33408E-02   2.29236E-06   2.50000E-01   1.40350E-01   5.45858E-01 
    6.18563E-02   1.93627E-03   0.00000E+00   8.38615E-01   1.61385E-01  NONE
   8.83000E+02   1.15656E-04   3.72724E-03   9.77403E-01   5.41115E-03 
    1.33410E-02   2.29252E-06   2.50000E-01   1.41444E-01   5.43406E-01 
    6.32106E-02   1.93932E-03   0.00000E+00   8.38558E-01   1.61442E-01  NONE
   8.73000E+02   1.00657E-04   3.51296E-03   9.77892E-01   5.15141E-03 
    1.33411E-02   2.29266E-06   2.50000E-01   1.42514E-01   5.41003E-01 
    6.45412E-02   1.94218E-03   0.00000E+00   8.38508E-01   1.61492E-01  NONE
   8.63000E+02   8.74252E-05   3.30462E-03   9.78368E-01   4.89666E-03 
    1.33412E-02   2.29278E-06   2.50000E-01   1.43557E-01   5.38651E-01 
    6.58472E-02   1.94489E-03   0.00000E+00   8.38463E-01   1.61537E-01  NONE
   8.53000E+02   7.57729E-05   3.10242E-03   9.78831E-01   4.64711E-03 
    1.33412E-02   2.29288E-06   2.50000E-01   1.44573E-01   5.36353E-01 
    6.71274E-02   1.94745E-03   0.00000E+00   8.38424E-01   1.61576E-01  NONE
   8.43000E+02   6.55303E-05   2.90658E-03   9.79281E-01   4.40297E-03 
    1.33412E-02   2.29298E-06   2.50000E-01   1.45558E-01   5.34111E-01 
    6.83806E-02   1.94988E-03   0.00000E+00   8.38390E-01   1.61610E-01  NONE
   8.33000E+02   5.65437E-05   2.71728E-03   9.79718E-01   4.16445E-03 
    1.33412E-02   2.29306E-06   2.50000E-01   1.46514E-01   5.31928E-01 
    6.96058E-02   1.95218E-03   0.00000E+00   8.38360E-01   1.61640E-01  NONE
   8.23000E+02   4.86746E-05   2.53471E-03   9.80141E-01   3.93178E-03 
    1.33411E-02   2.29313E-06   2.50000E-01   1.47437E-01   5.29807E-01 
    7.08016E-02   1.95436E-03   0.00000E+00   8.38333E-01   1.61667E-01  NONE
   8.13000E+02   4.17979E-05   2.35901E-03   9.80551E-01   3.70519E-03 
    1.33410E-02   2.29320E-06   2.50000E-01   1.48327E-01   5.27750E-01 
    7.19669E-02   1.95641E-03   0.00000E+00   8.38310E-01   1.61690E-01  NONE
   8.03000E+02   3.58011E-05   2.19032E-03   9.80946E-01   3.48491E-03 
    1.33409E-02   2.29325E-06   2.50000E-01   1.49184E-01   5.25758E-01 
    7.31003E-02   1.95834E-03   0.00000E+00   8.38290E-01   1.61710E-01  NONE
   7.93000E+02   3.05831E-05   2.02875E-03   9.81326E-01   3.27114E-03 
    1.33408E-02   2.29330E-06   2.50000E-01   1.50005E-01   5.23834E-01 
    7.42008E-02   1.96013E-03   0.00000E+00   8.38273E-01   1.61727E-01  NONE
   7.83000E+02   2.60530E-05   1.87439E-03   9.81692E-01   3.06410E-03 
    1.33407E-02   2.29334E-06   2.50000E-01   1.50791E-01   5.21980E-01 
    7.52672E-02   1.96179E-03   0.00000E+00   8.38257E-01   1.61743E-01  NONE
   7.73000E+02   2.21294E-05   1.72730E-03   9.82044E-01   2.86399E-03 
    1.33406E-02   2.29338E-06   2.50000E-01   1.51541E-01   5.20197E-01 
    7.62983E-02   1.96328E-03   0.00000E+00   8.38244E-01   1.61756E-01  NONE
   7.63000E+02   1.87396E-05   1.58751E-03   9.82380E-01   2.67098E-03 
    1.33405E-02   2.29341E-06   2.50000E-01   1.52255E-01   5.18487E-01 
    7.72932E-02   1.96461E-03   0.00000E+00   8.38233E-01   1.61767E-01  NONE
   7.53000E+02   1.58184E-05   1.45502E-03   9.82701E-01   2.48525E-03 
    1.33404E-02   2.29343E-06   2.50000E-01   1.52933E-01   5.16851E-01 
    7.82510E-02   1.96574E-03   0.00000E+00   8.38223E-01   1.61777E-01  NONE
   7.43000E+02   1.33079E-05   1.32980E-03   9.83007E-01   2.30694E-03 
    1.33404E-02   2.29346E-06   2.50000E-01   1.53573E-01   5.15289E-01 
    7.91710E-02   1.96666E-03   0.00000E+00   8.38215E-01   1.61785E-01  NONE
   7.33000E+02   1.11564E-05   1.21180E-03   9.83298E-01   2.13616E-03 
    1.33403E-02   2.29348E-06   2.50000E-01   1.54178E-01   5.13802E-01 
    8.00523E-02   1.96734E-03   0.00000E+00   8.38207E-01   1.61793E-01  NONE
   7.23000E+02   9.31812E-06   1.10093E-03   9.83574E-01   1.97301E-03 
    1.33403E-02   2.29349E-06   2.50000E-01   1.54746E-01   5.12391E-01 
    8.08945E-02   1.96775E-03   0.00000E+00   8.38201E-01   1.61799E-01  NONE
   7.13000E+02   7.75237E-06   9.97093E-04   9.83835E-01   1.81754E-03 
    1.33404E-02   2.29351E-06   2.50000E-01   1.55279E-01   5.11055E-01 
    8.16973E-02   1.96787E-03   0.00000E+00   8.38196E-01   1.61804E-01  NONE
   7.03000E+02   6.42318E-06   9.00139E-04   9.84081E-01   1.66980E-03 
    1.33405E-02   2.29352E-06   2.50000E-01   1.55777E-01   5.09795E-01 
    8.24604E-02   1.96765E-03   0.00000E+00   8.38192E-01   1.61808E-01  NONE
   6.93000E+02   5.29877E-06   8.09910E-04   9.84312E-01   1.52980E-03 
    1.33406E-02   2.29353E-06   2.50000E-01   1.56241E-01   5.08608E-01 
    8.31838E-02   1.96707E-03   0.00000E+00   8.38188E-01   1.61812E-01  NONE
   6.83000E+02   4.35112E-06   7.26219E-04   9.84529E-01   1.39749E-03 
    1.33409E-02   2.29354E-06   2.50000E-01   1.56672E-01   5.07495E-01 
    8.38675E-02   1.96609E-03   0.00000E+00   8.38185E-01   1.61815E-01  NONE
   6.73000E+02   3.55560E-06   6.48860E-04   9.84731E-01   1.27284E-03 
    1.33412E-02   2.29355E-06   2.50000E-01   1.57070E-01   5.06454E-01 
    8.45119E-02   1.96466E-03   0.00000E+00   8.38182E-01   1.61818E-01  NONE
