
 Phase Region for:
     FCC_A1#1                      
 col-1=T, col-2=W(FCC_A1#1,C), col-3=W(FCC_A1#1,CR), col-4=W(FCC_A1#1,FE),
   col-5=W(FCC_A1#1,MN), col-6=W(FCC_A1#1,NI), col-7=W(FCC_A1#1,SI),
   col-8=NP(FCC_A1#1),
   1.17300E+03   9.00000E-03   1.00000E-06   9.60997E-01   1.50005E-02 
    7.50075E-03   7.50075E-03   1.00000E+00
   1.18300E+03   9.00000E-03   1.00000E-06   9.60997E-01   1.50005E-02 
    7.50075E-03   7.50075E-03   1.00000E+00
   1.19300E+03   9.00000E-03   1.00000E-06   9.60997E-01   1.50005E-02 
    7.50075E-03   7.50075E-03   1.00000E+00
   1.20300E+03   9.00000E-03   1.00000E-06   9.60997E-01   1.50005E-02 
    7.50075E-03   7.50075E-03   1.00000E+00
   1.21300E+03   9.00000E-03   1.00000E-06   9.60997E-01   1.50005E-02 
    7.50075E-03   7.50075E-03   1.00000E+00
   1.22300E+03   9.00000E-03   1.00000E-06   9.60997E-01   1.50005E-02 
    7.50075E-03   7.50075E-03   1.00000E+00
   1.23300E+03   9.00000E-03   1.00000E-06   9.60997E-01   1.50005E-02 
    7.50075E-03   7.50075E-03   1.00000E+00
   1.24300E+03   9.00000E-03   1.00000E-06   9.60997E-01   1.50005E-02 
    7.50075E-03   7.50075E-03   1.00000E+00
   1.25300E+03   9.00000E-03   1.00000E-06   9.60997E-01   1.50005E-02 
    7.50075E-03   7.50075E-03   1.00000E+00
   1.26300E+03   9.00000E-03   1.00000E-06   9.60997E-01   1.50005E-02 
    7.50075E-03   7.50075E-03   1.00000E+00
   1.27300E+03   9.00000E-03   1.00000E-06   9.60997E-01   1.50005E-02 
    7.50075E-03   7.50075E-03   1.00000E+00
   1.28300E+03   9.00000E-03   1.00000E-06   9.60997E-01   1.50005E-02 
    7.50075E-03   7.50075E-03   1.00000E+00
   1.29300E+03   9.00000E-03   1.00000E-06   9.60997E-01   1.50005E-02 
    7.50075E-03   7.50075E-03   1.00000E+00
   1.30300E+03   9.00000E-03   1.00000E-06   9.60997E-01   1.50005E-02 
    7.50075E-03   7.50075E-03   1.00000E+00
   1.31300E+03   9.00000E-03   1.00000E-06   9.60997E-01   1.50005E-02 
    7.50075E-03   7.50075E-03   1.00000E+00
   1.32300E+03   9.00000E-03   1.00000E-06   9.60997E-01   1.50005E-02 
    7.50075E-03   7.50075E-03   1.00000E+00
   1.33300E+03   9.00000E-03   1.00000E-06   9.60997E-01   1.50005E-02 
    7.50075E-03   7.50075E-03   1.00000E+00
   1.34300E+03   9.00000E-03   1.00000E-06   9.60997E-01   1.50005E-02 
    7.50075E-03   7.50075E-03   1.00000E+00
   1.35300E+03   9.00000E-03   1.00000E-06   9.60997E-01   1.50005E-02 
    7.50075E-03   7.50075E-03   1.00000E+00
   1.36300E+03   9.00000E-03   1.00000E-06   9.60997E-01   1.50005E-02 
    7.50075E-03   7.50075E-03   1.00000E+00
   1.37300E+03   9.00000E-03   1.00000E-06   9.60997E-01   1.50005E-02 
    7.50075E-03   7.50075E-03   1.00000E+00
   1.38300E+03   9.00000E-03   1.00000E-06   9.60997E-01   1.50005E-02 
    7.50075E-03   7.50075E-03   1.00000E+00
   1.39300E+03   9.00000E-03   1.00000E-06   9.60997E-01   1.50005E-02 
    7.50075E-03   7.50075E-03   1.00000E+00
   1.40300E+03   9.00000E-03   1.00000E-06   9.60997E-01   1.50005E-02 
    7.50075E-03   7.50075E-03   1.00000E+00
   1.41300E+03   9.00000E-03   1.00000E-06   9.60997E-01   1.50005E-02 
    7.50075E-03   7.50075E-03   1.00000E+00
   1.42300E+03   9.00000E-03   1.00000E-06   9.60997E-01   1.50005E-02 
    7.50075E-03   7.50075E-03   1.00000E+00
   1.43300E+03   9.00000E-03   1.00000E-06   9.60997E-01   1.50005E-02 
    7.50075E-03   7.50075E-03   1.00000E+00
   1.44300E+03   9.00000E-03   1.00000E-06   9.60997E-01   1.50005E-02 
    7.50075E-03   7.50075E-03   1.00000E+00
   1.45300E+03   9.00000E-03   1.00000E-06   9.60997E-01   1.50005E-02 
    7.50075E-03   7.50075E-03   1.00000E+00
   1.46300E+03   9.00000E-03   1.00000E-06   9.60997E-01   1.50005E-02 
    7.50075E-03   7.50075E-03   1.00000E+00
   1.47300E+03   9.00000E-03   1.00000E-06   9.60997E-01   1.50005E-02 
    7.50075E-03   7.50075E-03   1.00000E+00

 Phase Region for:
     FCC_A1#1                      
 col-1=T, col-2=W(FCC_A1#1,C), col-3=W(FCC_A1#1,CR), col-4=W(FCC_A1#1,FE),
   col-5=W(FCC_A1#1,MN), col-6=W(FCC_A1#1,NI), col-7=W(FCC_A1#1,SI),
   col-8=NP(FCC_A1#1),
   1.17300E+03   9.00000E-03   1.00000E-06   9.60997E-01   1.50005E-02 
    7.50075E-03   7.50075E-03   1.00000E+00
   1.16300E+03   9.00000E-03   1.00000E-06   9.60997E-01   1.50005E-02 
    7.50075E-03   7.50075E-03   1.00000E+00
   1.15300E+03   9.00000E-03   1.00000E-06   9.60997E-01   1.50005E-02 
    7.50075E-03   7.50075E-03   1.00000E+00
   1.14300E+03   9.00000E-03   1.00000E-06   9.60997E-01   1.50005E-02 
    7.50075E-03   7.50075E-03   1.00000E+00
   1.13300E+03   9.00000E-03   1.00000E-06   9.60997E-01   1.50005E-02 
    7.50075E-03   7.50075E-03   1.00000E+00
   1.12300E+03   9.00000E-03   1.00000E-06   9.60997E-01   1.50005E-02 
    7.50075E-03   7.50075E-03   1.00000E+00
   1.11300E+03   9.00000E-03   1.00000E-06   9.60997E-01   1.50005E-02 
    7.50075E-03   7.50075E-03   1.00000E+00
   1.10300E+03   9.00000E-03   1.00000E-06   9.60997E-01   1.50005E-02 
    7.50075E-03   7.50075E-03   1.00000E+00
   1.09300E+03   9.00000E-03   1.00000E-06   9.60997E-01   1.50005E-02 
    7.50075E-03   7.50075E-03   1.00000E+00
   1.08300E+03   9.00000E-03   1.00000E-06   9.60997E-01   1.50005E-02 
    7.50075E-03   7.50075E-03   1.00000E+00
   1.08189E+03   9.00000E-03   1.00000E-06   9.60997E-01   1.50005E-02 
    7.50075E-03   7.50075E-03   1.00000E+00

 Phase Region for:
     CEMENTITE                     
     FCC_A1#1                      
 col-1=T, col-2=W(CEMENTITE,C), col-3=W(CEMENTITE,CR), col-4=W(CEMENTITE,FE),
   col-5=W(CEMENTITE,MN), col-6=W(CEMENTITE,NI), col-7=W(CEMENTITE,SI),
   col-8=W(FCC_A1#1,C), col-9=W(FCC_A1#1,CR), col-10=W(FCC_A1#1,FE),
   col-11=W(FCC_A1#1,MN), col-12=W(FCC_A1#1,NI), col-13=W(FCC_A1#1,SI),
   col-14=NP(CEMENTITE), col-15=NP(FCC_A1#1),
   1.08189E+03   6.69242E-02   8.83437E-06   9.01606E-01   3.03309E-02 
    1.13016E-03   0.00000E+00   9.00000E-03   1.00000E-06   9.60997E-01 
    1.50005E-02   7.50075E-03   7.50075E-03   5.60740E-08   1.00000E+00
   1.07300E+03   6.69245E-02   8.83296E-06   9.01421E-01   3.05371E-02 
    1.10870E-03   0.00000E+00   8.75993E-03   9.67537E-07   9.61244E-01 
    1.49361E-02   7.52724E-03   7.53184E-03   4.93906E-03   9.95061E-01
   1.06300E+03   6.69249E-02   8.82873E-06   9.01207E-01   3.07745E-02 
    1.08464E-03   0.00000E+00   8.49299E-03   9.31476E-07   9.61520E-01 
    1.48624E-02   7.55691E-03   7.56640E-03   1.03835E-02   9.89617E-01
   1.05300E+03   6.69252E-02   8.82177E-06   9.00988E-01   3.10178E-02 
    1.06066E-03   0.00000E+00   8.22929E-03   8.95929E-07   9.61795E-01 
    1.47874E-02   7.58644E-03   7.60055E-03   1.57131E-02   9.84287E-01
   1.04300E+03   6.69256E-02   8.81214E-06   9.00762E-01   3.12672E-02 
    1.03678E-03   0.00000E+00   7.96886E-03   8.60935E-07   9.62069E-01 
    1.47109E-02   7.61582E-03   7.63427E-03   2.09298E-02   9.79070E-01
   1.03300E+03   6.69259E-02   8.79990E-06   9.00530E-01   3.15228E-02 
    1.01299E-03   0.00000E+00   7.71172E-03   8.26529E-07   9.62342E-01 
    1.46330E-02   7.64504E-03   7.66757E-03   2.60354E-02   9.73965E-01
   1.02300E+03   6.69263E-02   8.78515E-06   9.00291E-01   3.17848E-02 
    9.89313E-04   0.00000E+00   7.45791E-03   7.92747E-07   9.62613E-01 
    1.45537E-02   7.67409E-03   7.70043E-03   3.10317E-02   9.68968E-01
   1.01300E+03   6.69267E-02   8.76798E-06   9.00046E-01   3.20533E-02 
    9.65741E-04   0.00000E+00   7.20746E-03   7.59620E-07   9.62883E-01 
    1.44728E-02   7.70298E-03   7.73286E-03   3.59203E-02   9.64080E-01
   1.00300E+03   6.69270E-02   8.74848E-06   8.99793E-01   3.23285E-02 
    9.42284E-04   0.00000E+00   6.96041E-03   7.27178E-07   9.63152E-01 
    1.43904E-02   7.73167E-03   7.76485E-03   4.07026E-02   9.59297E-01
   9.93168E+02   6.69274E-02   8.72715E-06   8.99539E-01   3.26057E-02 
    9.19340E-04   0.00000E+00   6.72086E-03   6.95977E-07   9.63415E-01 
    1.43078E-02   7.75969E-03   7.79587E-03   4.53021E-02   9.54698E-01

 Phase Region for:
     BCC_A2                        
     CEMENTITE                     
     FCC_A1#1                      
 col-1=T, col-2=W(BCC_A2,C), col-3=W(BCC_A2,CR), col-4=W(BCC_A2,FE),
   col-5=W(BCC_A2,MN), col-6=W(BCC_A2,NI), col-7=W(BCC_A2,SI),
   col-8=W(CEMENTITE,C), col-9=W(CEMENTITE,CR), col-10=W(CEMENTITE,FE),
   col-11=W(CEMENTITE,MN), col-12=W(CEMENTITE,NI), col-13=W(CEMENTITE,SI),
   col-14=W(FCC_A1#1,C), col-15=W(FCC_A1#1,CR), col-16=W(FCC_A1#1,FE),
   col-17=W(FCC_A1#1,MN), col-18=W(FCC_A1#1,NI), col-19=W(FCC_A1#1,SI),
   col-20=NP(BCC_A2), col-21=NP(CEMENTITE), col-22=NP(FCC_A1#1),
   9.93168E+02   1.48808E-04   3.54248E-07   9.81235E-01   4.07061E-03 
    3.35235E-03   1.11934E-02   6.69274E-02   8.72712E-06   8.99539E-01 
    3.26058E-02   9.19343E-04   0.00000E+00   6.72085E-03   6.95975E-07 
    9.63415E-01   1.43079E-02   7.75972E-03   7.79585E-03   5.12128E-06 
    4.53028E-02   9.54692E-01
   9.93000E+02   1.48532E-04   3.52283E-07   9.81237E-01   4.08553E-03 
    3.36975E-03   1.11584E-02   6.69276E-02   8.68795E-06   8.99368E-01 
    3.27712E-02   9.24192E-04   0.00000E+00   6.71752E-03   6.92187E-07 
    9.63325E-01   1.43764E-02   7.80754E-03   7.77299E-03   8.59290E-03 
    4.65197E-02   9.44887E-01
   9.83000E+02   1.31821E-04   2.74115E-07   9.80570E-01   5.03113E-03 
    4.57776E-03   9.68891E-03   6.69381E-02   7.14386E-06   8.88493E-01 
    4.33009E-02   1.26090E-03   0.00000E+00   6.48116E-03   5.39196E-07 
    9.56496E-01   1.88609E-02   1.12739E-02   6.88766E-03   4.20568E-01 
    1.04316E-01   4.75116E-01
   9.73000E+02   1.15714E-04   2.37826E-07   9.78899E-01   5.93576E-03 
    6.03065E-03   9.01883E-03   6.69486E-02   6.48681E-06   8.77401E-01 
    5.39762E-02   1.66721E-03   0.00000E+00   6.19800E-03   4.64922E-07 
    9.47678E-01   2.36619E-02   1.58545E-02   6.60676E-03   6.64330E-01 
    1.37281E-01   1.98389E-01
   9.63000E+02   1.01145E-04   2.17740E-07   9.76889E-01   6.67400E-03 
    7.61430E-03   8.72085E-03   6.69580E-02   6.19734E-06   8.67141E-01 
    6.37808E-02   2.11358E-03   0.00000E+00   5.89613E-03   4.21299E-07 
    9.37740E-01   2.83586E-02   2.14085E-02   6.59619E-03   8.02320E-01 
    1.54861E-01   4.28193E-02
   9.58805E+02   9.55445E-05   2.11630E-07   9.76027E-01   6.92617E-03 
    8.29850E-03   8.65307E-03   6.69616E-02   6.13172E-06   8.63166E-01 
    6.75586E-02   2.30795E-03   0.00000E+00   5.76722E-03   4.07378E-07 
    9.33329E-01   3.02650E-02   2.40070E-02   6.63136E-03   8.40554E-01 
    1.59446E-01   0.00000E+00

 Phase Region for:
     BCC_A2                        
     CEMENTITE                     
 col-1=T, col-2=W(BCC_A2,C), col-3=W(BCC_A2,CR), col-4=W(BCC_A2,FE),
   col-5=W(BCC_A2,MN), col-6=W(BCC_A2,NI), col-7=W(BCC_A2,SI),
   col-8=W(CEMENTITE,C), col-9=W(CEMENTITE,CR), col-10=W(CEMENTITE,FE),
   col-11=W(CEMENTITE,MN), col-12=W(CEMENTITE,NI), col-13=W(CEMENTITE,SI),
   col-14=NP(BCC_A2), col-15=NP(CEMENTITE),
   9.58804E+02   9.55445E-05   2.11630E-07   9.76027E-01   6.92617E-03 
    8.29850E-03   8.65307E-03   6.69616E-02   6.13172E-06   8.63166E-01 
    6.75586E-02   2.30795E-03   0.00000E+00   8.40554E-01   1.59446E-01  NONE
   9.53000E+02   8.92710E-05   2.06228E-07   9.76201E-01   6.75773E-03 
    8.29751E-03   8.65386E-03   6.69627E-02   6.16335E-06   8.62095E-01 
    6.86183E-02   2.31798E-03   0.00000E+00   8.40457E-01   1.59543E-01  NONE
   9.43000E+02   7.93156E-05   1.97057E-07   9.76497E-01   6.47216E-03 
    8.29579E-03   8.65511E-03   6.69647E-02   6.21735E-06   8.60279E-01 
    7.04158E-02   2.33477E-03   0.00000E+00   8.40302E-01   1.59698E-01  NONE
   9.33000E+02   7.03550E-05   1.88059E-07   9.76787E-01   6.19241E-03 
    8.29406E-03   8.65623E-03   6.69666E-02   6.27070E-06   8.58498E-01 
    7.21780E-02   2.35098E-03   0.00000E+00   8.40163E-01   1.59837E-01  NONE
   9.23000E+02   6.22995E-05   1.79237E-07   9.77069E-01   5.91851E-03 
    8.29234E-03   8.65723E-03   6.69684E-02   6.32333E-06   8.56754E-01 
    7.39048E-02   2.36665E-03   0.00000E+00   8.40038E-01   1.59962E-01  NONE
   9.13000E+02   5.50669E-05   1.70596E-07   9.77346E-01   5.65048E-03 
    8.29061E-03   8.65813E-03   6.69703E-02   6.37520E-06   8.55046E-01 
    7.55960E-02   2.38181E-03   0.00000E+00   8.39926E-01   1.60074E-01  NONE
   9.03000E+02   4.85819E-05   1.62140E-07   9.77615E-01   5.38837E-03 
    8.28889E-03   8.65894E-03   6.69720E-02   6.42623E-06   8.53374E-01 
    7.72515E-02   2.39649E-03   0.00000E+00   8.39825E-01   1.60175E-01  NONE
   8.93000E+02   4.27757E-05   1.53876E-07   9.77878E-01   5.13222E-03 
    8.28718E-03   8.65965E-03   6.69738E-02   6.47637E-06   8.51738E-01 
    7.88709E-02   2.41072E-03   0.00000E+00   8.39735E-01   1.60265E-01  NONE
   8.83000E+02   3.75854E-05   1.45807E-07   9.78134E-01   4.88212E-03 
    8.28548E-03   8.66029E-03   6.69755E-02   6.52555E-06   8.50140E-01 
    8.04537E-02   2.42452E-03   0.00000E+00   8.39655E-01   1.60345E-01  NONE
   8.73000E+02   3.29532E-05   1.37940E-07   9.78384E-01   4.63811E-03 
    8.28380E-03   8.66085E-03   6.69772E-02   6.57372E-06   8.48579E-01 
    8.19993E-02   2.43790E-03   0.00000E+00   8.39583E-01   1.60417E-01  NONE
   8.63000E+02   2.88263E-05   1.30280E-07   9.78627E-01   4.40030E-03 
    8.28213E-03   8.66136E-03   6.69788E-02   6.62082E-06   8.47056E-01 
    8.35073E-02   2.45087E-03   0.00000E+00   8.39519E-01   1.60481E-01  NONE
   8.53000E+02   2.51564E-05   1.22833E-07   9.78864E-01   4.16877E-03 
    8.28048E-03   8.66180E-03   6.69804E-02   6.66678E-06   8.45573E-01 
    8.49770E-02   2.46346E-03   0.00000E+00   8.39462E-01   1.60538E-01  NONE
   8.43000E+02   2.18991E-05   1.15605E-07   9.79093E-01   3.94360E-03 
    8.27885E-03   8.66219E-03   6.69819E-02   6.71156E-06   8.44128E-01 
    8.64076E-02   2.47566E-03   0.00000E+00   8.39412E-01   1.60588E-01  NONE
   8.33000E+02   1.90141E-05   1.08600E-07   9.79316E-01   3.72488E-03 
    8.27725E-03   8.66253E-03   6.69834E-02   6.75510E-06   8.42724E-01 
    8.77986E-02   2.48749E-03   0.00000E+00   8.39367E-01   1.60633E-01  NONE
   8.23000E+02   1.64644E-05   1.01824E-07   9.79532E-01   3.51272E-03 
    8.27568E-03   8.66283E-03   6.69849E-02   6.79734E-06   8.41360E-01 
    8.91492E-02   2.49893E-03   0.00000E+00   8.39328E-01   1.60672E-01  NONE
   8.13000E+02   1.42160E-05   9.52804E-08   9.79741E-01   3.30719E-03 
    8.27414E-03   8.66310E-03   6.69863E-02   6.83826E-06   8.40038E-01 
    9.04588E-02   2.51000E-03   0.00000E+00   8.39293E-01   1.60707E-01  NONE
   8.03000E+02   1.22382E-05   8.89743E-08   9.79943E-01   3.10838E-03 
    8.27263E-03   8.66332E-03   6.69877E-02   6.87780E-06   8.38758E-01 
    9.17266E-02   2.52068E-03   0.00000E+00   8.39262E-01   1.60738E-01  NONE
   7.93000E+02   1.05028E-05   8.29089E-08   9.80138E-01   2.91637E-03 
    8.27117E-03   8.66352E-03   6.69890E-02   6.91592E-06   8.37521E-01 
    9.29522E-02   2.53097E-03   0.00000E+00   8.39236E-01   1.60764E-01  NONE
   7.83000E+02   8.98406E-06   7.70871E-08   9.80326E-01   2.73122E-03 
    8.26975E-03   8.66369E-03   6.69903E-02   6.95260E-06   8.36327E-01 
    9.41349E-02   2.54086E-03   0.00000E+00   8.39212E-01   1.60788E-01  NONE
   7.73000E+02   7.65876E-06   7.15111E-08   9.80507E-01   2.55299E-03 
    8.26838E-03   8.66384E-03   6.69915E-02   6.98781E-06   8.35177E-01 
    9.52743E-02   2.55034E-03   0.00000E+00   8.39192E-01   1.60808E-01  NONE
   7.63000E+02   6.50564E-06   6.61824E-08   9.80681E-01   2.38172E-03 
    8.26706E-03   8.66397E-03   6.69927E-02   7.02153E-06   8.34071E-01 
    9.63700E-02   2.55939E-03   0.00000E+00   8.39174E-01   1.60826E-01  NONE
   7.53000E+02   5.50544E-06   6.11018E-08   9.80847E-01   2.21745E-03 
    8.26579E-03   8.66407E-03   6.69938E-02   7.05373E-06   8.33009E-01 
    9.74218E-02   2.56800E-03   0.00000E+00   8.39158E-01   1.60842E-01  NONE
   7.43000E+02   4.64073E-06   5.62695E-08   9.81006E-01   2.06019E-03 
    8.26459E-03   8.66416E-03   6.69949E-02   7.08442E-06   8.31993E-01 
    9.84293E-02   2.57614E-03   0.00000E+00   8.39145E-01   1.60855E-01  NONE
   7.33000E+02   3.89573E-06   5.16846E-08   9.81158E-01   1.90995E-03 
    8.26345E-03   8.66424E-03   6.69959E-02   7.11358E-06   8.31021E-01 
    9.93925E-02   2.58381E-03   0.00000E+00   8.39133E-01   1.60867E-01  NONE
   7.23000E+02   3.25619E-06   4.73456E-08   9.81303E-01   1.76670E-03 
    8.26238E-03   8.66430E-03   6.69969E-02   7.14123E-06   8.30094E-01 
    1.00311E-01   2.59096E-03   0.00000E+00   8.39123E-01   1.60877E-01  NONE
   7.13000E+02   2.70930E-06   4.32503E-08   9.81441E-01   1.63041E-03 
    8.26138E-03   8.66435E-03   6.69979E-02   7.16735E-06   8.29211E-01 
    1.01186E-01   2.59758E-03   0.00000E+00   8.39115E-01   1.60885E-01  NONE
   7.03000E+02   2.24353E-06   3.93953E-08   9.81572E-01   1.50104E-03 
    8.26047E-03   8.66439E-03   6.69988E-02   7.19198E-06   8.28373E-01 
    1.02017E-01   2.60365E-03   0.00000E+00   8.39108E-01   1.60892E-01  NONE
   6.93000E+02   1.84852E-06   3.57770E-08   9.81696E-01   1.37850E-03 
    8.25965E-03   8.66443E-03   6.69996E-02   7.21512E-06   8.27580E-01 
    1.02804E-01   2.60912E-03   0.00000E+00   8.39102E-01   1.60898E-01  NONE
   6.83000E+02   1.51504E-06   3.23906E-08   9.81812E-01   1.26273E-03 
    8.25891E-03   8.66445E-03   6.70004E-02   7.23680E-06   8.26830E-01 
    1.03548E-01   2.61396E-03   0.00000E+00   8.39096E-01   1.60904E-01  NONE
   6.73000E+02   1.23485E-06   2.92308E-08   9.81922E-01   1.15361E-03 
    8.25828E-03   8.66448E-03   6.70012E-02   7.25706E-06   8.26123E-01 
    1.04250E-01   2.61815E-03   0.00000E+00   8.39092E-01   1.60908E-01  NONE
