
 Phase Region for:
     CEMENTITE                     
     FCC_A1#1                      
 col-1=T, col-2=W(CEMENTITE,C), col-3=W(CEMENTITE,CR), col-4=W(CEMENTITE,FE),
   col-5=W(CEMENTITE,MN), col-6=W(CEMENTITE,NI), col-7=W(CEMENTITE,SI),
   col-8=W(FCC_A1#1,C), col-9=W(FCC_A1#1,CR), col-10=W(FCC_A1#1,FE),
   col-11=W(FCC_A1#1,MN), col-12=W(FCC_A1#1,NI), col-13=W(FCC_A1#1,SI),
   col-14=NP(CEMENTITE), col-15=NP(FCC_A1#1),
   1.17300E+03   6.78310E-02   1.85694E-01   7.24667E-01   2.01040E-02 
    1.70364E-03   0.00000E+00   8.04598E-03   2.74752E-02   9.19101E-01 
    1.49177E-02   1.52161E-02   1.52438E-02   1.91833E-02   9.80817E-01
   1.18300E+03   6.78272E-02   1.84984E-01   7.25464E-01   1.99805E-02 
    1.74359E-03   0.00000E+00   8.33046E-03   2.82360E-02   9.18167E-01 
    1.49438E-02   1.51514E-02   1.51712E-02   1.35276E-02   9.86472E-01
   1.19300E+03   6.78235E-02   1.84284E-01   7.26248E-01   1.98613E-02 
    1.78387E-03   0.00000E+00   8.62079E-03   2.90054E-02   9.17222E-01 
    1.49692E-02   1.50857E-02   1.50972E-02   7.69933E-03   9.92301E-01
   1.20300E+03   6.78198E-02   1.83593E-01   7.27016E-01   1.97464E-02 
    1.82448E-03   0.00000E+00   8.91700E-03   2.97833E-02   9.16265E-01 
    1.49938E-02   1.50191E-02   1.50217E-02   1.69363E-03   9.98306E-01
   1.20577E+03   6.78188E-02   1.83403E-01   7.27227E-01   1.97154E-02 
    1.83577E-03   0.00000E+00   9.00000E-03   3.00000E-02   9.15998E-01 
    1.50005E-02   1.50005E-02   1.50005E-02   0.00000E+00   1.00000E+00

 Phase Region for:
     FCC_A1#1                      
 col-1=T, col-2=W(FCC_A1#1,C), col-3=W(FCC_A1#1,CR), col-4=W(FCC_A1#1,FE),
   col-5=W(FCC_A1#1,MN), col-6=W(FCC_A1#1,NI), col-7=W(FCC_A1#1,SI),
   col-8=NP(FCC_A1#1),
   1.20577E+03   9.00000E-03   3.00000E-02   9.15998E-01   1.50005E-02 
    1.50005E-02   1.50005E-02   1.00000E+00
   1.21300E+03   9.00000E-03   3.00000E-02   9.15998E-01   1.50005E-02 
    1.50005E-02   1.50005E-02   1.00000E+00
   1.22300E+03   9.00000E-03   3.00000E-02   9.15998E-01   1.50005E-02 
    1.50005E-02   1.50005E-02   1.00000E+00
   1.23300E+03   9.00000E-03   3.00000E-02   9.15998E-01   1.50005E-02 
    1.50005E-02   1.50005E-02   1.00000E+00
   1.24300E+03   9.00000E-03   3.00000E-02   9.15998E-01   1.50005E-02 
    1.50005E-02   1.50005E-02   1.00000E+00
   1.25300E+03   9.00000E-03   3.00000E-02   9.15998E-01   1.50005E-02 
    1.50005E-02   1.50005E-02   1.00000E+00
   1.26300E+03   9.00000E-03   3.00000E-02   9.15998E-01   1.50005E-02 
    1.50005E-02   1.50005E-02   1.00000E+00
   1.27300E+03   9.00000E-03   3.00000E-02   9.15998E-01   1.50005E-02 
    1.50005E-02   1.50005E-02   1.00000E+00
   1.28300E+03   9.00000E-03   3.00000E-02   9.15998E-01   1.50005E-02 
    1.50005E-02   1.50005E-02   1.00000E+00
   1.29300E+03   9.00000E-03   3.00000E-02   9.15998E-01   1.50005E-02 
    1.50005E-02   1.50005E-02   1.00000E+00
   1.30300E+03   9.00000E-03   3.00000E-02   9.15998E-01   1.50005E-02 
    1.50005E-02   1.50005E-02   1.00000E+00
   1.31300E+03   9.00000E-03   3.00000E-02   9.15998E-01   1.50005E-02 
    1.50005E-02   1.50005E-02   1.00000E+00
   1.32300E+03   9.00000E-03   3.00000E-02   9.15998E-01   1.50005E-02 
    1.50005E-02   1.50005E-02   1.00000E+00
   1.33300E+03   9.00000E-03   3.00000E-02   9.15999E-01   1.50005E-02 
    1.50005E-02   1.50005E-02   1.00000E+00
   1.34300E+03   9.00000E-03   3.00000E-02   9.15998E-01   1.50005E-02 
    1.50005E-02   1.50005E-02   1.00000E+00
   1.35300E+03   9.00000E-03   3.00000E-02   9.15998E-01   1.50005E-02 
    1.50005E-02   1.50005E-02   1.00000E+00
   1.36300E+03   9.00000E-03   3.00000E-02   9.15998E-01   1.50005E-02 
    1.50005E-02   1.50005E-02   1.00000E+00
   1.37300E+03   9.00000E-03   3.00000E-02   9.15998E-01   1.50005E-02 
    1.50005E-02   1.50005E-02   1.00000E+00
   1.38300E+03   9.00000E-03   3.00000E-02   9.15998E-01   1.50005E-02 
    1.50005E-02   1.50005E-02   1.00000E+00
   1.39300E+03   9.00000E-03   3.00000E-02   9.15998E-01   1.50005E-02 
    1.50005E-02   1.50005E-02   1.00000E+00
   1.40300E+03   9.00000E-03   3.00000E-02   9.15998E-01   1.50005E-02 
    1.50005E-02   1.50005E-02   1.00000E+00
   1.41300E+03   9.00000E-03   3.00000E-02   9.15998E-01   1.50005E-02 
    1.50005E-02   1.50005E-02   1.00000E+00
   1.42300E+03   9.00000E-03   3.00000E-02   9.15998E-01   1.50005E-02 
    1.50005E-02   1.50005E-02   1.00000E+00
   1.43300E+03   9.00000E-03   3.00000E-02   9.15998E-01   1.50005E-02 
    1.50005E-02   1.50005E-02   1.00000E+00
   1.44300E+03   9.00000E-03   3.00000E-02   9.15998E-01   1.50005E-02 
    1.50005E-02   1.50005E-02   1.00000E+00
   1.45300E+03   9.00000E-03   3.00000E-02   9.15998E-01   1.50005E-02 
    1.50005E-02   1.50005E-02   1.00000E+00
   1.46300E+03   9.00000E-03   3.00000E-02   9.15998E-01   1.50005E-02 
    1.50005E-02   1.50005E-02   1.00000E+00
   1.47300E+03   9.00000E-03   3.00000E-02   9.15998E-01   1.50005E-02 
    1.50005E-02   1.50005E-02   1.00000E+00

 Phase Region for:
     CEMENTITE                     
     FCC_A1#1                      
 col-1=T, col-2=W(CEMENTITE,C), col-3=W(CEMENTITE,CR), col-4=W(CEMENTITE,FE),
   col-5=W(CEMENTITE,MN), col-6=W(CEMENTITE,NI), col-7=W(CEMENTITE,SI),
   col-8=W(FCC_A1#1,C), col-9=W(FCC_A1#1,CR), col-10=W(FCC_A1#1,FE),
   col-11=W(FCC_A1#1,MN), col-12=W(FCC_A1#1,NI), col-13=W(FCC_A1#1,SI),
   col-14=NP(CEMENTITE), col-15=NP(FCC_A1#1),
   1.17300E+03   6.78310E-02   1.85694E-01   7.24667E-01   2.01040E-02 
    1.70364E-03   0.00000E+00   8.04598E-03   2.74752E-02   9.19101E-01 
    1.49177E-02   1.52161E-02   1.52438E-02   1.91833E-02   9.80817E-01
   1.16300E+03   6.78348E-02   1.86412E-01   7.23857E-01   2.02321E-02 
    1.66405E-03   0.00000E+00   7.76734E-03   2.67230E-02   9.20024E-01 
    1.48909E-02   1.52799E-02   1.53148E-02   2.46711E-02   9.75329E-01
   1.15300E+03   6.78387E-02   1.87138E-01   7.23034E-01   2.03648E-02 
    1.62480E-03   0.00000E+00   7.49451E-03   2.59794E-02   9.20936E-01 
    1.48632E-02   1.53427E-02   1.53843E-02   2.99952E-02   9.70005E-01
   1.14300E+03   6.78426E-02   1.87871E-01   7.22198E-01   2.05022E-02 
    1.58592E-03   0.00000E+00   7.22747E-03   2.52444E-02   9.21836E-01 
    1.48348E-02   1.54046E-02   1.54524E-02   3.51599E-02   9.64840E-01
   1.13300E+03   6.78466E-02   1.88611E-01   7.21350E-01   2.06446E-02 
    1.54740E-03   0.00000E+00   6.96618E-03   2.45182E-02   9.22726E-01 
    1.48054E-02   1.54655E-02   1.55189E-02   4.01694E-02   9.59831E-01
   1.12300E+03   6.78505E-02   1.89357E-01   7.20491E-01   2.07920E-02 
    1.50926E-03   0.00000E+00   6.71063E-03   2.38008E-02   9.23604E-01 
    1.47752E-02   1.55253E-02   1.55840E-02   4.50274E-02   9.54973E-01
   1.11300E+03   6.78546E-02   1.90108E-01   7.19621E-01   2.09447E-02 
    1.47150E-03   0.00000E+00   6.46078E-03   2.30923E-02   9.24471E-01 
    1.47440E-02   1.55842E-02   1.56477E-02   4.97378E-02   9.50262E-01
   1.10300E+03   6.78586E-02   1.90864E-01   7.18740E-01   2.11027E-02 
    1.43413E-03   0.00000E+00   6.21662E-03   2.23928E-02   9.25327E-01 
    1.47119E-02   1.56420E-02   1.57099E-02   5.43042E-02   9.45696E-01
   1.09300E+03   6.78627E-02   1.91625E-01   7.17849E-01   2.12663E-02 
    1.39716E-03   0.00000E+00   5.97810E-03   2.17025E-02   9.26171E-01 
    1.46788E-02   1.56989E-02   1.57706E-02   5.87301E-02   9.41270E-01
   1.08300E+03   6.78668E-02   1.92389E-01   7.16948E-01   2.14356E-02 
    1.36058E-03   0.00000E+00   5.74521E-03   2.10214E-02   9.27004E-01 
    1.46447E-02   1.57547E-02   1.58299E-02   6.30189E-02   9.36981E-01
   1.07300E+03   6.78709E-02   1.93156E-01   7.16038E-01   2.16109E-02 
    1.32442E-03   0.00000E+00   5.51790E-03   2.03497E-02   9.27826E-01 
    1.46095E-02   1.58094E-02   1.58878E-02   6.71738E-02   9.32826E-01
   1.06300E+03   6.78750E-02   1.93925E-01   7.15119E-01   2.17922E-02 
    1.28867E-03   0.00000E+00   5.29615E-03   1.96874E-02   9.28636E-01 
    1.45732E-02   1.58631E-02   1.59442E-02   7.11980E-02   9.28802E-01
   1.05300E+03   6.78791E-02   1.94697E-01   7.14191E-01   2.19799E-02 
    1.25335E-03   0.00000E+00   5.07993E-03   1.90348E-02   9.29434E-01 
    1.45358E-02   1.59158E-02   1.59992E-02   7.50945E-02   9.24905E-01
   1.04300E+03   6.78833E-02   1.95469E-01   7.13255E-01   2.21741E-02 
    1.21845E-03   0.00000E+00   4.86920E-03   1.83920E-02   9.30221E-01 
    1.44973E-02   1.59673E-02   1.60528E-02   7.88664E-02   9.21134E-01
   1.03300E+03   6.78875E-02   1.96243E-01   7.12311E-01   2.23751E-02 
    1.18398E-03   0.00000E+00   4.66392E-03   1.77590E-02   9.30997E-01 
    1.44575E-02   1.60179E-02   1.61050E-02   8.25164E-02   9.17484E-01
   1.02300E+03   6.78916E-02   1.97016E-01   7.11359E-01   2.25830E-02 
    1.14995E-03   0.00000E+00   4.46406E-03   1.71361E-02   9.31760E-01 
    1.44165E-02   1.60673E-02   1.61559E-02   8.60475E-02   9.13953E-01
   1.01618E+03   6.78945E-02   1.97543E-01   7.10706E-01   2.27291E-02 
    1.12700E-03   0.00000E+00   4.33082E-03   1.67171E-02   9.32274E-01 
    1.43878E-02   1.61004E-02   1.61897E-02   8.83892E-02   9.11611E-01

 Phase Region for:
     BCC_A2                        
     CEMENTITE                     
     FCC_A1#1                      
 col-1=T, col-2=W(BCC_A2,C), col-3=W(BCC_A2,CR), col-4=W(BCC_A2,FE),
   col-5=W(BCC_A2,MN), col-6=W(BCC_A2,NI), col-7=W(BCC_A2,SI),
   col-8=W(CEMENTITE,C), col-9=W(CEMENTITE,CR), col-10=W(CEMENTITE,FE),
   col-11=W(CEMENTITE,MN), col-12=W(CEMENTITE,NI), col-13=W(CEMENTITE,SI),
   col-14=W(FCC_A1#1,C), col-15=W(FCC_A1#1,CR), col-16=W(FCC_A1#1,FE),
   col-17=W(FCC_A1#1,MN), col-18=W(FCC_A1#1,NI), col-19=W(FCC_A1#1,SI),
   col-20=NP(BCC_A2), col-21=NP(CEMENTITE), col-22=NP(FCC_A1#1),
   1.01618E+03   1.09136E-04   1.09718E-02   9.56040E-01   5.21862E-03 
    7.31192E-03   2.03481E-02   6.78945E-02   1.97543E-01   7.10706E-01 
    2.27291E-02   1.12700E-03   0.00000E+00   4.33082E-03   1.67171E-02 
    9.32274E-01   1.43878E-02   1.61004E-02   1.61897E-02   2.78890E-06 
    8.83894E-02   9.11608E-01
   1.01300E+03   1.05918E-04   1.06310E-02   9.56223E-01   5.40039E-03 
    7.66117E-03   1.99787E-02   6.78835E-02   1.95070E-01   7.11793E-01 
    2.40670E-02   1.18638E-03   0.00000E+00   4.29822E-03   1.62330E-02 
    9.31316E-01   1.51439E-02   1.70968E-02   1.59124E-02   8.53273E-02 
    9.59207E-02   8.18752E-01
   1.00300E+03   9.56730E-05   9.71318E-03   9.56348E-01   5.96707E-03 
    8.83637E-03   1.90394E-02   6.78569E-02   1.88823E-01   7.13377E-01 
    2.85557E-02   1.38723E-03   0.00000E+00   4.16684E-03   1.48992E-02 
    9.27302E-01   1.77298E-02   2.06436E-02   1.52586E-02   3.11613E-01 
    1.15917E-01   5.72470E-01
   9.93000E+02   8.55096E-05   8.97935E-03   9.56012E-01   6.46665E-03 
    1.00815E-02   1.83747E-02   6.78413E-02   1.84738E-01   7.12401E-01 
    3.34144E-02   1.60496E-03   0.00000E+00   3.99677E-03   1.38085E-02 
    9.21825E-01   2.06302E-02   2.48434E-02   1.48960E-02   4.81137E-01 
    1.30728E-01   3.88135E-01
   9.83000E+02   7.57592E-05   8.40079E-03   9.55254E-01   6.94325E-03 
    1.13843E-02   1.79423E-02   6.78345E-02   1.82377E-01   7.09511E-01 
    3.84467E-02   1.83080E-03   0.00000E+00   3.80032E-03   1.28934E-02 
    9.15171E-01   2.37497E-02   2.96617E-02   1.47238E-02   6.04756E-01 
    1.41208E-01   2.54036E-01
   9.73000E+02   6.66683E-05   7.92681E-03   9.54278E-01   7.36490E-03 
    1.26988E-02   1.76648E-02   6.78340E-02   1.81304E-01   7.05311E-01 
    4.34941E-02   2.05708E-03   0.00000E+00   3.58810E-03   1.20996E-02 
    9.07575E-01   2.70100E-02   3.50567E-02   1.46709E-02   6.93345E-01 
    1.48378E-01   1.58277E-01
   9.63000E+02   5.83655E-05   7.52139E-03   9.53223E-01   7.71502E-03 
    1.39943E-02   1.74876E-02   6.78380E-02   1.81149E-01   7.00278E-01 
    4.84563E-02   2.27891E-03   0.00000E+00   3.36826E-03   1.13862E-02 
    8.99182E-01   3.03647E-02   4.10124E-02   1.46860E-02   7.56384E-01 
    1.53177E-01   9.04384E-02
   9.53000E+02   5.08909E-05   7.16067E-03   9.52176E-01   7.98706E-03 
    1.52507E-02   1.73746E-02   6.78451E-02   1.81635E-01   6.94754E-01 
    5.32727E-02   2.49328E-03   0.00000E+00   3.14645E-03   1.07257E-02 
    8.90067E-01   3.37918E-02   4.75340E-02   1.47348E-02   8.01058E-01 
    1.56327E-01   4.26148E-02
   9.43000E+02   4.42297E-05   6.82932E-03   9.51189E-01   8.18048E-03 
    1.64546E-02   1.73022E-02   6.78541E-02   1.82567E-01   6.88973E-01 
    5.79075E-02   2.69823E-03   0.00000E+00   2.92647E-03   1.01007E-02 
    8.80250E-01   3.72857E-02   5.46426E-02   1.47941E-02   8.32525E-01 
    1.58347E-01   9.12790E-03
   9.39495E+02   4.20795E-05   6.71819E-03   9.50864E-01   8.23014E-03 
    1.68623E-02   1.72835E-02   6.78577E-02   1.82972E-01   6.86918E-01 
    5.94849E-02   2.76757E-03   0.00000E+00   2.85029E-03   9.88775E-03 
    8.76641E-01   3.85271E-02   5.72790E-02   1.48145E-02   8.41142E-01 
    1.58858E-01   0.00000E+00

 Phase Region for:
     BCC_A2                        
     CEMENTITE                     
 col-1=T, col-2=W(BCC_A2,C), col-3=W(BCC_A2,CR), col-4=W(BCC_A2,FE),
   col-5=W(BCC_A2,MN), col-6=W(BCC_A2,NI), col-7=W(BCC_A2,SI),
   col-8=W(CEMENTITE,C), col-9=W(CEMENTITE,CR), col-10=W(CEMENTITE,FE),
   col-11=W(CEMENTITE,MN), col-12=W(CEMENTITE,NI), col-13=W(CEMENTITE,SI),
   col-14=NP(BCC_A2), col-15=NP(CEMENTITE),
   9.39495E+02   4.20795E-05   6.71819E-03   9.50864E-01   8.23014E-03 
    1.68623E-02   1.72835E-02   6.78577E-02   1.82972E-01   6.86918E-01 
    5.94849E-02   2.76757E-03   0.00000E+00   8.41142E-01   1.58858E-01  NONE
   9.33000E+02   3.85220E-05   6.51679E-03   9.51263E-01   8.03515E-03 
    1.68625E-02   1.72841E-02   6.78654E-02   1.84255E-01   6.84356E-01 
    6.07539E-02   2.76986E-03   0.00000E+00   8.41087E-01   1.58913E-01  NONE
   9.23000E+02   3.35720E-05   6.21066E-03   9.51871E-01   7.73695E-03 
    1.68627E-02   1.72849E-02   6.78772E-02   1.86211E-01   6.80443E-01 
    6.26959E-02   2.77285E-03   0.00000E+00   8.41011E-01   1.58989E-01  NONE
   9.13000E+02   2.92023E-05   5.90958E-03   9.52472E-01   7.44127E-03 
    1.68628E-02   1.72856E-02   6.78889E-02   1.88142E-01   6.76571E-01 
    6.46232E-02   2.77526E-03   0.00000E+00   8.40944E-01   1.59056E-01  NONE
   9.03000E+02   2.53514E-05   5.61382E-03   9.53064E-01   7.14822E-03 
    1.68630E-02   1.72861E-02   6.79005E-02   1.90046E-01   6.72741E-01 
    6.65349E-02   2.77715E-03   0.00000E+00   8.40885E-01   1.59115E-01  NONE
   8.93000E+02   2.19635E-05   5.32368E-03   9.53647E-01   6.85792E-03 
    1.68631E-02   1.72865E-02   6.79119E-02   1.91920E-01   6.68959E-01 
    6.84303E-02   2.77861E-03   0.00000E+00   8.40833E-01   1.59167E-01  NONE
   8.83000E+02   1.89886E-05   5.03947E-03   9.54221E-01   6.57053E-03 
    1.68632E-02   1.72869E-02   6.79231E-02   1.93762E-01   6.65227E-01 
    7.03083E-02   2.77969E-03   0.00000E+00   8.40787E-01   1.59213E-01  NONE
   8.73000E+02   1.63812E-05   4.76153E-03   9.54785E-01   6.28624E-03 
    1.68633E-02   1.72871E-02   6.79341E-02   1.95569E-01   6.61549E-01 
    7.21675E-02   2.78045E-03   0.00000E+00   8.40747E-01   1.59253E-01  NONE
   8.63000E+02   1.41004E-05   4.49018E-03   9.55340E-01   6.00526E-03 
    1.68633E-02   1.72873E-02   6.79449E-02   1.97337E-01   6.57931E-01 
    7.40066E-02   2.78093E-03   0.00000E+00   8.40712E-01   1.59288E-01  NONE
   8.53000E+02   1.21093E-05   4.22575E-03   9.55884E-01   5.72784E-03 
    1.68634E-02   1.72874E-02   6.79554E-02   1.99064E-01   6.54375E-01 
    7.58239E-02   2.78118E-03   0.00000E+00   8.40681E-01   1.59319E-01  NONE
   8.43000E+02   1.03747E-05   3.96856E-03   9.56416E-01   5.45424E-03 
    1.68634E-02   1.72874E-02   6.79658E-02   2.00748E-01   6.50887E-01 
    7.76174E-02   2.78123E-03   0.00000E+00   8.40654E-01   1.59346E-01  NONE
   8.33000E+02   8.86694E-06   3.71894E-03   9.56937E-01   5.18475E-03 
    1.68634E-02   1.72874E-02   6.79758E-02   2.02386E-01   6.47472E-01 
    7.93853E-02   2.78110E-03   0.00000E+00   8.40631E-01   1.59369E-01  NONE
   8.23000E+02   7.55918E-06   3.47718E-03   9.57445E-01   4.91968E-03 
    1.68634E-02   1.72873E-02   6.79856E-02   2.03976E-01   6.44133E-01 
    8.11253E-02   2.78082E-03   0.00000E+00   8.40611E-01   1.59389E-01  NONE
   8.13000E+02   6.42749E-06   3.24357E-03   9.57940E-01   4.65937E-03 
    1.68634E-02   1.72873E-02   6.79951E-02   2.05514E-01   6.40875E-01 
    8.28352E-02   2.78040E-03   0.00000E+00   8.40594E-01   1.59406E-01  NONE
   8.03000E+02   5.45048E-06   3.01836E-03   9.58421E-01   4.40414E-03 
    1.68634E-02   1.72872E-02   6.80044E-02   2.07000E-01   6.37703E-01 
    8.45128E-02   2.77985E-03   0.00000E+00   8.40579E-01   1.59421E-01  NONE
   7.93000E+02   4.60905E-06   2.80180E-03   9.58889E-01   4.15436E-03 
    1.68634E-02   1.72870E-02   6.80133E-02   2.08431E-01   6.34621E-01 
    8.61554E-02   2.77916E-03   0.00000E+00   8.40566E-01   1.59434E-01  NONE
   7.83000E+02   3.88619E-06   2.59408E-03   9.59341E-01   3.91038E-03 
    1.68634E-02   1.72869E-02   6.80219E-02   2.09805E-01   6.31634E-01 
    8.77608E-02   2.77834E-03   0.00000E+00   8.40555E-01   1.59445E-01  NONE
   7.73000E+02   3.26681E-06   2.39537E-03   9.59779E-01   3.67255E-03 
    1.68634E-02   1.72867E-02   6.80301E-02   2.11122E-01   6.28744E-01 
    8.93264E-02   2.77737E-03   0.00000E+00   8.40545E-01   1.59455E-01  NONE
   7.63000E+02   2.73752E-06   2.20582E-03   9.60200E-01   3.44122E-03 
    1.68635E-02   1.72865E-02   6.80380E-02   2.12379E-01   6.25957E-01 
    9.08499E-02   2.77623E-03   0.00000E+00   8.40537E-01   1.59463E-01  NONE
   7.53000E+02   2.28645E-06   2.02550E-03   9.60606E-01   3.21675E-03 
    1.68635E-02   1.72864E-02   6.80456E-02   2.13577E-01   6.23274E-01 
    9.23289E-02   2.77490E-03   0.00000E+00   8.40530E-01   1.59470E-01  NONE
   7.43000E+02   1.90316E-06   1.85449E-03   9.60994E-01   2.99946E-03 
    1.68636E-02   1.72862E-02   6.80528E-02   2.14714E-01   6.20699E-01 
    9.37611E-02   2.77335E-03   0.00000E+00   8.40524E-01   1.59476E-01  NONE
   7.33000E+02   1.57843E-06   1.69279E-03   9.61366E-01   2.78965E-03 
    1.68637E-02   1.72860E-02   6.80597E-02   2.15790E-01   6.18234E-01 
    9.51445E-02   2.77154E-03   0.00000E+00   8.40519E-01   1.59481E-01  NONE
   7.23000E+02   1.30418E-06   1.54037E-03   9.61721E-01   2.58761E-03 
    1.68639E-02   1.72858E-02   6.80662E-02   2.16805E-01   6.15882E-01 
    9.64770E-02   2.76943E-03   0.00000E+00   8.40515E-01   1.59485E-01  NONE
   7.13000E+02   1.07332E-06   1.39717E-03   9.62058E-01   2.39360E-03 
    1.68641E-02   1.72856E-02   6.80724E-02   2.17760E-01   6.13644E-01 
    9.77570E-02   2.76697E-03   0.00000E+00   8.40511E-01   1.59489E-01  NONE
   7.03000E+02   8.79641E-07   1.26308E-03   9.62378E-01   2.20783E-03 
    1.68644E-02   1.72855E-02   6.80782E-02   2.18655E-01   6.11520E-01 
    9.89829E-02   2.76411E-03   0.00000E+00   8.40508E-01   1.59492E-01  NONE
   6.93000E+02   7.17749E-07   1.13794E-03   9.62681E-01   2.03049E-03 
    1.68648E-02   1.72853E-02   6.80836E-02   2.19490E-01   6.09512E-01 
    1.00153E-01   2.76080E-03   0.00000E+00   8.40506E-01   1.59494E-01  NONE
   6.83000E+02   5.82938E-07   1.02157E-03   9.62966E-01   1.86173E-03 
    1.68652E-02   1.72851E-02   6.80887E-02   2.20268E-01   6.07619E-01 
    1.01268E-01   2.75696E-03   0.00000E+00   8.40504E-01   1.59496E-01  NONE
   6.73000E+02   4.71130E-07   9.13740E-04   9.63233E-01   1.70164E-03 
    1.68658E-02   1.72850E-02   6.80935E-02   2.20989E-01   6.05841E-01 
    1.02325E-01   2.75254E-03   0.00000E+00   8.40502E-01   1.59498E-01  NONE
