
 Phase Region for:
     FCC_A1#2                      
 col-1=T, col-2=W(FCC_A1#2,C), col-3=W(FCC_A1#2,CR), col-4=W(FCC_A1#2,FE),
   col-5=W(FCC_A1#2,MN), col-6=W(FCC_A1#2,NI), col-7=W(FCC_A1#2,SI),
   col-8=NP(FCC_A1#2),
   1.17300E+03   9.00000E-03   2.25003E-02   9.23498E-01   2.25003E-02 
    1.50005E-02   7.50075E-03   1.00000E+00
   1.18300E+03   9.00000E-03   2.25003E-02   9.23498E-01   2.25003E-02 
    1.50005E-02   7.50075E-03   1.00000E+00
   1.19300E+03   9.00000E-03   2.25003E-02   9.23498E-01   2.25002E-02 
    1.50005E-02   7.50075E-03   1.00000E+00
   1.20300E+03   9.00000E-03   2.25003E-02   9.23498E-01   2.25003E-02 
    1.50005E-02   7.50075E-03   1.00000E+00
   1.21300E+03   9.00000E-03   2.25003E-02   9.23498E-01   2.25003E-02 
    1.50005E-02   7.50075E-03   1.00000E+00
   1.22300E+03   9.00000E-03   2.25003E-02   9.23498E-01   2.25003E-02 
    1.50005E-02   7.50075E-03   1.00000E+00
   1.23300E+03   9.00000E-03   2.25003E-02   9.23498E-01   2.25003E-02 
    1.50005E-02   7.50075E-03   1.00000E+00
   1.24300E+03   9.00000E-03   2.25003E-02   9.23498E-01   2.25002E-02 
    1.50005E-02   7.50075E-03   1.00000E+00
   1.25300E+03   9.00000E-03   2.25003E-02   9.23498E-01   2.25003E-02 
    1.50005E-02   7.50075E-03   1.00000E+00
   1.26300E+03   9.00000E-03   2.25003E-02   9.23498E-01   2.25003E-02 
    1.50005E-02   7.50075E-03   1.00000E+00
   1.27300E+03   9.00000E-03   2.25003E-02   9.23498E-01   2.25002E-02 
    1.50005E-02   7.50075E-03   1.00000E+00
   1.28300E+03   9.00000E-03   2.25003E-02   9.23498E-01   2.25003E-02 
    1.50005E-02   7.50075E-03   1.00000E+00
   1.29300E+03   9.00000E-03   2.25003E-02   9.23498E-01   2.25002E-02 
    1.50005E-02   7.50075E-03   1.00000E+00
   1.30300E+03   9.00000E-03   2.25003E-02   9.23498E-01   2.25003E-02 
    1.50005E-02   7.50075E-03   1.00000E+00
   1.31300E+03   9.00000E-03   2.25003E-02   9.23498E-01   2.25002E-02 
    1.50005E-02   7.50075E-03   1.00000E+00
   1.32300E+03   9.00000E-03   2.25003E-02   9.23498E-01   2.25002E-02 
    1.50005E-02   7.50075E-03   1.00000E+00
   1.33300E+03   9.00000E-03   2.25003E-02   9.23498E-01   2.25002E-02 
    1.50005E-02   7.50075E-03   1.00000E+00
   1.34300E+03   9.00000E-03   2.25003E-02   9.23498E-01   2.25003E-02 
    1.50005E-02   7.50075E-03   1.00000E+00
   1.35300E+03   9.00000E-03   2.25003E-02   9.23498E-01   2.25003E-02 
    1.50005E-02   7.50075E-03   1.00000E+00
   1.36300E+03   9.00000E-03   2.25003E-02   9.23498E-01   2.25003E-02 
    1.50005E-02   7.50075E-03   1.00000E+00
   1.37300E+03   9.00000E-03   2.25003E-02   9.23498E-01   2.25002E-02 
    1.50005E-02   7.50075E-03   1.00000E+00
   1.38300E+03   9.00000E-03   2.25003E-02   9.23498E-01   2.25003E-02 
    1.50005E-02   7.50075E-03   1.00000E+00
   1.39300E+03   9.00000E-03   2.25003E-02   9.23498E-01   2.25003E-02 
    1.50005E-02   7.50075E-03   1.00000E+00
   1.40300E+03   9.00000E-03   2.25003E-02   9.23498E-01   2.25002E-02 
    1.50005E-02   7.50075E-03   1.00000E+00
   1.41300E+03   9.00000E-03   2.25003E-02   9.23498E-01   2.25003E-02 
    1.50005E-02   7.50075E-03   1.00000E+00
   1.42300E+03   9.00000E-03   2.25003E-02   9.23498E-01   2.25003E-02 
    1.50005E-02   7.50075E-03   1.00000E+00
   1.43300E+03   9.00000E-03   2.25003E-02   9.23498E-01   2.25003E-02 
    1.50005E-02   7.50075E-03   1.00000E+00
   1.44300E+03   9.00000E-03   2.25003E-02   9.23498E-01   2.25002E-02 
    1.50005E-02   7.50075E-03   1.00000E+00
   1.45300E+03   9.00000E-03   2.25003E-02   9.23498E-01   2.25003E-02 
    1.50005E-02   7.50075E-03   1.00000E+00
   1.46300E+03   9.00000E-03   2.25003E-02   9.23498E-01   2.25002E-02 
    1.50005E-02   7.50075E-03   1.00000E+00
   1.47300E+03   9.00000E-03   2.25003E-02   9.23498E-01   2.25002E-02 
    1.50005E-02   7.50075E-03   1.00000E+00

 Phase Region for:
     FCC_A1#2                      
 col-1=T, col-2=W(FCC_A1#2,C), col-3=W(FCC_A1#2,CR), col-4=W(FCC_A1#2,FE),
   col-5=W(FCC_A1#2,MN), col-6=W(FCC_A1#2,NI), col-7=W(FCC_A1#2,SI),
   col-8=NP(FCC_A1#2),
   1.17300E+03   9.00000E-03   2.25003E-02   9.23498E-01   2.25003E-02 
    1.50005E-02   7.50075E-03   1.00000E+00
   1.17290E+03   9.00000E-03   2.25003E-02   9.23498E-01   2.25002E-02 
    1.50005E-02   7.50075E-03   1.00000E+00
   1.17252E+03   9.00000E-03   2.25003E-02   9.23498E-01   2.25003E-02 
    1.50005E-02   7.50075E-03   1.00000E+00

 Phase Region for:
     CEMENTITE                     
     FCC_A1#2                      
 col-1=T, col-2=W(CEMENTITE,C), col-3=W(CEMENTITE,CR), col-4=W(CEMENTITE,FE),
   col-5=W(CEMENTITE,MN), col-6=W(CEMENTITE,NI), col-7=W(CEMENTITE,SI),
   col-8=W(FCC_A1#2,C), col-9=W(FCC_A1#2,CR), col-10=W(FCC_A1#2,FE),
   col-11=W(FCC_A1#2,MN), col-12=W(FCC_A1#2,NI), col-13=W(FCC_A1#2,SI),
   col-14=NP(CEMENTITE), col-15=NP(FCC_A1#2),
   1.17252E+03   6.76997E-02   1.56147E-01   7.40688E-01   3.37450E-02 
    1.72009E-03   0.00000E+00   9.00000E-03   2.25002E-02   9.23498E-01 
    2.25002E-02   1.50005E-02   7.50075E-03   5.98100E-08   1.00000E+00
   1.16300E+03   6.77023E-02   1.56613E-01   7.40042E-01   3.39588E-02 
    1.68371E-03   0.00000E+00   8.72595E-03   2.18742E-02   9.24355E-01 
    2.24468E-02   1.50627E-02   7.53577E-03   5.61744E-03   9.94383E-01
   1.15300E+03   6.77051E-02   1.57098E-01   7.39360E-01   3.41908E-02 
    1.64582E-03   0.00000E+00   8.44332E-03   2.12239E-02   9.25244E-01 
    2.23894E-02   1.51271E-02   7.57188E-03   1.13564E-02   9.88644E-01
   1.14300E+03   6.77079E-02   1.57577E-01   7.38676E-01   3.44307E-02 
    1.60828E-03   0.00000E+00   8.16604E-03   2.05814E-02   9.26124E-01 
    2.23308E-02   1.51907E-02   7.60730E-03   1.69338E-02   9.83066E-01
   1.13300E+03   6.77106E-02   1.58050E-01   7.37990E-01   3.46787E-02 
    1.57108E-03   0.00000E+00   7.89407E-03   1.99469E-02   9.26993E-01 
    2.22708E-02   1.52535E-02   7.64204E-03   2.23539E-02   9.77646E-01
   1.12300E+03   6.77133E-02   1.58516E-01   7.37302E-01   3.49350E-02 
    1.53424E-03   0.00000E+00   7.62741E-03   1.93205E-02   9.27851E-01 
    2.22096E-02   1.53153E-02   7.67610E-03   2.76207E-02   9.72379E-01
   1.11300E+03   6.77160E-02   1.58974E-01   7.36613E-01   3.51998E-02 
    1.49775E-03   0.00000E+00   7.36602E-03   1.87024E-02   9.28699E-01 
    2.21468E-02   1.53763E-02   7.70948E-03   3.27380E-02   9.67262E-01
   1.10300E+03   6.77186E-02   1.59423E-01   7.35923E-01   3.54733E-02 
    1.46162E-03   0.00000E+00   7.10990E-03   1.80928E-02   9.29536E-01 
    2.20827E-02   1.54363E-02   7.74219E-03   3.77094E-02   9.62291E-01
   1.09300E+03   6.77213E-02   1.59864E-01   7.35233E-01   3.57559E-02 
    1.42586E-03   0.00000E+00   6.85900E-03   1.74919E-02   9.30362E-01 
    2.20169E-02   1.54954E-02   7.77423E-03   4.25387E-02   9.57461E-01
   1.08300E+03   6.77238E-02   1.60296E-01   7.34542E-01   3.60477E-02 
    1.39048E-03   0.00000E+00   6.61332E-03   1.68999E-02   9.31178E-01 
    2.19496E-02   1.55536E-02   7.80560E-03   4.72291E-02   9.52771E-01
   1.07300E+03   6.77264E-02   1.60718E-01   7.33851E-01   3.63490E-02 
    1.35546E-03   0.00000E+00   6.37283E-03   1.63170E-02   9.31982E-01 
    2.18807E-02   1.56109E-02   7.83630E-03   5.17842E-02   9.48216E-01
   1.06300E+03   6.77289E-02   1.61129E-01   7.33161E-01   3.66601E-02 
    1.32082E-03   0.00000E+00   6.13750E-03   1.57433E-02   9.32775E-01 
    2.18101E-02   1.56673E-02   7.86634E-03   5.62070E-02   9.43793E-01
   1.05300E+03   6.77313E-02   1.61530E-01   7.32471E-01   3.69813E-02 
    1.28657E-03   0.00000E+00   5.90730E-03   1.51792E-02   9.33557E-01 
    2.17377E-02   1.57227E-02   7.89573E-03   6.05007E-02   9.39499E-01
   1.04300E+03   6.77337E-02   1.61920E-01   7.31781E-01   3.73128E-02 
    1.25270E-03   0.00000E+00   5.68222E-03   1.46246E-02   9.34328E-01 
    2.16635E-02   1.57771E-02   7.92446E-03   6.46683E-02   9.35332E-01
   1.03300E+03   6.77361E-02   1.62298E-01   7.31092E-01   3.76549E-02 
    1.21923E-03   0.00000E+00   5.46221E-03   1.40800E-02   9.35087E-01 
    2.15875E-02   1.58306E-02   7.95254E-03   6.87128E-02   9.31287E-01
   1.02300E+03   6.77384E-02   1.62664E-01   7.30403E-01   3.80081E-02 
    1.18614E-03   0.00000E+00   5.24725E-03   1.35453E-02   9.35835E-01 
    2.15095E-02   1.58831E-02   7.97997E-03   7.26369E-02   9.27363E-01
   1.01300E+03   6.77407E-02   1.63018E-01   7.29716E-01   3.83725E-02 
    1.15345E-03   0.00000E+00   5.03731E-03   1.30208E-02   9.36571E-01 
    2.14295E-02   1.59346E-02   8.00676E-03   7.64434E-02   9.23557E-01
   1.00300E+03   6.77429E-02   1.63359E-01   7.29028E-01   3.87486E-02 
    1.12117E-03   0.00000E+00   4.83236E-03   1.25067E-02   9.37295E-01 
    2.13475E-02   1.59852E-02   8.03291E-03   8.01349E-02   9.19865E-01
   9.93000E+02   6.77450E-02   1.63687E-01   7.28342E-01   3.91367E-02 
    1.08928E-03   0.00000E+00   4.63237E-03   1.20031E-02   9.38008E-01 
    2.12634E-02   1.60348E-02   8.05842E-03   8.37139E-02   9.16286E-01
   9.90864E+02   6.77455E-02   1.63756E-01   7.28195E-01   3.92211E-02 
    1.08252E-03   0.00000E+00   4.59029E-03   1.18970E-02   9.38159E-01 
    2.12451E-02   1.60452E-02   8.06379E-03   8.44641E-02   9.15536E-01

 Phase Region for:
     BCC_A2                        
     CEMENTITE                     
     FCC_A1#2                      
 col-1=T, col-2=W(BCC_A2,C), col-3=W(BCC_A2,CR), col-4=W(BCC_A2,FE),
   col-5=W(BCC_A2,MN), col-6=W(BCC_A2,NI), col-7=W(BCC_A2,SI),
   col-8=W(CEMENTITE,C), col-9=W(CEMENTITE,CR), col-10=W(CEMENTITE,FE),
   col-11=W(CEMENTITE,MN), col-12=W(CEMENTITE,NI), col-13=W(CEMENTITE,SI),
   col-14=W(FCC_A1#2,C), col-15=W(FCC_A1#2,CR), col-16=W(FCC_A1#2,FE),
   col-17=W(FCC_A1#2,MN), col-18=W(FCC_A1#2,NI), col-19=W(FCC_A1#2,SI),
   col-20=NP(BCC_A2), col-21=NP(CEMENTITE), col-22=NP(FCC_A1#2),
   9.90864E+02   9.44096E-05   7.17458E-03   9.69747E-01   6.28866E-03 
    6.46501E-03   1.02300E-02   6.77455E-02   1.63756E-01   7.28195E-01 
    3.92212E-02   1.08253E-03   0.00000E+00   4.59029E-03   1.18970E-02 
    9.38159E-01   2.12451E-02   1.60453E-02   8.06379E-03   2.90808E-06 
    8.44643E-02   9.15533E-01
   9.83000E+02   8.69230E-05   6.55318E-03   9.69516E-01   6.84243E-03 
    7.29523E-03   9.70584E-03   6.77155E-02   1.56437E-01   7.29215E-01 
    4.53837E-02   1.24912E-03   0.00000E+00   4.49741E-03   1.09276E-02 
    9.33491E-01   2.43626E-02   1.89622E-02   7.75934E-03   2.02957E-01 
    1.03773E-01   6.93270E-01
   9.73000E+02   7.73249E-05   5.96729E-03   9.68746E-01   7.52166E-03 
    8.41542E-03   9.27259E-03   6.76924E-02   1.50112E-01   7.27300E-01 
    5.34245E-02   1.47111E-03   0.00000E+00   4.33357E-03   9.96713E-03 
    9.26259E-01   2.85981E-02   2.32711E-02   7.57131E-03   3.95858E-01 
    1.22185E-01   4.81956E-01
   9.63000E+02   6.81107E-05   5.53196E-03   9.67695E-01   8.12812E-03 
    9.56701E-03   9.01004E-03   6.76812E-02   1.46231E-01   7.22989E-01 
    6.14026E-02   1.69685E-03   0.00000E+00   4.13580E-03   9.21263E-03 
    9.17885E-01   3.30133E-02   2.82278E-02   7.52493E-03   5.32874E-01 
    1.35054E-01   3.32072E-01
   9.53000E+02   5.95795E-05   5.18972E-03   9.66545E-01   8.63490E-03 
    1.07182E-02   8.85278E-03   6.76780E-02   1.44005E-01   7.17274E-01 
    6.91224E-02   1.92096E-03   0.00000E+00   3.91838E-03   8.58760E-03 
    9.08579E-01   3.75280E-02   3.38262E-02   7.56051E-03   6.29951E-01 
    1.43877E-01   2.26172E-01
   9.43000E+02   5.18595E-05   4.90488E-03   9.65405E-01   9.03150E-03 
    1.18470E-02   8.75995E-03   6.76799E-02   1.42887E-01   7.10814E-01 
    7.64795E-02   2.13996E-03   0.00000E+00   3.69092E-03   8.04301E-03 
    8.98440E-01   4.21065E-02   4.00800E-02   7.63974E-03   6.98941E-01 
    1.49867E-01   1.51192E-01
   9.33000E+02   4.49752E-05   4.65581E-03   9.64338E-01   9.31731E-03 
    1.29371E-02   8.70634E-03   6.76851E-02   1.42515E-01   7.04024E-01 
    8.34248E-02   2.35148E-03   0.00000E+00   3.45963E-03   7.54865E-03 
    8.87491E-01   4.67439E-02   4.70189E-02   7.73791E-03   7.48142E-01 
    1.53903E-01   9.79555E-02
   9.23000E+02   3.88951E-05   4.42935E-03   9.63382E-01   9.49740E-03 
    1.39763E-02   8.67635E-03   6.76923E-02   1.42651E-01   6.97162E-01 
    8.99407E-02   2.55371E-03   0.00000E+00   3.22852E-03   7.08617E-03 
    8.75706E-01   5.14557E-02   5.46848E-02   7.83867E-03   7.83266E-01 
    1.56599E-01   6.01350E-02
   9.13000E+02   3.35606E-05   4.21742E-03   9.62555E-01   9.57981E-03 
    1.49544E-02   8.66025E-03   6.77008E-02   1.43137E-01   6.90389E-01 
    9.60273E-02   2.74512E-03   0.00000E+00   3.00024E-03   6.64458E-03 
    8.63023E-01   5.62717E-02   6.31299E-02   7.93076E-03   8.08266E-01 
    1.58376E-01   3.33578E-02
   9.03000E+02   2.89023E-05   4.01507E-03   9.61867E-01   9.57407E-03 
    1.58630E-02   8.65196E-03   6.77101E-02   1.43866E-01   6.83805E-01 
    1.01695E-01   2.92437E-03   0.00000E+00   2.77656E-03   6.21744E-03 
    8.49353E-01   6.12318E-02   7.24149E-02   8.00606E-03   8.25905E-01 
    1.59526E-01   1.45690E-02
   8.93000E+02   2.48487E-05   3.81927E-03   9.61323E-01   9.49019E-03 
    1.66949E-02   8.64772E-03   6.77198E-02   1.44761E-01   6.77471E-01 
    1.06958E-01   3.09022E-03   0.00000E+00   2.55879E-03   5.80128E-03 
    8.34591E-01   6.63834E-02   8.26070E-02   8.05834E-03   8.38149E-01 
    1.60247E-01   1.60352E-03
   8.91442E+02   2.42668E-05   3.78921E-03   9.61251E-01   9.47073E-03 
    1.68173E-02   8.64726E-03   6.77214E-02   1.44912E-01   6.76509E-01 
    1.07742E-01   3.11478E-03   0.00000E+00   2.52545E-03   5.73730E-03 
    8.32185E-01   6.72068E-02   8.42817E-02   8.06407E-03   8.39669E-01 
    1.60331E-01   0.00000E+00

 Phase Region for:
     BCC_A2                        
     CEMENTITE                     
 col-1=T, col-2=W(BCC_A2,C), col-3=W(BCC_A2,CR), col-4=W(BCC_A2,FE),
   col-5=W(BCC_A2,MN), col-6=W(BCC_A2,NI), col-7=W(BCC_A2,SI),
   col-8=W(CEMENTITE,C), col-9=W(CEMENTITE,CR), col-10=W(CEMENTITE,FE),
   col-11=W(CEMENTITE,MN), col-12=W(CEMENTITE,NI), col-13=W(CEMENTITE,SI),
   col-14=NP(BCC_A2), col-15=NP(CEMENTITE),
   8.91441E+02   2.42668E-05   3.78921E-03   9.61251E-01   9.47073E-03 
    1.68173E-02   8.64726E-03   6.77214E-02   1.44912E-01   6.76509E-01 
    1.07742E-01   3.11478E-03   0.00000E+00   8.39669E-01   1.60331E-01  NONE
   8.83000E+02   2.14733E-05   3.61990E-03   9.61773E-01   9.12177E-03 
    1.68163E-02   8.64746E-03   6.77292E-02   1.45998E-01   6.73139E-01 
    1.10010E-01   3.12333E-03   0.00000E+00   8.39626E-01   1.60374E-01  NONE
   8.73000E+02   1.85411E-05   3.42327E-03   9.62382E-01   8.71385E-03 
    1.68151E-02   8.64766E-03   6.77384E-02   1.47263E-01   6.69203E-01 
    1.12663E-01   3.13321E-03   0.00000E+00   8.39581E-01   1.60419E-01  NONE
   8.63000E+02   1.59747E-05   3.23116E-03   9.62979E-01   8.31208E-03 
    1.68138E-02   8.64781E-03   6.77474E-02   1.48503E-01   6.65329E-01 
    1.15278E-01   3.14287E-03   0.00000E+00   8.39541E-01   1.60459E-01  NONE
   8.53000E+02   1.37327E-05   3.04378E-03   9.63565E-01   7.91674E-03 
    1.68126E-02   8.64793E-03   6.77563E-02   1.49715E-01   6.61522E-01 
    1.17854E-01   3.15235E-03   0.00000E+00   8.39506E-01   1.60494E-01  NONE
   8.43000E+02   1.17781E-05   2.86136E-03   9.64139E-01   7.52813E-03 
    1.68113E-02   8.64801E-03   6.77649E-02   1.50899E-01   6.57787E-01 
    1.20388E-01   3.16170E-03   0.00000E+00   8.39476E-01   1.60524E-01  NONE
   8.33000E+02   1.00775E-05   2.68412E-03   9.64701E-01   7.14659E-03 
    1.68099E-02   8.64806E-03   6.77733E-02   1.52052E-01   6.54126E-01 
    1.22878E-01   3.17095E-03   0.00000E+00   8.39450E-01   1.60550E-01  NONE
   8.23000E+02   8.60122E-06   2.51228E-03   9.65250E-01   6.77247E-03 
    1.68086E-02   8.64809E-03   6.77816E-02   1.53172E-01   6.50545E-01 
    1.25321E-01   3.18011E-03   0.00000E+00   8.39427E-01   1.60573E-01  NONE
   8.13000E+02   7.32243E-06   2.34605E-03   9.65785E-01   6.40616E-03 
    1.68072E-02   8.64809E-03   6.77896E-02   1.54258E-01   6.47048E-01 
    1.27715E-01   3.18919E-03   0.00000E+00   8.39407E-01   1.60593E-01  NONE
   8.03000E+02   6.21727E-06   2.18560E-03   9.66306E-01   6.04805E-03 
    1.68058E-02   8.64808E-03   6.77973E-02   1.55308E-01   6.43639E-01 
    1.30057E-01   3.19822E-03   0.00000E+00   8.39390E-01   1.60610E-01  NONE
   7.93000E+02   5.26442E-06   2.03111E-03   9.66813E-01   5.69856E-03 
    1.68044E-02   8.64806E-03   6.78048E-02   1.56321E-01   6.40322E-01 
    1.32345E-01   3.20719E-03   0.00000E+00   8.39375E-01   1.60625E-01  NONE
   7.83000E+02   4.44491E-06   1.88275E-03   9.67304E-01   5.35810E-03 
    1.68030E-02   8.64802E-03   6.78121E-02   1.57296E-01   6.37102E-01 
    1.34574E-01   3.21610E-03   0.00000E+00   8.39362E-01   1.60638E-01  NONE
   7.73000E+02   3.74185E-06   1.74062E-03   9.67779E-01   5.02707E-03 
    1.68015E-02   8.64797E-03   6.78191E-02   1.58230E-01   6.33983E-01 
    1.36743E-01   3.22494E-03   0.00000E+00   8.39351E-01   1.60649E-01  NONE
   7.63000E+02   3.14028E-06   1.60485E-03   9.68238E-01   4.70589E-03 
    1.68001E-02   8.64792E-03   6.78258E-02   1.59125E-01   6.30968E-01 
    1.38848E-01   3.23369E-03   0.00000E+00   8.39342E-01   1.60658E-01  NONE
   7.53000E+02   2.62694E-06   1.47551E-03   9.68680E-01   4.39494E-03 
    1.67987E-02   8.64786E-03   6.78323E-02   1.59977E-01   6.28060E-01 
    1.40888E-01   3.24232E-03   0.00000E+00   8.39334E-01   1.60666E-01  NONE
   7.43000E+02   2.19013E-06   1.35266E-03   9.69105E-01   4.09460E-03 
    1.67973E-02   8.64779E-03   6.78385E-02   1.60789E-01   6.25264E-01 
    1.42858E-01   3.25081E-03   0.00000E+00   8.39327E-01   1.60673E-01  NONE
   7.33000E+02   1.81953E-06   1.23632E-03   9.69513E-01   3.80519E-03 
    1.67959E-02   8.64773E-03   6.78444E-02   1.61557E-01   6.22581E-01 
    1.44758E-01   3.25912E-03   0.00000E+00   8.39322E-01   1.60678E-01  NONE
   7.23000E+02   1.50606E-06   1.12649E-03   9.69903E-01   3.52705E-03 
    1.67946E-02   8.64766E-03   6.78500E-02   1.62284E-01   6.20014E-01 
    1.46585E-01   3.26721E-03   0.00000E+00   8.39317E-01   1.60683E-01  NONE
   7.13000E+02   1.24177E-06   1.02313E-03   9.70274E-01   3.26043E-03 
    1.67933E-02   8.64759E-03   6.78553E-02   1.62969E-01   6.17565E-01 
    1.48336E-01   3.27502E-03   0.00000E+00   8.39313E-01   1.60687E-01  NONE
   7.03000E+02   1.01968E-06   9.26195E-04   9.70628E-01   3.00556E-03 
    1.67920E-02   8.64752E-03   6.78603E-02   1.63611E-01   6.15236E-01 
    1.50011E-01   3.28250E-03   0.00000E+00   8.39309E-01   1.60691E-01  NONE
   6.93000E+02   8.33721E-07   8.35581E-04   9.70963E-01   2.76264E-03 
    1.67908E-02   8.64745E-03   6.78650E-02   1.64212E-01   6.13026E-01 
    1.51607E-01   3.28959E-03   0.00000E+00   8.39306E-01   1.60694E-01  NONE
   6.83000E+02   6.78584E-07   7.51176E-04   9.71279E-01   2.53179E-03 
    1.67897E-02   8.64738E-03   6.78694E-02   1.64773E-01   6.10937E-01 
    1.53125E-01   3.29622E-03   0.00000E+00   8.39304E-01   1.60696E-01  NONE
   6.73000E+02   5.49672E-07   6.72837E-04   9.71578E-01   2.31309E-03 
    1.67887E-02   8.64732E-03   6.78736E-02   1.65293E-01   6.08968E-01 
    1.54563E-01   3.30233E-03   0.00000E+00   8.39302E-01   1.60698E-01  NONE
