
 Phase Region for:
     FCC_A1#2                      
 col-1=T, col-2=W(FCC_A1#2,C), col-3=W(FCC_A1#2,CR), col-4=W(FCC_A1#2,FE),
   col-5=W(FCC_A1#2,MN), col-6=W(FCC_A1#2,NI), col-7=W(FCC_A1#2,SI),
   col-8=NP(FCC_A1#2),
   1.17300E+03   9.00000E-03   1.50005E-02   9.45997E-01   2.25003E-02 
    1.00000E-06   7.50075E-03   1.00000E+00
   1.18300E+03   9.00000E-03   1.50005E-02   9.45998E-01   2.25003E-02 
    1.00000E-06   7.50075E-03   1.00000E+00
   1.19300E+03   9.00000E-03   1.50005E-02   9.45997E-01   2.25003E-02 
    1.00000E-06   7.50075E-03   1.00000E+00
   1.20300E+03   9.00000E-03   1.50005E-02   9.45998E-01   2.25003E-02 
    1.00000E-06   7.50075E-03   1.00000E+00
   1.21300E+03   9.00000E-03   1.50005E-02   9.45998E-01   2.25003E-02 
    1.00000E-06   7.50075E-03   1.00000E+00
   1.22300E+03   9.00000E-03   1.50005E-02   9.45997E-01   2.25003E-02 
    1.00000E-06   7.50075E-03   1.00000E+00
   1.23300E+03   9.00000E-03   1.50005E-02   9.45997E-01   2.25003E-02 
    1.00000E-06   7.50075E-03   1.00000E+00
   1.24300E+03   9.00000E-03   1.50005E-02   9.45997E-01   2.25003E-02 
    1.00000E-06   7.50075E-03   1.00000E+00
   1.25300E+03   9.00000E-03   1.50005E-02   9.45997E-01   2.25003E-02 
    1.00000E-06   7.50075E-03   1.00000E+00
   1.26300E+03   9.00000E-03   1.50005E-02   9.45997E-01   2.25003E-02 
    1.00000E-06   7.50075E-03   1.00000E+00
   1.27300E+03   9.00000E-03   1.50005E-02   9.45997E-01   2.25003E-02 
    1.00000E-06   7.50075E-03   1.00000E+00
   1.28300E+03   9.00000E-03   1.50005E-02   9.45997E-01   2.25003E-02 
    1.00000E-06   7.50075E-03   1.00000E+00
   1.29300E+03   9.00000E-03   1.50005E-02   9.45998E-01   2.25003E-02 
    1.00000E-06   7.50075E-03   1.00000E+00
   1.30300E+03   9.00000E-03   1.50005E-02   9.45997E-01   2.25003E-02 
    1.00000E-06   7.50075E-03   1.00000E+00
   1.31300E+03   9.00000E-03   1.50005E-02   9.45997E-01   2.25003E-02 
    1.00000E-06   7.50075E-03   1.00000E+00
   1.32300E+03   9.00000E-03   1.50005E-02   9.45997E-01   2.25003E-02 
    1.00000E-06   7.50075E-03   1.00000E+00
   1.33300E+03   9.00000E-03   1.50005E-02   9.45997E-01   2.25003E-02 
    1.00000E-06   7.50075E-03   1.00000E+00
   1.34300E+03   9.00000E-03   1.50005E-02   9.45998E-01   2.25003E-02 
    1.00000E-06   7.50075E-03   1.00000E+00
   1.35300E+03   9.00000E-03   1.50005E-02   9.45998E-01   2.25003E-02 
    1.00000E-06   7.50075E-03   1.00000E+00
   1.36300E+03   9.00000E-03   1.50005E-02   9.45997E-01   2.25003E-02 
    1.00000E-06   7.50075E-03   1.00000E+00
   1.37300E+03   9.00000E-03   1.50005E-02   9.45997E-01   2.25003E-02 
    1.00000E-06   7.50075E-03   1.00000E+00
   1.38300E+03   9.00000E-03   1.50005E-02   9.45997E-01   2.25003E-02 
    1.00000E-06   7.50075E-03   1.00000E+00
   1.39300E+03   9.00000E-03   1.50005E-02   9.45997E-01   2.25003E-02 
    1.00000E-06   7.50075E-03   1.00000E+00
   1.40300E+03   9.00000E-03   1.50005E-02   9.45997E-01   2.25003E-02 
    1.00000E-06   7.50075E-03   1.00000E+00
   1.41300E+03   9.00000E-03   1.50005E-02   9.45997E-01   2.25003E-02 
    1.00000E-06   7.50075E-03   1.00000E+00
   1.42300E+03   9.00000E-03   1.50005E-02   9.45997E-01   2.25003E-02 
    1.00000E-06   7.50075E-03   1.00000E+00
   1.43300E+03   9.00000E-03   1.50005E-02   9.45997E-01   2.25003E-02 
    1.00000E-06   7.50075E-03   1.00000E+00
   1.44300E+03   9.00000E-03   1.50005E-02   9.45998E-01   2.25002E-02 
    1.00000E-06   7.50075E-03   1.00000E+00
   1.45300E+03   9.00000E-03   1.50005E-02   9.45997E-01   2.25003E-02 
    1.00000E-06   7.50075E-03   1.00000E+00
   1.46300E+03   9.00000E-03   1.50005E-02   9.45997E-01   2.25003E-02 
    1.00000E-06   7.50075E-03   1.00000E+00
   1.47300E+03   9.00000E-03   1.50005E-02   9.45998E-01   2.25003E-02 
    1.00000E-06   7.50075E-03   1.00000E+00

 Phase Region for:
     FCC_A1#2                      
 col-1=T, col-2=W(FCC_A1#2,C), col-3=W(FCC_A1#2,CR), col-4=W(FCC_A1#2,FE),
   col-5=W(FCC_A1#2,MN), col-6=W(FCC_A1#2,NI), col-7=W(FCC_A1#2,SI),
   col-8=NP(FCC_A1#2),
   1.17300E+03   9.00000E-03   1.50005E-02   9.45997E-01   2.25003E-02 
    1.00000E-06   7.50075E-03   1.00000E+00
   1.16300E+03   9.00000E-03   1.50005E-02   9.45997E-01   2.25003E-02 
    1.00000E-06   7.50075E-03   1.00000E+00
   1.15300E+03   9.00000E-03   1.50005E-02   9.45998E-01   2.25003E-02 
    1.00000E-06   7.50075E-03   1.00000E+00
   1.14300E+03   9.00000E-03   1.50005E-02   9.45998E-01   2.25003E-02 
    1.00000E-06   7.50075E-03   1.00000E+00
   1.14051E+03   9.00000E-03   1.50005E-02   9.45997E-01   2.25003E-02 
    1.00000E-06   7.50075E-03   1.00000E+00

 Phase Region for:
     CEMENTITE                     
     FCC_A1#2                      
 col-1=T, col-2=W(CEMENTITE,C), col-3=W(CEMENTITE,CR), col-4=W(CEMENTITE,FE),
   col-5=W(CEMENTITE,MN), col-6=W(CEMENTITE,NI), col-7=W(CEMENTITE,SI),
   col-8=W(FCC_A1#2,C), col-9=W(FCC_A1#2,CR), col-10=W(FCC_A1#2,FE),
   col-11=W(FCC_A1#2,MN), col-12=W(FCC_A1#2,NI), col-13=W(FCC_A1#2,SI),
   col-14=NP(CEMENTITE), col-15=NP(FCC_A1#2),
   1.14051E+03   6.74873E-02   1.10996E-01   7.82532E-01   3.89851E-02 
    1.19330E-07   0.00000E+00   9.00000E-03   1.50005E-02   9.45998E-01 
    2.25002E-02   1.00000E-06   7.50075E-03   5.83939E-08   1.00000E+00
   1.13300E+03   6.74887E-02   1.11223E-01   7.82076E-01   3.92124E-02 
    1.17384E-07   0.00000E+00   8.78836E-03   1.46523E-02   9.46591E-01 
    2.24398E-02   1.00319E-06   7.52789E-03   4.34412E-03   9.95656E-01
   1.12300E+03   6.74905E-02   1.11515E-01   7.81471E-01   3.95233E-02 
    1.14812E-07   0.00000E+00   8.51090E-03   1.41934E-02   9.47373E-01 
    2.23579E-02   1.00740E-06   7.56347E-03   9.99213E-03   9.90008E-01
   1.11300E+03   6.74922E-02   1.11794E-01   7.80869E-01   3.98442E-02 
    1.12262E-07   0.00000E+00   8.23821E-03   1.37399E-02   9.48148E-01 
    2.22744E-02   1.01156E-06   7.59844E-03   1.54914E-02   9.84509E-01
   1.10300E+03   6.74939E-02   1.12061E-01   7.80270E-01   4.01751E-02 
    1.09733E-07   0.00000E+00   7.97029E-03   1.32919E-02   9.48915E-01 
    2.21891E-02   1.01567E-06   7.63279E-03   2.08455E-02   9.79155E-01
   1.09300E+03   6.74956E-02   1.12315E-01   7.79673E-01   4.05164E-02 
    1.07226E-07   0.00000E+00   7.70710E-03   1.28496E-02   9.49674E-01 
    2.21020E-02   1.01973E-06   7.66653E-03   2.60580E-02   9.73942E-01
   1.08300E+03   6.74971E-02   1.12555E-01   7.79079E-01   4.08683E-02 
    1.04741E-07   0.00000E+00   7.44866E-03   1.24134E-02   9.50424E-01 
    2.20131E-02   1.02374E-06   7.69967E-03   3.11323E-02   9.68868E-01
   1.07300E+03   6.74987E-02   1.12782E-01   7.78488E-01   4.12312E-02 
    1.02279E-07   0.00000E+00   7.19493E-03   1.19833E-02   9.51166E-01 
    2.19223E-02   1.02770E-06   7.73220E-03   3.60716E-02   9.63928E-01
   1.06300E+03   6.75001E-02   1.12994E-01   7.77901E-01   4.16046E-02 
    9.98400E-08   0.00000E+00   6.94592E-03   1.15597E-02   9.51900E-01 
    2.18295E-02   1.03161E-06   7.76412E-03   4.08787E-02   9.59121E-01
   1.05300E+03   6.75015E-02   1.13193E-01   7.77316E-01   4.19900E-02 
    9.74229E-08   0.00000E+00   6.70159E-03   1.11427E-02   9.52625E-01 
    2.17345E-02   1.03546E-06   7.79544E-03   4.55573E-02   9.54443E-01
   1.04300E+03   6.75029E-02   1.13377E-01   7.76733E-01   4.23872E-02 
    9.50289E-08   0.00000E+00   6.46193E-03   1.07326E-02   9.53341E-01 
    2.16375E-02   1.03926E-06   7.82616E-03   5.01099E-02   9.49890E-01
   1.03300E+03   6.75042E-02   1.13547E-01   7.76153E-01   4.27965E-02 
    9.26581E-08   0.00000E+00   6.22694E-03   1.03295E-02   9.54048E-01 
    2.15382E-02   1.04301E-06   7.85628E-03   5.45394E-02   9.45461E-01
   1.02300E+03   6.75054E-02   1.13702E-01   7.75575E-01   4.32181E-02 
    9.03109E-08   0.00000E+00   5.99660E-03   9.93363E-03   9.54746E-01 
    2.14367E-02   1.04670E-06   7.88580E-03   5.88483E-02   9.41152E-01
   1.01300E+03   6.75066E-02   1.13842E-01   7.74998E-01   4.36525E-02 
    8.79875E-08   0.00000E+00   5.77090E-03   9.54520E-03   9.55435E-01 
    2.13328E-02   1.05034E-06   7.91473E-03   6.30393E-02   9.36961E-01
   1.00451E+03   6.75076E-02   1.13950E-01   7.74510E-01   4.40315E-02 
    8.60335E-08   0.00000E+00   5.58289E-03   9.22138E-03   9.56013E-01 
    2.12427E-02   1.05338E-06   7.93883E-03   6.65069E-02   9.33493E-01

 Phase Region for:
     BCC_A2                        
     CEMENTITE                     
     FCC_A1#2                      
 col-1=T, col-2=W(BCC_A2,C), col-3=W(BCC_A2,CR), col-4=W(BCC_A2,FE),
   col-5=W(BCC_A2,MN), col-6=W(BCC_A2,NI), col-7=W(BCC_A2,SI),
   col-8=W(CEMENTITE,C), col-9=W(CEMENTITE,CR), col-10=W(CEMENTITE,FE),
   col-11=W(CEMENTITE,MN), col-12=W(CEMENTITE,NI), col-13=W(CEMENTITE,SI),
   col-14=W(FCC_A1#2,C), col-15=W(FCC_A1#2,CR), col-16=W(FCC_A1#2,FE),
   col-17=W(FCC_A1#2,MN), col-18=W(FCC_A1#2,NI), col-19=W(FCC_A1#2,SI),
   col-20=NP(BCC_A2), col-21=NP(CEMENTITE), col-22=NP(FCC_A1#2),
   1.00451E+03   1.24435E-04   5.25155E-03   9.76969E-01   7.08688E-03 
    4.57912E-07   1.05676E-02   6.75076E-02   1.13950E-01   7.74511E-01 
    4.40316E-02   8.60338E-08   0.00000E+00   5.58289E-03   9.22136E-03 
    9.56013E-01   2.12428E-02   1.05338E-06   7.93882E-03   4.56783E-06 
    6.65074E-02   9.33488E-01
   1.00300E+03   1.22753E-04   5.09529E-03   9.77119E-01   7.30072E-03 
    4.76669E-07   1.03615E-02   6.74980E-02   1.11570E-01   7.74917E-01 
    4.60145E-02   9.01629E-08   0.00000E+00   5.58138E-03   8.97526E-03 
    9.55581E-01   2.20608E-02   1.10633E-06   7.80067E-03   6.77746E-02 
    7.39536E-02   8.58272E-01
   9.93000E+02   1.10213E-04   4.30985E-03   9.77270E-01   8.95902E-03 
    6.37851E-07   9.35047E-03   6.74539E-02   9.93032E-02   7.72158E-01 
    6.10849E-02   1.24767E-07   0.00000E+00   5.50448E-03   7.69974E-03 
    9.51265E-01   2.83315E-02   1.57763E-06   7.19730E-03   4.50726E-01 
    1.16696E-01   4.32578E-01
   9.83000E+02   9.64230E-05   3.84659E-03   9.76334E-01   1.09034E-02 
    8.88374E-07   8.81835E-03   6.74376E-02   9.20951E-02   7.61789E-01 
    7.86778E-02   1.76785E-07   0.00000E+00   5.33440E-03   6.90346E-03 
    9.45048E-01   3.57028E-02   2.35692E-06   7.00884E-03   7.20312E-01 
    1.46545E-01   1.33143E-01
   9.76849E+02   8.79771E-05   3.65969E-03   9.75442E-01   1.21648E-02 
    1.11839E-06   8.64466E-03   6.74369E-02   8.93632E-02   7.52929E-01 
    9.02705E-02   2.23682E-07   0.00000E+00   5.19998E-03   6.56563E-03 
    9.40650E-01   4.05574E-02   3.10482E-06   7.02358E-03   8.40683E-01 
    1.59317E-01   0.00000E+00

 Phase Region for:
     BCC_A2                        
     CEMENTITE                     
 col-1=T, col-2=W(BCC_A2,C), col-3=W(BCC_A2,CR), col-4=W(BCC_A2,FE),
   col-5=W(BCC_A2,MN), col-6=W(BCC_A2,NI), col-7=W(BCC_A2,SI),
   col-8=W(CEMENTITE,C), col-9=W(CEMENTITE,CR), col-10=W(CEMENTITE,FE),
   col-11=W(CEMENTITE,MN), col-12=W(CEMENTITE,NI), col-13=W(CEMENTITE,SI),
   col-14=NP(BCC_A2), col-15=NP(CEMENTITE),
   9.76849E+02   8.79771E-05   3.65969E-03   9.75442E-01   1.21648E-02 
    1.11839E-06   8.64466E-03   6.74369E-02   8.93632E-02   7.52929E-01 
    9.02705E-02   2.23682E-07   0.00000E+00   8.40683E-01   1.59317E-01  NONE
   9.73000E+02   8.38310E-05   3.60074E-03   9.75681E-01   1.19886E-02 
    1.11836E-06   8.64514E-03   6.74399E-02   8.97189E-02   7.51443E-01 
    9.13976E-02   2.24222E-07   0.00000E+00   8.40618E-01   1.59382E-01  NONE
   9.63000E+02   7.38753E-05   3.44911E-03   9.76294E-01   1.15355E-02 
    1.11827E-06   8.64626E-03   6.74477E-02   9.06382E-02   7.47617E-01 
    9.42966E-02   2.25574E-07   0.00000E+00   8.40464E-01   1.59536E-01  NONE
   9.53000E+02   6.50055E-05   3.29978E-03   9.76897E-01   1.10894E-02 
    1.11818E-06   8.64725E-03   6.74554E-02   9.15501E-02   7.43841E-01 
    9.71533E-02   2.26863E-07   0.00000E+00   8.40327E-01   1.59673E-01  NONE
   9.43000E+02   5.71117E-05   3.15277E-03   9.77491E-01   1.06502E-02 
    1.11808E-06   8.64812E-03   6.74630E-02   9.24535E-02   7.40115E-01 
    9.99683E-02   2.28096E-07   0.00000E+00   8.40204E-01   1.59796E-01  NONE
   9.33000E+02   5.00952E-05   3.00815E-03   9.78074E-01   1.02179E-02 
    1.11797E-06   8.64887E-03   6.74705E-02   9.33475E-02   7.36440E-01 
    1.02742E-01   2.29278E-07   0.00000E+00   8.40096E-01   1.59904E-01  NONE
   9.23000E+02   4.38663E-05   2.86602E-03   9.78647E-01   9.79244E-03 
    1.11787E-06   8.64952E-03   6.74779E-02   9.42310E-02   7.32817E-01 
    1.05474E-01   2.30416E-07   0.00000E+00   8.39999E-01   1.60001E-01  NONE
   9.13000E+02   3.83442E-05   2.72646E-03   9.79210E-01   9.37393E-03 
    1.11775E-06   8.65009E-03   6.74852E-02   9.51028E-02   7.29247E-01 
    1.08165E-01   2.31515E-07   0.00000E+00   8.39913E-01   1.60087E-01  NONE
   9.03000E+02   3.34558E-05   2.58958E-03   9.79763E-01   8.96242E-03 
    1.11764E-06   8.65057E-03   6.74924E-02   9.59619E-02   7.25733E-01 
    1.10813E-01   2.32579E-07   0.00000E+00   8.39838E-01   1.60162E-01  NONE
   8.93000E+02   2.91350E-05   2.45550E-03   9.80305E-01   8.55804E-03 
    1.11753E-06   8.65099E-03   6.74994E-02   9.68071E-02   7.22275E-01 
    1.13418E-01   2.33613E-07   0.00000E+00   8.39771E-01   1.60229E-01  NONE
   8.83000E+02   2.53220E-05   2.32434E-03   9.80837E-01   8.16095E-03 
    1.11741E-06   8.65134E-03   6.75064E-02   9.76370E-02   7.18877E-01 
    1.15979E-01   2.34620E-07   0.00000E+00   8.39712E-01   1.60288E-01  NONE
   8.73000E+02   2.19628E-05   2.19623E-03   9.81358E-01   7.77132E-03 
    1.11729E-06   8.65164E-03   6.75132E-02   9.84507E-02   7.15542E-01 
    1.18494E-01   2.35604E-07   0.00000E+00   8.39660E-01   1.60340E-01  NONE
   8.63000E+02   1.90086E-05   2.07130E-03   9.81867E-01   7.38938E-03 
    1.11716E-06   8.65188E-03   6.75199E-02   9.92467E-02   7.12271E-01 
    1.20962E-01   2.36568E-07   0.00000E+00   8.39614E-01   1.60386E-01  NONE
   8.53000E+02   1.64153E-05   1.94969E-03   9.82365E-01   7.01536E-03 
    1.11704E-06   8.65209E-03   6.75264E-02   1.00024E-01   7.09068E-01 
    1.23381E-01   2.37513E-07   0.00000E+00   8.39574E-01   1.60426E-01  NONE
   8.43000E+02   1.41432E-05   1.83152E-03   9.82851E-01   6.64952E-03 
    1.11691E-06   8.65225E-03   6.75328E-02   1.00782E-01   7.05935E-01 
    1.25750E-01   2.38442E-07   0.00000E+00   8.39539E-01   1.60461E-01  NONE
   8.33000E+02   1.21565E-05   1.71692E-03   9.83325E-01   6.29214E-03 
    1.11679E-06   8.65239E-03   6.75390E-02   1.01518E-01   7.02877E-01 
    1.28066E-01   2.39356E-07   0.00000E+00   8.39508E-01   1.60492E-01  NONE
   8.23000E+02   1.04229E-05   1.60601E-03   9.83786E-01   5.94351E-03 
    1.11666E-06   8.65249E-03   6.75450E-02   1.02233E-01   6.99895E-01 
    1.30327E-01   2.40256E-07   0.00000E+00   8.39481E-01   1.60519E-01  NONE
   8.13000E+02   8.91350E-06   1.49890E-03   9.84235E-01   5.60392E-03 
    1.11653E-06   8.65257E-03   6.75509E-02   1.02924E-01   6.96994E-01 
    1.32531E-01   2.41143E-07   0.00000E+00   8.39458E-01   1.60542E-01  NONE
   8.03000E+02   7.60220E-06   1.39569E-03   9.84669E-01   5.27369E-03 
    1.11640E-06   8.65262E-03   6.75566E-02   1.03592E-01   6.94175E-01 
    1.34676E-01   2.42016E-07   0.00000E+00   8.39438E-01   1.60562E-01  NONE
   7.93000E+02   6.46567E-06   1.29647E-03   9.85090E-01   4.95310E-03 
    1.11627E-06   8.65266E-03   6.75621E-02   1.04235E-01   6.91443E-01 
    1.36760E-01   2.42877E-07   0.00000E+00   8.39420E-01   1.60580E-01  NONE
   7.83000E+02   5.48301E-06   1.20132E-03   9.85497E-01   4.64244E-03 
    1.11615E-06   8.65268E-03   6.75674E-02   1.04853E-01   6.88799E-01 
    1.38780E-01   2.43723E-07   0.00000E+00   8.39405E-01   1.60595E-01  NONE
   7.73000E+02   4.63553E-06   1.11030E-03   9.85889E-01   4.34200E-03 
    1.11602E-06   8.65269E-03   6.75725E-02   1.05445E-01   6.86246E-01 
    1.40736E-01   2.44554E-07   0.00000E+00   8.39392E-01   1.60608E-01  NONE
   7.63000E+02   3.90657E-06   1.02347E-03   9.86267E-01   4.05204E-03 
    1.11589E-06   8.65269E-03   6.75774E-02   1.06011E-01   6.83787E-01 
    1.42624E-01   2.45369E-07   0.00000E+00   8.39380E-01   1.60620E-01  NONE
   7.53000E+02   3.28127E-06   9.40848E-04   9.86629E-01   3.77279E-03 
    1.11577E-06   8.65268E-03   6.75820E-02   1.06550E-01   6.81424E-01 
    1.44444E-01   2.46166E-07   0.00000E+00   8.39371E-01   1.60629E-01  NONE
   7.43000E+02   2.74643E-06   8.62459E-04   9.86977E-01   3.50447E-03 
    1.11565E-06   8.65266E-03   6.75865E-02   1.07062E-01   6.79158E-01 
    1.46193E-01   2.46942E-07   0.00000E+00   8.39362E-01   1.60638E-01  NONE
   7.33000E+02   2.29036E-06   7.88301E-04   9.87308E-01   3.24726E-03 
    1.11553E-06   8.65263E-03   6.75908E-02   1.07547E-01   6.76992E-01 
    1.47871E-01   2.47695E-07   0.00000E+00   8.39355E-01   1.60645E-01  NONE
   7.23000E+02   1.90267E-06   7.18352E-04   9.87625E-01   3.00130E-03 
    1.11542E-06   8.65260E-03   6.75948E-02   1.08005E-01   6.74925E-01 
    1.49476E-01   2.48423E-07   0.00000E+00   8.39349E-01   1.60651E-01  NONE
   7.13000E+02   1.57421E-06   6.52579E-04   9.87925E-01   2.76670E-03 
    1.11531E-06   8.65257E-03   6.75986E-02   1.08436E-01   6.72958E-01 
    1.51007E-01   2.49121E-07   0.00000E+00   8.39344E-01   1.60656E-01  NONE
   7.03000E+02   1.29691E-06   5.90927E-04   9.88211E-01   2.54354E-03 
    1.11520E-06   8.65253E-03   6.76023E-02   1.08840E-01   6.71093E-01 
    1.52464E-01   2.49787E-07   0.00000E+00   8.39340E-01   1.60660E-01  NONE
   6.93000E+02   1.06365E-06   5.33326E-04   9.88480E-01   2.33183E-03 
    1.11510E-06   8.65249E-03   6.76057E-02   1.09218E-01   6.69329E-01 
    1.53847E-01   2.50416E-07   0.00000E+00   8.39336E-01   1.60664E-01  NONE
   6.83000E+02   8.68218E-07   4.79692E-04   9.88734E-01   2.13156E-03 
    1.11500E-06   8.65246E-03   6.76089E-02   1.09571E-01   6.67665E-01 
    1.55156E-01   2.51004E-07   0.00000E+00   8.39333E-01   1.60667E-01  NONE
   6.73000E+02   7.05149E-07   4.29924E-04   9.88973E-01   1.94267E-03 
    1.11492E-06   8.65242E-03   6.76118E-02   1.09898E-01   6.66100E-01 
    1.56390E-01   2.51547E-07   0.00000E+00   8.39331E-01   1.60669E-01  NONE
