
 Phase Region for:
     FCC_A1#1                      
 col-1=T, col-2=X(FCC_A1#1,C), col-3=X(FCC_A1#1,CR), col-4=X(FCC_A1#1,FE),
   col-5=X(FCC_A1#1,MN), col-6=X(FCC_A1#1,NI), col-7=X(FCC_A1#1,SI),
   col-8=NP(FCC_A1#1),
   1.17300E+03   3.93373E-02   1.26214E-02   8.70464E-01   2.15008E-02 
    8.94492E-07   5.60754E-02   1.00000E+00
   1.18300E+03   3.93373E-02   1.26214E-02   8.70464E-01   2.15008E-02 
    8.94492E-07   5.60754E-02   1.00000E+00
   1.19300E+03   3.93373E-02   1.26214E-02   8.70464E-01   2.15008E-02 
    8.94492E-07   5.60754E-02   1.00000E+00
   1.20300E+03   3.93373E-02   1.26214E-02   8.70464E-01   2.15008E-02 
    8.94492E-07   5.60754E-02   1.00000E+00
   1.21300E+03   3.93373E-02   1.26214E-02   8.70464E-01   2.15008E-02 
    8.94492E-07   5.60754E-02   1.00000E+00
   1.22300E+03   3.93373E-02   1.26214E-02   8.70464E-01   2.15008E-02 
    8.94492E-07   5.60754E-02   1.00000E+00
   1.23300E+03   3.93373E-02   1.26214E-02   8.70464E-01   2.15008E-02 
    8.94492E-07   5.60754E-02   1.00000E+00
   1.24300E+03   3.93373E-02   1.26214E-02   8.70464E-01   2.15008E-02 
    8.94492E-07   5.60754E-02   1.00000E+00
   1.25300E+03   3.93373E-02   1.26214E-02   8.70464E-01   2.15008E-02 
    8.94492E-07   5.60754E-02   1.00000E+00
   1.26300E+03   3.93373E-02   1.26214E-02   8.70464E-01   2.15008E-02 
    8.94492E-07   5.60754E-02   1.00000E+00
   1.27300E+03   3.93373E-02   1.26214E-02   8.70464E-01   2.15008E-02 
    8.94492E-07   5.60754E-02   1.00000E+00
   1.28300E+03   3.93373E-02   1.26214E-02   8.70464E-01   2.15008E-02 
    8.94492E-07   5.60754E-02   1.00000E+00
   1.29300E+03   3.93373E-02   1.26214E-02   8.70464E-01   2.15008E-02 
    8.94492E-07   5.60754E-02   1.00000E+00
   1.30300E+03   3.93373E-02   1.26214E-02   8.70464E-01   2.15008E-02 
    8.94492E-07   5.60754E-02   1.00000E+00
   1.31300E+03   3.93373E-02   1.26214E-02   8.70464E-01   2.15008E-02 
    8.94492E-07   5.60754E-02   1.00000E+00
   1.32300E+03   3.93373E-02   1.26214E-02   8.70464E-01   2.15008E-02 
    8.94492E-07   5.60754E-02   1.00000E+00
   1.33300E+03   3.93373E-02   1.26214E-02   8.70464E-01   2.15008E-02 
    8.94492E-07   5.60754E-02   1.00000E+00
   1.34300E+03   3.93373E-02   1.26214E-02   8.70464E-01   2.15008E-02 
    8.94492E-07   5.60754E-02   1.00000E+00
   1.35300E+03   3.93373E-02   1.26214E-02   8.70464E-01   2.15008E-02 
    8.94492E-07   5.60754E-02   1.00000E+00
   1.36300E+03   3.93373E-02   1.26214E-02   8.70464E-01   2.15008E-02 
    8.94492E-07   5.60754E-02   1.00000E+00
   1.37300E+03   3.93373E-02   1.26214E-02   8.70464E-01   2.15008E-02 
    8.94492E-07   5.60754E-02   1.00000E+00
   1.38300E+03   3.93373E-02   1.26214E-02   8.70464E-01   2.15008E-02 
    8.94492E-07   5.60754E-02   1.00000E+00
   1.39300E+03   3.93373E-02   1.26214E-02   8.70464E-01   2.15008E-02 
    8.94492E-07   5.60754E-02   1.00000E+00
   1.40300E+03   3.93373E-02   1.26214E-02   8.70464E-01   2.15008E-02 
    8.94492E-07   5.60754E-02   1.00000E+00
   1.41300E+03   3.93373E-02   1.26214E-02   8.70464E-01   2.15008E-02 
    8.94492E-07   5.60754E-02   1.00000E+00
   1.42300E+03   3.93373E-02   1.26214E-02   8.70464E-01   2.15008E-02 
    8.94492E-07   5.60754E-02   1.00000E+00
   1.43300E+03   3.93373E-02   1.26214E-02   8.70464E-01   2.15008E-02 
    8.94492E-07   5.60754E-02   1.00000E+00
   1.44300E+03   3.93373E-02   1.26214E-02   8.70464E-01   2.15008E-02 
    8.94492E-07   5.60754E-02   1.00000E+00
   1.45300E+03   3.93373E-02   1.26214E-02   8.70464E-01   2.15008E-02 
    8.94492E-07   5.60754E-02   1.00000E+00
   1.46300E+03   3.93373E-02   1.26214E-02   8.70464E-01   2.15008E-02 
    8.94492E-07   5.60754E-02   1.00000E+00
   1.47300E+03   3.93373E-02   1.26214E-02   8.70464E-01   2.15008E-02 
    8.94492E-07   5.60754E-02   1.00000E+00

 Phase Region for:
     FCC_A1#1                      
 col-1=T, col-2=X(FCC_A1#1,C), col-3=X(FCC_A1#1,CR), col-4=X(FCC_A1#1,FE),
   col-5=X(FCC_A1#1,MN), col-6=X(FCC_A1#1,NI), col-7=X(FCC_A1#1,SI),
   col-8=NP(FCC_A1#1),
   1.17300E+03   3.93373E-02   1.26214E-02   8.70464E-01   2.15008E-02 
    8.94492E-07   5.60754E-02   1.00000E+00
   1.17290E+03   3.93373E-02   1.26214E-02   8.70464E-01   2.15008E-02 
    8.94492E-07   5.60754E-02   1.00000E+00
   1.16858E+03   3.93373E-02   1.26214E-02   8.70464E-01   2.15008E-02 
    8.94492E-07   5.60754E-02   1.00000E+00

 Phase Region for:
     CEMENTITE                     
     FCC_A1#1                      
 col-1=T, col-2=X(CEMENTITE,C), col-3=X(CEMENTITE,CR), col-4=X(CEMENTITE,FE),
   col-5=X(CEMENTITE,MN), col-6=X(CEMENTITE,NI), col-7=X(CEMENTITE,SI),
   col-8=X(FCC_A1#1,C), col-9=X(FCC_A1#1,CR), col-10=X(FCC_A1#1,FE),
   col-11=X(FCC_A1#1,MN), col-12=X(FCC_A1#1,NI), col-13=X(FCC_A1#1,SI),
   col-14=NP(CEMENTITE), col-15=NP(FCC_A1#1),
   1.16858E+03   2.50000E-01   6.72121E-02   6.56307E-01   2.64813E-02 
    1.18612E-07   0.00000E+00   3.93372E-02   1.26214E-02   8.70464E-01 
    2.15008E-02   8.94492E-07   5.60754E-02   6.03841E-08   1.00000E+00
   1.16300E+03   2.50000E-01   6.73321E-02   6.56068E-01   2.65999E-02 
    1.17258E-07   0.00000E+00   3.86310E-02   1.24380E-02   8.71183E-01 
    2.14837E-02   8.97098E-07   5.62633E-02   3.34115E-03   9.96659E-01
   1.15300E+03   2.50000E-01   6.75473E-02   6.55634E-01   2.68182E-02 
    1.14842E-07   0.00000E+00   3.73812E-02   1.21114E-02   8.72459E-01 
    2.14515E-02   9.01731E-07   5.65960E-02   9.19966E-03   9.90800E-01
   1.14300E+03   2.50000E-01   6.77624E-02   6.55194E-01   2.70438E-02 
    1.12440E-07   0.00000E+00   3.61525E-02   1.17878E-02   8.73719E-01 
    2.14170E-02   9.06315E-07   5.69231E-02   1.48927E-02   9.85107E-01
   1.13300E+03   2.50000E-01   6.79772E-02   6.54746E-01   2.72769E-02 
    1.10051E-07   0.00000E+00   3.49448E-02   1.14672E-02   8.74962E-01 
    2.13804E-02   9.10848E-07   5.72446E-02   2.04247E-02   9.79575E-01
   1.12300E+03   2.50000E-01   6.81915E-02   6.54291E-01   2.75177E-02 
    1.07677E-07   0.00000E+00   3.37583E-02   1.11497E-02   8.76189E-01 
    2.13415E-02   9.15330E-07   5.75604E-02   2.57999E-02   9.74200E-01
   1.11300E+03   2.50000E-01   6.84052E-02   6.53828E-01   2.77664E-02 
    1.05318E-07   0.00000E+00   3.25928E-02   1.08354E-02   8.77400E-01 
    2.13002E-02   9.19758E-07   5.78706E-02   3.10222E-02   9.68978E-01
   1.10300E+03   2.50000E-01   6.86182E-02   6.53359E-01   2.80231E-02 
    1.02974E-07   0.00000E+00   3.14485E-02   1.05244E-02   8.78594E-01 
    2.12566E-02   9.24133E-07   5.81752E-02   3.60957E-02   9.63904E-01
   1.09300E+03   2.50000E-01   6.88302E-02   6.52881E-01   2.82883E-02 
    1.00646E-07   0.00000E+00   3.03253E-02   1.02168E-02   8.79772E-01 
    2.12105E-02   9.28452E-07   5.84742E-02   4.10239E-02   9.58976E-01
   1.08300E+03   2.50000E-01   6.90412E-02   6.52397E-01   2.85620E-02 
    9.83337E-08   0.00000E+00   2.92234E-02   9.91268E-03   8.80934E-01 
    2.11618E-02   9.32716E-07   5.87675E-02   4.58103E-02   9.54190E-01
   1.07300E+03   2.50000E-01   6.92511E-02   6.51904E-01   2.88446E-02 
    9.60383E-08   0.00000E+00   2.81427E-02   9.61210E-03   8.82078E-01 
    2.11106E-02   9.36922E-07   5.90552E-02   5.04584E-02   9.49542E-01
   1.06300E+03   2.50000E-01   6.94596E-02   6.51404E-01   2.91362E-02 
    9.37600E-08   0.00000E+00   2.70833E-02   9.31517E-03   8.83207E-01 
    2.10567E-02   9.41070E-07   5.93372E-02   5.49712E-02   9.45029E-01
   1.05301E+03   2.50000E-01   6.96665E-02   6.50896E-01   2.94370E-02 
    9.15012E-08   0.00000E+00   2.60460E-02   9.02226E-03   8.84317E-01 
    2.10001E-02   9.45155E-07   5.96133E-02   5.93482E-02   9.40652E-01

 Phase Region for:
     BCC_A2                        
     CEMENTITE                     
     FCC_A1#1                      
 col-1=T, col-2=X(BCC_A2,C), col-3=X(BCC_A2,CR), col-4=X(BCC_A2,FE),
   col-5=X(BCC_A2,MN), col-6=X(BCC_A2,NI), col-7=X(BCC_A2,SI),
   col-8=X(CEMENTITE,C), col-9=X(CEMENTITE,CR), col-10=X(CEMENTITE,FE),
   col-11=X(CEMENTITE,MN), col-12=X(CEMENTITE,NI), col-13=X(CEMENTITE,SI),
   col-14=X(FCC_A1#1,C), col-15=X(FCC_A1#1,CR), col-16=X(FCC_A1#1,FE),
   col-17=X(FCC_A1#1,MN), col-18=X(FCC_A1#1,NI), col-19=X(FCC_A1#1,SI),
   col-20=NP(BCC_A2), col-21=NP(CEMENTITE), col-22=NP(FCC_A1#1),
   1.05301E+03   7.95650E-04   5.75392E-03   9.08730E-01   9.58353E-03 
    4.81442E-07   7.51361E-02   2.50000E-01   6.96664E-02   6.50896E-01 
    2.94371E-02   9.15014E-08   0.00000E+00   2.60460E-02   9.02225E-03 
    8.84317E-01   2.10001E-02   9.45157E-07   5.96133E-02   2.97617E-06 
    5.93485E-02   9.40648E-01
   1.05300E+03   7.95589E-04   5.75338E-03   9.08733E-01   9.58453E-03 
    4.81506E-07   7.51332E-02   2.50000E-01   6.96623E-02   6.50896E-01 
    2.94414E-02   9.15131E-08   0.00000E+00   2.60455E-02   9.02142E-03 
    8.84318E-01   2.10027E-02   9.45309E-07   5.96110E-02   2.57194E-04 
    5.93791E-02   9.40364E-01
   1.04300E+03   7.24423E-04   5.17881E-03   9.11228E-01   1.08863E-02 
    5.71148E-07   7.19822E-02   2.50000E-01   6.53264E-02   6.49589E-01 
    3.50849E-02   1.07729E-07   0.00000E+00   2.54600E-02   8.13975E-03 
    8.84887E-01   2.43050E-02   1.15918E-06   5.72067E-02   2.83732E-01 
    9.30592E-02   6.23209E-01
   1.03300E+03   6.53169E-04   4.72169E-03   9.12805E-01   1.24483E-02 
    6.97482E-07   6.93707E-02   2.50000E-01   6.19491E-02   6.46078E-01 
    4.19726E-02   1.30512E-07   0.00000E+00   2.47607E-02   7.41777E-03 
    8.84233E-01   2.82659E-02   1.46870E-06   5.53213E-02   5.33225E-01 
    1.21787E-01   3.44988E-01
   1.02300E+03   5.82920E-04   4.36313E-03   9.13493E-01   1.42445E-02 
    8.82177E-07   6.73157E-02   2.50000E-01   5.94289E-02   6.40480E-01 
    5.00904E-02   1.63704E-07   0.00000E+00   2.39498E-02   6.83235E-03 
    8.82425E-01   3.28329E-02   1.93415E-06   5.39581E-02   7.44253E-01 
    1.45005E-01   1.10742E-01
   1.01748E+03   5.45054E-04   4.19987E-03   9.13533E-01   1.53198E-02 
    1.02437E-06   6.64013E-02   2.50000E-01   5.83548E-02   6.36578E-01 
    5.50671E-02   1.89195E-07   0.00000E+00   2.34591E-02   6.55799E-03 
    8.80994E-01   3.55788E-02   2.29979E-06   5.34079E-02   8.44492E-01 
    1.55508E-01   0.00000E+00

 Phase Region for:
     BCC_A2                        
     CEMENTITE                     
 col-1=T, col-2=X(BCC_A2,C), col-3=X(BCC_A2,CR), col-4=X(BCC_A2,FE),
   col-5=X(BCC_A2,MN), col-6=X(BCC_A2,NI), col-7=X(BCC_A2,SI),
   col-8=X(CEMENTITE,C), col-9=X(CEMENTITE,CR), col-10=X(CEMENTITE,FE),
   col-11=X(CEMENTITE,MN), col-12=X(CEMENTITE,NI), col-13=X(CEMENTITE,SI),
   col-14=NP(BCC_A2), col-15=NP(CEMENTITE),
   1.01747E+03   5.45054E-04   4.19987E-03   9.13533E-01   1.53198E-02 
    1.02437E-06   6.64013E-02   2.50000E-01   5.83548E-02   6.36578E-01 
    5.50671E-02   1.89195E-07   0.00000E+00   8.44492E-01   1.55508E-01  NONE
   1.01300E+03   5.16773E-04   4.13881E-03   9.13747E-01   1.51881E-02 
    1.02448E-06   6.64088E-02   2.50000E-01   5.86528E-02   6.35589E-01 
    5.57576E-02   1.89120E-07   0.00000E+00   8.44396E-01   1.55604E-01  NONE
   1.00300E+03   4.58017E-04   4.00164E-03   9.14237E-01   1.48775E-02 
    1.02468E-06   6.64245E-02   2.50000E-01   5.93265E-02   6.33285E-01 
    5.73885E-02   1.89086E-07   0.00000E+00   8.44198E-01   1.55802E-01  NONE
   9.93000E+02   4.05004E-04   3.86337E-03   9.14750E-01   1.45422E-02 
    1.02482E-06   6.64386E-02   2.50000E-01   6.00111E-02   6.30834E-01 
    5.91543E-02   1.89262E-07   0.00000E+00   8.44018E-01   1.55982E-01  NONE
   9.83000E+02   3.57274E-04   3.72387E-03   9.15288E-01   1.41782E-02 
    1.02491E-06   6.64513E-02   2.50000E-01   6.07069E-02   6.28218E-01 
    6.10750E-02   1.89691E-07   0.00000E+00   8.43857E-01   1.56143E-01  NONE
   9.73000E+02   3.14215E-04   3.57967E-03   9.15902E-01   1.37407E-02 
    1.02483E-06   6.64627E-02   2.50000E-01   6.14323E-02   6.25174E-01 
    6.33932E-02   1.90865E-07   0.00000E+00   8.43711E-01   1.56289E-01  NONE
   9.63000E+02   2.75624E-04   3.43267E-03   9.16570E-01   1.32477E-02 
    1.02464E-06   6.64730E-02   2.50000E-01   6.21769E-02   6.21812E-01 
    6.60106E-02   1.92608E-07   0.00000E+00   8.43581E-01   1.56419E-01  NONE
   9.53000E+02   2.41355E-04   3.28802E-03   9.17226E-01   1.27612E-02 
    1.02444E-06   6.64821E-02   2.50000E-01   6.29129E-02   6.18494E-01 
    6.85932E-02   1.94262E-07   0.00000E+00   8.43465E-01   1.56535E-01  NONE
   9.43000E+02   2.10968E-04   3.14568E-03   9.17871E-01   1.22811E-02 
    1.02425E-06   6.64902E-02   2.50000E-01   6.36402E-02   6.15218E-01 
    7.11416E-02   1.95835E-07   0.00000E+00   8.43363E-01   1.56637E-01  NONE
   9.33000E+02   1.84063E-04   3.00566E-03   9.18504E-01   1.18074E-02 
    1.02406E-06   6.64974E-02   2.50000E-01   6.43585E-02   6.11985E-01 
    7.36562E-02   1.97337E-07   0.00000E+00   8.43272E-01   1.56728E-01  NONE
   9.23000E+02   1.60278E-04   2.86798E-03   9.19127E-01   1.13401E-02 
    1.02387E-06   6.65037E-02   2.50000E-01   6.50674E-02   6.08795E-01 
    7.61372E-02   1.98776E-07   0.00000E+00   8.43192E-01   1.56808E-01  NONE
   9.13000E+02   1.39287E-04   2.73269E-03   9.19738E-01   1.08793E-02 
    1.02369E-06   6.65093E-02   2.50000E-01   6.57664E-02   6.05649E-01 
    7.85846E-02   2.00158E-07   0.00000E+00   8.43121E-01   1.56879E-01  NONE
   9.03000E+02   1.20793E-04   2.59986E-03   9.20339E-01   1.04249E-02 
    1.02350E-06   6.65142E-02   2.50000E-01   6.64549E-02   6.02547E-01 
    8.09982E-02   2.01491E-07   0.00000E+00   8.43058E-01   1.56942E-01  NONE
   8.93000E+02   1.04528E-04   2.46956E-03   9.20929E-01   9.97725E-03 
    1.02331E-06   6.65185E-02   2.50000E-01   6.71322E-02   5.99490E-01 
    8.33775E-02   2.02781E-07   0.00000E+00   8.43003E-01   1.56997E-01  NONE
   8.83000E+02   9.02508E-05   2.34190E-03   9.21508E-01   9.53632E-03 
    1.02313E-06   6.65223E-02   2.50000E-01   6.77976E-02   5.96480E-01 
    8.57217E-02   2.04033E-07   0.00000E+00   8.42955E-01   1.57045E-01  NONE
   8.73000E+02   7.77429E-05   2.21698E-03   9.22076E-01   9.10234E-03 
    1.02294E-06   6.65257E-02   2.50000E-01   6.84504E-02   5.93519E-01 
    8.80299E-02   2.05251E-07   0.00000E+00   8.42913E-01   1.57087E-01  NONE
   8.63000E+02   6.68075E-05   2.09491E-03   9.22633E-01   8.67554E-03 
    1.02275E-06   6.65286E-02   2.50000E-01   6.90897E-02   5.90609E-01 
    9.03010E-02   2.06441E-07   0.00000E+00   8.42876E-01   1.57124E-01  NONE
   8.53000E+02   5.72672E-05   1.97581E-03   9.23179E-01   8.25618E-03 
    1.02257E-06   6.65311E-02   2.50000E-01   6.97147E-02   5.87752E-01 
    9.25333E-02   2.07607E-07   0.00000E+00   8.42844E-01   1.57156E-01  NONE
   8.43000E+02   4.89626E-05   1.85981E-03   9.23712E-01   7.84455E-03 
    1.02238E-06   6.65333E-02   2.50000E-01   7.03246E-02   5.84950E-01 
    9.47254E-02   2.08751E-07   0.00000E+00   8.42816E-01   1.57184E-01  NONE
   8.33000E+02   4.17503E-05   1.74702E-03   9.24234E-01   7.44099E-03 
    1.02220E-06   6.65353E-02   2.50000E-01   7.09187E-02   5.82206E-01 
    9.68755E-02   2.09876E-07   0.00000E+00   8.42792E-01   1.57208E-01  NONE
   8.23000E+02   3.55016E-05   1.63757E-03   9.24743E-01   7.04584E-03 
    1.02201E-06   6.65369E-02   2.50000E-01   7.14961E-02   5.79522E-01 
    9.89815E-02   2.10986E-07   0.00000E+00   8.42771E-01   1.57229E-01  NONE
   8.13000E+02   3.01011E-05   1.53157E-03   9.25239E-01   6.65947E-03 
    1.02182E-06   6.65384E-02   2.50000E-01   7.20561E-02   5.76902E-01 
    1.01042E-01   2.12081E-07   0.00000E+00   8.42752E-01   1.57248E-01  NONE
   8.03000E+02   2.54459E-05   1.42914E-03   9.25723E-01   6.28228E-03 
    1.02164E-06   6.65396E-02   2.50000E-01   7.25980E-02   5.74348E-01 
    1.03053E-01   2.13164E-07   0.00000E+00   8.42737E-01   1.57263E-01  NONE
   7.93000E+02   2.14438E-05   1.33038E-03   9.26192E-01   5.91465E-03 
    1.02145E-06   6.65407E-02   2.50000E-01   7.31211E-02   5.71864E-01 
    1.05015E-01   2.14237E-07   0.00000E+00   8.42723E-01   1.57277E-01  NONE
   7.83000E+02   1.80127E-05   1.23538E-03   9.26647E-01   5.55699E-03 
    1.02126E-06   6.65416E-02   2.50000E-01   7.36247E-02   5.69451E-01 
    1.06924E-01   2.15298E-07   0.00000E+00   8.42712E-01   1.57288E-01  NONE
   7.73000E+02   1.50797E-05   1.14423E-03   9.27088E-01   5.20969E-03 
    1.02107E-06   6.65424E-02   2.50000E-01   7.41085E-02   5.67113E-01 
    1.08778E-01   2.16350E-07   0.00000E+00   8.42702E-01   1.57298E-01  NONE
   7.63000E+02   1.25801E-05   1.05701E-03   9.27513E-01   4.87314E-03 
    1.02089E-06   6.65430E-02   2.50000E-01   7.45719E-02   5.64852E-01 
    1.10576E-01   2.17391E-07   0.00000E+00   8.42693E-01   1.57307E-01  NONE
   7.53000E+02   1.04563E-05   9.73752E-04   9.27923E-01   4.54771E-03 
    1.02070E-06   6.65436E-02   2.50000E-01   7.50145E-02   5.62671E-01 
    1.12314E-01   2.18421E-07   0.00000E+00   8.42686E-01   1.57314E-01  NONE
   7.43000E+02   8.65792E-06   8.94515E-04   9.28318E-01   4.23376E-03 
    1.02052E-06   6.65441E-02   2.50000E-01   7.54361E-02   5.60572E-01 
    1.13991E-01   2.19440E-07   0.00000E+00   8.42680E-01   1.57320E-01  NONE
   7.33000E+02   7.14015E-06   8.19318E-04   9.28696E-01   3.93161E-03 
    1.02033E-06   6.65445E-02   2.50000E-01   7.58364E-02   5.58557E-01 
    1.15606E-01   2.20445E-07   0.00000E+00   8.42675E-01   1.57325E-01  NONE
   7.23000E+02   5.86379E-06   7.48171E-04   9.29059E-01   3.64154E-03 
    1.02015E-06   6.65448E-02   2.50000E-01   7.62154E-02   5.56627E-01 
    1.17157E-01   2.21436E-07   0.00000E+00   8.42671E-01   1.57329E-01  NONE
   7.13000E+02   4.79445E-06   6.81064E-04   9.29404E-01   3.36380E-03 
    1.01998E-06   6.65451E-02   2.50000E-01   7.65731E-02   5.54785E-01 
    1.18642E-01   2.22410E-07   0.00000E+00   8.42667E-01   1.57333E-01  NONE
   7.03000E+02   3.90204E-06   6.17971E-04   9.29733E-01   3.09860E-03 
    1.01980E-06   6.65453E-02   2.50000E-01   7.69096E-02   5.53030E-01 
    1.20060E-01   2.23365E-07   0.00000E+00   8.42664E-01   1.57336E-01  NONE
   6.93000E+02   3.16034E-06   5.58848E-04   9.30045E-01   2.84610E-03 
    1.01963E-06   6.65455E-02   2.50000E-01   7.72250E-02   5.51364E-01 
    1.21411E-01   2.24298E-07   0.00000E+00   8.42662E-01   1.57338E-01  NONE
   6.83000E+02   2.54656E-06   5.03635E-04   9.30341E-01   2.60639E-03 
    1.01946E-06   6.65457E-02   2.50000E-01   7.75197E-02   5.49787E-01 
    1.22693E-01   2.25205E-07   0.00000E+00   8.42660E-01   1.57340E-01  NONE
   6.73000E+02   2.04096E-06   4.52254E-04   9.30619E-01   2.37952E-03 
    1.01930E-06   6.65458E-02   2.50000E-01   7.77941E-02   5.48299E-01 
    1.23906E-01   2.26083E-07   0.00000E+00   8.42658E-01   1.57342E-01  NONE
