
 Phase Region for:
     FCC_A1#1                      
 col-1=T, col-2=X(FCC_A1#1,C), col-3=X(FCC_A1#1,CR), col-4=X(FCC_A1#1,FE),
   col-5=X(FCC_A1#1,MN), col-6=X(FCC_A1#1,NI), col-7=X(FCC_A1#1,SI),
   col-8=NP(FCC_A1#1),
   1.17300E+03   4.04740E-02   2.33738E-02   8.85947E-01   2.94959E-02 
    2.07079E-02   1.92319E-06   1.00000E+00
   1.18300E+03   4.04740E-02   2.33738E-02   8.85947E-01   2.94959E-02 
    2.07079E-02   1.92319E-06   1.00000E+00
   1.19300E+03   4.04740E-02   2.33738E-02   8.85947E-01   2.94959E-02 
    2.07079E-02   1.92319E-06   1.00000E+00
   1.20300E+03   4.04740E-02   2.33738E-02   8.85947E-01   2.94959E-02 
    2.07079E-02   1.92319E-06   1.00000E+00
   1.21300E+03   4.04740E-02   2.33738E-02   8.85947E-01   2.94959E-02 
    2.07079E-02   1.92319E-06   1.00000E+00
   1.22300E+03   4.04740E-02   2.33738E-02   8.85947E-01   2.94959E-02 
    2.07079E-02   1.92319E-06   1.00000E+00
   1.23300E+03   4.04740E-02   2.33738E-02   8.85947E-01   2.94959E-02 
    2.07079E-02   1.92319E-06   1.00000E+00
   1.24300E+03   4.04740E-02   2.33738E-02   8.85947E-01   2.94959E-02 
    2.07079E-02   1.92319E-06   1.00000E+00
   1.25300E+03   4.04740E-02   2.33738E-02   8.85947E-01   2.94959E-02 
    2.07079E-02   1.92319E-06   1.00000E+00
   1.26300E+03   4.04740E-02   2.33738E-02   8.85947E-01   2.94959E-02 
    2.07079E-02   1.92319E-06   1.00000E+00
   1.27300E+03   4.04740E-02   2.33738E-02   8.85947E-01   2.94959E-02 
    2.07079E-02   1.92319E-06   1.00000E+00
   1.28300E+03   4.04740E-02   2.33738E-02   8.85947E-01   2.94959E-02 
    2.07079E-02   1.92319E-06   1.00000E+00
   1.29300E+03   4.04740E-02   2.33738E-02   8.85947E-01   2.94959E-02 
    2.07079E-02   1.92319E-06   1.00000E+00
   1.30300E+03   4.04740E-02   2.33738E-02   8.85947E-01   2.94959E-02 
    2.07079E-02   1.92319E-06   1.00000E+00
   1.31300E+03   4.04740E-02   2.33738E-02   8.85947E-01   2.94959E-02 
    2.07079E-02   1.92319E-06   1.00000E+00
   1.32300E+03   4.04740E-02   2.33738E-02   8.85947E-01   2.94959E-02 
    2.07079E-02   1.92319E-06   1.00000E+00
   1.33300E+03   4.04740E-02   2.33738E-02   8.85947E-01   2.94959E-02 
    2.07079E-02   1.92319E-06   1.00000E+00
   1.34300E+03   4.04740E-02   2.33738E-02   8.85947E-01   2.94959E-02 
    2.07079E-02   1.92319E-06   1.00000E+00
   1.35300E+03   4.04740E-02   2.33738E-02   8.85947E-01   2.94959E-02 
    2.07079E-02   1.92319E-06   1.00000E+00
   1.36300E+03   4.04740E-02   2.33738E-02   8.85947E-01   2.94959E-02 
    2.07079E-02   1.92319E-06   1.00000E+00
   1.37300E+03   4.04740E-02   2.33738E-02   8.85947E-01   2.94959E-02 
    2.07079E-02   1.92319E-06   1.00000E+00
   1.38300E+03   4.04740E-02   2.33738E-02   8.85947E-01   2.94959E-02 
    2.07079E-02   1.92319E-06   1.00000E+00
   1.39300E+03   4.04740E-02   2.33738E-02   8.85947E-01   2.94959E-02 
    2.07079E-02   1.92319E-06   1.00000E+00
   1.40300E+03   4.04740E-02   2.33738E-02   8.85947E-01   2.94959E-02 
    2.07079E-02   1.92319E-06   1.00000E+00
   1.41300E+03   4.04740E-02   2.33738E-02   8.85947E-01   2.94959E-02 
    2.07079E-02   1.92319E-06   1.00000E+00
   1.42300E+03   4.04740E-02   2.33738E-02   8.85947E-01   2.94959E-02 
    2.07079E-02   1.92319E-06   1.00000E+00
   1.43300E+03   4.04740E-02   2.33738E-02   8.85947E-01   2.94959E-02 
    2.07079E-02   1.92319E-06   1.00000E+00
   1.44300E+03   4.04740E-02   2.33738E-02   8.85947E-01   2.94959E-02 
    2.07079E-02   1.92319E-06   1.00000E+00
   1.45300E+03   4.04740E-02   2.33738E-02   8.85947E-01   2.94959E-02 
    2.07079E-02   1.92319E-06   1.00000E+00
   1.46300E+03   4.04740E-02   2.33738E-02   8.85947E-01   2.94959E-02 
    2.07079E-02   1.92319E-06   1.00000E+00
   1.47300E+03   4.04740E-02   2.33738E-02   8.85947E-01   2.94959E-02 
    2.07079E-02   1.92319E-06   1.00000E+00

 Phase Region for:
     FCC_A1#1                      
 col-1=T, col-2=X(FCC_A1#1,C), col-3=X(FCC_A1#1,CR), col-4=X(FCC_A1#1,FE),
   col-5=X(FCC_A1#1,MN), col-6=X(FCC_A1#1,NI), col-7=X(FCC_A1#1,SI),
   col-8=NP(FCC_A1#1),
   1.17300E+03   4.04740E-02   2.33738E-02   8.85947E-01   2.94959E-02 
    2.07079E-02   1.92319E-06   1.00000E+00
   1.17290E+03   4.04740E-02   2.33738E-02   8.85947E-01   2.94959E-02 
    2.07079E-02   1.92319E-06   1.00000E+00
   1.16342E+03   4.04740E-02   2.33738E-02   8.85947E-01   2.94959E-02 
    2.07079E-02   1.92319E-06   1.00000E+00

 Phase Region for:
     CEMENTITE                     
     FCC_A1#1                      
 col-1=T, col-2=X(CEMENTITE,C), col-3=X(CEMENTITE,CR), col-4=X(CEMENTITE,FE),
   col-5=X(CEMENTITE,MN), col-6=X(CEMENTITE,NI), col-7=X(CEMENTITE,SI),
   col-8=X(FCC_A1#1,C), col-9=X(FCC_A1#1,CR), col-10=X(FCC_A1#1,FE),
   col-11=X(FCC_A1#1,MN), col-12=X(FCC_A1#1,NI), col-13=X(FCC_A1#1,SI),
   col-14=NP(CEMENTITE), col-15=NP(FCC_A1#1),
   1.16342E+03   2.50000E-01   1.44158E-01   5.66311E-01   3.77559E-02 
    1.77492E-03   0.00000E+00   4.04740E-02   2.33738E-02   8.85947E-01 
    2.94959E-02   2.07079E-02   1.92319E-06   5.93825E-08   1.00000E+00
   1.16300E+03   2.50000E-01   1.44174E-01   5.66286E-01   3.77666E-02 
    1.77326E-03   0.00000E+00   4.04217E-02   2.33437E-02   8.86026E-01 
    2.94938E-02   2.07126E-02   1.92367E-06   2.49397E-04   9.99751E-01
   1.15300E+03   2.50000E-01   1.44557E-01   5.65683E-01   3.80266E-02 
    1.73399E-03   0.00000E+00   3.91886E-02   2.26304E-02   8.87911E-01 
    2.94435E-02   2.08243E-02   1.93499E-06   6.09715E-03   9.93903E-01
   1.14300E+03   2.50000E-01   1.44928E-01   5.65082E-01   3.82953E-02 
    1.69510E-03   0.00000E+00   3.79761E-02   2.19247E-02   8.89772E-01 
    2.93910E-02   2.09345E-02   1.94612E-06   1.17809E-02   9.88219E-01
   1.13300E+03   2.50000E-01   1.45287E-01   5.64484E-01   3.85727E-02 
    1.65660E-03   0.00000E+00   3.67843E-02   2.12270E-02   8.91607E-01 
    2.93360E-02   2.10434E-02   1.95706E-06   1.73050E-02   9.82695E-01
   1.12300E+03   2.50000E-01   1.45633E-01   5.63889E-01   3.88592E-02 
    1.61849E-03   0.00000E+00   3.56131E-02   2.05375E-02   8.93418E-01 
    2.92786E-02   2.11508E-02   1.96781E-06   2.26735E-02   9.77327E-01
   1.11300E+03   2.50000E-01   1.45967E-01   5.63297E-01   3.91549E-02 
    1.58078E-03   0.00000E+00   3.44626E-02   1.98566E-02   8.95203E-01 
    2.92187E-02   2.12567E-02   1.97837E-06   2.78903E-02   9.72110E-01
   1.10300E+03   2.50000E-01   1.46287E-01   5.62710E-01   3.94601E-02 
    1.54348E-03   0.00000E+00   3.33328E-02   1.91846E-02   8.96963E-01 
    2.91562E-02   2.13611E-02   1.98874E-06   3.29593E-02   9.67041E-01
   1.09300E+03   2.50000E-01   1.46593E-01   5.62126E-01   3.97751E-02 
    1.50657E-03   0.00000E+00   3.22237E-02   1.85220E-02   8.98697E-01 
    2.90911E-02   2.14640E-02   1.99892E-06   3.78843E-02   9.62116E-01
   1.08300E+03   2.50000E-01   1.46884E-01   5.61546E-01   4.01000E-02 
    1.47006E-03   0.00000E+00   3.11353E-02   1.78689E-02   9.00405E-01 
    2.90232E-02   2.15653E-02   2.00891E-06   4.26687E-02   9.57331E-01
   1.07300E+03   2.50000E-01   1.47159E-01   5.60971E-01   4.04352E-02 
    1.43397E-03   0.00000E+00   3.00676E-02   1.72259E-02   9.02087E-01 
    2.89525E-02   2.16652E-02   2.01871E-06   4.73162E-02   9.52684E-01
   1.06300E+03   2.50000E-01   1.47420E-01   5.60402E-01   4.07804E-02 
    1.39829E-03   0.00000E+00   2.90206E-02   1.65931E-02   9.03742E-01 
    2.88790E-02   2.17634E-02   2.02832E-06   5.18299E-02   9.48170E-01
   1.05300E+03   2.50000E-01   1.47664E-01   5.59836E-01   4.11369E-02 
    1.36300E-03   0.00000E+00   2.79942E-02   1.59709E-02   9.05370E-01 
    2.88025E-02   2.18601E-02   2.03774E-06   5.62136E-02   9.43786E-01
   1.04300E+03   2.50000E-01   1.47892E-01   5.59275E-01   4.15044E-02 
    1.32813E-03   0.00000E+00   2.69884E-02   1.53596E-02   9.06972E-01 
    2.87230E-02   2.19552E-02   2.04697E-06   6.04702E-02   9.39530E-01
   1.03300E+03   2.50000E-01   1.48103E-01   5.58720E-01   4.18832E-02 
    1.29366E-03   0.00000E+00   2.60032E-02   1.47594E-02   9.08546E-01 
    2.86403E-02   2.20487E-02   2.05602E-06   6.46028E-02   9.35397E-01
   1.02300E+03   2.50000E-01   1.48298E-01   5.58169E-01   4.22737E-02 
    1.25961E-03   0.00000E+00   2.50383E-02   1.41708E-02   9.10094E-01 
    2.85545E-02   2.21406E-02   2.06487E-06   6.86145E-02   9.31385E-01
   1.01300E+03   2.50000E-01   1.48475E-01   5.57623E-01   4.26762E-02 
    1.22597E-03   0.00000E+00   2.40939E-02   1.35939E-02   9.11614E-01 
    2.84655E-02   2.22309E-02   2.07354E-06   7.25082E-02   9.27492E-01
   1.00300E+03   2.50000E-01   1.48634E-01   5.57082E-01   4.30910E-02 
    1.19275E-03   0.00000E+00   2.31698E-02   1.30289E-02   9.13106E-01 
    2.83731E-02   2.23196E-02   2.08202E-06   7.62868E-02   9.23713E-01
   9.93000E+02   2.50000E-01   1.48777E-01   5.56545E-01   4.35183E-02 
    1.15994E-03   0.00000E+00   2.22660E-02   1.24762E-02   9.14572E-01 
    2.82773E-02   2.24066E-02   2.09032E-06   7.99530E-02   9.20047E-01
   9.83000E+02   2.50000E-01   1.48901E-01   5.56013E-01   4.39587E-02 
    1.12754E-03   0.00000E+00   2.13822E-02   1.19360E-02   9.16010E-01 
    2.81780E-02   2.24920E-02   2.09843E-06   8.35094E-02   9.16491E-01
   9.73000E+02   2.50000E-01   1.49008E-01   5.55484E-01   4.44123E-02 
    1.09556E-03   0.00000E+00   2.05186E-02   1.14084E-02   9.17420E-01 
    2.80752E-02   2.25758E-02   2.10636E-06   8.69588E-02   9.13041E-01
   9.66277E+02   2.50000E-01   1.49069E-01   5.55131E-01   4.47249E-02 
    1.07430E-03   0.00000E+00   1.99491E-02   1.10609E-02   9.18353E-01 
    2.80040E-02   2.26312E-02   2.11159E-06   8.92187E-02   9.10781E-01

 Phase Region for:
     BCC_A2                        
     CEMENTITE                     
     FCC_A1#1                      
 col-1=T, col-2=X(BCC_A2,C), col-3=X(BCC_A2,CR), col-4=X(BCC_A2,FE),
   col-5=X(BCC_A2,MN), col-6=X(BCC_A2,NI), col-7=X(BCC_A2,SI),
   col-8=X(CEMENTITE,C), col-9=X(CEMENTITE,CR), col-10=X(CEMENTITE,FE),
   col-11=X(CEMENTITE,MN), col-12=X(CEMENTITE,NI), col-13=X(CEMENTITE,SI),
   col-14=X(FCC_A1#1,C), col-15=X(FCC_A1#1,CR), col-16=X(FCC_A1#1,FE),
   col-17=X(FCC_A1#1,MN), col-18=X(FCC_A1#1,NI), col-19=X(FCC_A1#1,SI),
   col-20=NP(BCC_A2), col-21=NP(CEMENTITE), col-22=NP(FCC_A1#1),
   9.66277E+02   3.32638E-04   6.41392E-03   9.78661E-01   6.63586E-03 
    7.95400E-03   2.61609E-06   2.50000E-01   1.49069E-01   5.55131E-01 
    4.47250E-02   1.07430E-03   0.00000E+00   1.99491E-02   1.10609E-02 
    9.18353E-01   2.80041E-02   2.26312E-02   2.11158E-06   2.48143E-06 
    8.92189E-02   9.10779E-01
   9.63000E+02   3.20804E-04   6.18085E-03   9.78347E-01   6.84661E-03 
    8.30256E-03   2.55416E-06   2.50000E-01   1.46021E-01   5.55694E-01 
    4.71519E-02   1.13340E-03   0.00000E+00   1.97850E-02   1.06745E-02 
    9.15840E-01   2.95503E-02   2.41485E-02   2.08860E-06   7.71280E-02 
    9.63892E-02   8.26483E-01
   9.53000E+02   2.84750E-04   5.60540E-03   9.77309E-01   7.43607E-03 
    9.36248E-03   2.41905E-06   2.50000E-01   1.39007E-01   5.55221E-01 
    5.44603E-02   1.31151E-03   0.00000E+00   1.91462E-02   9.69474E-03 
    9.07528E-01   3.44280E-02   2.92013E-02   2.06401E-06   2.67514E-01 
    1.14243E-01   6.18242E-01
   9.43000E+02   2.50289E-04   5.17109E-03   9.76250E-01   7.93027E-03 
    1.03962E-02   2.33782E-06   2.50000E-01   1.34506E-01   5.52494E-01 
    6.15162E-02   1.48342E-03   0.00000E+00   1.83641E-02   8.92615E-03 
    8.98297E-01   3.95107E-02   3.49000E-02   2.08668E-06   4.05742E-01 
    1.27180E-01   4.67078E-01
   9.33000E+02   2.18517E-04   4.82385E-03   9.75251E-01   8.32045E-03 
    1.13843E-02   2.28894E-06   2.50000E-01   1.31662E-01   5.48454E-01 
    6.82373E-02   1.64679E-03   0.00000E+00   1.74965E-02   8.29021E-03 
    8.88151E-01   4.47855E-02   4.12743E-02   2.13943E-06   5.07089E-01 
    1.36510E-01   3.56401E-01
   9.23000E+02   1.89857E-04   4.53140E-03   9.74357E-01   8.60593E-03 
    1.23131E-02   2.26020E-06   2.50000E-01   1.29923E-01   5.43692E-01 
    7.45843E-02   1.80017E-03   0.00000E+00   1.65794E-02   7.73857E-03 
    8.77035E-01   5.02698E-02   4.83749E-02   2.21197E-06   5.82205E-01 
    1.43246E-01   2.74549E-01
   9.13000E+02   1.64361E-04   4.27426E-03   9.73596E-01   8.79078E-03 
    1.31728E-02   2.24434E-06   2.50000E-01   1.28939E-01   5.38577E-01 
    8.05418E-02   1.94259E-03   0.00000E+00   1.56350E-02   7.24132E-03 
    8.64846E-01   5.60036E-02   5.62712E-02   2.29729E-06   6.38440E-01 
    1.48128E-01   2.13432E-01
   9.03000E+02   1.41890E-04   4.04044E-03   9.72978E-01   8.88167E-03 
    1.39559E-02   2.23686E-06   2.50000E-01   1.28478E-01   5.33341E-01 
    8.61076E-02   2.07327E-03   0.00000E+00   1.46769E-02   6.77967E-03 
    8.51447E-01   6.20439E-02   6.50504E-02   2.38990E-06   6.80898E-01 
    1.51681E-01   1.67422E-01
   8.93000E+02   1.22212E-04   3.82245E-03   9.72510E-01   8.88669E-03 
    1.46567E-02   2.23488E-06   2.50000E-01   1.28388E-01   5.28134E-01 
    9.12866E-02   2.19161E-03   0.00000E+00   1.37135E-02   6.34169E-03 
    8.36668E-01   6.84601E-02   7.48143E-02   2.48457E-06   7.13168E-01 
    1.54276E-01   1.32556E-01
   8.83000E+02   1.05061E-04   3.61557E-03   9.72192E-01   8.81453E-03 
    1.52708E-02   2.23655E-06   2.50000E-01   1.28562E-01   5.23054E-01 
    9.60873E-02   2.29708E-03   0.00000E+00   1.27508E-02   5.91986E-03 
    8.20324E-01   7.53291E-02   8.56734E-02   2.57562E-06   7.37812E-01 
    1.56179E-01   1.06009E-01
   8.73000E+02   9.01666E-05   3.41685E-03   9.72021E-01   8.67416E-03 
    1.57954E-02   2.24062E-06   2.50000E-01   1.28926E-01   5.18164E-01 
    1.00520E-01   2.38932E-03   0.00000E+00   1.17940E-02   5.50976E-03 
    8.02236E-01   8.27243E-02   9.77332E-02   2.65634E-06   7.56686E-01 
    1.57578E-01   8.57355E-02
   8.63000E+02   7.72670E-05   3.22450E-03   9.71992E-01   8.47457E-03 
    1.62295E-02   2.24628E-06   2.50000E-01   1.29427E-01   5.13507E-01 
    1.04598E-01   2.46812E-03   0.00000E+00   1.08491E-02   5.10939E-03 
    7.82278E-01   9.06970E-02   1.11064E-01   2.71885E-06   7.71151E-01 
    1.58609E-01   7.02391E-02
   8.53000E+02   6.61196E-05   3.03748E-03   9.72096E-01   8.22476E-03 
    1.65738E-02   2.25294E-06   2.50000E-01   1.30026E-01   5.09107E-01 
    1.08334E-01   2.53353E-03   0.00000E+00   9.92493E-03   4.71889E-03 
    7.60448E-01   9.92473E-02   1.25658E-01   2.75464E-06   7.82219E-01 
    1.59370E-01   5.84105E-02
   8.43000E+02   5.65031E-05   2.85530E-03   9.72321E-01   7.93350E-03 
    1.68319E-02   2.26013E-06   2.50000E-01   1.30692E-01   5.04977E-01 
    1.11745E-01   2.58595E-03   0.00000E+00   9.03500E-03   4.34085E-03 
    7.36984E-01   1.08284E-01   1.41354E-01   2.75644E-06   7.90645E-01 
    1.59931E-01   4.94238E-02
   8.33000E+02   4.82183E-05   2.67783E-03   9.72653E-01   7.60964E-03 
    1.70094E-02   2.26743E-06   2.50000E-01   1.31404E-01   5.01117E-01 
    1.14852E-01   2.62611E-03   0.00000E+00   8.19475E-03   3.97904E-03 
    7.12377E-01   1.17611E-01   1.57835E-01   2.72082E-06   7.97016E-01 
    1.60345E-01   4.26395E-02
   8.23000E+02   4.10880E-05   2.50515E-03   9.73075E-01   7.26159E-03 
    1.71144E-02   2.27447E-06   2.50000E-01   1.32142E-01   4.97520E-01 
    1.17682E-01   2.65511E-03   0.00000E+00   7.41953E-03   3.63781E-03 
    6.87336E-01   1.26956E-01   1.74648E-01   2.65027E-06   8.01794E-01 
    1.60650E-01   3.75561E-02
   8.13000E+02   3.49567E-05   2.33752E-03   9.73572E-01   6.89719E-03 
    1.71560E-02   2.28097E-06   2.50000E-01   1.32893E-01   4.94171E-01 
    1.20262E-01   2.67423E-03   0.00000E+00   6.71965E-03   3.32050E-03 
    6.62596E-01   1.36036E-01   1.91325E-01   2.55267E-06   8.05355E-01 
    1.60876E-01   3.37697E-02
   8.03000E+02   2.96887E-05   2.17523E-03   9.74126E-01   6.52332E-03 
    1.71437E-02   2.28677E-06   2.50000E-01   1.33643E-01   4.91051E-01 
    1.22622E-01   2.68483E-03   0.00000E+00   6.09802E-03   3.02855E-03 
    6.38737E-01   1.44636E-01   2.07498E-01   2.43832E-06   8.07998E-01 
    1.61045E-01   3.09566E-02
   7.93000E+02   2.51665E-05   2.01860E-03   9.74722E-01   6.14572E-03 
    1.70861E-02   2.29186E-06   2.50000E-01   1.34384E-01   4.88142E-01 
    1.24786E-01   2.68816E-03   0.00000E+00   5.55108E-03   2.76157E-03 
    6.16100E-01   1.52636E-01   2.22950E-01   2.31678E-06   8.09961E-01 
    1.61173E-01   2.88654E-02
   7.83000E+02   2.12889E-05   1.86793E-03   9.75349E-01   5.76906E-03 
    1.69908E-02   2.29628E-06   2.50000E-01   1.35109E-01   4.85429E-01 
    1.26777E-01   2.68531E-03   0.00000E+00   5.07149E-03   2.51800E-03 
    5.94818E-01   1.59995E-01   2.37596E-01   2.19520E-06   8.11420E-01 
    1.61273E-01   2.73074E-02
   7.73000E+02   1.79683E-05   1.72350E-03   9.75995E-01   5.39698E-03 
    1.68640E-02   2.30012E-06   2.50000E-01   1.35812E-01   4.82898E-01 
    1.28613E-01   2.67719E-03   0.00000E+00   4.65062E-03   2.29578E-03 
    5.74886E-01   1.66725E-01   2.51440E-01   2.07817E-06   8.12504E-01 
    1.61351E-01   2.61447E-02
   7.63000E+02   1.51289E-05   1.58549E-03   9.76654E-01   5.03233E-03 
    1.67109E-02   2.30348E-06   2.50000E-01   1.36490E-01   4.80538E-01 
    1.30307E-01   2.66453E-03   0.00000E+00   4.28007E-03   2.09277E-03 
    5.56229E-01   1.72867E-01   2.64529E-01   1.96828E-06   8.13308E-01 
    1.61414E-01   2.52778E-02
   7.53000E+02   1.27050E-05   1.45410E-03   9.77318E-01   4.67731E-03 
    1.65353E-02   2.30643E-06   2.50000E-01   1.37140E-01   4.78342E-01 
    1.31870E-01   2.64789E-03   0.00000E+00   3.95232E-03   1.90699E-03 
    5.38737E-01   1.78470E-01   2.76932E-01   1.86677E-06   8.13900E-01 
    1.61465E-01   2.46352E-02
   7.43000E+02   1.06400E-05   1.32942E-03   9.77983E-01   4.33364E-03 
    1.63406E-02   2.30905E-06   2.50000E-01   1.37760E-01   4.76303E-01 
    1.33310E-01   2.62773E-03   0.00000E+00   3.66101E-03   1.73670E-03 
    5.22300E-01   1.83585E-01   2.88716E-01   1.77397E-06   8.14327E-01 
    1.61507E-01   2.41653E-02
   7.33000E+02   8.88418E-06   1.21154E-03   9.78645E-01   4.00262E-03 
    1.61292E-02   2.31139E-06   2.50000E-01   1.38349E-01   4.74414E-01 
    1.34633E-01   2.60437E-03   0.00000E+00   3.40076E-03   1.58038E-03 
    5.06807E-01   1.88260E-01   2.99951E-01   1.68981E-06   8.14627E-01 
    1.61543E-01   2.38302E-02
   7.23000E+02   7.39472E-06   1.10048E-03   9.79301E-01   3.68524E-03 
    1.59032E-02   2.31350E-06   2.50000E-01   1.38905E-01   4.72673E-01 
    1.35844E-01   2.57807E-03   0.00000E+00   3.16712E-03   1.43673E-03 
    4.92160E-01   1.92538E-01   3.10696E-01   1.61392E-06   8.14825E-01 
    1.61573E-01   2.36020E-02
   7.13000E+02   6.13430E-06   9.96210E-04   9.79949E-01   3.38224E-03 
    1.56640E-02   2.31541E-06   2.50000E-01   1.39428E-01   4.71075E-01 
    1.36948E-01   2.54903E-03   0.00000E+00   2.95639E-03   1.30463E-03 
    4.78273E-01   1.96459E-01   3.21005E-01   1.54581E-06   8.14942E-01 
    1.61599E-01   2.34598E-02
   7.03000E+02   5.07051E-06   8.98683E-04   9.80587E-01   3.09416E-03 
    1.54130E-02   2.31716E-06   2.50000E-01   1.39919E-01   4.69616E-01 
    1.37948E-01   2.51737E-03   0.00000E+00   2.76551E-03   1.18311E-03 
    4.65070E-01   2.00057E-01   3.30923E-01   1.48496E-06   8.14991E-01 
    1.61621E-01   2.33879E-02
   6.93000E+02   4.17522E-06   8.07797E-04   9.81213E-01   2.82132E-03 
    1.51510E-02   2.31875E-06   2.50000E-01   1.40376E-01   4.68294E-01 
    1.38846E-01   2.48320E-03   0.00000E+00   2.59189E-03   1.07133E-03 
    4.52484E-01   2.03362E-01   3.40490E-01   1.43084E-06   8.14986E-01 
    1.61640E-01   2.33742E-02
   6.83000E+02   3.42404E-06   7.23421E-04   9.81828E-01   2.56393E-03 
    1.48787E-02   2.32021E-06   2.50000E-01   1.40802E-01   4.67106E-01 
    1.39646E-01   2.44657E-03   0.00000E+00   2.43340E-03   9.68536E-04 
    4.40457E-01   2.06400E-01   3.49740E-01   1.38296E-06   8.14934E-01 
    1.61657E-01   2.34095E-02
   6.73000E+02   2.79585E-06   6.45392E-04   9.82431E-01   2.32203E-03 
    1.45967E-02   2.32156E-06   2.50000E-01   1.41196E-01   4.66048E-01 
    1.40349E-01   2.40751E-03   0.00000E+00   2.28819E-03   8.74061E-04 
    4.28939E-01   2.09196E-01   3.58701E-01   1.34085E-06   8.14842E-01 
    1.61672E-01   2.34866E-02
