
 Phase Region for:
     FCC_A1#1                      
 col-1=T, col-2=X(FCC_A1#1,C), col-3=X(FCC_A1#1,CR), col-4=X(FCC_A1#1,FE),
   col-5=X(FCC_A1#1,MN), col-6=X(FCC_A1#1,NI), col-7=X(FCC_A1#1,SI),
   col-8=NP(FCC_A1#1),
   1.17300E+03   4.01957E-02   1.28968E-02   8.91862E-01   2.92931E-02 
    1.14259E-02   1.43262E-02   1.00000E+00
   1.18300E+03   4.01957E-02   1.28968E-02   8.91862E-01   2.92931E-02 
    1.14259E-02   1.43262E-02   1.00000E+00
   1.19300E+03   4.01957E-02   1.28968E-02   8.91862E-01   2.92931E-02 
    1.14259E-02   1.43262E-02   1.00000E+00
   1.20300E+03   4.01957E-02   1.28968E-02   8.91862E-01   2.92931E-02 
    1.14259E-02   1.43262E-02   1.00000E+00
   1.21300E+03   4.01957E-02   1.28968E-02   8.91862E-01   2.92931E-02 
    1.14259E-02   1.43262E-02   1.00000E+00
   1.22300E+03   4.01957E-02   1.28968E-02   8.91862E-01   2.92931E-02 
    1.14259E-02   1.43262E-02   1.00000E+00
   1.23300E+03   4.01957E-02   1.28968E-02   8.91862E-01   2.92931E-02 
    1.14259E-02   1.43262E-02   1.00000E+00
   1.24300E+03   4.01957E-02   1.28968E-02   8.91862E-01   2.92931E-02 
    1.14259E-02   1.43262E-02   1.00000E+00
   1.25300E+03   4.01957E-02   1.28968E-02   8.91862E-01   2.92931E-02 
    1.14259E-02   1.43262E-02   1.00000E+00
   1.26300E+03   4.01957E-02   1.28968E-02   8.91862E-01   2.92931E-02 
    1.14259E-02   1.43262E-02   1.00000E+00
   1.27300E+03   4.01957E-02   1.28968E-02   8.91862E-01   2.92931E-02 
    1.14259E-02   1.43262E-02   1.00000E+00
   1.28300E+03   4.01957E-02   1.28968E-02   8.91862E-01   2.92931E-02 
    1.14259E-02   1.43262E-02   1.00000E+00
   1.29300E+03   4.01957E-02   1.28968E-02   8.91862E-01   2.92931E-02 
    1.14259E-02   1.43262E-02   1.00000E+00
   1.30300E+03   4.01957E-02   1.28968E-02   8.91862E-01   2.92931E-02 
    1.14259E-02   1.43262E-02   1.00000E+00
   1.31300E+03   4.01957E-02   1.28968E-02   8.91862E-01   2.92931E-02 
    1.14259E-02   1.43262E-02   1.00000E+00
   1.32300E+03   4.01957E-02   1.28968E-02   8.91862E-01   2.92931E-02 
    1.14259E-02   1.43262E-02   1.00000E+00
   1.33300E+03   4.01957E-02   1.28968E-02   8.91862E-01   2.92931E-02 
    1.14259E-02   1.43262E-02   1.00000E+00
   1.34300E+03   4.01957E-02   1.28968E-02   8.91862E-01   2.92931E-02 
    1.14259E-02   1.43262E-02   1.00000E+00
   1.35300E+03   4.01957E-02   1.28968E-02   8.91862E-01   2.92931E-02 
    1.14259E-02   1.43262E-02   1.00000E+00
   1.36300E+03   4.01957E-02   1.28968E-02   8.91862E-01   2.92931E-02 
    1.14259E-02   1.43262E-02   1.00000E+00
   1.37300E+03   4.01957E-02   1.28968E-02   8.91862E-01   2.92931E-02 
    1.14259E-02   1.43262E-02   1.00000E+00
   1.38300E+03   4.01957E-02   1.28968E-02   8.91862E-01   2.92931E-02 
    1.14259E-02   1.43262E-02   1.00000E+00
   1.39300E+03   4.01957E-02   1.28968E-02   8.91862E-01   2.92931E-02 
    1.14259E-02   1.43262E-02   1.00000E+00
   1.40300E+03   4.01957E-02   1.28968E-02   8.91862E-01   2.92931E-02 
    1.14259E-02   1.43262E-02   1.00000E+00
   1.41300E+03   4.01957E-02   1.28968E-02   8.91862E-01   2.92931E-02 
    1.14259E-02   1.43262E-02   1.00000E+00
   1.42300E+03   4.01957E-02   1.28968E-02   8.91862E-01   2.92931E-02 
    1.14259E-02   1.43262E-02   1.00000E+00
   1.43300E+03   4.01957E-02   1.28968E-02   8.91862E-01   2.92931E-02 
    1.14259E-02   1.43262E-02   1.00000E+00
   1.44300E+03   4.01957E-02   1.28968E-02   8.91862E-01   2.92931E-02 
    1.14259E-02   1.43262E-02   1.00000E+00
   1.45300E+03   4.01957E-02   1.28968E-02   8.91862E-01   2.92931E-02 
    1.14259E-02   1.43262E-02   1.00000E+00
   1.46300E+03   4.01957E-02   1.28968E-02   8.91862E-01   2.92931E-02 
    1.14259E-02   1.43262E-02   1.00000E+00
   1.47300E+03   4.01957E-02   1.28968E-02   8.91862E-01   2.92931E-02 
    1.14259E-02   1.43262E-02   1.00000E+00

 Phase Region for:
     FCC_A1#1                      
 col-1=T, col-2=X(FCC_A1#1,C), col-3=X(FCC_A1#1,CR), col-4=X(FCC_A1#1,FE),
   col-5=X(FCC_A1#1,MN), col-6=X(FCC_A1#1,NI), col-7=X(FCC_A1#1,SI),
   col-8=NP(FCC_A1#1),
   1.17300E+03   4.01957E-02   1.28968E-02   8.91862E-01   2.92931E-02 
    1.14259E-02   1.43262E-02   1.00000E+00
   1.16300E+03   4.01957E-02   1.28968E-02   8.91862E-01   2.92931E-02 
    1.14259E-02   1.43262E-02   1.00000E+00
   1.15300E+03   4.01957E-02   1.28968E-02   8.91862E-01   2.92931E-02 
    1.14259E-02   1.43262E-02   1.00000E+00
   1.14300E+03   4.01957E-02   1.28968E-02   8.91862E-01   2.92931E-02 
    1.14259E-02   1.43262E-02   1.00000E+00
   1.13773E+03   4.01957E-02   1.28968E-02   8.91862E-01   2.92931E-02 
    1.14259E-02   1.43262E-02   1.00000E+00

 Phase Region for:
     CEMENTITE                     
     FCC_A1#1                      
 col-1=T, col-2=X(CEMENTITE,C), col-3=X(CEMENTITE,CR), col-4=X(CEMENTITE,FE),
   col-5=X(CEMENTITE,MN), col-6=X(CEMENTITE,NI), col-7=X(CEMENTITE,SI),
   col-8=X(FCC_A1#1,C), col-9=X(FCC_A1#1,CR), col-10=X(FCC_A1#1,FE),
   col-11=X(FCC_A1#1,MN), col-12=X(FCC_A1#1,NI), col-13=X(FCC_A1#1,SI),
   col-14=NP(CEMENTITE), col-15=NP(FCC_A1#1),
   1.13773E+03   2.50000E-01   8.13023E-02   6.26714E-01   4.08476E-02 
    1.13563E-03   0.00000E+00   4.01957E-02   1.28968E-02   8.91862E-01 
    2.92931E-02   1.14259E-02   1.43262E-02   5.82982E-08   1.00000E+00
   1.13300E+03   2.50000E-01   8.13814E-02   6.26506E-01   4.09884E-02 
    1.12377E-03   0.00000E+00   3.96192E-02   1.27086E-02   8.92591E-01 
    2.92610E-02   1.14542E-02   1.43656E-02   2.74034E-03   9.97260E-01
   1.12300E+03   2.50000E-01   8.15413E-02   6.26067E-01   4.12929E-02 
    1.09884E-03   0.00000E+00   3.84134E-02   1.23137E-02   8.94120E-01 
    2.91911E-02   1.15136E-02   1.44479E-02   8.42386E-03   9.91576E-01
   1.11300E+03   2.50000E-01   8.16912E-02   6.25628E-01   4.16067E-02 
    1.07411E-03   0.00000E+00   3.72253E-02   1.19228E-02   8.95632E-01 
    2.91188E-02   1.15724E-02   1.45291E-02   1.39605E-02   9.86039E-01
   1.10300E+03   2.50000E-01   8.18308E-02   6.25189E-01   4.19302E-02 
    1.04960E-03   0.00000E+00   3.60551E-02   1.15364E-02   8.97125E-01 
    2.90437E-02   1.16306E-02   1.46090E-02   1.93539E-02   9.80646E-01
   1.09300E+03   2.50000E-01   8.19600E-02   6.24752E-01   4.22631E-02 
    1.02531E-03   0.00000E+00   3.49028E-02   1.11545E-02   8.98601E-01 
    2.89659E-02   1.16882E-02   1.46876E-02   2.46070E-02   9.75393E-01
   1.08300E+03   2.50000E-01   8.20785E-02   6.24314E-01   4.26065E-02 
    1.00122E-03   0.00000E+00   3.37685E-02   1.07775E-02   9.00058E-01 
    2.88852E-02   1.17452E-02   1.47651E-02   2.97239E-02   9.70276E-01
   1.07300E+03   2.50000E-01   8.21864E-02   6.23876E-01   4.29603E-02 
    9.77353E-04   0.00000E+00   3.26522E-02   1.04055E-02   9.01498E-01 
    2.88017E-02   1.18015E-02   1.48413E-02   3.47073E-02   9.65293E-01
   1.06300E+03   2.50000E-01   8.22834E-02   6.23438E-01   4.33246E-02 
    9.53707E-04   0.00000E+00   3.15539E-02   1.00388E-02   9.02919E-01 
    2.87151E-02   1.18572E-02   1.49163E-02   3.95604E-02   9.60440E-01
   1.05300E+03   2.50000E-01   8.23695E-02   6.23000E-01   4.36998E-02 
    9.30284E-04   0.00000E+00   3.04738E-02   9.67760E-03   9.04321E-01 
    2.86255E-02   1.19122E-02   1.49901E-02   4.42859E-02   9.55714E-01
   1.04300E+03   2.50000E-01   8.24447E-02   6.22562E-01   4.40861E-02 
    9.07087E-04   0.00000E+00   2.94119E-02   9.32211E-03   9.05704E-01 
    2.85327E-02   1.19665E-02   1.50626E-02   4.88867E-02   9.51113E-01
   1.03300E+03   2.50000E-01   8.25090E-02   6.22123E-01   4.44838E-02 
    8.84119E-04   0.00000E+00   2.83683E-02   8.97253E-03   9.07068E-01 
    2.84367E-02   1.20201E-02   1.51338E-02   5.33654E-02   9.46635E-01
   1.02300E+03   2.50000E-01   8.25624E-02   6.21683E-01   4.48931E-02 
    8.61381E-04   0.00000E+00   2.73430E-02   8.62905E-03   9.08414E-01 
    2.83374E-02   1.20730E-02   1.52039E-02   5.77246E-02   9.42275E-01
   1.01300E+03   2.50000E-01   8.26050E-02   6.21242E-01   4.53144E-02 
    8.38876E-04   0.00000E+00   2.63360E-02   8.29188E-03   9.09740E-01 
    2.82347E-02   1.21252E-02   1.52726E-02   6.19669E-02   9.38033E-01
   1.00300E+03   2.50000E-01   8.26368E-02   6.20799E-01   4.57480E-02 
    8.16607E-04   0.00000E+00   2.53475E-02   7.96119E-03   9.11046E-01 
    2.81285E-02   1.21767E-02   1.53401E-02   6.60944E-02   9.33906E-01
   9.93000E+02   2.50000E-01   8.26581E-02   6.20353E-01   4.61942E-02 
    7.94575E-04   0.00000E+00   2.43774E-02   7.63714E-03   9.12333E-01 
    2.80188E-02   1.22274E-02   1.54064E-02   7.01096E-02   9.29890E-01
   9.83000E+02   2.50000E-01   8.26689E-02   6.19905E-01   4.66533E-02 
    7.72784E-04   0.00000E+00   2.34260E-02   7.31991E-03   9.13600E-01 
    2.79055E-02   1.22774E-02   1.54713E-02   7.40145E-02   9.25986E-01
   9.80338E+02   2.50000E-01   8.26700E-02   6.19785E-01   4.67777E-02 
    7.67024E-04   0.00000E+00   2.31759E-02   7.23665E-03   9.13934E-01 
    2.78747E-02   1.22905E-02   1.54884E-02   7.50355E-02   9.24964E-01

 Phase Region for:
     BCC_A2                        
     CEMENTITE                     
     FCC_A1#1                      
 col-1=T, col-2=X(BCC_A2,C), col-3=X(BCC_A2,CR), col-4=X(BCC_A2,FE),
   col-5=X(BCC_A2,MN), col-6=X(BCC_A2,NI), col-7=X(BCC_A2,SI),
   col-8=X(CEMENTITE,C), col-9=X(CEMENTITE,CR), col-10=X(CEMENTITE,FE),
   col-11=X(CEMENTITE,MN), col-12=X(CEMENTITE,NI), col-13=X(CEMENTITE,SI),
   col-14=X(FCC_A1#1,C), col-15=X(FCC_A1#1,CR), col-16=X(FCC_A1#1,FE),
   col-17=X(FCC_A1#1,MN), col-18=X(FCC_A1#1,NI), col-19=X(FCC_A1#1,SI),
   col-20=NP(BCC_A2), col-21=NP(CEMENTITE), col-22=NP(FCC_A1#1),
   9.80338E+02   4.40129E-04   4.17858E-03   9.62652E-01   7.96939E-03 
    4.74504E-03   2.00146E-02   2.50000E-01   8.26699E-02   6.19785E-01 
    4.67778E-02   7.67026E-04   0.00000E+00   2.31759E-02   7.23664E-03 
    9.13934E-01   2.78747E-02   1.22906E-02   1.54884E-02   2.88766E-06 
    7.50358E-02   9.24961E-01
   9.73000E+02   4.04076E-04   3.79932E-03   9.62785E-01   8.63735E-03 
    5.32158E-03   1.90531E-02   2.50000E-01   7.79938E-02   6.17785E-01 
    5.33459E-02   8.75711E-04   0.00000E+00   2.26818E-02   6.59993E-03 
    9.09712E-01   3.15590E-02   1.44589E-02   1.49884E-02   1.89763E-01 
    9.56433E-02   7.14593E-01
   9.63000E+02   3.55572E-04   3.42916E-03   9.62338E-01   9.50817E-03 
    6.16450E-03   1.82041E-02   2.50000E-01   7.37419E-02   6.12807E-01 
    6.24188E-02   1.03202E-03   0.00000E+00   2.18182E-02   5.95226E-03 
    9.02771E-01   3.68369E-02   1.79366E-02   1.46852E-02   3.85361E-01 
    1.16786E-01   4.97853E-01
   9.53000E+02   3.10062E-04   3.16499E-03   9.61498E-01   1.02768E-02 
    7.04804E-03   1.77021E-02   2.50000E-01   7.11500E-02   6.06339E-01 
    7.13167E-02   1.19403E-03   0.00000E+00   2.08195E-02   5.46669E-03 
    8.94783E-01   4.22511E-02   2.20263E-02   1.46531E-02   5.24812E-01 
    1.31511E-01   3.43677E-01
   9.43000E+02   2.68765E-04   2.96328E-03   9.60496E-01   1.09095E-02 
    7.95167E-03   1.74105E-02   2.50000E-01   6.96179E-02   5.99192E-01 
    7.98309E-02   1.35903E-03   0.00000E+00   1.97491E-02   5.07765E-03 
    8.85947E-01   4.77020E-02   2.67546E-02   1.47697E-02   6.23991E-01 
    1.41594E-01   2.34414E-01
   9.33000E+02   2.32035E-04   2.79874E-03   9.59472E-01   1.13935E-02 
    8.85942E-03   1.72448E-02   2.50000E-01   6.87694E-02   5.91853E-01 
    8.78530E-02   1.52498E-03   0.00000E+00   1.86462E-02   4.74618E-03 
    8.76338E-01   5.31506E-02   3.21613E-02   1.49576E-02   6.94700E-01 
    1.48439E-01   1.56861E-01
   9.23000E+02   1.99765E-04   2.65666E-03   9.58504E-01   1.17289E-02 
    9.75736E-03   1.71536E-02   2.50000E-01   6.83715E-02   5.84603E-01 
    9.53354E-02   1.69009E-03   0.00000E+00   1.75348E-02   4.44936E-03 
    8.65954E-01   5.85983E-02   3.82956E-02   1.51678E-02   7.45217E-01 
    1.53052E-01   1.01731E-01
   9.13000E+02   1.71633E-04   2.52833E-03   9.57638E-01   1.19236E-02 
    1.06324E-02   1.71058E-02   2.50000E-01   6.82766E-02   5.77603E-01 
    1.02267E-01   1.85254E-03   0.00000E+00   1.64297E-02   4.17364E-03 
    8.54741E-01   6.40737E-02   4.52139E-02   1.53678E-02   7.81282E-01 
    1.56134E-01   6.25845E-02
   9.03000E+02   1.47229E-04   2.40855E-03   9.56900E-01   1.19897E-02 
    1.14723E-02   1.70820E-02   2.50000E-01   6.83893E-02   5.70940E-01 
    1.08660E-01   2.01046E-03   0.00000E+00   1.53400E-02   3.91105E-03 
    8.42610E-01   6.96241E-02   5.29795E-02   1.55359E-02   8.06899E-01 
    1.58164E-01   3.49365E-02
   8.93000E+02   1.26131E-04   2.29416E-03   9.56302E-01   1.19414E-02 
    1.22652E-02   1.70707E-02   2.50000E-01   6.86455E-02   5.64655E-01 
    1.14538E-01   2.16199E-03   0.00000E+00   1.42717E-02   3.65700E-03 
    8.29441E-01   7.53106E-02   6.16633E-02   1.56560E-02   8.24900E-01 
    1.59475E-01   1.56247E-02
   8.83000E+02   1.07933E-04   2.18330E-03   9.55849E-01   1.17936E-02 
    1.30009E-02   1.70649E-02   2.50000E-01   6.90013E-02   5.58764E-01 
    1.19930E-01   2.30531E-03   0.00000E+00   1.32289E-02   3.40904E-03 
    8.15099E-01   8.12037E-02   7.13434E-02   1.57161E-02   8.37316E-01 
    1.60295E-01   2.38918E-03
   8.80677E+02   1.04080E-04   2.15792E-03   9.55765E-01   1.17466E-02 
    1.31626E-02   1.70638E-02   2.50000E-01   6.90948E-02   5.57452E-01 
    1.21116E-01   2.33724E-03   0.00000E+00   1.29907E-02   3.35218E-03 
    8.11583E-01   8.26102E-02   7.37433E-02   1.57203E-02   8.39567E-01 
    1.60433E-01   0.00000E+00

 Phase Region for:
     BCC_A2                        
     CEMENTITE                     
 col-1=T, col-2=X(BCC_A2,C), col-3=X(BCC_A2,CR), col-4=X(BCC_A2,FE),
   col-5=X(BCC_A2,MN), col-6=X(BCC_A2,NI), col-7=X(BCC_A2,SI),
   col-8=X(CEMENTITE,C), col-9=X(CEMENTITE,CR), col-10=X(CEMENTITE,FE),
   col-11=X(CEMENTITE,MN), col-12=X(CEMENTITE,NI), col-13=X(CEMENTITE,SI),
   col-14=NP(BCC_A2), col-15=NP(CEMENTITE),
   8.80677E+02   1.04080E-04   2.15792E-03   9.55765E-01   1.17466E-02 
    1.31626E-02   1.70638E-02   2.50000E-01   6.90948E-02   5.57452E-01 
    1.21116E-01   2.33724E-03   0.00000E+00   8.39567E-01   1.60433E-01  NONE
   8.73000E+02   9.29396E-05   2.06983E-03   9.56279E-01   1.13330E-02 
    1.31610E-02   1.70646E-02   2.50000E-01   6.95400E-02   5.54858E-01 
    1.23254E-01   2.34821E-03   0.00000E+00   8.39529E-01   1.60471E-01  NONE
   8.63000E+02   8.00425E-05   1.95724E-03   9.56936E-01   1.08026E-02 
    1.31588E-02   1.70655E-02   2.50000E-01   7.01106E-02   5.51529E-01 
    1.25998E-01   2.36238E-03   0.00000E+00   8.39486E-01   1.60514E-01  NONE
   8.53000E+02   6.87798E-05   1.84721E-03   9.57579E-01   1.02818E-02 
    1.31566E-02   1.70662E-02   2.50000E-01   7.06699E-02   5.48260E-01 
    1.28694E-01   2.37647E-03   0.00000E+00   8.39448E-01   1.60552E-01  NONE
   8.43000E+02   5.89640E-05   1.73987E-03   9.58209E-01   9.77106E-03 
    1.31544E-02   1.70669E-02   2.50000E-01   7.12168E-02   5.45053E-01 
    1.31339E-01   2.39051E-03   0.00000E+00   8.39415E-01   1.60585E-01  NONE
   8.33000E+02   5.04268E-05   1.63536E-03   9.58824E-01   9.27057E-03 
    1.31521E-02   1.70675E-02   2.50000E-01   7.17506E-02   5.41912E-01 
    1.33933E-01   2.40451E-03   0.00000E+00   8.39386E-01   1.60614E-01  NONE
   8.23000E+02   4.30176E-05   1.53380E-03   9.59425E-01   8.78075E-03 
    1.31497E-02   1.70680E-02   2.50000E-01   7.22704E-02   5.38838E-01 
    1.36473E-01   2.41851E-03   0.00000E+00   8.39361E-01   1.60639E-01  NONE
   8.13000E+02   3.66017E-05   1.43533E-03   9.60010E-01   8.30202E-03 
    1.31473E-02   1.70684E-02   2.50000E-01   7.27754E-02   5.35835E-01 
    1.38957E-01   2.43252E-03   0.00000E+00   8.39340E-01   1.60660E-01  NONE
   8.03000E+02   3.10587E-05   1.34004E-03   9.60580E-01   7.83479E-03 
    1.31448E-02   1.70688E-02   2.50000E-01   7.32648E-02   5.32906E-01 
    1.41383E-01   2.44655E-03   0.00000E+00   8.39321E-01   1.60679E-01  NONE
   7.93000E+02   2.62813E-05   1.24807E-03   9.61135E-01   7.37950E-03 
    1.31424E-02   1.70691E-02   2.50000E-01   7.37380E-02   5.30054E-01 
    1.43747E-01   2.46061E-03   0.00000E+00   8.39305E-01   1.60695E-01  NONE
   7.83000E+02   2.21741E-05   1.15951E-03   9.61672E-01   6.93661E-03 
    1.31398E-02   1.70694E-02   2.50000E-01   7.41943E-02   5.27282E-01 
    1.46049E-01   2.47470E-03   0.00000E+00   8.39291E-01   1.60709E-01  NONE
   7.73000E+02   1.86521E-05   1.07445E-03   9.62193E-01   6.50656E-03 
    1.31373E-02   1.70697E-02   2.50000E-01   7.46331E-02   5.24594E-01 
    1.48284E-01   2.48882E-03   0.00000E+00   8.39280E-01   1.60720E-01  NONE
   7.63000E+02   1.56399E-05   9.92964E-04   9.62697E-01   6.08979E-03 
    1.31347E-02   1.70699E-02   2.50000E-01   7.50540E-02   5.21992E-01 
    1.50451E-01   2.50297E-03   0.00000E+00   8.39270E-01   1.60730E-01  NONE
   7.53000E+02   1.30711E-05   9.15122E-04   9.63183E-01   5.68673E-03 
    1.31321E-02   1.70700E-02   2.50000E-01   7.54564E-02   5.19478E-01 
    1.52548E-01   2.51713E-03   0.00000E+00   8.39261E-01   1.60739E-01  NONE
   7.43000E+02   1.08866E-05   8.40972E-04   9.63651E-01   5.29778E-03 
    1.31295E-02   1.70702E-02   2.50000E-01   7.58402E-02   5.17056E-01 
    1.54572E-01   2.53130E-03   0.00000E+00   8.39254E-01   1.60746E-01  NONE
   7.33000E+02   9.03458E-06   7.70546E-04   9.64100E-01   4.92331E-03 
    1.31268E-02   1.70703E-02   2.50000E-01   7.62050E-02   5.14728E-01 
    1.56521E-01   2.54544E-03   0.00000E+00   8.39247E-01   1.60753E-01  NONE
   7.23000E+02   7.46935E-06   7.03862E-04   9.64530E-01   4.56366E-03 
    1.31242E-02   1.70704E-02   2.50000E-01   7.65506E-02   5.12496E-01 
    1.58394E-01   2.55954E-03   0.00000E+00   8.39242E-01   1.60758E-01  NONE
   7.13000E+02   6.15087E-06   6.40919E-04   9.64942E-01   4.21912E-03 
    1.31216E-02   1.70705E-02   2.50000E-01   7.68771E-02   5.10361E-01 
    1.60188E-01   2.57357E-03   0.00000E+00   8.39238E-01   1.60762E-01  NONE
   7.03000E+02   5.04406E-06   5.81702E-04   9.65334E-01   3.88992E-03 
    1.31190E-02   1.70706E-02   2.50000E-01   7.71845E-02   5.08325E-01 
    1.61903E-01   2.58750E-03   0.00000E+00   8.39234E-01   1.60766E-01  NONE
   6.93000E+02   4.11832E-06   5.26177E-04   9.65706E-01   3.57627E-03 
    1.31164E-02   1.70707E-02   2.50000E-01   7.74728E-02   5.06388E-01 
    1.63537E-01   2.60128E-03   0.00000E+00   8.39231E-01   1.60769E-01  NONE
   6.83000E+02   3.34697E-06   4.74294E-04   9.66060E-01   3.27827E-03 
    1.31138E-02   1.70707E-02   2.50000E-01   7.77424E-02   5.04552E-01 
    1.65090E-01   2.61489E-03   0.00000E+00   8.39228E-01   1.60772E-01  NONE
   6.73000E+02   2.70685E-06   4.25986E-04   9.66393E-01   2.99600E-03 
    1.31112E-02   1.70707E-02   2.50000E-01   7.79936E-02   5.02817E-01 
    1.66562E-01   2.62827E-03   0.00000E+00   8.39226E-01   1.60774E-01  NONE
