
 Phase Region for:
     CEMENTITE                     
     FCC_A1#1                      
 col-1=T, col-2=X(CEMENTITE,C), col-3=X(CEMENTITE,CR), col-4=X(CEMENTITE,FE),
   col-5=X(CEMENTITE,MN), col-6=X(CEMENTITE,NI), col-7=X(CEMENTITE,SI),
   col-8=X(FCC_A1#1,C), col-9=X(FCC_A1#1,CR), col-10=X(FCC_A1#1,FE),
   col-11=X(FCC_A1#1,MN), col-12=X(FCC_A1#1,NI), col-13=X(FCC_A1#1,SI),
   col-14=NP(CEMENTITE), col-15=NP(FCC_A1#1),
   1.17300E+03   2.50000E-01   1.87845E-01   5.29819E-01   3.14081E-02 
    9.28613E-04   0.00000E+00   3.30667E-02   3.35281E-02   8.63473E-01 
    2.89582E-02   1.16602E-02   2.93132E-02   3.12283E-02   9.68772E-01
   1.18300E+03   2.50000E-01   1.87075E-01   5.30759E-01   3.12149E-02 
    9.51417E-04   0.00000E+00   3.42541E-02   3.43932E-02   8.61622E-01 
    2.89768E-02   1.16009E-02   2.91528E-02   2.58967E-02   9.74103E-01
   1.19300E+03   2.50000E-01   1.86319E-01   5.31678E-01   3.10283E-02 
    9.74442E-04   0.00000E+00   3.54645E-02   3.52656E-02   8.59747E-01 
    2.89932E-02   1.15406E-02   2.89892E-02   2.04006E-02   9.79599E-01
   1.20300E+03   2.50000E-01   1.85578E-01   5.32576E-01   3.08481E-02 
    9.97682E-04   0.00000E+00   3.66980E-02   3.61452E-02   8.57847E-01 
    2.90076E-02   1.14795E-02   2.88225E-02   1.47358E-02   9.85264E-01
   1.21300E+03   2.50000E-01   1.84852E-01   5.33453E-01   3.06741E-02 
    1.02113E-03   0.00000E+00   3.79544E-02   3.70319E-02   8.55923E-01 
    2.90200E-02   1.14176E-02   2.86528E-02   8.89794E-03   9.91102E-01
   1.22300E+03   2.50000E-01   1.84142E-01   5.34307E-01   3.05062E-02 
    1.04479E-03   0.00000E+00   3.92337E-02   3.79257E-02   8.53975E-01 
    2.90305E-02   1.13548E-02   2.84799E-02   2.88234E-03   9.97118E-01
   1.22769E+03   2.50000E-01   1.83814E-01   5.34700E-01   3.04295E-02 
    1.05594E-03   0.00000E+00   3.98412E-02   3.83472E-02   8.53054E-01 
    2.90347E-02   1.13251E-02   2.83978E-02   0.00000E+00   1.00000E+00

 Phase Region for:
     FCC_A1#1                      
 col-1=T, col-2=X(FCC_A1#1,C), col-3=X(FCC_A1#1,CR), col-4=X(FCC_A1#1,FE),
   col-5=X(FCC_A1#1,MN), col-6=X(FCC_A1#1,NI), col-7=X(FCC_A1#1,SI),
   col-8=NP(FCC_A1#1),
   1.22769E+03   3.98412E-02   3.83472E-02   8.53054E-01   2.90347E-02 
    1.13251E-02   2.83978E-02   1.00000E+00
   1.23300E+03   3.98412E-02   3.83472E-02   8.53054E-01   2.90347E-02 
    1.13251E-02   2.83978E-02   1.00000E+00
   1.24300E+03   3.98412E-02   3.83472E-02   8.53054E-01   2.90347E-02 
    1.13251E-02   2.83978E-02   1.00000E+00
   1.25300E+03   3.98412E-02   3.83472E-02   8.53054E-01   2.90347E-02 
    1.13251E-02   2.83978E-02   1.00000E+00
   1.26300E+03   3.98412E-02   3.83472E-02   8.53054E-01   2.90347E-02 
    1.13251E-02   2.83978E-02   1.00000E+00
   1.27300E+03   3.98412E-02   3.83472E-02   8.53054E-01   2.90347E-02 
    1.13251E-02   2.83978E-02   1.00000E+00
   1.28300E+03   3.98412E-02   3.83472E-02   8.53054E-01   2.90347E-02 
    1.13251E-02   2.83978E-02   1.00000E+00
   1.29300E+03   3.98412E-02   3.83472E-02   8.53054E-01   2.90347E-02 
    1.13251E-02   2.83978E-02   1.00000E+00
   1.30300E+03   3.98412E-02   3.83472E-02   8.53054E-01   2.90347E-02 
    1.13251E-02   2.83978E-02   1.00000E+00
   1.31300E+03   3.98412E-02   3.83472E-02   8.53054E-01   2.90347E-02 
    1.13251E-02   2.83978E-02   1.00000E+00
   1.32300E+03   3.98412E-02   3.83472E-02   8.53054E-01   2.90347E-02 
    1.13251E-02   2.83978E-02   1.00000E+00
   1.33300E+03   3.98412E-02   3.83472E-02   8.53054E-01   2.90347E-02 
    1.13251E-02   2.83978E-02   1.00000E+00
   1.34300E+03   3.98412E-02   3.83472E-02   8.53054E-01   2.90347E-02 
    1.13251E-02   2.83978E-02   1.00000E+00
   1.35300E+03   3.98412E-02   3.83472E-02   8.53054E-01   2.90347E-02 
    1.13251E-02   2.83978E-02   1.00000E+00
   1.36300E+03   3.98412E-02   3.83472E-02   8.53054E-01   2.90347E-02 
    1.13251E-02   2.83978E-02   1.00000E+00
   1.37300E+03   3.98412E-02   3.83472E-02   8.53054E-01   2.90347E-02 
    1.13251E-02   2.83978E-02   1.00000E+00
   1.38300E+03   3.98412E-02   3.83472E-02   8.53054E-01   2.90347E-02 
    1.13251E-02   2.83978E-02   1.00000E+00
   1.39300E+03   3.98412E-02   3.83472E-02   8.53054E-01   2.90347E-02 
    1.13251E-02   2.83978E-02   1.00000E+00
   1.40300E+03   3.98412E-02   3.83472E-02   8.53054E-01   2.90347E-02 
    1.13251E-02   2.83978E-02   1.00000E+00
   1.41300E+03   3.98412E-02   3.83472E-02   8.53054E-01   2.90347E-02 
    1.13251E-02   2.83978E-02   1.00000E+00
   1.42300E+03   3.98412E-02   3.83472E-02   8.53054E-01   2.90347E-02 
    1.13251E-02   2.83978E-02   1.00000E+00
   1.43300E+03   3.98412E-02   3.83472E-02   8.53054E-01   2.90347E-02 
    1.13251E-02   2.83978E-02   1.00000E+00
   1.44300E+03   3.98412E-02   3.83472E-02   8.53054E-01   2.90347E-02 
    1.13251E-02   2.83978E-02   1.00000E+00
   1.45300E+03   3.98412E-02   3.83472E-02   8.53054E-01   2.90347E-02 
    1.13251E-02   2.83978E-02   1.00000E+00
   1.46300E+03   3.98412E-02   3.83472E-02   8.53054E-01   2.90347E-02 
    1.13251E-02   2.83978E-02   1.00000E+00
   1.47300E+03   3.98412E-02   3.83472E-02   8.53054E-01   2.90347E-02 
    1.13251E-02   2.83978E-02   1.00000E+00

 Phase Region for:
     CEMENTITE                     
     FCC_A1#1                      
 col-1=T, col-2=X(CEMENTITE,C), col-3=X(CEMENTITE,CR), col-4=X(CEMENTITE,FE),
   col-5=X(CEMENTITE,MN), col-6=X(CEMENTITE,NI), col-7=X(CEMENTITE,SI),
   col-8=X(FCC_A1#1,C), col-9=X(FCC_A1#1,CR), col-10=X(FCC_A1#1,FE),
   col-11=X(FCC_A1#1,MN), col-12=X(FCC_A1#1,NI), col-13=X(FCC_A1#1,SI),
   col-14=NP(CEMENTITE), col-15=NP(FCC_A1#1),
   1.17300E+03   2.50000E-01   1.87845E-01   5.29819E-01   3.14081E-02 
    9.28613E-04   0.00000E+00   3.30667E-02   3.35281E-02   8.63473E-01 
    2.89582E-02   1.16602E-02   2.93132E-02   3.12283E-02   9.68772E-01
   1.16300E+03   2.50000E-01   1.88628E-01   5.28858E-01   3.16081E-02 
    9.06034E-04   0.00000E+00   3.19026E-02   3.26704E-02   8.65300E-01 
    2.89375E-02   1.17186E-02   2.94705E-02   3.63995E-02   9.63600E-01
   1.15300E+03   2.50000E-01   1.89425E-01   5.27877E-01   3.18151E-02 
    8.83685E-04   0.00000E+00   3.07616E-02   3.18201E-02   8.67103E-01 
    2.89146E-02   1.17762E-02   2.96247E-02   4.14143E-02   9.58586E-01
   1.14300E+03   2.50000E-01   1.90234E-01   5.26876E-01   3.20292E-02 
    8.61571E-04   0.00000E+00   2.96439E-02   3.09774E-02   8.68881E-01 
    2.88894E-02   1.18328E-02   2.97757E-02   4.62763E-02   9.53724E-01
   1.13300E+03   2.50000E-01   1.91055E-01   5.25855E-01   3.22508E-02 
    8.39697E-04   0.00000E+00   2.85496E-02   3.01423E-02   8.70634E-01 
    2.88619E-02   1.18884E-02   2.99236E-02   5.09894E-02   9.49011E-01
   1.12300E+03   2.50000E-01   1.91888E-01   5.24814E-01   3.24801E-02 
    8.18066E-04   0.00000E+00   2.74786E-02   2.93152E-02   8.72363E-01 
    2.88320E-02   1.19431E-02   3.00683E-02   5.55569E-02   9.44443E-01
   1.11300E+03   2.50000E-01   1.92731E-01   5.23755E-01   3.27173E-02 
    7.96683E-04   0.00000E+00   2.64310E-02   2.84959E-02   8.74067E-01 
    2.87997E-02   1.19969E-02   3.02099E-02   5.99823E-02   9.40018E-01
   1.10300E+03   2.50000E-01   1.93586E-01   5.22676E-01   3.29627E-02 
    7.75552E-04   0.00000E+00   2.54068E-02   2.76849E-02   8.75745E-01 
    2.87649E-02   1.20496E-02   3.03483E-02   6.42689E-02   9.35731E-01
   1.09300E+03   2.50000E-01   1.94451E-01   5.21579E-01   3.32161E-02 
    7.54685E-04   0.00000E+00   2.44062E-02   2.68822E-02   8.77399E-01 
    2.87276E-02   1.21014E-02   3.04835E-02   6.84196E-02   9.31580E-01
   1.08300E+03   2.50000E-01   1.95325E-01   5.20462E-01   3.34787E-02 
    7.34070E-04   0.00000E+00   2.34288E-02   2.60880E-02   8.79028E-01 
    2.86877E-02   1.21522E-02   3.06155E-02   7.24381E-02   9.27562E-01
   1.07300E+03   2.50000E-01   1.96208E-01   5.19327E-01   3.37504E-02 
    7.13719E-04   0.00000E+00   2.24749E-02   2.53024E-02   8.80631E-01 
    2.86450E-02   1.22019E-02   3.07444E-02   7.63270E-02   9.23673E-01
   1.06300E+03   2.50000E-01   1.97101E-01   5.18174E-01   3.40314E-02 
    6.93635E-04   0.00000E+00   2.15443E-02   2.45258E-02   8.82209E-01 
    2.85997E-02   1.22507E-02   3.08702E-02   8.00893E-02   9.19911E-01
   1.05300E+03   2.50000E-01   1.98001E-01   5.17003E-01   3.43221E-02 
    6.73822E-04   0.00000E+00   2.06371E-02   2.37582E-02   8.83762E-01 
    2.85516E-02   1.22984E-02   3.09928E-02   8.37279E-02   9.16272E-01
   1.04300E+03   2.50000E-01   1.98909E-01   5.15814E-01   3.46229E-02 
    6.54283E-04   0.00000E+00   1.97532E-02   2.29999E-02   8.85289E-01 
    2.85006E-02   1.23450E-02   3.11122E-02   8.72454E-02   9.12755E-01
   1.03300E+03   2.50000E-01   1.99824E-01   5.14607E-01   3.49341E-02 
    6.35021E-04   0.00000E+00   1.88925E-02   2.22512E-02   8.86790E-01 
    2.84467E-02   1.23907E-02   3.12285E-02   9.06447E-02   9.09355E-01
   1.02300E+03   2.50000E-01   2.00745E-01   5.13383E-01   3.52562E-02 
    6.16039E-04   0.00000E+00   1.80550E-02   2.15121E-02   8.88266E-01 
    2.83898E-02   1.24352E-02   3.13417E-02   9.39283E-02   9.06072E-01
   1.01300E+03   2.50000E-01   2.01672E-01   5.12141E-01   3.55895E-02 
    5.97339E-04   0.00000E+00   1.72405E-02   2.07830E-02   8.89716E-01 
    2.83298E-02   1.24787E-02   3.14517E-02   9.70989E-02   9.02901E-01
   1.00300E+03   2.50000E-01   2.02605E-01   5.10882E-01   3.59345E-02 
    5.78926E-04   0.00000E+00   1.64490E-02   2.00641E-02   8.91140E-01 
    2.82667E-02   1.25212E-02   3.15587E-02   1.00159E-01   8.99841E-01
   1.00024E+03   2.50000E-01   2.02863E-01   5.10532E-01   3.60316E-02 
    5.73902E-04   0.00000E+00   1.62349E-02   1.98678E-02   8.91528E-01 
    2.82488E-02   1.25327E-02   3.15876E-02   1.00983E-01   8.99017E-01

 Phase Region for:
     BCC_A2                        
     CEMENTITE                     
     FCC_A1#1                      
 col-1=T, col-2=X(BCC_A2,C), col-3=X(BCC_A2,CR), col-4=X(BCC_A2,FE),
   col-5=X(BCC_A2,MN), col-6=X(BCC_A2,NI), col-7=X(BCC_A2,SI),
   col-8=X(CEMENTITE,C), col-9=X(CEMENTITE,CR), col-10=X(CEMENTITE,FE),
   col-11=X(CEMENTITE,MN), col-12=X(CEMENTITE,NI), col-13=X(CEMENTITE,SI),
   col-14=X(FCC_A1#1,C), col-15=X(FCC_A1#1,CR), col-16=X(FCC_A1#1,FE),
   col-17=X(FCC_A1#1,MN), col-18=X(FCC_A1#1,NI), col-19=X(FCC_A1#1,SI),
   col-20=NP(BCC_A2), col-21=NP(CEMENTITE), col-22=NP(FCC_A1#1),
   1.00024E+03   3.55977E-04   1.37605E-02   9.31912E-01   1.04095E-02 
    5.20637E-03   3.83558E-02   2.50000E-01   2.02863E-01   5.10532E-01 
    3.60317E-02   5.73903E-04   0.00000E+00   1.62349E-02   1.98678E-02 
    8.91528E-01   2.82488E-02   1.25327E-02   3.15876E-02   2.27485E-06 
    1.00983E-01   8.99014E-01
   9.93000E+02   3.27331E-04   1.30239E-02   9.32756E-01   1.09907E-02 
    5.64495E-03   3.72572E-02   2.50000E-01   1.99723E-01   5.09549E-01 
    4.01012E-02   6.27003E-04   0.00000E+00   1.58306E-02   1.88760E-02 
    8.89185E-01   3.10594E-02   1.41321E-02   3.09170E-02   1.51607E-01 
    1.12572E-01   7.35820E-01
   9.83000E+02   2.88925E-04   1.21577E-02   9.33426E-01   1.17350E-02 
    6.27898E-03   3.61129E-02   2.50000E-01   1.96588E-01   5.06640E-01 
    4.60671E-02   7.04680E-04   0.00000E+00   1.51720E-02   1.76804E-02 
    8.84878E-01   3.52440E-02   1.66748E-02   3.03506E-02   3.21881E-01 
    1.25453E-01   5.52666E-01
   9.73000E+02   2.52752E-04   1.14461E-02   9.33557E-01   1.24573E-02 
    6.94607E-03   3.53411E-02   2.50000E-01   1.94656E-01   5.02289E-01 
    5.22689E-02   7.85520E-04   0.00000E+00   1.44296E-02   1.66428E-02 
    8.79562E-01   3.96755E-02   1.96157E-02   3.00745E-02   4.53483E-01 
    1.35164E-01   4.11353E-01
   9.63000E+02   2.19483E-04   1.08440E-02   9.33364E-01   1.31149E-02 
    7.63283E-03   3.48246E-02   2.50000E-01   1.93688E-01   4.96886E-01 
    5.85578E-02   8.67996E-04   0.00000E+00   1.36361E-02   1.57199E-02 
    8.73427E-01   4.42642E-02   2.29736E-02   2.99793E-02   5.54229E-01 
    1.42327E-01   3.03444E-01
   9.53000E+02   1.89444E-04   1.03177E-02   9.33001E-01   1.36816E-02 
    8.32994E-03   3.44799E-02   2.50000E-01   1.93459E-01   4.90763E-01 
    6.48269E-02   9.51157E-04   0.00000E+00   1.28179E-02   1.48769E-02 
    8.66588E-01   4.89531E-02   2.67797E-02   2.99848E-02   6.31116E-01 
    1.47538E-01   2.21346E-01
   9.43000E+02   1.62699E-04   9.84337E-03   9.32571E-01   1.41429E-02 
    9.03027E-03   3.42495E-02   2.50000E-01   1.93789E-01   4.84178E-01 
    7.09987E-02   1.03435E-03   0.00000E+00   1.19941E-02   1.40883E-02 
    8.59097E-01   5.37112E-02   3.10754E-02   3.00340E-02   6.89741E-01 
    1.51289E-01   1.58970E-01
   9.33000E+02   1.39146E-04   9.40450E-03   9.32143E-01   1.44917E-02 
    9.72752E-03   3.40946E-02   2.50000E-01   1.94537E-01   4.77329E-01 
    7.70166E-02   1.11703E-03   0.00000E+00   1.11785E-02   1.33361E-02 
    8.50961E-01   5.85272E-02   3.59104E-02   3.00866E-02   7.34389E-01 
    1.53964E-01   1.11648E-01
   9.23000E+02   1.18579E-04   8.98974E-03   9.31761E-01   1.47265E-02 
    1.04154E-02   3.39890E-02   2.50000E-01   1.95598E-01   4.70365E-01 
    8.28387E-02   1.19865E-03   0.00000E+00   1.03806E-02   1.26080E-02 
    8.42150E-01   6.34059E-02   4.13418E-02   3.01141E-02   7.68287E-01 
    1.55850E-01   7.58623E-02
   9.13000E+02   1.00742E-04   8.59142E-03   9.31456E-01   1.48495E-02 
    1.10870E-02   3.39150E-02   2.50000E-01   1.96892E-01   4.63395E-01 
    8.84345E-02   1.27859E-03   0.00000E+00   9.60691E-03   1.18957E-02 
    8.32603E-01   6.83661E-02   4.74328E-02   3.00959E-02   7.93874E-01 
    1.57163E-01   4.89629E-02
   9.03000E+02   8.53586E-05   8.20443E-03   9.31248E-01   1.48659E-02 
    1.17351E-02   3.38612E-02   2.50000E-01   1.98360E-01   4.56501E-01 
    9.37830E-02   1.35612E-03   0.00000E+00   8.86165E-03   1.11942E-02 
    8.22235E-01   7.34384E-02   5.42535E-02   3.00170E-02   8.12999E-01 
    1.58061E-01   2.89397E-02
   8.93000E+02   7.21518E-05   7.82544E-03   9.31148E-01   1.47826E-02 
    1.23519E-02   3.38201E-02   2.50000E-01   1.99955E-01   4.49743E-01 
    9.88709E-02   1.43047E-03   0.00000E+00   8.14756E-03   1.05007E-02 
    8.10941E-01   7.86647E-02   6.18804E-02   2.98659E-02   8.27085E-01 
    1.58662E-01   1.42534E-02
   8.83000E+02   6.08572E-05   7.45242E-03   9.31162E-01   1.46080E-02 
    1.29295E-02   3.37871E-02   2.50000E-01   2.01643E-01   4.43165E-01 
    1.03692E-01   1.50078E-03   0.00000E+00   7.46639E-03   9.81437E-03 
    7.98593E-01   8.40972E-02   7.03964E-02   2.96332E-02   8.37238E-01 
    1.59050E-01   3.71195E-03
   8.78413E+02   5.62484E-05   7.28300E-03   9.31208E-01   1.44998E-02 
    1.31791E-02   3.37738E-02   2.50000E-01   2.02440E-01   4.40216E-01 
    1.05813E-01   1.53144E-03   0.00000E+00   7.16530E-03   9.50203E-03 
    7.92538E-01   8.66742E-02   7.46238E-02   2.94969E-02   8.40824E-01 
    1.59176E-01   0.00000E+00

 Phase Region for:
     BCC_A2                        
     CEMENTITE                     
 col-1=T, col-2=X(BCC_A2,C), col-3=X(BCC_A2,CR), col-4=X(BCC_A2,FE),
   col-5=X(BCC_A2,MN), col-6=X(BCC_A2,NI), col-7=X(BCC_A2,SI),
   col-8=X(CEMENTITE,C), col-9=X(CEMENTITE,CR), col-10=X(CEMENTITE,FE),
   col-11=X(CEMENTITE,MN), col-12=X(CEMENTITE,NI), col-13=X(CEMENTITE,SI),
   col-14=NP(BCC_A2), col-15=NP(CEMENTITE),
   8.78413E+02   5.62484E-05   7.28300E-03   9.31208E-01   1.44998E-02 
    1.31791E-02   3.37738E-02   2.50000E-01   2.02440E-01   4.40216E-01 
    1.05813E-01   1.53144E-03   0.00000E+00   8.40824E-01   1.59176E-01  NONE
   8.73000E+02   5.14323E-05   7.07425E-03   9.31730E-01   1.41911E-02 
    1.31789E-02   3.37744E-02   2.50000E-01   2.03522E-01   4.37510E-01 
    1.07435E-01   1.53363E-03   0.00000E+00   8.40808E-01   1.59192E-01  NONE
   8.63000E+02   4.35126E-05   6.69402E-03   9.32685E-01   1.36239E-02 
    1.31785E-02   3.37755E-02   2.50000E-01   2.05497E-01   4.32551E-01 
    1.10414E-01   1.53773E-03   0.00000E+00   8.40782E-01   1.59218E-01  NONE
   8.53000E+02   3.67217E-05   6.32122E-03   9.33627E-01   1.30606E-02 
    1.31780E-02   3.37764E-02   2.50000E-01   2.07437E-01   4.27647E-01 
    1.13374E-01   1.54193E-03   0.00000E+00   8.40759E-01   1.59241E-01  NONE
   8.43000E+02   3.09129E-05   5.95638E-03   9.34556E-01   1.25018E-02 
    1.31775E-02   3.37772E-02   2.50000E-01   2.09338E-01   4.22803E-01 
    1.16312E-01   1.54629E-03   0.00000E+00   8.40739E-01   1.59261E-01  NONE
   8.33000E+02   2.59563E-05   5.60003E-03   9.35472E-01   1.19475E-02 
    1.31768E-02   3.37779E-02   2.50000E-01   2.11198E-01   4.18024E-01 
    1.19227E-01   1.55084E-03   0.00000E+00   8.40722E-01   1.59278E-01  NONE
   8.23000E+02   2.17378E-05   5.25270E-03   9.36373E-01   1.13984E-02 
    1.31761E-02   3.37784E-02   2.50000E-01   2.13013E-01   4.13316E-01 
    1.22115E-01   1.55561E-03   0.00000E+00   8.40708E-01   1.59292E-01  NONE
   8.13000E+02   1.81566E-05   4.91493E-03   9.37258E-01   1.08549E-02 
    1.31753E-02   3.37789E-02   2.50000E-01   2.14780E-01   4.08684E-01 
    1.24975E-01   1.56063E-03   0.00000E+00   8.40696E-01   1.59304E-01  NONE
   8.03000E+02   1.51245E-05   4.58723E-03   9.38126E-01   1.03176E-02 
    1.31745E-02   3.37793E-02   2.50000E-01   2.16495E-01   4.04135E-01 
    1.27803E-01   1.56594E-03   0.00000E+00   8.40686E-01   1.59314E-01  NONE
   7.93000E+02   1.25642E-05   4.27010E-03   9.38977E-01   9.78711E-03 
    1.31735E-02   3.37797E-02   2.50000E-01   2.18157E-01   3.99675E-01 
    1.30596E-01   1.57154E-03   0.00000E+00   8.40677E-01   1.59323E-01  NONE
   7.83000E+02   1.04081E-05   3.96399E-03   9.39809E-01   9.26417E-03 
    1.31725E-02   3.37800E-02   2.50000E-01   2.19763E-01   3.95310E-01 
    1.33350E-01   1.57747E-03   0.00000E+00   8.40670E-01   1.59330E-01  NONE
   7.73000E+02   8.59738E-06   3.66934E-03   9.40621E-01   8.74953E-03 
    1.31714E-02   3.37802E-02   2.50000E-01   2.21309E-01   3.91047E-01 
    1.36060E-01   1.58374E-03   0.00000E+00   8.40664E-01   1.59336E-01  NONE
   7.63000E+02   7.08099E-06   3.38655E-03   9.41412E-01   8.24401E-03 
    1.31702E-02   3.37804E-02   2.50000E-01   2.22794E-01   3.86892E-01 
    1.38723E-01   1.59035E-03   0.00000E+00   8.40659E-01   1.59341E-01  NONE
   7.53000E+02   5.81467E-06   3.11595E-03   9.42180E-01   7.74847E-03 
    1.31690E-02   3.37806E-02   2.50000E-01   2.24216E-01   3.82853E-01 
    1.41334E-01   1.59732E-03   0.00000E+00   8.40655E-01   1.59345E-01  NONE
   7.43000E+02   4.76021E-06   2.85783E-03   9.42925E-01   7.26380E-03 
    1.31676E-02   3.37807E-02   2.50000E-01   2.25573E-01   3.78935E-01 
    1.43888E-01   1.60463E-03   0.00000E+00   8.40651E-01   1.59349E-01  NONE
   7.33000E+02   3.88472E-06   2.61242E-03   9.43646E-01   6.79091E-03 
    1.31662E-02   3.37809E-02   2.50000E-01   2.26863E-01   3.75144E-01 
    1.46380E-01   1.61229E-03   0.00000E+00   8.40648E-01   1.59352E-01  NONE
   7.23000E+02   3.15998E-06   2.37990E-03   9.44341E-01   6.33071E-03 
    1.31647E-02   3.37810E-02   2.50000E-01   2.28086E-01   3.71488E-01 
    1.48806E-01   1.62029E-03   0.00000E+00   8.40646E-01   1.59354E-01  NONE
   7.13000E+02   2.56183E-06   2.16037E-03   9.45009E-01   5.88413E-03 
    1.31632E-02   3.37810E-02   2.50000E-01   2.29242E-01   3.67970E-01 
    1.51160E-01   1.62860E-03   0.00000E+00   8.40644E-01   1.59356E-01  NONE
   7.03000E+02   2.06967E-06   1.95388E-03   9.45649E-01   5.45204E-03 
    1.31616E-02   3.37811E-02   2.50000E-01   2.30329E-01   3.64597E-01 
    1.53438E-01   1.63723E-03   0.00000E+00   8.40642E-01   1.59358E-01  NONE
   6.93000E+02   1.66599E-06   1.76038E-03   9.46262E-01   5.03531E-03 
    1.31599E-02   3.37812E-02   2.50000E-01   2.31347E-01   3.61372E-01 
    1.55635E-01   1.64613E-03   0.00000E+00   8.40641E-01   1.59359E-01  NONE
   6.83000E+02   1.33596E-06   1.57978E-03   9.46845E-01   4.63474E-03 
    1.31582E-02   3.37812E-02   2.50000E-01   2.32298E-01   3.58300E-01 
    1.57747E-01   1.65528E-03   0.00000E+00   8.40640E-01   1.59360E-01  NONE
   6.73000E+02   1.06704E-06   1.41192E-03   9.47398E-01   4.25107E-03 
    1.31564E-02   3.37812E-02   2.50000E-01   2.33183E-01   3.55383E-01 
    1.59770E-01   1.66464E-03   0.00000E+00   8.40639E-01   1.59361E-01  NONE
