
 Phase Region for:
     FCC_A1#1                      
 col-1=T, col-2=X(FCC_A1#1,C), col-3=X(FCC_A1#1,CR), col-4=X(FCC_A1#1,FE),
   col-5=X(FCC_A1#1,MN), col-6=X(FCC_A1#1,NI), col-7=X(FCC_A1#1,SI),
   col-8=NP(FCC_A1#1),
   1.17300E+03   4.63575E-02   1.01986E-06   9.25317E-01   9.65245E-07 
    9.03538E-07   2.83221E-02   1.00000E+00
   1.18300E+03   4.63575E-02   1.01986E-06   9.25317E-01   9.65245E-07 
    9.03538E-07   2.83221E-02   1.00000E+00
   1.19300E+03   4.63575E-02   1.01986E-06   9.25317E-01   9.65245E-07 
    9.03538E-07   2.83221E-02   1.00000E+00
   1.20300E+03   4.63575E-02   1.01986E-06   9.25317E-01   9.65245E-07 
    9.03538E-07   2.83221E-02   1.00000E+00
   1.21300E+03   4.63575E-02   1.01986E-06   9.25317E-01   9.65245E-07 
    9.03538E-07   2.83221E-02   1.00000E+00
   1.22300E+03   4.63575E-02   1.01986E-06   9.25317E-01   9.65245E-07 
    9.03538E-07   2.83221E-02   1.00000E+00
   1.23300E+03   4.63575E-02   1.01986E-06   9.25317E-01   9.65245E-07 
    9.03538E-07   2.83221E-02   1.00000E+00
   1.24300E+03   4.63575E-02   1.01986E-06   9.25317E-01   9.65245E-07 
    9.03538E-07   2.83221E-02   1.00000E+00
   1.25300E+03   4.63575E-02   1.01986E-06   9.25317E-01   9.65245E-07 
    9.03538E-07   2.83221E-02   1.00000E+00
   1.26300E+03   4.63575E-02   1.01986E-06   9.25317E-01   9.65245E-07 
    9.03538E-07   2.83221E-02   1.00000E+00
   1.27300E+03   4.63575E-02   1.01986E-06   9.25317E-01   9.65245E-07 
    9.03538E-07   2.83221E-02   1.00000E+00
   1.28300E+03   4.63575E-02   1.01986E-06   9.25317E-01   9.65245E-07 
    9.03538E-07   2.83221E-02   1.00000E+00
   1.29300E+03   4.63575E-02   1.01986E-06   9.25317E-01   9.65245E-07 
    9.03538E-07   2.83221E-02   1.00000E+00
   1.30300E+03   4.63575E-02   1.01986E-06   9.25317E-01   9.65245E-07 
    9.03538E-07   2.83221E-02   1.00000E+00
   1.31300E+03   4.63575E-02   1.01986E-06   9.25317E-01   9.65245E-07 
    9.03538E-07   2.83221E-02   1.00000E+00
   1.32300E+03   4.63575E-02   1.01986E-06   9.25317E-01   9.65245E-07 
    9.03538E-07   2.83221E-02   1.00000E+00
   1.33300E+03   4.63575E-02   1.01986E-06   9.25317E-01   9.65245E-07 
    9.03538E-07   2.83221E-02   1.00000E+00
   1.34300E+03   4.63575E-02   1.01986E-06   9.25317E-01   9.65245E-07 
    9.03538E-07   2.83221E-02   1.00000E+00
   1.35300E+03   4.63575E-02   1.01986E-06   9.25317E-01   9.65245E-07 
    9.03538E-07   2.83221E-02   1.00000E+00
   1.36300E+03   4.63575E-02   1.01986E-06   9.25317E-01   9.65245E-07 
    9.03538E-07   2.83221E-02   1.00000E+00
   1.37300E+03   4.63575E-02   1.01986E-06   9.25317E-01   9.65245E-07 
    9.03538E-07   2.83221E-02   1.00000E+00
   1.38300E+03   4.63575E-02   1.01986E-06   9.25317E-01   9.65245E-07 
    9.03538E-07   2.83221E-02   1.00000E+00
   1.39300E+03   4.63575E-02   1.01986E-06   9.25317E-01   9.65245E-07 
    9.03538E-07   2.83221E-02   1.00000E+00
   1.40300E+03   4.63575E-02   1.01986E-06   9.25317E-01   9.65245E-07 
    9.03538E-07   2.83221E-02   1.00000E+00
   1.41300E+03   4.63575E-02   1.01986E-06   9.25317E-01   9.65245E-07 
    9.03538E-07   2.83221E-02   1.00000E+00
   1.42300E+03   4.63575E-02   1.01986E-06   9.25317E-01   9.65245E-07 
    9.03538E-07   2.83221E-02   1.00000E+00
   1.43300E+03   4.63575E-02   1.01986E-06   9.25317E-01   9.65245E-07 
    9.03538E-07   2.83221E-02   1.00000E+00
   1.44300E+03   4.63575E-02   1.01986E-06   9.25317E-01   9.65245E-07 
    9.03538E-07   2.83221E-02   1.00000E+00
   1.45300E+03   4.63575E-02   1.01986E-06   9.25317E-01   9.65245E-07 
    9.03538E-07   2.83221E-02   1.00000E+00
   1.46300E+03   4.63575E-02   1.01986E-06   9.25317E-01   9.65245E-07 
    9.03538E-07   2.83221E-02   1.00000E+00
   1.47300E+03   4.63575E-02   1.01986E-06   9.25317E-01   9.65245E-07 
    9.03538E-07   2.83221E-02   1.00000E+00

 Phase Region for:
     FCC_A1#1                      
 col-1=T, col-2=X(FCC_A1#1,C), col-3=X(FCC_A1#1,CR), col-4=X(FCC_A1#1,FE),
   col-5=X(FCC_A1#1,MN), col-6=X(FCC_A1#1,NI), col-7=X(FCC_A1#1,SI),
   col-8=NP(FCC_A1#1),
   1.17300E+03   4.63575E-02   1.01986E-06   9.25317E-01   9.65245E-07 
    9.03538E-07   2.83221E-02   1.00000E+00
   1.16300E+03   4.63575E-02   1.01986E-06   9.25317E-01   9.65245E-07 
    9.03538E-07   2.83221E-02   1.00000E+00
   1.15300E+03   4.63575E-02   1.01986E-06   9.25317E-01   9.65245E-07 
    9.03538E-07   2.83221E-02   1.00000E+00
   1.14879E+03   4.63575E-02   1.01986E-06   9.25317E-01   9.65245E-07 
    9.03538E-07   2.83221E-02   1.00000E+00

 Phase Region for:
     CEMENTITE                     
     FCC_A1#1                      
 col-1=T, col-2=X(CEMENTITE,C), col-3=X(CEMENTITE,CR), col-4=X(CEMENTITE,FE),
   col-5=X(CEMENTITE,MN), col-6=X(CEMENTITE,NI), col-7=X(CEMENTITE,SI),
   col-8=X(FCC_A1#1,C), col-9=X(FCC_A1#1,CR), col-10=X(FCC_A1#1,FE),
   col-11=X(FCC_A1#1,MN), col-12=X(FCC_A1#1,NI), col-13=X(FCC_A1#1,SI),
   col-14=NP(CEMENTITE), col-15=NP(FCC_A1#1),
   1.14879E+03   2.50000E-01   5.68447E-06   7.49993E-01   1.42950E-06 
    1.46484E-07   0.00000E+00   4.63575E-02   1.01986E-06   9.25317E-01 
    9.65245E-07   9.03538E-07   2.83221E-02   6.17607E-08   1.00000E+00
   1.14300E+03   2.50000E-01   5.69376E-06   7.49993E-01   1.43521E-06 
    1.44892E-07   0.00000E+00   4.56318E-02   1.00320E-06   9.25942E-01 
    9.63570E-07   9.06241E-07   2.84231E-02   3.55108E-03   9.96449E-01
   1.13300E+03   2.50000E-01   5.70883E-06   7.49993E-01   1.44531E-06 
    1.42145E-07   0.00000E+00   4.43882E-02   9.74514E-07   9.27013E-01 
    9.60602E-07   9.10901E-07   2.85960E-02   9.57813E-03   9.90422E-01
   1.12300E+03   2.50000E-01   5.72270E-06   7.49993E-01   1.45568E-06 
    1.39402E-07   0.00000E+00   4.31576E-02   9.45962E-07   9.28072E-01 
    9.57538E-07   9.15545E-07   2.87672E-02   1.54704E-02   9.84530E-01
   1.11300E+03   2.50000E-01   5.73534E-06   7.49993E-01   1.46633E-06 
    1.36664E-07   0.00000E+00   4.19402E-02   9.17574E-07   9.29120E-01 
    9.54375E-07   9.20172E-07   2.89365E-02   2.12309E-02   9.78769E-01
   1.10300E+03   2.50000E-01   5.74675E-06   7.49993E-01   1.47728E-06 
    1.33930E-07   0.00000E+00   4.07361E-02   8.89377E-07   9.30157E-01 
    9.51110E-07   9.24782E-07   2.91040E-02   2.68628E-02   9.73137E-01
   1.09300E+03   2.50000E-01   5.75695E-06   7.49993E-01   1.48852E-06 
    1.31203E-07   0.00000E+00   3.95454E-02   8.61397E-07   9.31182E-01 
    9.47740E-07   9.29373E-07   2.92696E-02   3.23688E-02   9.67631E-01
   1.08300E+03   2.50000E-01   5.76593E-06   7.49993E-01   1.50007E-06 
    1.28482E-07   0.00000E+00   3.83681E-02   8.33659E-07   9.32196E-01 
    9.44262E-07   9.33945E-07   2.94333E-02   3.77515E-02   9.62249E-01
   1.07300E+03   2.50000E-01   5.77370E-06   7.49993E-01   1.51193E-06 
    1.25767E-07   0.00000E+00   3.72045E-02   8.06190E-07   9.33198E-01 
    9.40673E-07   9.38496E-07   2.95951E-02   4.30135E-02   9.56987E-01
   1.06300E+03   2.50000E-01   5.78027E-06   7.49993E-01   1.52410E-06 
    1.23060E-07   0.00000E+00   3.60546E-02   7.79014E-07   9.34188E-01 
    9.36970E-07   9.43025E-07   2.97551E-02   4.81570E-02   9.51843E-01
   1.05300E+03   2.50000E-01   5.78565E-06   7.49993E-01   1.53660E-06 
    1.20360E-07   0.00000E+00   3.49186E-02   7.52156E-07   9.35166E-01 
    9.33151E-07   9.47530E-07   2.99131E-02   5.31845E-02   9.46816E-01
   1.04300E+03   2.50000E-01   5.78987E-06   7.49993E-01   1.54943E-06 
    1.17669E-07   0.00000E+00   3.37966E-02   7.25639E-07   9.36132E-01 
    9.29211E-07   9.52011E-07   3.00691E-02   5.80978E-02   9.41902E-01
   1.03766E+03   2.50000E-01   5.79166E-06   7.49993E-01   1.55643E-06 
    1.16236E-07   0.00000E+00   3.32031E-02   7.11623E-07   9.36643E-01 
    9.27057E-07   9.54394E-07   3.01516E-02   6.06762E-02   9.39324E-01

 Phase Region for:
     BCC_A2                        
     CEMENTITE                     
     FCC_A1#1                      
 col-1=T, col-2=X(BCC_A2,C), col-3=X(BCC_A2,CR), col-4=X(BCC_A2,FE),
   col-5=X(BCC_A2,MN), col-6=X(BCC_A2,NI), col-7=X(BCC_A2,SI),
   col-8=X(CEMENTITE,C), col-9=X(CEMENTITE,CR), col-10=X(CEMENTITE,FE),
   col-11=X(CEMENTITE,MN), col-12=X(CEMENTITE,NI), col-13=X(CEMENTITE,SI),
   col-14=X(FCC_A1#1,C), col-15=X(FCC_A1#1,CR), col-16=X(FCC_A1#1,FE),
   col-17=X(FCC_A1#1,MN), col-18=X(FCC_A1#1,NI), col-19=X(FCC_A1#1,SI),
   col-20=NP(BCC_A2), col-21=NP(CEMENTITE), col-22=NP(FCC_A1#1),
   1.03766E+03   1.03534E-03   3.82474E-07   9.55041E-01   3.47466E-07 
    5.13380E-07   4.39227E-02   2.50000E-01   5.79164E-06   7.49993E-01 
    1.55643E-06   1.16236E-07   0.00000E+00   3.32031E-02   7.11620E-07 
    9.36643E-01   9.27061E-07   9.54398E-07   3.01516E-02   7.60161E-06 
    6.06773E-02   9.39315E-01
   1.03300E+03   1.01230E-03   3.23228E-07   9.59491E-01   4.16429E-07 
    6.65516E-07   3.94956E-02   2.50000E-01   5.08850E-06   7.49993E-01 
    1.96446E-06   1.49575E-07   0.00000E+00   3.32856E-02   6.06642E-07 
    9.40106E-01   1.13812E-06   1.24676E-06   2.66051E-02   3.72049E-01 
    1.15725E-01   5.12226E-01
   1.02808E+03   9.89435E-04   2.67234E-07   9.64377E-01   5.57929E-07 
    1.05243E-06   3.46318E-02   2.50000E-01   4.39815E-06   7.49993E-01 
    2.79355E-06   2.35210E-07   0.00000E+00   3.34008E-02   5.06894E-07 
    9.43799E-01   1.56870E-06   1.98851E-06   2.27957E-02   8.17806E-01 
    1.82194E-01   0.00000E+00

 Phase Region for:
     BCC_A2                        
     CEMENTITE                     
 col-1=T, col-2=X(BCC_A2,C), col-3=X(BCC_A2,CR), col-4=X(BCC_A2,FE),
   col-5=X(BCC_A2,MN), col-6=X(BCC_A2,NI), col-7=X(BCC_A2,SI),
   col-8=X(CEMENTITE,C), col-9=X(CEMENTITE,CR), col-10=X(CEMENTITE,FE),
   col-11=X(CEMENTITE,MN), col-12=X(CEMENTITE,NI), col-13=X(CEMENTITE,SI),
   col-14=NP(BCC_A2), col-15=NP(CEMENTITE),
   1.02808E+03   9.89435E-04   2.67234E-07   9.64377E-01   5.57929E-07 
    1.05243E-06   3.46318E-02   2.50000E-01   4.39815E-06   7.49993E-01 
    2.79355E-06   2.35210E-07   0.00000E+00   8.17806E-01   1.82194E-01  NONE
   1.02300E+03   9.39723E-04   2.62083E-07   9.64420E-01   5.49013E-07 
    1.05251E-06   3.46388E-02   2.50000E-01   4.41755E-06   7.49993E-01 
    2.83153E-06   2.35590E-07   0.00000E+00   8.17643E-01   1.82357E-01  NONE
   1.01300E+03   8.48708E-04   2.51482E-07   9.64498E-01   5.27327E-07 
    1.05241E-06   3.46514E-02   2.50000E-01   4.45819E-06   7.49992E-01 
    2.92483E-06   2.37360E-07   0.00000E+00   8.17345E-01   1.82655E-01  NONE
   1.00300E+03   7.65575E-04   2.41080E-07   9.64570E-01   5.05907E-07 
    1.05230E-06   3.46630E-02   2.50000E-01   4.49838E-06   7.49992E-01 
    3.01694E-06   2.39066E-07   0.00000E+00   8.17072E-01   1.82928E-01  NONE
   9.93000E+02   6.89677E-04   2.30901E-07   9.64635E-01   4.84955E-07 
    1.05219E-06   3.46735E-02   2.50000E-01   4.53799E-06   7.49992E-01 
    3.10696E-06   2.40666E-07   0.00000E+00   8.16823E-01   1.83177E-01  NONE
   9.83000E+02   6.20438E-04   2.20943E-07   9.64695E-01   4.64474E-07 
    1.05208E-06   3.46832E-02   2.50000E-01   4.57700E-06   7.49992E-01 
    3.19490E-06   2.42166E-07   0.00000E+00   8.16596E-01   1.83404E-01  NONE
   9.73000E+02   5.57330E-04   2.11205E-07   9.64749E-01   4.44467E-07 
    1.05197E-06   3.46919E-02   2.50000E-01   4.61540E-06   7.49992E-01 
    3.28079E-06   2.43569E-07   0.00000E+00   8.16390E-01   1.83610E-01  NONE
   9.63000E+02   4.99867E-04   2.01687E-07   9.64799E-01   4.24933E-07 
    1.05186E-06   3.46999E-02   2.50000E-01   4.65316E-06   7.49992E-01 
    3.36463E-06   2.44882E-07   0.00000E+00   8.16202E-01   1.83798E-01  NONE
   9.53000E+02   4.47599E-04   1.92388E-07   9.64844E-01   4.05875E-07 
    1.05175E-06   3.47072E-02   2.50000E-01   4.69027E-06   7.49992E-01 
    3.44644E-06   2.46108E-07   0.00000E+00   8.16031E-01   1.83969E-01  NONE
   9.43000E+02   4.00111E-04   1.83310E-07   9.64884E-01   3.87292E-07 
    1.05165E-06   3.47138E-02   2.50000E-01   4.72670E-06   7.49991E-01 
    3.52622E-06   2.47250E-07   0.00000E+00   8.15876E-01   1.84124E-01  NONE
   9.33000E+02   3.57020E-04   1.74454E-07   9.64922E-01   3.69186E-07 
    1.05155E-06   3.47198E-02   2.50000E-01   4.76244E-06   7.49991E-01 
    3.60397E-06   2.48313E-07   0.00000E+00   8.15735E-01   1.84265E-01  NONE
   9.23000E+02   3.17972E-04   1.65821E-07   9.64955E-01   3.51556E-07 
    1.05145E-06   3.47252E-02   2.50000E-01   4.79745E-06   7.49991E-01 
    3.67972E-06   2.49299E-07   0.00000E+00   8.15607E-01   1.84393E-01  NONE
   9.13000E+02   2.82636E-04   1.57413E-07   9.64986E-01   3.34404E-07 
    1.05136E-06   3.47301E-02   2.50000E-01   4.83171E-06   7.49991E-01 
    3.75344E-06   2.50211E-07   0.00000E+00   8.15492E-01   1.84508E-01  NONE
   9.03000E+02   2.50709E-04   1.49233E-07   9.65013E-01   3.17730E-07 
    1.05127E-06   3.47346E-02   2.50000E-01   4.86520E-06   7.49991E-01 
    3.82516E-06   2.51050E-07   0.00000E+00   8.15388E-01   1.84612E-01  NONE
   8.93000E+02   2.21909E-04   1.41283E-07   9.65038E-01   3.01535E-07 
    1.05119E-06   3.47386E-02   2.50000E-01   4.89789E-06   7.49991E-01 
    3.89486E-06   2.51819E-07   0.00000E+00   8.15293E-01   1.84707E-01  NONE
   8.83000E+02   1.95973E-04   1.33564E-07   9.65060E-01   2.85819E-07 
    1.05111E-06   3.47422E-02   2.50000E-01   4.92976E-06   7.49991E-01 
    3.96254E-06   2.52519E-07   0.00000E+00   8.15209E-01   1.84791E-01  NONE
   8.73000E+02   1.72661E-04   1.26080E-07   9.65080E-01   2.70584E-07 
    1.05104E-06   3.47454E-02   2.50000E-01   4.96079E-06   7.49991E-01 
    4.02821E-06   2.53153E-07   0.00000E+00   8.15133E-01   1.84867E-01  NONE
   8.63000E+02   1.51746E-04   1.18832E-07   9.65098E-01   2.55828E-07 
    1.05098E-06   3.47483E-02   2.50000E-01   4.99095E-06   7.49991E-01 
    4.09185E-06   2.53719E-07   0.00000E+00   8.15065E-01   1.84935E-01  NONE
   8.53000E+02   1.33020E-04   1.11822E-07   9.65115E-01   2.41554E-07 
    1.05093E-06   3.47510E-02   2.50000E-01   5.02023E-06   7.49991E-01 
    4.15347E-06   2.54221E-07   0.00000E+00   8.15003E-01   1.84997E-01  NONE
   8.43000E+02   1.16291E-04   1.05052E-07   9.65129E-01   2.27760E-07 
    1.05088E-06   3.47533E-02   2.50000E-01   5.04859E-06   7.49990E-01 
    4.21306E-06   2.54657E-07   0.00000E+00   8.14949E-01   1.85051E-01  NONE
   8.33000E+02   1.01379E-04   9.85229E-08   9.65142E-01   2.14447E-07 
    1.05084E-06   3.47554E-02   2.50000E-01   5.07604E-06   7.49990E-01 
    4.27063E-06   2.55028E-07   0.00000E+00   8.14900E-01   1.85100E-01  NONE
   8.23000E+02   8.81189E-05   9.22364E-08   9.65153E-01   2.01613E-07 
    1.05082E-06   3.47572E-02   2.50000E-01   5.10254E-06   7.49990E-01 
    4.32616E-06   2.55335E-07   0.00000E+00   8.14857E-01   1.85143E-01  NONE
   8.13000E+02   7.63573E-05   8.61931E-08   9.65163E-01   1.89258E-07 
    1.05080E-06   3.47588E-02   2.50000E-01   5.12810E-06   7.49990E-01 
    4.37968E-06   2.55577E-07   0.00000E+00   8.14819E-01   1.85181E-01  NONE
   8.03000E+02   6.59526E-05   8.03933E-08   9.65172E-01   1.77379E-07 
    1.05079E-06   3.47603E-02   2.50000E-01   5.15269E-06   7.49990E-01 
    4.43116E-06   2.55753E-07   0.00000E+00   8.14785E-01   1.85215E-01  NONE
   7.93000E+02   5.67739E-05   7.48369E-08   9.65180E-01   1.65974E-07 
    1.05079E-06   3.47616E-02   2.50000E-01   5.17631E-06   7.49990E-01 
    4.48064E-06   2.55864E-07   0.00000E+00   8.14755E-01   1.85245E-01  NONE
   7.83000E+02   4.87006E-05   6.95233E-08   9.65187E-01   1.55041E-07 
    1.05081E-06   3.47627E-02   2.50000E-01   5.19895E-06   7.49990E-01 
    4.52810E-06   2.55908E-07   0.00000E+00   8.14729E-01   1.85271E-01  NONE
   7.73000E+02   4.16216E-05   6.44516E-08   9.65193E-01   1.44575E-07 
    1.05084E-06   3.47637E-02   2.50000E-01   5.22061E-06   7.49990E-01 
    4.57357E-06   2.55885E-07   0.00000E+00   8.14705E-01   1.85295E-01  NONE
   7.63000E+02   3.54346E-05   5.96201E-08   9.65199E-01   1.34574E-07 
    1.05088E-06   3.47645E-02   2.50000E-01   5.24129E-06   7.49990E-01 
    4.61706E-06   2.55792E-07   0.00000E+00   8.14685E-01   1.85315E-01  NONE
   7.53000E+02   3.00457E-05   5.50268E-08   9.65203E-01   1.25030E-07 
    1.05093E-06   3.47653E-02   2.50000E-01   5.26099E-06   7.49990E-01 
    4.65859E-06   2.55630E-07   0.00000E+00   8.14668E-01   1.85332E-01  NONE
   7.43000E+02   2.53689E-05   5.06692E-08   9.65207E-01   1.15940E-07 
    1.05100E-06   3.47659E-02   2.50000E-01   5.27971E-06   7.49990E-01 
    4.69817E-06   2.55396E-07   0.00000E+00   8.14652E-01   1.85348E-01  NONE
   7.33000E+02   2.13255E-05   4.65441E-08   9.65211E-01   1.07296E-07 
    1.05108E-06   3.47665E-02   2.50000E-01   5.29747E-06   7.49990E-01 
    4.73583E-06   2.55088E-07   0.00000E+00   8.14639E-01   1.85361E-01  NONE
   7.23000E+02   1.78436E-05   4.26481E-08   9.65214E-01   9.90923E-08 
    1.05118E-06   3.47670E-02   2.50000E-01   5.31427E-06   7.49990E-01 
    4.77160E-06   2.54705E-07   0.00000E+00   8.14628E-01   1.85372E-01  NONE
   7.13000E+02   1.48578E-05   3.89769E-08   9.65217E-01   9.13201E-08 
    1.05130E-06   3.47674E-02   2.50000E-01   5.33013E-06   7.49990E-01 
    4.80551E-06   2.54244E-07   0.00000E+00   8.14618E-01   1.85382E-01  NONE
   7.03000E+02   1.23088E-05   3.55260E-08   9.65219E-01   8.39713E-08 
    1.05143E-06   3.47677E-02   2.50000E-01   5.34505E-06   7.49990E-01 
    4.83759E-06   2.53704E-07   0.00000E+00   8.14610E-01   1.85390E-01  NONE
   6.93000E+02   1.01427E-05   3.22903E-08   9.65221E-01   7.70367E-08 
    1.05158E-06   3.47680E-02   2.50000E-01   5.35907E-06   7.49990E-01 
    4.86788E-06   2.53081E-07   0.00000E+00   8.14603E-01   1.85397E-01  NONE
   6.83000E+02   8.31107E-06   2.92643E-08   9.65222E-01   7.05067E-08 
    1.05174E-06   3.47683E-02   2.50000E-01   5.37219E-06   7.49989E-01 
    4.89641E-06   2.52372E-07   0.00000E+00   8.14597E-01   1.85403E-01  NONE
   6.73000E+02   6.77023E-06   2.64422E-08   9.65224E-01   6.43710E-08 
    1.05193E-06   3.47685E-02   2.50000E-01   5.38445E-06   7.49989E-01 
    4.92324E-06   2.51576E-07   0.00000E+00   8.14592E-01   1.85408E-01  NONE
