
 Phase Region for:
     FCC_A1#1                      
 col-1=T, col-2=X(FCC_A1#1,C), col-3=X(FCC_A1#1,CR), col-4=X(FCC_A1#1,FE),
   col-5=X(FCC_A1#1,MN), col-6=X(FCC_A1#1,NI), col-7=X(FCC_A1#1,SI),
   col-8=NP(FCC_A1#1),
   1.17300E+03   4.63896E-02   1.02056E-06   9.11704E-01   9.65911E-07 
    1.35629E-02   2.83417E-02   1.00000E+00
   1.18300E+03   4.63896E-02   1.02056E-06   9.11704E-01   9.65911E-07 
    1.35629E-02   2.83417E-02   1.00000E+00
   1.19300E+03   4.63896E-02   1.02056E-06   9.11704E-01   9.65911E-07 
    1.35629E-02   2.83417E-02   1.00000E+00
   1.20300E+03   4.63896E-02   1.02056E-06   9.11704E-01   9.65911E-07 
    1.35629E-02   2.83417E-02   1.00000E+00
   1.21300E+03   4.63896E-02   1.02056E-06   9.11704E-01   9.65911E-07 
    1.35629E-02   2.83417E-02   1.00000E+00
   1.22300E+03   4.63896E-02   1.02056E-06   9.11704E-01   9.65911E-07 
    1.35629E-02   2.83417E-02   1.00000E+00
   1.23300E+03   4.63896E-02   1.02056E-06   9.11704E-01   9.65911E-07 
    1.35629E-02   2.83417E-02   1.00000E+00
   1.24300E+03   4.63896E-02   1.02056E-06   9.11704E-01   9.65911E-07 
    1.35629E-02   2.83417E-02   1.00000E+00
   1.25300E+03   4.63896E-02   1.02056E-06   9.11704E-01   9.65911E-07 
    1.35629E-02   2.83417E-02   1.00000E+00
   1.26300E+03   4.63896E-02   1.02056E-06   9.11704E-01   9.65911E-07 
    1.35629E-02   2.83417E-02   1.00000E+00
   1.27300E+03   4.63896E-02   1.02056E-06   9.11704E-01   9.65911E-07 
    1.35629E-02   2.83417E-02   1.00000E+00
   1.28300E+03   4.63896E-02   1.02056E-06   9.11704E-01   9.65911E-07 
    1.35629E-02   2.83417E-02   1.00000E+00
   1.29300E+03   4.63896E-02   1.02056E-06   9.11704E-01   9.65911E-07 
    1.35629E-02   2.83417E-02   1.00000E+00
   1.30300E+03   4.63896E-02   1.02056E-06   9.11704E-01   9.65911E-07 
    1.35629E-02   2.83417E-02   1.00000E+00
   1.31300E+03   4.63896E-02   1.02056E-06   9.11704E-01   9.65911E-07 
    1.35629E-02   2.83417E-02   1.00000E+00
   1.32300E+03   4.63896E-02   1.02056E-06   9.11704E-01   9.65911E-07 
    1.35629E-02   2.83417E-02   1.00000E+00
   1.33300E+03   4.63896E-02   1.02056E-06   9.11704E-01   9.65911E-07 
    1.35629E-02   2.83417E-02   1.00000E+00
   1.34300E+03   4.63896E-02   1.02056E-06   9.11704E-01   9.65911E-07 
    1.35629E-02   2.83417E-02   1.00000E+00
   1.35300E+03   4.63896E-02   1.02056E-06   9.11704E-01   9.65911E-07 
    1.35629E-02   2.83417E-02   1.00000E+00
   1.36300E+03   4.63896E-02   1.02056E-06   9.11704E-01   9.65911E-07 
    1.35629E-02   2.83417E-02   1.00000E+00
   1.37300E+03   4.63896E-02   1.02056E-06   9.11704E-01   9.65911E-07 
    1.35629E-02   2.83417E-02   1.00000E+00
   1.38300E+03   4.63896E-02   1.02056E-06   9.11704E-01   9.65911E-07 
    1.35629E-02   2.83417E-02   1.00000E+00
   1.39300E+03   4.63896E-02   1.02056E-06   9.11704E-01   9.65911E-07 
    1.35629E-02   2.83417E-02   1.00000E+00
   1.40300E+03   4.63896E-02   1.02056E-06   9.11704E-01   9.65911E-07 
    1.35629E-02   2.83417E-02   1.00000E+00
   1.41300E+03   4.63896E-02   1.02056E-06   9.11704E-01   9.65911E-07 
    1.35629E-02   2.83417E-02   1.00000E+00
   1.42300E+03   4.63896E-02   1.02056E-06   9.11704E-01   9.65911E-07 
    1.35629E-02   2.83417E-02   1.00000E+00
   1.43300E+03   4.63896E-02   1.02056E-06   9.11704E-01   9.65911E-07 
    1.35629E-02   2.83417E-02   1.00000E+00
   1.44300E+03   4.63896E-02   1.02056E-06   9.11704E-01   9.65911E-07 
    1.35629E-02   2.83417E-02   1.00000E+00
   1.45300E+03   4.63896E-02   1.02056E-06   9.11704E-01   9.65911E-07 
    1.35629E-02   2.83417E-02   1.00000E+00
   1.46300E+03   4.63896E-02   1.02056E-06   9.11704E-01   9.65911E-07 
    1.35629E-02   2.83417E-02   1.00000E+00
   1.47300E+03   4.63896E-02   1.02056E-06   9.11704E-01   9.65911E-07 
    1.35629E-02   2.83417E-02   1.00000E+00

 Phase Region for:
     FCC_A1#1                      
 col-1=T, col-2=X(FCC_A1#1,C), col-3=X(FCC_A1#1,CR), col-4=X(FCC_A1#1,FE),
   col-5=X(FCC_A1#1,MN), col-6=X(FCC_A1#1,NI), col-7=X(FCC_A1#1,SI),
   col-8=NP(FCC_A1#1),
   1.17300E+03   4.63896E-02   1.02056E-06   9.11704E-01   9.65911E-07 
    1.35629E-02   2.83417E-02   1.00000E+00
   1.16300E+03   4.63896E-02   1.02056E-06   9.11704E-01   9.65911E-07 
    1.35629E-02   2.83417E-02   1.00000E+00
   1.15560E+03   4.63896E-02   1.02056E-06   9.11704E-01   9.65911E-07 
    1.35629E-02   2.83417E-02   1.00000E+00

 Phase Region for:
     CEMENTITE                     
     FCC_A1#1                      
 col-1=T, col-2=X(CEMENTITE,C), col-3=X(CEMENTITE,CR), col-4=X(CEMENTITE,FE),
   col-5=X(CEMENTITE,MN), col-6=X(CEMENTITE,NI), col-7=X(CEMENTITE,SI),
   col-8=X(FCC_A1#1,C), col-9=X(FCC_A1#1,CR), col-10=X(FCC_A1#1,FE),
   col-11=X(FCC_A1#1,MN), col-12=X(FCC_A1#1,NI), col-13=X(FCC_A1#1,SI),
   col-14=NP(CEMENTITE), col-15=NP(FCC_A1#1),
   1.15560E+03   2.50000E-01   5.72613E-06   7.47755E-01   1.34046E-06 
    2.23743E-03   0.00000E+00   4.63895E-02   1.02056E-06   9.11704E-01 
    9.65911E-07   1.35629E-02   2.83417E-02   6.25231E-08   1.00000E+00
   1.15300E+03   2.50000E-01   5.72979E-06   7.47767E-01   1.34263E-06 
    2.22632E-03   0.00000E+00   4.60595E-02   1.01293E-06   9.11970E-01 
    9.65300E-07   1.35812E-02   2.83876E-02   1.61851E-03   9.98381E-01
   1.14300E+03   2.50000E-01   5.74315E-06   7.47809E-01   1.35115E-06 
    2.18355E-03   0.00000E+00   4.47968E-02   9.83620E-07   9.12986E-01 
    9.62898E-07   1.36519E-02   2.85634E-02   7.76200E-03   9.92238E-01
   1.13300E+03   2.50000E-01   5.75530E-06   7.47852E-01   1.35991E-06 
    2.14087E-03   0.00000E+00   4.35477E-02   9.54480E-07   9.13991E-01 
    9.60412E-07   1.37223E-02   2.87373E-02   1.37651E-02   9.86235E-01
   1.12300E+03   2.50000E-01   5.76625E-06   7.47895E-01   1.36890E-06 
    2.09828E-03   0.00000E+00   4.23124E-02   9.25534E-07   9.14984E-01 
    9.57842E-07   1.37924E-02   2.89092E-02   1.96313E-02   9.80369E-01
   1.11300E+03   2.50000E-01   5.77598E-06   7.47937E-01   1.37814E-06 
    2.05579E-03   0.00000E+00   4.10909E-02   8.96811E-07   9.15966E-01 
    9.55183E-07   1.38623E-02   2.90793E-02   2.53635E-02   9.74636E-01
   1.10300E+03   2.50000E-01   5.78452E-06   7.47979E-01   1.38764E-06 
    2.01340E-03   0.00000E+00   3.98833E-02   8.68335E-07   9.16936E-01 
    9.52435E-07   1.39319E-02   2.92473E-02   3.09649E-02   9.69035E-01
   1.09300E+03   2.50000E-01   5.79186E-06   7.48022E-01   1.39739E-06 
    1.97113E-03   0.00000E+00   3.86898E-02   8.40132E-07   9.17894E-01 
    9.49594E-07   1.40012E-02   2.94135E-02   3.64382E-02   9.63562E-01
   1.08300E+03   2.50000E-01   5.79802E-06   7.48064E-01   1.40740E-06 
    1.92898E-03   0.00000E+00   3.75105E-02   8.12227E-07   9.18840E-01 
    9.46658E-07   1.40702E-02   2.95776E-02   4.17861E-02   9.58214E-01
   1.07300E+03   2.50000E-01   5.80302E-06   7.48106E-01   1.41769E-06 
    1.88696E-03   0.00000E+00   3.63454E-02   7.84644E-07   9.19774E-01 
    9.43625E-07   1.41388E-02   2.97398E-02   4.70111E-02   9.52989E-01
   1.06300E+03   2.50000E-01   5.80687E-06   7.48148E-01   1.42825E-06 
    1.84508E-03   0.00000E+00   3.51949E-02   7.57408E-07   9.20696E-01 
    9.40491E-07   1.42071E-02   2.99000E-02   5.21155E-02   9.47884E-01
   1.05300E+03   2.50000E-01   5.80959E-06   7.48189E-01   1.43909E-06 
    1.80335E-03   0.00000E+00   3.40589E-02   7.30541E-07   9.21606E-01 
    9.37255E-07   1.42750E-02   3.00581E-02   5.71017E-02   9.42898E-01
   1.04300E+03   2.50000E-01   5.81121E-06   7.48231E-01   1.45022E-06 
    1.76178E-03   0.00000E+00   3.29378E-02   7.04065E-07   9.22504E-01 
    9.33915E-07   1.43425E-02   3.02141E-02   6.19718E-02   9.38028E-01
   1.03300E+03   2.50000E-01   5.81175E-06   7.48272E-01   1.46165E-06 
    1.72038E-03   0.00000E+00   3.18317E-02   6.78001E-07   9.23389E-01 
    9.30467E-07   1.44096E-02   3.03681E-02   6.67276E-02   9.33272E-01
   1.02300E+03   2.50000E-01   5.81124E-06   7.48314E-01   1.47338E-06 
    1.67916E-03   0.00000E+00   3.07408E-02   6.52370E-07   9.24261E-01 
    9.26909E-07   1.44762E-02   3.05199E-02   7.13711E-02   9.28629E-01
   1.01777E+03   2.50000E-01   5.81056E-06   7.48335E-01   1.47964E-06 
    1.65768E-03   0.00000E+00   3.01764E-02   6.39143E-07   9.24713E-01 
    9.25004E-07   1.45109E-02   3.05985E-02   7.37554E-02   9.26245E-01

 Phase Region for:
     BCC_A2                        
     CEMENTITE                     
     FCC_A1#1                      
 col-1=T, col-2=X(BCC_A2,C), col-3=X(BCC_A2,CR), col-4=X(BCC_A2,FE),
   col-5=X(BCC_A2,MN), col-6=X(BCC_A2,NI), col-7=X(BCC_A2,SI),
   col-8=X(CEMENTITE,C), col-9=X(CEMENTITE,CR), col-10=X(CEMENTITE,FE),
   col-11=X(CEMENTITE,MN), col-12=X(CEMENTITE,NI), col-13=X(CEMENTITE,SI),
   col-14=X(FCC_A1#1,C), col-15=X(FCC_A1#1,CR), col-16=X(FCC_A1#1,FE),
   col-17=X(FCC_A1#1,MN), col-18=X(FCC_A1#1,NI), col-19=X(FCC_A1#1,SI),
   col-20=NP(BCC_A2), col-21=NP(CEMENTITE), col-22=NP(FCC_A1#1),
   1.01777E+03   8.31914E-04   3.50177E-07   9.48375E-01   3.05397E-07 
    7.24083E-03   4.35512E-02   2.50000E-01   5.81056E-06   7.48335E-01 
    1.47964E-06   1.65768E-03   0.00000E+00   3.01764E-02   6.39142E-07 
    9.24713E-01   9.25006E-07   1.45109E-02   3.05985E-02   4.06403E-06 
    7.37560E-02   9.26240E-01
   1.01300E+03   8.00281E-04   3.19247E-07   9.49707E-01   3.29350E-07 
    8.14319E-03   4.13487E-02   2.50000E-01   5.46420E-06   7.48130E-01 
    1.65917E-06   1.86264E-03   0.00000E+00   2.98229E-02   5.83904E-07 
    9.24660E-01   1.03262E-06   1.65712E-02   2.89439E-02   1.83435E-01 
    9.94217E-02   7.17144E-01
   1.00300E+03   7.32480E-04   2.71865E-07   9.50967E-01   3.82984E-07 
    1.04549E-02   3.78446E-02   2.50000E-01   4.96045E-06   7.47588E-01 
    2.10277E-06   2.40461E-03   0.00000E+00   2.88567E-02   4.98610E-07 
    9.22498E-01   1.31264E-06   2.21285E-02   2.65154E-02   4.93715E-01 
    1.42072E-01   3.64214E-01
   9.93000E+02   6.63405E-04   2.42402E-07   9.50380E-01   4.40828E-07 
    1.31788E-02   3.57768E-02   2.50000E-01   4.68670E-06   7.46939E-01 
    2.60129E-06   3.05387E-03   0.00000E+00   2.76285E-02   4.43011E-07 
    9.18000E-01   1.65291E-06   2.90968E-02   2.52724E-02   6.99138E-01 
    1.69147E-01   1.31716E-01
   9.83908E+02   6.02423E-04   2.24545E-07   9.48898E-01   4.91677E-07 
    1.57842E-02   3.47151E-02   2.50000E-01   4.56037E-06   7.46307E-01 
    3.07478E-06   3.68507E-03   0.00000E+00   2.63637E-02   4.07459E-07 
    9.12536E-01   2.00336E-06   3.62840E-02   2.48136E-02   8.16409E-01 
    1.83591E-01   0.00000E+00

 Phase Region for:
     BCC_A2                        
     CEMENTITE                     
 col-1=T, col-2=X(BCC_A2,C), col-3=X(BCC_A2,CR), col-4=X(BCC_A2,FE),
   col-5=X(BCC_A2,MN), col-6=X(BCC_A2,NI), col-7=X(BCC_A2,SI),
   col-8=X(CEMENTITE,C), col-9=X(CEMENTITE,CR), col-10=X(CEMENTITE,FE),
   col-11=X(CEMENTITE,MN), col-12=X(CEMENTITE,NI), col-13=X(CEMENTITE,SI),
   col-14=NP(BCC_A2), col-15=NP(CEMENTITE),
   9.83908E+02   6.02423E-04   2.24545E-07   9.48898E-01   4.91677E-07 
    1.57842E-02   3.47151E-02   2.50000E-01   4.56037E-06   7.46307E-01 
    3.07478E-06   3.68507E-03   0.00000E+00   8.16409E-01   1.83591E-01  NONE
   9.83000E+02   5.96597E-04   2.23661E-07   9.48903E-01   4.89793E-07 
    1.57840E-02   3.47159E-02   2.50000E-01   4.56385E-06   7.46305E-01 
    3.08289E-06   3.68717E-03   0.00000E+00   8.16390E-01   1.83610E-01  NONE
   9.73000E+02   5.35570E-04   2.14035E-07   9.48957E-01   4.69275E-07 
    1.57819E-02   3.47244E-02   2.50000E-01   4.60188E-06   7.46283E-01 
    3.17118E-06   3.70946E-03   0.00000E+00   8.16190E-01   1.83810E-01  NONE
   9.63000E+02   4.80037E-04   2.04613E-07   9.49007E-01   4.49216E-07 
    1.57799E-02   3.47321E-02   2.50000E-01   4.63934E-06   7.46262E-01 
    3.25747E-06   3.73025E-03   0.00000E+00   8.16009E-01   1.83991E-01  NONE
   9.53000E+02   4.29558E-04   1.95394E-07   9.49053E-01   4.29618E-07 
    1.57780E-02   3.47391E-02   2.50000E-01   4.67620E-06   7.46242E-01 
    3.34178E-06   3.74961E-03   0.00000E+00   8.15844E-01   1.84156E-01  NONE
   9.43000E+02   3.83725E-04   1.86381E-07   9.49094E-01   4.10482E-07 
    1.57761E-02   3.47455E-02   2.50000E-01   4.71245E-06   7.46224E-01 
    3.42411E-06   3.76761E-03   0.00000E+00   8.15694E-01   1.84306E-01  NONE
   9.33000E+02   3.42164E-04   1.77575E-07   9.49132E-01   3.91809E-07 
    1.57743E-02   3.47513E-02   2.50000E-01   4.74806E-06   7.46207E-01 
    3.50445E-06   3.78431E-03   0.00000E+00   8.15558E-01   1.84442E-01  NONE
   9.23000E+02   3.04528E-04   1.68978E-07   9.49166E-01   3.73601E-07 
    1.57726E-02   3.47565E-02   2.50000E-01   4.78299E-06   7.46192E-01 
    3.58282E-06   3.79975E-03   0.00000E+00   8.15435E-01   1.84565E-01  NONE
   9.13000E+02   2.70494E-04   1.60594E-07   9.49197E-01   3.55860E-07 
    1.57711E-02   3.47613E-02   2.50000E-01   4.81723E-06   7.46178E-01 
    3.65922E-06   3.81397E-03   0.00000E+00   8.15324E-01   1.84676E-01  NONE
   9.03000E+02   2.39765E-04   1.52424E-07   9.49225E-01   3.38587E-07 
    1.57696E-02   3.47656E-02   2.50000E-01   4.85075E-06   7.46164E-01 
    3.73363E-06   3.82702E-03   0.00000E+00   8.15224E-01   1.84776E-01  NONE
   8.93000E+02   2.12065E-04   1.44471E-07   9.49250E-01   3.21783E-07 
    1.57682E-02   3.47694E-02   2.50000E-01   4.88352E-06   7.46152E-01 
    3.80607E-06   3.83893E-03   0.00000E+00   8.15133E-01   1.84867E-01  NONE
   8.83000E+02   1.87139E-04   1.36738E-07   9.49273E-01   3.05450E-07 
    1.57669E-02   3.47729E-02   2.50000E-01   4.91551E-06   7.46141E-01 
    3.87651E-06   3.84973E-03   0.00000E+00   8.15052E-01   1.84948E-01  NONE
   8.73000E+02   1.64751E-04   1.29229E-07   9.49293E-01   2.89590E-07 
    1.57658E-02   3.47760E-02   2.50000E-01   4.94670E-06   7.46132E-01 
    3.94496E-06   3.85943E-03   0.00000E+00   8.14979E-01   1.85021E-01  NONE
   8.63000E+02   1.44681E-04   1.21946E-07   9.49311E-01   2.74204E-07 
    1.57648E-02   3.47788E-02   2.50000E-01   4.97707E-06   7.46123E-01 
    4.01141E-06   3.86807E-03   0.00000E+00   8.14913E-01   1.85087E-01  NONE
   8.53000E+02   1.26727E-04   1.14891E-07   9.49328E-01   2.59294E-07 
    1.57639E-02   3.47813E-02   2.50000E-01   5.00658E-06   7.46115E-01 
    4.07585E-06   3.87564E-03   0.00000E+00   8.14855E-01   1.85145E-01  NONE
   8.43000E+02   1.10699E-04   1.08067E-07   9.49342E-01   2.44860E-07 
    1.57632E-02   3.47835E-02   2.50000E-01   5.03523E-06   7.46109E-01 
    4.13828E-06   3.88216E-03   0.00000E+00   8.14803E-01   1.85197E-01  NONE
   8.33000E+02   9.64237E-05   1.01475E-07   9.49355E-01   2.30905E-07 
    1.57626E-02   3.47855E-02   2.50000E-01   5.06298E-06   7.46103E-01 
    4.19868E-06   3.88765E-03   0.00000E+00   8.14756E-01   1.85244E-01  NONE
   8.23000E+02   8.37407E-05   9.51189E-08   9.49366E-01   2.17428E-07 
    1.57622E-02   3.47873E-02   2.50000E-01   5.08982E-06   7.46099E-01 
    4.25705E-06   3.89209E-03   0.00000E+00   8.14715E-01   1.85285E-01  NONE
   8.13000E+02   7.25006E-05   8.89988E-08   9.49376E-01   2.04429E-07 
    1.57620E-02   3.47888E-02   2.50000E-01   5.11574E-06   7.46095E-01 
    4.31340E-06   3.89549E-03   0.00000E+00   8.14678E-01   1.85322E-01  NONE
   8.03000E+02   6.25659E-05   8.31160E-08   9.49385E-01   1.91909E-07 
    1.57619E-02   3.47902E-02   2.50000E-01   5.14071E-06   7.46093E-01 
    4.36771E-06   3.89784E-03   0.00000E+00   8.14646E-01   1.85354E-01  NONE
   7.93000E+02   5.38098E-05   7.74711E-08   9.49392E-01   1.79865E-07 
    1.57621E-02   3.47914E-02   2.50000E-01   5.16474E-06   7.46091E-01 
    4.41999E-06   3.89914E-03   0.00000E+00   8.14617E-01   1.85383E-01  NONE
   7.83000E+02   4.61152E-05   7.20643E-08   9.49399E-01   1.68298E-07 
    1.57624E-02   3.47925E-02   2.50000E-01   5.18781E-06   7.46091E-01 
    4.47024E-06   3.89937E-03   0.00000E+00   8.14592E-01   1.85408E-01  NONE
   7.73000E+02   3.93746E-05   6.68953E-08   9.49404E-01   1.57204E-07 
    1.57629E-02   3.47934E-02   2.50000E-01   5.20991E-06   7.46092E-01 
    4.51846E-06   3.89852E-03   0.00000E+00   8.14570E-01   1.85430E-01  NONE
   7.63000E+02   3.34891E-05   6.19632E-08   9.49408E-01   1.46581E-07 
    1.57636E-02   3.47943E-02   2.50000E-01   5.23104E-06   7.46094E-01 
    4.56467E-06   3.89657E-03   0.00000E+00   8.14551E-01   1.85449E-01  NONE
   7.53000E+02   2.83678E-05   5.72667E-08   9.49412E-01   1.36425E-07 
    1.57645E-02   3.47950E-02   2.50000E-01   5.25120E-06   7.46097E-01 
    4.60888E-06   3.89351E-03   0.00000E+00   8.14534E-01   1.85466E-01  NONE
   7.43000E+02   2.39278E-05   5.28039E-08   9.49415E-01   1.26731E-07 
    1.57657E-02   3.47956E-02   2.50000E-01   5.27039E-06   7.46101E-01 
    4.65109E-06   3.88929E-03   0.00000E+00   8.14520E-01   1.85480E-01  NONE
   7.33000E+02   2.00930E-05   4.85723E-08   9.49416E-01   1.17496E-07 
    1.57671E-02   3.47961E-02   2.50000E-01   5.28862E-06   7.46106E-01 
    4.69134E-06   3.88391E-03   0.00000E+00   8.14507E-01   1.85493E-01  NONE
   7.23000E+02   1.67943E-05   4.45691E-08   9.49418E-01   1.08712E-07 
    1.57688E-02   3.47966E-02   2.50000E-01   5.30590E-06   7.46113E-01 
    4.72964E-06   3.87733E-03   0.00000E+00   8.14497E-01   1.85503E-01  NONE
   7.13000E+02   1.39687E-05   4.07906E-08   9.49418E-01   1.00374E-07 
    1.57707E-02   3.47970E-02   2.50000E-01   5.32222E-06   7.46120E-01 
    4.76602E-06   3.86951E-03   0.00000E+00   8.14487E-01   1.85513E-01  NONE
   7.03000E+02   1.15591E-05   3.72329E-08   9.49418E-01   9.24730E-08 
    1.57729E-02   3.47973E-02   2.50000E-01   5.33762E-06   7.46129E-01 
    4.80051E-06   3.86042E-03   0.00000E+00   8.14479E-01   1.85521E-01  NONE
   6.93000E+02   9.51392E-06   3.38915E-08   9.49417E-01   8.50021E-08 
    1.57753E-02   3.47976E-02   2.50000E-01   5.35210E-06   7.46140E-01 
    4.83314E-06   3.85002E-03   0.00000E+00   8.14473E-01   1.85527E-01  NONE
   6.83000E+02   7.78654E-06   3.07612E-08   9.49416E-01   7.79519E-08 
    1.57781E-02   3.47978E-02   2.50000E-01   5.36568E-06   7.46152E-01 
    4.86395E-06   3.83826E-03   0.00000E+00   8.14467E-01   1.85533E-01  NONE
   6.73000E+02   6.33517E-06   2.78368E-08   9.49414E-01   7.13131E-08 
    1.57812E-02   3.47980E-02   2.50000E-01   5.37838E-06   7.46165E-01 
    4.89297E-06   3.82511E-03   0.00000E+00   8.14462E-01   1.85538E-01  NONE
