
 Phase Region for:
     FCC_A1#1                      
 col-1=T, col-2=W(FCC_A1#1,C), col-3=W(FCC_A1#1,CR), col-4=W(FCC_A1#1,FE),
   col-5=W(FCC_A1#1,MN), col-6=W(FCC_A1#1,NI), col-7=W(FCC_A1#1,SI),
   col-8=NP(FCC_A1#1),
   1.17300E+03   1.05000E-02   1.00000E-06   9.66997E-01   1.00000E-06 
    7.50075E-03   1.50005E-02   1.00000E+00
   1.18300E+03   1.05000E-02   1.00000E-06   9.66997E-01   1.00000E-06 
    7.50075E-03   1.50005E-02   1.00000E+00
   1.19300E+03   1.05000E-02   1.00000E-06   9.66997E-01   1.00000E-06 
    7.50075E-03   1.50005E-02   1.00000E+00
   1.20300E+03   1.05000E-02   1.00000E-06   9.66997E-01   1.00000E-06 
    7.50075E-03   1.50005E-02   1.00000E+00
   1.21300E+03   1.05000E-02   1.00000E-06   9.66997E-01   1.00000E-06 
    7.50075E-03   1.50005E-02   1.00000E+00
   1.22300E+03   1.05000E-02   1.00000E-06   9.66997E-01   1.00000E-06 
    7.50075E-03   1.50005E-02   1.00000E+00
   1.23300E+03   1.05000E-02   1.00000E-06   9.66997E-01   1.00000E-06 
    7.50075E-03   1.50005E-02   1.00000E+00
   1.24300E+03   1.05000E-02   1.00000E-06   9.66997E-01   1.00000E-06 
    7.50075E-03   1.50005E-02   1.00000E+00
   1.25300E+03   1.05000E-02   1.00000E-06   9.66997E-01   1.00000E-06 
    7.50075E-03   1.50005E-02   1.00000E+00
   1.26300E+03   1.05000E-02   1.00000E-06   9.66997E-01   1.00000E-06 
    7.50075E-03   1.50005E-02   1.00000E+00
   1.27300E+03   1.05000E-02   1.00000E-06   9.66997E-01   1.00000E-06 
    7.50075E-03   1.50005E-02   1.00000E+00
   1.28300E+03   1.05000E-02   1.00000E-06   9.66997E-01   1.00000E-06 
    7.50075E-03   1.50005E-02   1.00000E+00
   1.29300E+03   1.05000E-02   1.00000E-06   9.66997E-01   1.00000E-06 
    7.50075E-03   1.50005E-02   1.00000E+00
   1.30300E+03   1.05000E-02   1.00000E-06   9.66997E-01   1.00000E-06 
    7.50075E-03   1.50005E-02   1.00000E+00
   1.31300E+03   1.05000E-02   1.00000E-06   9.66997E-01   1.00000E-06 
    7.50075E-03   1.50005E-02   1.00000E+00
   1.32300E+03   1.05000E-02   1.00000E-06   9.66997E-01   1.00000E-06 
    7.50075E-03   1.50005E-02   1.00000E+00
   1.33300E+03   1.05000E-02   1.00000E-06   9.66997E-01   1.00000E-06 
    7.50075E-03   1.50005E-02   1.00000E+00
   1.34300E+03   1.05000E-02   1.00000E-06   9.66997E-01   1.00000E-06 
    7.50075E-03   1.50005E-02   1.00000E+00
   1.35300E+03   1.05000E-02   1.00000E-06   9.66997E-01   1.00000E-06 
    7.50075E-03   1.50005E-02   1.00000E+00
   1.36300E+03   1.05000E-02   1.00000E-06   9.66997E-01   1.00000E-06 
    7.50075E-03   1.50005E-02   1.00000E+00
   1.37300E+03   1.05000E-02   1.00000E-06   9.66997E-01   1.00000E-06 
    7.50075E-03   1.50005E-02   1.00000E+00
   1.38300E+03   1.05000E-02   1.00000E-06   9.66997E-01   1.00000E-06 
    7.50075E-03   1.50005E-02   1.00000E+00
   1.39300E+03   1.05000E-02   1.00000E-06   9.66997E-01   1.00000E-06 
    7.50075E-03   1.50005E-02   1.00000E+00
   1.40300E+03   1.05000E-02   1.00000E-06   9.66997E-01   1.00000E-06 
    7.50075E-03   1.50005E-02   1.00000E+00
   1.41300E+03   1.05000E-02   1.00000E-06   9.66997E-01   1.00000E-06 
    7.50075E-03   1.50005E-02   1.00000E+00
   1.42300E+03   1.05000E-02   1.00000E-06   9.66997E-01   1.00000E-06 
    7.50075E-03   1.50005E-02   1.00000E+00
   1.43300E+03   1.05000E-02   1.00000E-06   9.66997E-01   1.00000E-06 
    7.50075E-03   1.50005E-02   1.00000E+00
   1.44300E+03   1.05000E-02   1.00000E-06   9.66997E-01   1.00000E-06 
    7.50075E-03   1.50005E-02   1.00000E+00
   1.45300E+03   1.05000E-02   1.00000E-06   9.66997E-01   1.00000E-06 
    7.50075E-03   1.50005E-02   1.00000E+00
   1.46300E+03   1.05000E-02   1.00000E-06   9.66997E-01   1.00000E-06 
    7.50075E-03   1.50005E-02   1.00000E+00
   1.47300E+03   1.05000E-02   1.00000E-06   9.66997E-01   1.00000E-06 
    7.50075E-03   1.50005E-02   1.00000E+00

 Phase Region for:
     FCC_A1#1                      
 col-1=T, col-2=W(FCC_A1#1,C), col-3=W(FCC_A1#1,CR), col-4=W(FCC_A1#1,FE),
   col-5=W(FCC_A1#1,MN), col-6=W(FCC_A1#1,NI), col-7=W(FCC_A1#1,SI),
   col-8=NP(FCC_A1#1),
   1.17300E+03   1.05000E-02   1.00000E-06   9.66997E-01   1.00000E-06 
    7.50075E-03   1.50005E-02   1.00000E+00
   1.16300E+03   1.05000E-02   1.00000E-06   9.66997E-01   1.00000E-06 
    7.50075E-03   1.50005E-02   1.00000E+00
   1.15300E+03   1.05000E-02   1.00000E-06   9.66997E-01   1.00000E-06 
    7.50075E-03   1.50005E-02   1.00000E+00
   1.15215E+03   1.05000E-02   1.00000E-06   9.66997E-01   1.00000E-06 
    7.50075E-03   1.50005E-02   1.00000E+00

 Phase Region for:
     CEMENTITE                     
     FCC_A1#1                      
 col-1=T, col-2=W(CEMENTITE,C), col-3=W(CEMENTITE,CR), col-4=W(CEMENTITE,FE),
   col-5=W(CEMENTITE,MN), col-6=W(CEMENTITE,NI), col-7=W(CEMENTITE,SI),
   col-8=W(FCC_A1#1,C), col-9=W(FCC_A1#1,CR), col-10=W(FCC_A1#1,FE),
   col-11=W(FCC_A1#1,MN), col-12=W(FCC_A1#1,NI), col-13=W(FCC_A1#1,SI),
   col-14=NP(CEMENTITE), col-15=NP(FCC_A1#1),
   1.15215E+03   6.68896E-02   6.60955E-06   9.31653E-01   1.69374E-06 
    1.44928E-03   0.00000E+00   1.05000E-02   1.00000E-06   9.66997E-01 
    1.00000E-06   7.50075E-03   1.50005E-02   6.21363E-08   1.00000E+00
   1.14300E+03   6.68897E-02   6.62522E-06   9.31678E-01   1.70400E-06 
    1.42415E-03   0.00000E+00   1.02303E-02   9.73096E-07   9.67166E-01 
    9.96633E-07   7.52981E-03   1.50722E-02   5.62482E-03   9.94375E-01
   1.13300E+03   6.68898E-02   6.64100E-06   9.31705E-01   1.71552E-06 
    1.39673E-03   0.00000E+00   9.93899E-03   9.43879E-07   9.67348E-01 
    9.92881E-07   7.56148E-03   1.51497E-02   1.16406E-02   9.88359E-01
   1.12300E+03   6.68899E-02   6.65537E-06   9.31732E-01   1.72735E-06 
    1.36936E-03   0.00000E+00   9.65134E-03   9.14888E-07   9.67527E-01 
    9.89054E-07   7.59303E-03   1.52263E-02   1.75204E-02   9.82480E-01
   1.11300E+03   6.68900E-02   6.66834E-06   9.31760E-01   1.73951E-06 
    1.34204E-03   0.00000E+00   9.36737E-03   8.86148E-07   9.67705E-01 
    9.85147E-07   7.62445E-03   1.53018E-02   2.32675E-02   9.76732E-01
   1.10300E+03   6.68900E-02   6.67990E-06   9.31787E-01   1.75200E-06 
    1.31479E-03   0.00000E+00   9.08708E-03   8.57683E-07   9.67879E-01 
    9.81158E-07   7.65575E-03   1.53764E-02   2.88848E-02   9.71115E-01
   1.09300E+03   6.68901E-02   6.69006E-06   9.31814E-01   1.76483E-06 
    1.28760E-03   0.00000E+00   8.81047E-03   8.29518E-07   9.68051E-01 
    9.77085E-07   7.68690E-03   1.54499E-02   3.43751E-02   9.65625E-01
   1.08300E+03   6.68902E-02   6.69883E-06   9.31841E-01   1.77800E-06 
    1.26047E-03   0.00000E+00   8.53755E-03   8.01674E-07   9.68220E-01 
    9.72925E-07   7.71792E-03   1.55225E-02   3.97412E-02   9.60259E-01
   1.07300E+03   6.68903E-02   6.70622E-06   9.31868E-01   1.79153E-06 
    1.23343E-03   0.00000E+00   8.26834E-03   7.74175E-07   9.68387E-01 
    9.68675E-07   7.74878E-03   1.55941E-02   4.49854E-02   9.55015E-01
   1.06300E+03   6.68904E-02   6.71225E-06   9.31895E-01   1.80543E-06 
    1.20647E-03   0.00000E+00   8.00285E-03   7.47043E-07   9.68551E-01 
    9.64333E-07   7.77948E-03   1.56648E-02   5.01101E-02   9.49890E-01
   1.05300E+03   6.68905E-02   6.71694E-06   9.31921E-01   1.81969E-06 
    1.17959E-03   0.00000E+00   7.74110E-03   7.20300E-07   9.68713E-01 
    9.59897E-07   7.81001E-03   1.57344E-02   5.51176E-02   9.44882E-01
   1.04300E+03   6.68906E-02   6.72031E-06   9.31948E-01   1.83434E-06 
    1.15281E-03   0.00000E+00   7.48311E-03   6.93964E-07   9.68872E-01 
    9.55363E-07   7.84036E-03   1.58030E-02   6.00101E-02   9.39990E-01
   1.03300E+03   6.68907E-02   6.72239E-06   9.31975E-01   1.84937E-06 
    1.12612E-03   0.00000E+00   7.22891E-03   6.68057E-07   9.69028E-01 
    9.50730E-07   7.87053E-03   1.58706E-02   6.47893E-02   9.35211E-01
   1.02770E+03   6.68907E-02   6.72298E-06   9.31989E-01   1.85750E-06 
    1.11202E-03   0.00000E+00   7.09568E-03   6.54503E-07   9.69110E-01 
    9.48232E-07   7.88644E-03   1.59061E-02   6.72778E-02   9.32722E-01

 Phase Region for:
     BCC_A2                        
     CEMENTITE                     
     FCC_A1#1                      
 col-1=T, col-2=W(BCC_A2,C), col-3=W(BCC_A2,CR), col-4=W(BCC_A2,FE),
   col-5=W(BCC_A2,MN), col-6=W(BCC_A2,NI), col-7=W(BCC_A2,SI),
   col-8=W(CEMENTITE,C), col-9=W(CEMENTITE,CR), col-10=W(CEMENTITE,FE),
   col-11=W(CEMENTITE,MN), col-12=W(CEMENTITE,NI), col-13=W(CEMENTITE,SI),
   col-14=W(FCC_A1#1,C), col-15=W(FCC_A1#1,CR), col-16=W(FCC_A1#1,FE),
   col-17=W(FCC_A1#1,MN), col-18=W(FCC_A1#1,NI), col-19=W(FCC_A1#1,SI),
   col-20=NP(BCC_A2), col-21=NP(CEMENTITE), col-22=NP(FCC_A1#1),
   1.02770E+03   2.04206E-04   3.48815E-07   9.73277E-01   3.28368E-07 
    4.01630E-03   2.25016E-02   6.68907E-02   6.72296E-06   9.31989E-01 
    1.85751E-06   1.11202E-03   0.00000E+00   7.09568E-03   6.54501E-07 
    9.69110E-01   9.48235E-07   7.88647E-03   1.59061E-02   5.32999E-06 
    6.72786E-02   9.32716E-01
   1.02300E+03   1.97232E-04   3.10303E-07   9.74112E-01   3.65739E-07 
    4.70511E-03   2.09850E-02   6.68901E-02   6.18957E-06   9.31801E-01 
    2.15854E-06   1.30025E-03   0.00000E+00   7.03861E-03   5.84641E-07 
    9.68901E-01   1.08717E-06   9.35279E-03   1.47063E-02   2.41515E-01 
    1.01971E-01   6.56514E-01
   1.01300E+03   1.81468E-04   2.53397E-07   9.74390E-01   4.66136E-07 
    6.86349E-03   1.85639E-02   6.68881E-02   5.42050E-06   9.31200E-01 
    3.00756E-06   1.90364E-03   0.00000E+00   6.85480E-03   4.80206E-07 
    9.66144E-01   1.49559E-06   1.41030E-02   1.28962E-02   6.59830E-01 
    1.61322E-01   1.78848E-01
   1.00749E+03   1.72267E-04   2.33962E-07   9.73635E-01   5.29231E-07 
    8.44350E-03   1.77480E-02   6.68867E-02   5.18236E-06   9.30751E-01 
    3.57027E-06   2.35361E-03   0.00000E+00   6.71346E-03   4.43474E-07 
    9.63203E-01   1.78150E-06   1.77317E-02   1.23494E-02   8.17078E-01 
    1.82922E-01   0.00000E+00

 Phase Region for:
     BCC_A2                        
     CEMENTITE                     
 col-1=T, col-2=W(BCC_A2,C), col-3=W(BCC_A2,CR), col-4=W(BCC_A2,FE),
   col-5=W(BCC_A2,MN), col-6=W(BCC_A2,NI), col-7=W(BCC_A2,SI),
   col-8=W(CEMENTITE,C), col-9=W(CEMENTITE,CR), col-10=W(CEMENTITE,FE),
   col-11=W(CEMENTITE,MN), col-12=W(CEMENTITE,NI), col-13=W(CEMENTITE,SI),
   col-14=NP(BCC_A2), col-15=NP(CEMENTITE),
   1.00749E+03   1.72267E-04   2.33962E-07   9.73635E-01   5.29231E-07 
    8.44350E-03   1.77480E-02   6.68867E-02   5.18236E-06   9.30751E-01 
    3.57027E-06   2.35361E-03   0.00000E+00   8.17078E-01   1.82922E-01  NONE
   1.00300E+03   1.64421E-04   2.29589E-07   9.73642E-01   5.19539E-07 
    8.44282E-03   1.77501E-02   6.68866E-02   5.20305E-06   9.30743E-01 
    3.62120E-06   2.36122E-03   0.00000E+00   8.16961E-01   1.83039E-01  NONE
   9.93000E+02   1.48066E-04   2.19999E-07   9.73655E-01   4.98293E-07 
    8.44134E-03   1.77544E-02   6.68866E-02   5.24863E-06   9.30727E-01 
    3.73278E-06   2.37739E-03   0.00000E+00   8.16716E-01   1.83284E-01  NONE
   9.83000E+02   1.33152E-04   2.10613E-07   9.73668E-01   4.77515E-07 
    8.43991E-03   1.77584E-02   6.68865E-02   5.29357E-06   9.30712E-01 
    3.84186E-06   2.39253E-03   0.00000E+00   8.16493E-01   1.83507E-01  NONE
   9.73000E+02   1.19565E-04   2.01430E-07   9.73679E-01   4.57207E-07 
    8.43854E-03   1.77620E-02   6.68865E-02   5.33783E-06   9.30698E-01 
    3.94845E-06   2.40668E-03   0.00000E+00   8.16290E-01   1.83710E-01  NONE
   9.63000E+02   1.07198E-04   1.92449E-07   9.73690E-01   4.37370E-07 
    8.43722E-03   1.77653E-02   6.68865E-02   5.38139E-06   9.30684E-01 
    4.05257E-06   2.41990E-03   0.00000E+00   8.16105E-01   1.83895E-01  NONE
   9.53000E+02   9.59532E-05   1.83669E-07   9.73699E-01   4.18005E-07 
    8.43596E-03   1.77683E-02   6.68864E-02   5.42424E-06   9.30672E-01 
    4.15422E-06   2.43222E-03   0.00000E+00   8.15937E-01   1.84063E-01  NONE
   9.43000E+02   8.57413E-05   1.75093E-07   9.73708E-01   3.99112E-07 
    8.43476E-03   1.77710E-02   6.68864E-02   5.46633E-06   9.30660E-01 
    4.25342E-06   2.44370E-03   0.00000E+00   8.15784E-01   1.84216E-01  NONE
   9.33000E+02   7.64786E-05   1.66722E-07   9.73716E-01   3.80692E-07 
    8.43362E-03   1.77735E-02   6.68863E-02   5.50764E-06   9.30649E-01 
    4.35017E-06   2.45435E-03   0.00000E+00   8.15646E-01   1.84354E-01  NONE
   9.23000E+02   6.80881E-05   1.58556E-07   9.73723E-01   3.62745E-07 
    8.43255E-03   1.77757E-02   6.68863E-02   5.54815E-06   9.30639E-01 
    4.44447E-06   2.46422E-03   0.00000E+00   8.15521E-01   1.84479E-01  NONE
   9.13000E+02   6.04985E-05   1.50598E-07   9.73730E-01   3.45274E-07 
    8.43154E-03   1.77777E-02   6.68863E-02   5.58782E-06   9.30630E-01 
    4.53634E-06   2.47333E-03   0.00000E+00   8.15408E-01   1.84592E-01  NONE
   9.03000E+02   5.36438E-05   1.42851E-07   9.73736E-01   3.28278E-07 
    8.43060E-03   1.77796E-02   6.68863E-02   5.62663E-06   9.30622E-01 
    4.62575E-06   2.48170E-03   0.00000E+00   8.15305E-01   1.84695E-01  NONE
   8.93000E+02   4.74630E-05   1.35316E-07   9.73741E-01   3.11758E-07 
    8.42973E-03   1.77812E-02   6.68862E-02   5.66454E-06   9.30614E-01 
    4.71273E-06   2.48936E-03   0.00000E+00   8.15213E-01   1.84787E-01  NONE
   8.83000E+02   4.18993E-05   1.27996E-07   9.73746E-01   2.95715E-07 
    8.42894E-03   1.77827E-02   6.68862E-02   5.70152E-06   9.30607E-01 
    4.79725E-06   2.49631E-03   0.00000E+00   8.15130E-01   1.84870E-01  NONE
   8.73000E+02   3.69003E-05   1.20893E-07   9.73750E-01   2.80150E-07 
    8.42822E-03   1.77840E-02   6.68862E-02   5.73756E-06   9.30601E-01 
    4.87931E-06   2.50258E-03   0.00000E+00   8.15056E-01   1.84944E-01  NONE
   8.63000E+02   3.24173E-05   1.14009E-07   9.73754E-01   2.65065E-07 
    8.42758E-03   1.77852E-02   6.68862E-02   5.77261E-06   9.30595E-01 
    4.95891E-06   2.50817E-03   0.00000E+00   8.14989E-01   1.85011E-01  NONE
   8.53000E+02   2.84052E-05   1.07346E-07   9.73758E-01   2.50459E-07 
    8.42702E-03   1.77863E-02   6.68862E-02   5.80665E-06   9.30590E-01 
    5.03604E-06   2.51310E-03   0.00000E+00   8.14929E-01   1.85071E-01  NONE
   8.43000E+02   2.48225E-05   1.00907E-07   9.73761E-01   2.36333E-07 
    8.42654E-03   1.77872E-02   6.68861E-02   5.83967E-06   9.30586E-01 
    5.11069E-06   2.51737E-03   0.00000E+00   8.14876E-01   1.85124E-01  NONE
   8.33000E+02   2.16303E-05   9.46932E-08   9.73764E-01   2.22688E-07 
    8.42615E-03   1.77881E-02   6.68861E-02   5.87163E-06   9.30582E-01 
    5.18287E-06   2.52097E-03   0.00000E+00   8.14828E-01   1.85172E-01  NONE
   8.23000E+02   1.87930E-05   8.87053E-08   9.73766E-01   2.09523E-07 
    8.42586E-03   1.77888E-02   6.68861E-02   5.90253E-06   9.30579E-01 
    5.25256E-06   2.52392E-03   0.00000E+00   8.14786E-01   1.85214E-01  NONE
   8.13000E+02   1.62774E-05   8.29446E-08   9.73768E-01   1.96837E-07 
    8.42565E-03   1.77895E-02   6.68861E-02   5.93233E-06   9.30576E-01 
    5.31977E-06   2.52622E-03   0.00000E+00   8.14748E-01   1.85252E-01  NONE
   8.03000E+02   1.40531E-05   7.74119E-08   9.73770E-01   1.84630E-07 
    8.42555E-03   1.77901E-02   6.68861E-02   5.96104E-06   9.30575E-01 
    5.38449E-06   2.52785E-03   0.00000E+00   8.14715E-01   1.85285E-01  NONE
   7.93000E+02   1.20917E-05   7.21073E-08   9.73772E-01   1.72899E-07 
    8.42554E-03   1.77906E-02   6.68861E-02   5.98863E-06   9.30574E-01 
    5.44674E-06   2.52881E-03   0.00000E+00   8.14686E-01   1.85314E-01  NONE
   7.83000E+02   1.03674E-05   6.70306E-08   9.73773E-01   1.61643E-07 
    8.42564E-03   1.77911E-02   6.68861E-02   6.01510E-06   9.30573E-01 
    5.50652E-06   2.52910E-03   0.00000E+00   8.14660E-01   1.85340E-01  NONE
   7.73000E+02   8.85619E-06   6.21812E-08   9.73774E-01   1.50858E-07 
    8.42584E-03   1.77915E-02   6.68861E-02   6.04044E-06   9.30574E-01 
    5.56383E-06   2.52870E-03   0.00000E+00   8.14638E-01   1.85362E-01  NONE
   7.63000E+02   7.53604E-06   5.75579E-08   9.73774E-01   1.40541E-07 
    8.42616E-03   1.77918E-02   6.68861E-02   6.06465E-06   9.30575E-01 
    5.61870E-06   2.52761E-03   0.00000E+00   8.14618E-01   1.85382E-01  NONE
   7.53000E+02   6.38676E-06   5.31590E-08   9.73775E-01   1.30688E-07 
    8.42660E-03   1.77921E-02   6.68861E-02   6.08773E-06   9.30576E-01 
    5.67114E-06   2.52581E-03   0.00000E+00   8.14601E-01   1.85399E-01  NONE
   7.43000E+02   5.38986E-06   4.89825E-08   9.73775E-01   1.21293E-07 
    8.42716E-03   1.77924E-02   6.68861E-02   6.10969E-06   9.30579E-01 
    5.72117E-06   2.52328E-03   0.00000E+00   8.14586E-01   1.85414E-01  NONE
   7.33000E+02   4.52842E-06   4.50257E-08   9.73775E-01   1.12351E-07 
    8.42784E-03   1.77926E-02   6.68861E-02   6.13053E-06   9.30582E-01 
    5.76883E-06   2.52001E-03   0.00000E+00   8.14573E-01   1.85427E-01  NONE
   7.23000E+02   3.78700E-06   4.12855E-08   9.73775E-01   1.03856E-07 
    8.42866E-03   1.77928E-02   6.68862E-02   6.15026E-06   9.30586E-01 
    5.81413E-06   2.51598E-03   0.00000E+00   8.14562E-01   1.85438E-01  NONE
   7.13000E+02   3.15158E-06   3.77583E-08   9.73774E-01   9.57990E-08 
    8.42961E-03   1.77930E-02   6.68862E-02   6.16890E-06   9.30591E-01 
    5.85712E-06   2.51116E-03   0.00000E+00   8.14553E-01   1.85447E-01  NONE
   7.03000E+02   2.60941E-06   3.44401E-08   9.73773E-01   8.81734E-08 
    8.43071E-03   1.77931E-02   6.68862E-02   6.18646E-06   9.30596E-01 
    5.89783E-06   2.50554E-03   0.00000E+00   8.14545E-01   1.85455E-01  NONE
   6.93000E+02   2.14896E-06   3.13261E-08   9.73773E-01   8.09702E-08 
    8.43195E-03   1.77933E-02   6.68862E-02   6.20296E-06   9.30603E-01 
    5.93631E-06   2.49908E-03   0.00000E+00   8.14538E-01   1.85462E-01  NONE
   6.83000E+02   1.75984E-06   2.84116E-08   9.73771E-01   7.41800E-08 
    8.43334E-03   1.77934E-02   6.68862E-02   6.21842E-06   9.30610E-01 
    5.97260E-06   2.49177E-03   0.00000E+00   8.14532E-01   1.85468E-01  NONE
   6.73000E+02   1.43269E-06   2.56910E-08   9.73770E-01   6.77930E-08 
    8.43490E-03   1.77934E-02   6.68863E-02   6.23287E-06   9.30618E-01 
    6.00675E-06   2.48356E-03   0.00000E+00   8.14527E-01   1.85473E-01  NONE
