
 Phase Region for:
     CEMENTITE                     
     FCC_A1#1                      
 col-1=T, col-2=X(CEMENTITE,C), col-3=X(CEMENTITE,CR), col-4=X(CEMENTITE,FE),
   col-5=X(CEMENTITE,MN), col-6=X(CEMENTITE,NI), col-7=X(CEMENTITE,SI),
   col-8=X(FCC_A1#1,C), col-9=X(FCC_A1#1,CR), col-10=X(FCC_A1#1,FE),
   col-11=X(FCC_A1#1,MN), col-12=X(FCC_A1#1,NI), col-13=X(FCC_A1#1,SI),
   col-14=NP(CEMENTITE), col-15=NP(FCC_A1#1),
   1.17300E+03   2.50000E-01   4.09772E-02   7.04986E-01   1.18438E-06 
    4.03517E-03   0.00000E+00   4.45761E-02   7.35822E-03   8.92129E-01 
    9.64116E-07   2.73358E-02   2.85998E-02   8.86453E-03   9.91135E-01
   1.18300E+03   2.50000E-01   4.08869E-02   7.04995E-01   1.17798E-06 
    4.11721E-03   0.00000E+00   4.58846E-02   7.57259E-03   8.90937E-01 
    9.65535E-07   2.71872E-02   2.84177E-02   2.51076E-03   9.97489E-01
   1.18688E+03   2.50000E-01   4.08506E-02   7.04999E-01   1.17556E-06 
    4.14914E-03   0.00000E+00   4.63971E-02   7.65624E-03   8.90470E-01 
    9.66068E-07   2.71293E-02   2.83463E-02   0.00000E+00   1.00000E+00

 Phase Region for:
     FCC_A1#1                      
 col-1=T, col-2=X(FCC_A1#1,C), col-3=X(FCC_A1#1,CR), col-4=X(FCC_A1#1,FE),
   col-5=X(FCC_A1#1,MN), col-6=X(FCC_A1#1,NI), col-7=X(FCC_A1#1,SI),
   col-8=NP(FCC_A1#1),
   1.18688E+03   4.63971E-02   7.65624E-03   8.90470E-01   9.66068E-07 
    2.71293E-02   2.83463E-02   1.00000E+00
   1.19300E+03   4.63971E-02   7.65624E-03   8.90470E-01   9.66068E-07 
    2.71293E-02   2.83463E-02   1.00000E+00
   1.20300E+03   4.63971E-02   7.65624E-03   8.90470E-01   9.66068E-07 
    2.71293E-02   2.83463E-02   1.00000E+00
   1.21300E+03   4.63971E-02   7.65624E-03   8.90470E-01   9.66068E-07 
    2.71293E-02   2.83463E-02   1.00000E+00
   1.22300E+03   4.63971E-02   7.65624E-03   8.90470E-01   9.66068E-07 
    2.71293E-02   2.83463E-02   1.00000E+00
   1.23300E+03   4.63971E-02   7.65624E-03   8.90470E-01   9.66068E-07 
    2.71293E-02   2.83463E-02   1.00000E+00
   1.24300E+03   4.63971E-02   7.65624E-03   8.90470E-01   9.66068E-07 
    2.71293E-02   2.83463E-02   1.00000E+00
   1.25300E+03   4.63971E-02   7.65624E-03   8.90470E-01   9.66068E-07 
    2.71293E-02   2.83463E-02   1.00000E+00
   1.26300E+03   4.63971E-02   7.65624E-03   8.90470E-01   9.66068E-07 
    2.71293E-02   2.83463E-02   1.00000E+00
   1.27300E+03   4.63971E-02   7.65624E-03   8.90470E-01   9.66068E-07 
    2.71293E-02   2.83463E-02   1.00000E+00
   1.28300E+03   4.63971E-02   7.65624E-03   8.90470E-01   9.66068E-07 
    2.71293E-02   2.83463E-02   1.00000E+00
   1.29300E+03   4.63971E-02   7.65624E-03   8.90470E-01   9.66068E-07 
    2.71293E-02   2.83463E-02   1.00000E+00
   1.30300E+03   4.63971E-02   7.65624E-03   8.90470E-01   9.66068E-07 
    2.71293E-02   2.83463E-02   1.00000E+00
   1.31300E+03   4.63971E-02   7.65624E-03   8.90470E-01   9.66068E-07 
    2.71293E-02   2.83463E-02   1.00000E+00
   1.32300E+03   4.63971E-02   7.65624E-03   8.90470E-01   9.66068E-07 
    2.71293E-02   2.83463E-02   1.00000E+00
   1.33300E+03   4.63971E-02   7.65624E-03   8.90470E-01   9.66068E-07 
    2.71293E-02   2.83463E-02   1.00000E+00
   1.34300E+03   4.63971E-02   7.65624E-03   8.90470E-01   9.66068E-07 
    2.71293E-02   2.83463E-02   1.00000E+00
   1.35300E+03   4.63971E-02   7.65624E-03   8.90470E-01   9.66068E-07 
    2.71293E-02   2.83463E-02   1.00000E+00
   1.36300E+03   4.63971E-02   7.65624E-03   8.90470E-01   9.66068E-07 
    2.71293E-02   2.83463E-02   1.00000E+00
   1.37300E+03   4.63971E-02   7.65624E-03   8.90470E-01   9.66068E-07 
    2.71293E-02   2.83463E-02   1.00000E+00
   1.38300E+03   4.63971E-02   7.65624E-03   8.90470E-01   9.66068E-07 
    2.71293E-02   2.83463E-02   1.00000E+00
   1.39300E+03   4.63971E-02   7.65624E-03   8.90470E-01   9.66068E-07 
    2.71293E-02   2.83463E-02   1.00000E+00
   1.40300E+03   4.63971E-02   7.65624E-03   8.90470E-01   9.66068E-07 
    2.71293E-02   2.83463E-02   1.00000E+00
   1.41300E+03   4.63971E-02   7.65624E-03   8.90470E-01   9.66068E-07 
    2.71293E-02   2.83463E-02   1.00000E+00
   1.42300E+03   4.63971E-02   7.65624E-03   8.90470E-01   9.66068E-07 
    2.71293E-02   2.83463E-02   1.00000E+00
   1.43300E+03   4.63971E-02   7.65624E-03   8.90470E-01   9.66068E-07 
    2.71293E-02   2.83463E-02   1.00000E+00
   1.44300E+03   4.63971E-02   7.65624E-03   8.90470E-01   9.66068E-07 
    2.71293E-02   2.83463E-02   1.00000E+00
   1.45300E+03   4.63971E-02   7.65624E-03   8.90470E-01   9.66068E-07 
    2.71293E-02   2.83463E-02   1.00000E+00
   1.46300E+03   4.63971E-02   7.65624E-03   8.90470E-01   9.66068E-07 
    2.71293E-02   2.83463E-02   1.00000E+00
   1.47300E+03   4.63971E-02   7.65624E-03   8.90470E-01   9.66068E-07 
    2.71293E-02   2.83463E-02   1.00000E+00

 Phase Region for:
     CEMENTITE                     
     FCC_A1#1                      
 col-1=T, col-2=X(CEMENTITE,C), col-3=X(CEMENTITE,CR), col-4=X(CEMENTITE,FE),
   col-5=X(CEMENTITE,MN), col-6=X(CEMENTITE,NI), col-7=X(CEMENTITE,SI),
   col-8=X(FCC_A1#1,C), col-9=X(FCC_A1#1,CR), col-10=X(FCC_A1#1,FE),
   col-11=X(FCC_A1#1,MN), col-12=X(FCC_A1#1,NI), col-13=X(FCC_A1#1,SI),
   col-14=NP(CEMENTITE), col-15=NP(FCC_A1#1),
   1.17300E+03   2.50000E-01   4.09772E-02   7.04986E-01   1.18438E-06 
    4.03517E-03   0.00000E+00   4.45761E-02   7.35822E-03   8.92129E-01 
    9.64116E-07   2.73358E-02   2.85998E-02   8.86453E-03   9.91135E-01
   1.16300E+03   2.50000E-01   4.10627E-02   7.04983E-01   1.19098E-06 
    3.95352E-03   0.00000E+00   4.32853E-02   7.14567E-03   8.93305E-01 
    9.62631E-07   2.74835E-02   2.87795E-02   1.50536E-02   9.84946E-01
   1.15300E+03   2.50000E-01   4.11433E-02   7.04983E-01   1.19781E-06 
    3.87227E-03   0.00000E+00   4.20122E-02   6.93504E-03   8.94465E-01 
    9.61077E-07   2.76301E-02   2.89568E-02   2.10825E-02   9.78918E-01
   1.14300E+03   2.50000E-01   4.12190E-02   7.04988E-01   1.20485E-06 
    3.79142E-03   0.00000E+00   4.07569E-02   6.72648E-03   8.95608E-01 
    9.59454E-07   2.77758E-02   2.91316E-02   2.69554E-02   9.73045E-01
   1.13300E+03   2.50000E-01   4.12897E-02   7.04998E-01   1.21211E-06 
    3.71099E-03   0.00000E+00   3.95193E-02   6.52009E-03   8.96735E-01 
    9.57757E-07   2.79203E-02   2.93039E-02   3.26765E-02   9.67324E-01
   1.12300E+03   2.50000E-01   4.13555E-02   7.05012E-01   1.21961E-06 
    3.63098E-03   0.00000E+00   3.82996E-02   6.31599E-03   8.97846E-01 
    9.55985E-07   2.80638E-02   2.94737E-02   3.82496E-02   9.61750E-01
   1.11300E+03   2.50000E-01   4.14162E-02   7.05031E-01   1.22734E-06 
    3.55141E-03   0.00000E+00   3.70978E-02   6.11430E-03   8.98940E-01 
    9.54135E-07   2.82061E-02   2.96410E-02   4.36785E-02   9.56321E-01
   1.10300E+03   2.50000E-01   4.14720E-02   7.05054E-01   1.23530E-06 
    3.47229E-03   0.00000E+00   3.59140E-02   5.91513E-03   9.00017E-01 
    9.52206E-07   2.83473E-02   2.98058E-02   4.89667E-02   9.51033E-01
   1.09300E+03   2.50000E-01   4.15228E-02   7.05082E-01   1.24351E-06 
    3.39364E-03   0.00000E+00   3.47482E-02   5.71860E-03   9.01077E-01 
    9.50195E-07   2.84873E-02   2.99681E-02   5.41175E-02   9.45882E-01
   1.08300E+03   2.50000E-01   4.15686E-02   7.05115E-01   1.25197E-06 
    3.31546E-03   0.00000E+00   3.36005E-02   5.52482E-03   9.02120E-01 
    9.48099E-07   2.86260E-02   3.01279E-02   5.91342E-02   9.40866E-01
   1.07300E+03   2.50000E-01   4.16095E-02   7.05151E-01   1.26068E-06 
    3.23776E-03   0.00000E+00   3.24709E-02   5.33388E-03   9.03146E-01 
    9.45917E-07   2.87634E-02   3.02852E-02   6.40198E-02   9.35980E-01
   1.06300E+03   2.50000E-01   4.16455E-02   7.05193E-01   1.26966E-06 
    3.16057E-03   0.00000E+00   3.13596E-02   5.14590E-03   9.04154E-01 
    9.43646E-07   2.88995E-02   3.04399E-02   6.87772E-02   9.31223E-01
   1.05300E+03   2.50000E-01   4.16766E-02   7.05238E-01   1.27890E-06 
    3.08388E-03   0.00000E+00   3.02667E-02   4.96097E-03   9.05145E-01 
    9.41284E-07   2.90342E-02   3.05920E-02   7.34092E-02   9.26591E-01
   1.04300E+03   2.50000E-01   4.17030E-02   7.05288E-01   1.28841E-06 
    3.00772E-03   0.00000E+00   2.91921E-02   4.77920E-03   9.06119E-01 
    9.38830E-07   2.91676E-02   3.07416E-02   7.79184E-02   9.22082E-01
   1.03300E+03   2.50000E-01   4.17246E-02   7.05342E-01   1.29820E-06 
    2.93210E-03   0.00000E+00   2.81360E-02   4.60066E-03   9.07074E-01 
    9.36280E-07   2.92995E-02   3.08887E-02   8.23075E-02   9.17693E-01
   1.02300E+03   2.50000E-01   4.17416E-02   7.05400E-01   1.30828E-06 
    2.85704E-03   0.00000E+00   2.70986E-02   4.42545E-03   9.08012E-01 
    9.33632E-07   2.94299E-02   3.10331E-02   8.65787E-02   9.13421E-01
   1.01300E+03   2.50000E-01   4.17542E-02   7.05462E-01   1.31865E-06 
    2.78254E-03   0.00000E+00   2.60798E-02   4.25365E-03   9.08932E-01 
    9.30885E-07   2.95588E-02   3.11749E-02   9.07344E-02   9.09266E-01
   1.00300E+03   2.50000E-01   4.17623E-02   7.05528E-01   1.32931E-06 
    2.70864E-03   0.00000E+00   2.50802E-02   4.08538E-03   9.09833E-01 
    9.28037E-07   2.96861E-02   3.13141E-02   9.47757E-02   9.05224E-01

 Phase Region for:
     BCC_A2                        
     CEMENTITE                     
     FCC_A1#1                      
 col-1=T, col-2=X(BCC_A2,C), col-3=X(BCC_A2,CR), col-4=X(BCC_A2,FE),
   col-5=X(BCC_A2,MN), col-6=X(BCC_A2,NI), col-7=X(BCC_A2,SI),
   col-8=X(CEMENTITE,C), col-9=X(CEMENTITE,CR), col-10=X(CEMENTITE,FE),
   col-11=X(CEMENTITE,MN), col-12=X(CEMENTITE,NI), col-13=X(CEMENTITE,SI),
   col-14=X(FCC_A1#1,C), col-15=X(FCC_A1#1,CR), col-16=X(FCC_A1#1,FE),
   col-17=X(FCC_A1#1,MN), col-18=X(FCC_A1#1,NI), col-19=X(FCC_A1#1,SI),
   col-20=NP(BCC_A2), col-21=NP(CEMENTITE), col-22=NP(FCC_A1#1),
   1.00300E+03   6.29196E-04   2.38546E-03   9.40602E-01   2.73335E-07 
    1.37390E-02   4.26445E-02   2.50000E-01   4.17623E-02   7.05528E-01 
    1.32932E-06   2.70864E-03   0.00000E+00   2.50802E-02   4.08538E-03 
    9.09833E-01   9.28039E-07   2.96861E-02   3.13141E-02   2.64489E-06 
    9.47760E-02   9.05221E-01
   1.00300E+03   6.29182E-04   2.38537E-03   9.40602E-01   2.73341E-07 
    1.37396E-02   4.26437E-02   2.50000E-01   4.17615E-02   7.05528E-01 
    1.32937E-06   2.70876E-03   0.00000E+00   2.50799E-02   4.08524E-03 
    9.09833E-01   9.28079E-07   2.96876E-02   3.13135E-02   7.25852E-05 
    9.47845E-02   9.05143E-01
   9.93000E+02   5.75190E-04   2.10978E-03   9.41398E-01   2.94961E-07 
    1.59143E-02   4.00023E-02   2.50000E-01   3.93156E-02   7.07501E-01 
    1.56046E-06   3.18185E-03   0.00000E+00   2.41720E-02   3.62113E-03 
    9.06866E-01   1.09833E-06   3.58355E-02   2.95046E-02   2.35399E-01 
    1.23013E-01   6.41589E-01
   9.83000E+02   5.21326E-04   1.90679E-03   9.41113E-01   3.17425E-07 
    1.82883E-02   3.81699E-02   2.50000E-01   3.76950E-02   7.08602E-01 
    1.80986E-06   3.70099E-03   0.00000E+00   2.30731E-02   3.26353E-03 
    9.02278E-01   1.29764E-06   4.30002E-02   2.83840E-02   4.13444E-01 
    1.43870E-01   4.42686E-01
   9.73000E+02   4.69326E-04   1.75328E-03   9.40118E-01   3.38770E-07 
    2.07260E-02   3.69333E-02   2.50000E-01   3.66819E-02   7.09078E-01 
    2.06850E-06   4.23783E-03   0.00000E+00   2.18398E-02   2.98075E-03 
    8.96438E-01   1.52311E-06   5.09705E-02   2.77691E-02   5.43340E-01 
    1.58523E-01   2.98137E-01
   9.63000E+02   4.20352E-04   1.63203E-03   9.38708E-01   3.57979E-07 
    2.31330E-02   3.61058E-02   2.50000E-01   3.60857E-02   7.09140E-01 
    2.33139E-06   4.77195E-03   0.00000E+00   2.05230E-02   2.74804E-03 
    8.89641E-01   1.77412E-06   5.95860E-02   2.75007E-02   6.36928E-01 
    1.68549E-01   1.94524E-01
   9.53000E+02   3.74997E-04   1.53174E-03   9.37089E-01   3.74638E-07 
    2.54511E-02   3.55527E-02   2.50000E-01   3.57697E-02   7.08937E-01 
    2.59633E-06   5.29023E-03   0.00000E+00   1.91613E-02   2.54882E-03 
    8.82081E-01   2.05199E-06   6.87423E-02   2.74643E-02   7.04293E-01 
    1.75304E-01   1.20403E-01
   9.43000E+02   3.33460E-04   1.44531E-03   9.35390E-01   3.88651E-07 
    2.76469E-02   3.51836E-02   2.50000E-01   3.56422E-02   7.08570E-01 
    2.86264E-06   5.78464E-03   0.00000E+00   1.77830E-02   2.37267E-03 
    8.73883E-01   2.35945E-06   7.83759E-02   2.75832E-02   7.52920E-01 
    1.79798E-01   6.72818E-02
   9.33000E+02   2.95710E-04   1.36825E-03   9.33694E-01   4.00075E-07 
    2.97023E-02   3.49391E-02   2.50000E-01   3.56424E-02   7.08104E-01 
    3.13034E-06   6.25035E-03   0.00000E+00   1.64089E-02   2.21307E-03 
    8.65121E-01   2.70030E-06   8.84481E-02   2.78066E-02   7.88105E-01 
    1.82743E-01   2.91526E-02
   9.23000E+02   2.61588E-04   1.29773E-03   9.32052E-01   4.09039E-07 
    3.16086E-02   3.47798E-02   2.50000E-01   3.57298E-02   7.07582E-01 
    3.39980E-06   6.68455E-03   0.00000E+00   1.50554E-02   2.06602E-03 
    8.55841E-01   3.07930E-06   9.89340E-02   2.81009E-02   8.13555E-01 
    1.84628E-01   1.81734E-03
   9.22199E+02   2.59006E-04   1.29231E-03   9.31924E-01   4.09655E-07 
    3.17546E-02   3.47698E-02   2.50000E-01   3.57396E-02   7.07539E-01 
    3.42147E-06   6.71790E-03   0.00000E+00   1.49483E-02   2.05470E-03 
    8.55076E-01   3.11147E-06   9.97910E-02   2.81268E-02   8.15256E-01 
    1.84744E-01   0.00000E+00

 Phase Region for:
     BCC_A2                        
     CEMENTITE                     
 col-1=T, col-2=X(BCC_A2,C), col-3=X(BCC_A2,CR), col-4=X(BCC_A2,FE),
   col-5=X(BCC_A2,MN), col-6=X(BCC_A2,NI), col-7=X(BCC_A2,SI),
   col-8=X(CEMENTITE,C), col-9=X(CEMENTITE,CR), col-10=X(CEMENTITE,FE),
   col-11=X(CEMENTITE,MN), col-12=X(CEMENTITE,NI), col-13=X(CEMENTITE,SI),
   col-14=NP(BCC_A2), col-15=NP(CEMENTITE),
   9.22199E+02   2.59006E-04   1.29231E-03   9.31924E-01   4.09655E-07 
    3.17546E-02   3.47698E-02   2.50000E-01   3.57396E-02   7.07539E-01 
    3.42147E-06   6.71790E-03   0.00000E+00   8.15256E-01   1.84744E-01  NONE
   9.13000E+02   2.31645E-04   1.23345E-03   9.32007E-01   3.92487E-07 
    3.17544E-02   3.47736E-02   2.50000E-01   3.59826E-02   7.07283E-01 
    3.49573E-06   6.73118E-03   0.00000E+00   8.15167E-01   1.84833E-01  NONE
   9.03000E+02   2.04762E-04   1.17096E-03   9.32092E-01   3.74236E-07 
    3.17543E-02   3.47774E-02   2.50000E-01   3.62415E-02   7.07011E-01 
    3.57470E-06   6.74342E-03   0.00000E+00   8.15079E-01   1.84921E-01  NONE
   8.93000E+02   1.80607E-04   1.11005E-03   9.32174E-01   3.56417E-07 
    3.17544E-02   3.47807E-02   2.50000E-01   3.64949E-02   7.06748E-01 
    3.65184E-06   6.75346E-03   0.00000E+00   8.15000E-01   1.85000E-01  NONE
   8.83000E+02   1.58940E-04   1.05076E-03   9.32251E-01   3.39036E-07 
    3.17548E-02   3.47837E-02   2.50000E-01   3.67425E-02   7.06492E-01 
    3.72711E-06   6.76137E-03   0.00000E+00   8.14930E-01   1.85070E-01  NONE
   8.73000E+02   1.39542E-04   9.93117E-04   9.32325E-01   3.22097E-07 
    3.17554E-02   3.47864E-02   2.50000E-01   3.69840E-02   7.06245E-01 
    3.80051E-06   6.76720E-03   0.00000E+00   8.14866E-01   1.85134E-01  NONE
   8.63000E+02   1.22209E-04   9.37152E-04   9.32395E-01   3.05607E-07 
    3.17563E-02   3.47889E-02   2.50000E-01   3.72193E-02   7.06006E-01 
    3.87200E-06   6.77100E-03   0.00000E+00   8.14810E-01   1.85190E-01  NONE
   8.53000E+02   1.06752E-04   8.82894E-04   9.32462E-01   2.89571E-07 
    3.17574E-02   3.47910E-02   2.50000E-01   3.74480E-02   7.05775E-01 
    3.94157E-06   6.77280E-03   0.00000E+00   8.14760E-01   1.85240E-01  NONE
   8.43000E+02   9.29986E-05   8.30369E-04   9.32525E-01   2.73994E-07 
    3.17588E-02   3.47929E-02   2.50000E-01   3.76701E-02   7.05553E-01 
    4.00918E-06   6.77264E-03   0.00000E+00   8.14715E-01   1.85285E-01  NONE
   8.33000E+02   8.07889E-05   7.79601E-04   9.32584E-01   2.58881E-07 
    3.17605E-02   3.47946E-02   2.50000E-01   3.78854E-02   7.05340E-01 
    4.07481E-06   6.77054E-03   0.00000E+00   8.14675E-01   1.85325E-01  NONE
   8.23000E+02   6.99757E-05   7.30612E-04   9.32641E-01   2.44237E-07 
    3.17625E-02   3.47961E-02   2.50000E-01   3.80936E-02   7.05136E-01 
    4.13844E-06   6.76651E-03   0.00000E+00   8.14640E-01   1.85360E-01  NONE
   8.13000E+02   6.04234E-05   6.83420E-04   9.32694E-01   2.30066E-07 
    3.17648E-02   3.47975E-02   2.50000E-01   3.82947E-02   7.04941E-01 
    4.20005E-06   6.76056E-03   0.00000E+00   8.14609E-01   1.85391E-01  NONE
   8.03000E+02   5.20074E-05   6.38039E-04   9.32744E-01   2.16372E-07 
    3.17675E-02   3.47986E-02   2.50000E-01   3.84885E-02   7.04755E-01 
    4.25963E-06   6.75269E-03   0.00000E+00   8.14581E-01   1.85419E-01  NONE
   7.93000E+02   4.46133E-05   5.94480E-04   9.32791E-01   2.03159E-07 
    3.17704E-02   3.47997E-02   2.50000E-01   3.86750E-02   7.04578E-01 
    4.31714E-06   6.74289E-03   0.00000E+00   8.14557E-01   1.85443E-01  NONE
   7.83000E+02   3.81360E-05   5.52750E-04   9.32835E-01   1.90427E-07 
    3.17738E-02   3.48006E-02   2.50000E-01   3.88539E-02   7.04411E-01 
    4.37259E-06   6.73115E-03   0.00000E+00   8.14536E-01   1.85464E-01  NONE
   7.73000E+02   3.24794E-05   5.12850E-04   9.32876E-01   1.78180E-07 
    3.17774E-02   3.48014E-02   2.50000E-01   3.90253E-02   7.04253E-01 
    4.42595E-06   6.71744E-03   0.00000E+00   8.14517E-01   1.85483E-01  NONE
   7.63000E+02   2.75555E-05   4.74778E-04   9.32914E-01   1.66419E-07 
    3.17815E-02   3.48020E-02   2.50000E-01   3.91891E-02   7.04105E-01 
    4.47723E-06   6.70174E-03   0.00000E+00   8.14501E-01   1.85499E-01  NONE
   7.53000E+02   2.32841E-05   4.38527E-04   9.32949E-01   1.55142E-07 
    3.17860E-02   3.48026E-02   2.50000E-01   3.93454E-02   7.03966E-01 
    4.52642E-06   6.68401E-03   0.00000E+00   8.14487E-01   1.85513E-01  NONE
   7.43000E+02   1.95919E-05   4.04086E-04   9.32982E-01   1.44349E-07 
    3.17909E-02   3.48031E-02   2.50000E-01   3.94941E-02   7.03837E-01 
    4.57352E-06   6.66422E-03   0.00000E+00   8.14475E-01   1.85525E-01  NONE
   7.33000E+02   1.64126E-05   3.71438E-04   9.33012E-01   1.34038E-07 
    3.17962E-02   3.48036E-02   2.50000E-01   3.96352E-02   7.03718E-01 
    4.61853E-06   6.64231E-03   0.00000E+00   8.14465E-01   1.85535E-01  NONE
   7.23000E+02   1.36857E-05   3.40561E-04   9.33040E-01   1.24206E-07 
    3.18019E-02   3.48040E-02   2.50000E-01   3.97689E-02   7.03608E-01 
    4.66148E-06   6.61825E-03   0.00000E+00   8.14456E-01   1.85544E-01  NONE
   7.13000E+02   1.13566E-05   3.11432E-04   9.33065E-01   1.14849E-07 
    3.18082E-02   3.48043E-02   2.50000E-01   3.98951E-02   7.03508E-01 
    4.70236E-06   6.59196E-03   0.00000E+00   8.14449E-01   1.85551E-01  NONE
   7.03000E+02   9.37599E-06   2.84018E-04   9.33087E-01   1.05962E-07 
    3.18149E-02   3.48046E-02   2.50000E-01   4.00141E-02   7.03418E-01 
    4.74121E-06   6.56338E-03   0.00000E+00   8.14442E-01   1.85558E-01  NONE
   6.93000E+02   7.69959E-06   2.58287E-04   9.33107E-01   9.75392E-08 
    3.18221E-02   3.48048E-02   2.50000E-01   4.01258E-02   7.03337E-01 
    4.77804E-06   6.53245E-03   0.00000E+00   8.14437E-01   1.85563E-01  NONE
   6.83000E+02   6.28757E-06   2.34199E-04   9.33125E-01   8.95726E-08 
    3.18298E-02   3.48050E-02   2.50000E-01   4.02306E-02   7.03266E-01 
    4.81289E-06   6.49908E-03   0.00000E+00   8.14432E-01   1.85568E-01  NONE
   6.73000E+02   5.10435E-06   2.11712E-04   9.33140E-01   8.20548E-08 
    3.18381E-02   3.48052E-02   2.50000E-01   4.03284E-02   7.03204E-01 
    4.84578E-06   6.46320E-03   0.00000E+00   8.14428E-01   1.85572E-01  NONE
