
 Phase Region for:
     FCC_A1#1                      
 col-1=T, col-2=W(FCC_A1#1,C), col-3=W(FCC_A1#1,CR), col-4=W(FCC_A1#1,FE),
   col-5=W(FCC_A1#1,MN), col-6=W(FCC_A1#1,NI), col-7=W(FCC_A1#1,SI),
   col-8=NP(FCC_A1#1),
   1.17300E+03   1.05000E-02   1.00000E-06   9.44497E-01   7.50075E-03 
    3.00000E-02   7.50075E-03   1.00000E+00
   1.18300E+03   1.05000E-02   1.00000E-06   9.44497E-01   7.50075E-03 
    3.00000E-02   7.50075E-03   1.00000E+00
   1.19300E+03   1.05000E-02   1.00000E-06   9.44497E-01   7.50075E-03 
    3.00000E-02   7.50075E-03   1.00000E+00
   1.20300E+03   1.05000E-02   1.00000E-06   9.44498E-01   7.50075E-03 
    3.00000E-02   7.50075E-03   1.00000E+00
   1.21300E+03   1.05000E-02   1.00000E-06   9.44497E-01   7.50075E-03 
    3.00000E-02   7.50075E-03   1.00000E+00
   1.22300E+03   1.05000E-02   1.00000E-06   9.44498E-01   7.50075E-03 
    3.00000E-02   7.50075E-03   1.00000E+00
   1.23300E+03   1.05000E-02   1.00000E-06   9.44497E-01   7.50075E-03 
    3.00000E-02   7.50075E-03   1.00000E+00
   1.24300E+03   1.05000E-02   1.00000E-06   9.44497E-01   7.50075E-03 
    3.00000E-02   7.50075E-03   1.00000E+00
   1.25300E+03   1.05000E-02   1.00000E-06   9.44498E-01   7.50075E-03 
    3.00000E-02   7.50075E-03   1.00000E+00
   1.26300E+03   1.05000E-02   1.00000E-06   9.44497E-01   7.50075E-03 
    3.00000E-02   7.50075E-03   1.00000E+00
   1.27300E+03   1.05000E-02   1.00000E-06   9.44497E-01   7.50075E-03 
    3.00000E-02   7.50075E-03   1.00000E+00
   1.28300E+03   1.05000E-02   1.00000E-06   9.44498E-01   7.50075E-03 
    3.00000E-02   7.50075E-03   1.00000E+00
   1.29300E+03   1.05000E-02   1.00000E-06   9.44497E-01   7.50075E-03 
    3.00000E-02   7.50075E-03   1.00000E+00
   1.30300E+03   1.05000E-02   1.00000E-06   9.44497E-01   7.50075E-03 
    3.00000E-02   7.50075E-03   1.00000E+00
   1.31300E+03   1.05000E-02   1.00000E-06   9.44498E-01   7.50075E-03 
    3.00000E-02   7.50075E-03   1.00000E+00
   1.32300E+03   1.05000E-02   1.00000E-06   9.44497E-01   7.50075E-03 
    3.00000E-02   7.50075E-03   1.00000E+00
   1.33300E+03   1.05000E-02   1.00000E-06   9.44497E-01   7.50075E-03 
    3.00000E-02   7.50075E-03   1.00000E+00
   1.34300E+03   1.05000E-02   1.00000E-06   9.44497E-01   7.50075E-03 
    3.00000E-02   7.50075E-03   1.00000E+00
   1.35300E+03   1.05000E-02   1.00000E-06   9.44497E-01   7.50075E-03 
    3.00000E-02   7.50075E-03   1.00000E+00
   1.36300E+03   1.05000E-02   1.00000E-06   9.44497E-01   7.50075E-03 
    3.00000E-02   7.50075E-03   1.00000E+00
   1.37300E+03   1.05000E-02   1.00000E-06   9.44497E-01   7.50075E-03 
    3.00000E-02   7.50075E-03   1.00000E+00
   1.38300E+03   1.05000E-02   1.00000E-06   9.44497E-01   7.50075E-03 
    3.00000E-02   7.50075E-03   1.00000E+00
   1.39300E+03   1.05000E-02   1.00000E-06   9.44497E-01   7.50075E-03 
    3.00000E-02   7.50075E-03   1.00000E+00
   1.40300E+03   1.05000E-02   1.00000E-06   9.44497E-01   7.50075E-03 
    3.00000E-02   7.50075E-03   1.00000E+00
   1.41300E+03   1.05000E-02   1.00000E-06   9.44497E-01   7.50075E-03 
    3.00000E-02   7.50075E-03   1.00000E+00
   1.42300E+03   1.05000E-02   1.00000E-06   9.44497E-01   7.50075E-03 
    3.00000E-02   7.50075E-03   1.00000E+00
   1.43300E+03   1.05000E-02   1.00000E-06   9.44497E-01   7.50075E-03 
    3.00000E-02   7.50075E-03   1.00000E+00
   1.44300E+03   1.05000E-02   1.00000E-06   9.44498E-01   7.50075E-03 
    3.00000E-02   7.50075E-03   1.00000E+00
   1.45300E+03   1.05000E-02   1.00000E-06   9.44498E-01   7.50075E-03 
    3.00000E-02   7.50075E-03   1.00000E+00
   1.46300E+03   1.05000E-02   1.00000E-06   9.44498E-01   7.50075E-03 
    3.00000E-02   7.50075E-03   1.00000E+00
   1.47300E+03   1.05000E-02   1.00000E-06   9.44497E-01   7.50075E-03 
    3.00000E-02   7.50075E-03   1.00000E+00

 Phase Region for:
     FCC_A1#1                      
 col-1=T, col-2=W(FCC_A1#1,C), col-3=W(FCC_A1#1,CR), col-4=W(FCC_A1#1,FE),
   col-5=W(FCC_A1#1,MN), col-6=W(FCC_A1#1,NI), col-7=W(FCC_A1#1,SI),
   col-8=NP(FCC_A1#1),
   1.17300E+03   1.05000E-02   1.00000E-06   9.44497E-01   7.50075E-03 
    3.00000E-02   7.50075E-03   1.00000E+00
   1.16300E+03   1.05000E-02   1.00000E-06   9.44497E-01   7.50075E-03 
    3.00000E-02   7.50075E-03   1.00000E+00
   1.15300E+03   1.05000E-02   1.00000E-06   9.44497E-01   7.50075E-03 
    3.00000E-02   7.50075E-03   1.00000E+00
   1.14409E+03   1.05000E-02   1.00000E-06   9.44497E-01   7.50075E-03 
    3.00000E-02   7.50075E-03   1.00000E+00

 Phase Region for:
     CEMENTITE                     
     FCC_A1#1                      
 col-1=T, col-2=W(CEMENTITE,C), col-3=W(CEMENTITE,CR), col-4=W(CEMENTITE,FE),
   col-5=W(CEMENTITE,MN), col-6=W(CEMENTITE,NI), col-7=W(CEMENTITE,SI),
   col-8=W(FCC_A1#1,C), col-9=W(FCC_A1#1,CR), col-10=W(FCC_A1#1,FE),
   col-11=W(FCC_A1#1,MN), col-12=W(FCC_A1#1,NI), col-13=W(FCC_A1#1,SI),
   col-14=NP(CEMENTITE), col-15=NP(FCC_A1#1),
   1.14409E+03   6.68906E-02   7.39347E-06   9.14757E-01   1.28326E-02 
    5.51186E-03   0.00000E+00   1.05000E-02   1.00000E-06   9.44498E-01 
    7.50075E-03   3.00000E-02   7.50075E-03   6.17521E-08   1.00000E+00
   1.14300E+03   6.68907E-02   7.39417E-06   9.14762E-01   1.28403E-02 
    5.49995E-03   0.00000E+00   1.04681E-02   9.96381E-07   9.44514E-01 
    7.49773E-03   3.00139E-02   7.50500E-03   6.73765E-04   9.99326E-01
   1.13300E+03   6.68911E-02   7.39946E-06   9.14799E-01   1.29118E-02 
    5.39110E-03   0.00000E+00   1.01778E-02   9.63437E-07   9.44667E-01 
    7.46983E-03   3.01406E-02   7.54361E-03   6.76717E-03   9.93233E-01
   1.12300E+03   6.68916E-02   7.40279E-06   9.14833E-01   1.29851E-02 
    5.28248E-03   0.00000E+00   9.89092E-03   9.30844E-07   9.44818E-01 
    7.44151E-03   3.02670E-02   7.58177E-03   1.27286E-02   9.87271E-01
   1.11300E+03   6.68920E-02   7.40416E-06   9.14866E-01   1.30603E-02 
    5.17414E-03   0.00000E+00   9.60741E-03   8.98633E-07   9.44967E-01 
    7.41275E-03   3.03930E-02   7.61947E-03   1.85610E-02   9.81439E-01
   1.10300E+03   6.68924E-02   7.40360E-06   9.14897E-01   1.31373E-02 
    5.06608E-03   0.00000E+00   9.32729E-03   8.66833E-07   9.45113E-01 
    7.38353E-03   3.05185E-02   7.65673E-03   2.42673E-02   9.75733E-01
   1.09300E+03   6.68929E-02   7.40114E-06   9.14925E-01   1.32163E-02 
    4.95833E-03   0.00000E+00   9.05056E-03   8.35475E-07   9.45258E-01 
    7.35385E-03   3.06436E-02   7.69354E-03   2.98500E-02   9.70150E-01
   1.08300E+03   6.68933E-02   7.39683E-06   9.14951E-01   1.32972E-02 
    4.85091E-03   0.00000E+00   8.77725E-03   8.04585E-07   9.45400E-01 
    7.32367E-03   3.07683E-02   7.72989E-03   3.53117E-02   9.64688E-01
   1.07300E+03   6.68937E-02   7.39070E-06   9.14975E-01   1.33801E-02 
    4.74384E-03   0.00000E+00   8.50737E-03   7.74190E-07   9.45541E-01 
    7.29301E-03   3.08924E-02   7.76578E-03   4.06548E-02   9.59345E-01
   1.06300E+03   6.68942E-02   7.38279E-06   9.14996E-01   1.34651E-02 
    4.63716E-03   0.00000E+00   8.24093E-03   7.44315E-07   9.45679E-01 
    7.26183E-03   3.10160E-02   7.80122E-03   4.58814E-02   9.54119E-01
   1.05300E+03   6.68946E-02   7.37317E-06   9.15015E-01   1.35522E-02 
    4.53088E-03   0.00000E+00   7.97796E-03   7.14984E-07   9.45816E-01 
    7.23012E-03   3.11390E-02   7.83619E-03   5.09936E-02   9.49006E-01
   1.04300E+03   6.68951E-02   7.36188E-06   9.15031E-01   1.36413E-02 
    4.42503E-03   0.00000E+00   7.71849E-03   6.86220E-07   9.45951E-01 
    7.19788E-03   3.12614E-02   7.87070E-03   5.59934E-02   9.44007E-01
   1.03300E+03   6.68955E-02   7.34899E-06   9.15045E-01   1.37327E-02 
    4.31964E-03   0.00000E+00   7.46253E-03   6.58042E-07   9.46084E-01 
    7.16510E-03   3.13831E-02   7.90474E-03   6.08826E-02   9.39117E-01
   1.02300E+03   6.68960E-02   7.33456E-06   9.15056E-01   1.38263E-02 
    4.21474E-03   0.00000E+00   7.21012E-03   6.30471E-07   9.46215E-01 
    7.13175E-03   3.15042E-02   7.93831E-03   6.56629E-02   9.34337E-01
   1.01300E+03   6.68964E-02   7.31865E-06   9.15064E-01   1.39222E-02 
    4.11035E-03   0.00000E+00   6.96129E-03   6.03523E-07   9.46344E-01 
    7.09782E-03   3.16245E-02   7.97140E-03   7.03359E-02   9.29664E-01
   1.00300E+03   6.68968E-02   7.30135E-06   9.15069E-01   1.40204E-02 
    4.00651E-03   0.00000E+00   6.71609E-03   5.77215E-07   9.46472E-01 
    7.06332E-03   3.17440E-02   8.00401E-03   7.49031E-02   9.25097E-01
   9.93000E+02   6.68973E-02   7.28273E-06   9.15071E-01   1.41210E-02 
    3.90325E-03   0.00000E+00   6.47455E-03   5.51560E-07   9.46598E-01 
    7.02822E-03   3.18627E-02   8.03613E-03   7.93659E-02   9.20634E-01
   9.83000E+02   6.68977E-02   7.26286E-06   9.15070E-01   1.42241E-02 
    3.80059E-03   0.00000E+00   6.23671E-03   5.26570E-07   9.46722E-01 
    6.99251E-03   3.19805E-02   8.06776E-03   8.37255E-02   9.16274E-01
   9.76271E+02   6.68980E-02   7.24883E-06   9.15068E-01   1.42949E-02 
    3.73187E-03   0.00000E+00   6.07878E-03   5.10135E-07   9.46805E-01 
    6.96814E-03   3.20592E-02   8.08876E-03   8.66016E-02   9.13398E-01

 Phase Region for:
     BCC_A2                        
     CEMENTITE                     
     FCC_A1#1                      
 col-1=T, col-2=W(BCC_A2,C), col-3=W(BCC_A2,CR), col-4=W(BCC_A2,FE),
   col-5=W(BCC_A2,MN), col-6=W(BCC_A2,NI), col-7=W(BCC_A2,SI),
   col-8=W(CEMENTITE,C), col-9=W(CEMENTITE,CR), col-10=W(CEMENTITE,FE),
   col-11=W(CEMENTITE,MN), col-12=W(CEMENTITE,NI), col-13=W(CEMENTITE,SI),
   col-14=W(FCC_A1#1,C), col-15=W(FCC_A1#1,CR), col-16=W(FCC_A1#1,FE),
   col-17=W(FCC_A1#1,MN), col-18=W(FCC_A1#1,NI), col-19=W(FCC_A1#1,SI),
   col-20=NP(BCC_A2), col-21=NP(CEMENTITE), col-22=NP(FCC_A1#1),
   9.76271E+02   1.26936E-04   2.66409E-07   9.73663E-01   1.61765E-03 
    1.31444E-02   1.14473E-02   6.68980E-02   7.24882E-06   9.15068E-01 
    1.42949E-02   3.73188E-03   0.00000E+00   6.07878E-03   5.10134E-07 
    9.46804E-01   6.96815E-03   3.20593E-02   8.08875E-03   2.97052E-06 
    8.66020E-02   9.13395E-01
   9.73000E+02   1.22628E-04   2.51595E-07   9.73235E-01   1.66949E-03 
    1.39139E-02   1.10587E-02   6.68982E-02   6.98274E-06   9.14026E-01 
    1.51064E-02   3.96217E-03   0.00000E+00   5.99166E-03   4.81100E-07 
    9.44265E-01   7.40399E-03   3.44896E-02   7.84913E-03   9.17639E-02 
    9.90669E-02   8.09169E-01
   9.63000E+02   1.09830E-04   2.18632E-07   9.71541E-01   1.81750E-03 
    1.63185E-02   1.02126E-02   6.68986E-02   6.42326E-06   9.10836E-01 
    1.75714E-02   4.68795E-03   0.00000E+00   5.70237E-03   4.14887E-07 
    9.35513E-01   8.82003E-03   4.25810E-02   7.38279E-03   3.12569E-01 
    1.28595E-01   5.58836E-01
   9.53000E+02   9.78765E-05   1.96941E-07   9.69558E-01   1.94223E-03 
    1.86950E-02   9.70716E-03   6.68988E-02   6.10440E-06   9.07730E-01 
    1.99500E-02   5.41508E-03   0.00000E+00   5.39084E-03   3.69452E-07 
    9.25620E-01   1.03367E-02   5.14718E-02   7.18033E-03   4.64049E-01 
    1.48196E-01   3.87756E-01
   9.43000E+02   8.69255E-05   1.81254E-07   9.67513E-01   2.04046E-03 
    2.09618E-02   9.39763E-03   6.68991E-02   5.91893E-06   9.04766E-01 
    2.22102E-02   6.11873E-03   0.00000E+00   5.06748E-03   3.35207E-07 
    9.14844E-01   1.19440E-02   6.10140E-02   7.13000E-03   5.68727E-01 
    1.61182E-01   2.70091E-01
   9.33000E+02   7.69985E-05   1.68969E-07   9.65528E-01   2.11272E-03 
    2.30784E-02   9.20397E-03   6.68993E-02   5.81137E-06   9.01963E-01 
    2.43467E-02   6.78570E-03   0.00000E+00   4.73844E-03   3.07398E-07 
    9.03299E-01   1.36467E-02   7.11453E-02   7.17061E-03   6.42116E-01 
    1.69842E-01   1.88042E-01
   9.23000E+02   6.80556E-05   1.58728E-07   9.63663E-01   2.16081E-03 
    2.50263E-02   9.08141E-03   6.68995E-02   5.75172E-06   8.99323E-01 
    2.63626E-02   7.40896E-03   0.00000E+00   4.40766E-03   2.83551E-07 
    8.91018E-01   1.54569E-02   8.18499E-02   7.26752E-03   6.94276E-01 
    1.75652E-01   1.30071E-01
   9.13000E+02   6.00319E-05   1.49781E-07   9.61952E-01   2.18689E-03 
    2.67976E-02   9.00382E-03   6.68997E-02   5.72277E-06   8.96848E-01 
    2.82622E-02   7.98470E-03   0.00000E+00   4.07809E-03   2.62312E-07 
    8.77995E-01   1.73899E-02   9.31367E-02   7.39986E-03   7.31726E-01 
    1.79562E-01   8.87126E-02
   9.03000E+02   5.28543E-05   1.41688E-07   9.60408E-01   2.19311E-03 
    2.83909E-02   8.95526E-03   6.69000E-02   5.71410E-06   8.94534E-01 
    3.00491E-02   8.51096E-03   0.00000E+00   3.75224E-03   2.42909E-07 
    8.64205E-01   1.94628E-02   1.05026E-01   7.55406E-03   7.58771E-01 
    1.82188E-01   5.90410E-02
   8.93000E+02   4.64485E-05   1.34185E-07   9.59038E-01   2.18154E-03 
    2.98079E-02   8.92564E-03   6.69003E-02   5.71907E-06   8.92382E-01 
    3.17255E-02   8.98689E-03   0.00000E+00   3.43247E-03   2.24892E-07 
    8.49612E-01   2.16936E-02   1.17542E-01   7.72063E-03   7.78327E-01 
    1.83941E-01   3.77318E-02
   8.83000E+02   4.07432E-05   1.27104E-07   9.57844E-01   2.15419E-03 
    3.10526E-02   8.90837E-03   6.69006E-02   5.73330E-06   8.90389E-01 
    3.32926E-02   9.41237E-03   0.00000E+00   3.12117E-03   2.07999E-07 
    8.34184E-01   2.41005E-02   1.30702E-01   7.89242E-03   7.92416E-01 
    1.85098E-01   2.24859E-02
   8.73000E+02   3.56710E-05   1.20341E-07   9.56822E-01   2.11295E-03 
    3.21306E-02   8.89904E-03   6.69010E-02   5.75377E-06   8.88554E-01 
    3.47509E-02   9.78784E-03   0.00000E+00   2.82083E-03   1.92085E-07 
    8.17902E-01   2.67000E-02   1.44513E-01   8.06373E-03   8.02474E-01 
    1.85848E-01   1.16776E-02
   8.63000E+02   3.11694E-05   1.13830E-07   9.55966E-01   2.05963E-03 
    3.30485E-02   8.89467E-03   6.69015E-02   5.77836E-06   8.86878E-01 
    3.61004E-02   1.01142E-02   0.00000E+00   2.53400E-03   1.77072E-07 
    8.00770E-01   2.95047E-02   1.58961E-01   8.22987E-03   8.09541E-01 
    1.86323E-01   4.13528E-03
   8.55290E+02   2.80519E-05   1.08957E-07   9.55416E-01   2.01140E-03 
    3.36515E-02   8.89339E-03   6.69018E-02   5.79915E-06   8.85693E-01 
    3.70664E-02   1.03332E-02   0.00000E+00   2.32369E-03   1.66092E-07 
    7.87004E-01   3.18116E-02   1.70509E-01   8.35196E-03   8.13439E-01 
    1.86561E-01   0.00000E+00

 Phase Region for:
     BCC_A2                        
     CEMENTITE                     
 col-1=T, col-2=W(BCC_A2,C), col-3=W(BCC_A2,CR), col-4=W(BCC_A2,FE),
   col-5=W(BCC_A2,MN), col-6=W(BCC_A2,NI), col-7=W(BCC_A2,SI),
   col-8=W(CEMENTITE,C), col-9=W(CEMENTITE,CR), col-10=W(CEMENTITE,FE),
   col-11=W(CEMENTITE,MN), col-12=W(CEMENTITE,NI), col-13=W(CEMENTITE,SI),
   col-14=NP(BCC_A2), col-15=NP(CEMENTITE),
   8.55290E+02   2.80519E-05   1.08957E-07   9.55416E-01   2.01140E-03 
    3.36515E-02   8.89339E-03   6.69018E-02   5.79915E-06   8.85693E-01 
    3.70664E-02   1.03332E-02   0.00000E+00   8.13439E-01   1.86561E-01  NONE
   8.53000E+02   2.72025E-05   1.07493E-07   9.55443E-01   1.98614E-03 
    3.36504E-02   8.89350E-03   6.69020E-02   5.80666E-06   8.85551E-01 
    3.72001E-02   1.03408E-02   0.00000E+00   8.13426E-01   1.86574E-01  NONE
   8.43000E+02   2.37470E-05   1.01225E-07   9.55559E-01   1.87798E-03 
    3.36456E-02   8.89395E-03   6.69025E-02   5.83886E-06   8.84946E-01 
    3.77728E-02   1.03725E-02   0.00000E+00   8.13374E-01   1.86626E-01  NONE
   8.33000E+02   2.06742E-05   9.51572E-08   9.55670E-01   1.77326E-03 
    3.36412E-02   8.89434E-03   6.69030E-02   5.87015E-06   8.84361E-01 
    3.83279E-02   1.04019E-02   0.00000E+00   8.13328E-01   1.86672E-01  NONE
   8.23000E+02   1.79480E-05   8.92932E-08   9.55778E-01   1.67197E-03 
    3.36371E-02   8.89469E-03   6.69035E-02   5.90048E-06   8.83797E-01 
    3.88652E-02   1.04289E-02   0.00000E+00   8.13287E-01   1.86713E-01  NONE
   8.13000E+02   1.55351E-05   8.36354E-08   9.55882E-01   1.57413E-03 
    3.36333E-02   8.89500E-03   6.69040E-02   5.92983E-06   8.83252E-01 
    3.93846E-02   1.04535E-02   0.00000E+00   8.13251E-01   1.86749E-01  NONE
   8.03000E+02   1.34048E-05   7.81860E-08   9.55982E-01   1.47972E-03 
    3.36299E-02   8.89527E-03   6.69045E-02   5.95818E-06   8.82728E-01 
    3.98862E-02   1.04757E-02   0.00000E+00   8.13219E-01   1.86781E-01  NONE
   7.93000E+02   1.15291E-05   7.29468E-08   9.56077E-01   1.38876E-03 
    3.36269E-02   8.89551E-03   6.69050E-02   5.98551E-06   8.82224E-01 
    4.03698E-02   1.04955E-02   0.00000E+00   8.13191E-01   1.86809E-01  NONE
   7.83000E+02   9.88211E-06   6.79190E-08   9.56169E-01   1.30124E-03 
    3.36242E-02   8.89572E-03   6.69054E-02   6.01181E-06   8.81740E-01 
    4.08355E-02   1.05128E-02   0.00000E+00   8.13166E-01   1.86834E-01  NONE
   7.73000E+02   8.44027E-06   6.31037E-08   9.56257E-01   1.21716E-03 
    3.36219E-02   8.89590E-03   6.69059E-02   6.03705E-06   8.81277E-01 
    4.12833E-02   1.05275E-02   0.00000E+00   8.13144E-01   1.86856E-01  NONE
   7.63000E+02   7.18195E-06   5.85010E-08   9.56340E-01   1.13649E-03 
    3.36200E-02   8.89605E-03   6.69063E-02   6.06122E-06   8.80835E-01 
    4.17132E-02   1.05398E-02   0.00000E+00   8.13126E-01   1.86874E-01  NONE
   7.53000E+02   6.08738E-06   5.41108E-08   9.56420E-01   1.05922E-03 
    3.36186E-02   8.89619E-03   6.69067E-02   6.08433E-06   8.80413E-01 
    4.21252E-02   1.05493E-02   0.00000E+00   8.13109E-01   1.86891E-01  NONE
   7.43000E+02   5.13854E-06   4.99324E-08   9.56496E-01   9.85341E-04 
    3.36176E-02   8.89631E-03   6.69072E-02   6.10637E-06   8.80011E-01 
    4.25194E-02   1.05562E-02   0.00000E+00   8.13095E-01   1.86905E-01  NONE
   7.33000E+02   4.31901E-06   4.59645E-08   9.56567E-01   9.14815E-04 
    3.36171E-02   8.89640E-03   6.69076E-02   6.12733E-06   8.79630E-01 
    4.28959E-02   1.05603E-02   0.00000E+00   8.13083E-01   1.86917E-01  NONE
   7.23000E+02   3.61387E-06   4.22052E-08   9.56635E-01   8.47613E-04 
    3.36171E-02   8.89649E-03   6.69080E-02   6.14722E-06   8.79269E-01 
    4.32549E-02   1.05615E-02   0.00000E+00   8.13072E-01   1.86928E-01  NONE
   7.13000E+02   3.00962E-06   3.86522E-08   9.56699E-01   7.83696E-04 
    3.36176E-02   8.89656E-03   6.69083E-02   6.16606E-06   8.78929E-01 
    4.35966E-02   1.05597E-02   0.00000E+00   8.13063E-01   1.86937E-01  NONE
   7.10131E+02   2.85315E-06   3.76706E-08   9.56717E-01   7.65961E-04 
    3.36179E-02   8.89658E-03   6.69084E-02   6.17126E-06   8.78835E-01 
    4.36914E-02   1.05586E-02   0.00000E+00   8.13061E-01   1.86939E-01  NONE

 Phase Region for:
     BCC_A2                        
     CEMENTITE                     
     FCC_A1#1                      
 col-1=T, col-2=W(BCC_A2,C), col-3=W(BCC_A2,CR), col-4=W(BCC_A2,FE),
   col-5=W(BCC_A2,MN), col-6=W(BCC_A2,NI), col-7=W(BCC_A2,SI),
   col-8=W(CEMENTITE,C), col-9=W(CEMENTITE,CR), col-10=W(CEMENTITE,FE),
   col-11=W(CEMENTITE,MN), col-12=W(CEMENTITE,NI), col-13=W(CEMENTITE,SI),
   col-14=W(FCC_A1#1,C), col-15=W(FCC_A1#1,CR), col-16=W(FCC_A1#1,FE),
   col-17=W(FCC_A1#1,MN), col-18=W(FCC_A1#1,NI), col-19=W(FCC_A1#1,SI),
   col-20=NP(BCC_A2), col-21=NP(CEMENTITE), col-22=NP(FCC_A1#1),
   7.10131E+02   2.85314E-06   3.76706E-08   9.56717E-01   7.65961E-04 
    3.36179E-02   8.89658E-03   6.69084E-02   6.17126E-06   8.78835E-01 
    4.36914E-02   1.05586E-02   0.00000E+00   3.94060E-04   4.49899E-08 
    5.25488E-01   8.07293E-02   3.83792E-01   9.59650E-03   8.13061E-01 
    1.86939E-01   1.10663E-08
   7.03000E+02   2.49989E-06   3.52496E-08   9.57102E-01   7.14659E-04 
    3.32846E-02   8.89582E-03   6.69086E-02   6.18426E-06   8.79109E-01 
    4.35327E-02   1.04434E-02   0.00000E+00   3.63672E-04   4.20286E-08 
    5.15536E-01   8.24710E-02   3.91970E-01   9.65931E-03   8.12268E-01 
    1.86939E-01   7.93015E-04
   6.93000E+02   2.06832E-06   3.20299E-08   9.57671E-01   6.46367E-04 
    3.27863E-02   8.89451E-03   6.69089E-02   6.20153E-06   8.79563E-01 
    4.32535E-02   1.02686E-02   0.00000E+00   3.25147E-04   3.81486E-08 
    5.02071E-01   8.47573E-02   4.03092E-01   9.75519E-03   8.11144E-01 
    1.86940E-01   1.91639E-03
   6.83000E+02   1.70254E-06   2.90121E-08   9.58269E-01   5.82396E-04 
    3.22537E-02   8.89288E-03   6.69091E-02   6.21772E-06   8.80093E-01 
    4.29121E-02   1.00791E-02   0.00000E+00   2.90787E-04   3.45623E-08 
    4.89145E-01   8.68646E-02   4.13838E-01   9.86090E-03   8.10009E-01 
    1.86940E-01   3.05076E-03
   6.73000E+02   1.39391E-06   2.61926E-08   9.58897E-01   5.22764E-04 
    3.16884E-02   8.89088E-03   6.69094E-02   6.23283E-06   8.80696E-01 
    4.25134E-02   9.87552E-03   0.00000E+00   2.60032E-04   3.12460E-08 
    4.76724E-01   8.87965E-02   4.24242E-01   9.97716E-03   8.08865E-01 
    1.86941E-01   4.19422E-03
