
 Phase Region for:
     FCC_A1#1                      
 col-1=T, col-2=X(FCC_A1#1,C), col-3=X(FCC_A1#1,CR), col-4=X(FCC_A1#1,FE),
   col-5=X(FCC_A1#1,MN), col-6=X(FCC_A1#1,NI), col-7=X(FCC_A1#1,SI),
   col-8=NP(FCC_A1#1),
   1.17300E+03   4.64589E-02   1.02209E-06   8.72624E-01   7.25589E-03 
    4.52757E-02   2.83841E-02   1.00000E+00
   1.18300E+03   4.64589E-02   1.02209E-06   8.72624E-01   7.25589E-03 
    4.52757E-02   2.83841E-02   1.00000E+00
   1.19300E+03   4.64589E-02   1.02209E-06   8.72624E-01   7.25589E-03 
    4.52757E-02   2.83841E-02   1.00000E+00
   1.20300E+03   4.64589E-02   1.02209E-06   8.72624E-01   7.25589E-03 
    4.52757E-02   2.83841E-02   1.00000E+00
   1.21300E+03   4.64589E-02   1.02209E-06   8.72624E-01   7.25589E-03 
    4.52757E-02   2.83841E-02   1.00000E+00
   1.22300E+03   4.64589E-02   1.02209E-06   8.72624E-01   7.25589E-03 
    4.52757E-02   2.83841E-02   1.00000E+00
   1.23300E+03   4.64589E-02   1.02209E-06   8.72624E-01   7.25589E-03 
    4.52757E-02   2.83841E-02   1.00000E+00
   1.24300E+03   4.64589E-02   1.02209E-06   8.72624E-01   7.25589E-03 
    4.52757E-02   2.83841E-02   1.00000E+00
   1.25300E+03   4.64589E-02   1.02209E-06   8.72624E-01   7.25589E-03 
    4.52757E-02   2.83841E-02   1.00000E+00
   1.26300E+03   4.64589E-02   1.02209E-06   8.72624E-01   7.25589E-03 
    4.52757E-02   2.83841E-02   1.00000E+00
   1.27300E+03   4.64589E-02   1.02209E-06   8.72624E-01   7.25589E-03 
    4.52757E-02   2.83841E-02   1.00000E+00
   1.28300E+03   4.64589E-02   1.02209E-06   8.72624E-01   7.25589E-03 
    4.52757E-02   2.83841E-02   1.00000E+00
   1.29300E+03   4.64589E-02   1.02209E-06   8.72624E-01   7.25589E-03 
    4.52757E-02   2.83841E-02   1.00000E+00
   1.30300E+03   4.64589E-02   1.02209E-06   8.72624E-01   7.25589E-03 
    4.52757E-02   2.83841E-02   1.00000E+00
   1.31300E+03   4.64589E-02   1.02209E-06   8.72624E-01   7.25589E-03 
    4.52757E-02   2.83841E-02   1.00000E+00
   1.32300E+03   4.64589E-02   1.02209E-06   8.72624E-01   7.25589E-03 
    4.52757E-02   2.83841E-02   1.00000E+00
   1.33300E+03   4.64589E-02   1.02209E-06   8.72624E-01   7.25589E-03 
    4.52757E-02   2.83841E-02   1.00000E+00
   1.34300E+03   4.64589E-02   1.02209E-06   8.72624E-01   7.25589E-03 
    4.52757E-02   2.83841E-02   1.00000E+00
   1.35300E+03   4.64589E-02   1.02209E-06   8.72624E-01   7.25589E-03 
    4.52757E-02   2.83841E-02   1.00000E+00
   1.36300E+03   4.64589E-02   1.02209E-06   8.72624E-01   7.25589E-03 
    4.52757E-02   2.83841E-02   1.00000E+00
   1.37300E+03   4.64589E-02   1.02209E-06   8.72624E-01   7.25589E-03 
    4.52757E-02   2.83841E-02   1.00000E+00
   1.38300E+03   4.64589E-02   1.02209E-06   8.72624E-01   7.25589E-03 
    4.52757E-02   2.83841E-02   1.00000E+00
   1.39300E+03   4.64589E-02   1.02209E-06   8.72624E-01   7.25589E-03 
    4.52757E-02   2.83841E-02   1.00000E+00
   1.40300E+03   4.64589E-02   1.02209E-06   8.72624E-01   7.25589E-03 
    4.52757E-02   2.83841E-02   1.00000E+00
   1.41300E+03   4.64589E-02   1.02209E-06   8.72624E-01   7.25589E-03 
    4.52757E-02   2.83841E-02   1.00000E+00
   1.42300E+03   4.64589E-02   1.02209E-06   8.72624E-01   7.25589E-03 
    4.52757E-02   2.83841E-02   1.00000E+00
   1.43300E+03   4.64589E-02   1.02209E-06   8.72624E-01   7.25589E-03 
    4.52757E-02   2.83841E-02   1.00000E+00
   1.44300E+03   4.64589E-02   1.02209E-06   8.72624E-01   7.25589E-03 
    4.52757E-02   2.83841E-02   1.00000E+00
   1.45300E+03   4.64589E-02   1.02209E-06   8.72624E-01   7.25589E-03 
    4.52757E-02   2.83841E-02   1.00000E+00
   1.46300E+03   4.64589E-02   1.02209E-06   8.72624E-01   7.25589E-03 
    4.52757E-02   2.83841E-02   1.00000E+00
   1.47300E+03   4.64589E-02   1.02209E-06   8.72624E-01   7.25589E-03 
    4.52757E-02   2.83841E-02   1.00000E+00

 Phase Region for:
     FCC_A1#1                      
 col-1=T, col-2=X(FCC_A1#1,C), col-3=X(FCC_A1#1,CR), col-4=X(FCC_A1#1,FE),
   col-5=X(FCC_A1#1,MN), col-6=X(FCC_A1#1,NI), col-7=X(FCC_A1#1,SI),
   col-8=NP(FCC_A1#1),
   1.17300E+03   4.64589E-02   1.02209E-06   8.72624E-01   7.25589E-03 
    4.52757E-02   2.83841E-02   1.00000E+00
   1.17290E+03   4.64589E-02   1.02209E-06   8.72624E-01   7.25589E-03 
    4.52757E-02   2.83841E-02   1.00000E+00
   1.17280E+03   4.64589E-02   1.02209E-06   8.72624E-01   7.25589E-03 
    4.52757E-02   2.83841E-02   1.00000E+00

 Phase Region for:
     CEMENTITE                     
     FCC_A1#1                      
 col-1=T, col-2=X(CEMENTITE,C), col-3=X(CEMENTITE,CR), col-4=X(CEMENTITE,FE),
   col-5=X(CEMENTITE,MN), col-6=X(CEMENTITE,NI), col-7=X(CEMENTITE,SI),
   col-8=X(FCC_A1#1,C), col-9=X(FCC_A1#1,CR), col-10=X(FCC_A1#1,FE),
   col-11=X(FCC_A1#1,MN), col-12=X(FCC_A1#1,NI), col-13=X(FCC_A1#1,SI),
   col-14=NP(CEMENTITE), col-15=NP(FCC_A1#1),
   1.17280E+03   2.50000E-01   5.82244E-06   7.33649E-01   8.77636E-03 
    7.56919E-03   0.00000E+00   4.64589E-02   1.02209E-06   8.72624E-01 
    7.25589E-03   4.52757E-02   2.83841E-02   6.44918E-08   1.00000E+00
   1.16300E+03   2.50000E-01   5.82964E-06   7.33754E-01   8.81882E-03 
    7.42094E-03   0.00000E+00   4.51800E-02   9.91883E-07   8.73497E-01 
    7.24607E-03   4.55135E-02   2.85624E-02   6.24403E-03   9.93756E-01
   1.15300E+03   2.50000E-01   5.83588E-06   7.33861E-01   8.86333E-03 
    7.27010E-03   0.00000E+00   4.38896E-02   9.61325E-07   8.74376E-01 
    7.23560E-03   4.57554E-02   2.87424E-02   1.24658E-02   9.87534E-01
   1.14300E+03   2.50000E-01   5.84100E-06   7.33965E-01   8.90905E-03 
    7.11977E-03   0.00000E+00   4.26143E-02   9.31068E-07   8.75243E-01 
    7.22467E-03   4.59964E-02   2.89202E-02   1.85383E-02   9.81462E-01
   1.13300E+03   2.50000E-01   5.84501E-06   7.34068E-01   8.95599E-03 
    6.96997E-03   0.00000E+00   4.13543E-02   9.01136E-07   8.76099E-01 
    7.21326E-03   4.62363E-02   2.90959E-02   2.44653E-02   9.75535E-01
   1.12300E+03   2.50000E-01   5.84794E-06   7.34169E-01   9.00419E-03 
    6.82073E-03   0.00000E+00   4.01097E-02   8.71554E-07   8.76943E-01 
    7.20136E-03   4.64752E-02   2.92695E-02   3.02499E-02   9.69750E-01
   1.11300E+03   2.50000E-01   5.84981E-06   7.34268E-01   9.05368E-03 
    6.67209E-03   0.00000E+00   3.88807E-02   8.42344E-07   8.77776E-01 
    7.18896E-03   4.67130E-02   2.94409E-02   3.58955E-02   9.64105E-01
   1.10300E+03   2.50000E-01   5.85063E-06   7.34366E-01   9.10446E-03 
    6.52408E-03   0.00000E+00   3.76673E-02   8.13529E-07   8.78596E-01 
    7.17605E-03   4.69495E-02   2.96101E-02   4.14049E-02   9.58595E-01
   1.09300E+03   2.50000E-01   5.85043E-06   7.34461E-01   9.15658E-03 
    6.37672E-03   0.00000E+00   3.64697E-02   7.85130E-07   8.79405E-01 
    7.16261E-03   4.71847E-02   2.97771E-02   4.67811E-02   9.53219E-01
   1.08300E+03   2.50000E-01   5.84924E-06   7.34554E-01   9.21007E-03 
    6.23005E-03   0.00000E+00   3.52882E-02   7.57167E-07   8.80202E-01 
    7.14864E-03   4.74186E-02   2.99419E-02   5.20266E-02   9.47973E-01
   1.07300E+03   2.50000E-01   5.84708E-06   7.34645E-01   9.26495E-03 
    6.08412E-03   0.00000E+00   3.41228E-02   7.29660E-07   8.80987E-01 
    7.13413E-03   4.76510E-02   3.01044E-02   5.71440E-02   9.42856E-01
   1.06300E+03   2.50000E-01   5.84400E-06   7.34734E-01   9.32125E-03 
    5.93894E-03   0.00000E+00   3.29738E-02   7.02627E-07   8.81760E-01 
    7.11906E-03   4.78818E-02   3.02646E-02   6.21358E-02   9.37864E-01
   1.05300E+03   2.50000E-01   5.84001E-06   7.34821E-01   9.37902E-03 
    5.79456E-03   0.00000E+00   3.18414E-02   6.76085E-07   8.82521E-01 
    7.10342E-03   4.81110E-02   3.04225E-02   6.70041E-02   9.32996E-01
   1.04300E+03   2.50000E-01   5.83517E-06   7.34905E-01   9.43827E-03 
    5.65102E-03   0.00000E+00   3.07257E-02   6.50052E-07   8.83270E-01 
    7.08720E-03   4.83385E-02   3.05781E-02   7.17511E-02   9.28249E-01
   1.03300E+03   2.50000E-01   5.82951E-06   7.34987E-01   9.49906E-03 
    5.50836E-03   0.00000E+00   2.96271E-02   6.24540E-07   8.84006E-01 
    7.07039E-03   4.85642E-02   3.07313E-02   7.63789E-02   9.23621E-01
   1.02300E+03   2.50000E-01   5.82306E-06   7.35066E-01   9.56141E-03 
    5.36661E-03   0.00000E+00   2.85457E-02   5.99565E-07   8.84731E-01 
    7.05299E-03   4.87880E-02   3.08821E-02   8.08892E-02   9.19111E-01
   1.01300E+03   2.50000E-01   5.81587E-06   7.35143E-01   9.62537E-03 
    5.22582E-03   0.00000E+00   2.74817E-02   5.75139E-07   8.85443E-01 
    7.03497E-03   4.90097E-02   3.10305E-02   8.52840E-02   9.14716E-01
   1.00300E+03   2.50000E-01   5.80799E-06   7.35217E-01   9.69097E-03 
    5.08602E-03   0.00000E+00   2.64354E-02   5.51272E-07   8.86142E-01 
    7.01634E-03   4.92294E-02   3.11764E-02   8.95648E-02   9.10435E-01
   9.93000E+02   2.50000E-01   5.79946E-06   7.35289E-01   9.75826E-03 
    4.94726E-03   0.00000E+00   2.54071E-02   5.27975E-07   8.86829E-01 
    6.99708E-03   4.94468E-02   3.13198E-02   9.37334E-02   9.06267E-01
   9.83000E+02   2.50000E-01   5.79033E-06   7.35357E-01   9.82728E-03 
    4.80957E-03   0.00000E+00   2.43969E-02   5.05256E-07   8.87503E-01 
    6.97718E-03   4.96618E-02   3.14607E-02   9.77912E-02   9.02209E-01
   9.73000E+02   2.50000E-01   5.78064E-06   7.35423E-01   9.89809E-03 
    4.67302E-03   0.00000E+00   2.34052E-02   4.83121E-07   8.88164E-01 
    6.95663E-03   4.98744E-02   3.15989E-02   1.01740E-01   8.98260E-01
   9.66568E+02   2.50000E-01   5.77414E-06   7.35464E-01   9.94459E-03 
    4.58580E-03   0.00000E+00   2.27773E-02   4.69196E-07   8.88583E-01 
    6.94307E-03   5.00099E-02   3.16865E-02   1.04222E-01   8.95778E-01

 Phase Region for:
     BCC_A2                        
     CEMENTITE                     
     FCC_A1#1                      
 col-1=T, col-2=X(BCC_A2,C), col-3=X(BCC_A2,CR), col-4=X(BCC_A2,FE),
   col-5=X(BCC_A2,MN), col-6=X(BCC_A2,NI), col-7=X(BCC_A2,SI),
   col-8=X(CEMENTITE,C), col-9=X(CEMENTITE,CR), col-10=X(CEMENTITE,FE),
   col-11=X(CEMENTITE,MN), col-12=X(CEMENTITE,NI), col-13=X(CEMENTITE,SI),
   col-14=X(FCC_A1#1,C), col-15=X(FCC_A1#1,CR), col-16=X(FCC_A1#1,FE),
   col-17=X(FCC_A1#1,MN), col-18=X(FCC_A1#1,NI), col-19=X(FCC_A1#1,SI),
   col-20=NP(BCC_A2), col-21=NP(CEMENTITE), col-22=NP(FCC_A1#1),
   9.66568E+02   4.59074E-04   2.71776E-07   9.36934E-01   1.53708E-03 
    1.93661E-02   4.17040E-02   2.50000E-01   5.77414E-06   7.35464E-01 
    9.94460E-03   4.58580E-03   0.00000E+00   2.27772E-02   4.69196E-07 
    8.88583E-01   6.94308E-03   5.00099E-02   3.16865E-02   1.83248E-06 
    1.04222E-01   8.95776E-01
   9.63000E+02   4.41894E-04   2.61390E-07   9.36936E-01   1.55743E-03 
    2.00460E-02   4.10180E-02   2.50000E-01   5.66753E-06   7.34903E-01 
    1.03360E-02   4.75489E-03   0.00000E+00   2.23497E-02   4.49858E-07 
    8.86418E-01   7.27084E-03   5.26864E-02   3.12741E-02   6.26678E-02 
    1.11936E-01   8.25397E-01
   9.53000E+02   3.95731E-04   2.37017E-07   9.36585E-01   1.60857E-03 
    2.19444E-02   3.94660E-02   2.50000E-01   5.43536E-06   7.33329E-01 
    1.14333E-02   5.23238E-03   0.00000E+00   2.10989E-02   4.03498E-07 
    8.79548E-01   8.24758E-03   6.06827E-02   3.04224E-02   2.11724E-01 
    1.29940E-01   6.58336E-01
   9.43000E+02   3.52873E-04   2.17760E-07   9.35870E-01   1.64872E-03 
    2.37887E-02   3.83398E-02   2.50000E-01   5.27722E-06   7.31776E-01 
    1.25149E-02   5.70380E-03   0.00000E+00   1.97941E-02   3.65711E-07 
    8.71641E-01   9.30540E-03   6.93434E-02   2.99158E-02   3.27835E-01 
    1.43516E-01   5.28649E-01
   9.33000E+02   3.13545E-04   2.01952E-07   9.34951E-01   1.67639E-03 
    2.55405E-02   3.75180E-02   2.50000E-01   5.17046E-06   7.30269E-01 
    1.35668E-02   6.15867E-03   0.00000E+00   1.84602E-02   3.33818E-07 
    8.62832E-01   1.04428E-02   7.86137E-02   2.96506E-02   4.18311E-01 
    1.53709E-01   4.27981E-01
   9.23000E+02   2.77760E-04   1.88515E-07   9.33941E-01   1.69124E-03 
    2.71767E-02   3.69134E-02   2.50000E-01   5.09971E-06   7.28825E-01 
    1.45801E-02   6.59009E-03   0.00000E+00   1.71170E-02   3.06094E-07 
    8.53204E-01   1.16619E-02   8.84647E-02   2.95520E-02   4.89126E-01 
    1.61362E-01   3.49512E-01
   9.13000E+02   2.45400E-04   1.76747E-07   9.32913E-01   1.69354E-03 
    2.86838E-02   3.64645E-02   2.50000E-01   5.05458E-06   7.27452E-01 
    1.55489E-02   6.99364E-03   0.00000E+00   1.57805E-02   2.81427E-07 
    8.42800E-01   1.29678E-02   9.88847E-02   2.95669E-02   5.44893E-01 
    1.67123E-01   2.87985E-01
   9.03000E+02   2.16277E-04   1.66187E-07   9.31916E-01   1.68397E-03 
    3.00552E-02   3.61283E-02   2.50000E-01   5.02792E-06   7.26160E-01 
    1.64687E-02   7.36652E-03   0.00000E+00   1.44643E-02   2.59099E-07 
    8.31639E-01   1.43668E-02   1.09871E-01   2.96580E-02   5.89090E-01 
    1.71473E-01   2.39437E-01
   8.93000E+02   1.90166E-04   1.56524E-07   9.30983E-01   1.66338E-03 
    3.12884E-02   3.58745E-02   2.50000E-01   5.01475E-06   7.24952E-01 
    1.73360E-02   7.70703E-03   0.00000E+00   1.31802E-02   2.38642E-07 
    8.19728E-01   1.58667E-02   1.21426E-01   2.97986E-02   6.24332E-01 
    1.74769E-01   2.00899E-01
   8.83000E+02   1.66828E-04   1.47547E-07   9.30135E-01   1.63277E-03 
    3.23837E-02   3.56813E-02   2.50000E-01   5.01150E-06   7.23833E-01 
    1.81475E-02   8.01427E-03   0.00000E+00   1.19389E-02   2.19750E-07 
    8.07070E-01   1.74752E-02   1.33546E-01   2.99694E-02   6.52583E-01 
    1.77275E-01   1.70142E-01
   8.73000E+02   1.46025E-04   1.39112E-07   9.29384E-01   1.59319E-03 
    3.33433E-02   3.55333E-02   2.50000E-01   5.01561E-06   7.22806E-01 
    1.89007E-02   8.28791E-03   0.00000E+00   1.07503E-02   2.02219E-07 
    7.93669E-01   1.91999E-02   1.46223E-01   3.01567E-02   6.75333E-01 
    1.79185E-01   1.45481E-01
   8.63000E+02   1.27527E-04   1.31118E-07   9.28737E-01   1.54575E-03 
    3.41707E-02   3.54191E-02   2.50000E-01   5.02515E-06   7.21874E-01 
    1.95933E-02   8.52803E-03   0.00000E+00   9.62328E-03   1.85918E-07 
    7.79543E-01   2.10466E-02   1.59436E-01   3.03508E-02   6.93723E-01 
    1.80646E-01   1.25631E-01
   8.53000E+02   1.11115E-04   1.23494E-07   9.28196E-01   1.49160E-03 
    3.48706E-02   3.53304E-02   2.50000E-01   5.03871E-06   7.21036E-01 
    2.02240E-02   8.73503E-03   0.00000E+00   8.56544E-03   1.70747E-07 
    7.64720E-01   2.30185E-02   1.73150E-01   3.05451E-02   7.08633E-01 
    1.81766E-01   1.09601E-01
   8.43000E+02   9.65868E-05   1.16194E-07   9.27762E-01   1.43185E-03 
    3.54482E-02   3.52609E-02   2.50000E-01   5.05517E-06   7.20294E-01 
    2.07915E-02   8.90967E-03   0.00000E+00   7.58342E-03   1.56646E-07 
    7.49256E-01   2.51151E-02   1.87310E-01   3.07354E-02   7.20746E-01 
    1.82626E-01   9.66280E-02
   8.33000E+02   8.37519E-05   1.09184E-07   9.27433E-01   1.36763E-03 
    3.59096E-02   3.52061E-02   2.50000E-01   5.07371E-06   7.19647E-01 
    2.12955E-02   9.05286E-03   0.00000E+00   6.68165E-03   1.43559E-07 
    7.33224E-01   2.73306E-02   2.01843E-01   3.09198E-02   7.30600E-01 
    1.83289E-01   8.61104E-02
   8.23000E+02   7.24371E-05   1.02443E-07   9.27204E-01   1.30004E-03 
    3.62609E-02   3.51623E-02   2.50000E-01   5.09366E-06   7.19092E-01 
    2.17367E-02   9.16573E-03   0.00000E+00   5.86254E-03   1.31434E-07 
    7.16723E-01   2.96534E-02   2.16663E-01   3.10981E-02   7.38621E-01 
    1.83802E-01   7.75760E-02
   8.13000E+02   6.24836E-05   9.59548E-08   9.27072E-01   1.23010E-03 
    3.65088E-02   3.51268E-02   2.50000E-01   5.11450E-06   7.18629E-01 
    2.21162E-02   9.24954E-03   0.00000E+00   5.12622E-03   1.20224E-07 
    6.99867E-01   3.20660E-02   2.31669E-01   3.12717E-02   7.45149E-01 
    1.84201E-01   7.06499E-02
   8.03000E+02   5.37467E-05   8.97120E-08   9.27030E-01   1.15880E-03 
    3.66597E-02   3.50977E-02   2.50000E-01   5.13583E-06   7.18253E-01 
    2.24360E-02   9.30565E-03   0.00000E+00   4.47063E-03   1.09876E-07 
    6.82786E-01   3.45450E-02   2.46755E-01   3.14431E-02   7.50456E-01 
    1.84511E-01   6.50330E-02
   7.93000E+02   4.60952E-05   8.37092E-08   9.27074E-01   1.08701E-03 
    3.67202E-02   3.50731E-02   2.50000E-01   5.15732E-06   7.17961E-01 
    2.26986E-02   9.33548E-03   0.00000E+00   3.89176E-03   1.00335E-07 
    6.65614E-01   3.70632E-02   2.61816E-01   3.16156E-02   7.54760E-01 
    1.84755E-01   6.04852E-02
   7.83000E+02   3.94103E-05   7.79438E-08   9.27196E-01   1.01553E-03 
    3.66966E-02   3.50520E-02   2.50000E-01   5.17872E-06   7.17747E-01 
    2.29070E-02   9.34045E-03   0.00000E+00   3.38413E-03   9.15428E-08 
    6.48478E-01   3.95908E-02   2.76754E-01   3.17931E-02   7.58239E-01 
    1.84947E-01   5.68137E-02
   7.73000E+02   3.35846E-05   7.24147E-08   9.27393E-01   9.45048E-04 
    3.65948E-02   3.50332E-02   2.50000E-01   5.19982E-06   7.17609E-01 
    2.30643E-02   9.32197E-03   0.00000E+00   2.94127E-03   8.34419E-08 
    6.31496E-01   4.20975E-02   2.91485E-01   3.19795E-02   7.61038E-01 
    1.85100E-01   5.38624E-02
   7.63000E+02   2.85213E-05   6.71219E-08   9.27659E-01   8.76149E-04 
    3.64206E-02   3.50159E-02   2.50000E-01   5.22046E-06   7.17539E-01 
    2.31741E-02   9.28140E-03   0.00000E+00   2.55629E-03   7.59744E-08 
    6.14767E-01   4.45546E-02   3.05943E-01   3.21786E-02   7.63273E-01 
    1.85222E-01   5.15052E-02
   7.53000E+02   2.41332E-05   6.20655E-08   9.27988E-01   8.09318E-04 
    3.61790E-02   3.49996E-02   2.50000E-01   5.24053E-06   7.17535E-01 
    2.32400E-02   9.22003E-03   0.00000E+00   2.22231E-03   6.90853E-08 
    5.98370E-01   4.69356E-02   3.20078E-01   3.23940E-02   7.65040E-01 
    1.85321E-01   4.96399E-02
   7.43000E+02   2.03419E-05   5.72457E-08   9.28376E-01   7.44948E-04 
    3.58747E-02   3.49835E-02   2.50000E-01   5.25992E-06   7.17590E-01 
    2.32656E-02   9.13905E-03   0.00000E+00   1.93277E-03   6.27230E-08 
    5.82363E-01   4.92179E-02   3.33857E-01   3.26289E-02   7.66416E-01 
    1.85401E-01   4.81834E-02
   7.33000E+02   1.70767E-05   5.26622E-08   9.28821E-01   6.83348E-04 
    3.55117E-02   3.49673E-02   2.50000E-01   5.27857E-06   7.17700E-01 
    2.32547E-02   9.03957E-03   0.00000E+00   1.68165E-03   5.68402E-08 
    5.66787E-01   5.13819E-02   3.47264E-01   3.28862E-02   7.67465E-01 
    1.85467E-01   4.70685E-02
   7.23000E+02   1.42745E-05   4.83145E-08   9.29317E-01   6.24749E-04 
    3.50937E-02   3.49506E-02   2.50000E-01   5.29641E-06   7.17861E-01 
    2.32112E-02   8.92262E-03   0.00000E+00   1.46360E-03   5.13944E-08 
    5.51664E-01   5.34116E-02   3.60293E-01   3.31683E-02   7.68239E-01 
    1.85521E-01   4.62402E-02
   7.13000E+02   1.18784E-05   4.42012E-08   9.29862E-01   5.69318E-04 
    3.46238E-02   3.49329E-02   2.50000E-01   5.31342E-06   7.18067E-01 
    2.31390E-02   8.78912E-03   0.00000E+00   1.27392E-03   4.63475E-08 
    5.37006E-01   5.52938E-02   3.72949E-01   3.34773E-02   7.68779E-01 
    1.85567E-01   4.56540E-02
   7.03000E+02   9.83766E-06   4.03203E-08   9.30454E-01   5.17161E-04 
    3.41048E-02   3.49140E-02   2.50000E-01   5.32957E-06   7.18312E-01 
    2.30424E-02   8.63992E-03   0.00000E+00   1.10856E-03   4.16659E-08 
    5.22815E-01   5.70172E-02   3.85245E-01   3.38150E-02   7.69122E-01 
    1.85605E-01   4.52734E-02
   6.93000E+02   8.10673E-06   3.66691E-08   9.31091E-01   4.68336E-04 
    3.35388E-02   3.48936E-02   2.50000E-01   5.34483E-06   7.18593E-01 
    2.29257E-02   8.47578E-03   0.00000E+00   9.64085E-04   3.73201E-08 
    5.09085E-01   5.85719E-02   3.97196E-01   3.41832E-02   7.69295E-01 
    1.85637E-01   4.50684E-02
   6.83000E+02   6.64511E-06   3.32441E-08   9.31771E-01   4.22859E-04 
    3.29280E-02   3.48714E-02   2.50000E-01   5.35922E-06   7.18903E-01 
    2.27939E-02   8.29744E-03   0.00000E+00   8.37557E-04   3.32840E-08 
    4.95808E-01   5.99485E-02   4.08822E-01   3.45835E-02   7.69321E-01 
    1.85664E-01   4.50146E-02
   6.73000E+02   5.41670E-06   3.00411E-08   9.32493E-01   3.80707E-04 
    3.22737E-02   3.48471E-02   2.50000E-01   5.37272E-06   7.19237E-01 
    2.26524E-02   8.10555E-03   0.00000E+00   7.26501E-04   2.95350E-08 
    4.82973E-01   6.11372E-02   4.20146E-01   3.50173E-02   7.69221E-01 
    1.85688E-01   4.50914E-02
