
 Phase Region for:
     CEMENTITE                     
     FCC_A1#2                      
 col-1=T, col-2=X(CEMENTITE,C), col-3=X(CEMENTITE,CR), col-4=X(CEMENTITE,FE),
   col-5=X(CEMENTITE,MN), col-6=X(CEMENTITE,NI), col-7=X(CEMENTITE,SI),
   col-8=X(FCC_A1#2,C), col-9=X(FCC_A1#2,CR), col-10=X(FCC_A1#2,FE),
   col-11=X(FCC_A1#2,MN), col-12=X(FCC_A1#2,NI), col-13=X(FCC_A1#2,SI),
   col-14=NP(CEMENTITE), col-15=NP(FCC_A1#2),
   1.17300E+03   2.50000E-01   1.01949E-01   6.39238E-01   7.93349E-03 
    8.79651E-04   0.00000E+00   3.70184E-02   1.92454E-02   8.71583E-01 
    7.09607E-03   6.91905E-03   5.81386E-02   4.05415E-02   9.59458E-01
   1.18300E+03   2.50000E-01   1.01616E-01   6.39608E-01   7.87810E-03 
    8.98323E-04   0.00000E+00   3.82843E-02   1.97490E-02   8.70188E-01 
    7.10305E-03   6.88248E-03   5.77930E-02   3.48045E-02   9.65195E-01
   1.19300E+03   2.50000E-01   1.01288E-01   6.39971E-01   7.82468E-03 
    9.17096E-04   0.00000E+00   3.95738E-02   2.02574E-02   8.68773E-01 
    7.10936E-03   6.84548E-03   5.74410E-02   2.88901E-02   9.71110E-01
   1.20300E+03   2.50000E-01   1.00964E-01   6.40327E-01   7.77317E-03 
    9.35967E-04   0.00000E+00   4.08868E-02   2.07705E-02   8.67337E-01 
    7.11502E-03   6.80805E-03   5.70826E-02   2.27926E-02   9.77207E-01
   1.21300E+03   2.50000E-01   1.00646E-01   6.40676E-01   7.72354E-03 
    9.54933E-04   0.00000E+00   4.22233E-02   2.12884E-02   8.65880E-01 
    7.12006E-03   6.77020E-03   5.67177E-02   1.65064E-02   9.83494E-01
   1.22300E+03   2.50000E-01   1.00333E-01   6.41017E-01   7.67574E-03 
    9.73988E-04   0.00000E+00   4.35836E-02   2.18111E-02   8.64402E-01 
    7.12450E-03   6.73193E-03   5.63464E-02   1.00255E-02   9.89974E-01
   1.23300E+03   2.50000E-01   1.00026E-01   6.41351E-01   7.62974E-03 
    9.93131E-04   0.00000E+00   4.49675E-02   2.23386E-02   8.62904E-01 
    7.12835E-03   6.69327E-03   5.59687E-02   3.34351E-03   9.96656E-01
   1.23789E+03   2.50000E-01   9.98781E-02   6.41511E-01   7.60788E-03 
    1.00252E-03   0.00000E+00   4.56530E-02   2.25983E-02   8.62163E-01 
    7.13002E-03   6.67421E-03   5.57815E-02   0.00000E+00   1.00000E+00

 Phase Region for:
     FCC_A1#2                      
 col-1=T, col-2=X(FCC_A1#2,C), col-3=X(FCC_A1#2,CR), col-4=X(FCC_A1#2,FE),
   col-5=X(FCC_A1#2,MN), col-6=X(FCC_A1#2,NI), col-7=X(FCC_A1#2,SI),
   col-8=NP(FCC_A1#2),
   1.23789E+03   4.56530E-02   2.25983E-02   8.62163E-01   7.13002E-03 
    6.67421E-03   5.57815E-02   1.00000E+00
   1.24300E+03   4.56530E-02   2.25983E-02   8.62163E-01   7.13002E-03 
    6.67421E-03   5.57815E-02   1.00000E+00
   1.25300E+03   4.56530E-02   2.25983E-02   8.62163E-01   7.13002E-03 
    6.67421E-03   5.57815E-02   1.00000E+00
   1.26300E+03   4.56530E-02   2.25983E-02   8.62163E-01   7.13002E-03 
    6.67421E-03   5.57815E-02   1.00000E+00
   1.27300E+03   4.56530E-02   2.25983E-02   8.62163E-01   7.13002E-03 
    6.67421E-03   5.57815E-02   1.00000E+00
   1.28300E+03   4.56530E-02   2.25983E-02   8.62163E-01   7.13002E-03 
    6.67421E-03   5.57815E-02   1.00000E+00
   1.29300E+03   4.56530E-02   2.25983E-02   8.62163E-01   7.13002E-03 
    6.67421E-03   5.57815E-02   1.00000E+00
   1.30300E+03   4.56530E-02   2.25983E-02   8.62163E-01   7.13002E-03 
    6.67421E-03   5.57815E-02   1.00000E+00
   1.31300E+03   4.56530E-02   2.25983E-02   8.62163E-01   7.13002E-03 
    6.67421E-03   5.57815E-02   1.00000E+00
   1.32300E+03   4.56530E-02   2.25983E-02   8.62163E-01   7.13002E-03 
    6.67421E-03   5.57815E-02   1.00000E+00
   1.33300E+03   4.56530E-02   2.25983E-02   8.62163E-01   7.13002E-03 
    6.67421E-03   5.57815E-02   1.00000E+00
   1.34300E+03   4.56530E-02   2.25983E-02   8.62163E-01   7.13002E-03 
    6.67421E-03   5.57815E-02   1.00000E+00
   1.35300E+03   4.56530E-02   2.25983E-02   8.62163E-01   7.13002E-03 
    6.67421E-03   5.57815E-02   1.00000E+00
   1.36300E+03   4.56530E-02   2.25983E-02   8.62163E-01   7.13002E-03 
    6.67421E-03   5.57815E-02   1.00000E+00
   1.37300E+03   4.56530E-02   2.25983E-02   8.62163E-01   7.13002E-03 
    6.67421E-03   5.57815E-02   1.00000E+00
   1.38300E+03   4.56530E-02   2.25983E-02   8.62163E-01   7.13002E-03 
    6.67421E-03   5.57815E-02   1.00000E+00
   1.39300E+03   4.56530E-02   2.25983E-02   8.62163E-01   7.13002E-03 
    6.67421E-03   5.57815E-02   1.00000E+00
   1.40300E+03   4.56530E-02   2.25983E-02   8.62163E-01   7.13002E-03 
    6.67421E-03   5.57815E-02   1.00000E+00
   1.41300E+03   4.56530E-02   2.25983E-02   8.62163E-01   7.13002E-03 
    6.67421E-03   5.57815E-02   1.00000E+00
   1.42300E+03   4.56530E-02   2.25983E-02   8.62163E-01   7.13002E-03 
    6.67421E-03   5.57815E-02   1.00000E+00
   1.43300E+03   4.56530E-02   2.25983E-02   8.62163E-01   7.13002E-03 
    6.67421E-03   5.57815E-02   1.00000E+00
   1.44300E+03   4.56530E-02   2.25983E-02   8.62163E-01   7.13002E-03 
    6.67421E-03   5.57815E-02   1.00000E+00
   1.45300E+03   4.56530E-02   2.25983E-02   8.62163E-01   7.13002E-03 
    6.67421E-03   5.57815E-02   1.00000E+00
   1.46300E+03   4.56530E-02   2.25983E-02   8.62163E-01   7.13002E-03 
    6.67421E-03   5.57815E-02   1.00000E+00
   1.47300E+03   4.56530E-02   2.25983E-02   8.62163E-01   7.13002E-03 
    6.67421E-03   5.57815E-02   1.00000E+00

 Phase Region for:
     CEMENTITE                     
     FCC_A1#2                      
 col-1=T, col-2=X(CEMENTITE,C), col-3=X(CEMENTITE,CR), col-4=X(CEMENTITE,FE),
   col-5=X(CEMENTITE,MN), col-6=X(CEMENTITE,NI), col-7=X(CEMENTITE,SI),
   col-8=X(FCC_A1#2,C), col-9=X(FCC_A1#2,CR), col-10=X(FCC_A1#2,FE),
   col-11=X(FCC_A1#2,MN), col-12=X(FCC_A1#2,NI), col-13=X(FCC_A1#2,SI),
   col-14=NP(CEMENTITE), col-15=NP(FCC_A1#2),
   1.17300E+03   2.50000E-01   1.01949E-01   6.39238E-01   7.93349E-03 
    8.79651E-04   0.00000E+00   3.70184E-02   1.92454E-02   8.71583E-01 
    7.09607E-03   6.91905E-03   5.81386E-02   4.05415E-02   9.59458E-01
   1.16300E+03   2.50000E-01   1.02286E-01   6.38862E-01   7.99090E-03 
    8.61083E-04   0.00000E+00   3.57759E-02   1.87466E-02   8.72956E-01 
    7.08841E-03   6.95518E-03   5.84777E-02   4.61063E-02   9.53894E-01
   1.15300E+03   2.50000E-01   1.02627E-01   6.38480E-01   8.05037E-03 
    8.42625E-04   0.00000E+00   3.45569E-02   1.82527E-02   8.74309E-01 
    7.08005E-03   6.99086E-03   5.88105E-02   5.15036E-02   9.48496E-01
   1.14300E+03   2.50000E-01   1.02972E-01   6.38092E-01   8.11197E-03 
    8.24279E-04   0.00000E+00   3.33612E-02   1.77638E-02   8.75641E-01 
    7.07096E-03   7.02609E-03   5.91369E-02   5.67384E-02   9.43262E-01
   1.13300E+03   2.50000E-01   1.03320E-01   6.37698E-01   8.17574E-03 
    8.06049E-04   0.00000E+00   3.21890E-02   1.72798E-02   8.76952E-01 
    7.06112E-03   7.06085E-03   5.94569E-02   6.18151E-02   9.38185E-01
   1.12300E+03   2.50000E-01   1.03671E-01   6.37299E-01   8.24176E-03 
    7.87938E-04   0.00000E+00   3.10400E-02   1.68008E-02   8.78243E-01 
    7.05052E-03   7.09514E-03   5.97705E-02   6.67381E-02   9.33262E-01
   1.11300E+03   2.50000E-01   1.04025E-01   6.36895E-01   8.31008E-03 
    7.69950E-04   0.00000E+00   2.99144E-02   1.63270E-02   8.79513E-01 
    7.03914E-03   7.12895E-03   6.00778E-02   7.15114E-02   9.28489E-01
   1.10300E+03   2.50000E-01   1.04381E-01   6.36486E-01   8.38077E-03 
    7.52089E-04   0.00000E+00   2.88120E-02   1.58583E-02   8.80762E-01 
    7.02694E-03   7.16227E-03   6.03787E-02   7.61390E-02   9.23861E-01
   1.09300E+03   2.50000E-01   1.04739E-01   6.36072E-01   8.45390E-03 
    7.34359E-04   0.00000E+00   2.77328E-02   1.53950E-02   8.81990E-01 
    7.01393E-03   7.19510E-03   6.06733E-02   8.06247E-02   9.19375E-01
   1.08300E+03   2.50000E-01   1.05100E-01   6.35654E-01   8.52954E-03 
    7.16762E-04   0.00000E+00   2.66768E-02   1.49370E-02   8.83197E-01 
    7.00006E-03   7.22743E-03   6.09616E-02   8.49721E-02   9.15028E-01
   1.07374E+03   2.50000E-01   1.05435E-01   6.35263E-01   8.60193E-03 
    7.00583E-04   0.00000E+00   2.57191E-02   1.45177E-02   8.84297E-01 
    6.98644E-03   7.25693E-03   6.12230E-02   8.88790E-02   9.11121E-01

 Phase Region for:
     BCC_A2                        
     CEMENTITE                     
     FCC_A1#2                      
 col-1=T, col-2=X(BCC_A2,C), col-3=X(BCC_A2,CR), col-4=X(BCC_A2,FE),
   col-5=X(BCC_A2,MN), col-6=X(BCC_A2,NI), col-7=X(BCC_A2,SI),
   col-8=X(CEMENTITE,C), col-9=X(CEMENTITE,CR), col-10=X(CEMENTITE,FE),
   col-11=X(CEMENTITE,MN), col-12=X(CEMENTITE,NI), col-13=X(CEMENTITE,SI),
   col-14=X(FCC_A1#2,C), col-15=X(FCC_A1#2,CR), col-16=X(FCC_A1#2,FE),
   col-17=X(FCC_A1#2,MN), col-18=X(FCC_A1#2,NI), col-19=X(FCC_A1#2,SI),
   col-20=NP(BCC_A2), col-21=NP(CEMENTITE), col-22=NP(FCC_A1#2),
   1.07374E+03   9.28089E-04   9.46852E-03   9.04788E-01   3.17613E-03 
    3.96952E-03   7.76699E-02   2.50000E-01   1.05435E-01   6.35263E-01 
    8.60194E-03   7.00584E-04   0.00000E+00   2.57191E-02   1.45177E-02 
    8.84297E-01   6.98645E-03   7.25694E-03   6.12229E-02   2.97240E-06 
    8.88794E-02   9.11118E-01
   1.07300E+03   9.22813E-04   9.40162E-03   9.05055E-01   3.20439E-03 
    4.01556E-03   7.74010E-02   2.50000E-01   1.05047E-01   6.35533E-01 
    8.71113E-03   7.08353E-04   0.00000E+00   2.56839E-02   1.44220E-02 
    8.84475E-01   7.06356E-03   7.35471E-03   6.10011E-02   2.18117E-02 
    9.14296E-02   8.86759E-01
   1.06300E+03   8.50794E-04   8.57319E-03   9.08171E-01   3.63541E-03 
    4.75027E-03   7.40190E-02   2.50000E-01   1.00343E-01   6.38431E-01 
    1.03927E-02   8.32608E-04   0.00000E+00   2.51455E-02   1.32177E-02 
    8.86207E-01   8.25523E-03   8.93543E-03   5.82396E-02   3.00796E-01 
    1.23703E-01   5.75501E-01
   1.05300E+03   7.78025E-04   7.89376E-03   9.10229E-01   4.14328E-03 
    5.70823E-03   7.12478E-02   2.50000E-01   9.67675E-02   6.39808E-01 
    1.24294E-02   9.94909E-04   0.00000E+00   2.44737E-02   1.21939E-02 
    8.86519E-01   9.70977E-03   1.10615E-02   5.60419E-02   5.36885E-01 
    1.50320E-01   3.12795E-01
   1.04300E+03   7.05240E-04   7.35118E-03   9.11202E-01   4.69325E-03 
    6.89270E-03   6.91559E-02   2.50000E-01   9.43420E-02   6.39727E-01 
    1.47355E-02   1.19537E-03   0.00000E+00   2.36585E-02   1.13403E-02 
    8.85360E-01   1.13752E-02   1.38043E-02   5.44618E-02   7.20956E-01 
    1.70286E-01   1.08758E-01
   1.03596E+03   6.54886E-04   7.03807E-03   9.11318E-01   5.07910E-03 
    7.84525E-03   6.80649E-02   2.50000E-01   9.32612E-02   6.38939E-01 
    1.64437E-02   1.35621E-03   0.00000E+00   2.30077E-02   1.08267E-02 
    8.83740E-01   1.26250E-02   1.61098E-02   5.36904E-02   8.19535E-01 
    1.80465E-01   0.00000E+00

 Phase Region for:
     BCC_A2                        
     CEMENTITE                     
 col-1=T, col-2=X(BCC_A2,C), col-3=X(BCC_A2,CR), col-4=X(BCC_A2,FE),
   col-5=X(BCC_A2,MN), col-6=X(BCC_A2,NI), col-7=X(BCC_A2,SI),
   col-8=X(CEMENTITE,C), col-9=X(CEMENTITE,CR), col-10=X(CEMENTITE,FE),
   col-11=X(CEMENTITE,MN), col-12=X(CEMENTITE,NI), col-13=X(CEMENTITE,SI),
   col-14=NP(BCC_A2), col-15=NP(CEMENTITE),
   1.03596E+03   6.54886E-04   7.03807E-03   9.11318E-01   5.07910E-03 
    7.84525E-03   6.80649E-02   2.50000E-01   9.32612E-02   6.38939E-01 
    1.64437E-02   1.35621E-03   0.00000E+00   8.19535E-01   1.80465E-01  NONE
   1.03300E+03   6.33357E-04   6.96807E-03   9.11431E-01   5.05059E-03 
    7.84617E-03   6.80707E-02   2.50000E-01   9.35451E-02   6.38532E-01 
    1.65687E-02   1.35458E-03   0.00000E+00   8.19464E-01   1.80536E-01  NONE
   1.02300E+03   5.65171E-04   6.73127E-03   9.11815E-01   4.95015E-03 
    7.84903E-03   6.80894E-02   2.50000E-01   9.45110E-02   6.37130E-01 
    1.70096E-02   1.34966E-03   0.00000E+00   8.19240E-01   1.80760E-01  NONE
   1.01300E+03   5.03430E-04   6.49339E-03   9.12203E-01   4.84251E-03 
    7.85151E-03   6.81062E-02   2.50000E-01   9.54894E-02   6.35682E-01 
    1.74833E-02   1.34575E-03   0.00000E+00   8.19037E-01   1.80963E-01  NONE
   1.00300E+03   4.47637E-04   6.25431E-03   9.12596E-01   4.72675E-03 
    7.85356E-03   6.81214E-02   2.50000E-01   9.64802E-02   6.34183E-01 
    1.79938E-02   1.34303E-03   0.00000E+00   8.18854E-01   1.81146E-01  NONE
   9.93000E+02   3.97327E-04   6.01390E-03   9.12997E-01   4.60180E-03 
    7.85516E-03   6.81352E-02   2.50000E-01   9.74835E-02   6.32629E-01 
    1.85459E-02   1.34173E-03   0.00000E+00   8.18689E-01   1.81311E-01  NONE
   9.83000E+02   3.52092E-04   5.76766E-03   9.13421E-01   4.45623E-03 
    7.85581E-03   6.81475E-02   2.50000E-01   9.85195E-02   6.30945E-01 
    1.91912E-02   1.34413E-03   0.00000E+00   8.18541E-01   1.81459E-01  NONE
   9.73000E+02   3.11563E-04   5.51508E-03   9.13872E-01   4.28721E-03 
    7.85537E-03   6.81586E-02   2.50000E-01   9.95900E-02   6.29117E-01 
    1.99421E-02   1.35090E-03   0.00000E+00   8.18408E-01   1.81592E-01  NONE
   9.63000E+02   2.75257E-04   5.26745E-03   9.14313E-01   4.12066E-03 
    7.85496E-03   6.81685E-02   2.50000E-01   1.00644E-01   6.27318E-01 
    2.06819E-02   1.35698E-03   0.00000E+00   8.18289E-01   1.81711E-01  NONE
   9.53000E+02   2.42775E-04   5.02477E-03   9.14744E-01   3.95662E-03 
    7.85460E-03   6.81774E-02   2.50000E-01   1.01680E-01   6.25547E-01 
    2.14104E-02   1.36243E-03   0.00000E+00   8.18183E-01   1.81817E-01  NONE
   9.43000E+02   2.13751E-04   4.78710E-03   9.15164E-01   3.79514E-03 
    7.85427E-03   6.81853E-02   2.50000E-01   1.02698E-01   6.23807E-01 
    2.21275E-02   1.36731E-03   0.00000E+00   8.18088E-01   1.81912E-01  NONE
   9.33000E+02   1.87856E-04   4.55450E-03   9.15575E-01   3.63625E-03 
    7.85397E-03   6.81924E-02   2.50000E-01   1.03698E-01   6.22097E-01 
    2.28331E-02   1.37165E-03   0.00000E+00   8.18003E-01   1.81997E-01  NONE
   9.23000E+02   1.64785E-04   4.32706E-03   9.15976E-01   3.48002E-03 
    7.85372E-03   6.81987E-02   2.50000E-01   1.04679E-01   6.20419E-01 
    2.35270E-02   1.37549E-03   0.00000E+00   8.17927E-01   1.82073E-01  NONE
   9.13000E+02   1.44263E-04   4.10490E-03   9.16367E-01   3.32650E-03 
    7.85349E-03   6.82043E-02   2.50000E-01   1.05639E-01   6.18773E-01 
    2.42089E-02   1.37888E-03   0.00000E+00   8.17860E-01   1.82140E-01  NONE
   9.03000E+02   1.26038E-04   3.88813E-03   9.16748E-01   3.17575E-03 
    7.85330E-03   6.82092E-02   2.50000E-01   1.06579E-01   6.17161E-01 
    2.48787E-02   1.38185E-03   0.00000E+00   8.17800E-01   1.82200E-01  NONE
   8.93000E+02   1.09881E-04   3.67690E-03   9.17119E-01   3.02785E-03 
    7.85315E-03   6.82136E-02   2.50000E-01   1.07497E-01   6.15583E-01 
    2.55360E-02   1.38442E-03   0.00000E+00   8.17747E-01   1.82253E-01  NONE
   8.83000E+02   9.55829E-05   3.47133E-03   9.17480E-01   2.88287E-03 
    7.85303E-03   6.82175E-02   2.50000E-01   1.08392E-01   6.14041E-01 
    2.61806E-02   1.38662E-03   0.00000E+00   8.17701E-01   1.82299E-01  NONE
   8.73000E+02   8.29539E-05   3.27158E-03   9.17831E-01   2.74090E-03 
    7.85294E-03   6.82210E-02   2.50000E-01   1.09264E-01   6.12535E-01 
    2.68119E-02   1.38848E-03   0.00000E+00   8.17659E-01   1.82341E-01  NONE
   8.63000E+02   7.18209E-05   3.07777E-03   9.18171E-01   2.60204E-03 
    7.85289E-03   6.82240E-02   2.50000E-01   1.10112E-01   6.11068E-01 
    2.74297E-02   1.39001E-03   0.00000E+00   8.17623E-01   1.82377E-01  NONE
   8.53000E+02   6.20271E-05   2.89004E-03   9.18502E-01   2.46636E-03 
    7.85287E-03   6.82267E-02   2.50000E-01   1.10935E-01   6.09641E-01 
    2.80334E-02   1.39123E-03   0.00000E+00   8.17591E-01   1.82409E-01  NONE
   8.43000E+02   5.34297E-05   2.70853E-03   9.18822E-01   2.33399E-03 
    7.85288E-03   6.82291E-02   2.50000E-01   1.11731E-01   6.08254E-01 
    2.86227E-02   1.39216E-03   0.00000E+00   8.17563E-01   1.82437E-01  NONE
   8.33000E+02   4.58995E-05   2.53335E-03   9.19132E-01   2.20501E-03 
    7.85293E-03   6.82311E-02   2.50000E-01   1.12501E-01   6.06909E-01 
    2.91970E-02   1.39281E-03   0.00000E+00   8.17538E-01   1.82462E-01  NONE
   8.23000E+02   3.93195E-05   2.36461E-03   9.19431E-01   2.07952E-03 
    7.85302E-03   6.82329E-02   2.50000E-01   1.13244E-01   6.05606E-01 
    2.97560E-02   1.39319E-03   0.00000E+00   8.17517E-01   1.82483E-01  NONE
   8.13000E+02   3.35838E-05   2.20240E-03   9.19719E-01   1.95763E-03 
    7.85314E-03   6.82345E-02   2.50000E-01   1.13960E-01   6.04348E-01 
    3.02992E-02   1.39329E-03   0.00000E+00   8.17498E-01   1.82502E-01  NONE
   8.03000E+02   2.85969E-05   2.04680E-03   9.19996E-01   1.83944E-03 
    7.85331E-03   6.82358E-02   2.50000E-01   1.14647E-01   6.03134E-01 
    3.08260E-02   1.39313E-03   0.00000E+00   8.17482E-01   1.82518E-01  NONE
   7.93000E+02   2.42725E-05   1.89787E-03   9.20262E-01   1.72503E-03 
    7.85351E-03   6.82370E-02   2.50000E-01   1.15305E-01   6.01966E-01 
    3.13362E-02   1.39271E-03   0.00000E+00   8.17467E-01   1.82533E-01  NONE
   7.83000E+02   2.05332E-05   1.75563E-03   9.20518E-01   1.61449E-03 
    7.85376E-03   6.82380E-02   2.50000E-01   1.15934E-01   6.00845E-01 
    3.18292E-02   1.39203E-03   0.00000E+00   8.17455E-01   1.82545E-01  NONE
   7.73000E+02   1.73092E-05   1.62012E-03   9.20762E-01   1.50790E-03 
    7.85406E-03   6.82389E-02   2.50000E-01   1.16534E-01   5.99770E-01 
    3.23047E-02   1.39108E-03   0.00000E+00   8.17445E-01   1.82555E-01  NONE
   7.63000E+02   1.45380E-05   1.49133E-03   9.20995E-01   1.40534E-03 
    7.85440E-03   6.82397E-02   2.50000E-01   1.17105E-01   5.98742E-01 
    3.27624E-02   1.38985E-03   0.00000E+00   8.17436E-01   1.82564E-01  NONE
   7.53000E+02   1.21637E-05   1.36922E-03   9.21217E-01   1.30685E-03 
    7.85480E-03   6.82403E-02   2.50000E-01   1.17647E-01   5.97762E-01 
    3.32020E-02   1.38835E-03   0.00000E+00   8.17428E-01   1.82572E-01  NONE
   7.43000E+02   1.01363E-05   1.25376E-03   9.21427E-01   1.21249E-03 
    7.85525E-03   6.82409E-02   2.50000E-01   1.18160E-01   5.96830E-01 
    3.36233E-02   1.38655E-03   0.00000E+00   8.17421E-01   1.82579E-01  NONE
   7.33000E+02   8.41116E-06   1.14488E-03   9.21627E-01   1.12230E-03 
    7.85577E-03   6.82413E-02   2.50000E-01   1.18644E-01   5.95946E-01 
    3.40261E-02   1.38446E-03   0.00000E+00   8.17416E-01   1.82584E-01  NONE
   7.23000E+02   6.94880E-06   1.04247E-03   9.21816E-01   1.03628E-03 
    7.85634E-03   6.82417E-02   2.50000E-01   1.19099E-01   5.95109E-01 
    3.44103E-02   1.38205E-03   0.00000E+00   8.17411E-01   1.82589E-01  NONE
   7.13000E+02   5.71402E-06   9.46437E-04   9.21994E-01   9.54461E-04 
    7.85699E-03   6.82421E-02   2.50000E-01   1.19526E-01   5.94318E-01 
    3.47759E-02   1.37931E-03   0.00000E+00   8.17407E-01   1.82593E-01  NONE
   7.03000E+02   4.67571E-06   8.56636E-04   9.22162E-01   8.76823E-04 
    7.85770E-03   6.82424E-02   2.50000E-01   1.19926E-01   5.93575E-01 
    3.51228E-02   1.37623E-03   0.00000E+00   8.17403E-01   1.82597E-01  NONE
   6.93000E+02   3.80643E-06   7.72916E-04   9.22319E-01   8.03347E-04 
    7.85850E-03   6.82426E-02   2.50000E-01   1.20299E-01   5.92877E-01 
    3.54512E-02   1.37278E-03   0.00000E+00   8.17400E-01   1.82600E-01  NONE
   6.83000E+02   3.08201E-06   6.95108E-04   9.22466E-01   7.33996E-04 
    7.85937E-03   6.82428E-02   2.50000E-01   1.20646E-01   5.92224E-01 
    3.57612E-02   1.36895E-03   0.00000E+00   8.17398E-01   1.82602E-01  NONE
   6.73000E+02   2.48126E-06   6.23026E-04   9.22602E-01   6.68722E-04 
    7.86033E-03   6.82430E-02   2.50000E-01   1.20967E-01   5.91615E-01 
    3.60530E-02   1.36471E-03   0.00000E+00   8.17396E-01   1.82604E-01  NONE
