
 Phase Region for:
     FCC_A1#2                      
 col-1=T, col-2=X(FCC_A1#2,C), col-3=X(FCC_A1#2,CR), col-4=X(FCC_A1#2,FE),
   col-5=X(FCC_A1#2,MN), col-6=X(FCC_A1#2,NI), col-7=X(FCC_A1#2,SI),
   col-8=NP(FCC_A1#2),
   1.17300E+03   4.70489E-02   7.76380E-03   9.02980E-01   1.46951E-02 
    2.75104E-02   1.91624E-06   1.00000E+00
   1.18300E+03   4.70489E-02   7.76380E-03   9.02980E-01   1.46951E-02 
    2.75104E-02   1.91624E-06   1.00000E+00
   1.19300E+03   4.70489E-02   7.76380E-03   9.02980E-01   1.46951E-02 
    2.75104E-02   1.91624E-06   1.00000E+00
   1.20300E+03   4.70489E-02   7.76380E-03   9.02980E-01   1.46951E-02 
    2.75104E-02   1.91624E-06   1.00000E+00
   1.21300E+03   4.70489E-02   7.76380E-03   9.02980E-01   1.46951E-02 
    2.75104E-02   1.91624E-06   1.00000E+00
   1.22300E+03   4.70489E-02   7.76380E-03   9.02980E-01   1.46951E-02 
    2.75104E-02   1.91624E-06   1.00000E+00
   1.23300E+03   4.70489E-02   7.76380E-03   9.02980E-01   1.46951E-02 
    2.75104E-02   1.91624E-06   1.00000E+00
   1.24300E+03   4.70489E-02   7.76380E-03   9.02980E-01   1.46951E-02 
    2.75104E-02   1.91624E-06   1.00000E+00
   1.25300E+03   4.70489E-02   7.76380E-03   9.02980E-01   1.46951E-02 
    2.75104E-02   1.91624E-06   1.00000E+00
   1.26300E+03   4.70489E-02   7.76380E-03   9.02980E-01   1.46951E-02 
    2.75104E-02   1.91624E-06   1.00000E+00
   1.27300E+03   4.70489E-02   7.76380E-03   9.02980E-01   1.46951E-02 
    2.75104E-02   1.91624E-06   1.00000E+00
   1.28300E+03   4.70489E-02   7.76380E-03   9.02980E-01   1.46951E-02 
    2.75104E-02   1.91624E-06   1.00000E+00
   1.29300E+03   4.70489E-02   7.76380E-03   9.02980E-01   1.46951E-02 
    2.75104E-02   1.91624E-06   1.00000E+00
   1.30300E+03   4.70489E-02   7.76380E-03   9.02980E-01   1.46951E-02 
    2.75104E-02   1.91624E-06   1.00000E+00
   1.31300E+03   4.70489E-02   7.76380E-03   9.02980E-01   1.46951E-02 
    2.75104E-02   1.91624E-06   1.00000E+00
   1.32300E+03   4.70489E-02   7.76380E-03   9.02980E-01   1.46951E-02 
    2.75104E-02   1.91624E-06   1.00000E+00
   1.33300E+03   4.70489E-02   7.76380E-03   9.02980E-01   1.46951E-02 
    2.75104E-02   1.91624E-06   1.00000E+00
   1.34300E+03   4.70489E-02   7.76380E-03   9.02980E-01   1.46951E-02 
    2.75104E-02   1.91624E-06   1.00000E+00
   1.35300E+03   4.70489E-02   7.76380E-03   9.02980E-01   1.46951E-02 
    2.75104E-02   1.91624E-06   1.00000E+00
   1.36300E+03   4.70489E-02   7.76380E-03   9.02980E-01   1.46951E-02 
    2.75104E-02   1.91624E-06   1.00000E+00
   1.37300E+03   4.70489E-02   7.76380E-03   9.02980E-01   1.46951E-02 
    2.75104E-02   1.91624E-06   1.00000E+00
   1.38300E+03   4.70489E-02   7.76380E-03   9.02980E-01   1.46951E-02 
    2.75104E-02   1.91624E-06   1.00000E+00
   1.39300E+03   4.70489E-02   7.76380E-03   9.02980E-01   1.46951E-02 
    2.75104E-02   1.91624E-06   1.00000E+00
   1.40300E+03   4.70489E-02   7.76380E-03   9.02980E-01   1.46951E-02 
    2.75104E-02   1.91624E-06   1.00000E+00
   1.41300E+03   4.70489E-02   7.76380E-03   9.02980E-01   1.46951E-02 
    2.75104E-02   1.91624E-06   1.00000E+00
   1.42300E+03   4.70489E-02   7.76380E-03   9.02980E-01   1.46951E-02 
    2.75104E-02   1.91624E-06   1.00000E+00
   1.43300E+03   4.70489E-02   7.76380E-03   9.02980E-01   1.46951E-02 
    2.75104E-02   1.91624E-06   1.00000E+00
   1.44300E+03   4.70489E-02   7.76380E-03   9.02980E-01   1.46951E-02 
    2.75104E-02   1.91624E-06   1.00000E+00
   1.45300E+03   4.70489E-02   7.76380E-03   9.02980E-01   1.46951E-02 
    2.75104E-02   1.91624E-06   1.00000E+00
   1.46300E+03   4.70489E-02   7.76380E-03   9.02980E-01   1.46951E-02 
    2.75104E-02   1.91624E-06   1.00000E+00
   1.47300E+03   4.70489E-02   7.76380E-03   9.02980E-01   1.46951E-02 
    2.75104E-02   1.91624E-06   1.00000E+00

 Phase Region for:
     FCC_A1#2                      
 col-1=T, col-2=X(FCC_A1#2,C), col-3=X(FCC_A1#2,CR), col-4=X(FCC_A1#2,FE),
   col-5=X(FCC_A1#2,MN), col-6=X(FCC_A1#2,NI), col-7=X(FCC_A1#2,SI),
   col-8=NP(FCC_A1#2),
   1.17300E+03   4.70489E-02   7.76380E-03   9.02980E-01   1.46951E-02 
    2.75104E-02   1.91624E-06   1.00000E+00
   1.16300E+03   4.70489E-02   7.76380E-03   9.02980E-01   1.46951E-02 
    2.75104E-02   1.91624E-06   1.00000E+00
   1.15404E+03   4.70489E-02   7.76380E-03   9.02980E-01   1.46951E-02 
    2.75104E-02   1.91624E-06   1.00000E+00

 Phase Region for:
     CEMENTITE                     
     FCC_A1#2                      
 col-1=T, col-2=X(CEMENTITE,C), col-3=X(CEMENTITE,CR), col-4=X(CEMENTITE,FE),
   col-5=X(CEMENTITE,MN), col-6=X(CEMENTITE,NI), col-7=X(CEMENTITE,SI),
   col-8=X(FCC_A1#2,C), col-9=X(FCC_A1#2,CR), col-10=X(FCC_A1#2,FE),
   col-11=X(FCC_A1#2,MN), col-12=X(FCC_A1#2,NI), col-13=X(FCC_A1#2,SI),
   col-14=NP(CEMENTITE), col-15=NP(FCC_A1#2),
   1.15404E+03   2.50000E-01   4.95639E-02   6.75559E-01   2.13827E-02 
    3.49403E-03   0.00000E+00   4.70489E-02   7.76379E-03   9.02980E-01 
    1.46951E-02   2.75104E-02   1.91624E-06   6.18522E-08   1.00000E+00
   1.15300E+03   2.50000E-01   4.95670E-02   6.75551E-01   2.13955E-02 
    3.48685E-03   0.00000E+00   4.69181E-02   7.73686E-03   9.03126E-01 
    1.46908E-02   2.75259E-02   1.91747E-06   6.43962E-04   9.99356E-01
   1.14300E+03   2.50000E-01   4.95906E-02   6.75470E-01   2.15211E-02 
    3.41810E-03   0.00000E+00   4.56716E-02   7.47995E-03   9.04524E-01 
    1.46488E-02   2.76739E-02   1.92924E-06   6.74046E-03   9.93260E-01
   1.13300E+03   2.50000E-01   4.96028E-02   6.75397E-01   2.16502E-02 
    3.34970E-03   0.00000E+00   4.44397E-02   7.22591E-03   9.05906E-01 
    1.46057E-02   2.78210E-02   1.94087E-06   1.26930E-02   9.87307E-01
   1.12300E+03   2.50000E-01   4.96037E-02   6.75332E-01   2.17830E-02 
    3.28166E-03   0.00000E+00   4.32224E-02   6.97494E-03   9.07272E-01 
    1.45615E-02   2.79672E-02   1.95237E-06   1.85053E-02   9.81495E-01
   1.11300E+03   2.50000E-01   4.95933E-02   6.75273E-01   2.19193E-02 
    3.21397E-03   0.00000E+00   4.20197E-02   6.72725E-03   9.08623E-01 
    1.45161E-02   2.81124E-02   1.96372E-06   2.41811E-02   9.75819E-01
   1.10300E+03   2.50000E-01   4.95717E-02   6.75222E-01   2.20594E-02 
    3.14665E-03   0.00000E+00   4.08316E-02   6.48304E-03   9.09957E-01 
    1.44695E-02   2.82567E-02   1.97494E-06   2.97238E-02   9.70276E-01
   1.09300E+03   2.50000E-01   4.95390E-02   6.75178E-01   2.22032E-02 
    3.07969E-03   0.00000E+00   3.96582E-02   6.24250E-03   9.11276E-01 
    1.44217E-02   2.84000E-02   1.98602E-06   3.51366E-02   9.64863E-01
   1.08300E+03   2.50000E-01   4.94953E-02   6.75141E-01   2.23509E-02 
    3.01311E-03   0.00000E+00   3.84994E-02   6.00583E-03   9.12578E-01 
    1.43726E-02   2.85423E-02   1.99696E-06   4.04229E-02   9.59577E-01
   1.07300E+03   2.50000E-01   4.94407E-02   6.75110E-01   2.25024E-02 
    2.94691E-03   0.00000E+00   3.73554E-02   5.77319E-03   9.13864E-01 
    1.43222E-02   2.86836E-02   2.00776E-06   4.55855E-02   9.54414E-01
   1.06300E+03   2.50000E-01   4.93754E-02   6.75086E-01   2.26578E-02 
    2.88109E-03   0.00000E+00   3.62261E-02   5.54476E-03   9.15133E-01 
    1.42705E-02   2.88238E-02   2.01843E-06   5.06275E-02   9.49373E-01
   1.05300E+03   2.50000E-01   4.92997E-02   6.75067E-01   2.28172E-02 
    2.81566E-03   0.00000E+00   3.51115E-02   5.32070E-03   9.16385E-01 
    1.42174E-02   2.89629E-02   2.02895E-06   5.55515E-02   9.44449E-01
   1.04300E+03   2.50000E-01   4.92138E-02   6.75055E-01   2.29807E-02 
    2.75062E-03   0.00000E+00   3.40118E-02   5.10115E-03   9.17621E-01 
    1.41628E-02   2.91009E-02   2.03933E-06   6.03602E-02   9.39640E-01
   1.03300E+03   2.50000E-01   4.91179E-02   6.75048E-01   2.31483E-02 
    2.68598E-03   0.00000E+00   3.29269E-02   4.88625E-03   9.18840E-01 
    1.41069E-02   2.92377E-02   2.04958E-06   6.50562E-02   9.34944E-01
   1.02300E+03   2.50000E-01   4.90123E-02   6.75046E-01   2.33201E-02 
    2.62175E-03   0.00000E+00   3.18570E-02   4.67615E-03   9.20042E-01 
    1.40495E-02   2.93734E-02   2.05968E-06   6.96419E-02   9.30358E-01
   1.01300E+03   2.50000E-01   4.88973E-02   6.75049E-01   2.34962E-02 
    2.55794E-03   0.00000E+00   3.08021E-02   4.47094E-03   9.21226E-01 
    1.39905E-02   2.95079E-02   2.06964E-06   7.41194E-02   9.25881E-01
   1.00300E+03   2.50000E-01   4.87733E-02   6.75056E-01   2.36766E-02 
    2.49454E-03   0.00000E+00   2.97622E-02   4.27074E-03   9.22394E-01 
    1.39301E-02   2.96411E-02   2.07946E-06   7.84911E-02   9.21509E-01
   9.93000E+02   2.50000E-01   4.86406E-02   6.75066E-01   2.38614E-02 
    2.43158E-03   0.00000E+00   2.87374E-02   4.07565E-03   9.23544E-01 
    1.38681E-02   2.97731E-02   2.08913E-06   8.27589E-02   9.17241E-01
   9.83000E+02   2.50000E-01   4.84997E-02   6.75081E-01   2.40506E-02 
    2.36905E-03   0.00000E+00   2.77279E-02   3.88574E-03   9.24676E-01 
    1.38044E-02   2.99038E-02   2.09866E-06   8.69249E-02   9.13075E-01
   9.73000E+02   2.50000E-01   4.83509E-02   6.75098E-01   2.42445E-02 
    2.30697E-03   0.00000E+00   2.67337E-02   3.70108E-03   9.25791E-01 
    1.37392E-02   3.00332E-02   2.10805E-06   9.09907E-02   9.09009E-01
   9.63000E+02   2.50000E-01   4.81946E-02   6.75117E-01   2.44430E-02 
    2.24534E-03   0.00000E+00   2.57550E-02   3.52173E-03   9.26888E-01 
    1.36723E-02   3.01612E-02   2.11729E-06   9.49583E-02   9.05042E-01
   9.62541E+02   2.50000E-01   4.81873E-02   6.75118E-01   2.44522E-02 
    2.24252E-03   0.00000E+00   2.57104E-02   3.51363E-03   9.26938E-01 
    1.36692E-02   3.01671E-02   2.11771E-06   9.51380E-02   9.04862E-01

 Phase Region for:
     BCC_A2                        
     CEMENTITE                     
     FCC_A1#2                      
 col-1=T, col-2=X(BCC_A2,C), col-3=X(BCC_A2,CR), col-4=X(BCC_A2,FE),
   col-5=X(BCC_A2,MN), col-6=X(BCC_A2,NI), col-7=X(BCC_A2,SI),
   col-8=X(CEMENTITE,C), col-9=X(CEMENTITE,CR), col-10=X(CEMENTITE,FE),
   col-11=X(CEMENTITE,MN), col-12=X(CEMENTITE,NI), col-13=X(CEMENTITE,SI),
   col-14=X(FCC_A1#2,C), col-15=X(FCC_A1#2,CR), col-16=X(FCC_A1#2,FE),
   col-17=X(FCC_A1#2,MN), col-18=X(FCC_A1#2,NI), col-19=X(FCC_A1#2,SI),
   col-20=NP(BCC_A2), col-21=NP(CEMENTITE), col-22=NP(FCC_A1#2),
   9.62541E+02   4.73882E-04   1.81880E-03   9.83456E-01   2.81352E-03 
    1.14349E-02   3.10884E-06   2.50000E-01   4.81872E-02   6.75118E-01 
    2.44522E-02   2.24253E-03   0.00000E+00   2.57104E-02   3.51363E-03 
    9.26937E-01   1.36692E-02   3.01671E-02   2.11771E-06   2.95962E-06 
    9.51384E-02   9.04859E-01
   9.53000E+02   4.26275E-04   1.58142E-03   9.81512E-01   3.08545E-03 
    1.33924E-02   2.77882E-06   2.50000E-01   4.38262E-02   6.75215E-01 
    2.82734E-02   2.68564E-03   0.00000E+00   2.47401E-02   3.03895E-03 
    9.18530E-01   1.62755E-02   3.74131E-02   1.97400E-06   2.32756E-01 
    1.24159E-01   6.43085E-01
   9.43000E+02   3.78790E-04   1.42074E-03   9.79527E-01   3.30892E-03 
    1.53621E-02   2.59330E-06   2.50000E-01   4.12856E-02   6.73605E-01 
    3.19790E-02   3.12996E-03   0.00000E+00   2.35831E-02   2.70621E-03 
    9.08904E-01   1.91105E-02   4.56938E-02   1.93322E-06   3.96961E-01 
    1.44322E-01   4.58716E-01
   9.33000E+02   3.35175E-04   1.30524E-03   9.77679E-01   3.47193E-03 
    1.72060E-02   2.48692E-06   2.50000E-01   3.98135E-02   6.71257E-01 
    3.53820E-02   3.54756E-03   0.00000E+00   2.23549E-02   2.45932E-03 
    8.98497E-01   2.20621E-02   5.46252E-02   1.95113E-06   5.09306E-01 
    1.57740E-01   3.32953E-01
   9.23000E+02   2.95736E-04   1.21436E-03   9.76002E-01   3.58048E-03 
    1.89050E-02   2.42282E-06   2.50000E-01   3.89369E-02   6.68624E-01 
    3.85040E-02   3.93545E-03   0.00000E+00   2.10887E-02   2.25994E-03 
    8.87272E-01   2.51620E-02   6.42149E-02   2.00500E-06   5.88130E-01 
    1.66830E-01   2.45041E-01
   9.13000E+02   2.60360E-04   1.13799E-03   9.74508E-01   3.64102E-03 
    2.04502E-02   2.38327E-06   2.50000E-01   3.84175E-02   6.65923E-01 
    4.13678E-02   4.29202E-03   0.00000E+00   1.98015E-02   2.08913E-03 
    8.75153E-01   2.84512E-02   7.45027E-02   2.08420E-06   6.44563E-01 
    1.73081E-01   1.82357E-01
   9.03000E+02   2.28779E-04   1.07073E-03   9.73200E-01   3.65960E-03 
    2.18382E-02   2.35881E-06   2.50000E-01   3.81246E-02   6.63266E-01 
    4.39926E-02   4.61636E-03   0.00000E+00   1.85029E-02   1.93673E-03 
    8.62034E-01   3.19766E-02   8.55478E-02   2.18323E-06   6.85577E-01 
    1.77429E-01   1.36993E-01
   8.93000E+02   2.00677E-04   1.00950E-03   9.72077E-01   3.64169E-03 
    2.30686E-02   2.34397E-06   2.50000E-01   3.79809E-02   6.60718E-01 
    4.63934E-02   4.90801E-03   0.00000E+00   1.72001E-02   1.79700E-03 
    8.47791E-01   3.57896E-02   9.74204E-02   2.29877E-06   7.15700E-01 
    1.80478E-01   1.03822E-01
   8.83000E+02   1.75731E-04   9.52466E-04   9.71134E-01   3.59223E-03 
    2.41428E-02   2.33536E-06   2.50000E-01   3.79385E-02   6.58313E-01 
    4.85815E-02   5.16682E-03   0.00000E+00   1.58999E-02   1.66657E-03 
    8.32295E-01   3.99437E-02   1.10193E-01   2.42826E-06   7.37965E-01 
    1.82627E-01   7.94089E-02
   8.73000E+02   1.53630E-04   8.98503E-04   9.70366E-01   3.51574E-03 
    2.50637E-02   2.33083E-06   2.50000E-01   3.79656E-02   6.56076E-01 
    5.05658E-02   5.39291E-03   0.00000E+00   1.46104E-02   1.54349E-03 
    8.15429E-01   4.44902E-02   1.23925E-01   2.56899E-06   7.54467E-01 
    1.84144E-01   6.13884E-02
   8.63000E+02   1.34083E-04   8.46918E-04   9.69764E-01   3.41639E-03 
    2.58360E-02   2.32891E-06   2.50000E-01   3.80409E-02   6.54019E-01 
    5.23534E-02   5.58674E-03   0.00000E+00   1.33422E-02   1.42673E-03 
    7.97116E-01   4.94690E-02   1.38643E-01   2.71737E-06   7.66692E-01 
    1.85218E-01   4.80902E-02
   8.53000E+02   1.16821E-04   7.97285E-04   9.69320E-01   3.29813E-03 
    2.64657E-02   2.32863E-06   2.50000E-01   3.81494E-02   6.52150E-01 
    5.39514E-02   5.74913E-03   0.00000E+00   1.21096E-02   1.31587E-03 
    7.77368E-01   5.48949E-02   1.54309E-01   2.86850E-06   7.75714E-01 
    1.85978E-01   3.83084E-02
   8.43000E+02   1.01599E-04   7.49354E-04   9.69021E-01   3.16467E-03 
    2.69609E-02   2.32929E-06   2.50000E-01   3.82801E-02   6.50471E-01 
    5.53671E-02   5.88134E-03   0.00000E+00   1.09306E-02   1.21095E-03 
    7.56330E-01   6.07402E-02   1.70786E-01   3.01609E-06   7.82328E-01 
    1.86515E-01   3.11567E-02
   8.33000E+02   8.81931E-05   7.02994E-04   9.68855E-01   3.01957E-03 
    2.73315E-02   2.33042E-06   2.50000E-01   3.84252E-02   6.48980E-01 
    5.66094E-02   5.98510E-03   0.00000E+00   9.82472E-03   1.11230E-03 
    7.34314E-01   6.69213E-02   1.87824E-01   3.15321E-06   7.87130E-01 
    1.86897E-01   2.59731E-02
   8.23000E+02   7.64018E-05   6.58150E-04   9.68808E-01   2.86618E-03 
    2.75888E-02   2.33169E-06   2.50000E-01   3.85787E-02   6.47670E-01 
    5.76890E-02   6.06260E-03   0.00000E+00   8.80932E-03   1.02029E-03 
    7.11781E-01   7.33027E-02   2.05084E-01   3.27379E-06   7.90573E-01 
    1.87170E-01   2.22576E-02
   8.13000E+02   6.60440E-05   6.14817E-04   9.68864E-01   2.70756E-03 
    2.77456E-02   2.33290E-06   2.50000E-01   3.87364E-02   6.46530E-01 
    5.86175E-02   6.11630E-03   0.00000E+00   7.89575E-03   9.35178E-04 
    6.89249E-01   7.97209E-02   2.22196E-01   3.37416E-06   7.93002E-01 
    1.87366E-01   1.96317E-02
   8.03000E+02   5.69578E-05   5.73017E-04   9.69007E-01   2.54640E-03 
    2.78143E-02   2.33393E-06   2.50000E-01   3.88949E-02   6.45549E-01 
    5.94074E-02   6.14878E-03   0.00000E+00   7.08695E-03   8.56955E-04 
    6.67186E-01   8.60209E-02   2.38846E-01   3.45375E-06   7.94680E-01 
    1.87510E-01   1.78103E-02
   7.93000E+02   4.89990E-05   5.32786E-04   9.69224E-01   2.38500E-03 
    2.78071E-02   2.33470E-06   2.50000E-01   3.90519E-02   6.44715E-01 
    6.00704E-02   6.16251E-03   0.00000E+00   6.37832E-03   7.85333E-04 
    6.45933E-01   9.20838E-02   2.54816E-01   3.51469E-06   7.95802E-01 
    1.87617E-01   1.65817E-02
   7.83000E+02   4.20394E-05   4.94163E-04   9.69502E-01   2.22523E-03 
    2.77343E-02   2.33520E-06   2.50000E-01   3.92057E-02   6.44017E-01 
    6.06173E-02   6.15971E-03   0.00000E+00   5.76040E-03   7.19845E-04 
    6.25684E-01   9.78358E-02   2.69996E-01   3.56060E-06   7.96511E-01 
    1.87698E-01   1.57910E-02
   7.73000E+02   3.59650E-05   4.57183E-04   9.69831E-01   2.06859E-03 
    2.76051E-02   2.33543E-06   2.50000E-01   3.93551E-02   6.43445E-01 
    6.10577E-02   6.14230E-03   0.00000E+00   5.22173E-03   6.59938E-04 
    6.06514E-01   1.03243E-01   2.84358E-01   3.59552E-06   7.96913E-01 
    1.87761E-01   1.53266E-02
   7.63000E+02   3.06743E-05   4.21875E-04   9.70202E-01   1.91627E-03 
    2.74269E-02   2.33539E-06   2.50000E-01   3.94993E-02   6.42989E-01 
    6.13996E-02   6.11186E-03   0.00000E+00   4.75087E-03   6.05058E-04 
    5.88416E-01   1.08298E-01   2.97926E-01   3.62325E-06   7.97081E-01 
    1.87811E-01   1.51079E-02
   7.53000E+02   2.60767E-05   3.88258E-04   9.70608E-01   1.76917E-03 
    2.72058E-02   2.33511E-06   2.50000E-01   3.96376E-02   6.42643E-01 
    6.16502E-02   6.06969E-03   0.00000E+00   4.33746E-03   5.54687E-04 
    5.71338E-01   1.13014E-01   3.10753E-01   3.64703E-06   7.97072E-01 
    1.87851E-01   1.50769E-02
   7.43000E+02   2.20917E-05   3.56344E-04   9.71045E-01   1.62795E-03 
    2.69467E-02   2.33459E-06   2.50000E-01   3.97698E-02   6.42398E-01 
    6.18154E-02   6.01687E-03   0.00000E+00   3.97257E-03   5.08367E-04 
    5.55207E-01   1.17408E-01   3.22900E-01   3.66949E-06   7.96924E-01 
    1.87884E-01   1.51917E-02
   7.33000E+02   1.86472E-05   3.26136E-04   9.71506E-01   1.49310E-03 
    2.66536E-02   2.33384E-06   2.50000E-01   3.98954E-02   6.42250E-01 
    6.19005E-02   5.95424E-03   0.00000E+00   3.64872E-03   4.65700E-04 
    5.39942E-01   1.21506E-01   3.34434E-01   3.69272E-06   7.96667E-01 
    1.87911E-01   1.54214E-02
   7.23000E+02   1.56786E-05   2.97625E-04   9.71990E-01   1.36498E-03 
    2.63297E-02   2.33285E-06   2.50000E-01   4.00144E-02   6.42193E-01 
    6.19101E-02   5.88252E-03   0.00000E+00   3.35971E-03   4.26342E-04 
    5.25464E-01   1.25331E-01   3.45415E-01   3.71838E-06   7.96323E-01 
    1.87934E-01   1.57431E-02
   7.13000E+02   1.31284E-05   2.70799E-04   9.72492E-01   1.24378E-03 
    2.59775E-02   2.33161E-06   2.50000E-01   4.01268E-02   6.42222E-01 
    6.18486E-02   5.80227E-03   0.00000E+00   3.10025E-03   3.89970E-04 
    5.11698E-01   1.28905E-01   3.55903E-01   3.74812E-06   7.95907E-01 
    1.87954E-01   1.61397E-02
   7.03000E+02   1.09452E-05   2.45635E-04   9.73012E-01   1.12963E-03 
    2.55992E-02   2.33013E-06   2.50000E-01   4.02324E-02   6.42334E-01 
    6.17193E-02   5.71401E-03   0.00000E+00   2.86644E-03   3.56365E-04 
    4.98578E-01   1.32253E-01   3.65942E-01   3.78259E-06   7.95432E-01 
    1.87970E-01   1.65980E-02
   6.93000E+02   9.08313E-06   2.22103E-04   9.73547E-01   1.02255E-03 
    2.51965E-02   2.32837E-06   2.50000E-01   4.03313E-02   6.42525E-01 
    6.15257E-02   5.61812E-03   0.00000E+00   2.65467E-03   3.25289E-04 
    4.86043E-01   1.35396E-01   3.75577E-01   3.82287E-06   7.94907E-01 
    1.87985E-01   1.71079E-02
   6.83000E+02   7.50116E-06   2.00169E-04   9.74097E-01   9.22498E-04 
    2.47709E-02   2.32632E-06   2.50000E-01   4.04236E-02   6.42790E-01 
    6.12709E-02   5.51497E-03   0.00000E+00   2.46206E-03   2.96545E-04 
    4.74040E-01   1.38351E-01   3.84847E-01   3.86978E-06   7.94341E-01 
    1.87998E-01   1.76616E-02
   6.73000E+02   6.16287E-06   1.79790E-04   9.74659E-01   8.29375E-04 
    2.43236E-02   2.32396E-06   2.50000E-01   4.05095E-02   6.43128E-01 
    6.09579E-02   5.40489E-03   0.00000E+00   2.28620E-03   2.69961E-04 
    4.62520E-01   1.41136E-01   3.93784E-01   3.92402E-06   7.93738E-01 
    1.88009E-01   1.82528E-02
