
 Phase Region for:
     FCC_A1#2                      
 col-1=T, col-2=X(FCC_A1#2,C), col-3=X(FCC_A1#2,CR), col-4=X(FCC_A1#2,FE),
   col-5=X(FCC_A1#2,MN), col-6=X(FCC_A1#2,NI), col-7=X(FCC_A1#2,SI),
   col-8=NP(FCC_A1#2),
   1.17300E+03   4.63466E-02   1.01962E-06   9.10860E-01   1.44757E-02 
    9.03325E-07   2.83155E-02   1.00000E+00
   1.18300E+03   4.63466E-02   1.01962E-06   9.10860E-01   1.44757E-02 
    9.03325E-07   2.83155E-02   1.00000E+00
   1.19300E+03   4.63466E-02   1.01962E-06   9.10860E-01   1.44757E-02 
    9.03325E-07   2.83155E-02   1.00000E+00
   1.20300E+03   4.63466E-02   1.01962E-06   9.10860E-01   1.44757E-02 
    9.03325E-07   2.83155E-02   1.00000E+00
   1.21300E+03   4.63466E-02   1.01962E-06   9.10860E-01   1.44757E-02 
    9.03325E-07   2.83155E-02   1.00000E+00
   1.22300E+03   4.63466E-02   1.01962E-06   9.10860E-01   1.44757E-02 
    9.03325E-07   2.83155E-02   1.00000E+00
   1.23300E+03   4.63466E-02   1.01962E-06   9.10860E-01   1.44757E-02 
    9.03325E-07   2.83155E-02   1.00000E+00
   1.24300E+03   4.63466E-02   1.01962E-06   9.10860E-01   1.44757E-02 
    9.03325E-07   2.83155E-02   1.00000E+00
   1.25300E+03   4.63466E-02   1.01962E-06   9.10860E-01   1.44757E-02 
    9.03325E-07   2.83155E-02   1.00000E+00
   1.26300E+03   4.63466E-02   1.01962E-06   9.10860E-01   1.44757E-02 
    9.03325E-07   2.83155E-02   1.00000E+00
   1.27300E+03   4.63466E-02   1.01962E-06   9.10860E-01   1.44757E-02 
    9.03325E-07   2.83155E-02   1.00000E+00
   1.28300E+03   4.63466E-02   1.01962E-06   9.10860E-01   1.44757E-02 
    9.03325E-07   2.83155E-02   1.00000E+00
   1.29300E+03   4.63466E-02   1.01962E-06   9.10860E-01   1.44757E-02 
    9.03325E-07   2.83155E-02   1.00000E+00
   1.30300E+03   4.63466E-02   1.01962E-06   9.10860E-01   1.44757E-02 
    9.03325E-07   2.83155E-02   1.00000E+00
   1.31300E+03   4.63466E-02   1.01962E-06   9.10860E-01   1.44757E-02 
    9.03325E-07   2.83155E-02   1.00000E+00
   1.32300E+03   4.63466E-02   1.01962E-06   9.10860E-01   1.44757E-02 
    9.03325E-07   2.83155E-02   1.00000E+00
   1.33300E+03   4.63466E-02   1.01962E-06   9.10860E-01   1.44757E-02 
    9.03325E-07   2.83155E-02   1.00000E+00
   1.34300E+03   4.63466E-02   1.01962E-06   9.10860E-01   1.44757E-02 
    9.03325E-07   2.83155E-02   1.00000E+00
   1.35300E+03   4.63466E-02   1.01962E-06   9.10860E-01   1.44757E-02 
    9.03325E-07   2.83155E-02   1.00000E+00
   1.36300E+03   4.63466E-02   1.01962E-06   9.10860E-01   1.44757E-02 
    9.03325E-07   2.83155E-02   1.00000E+00
   1.37300E+03   4.63466E-02   1.01962E-06   9.10860E-01   1.44757E-02 
    9.03325E-07   2.83155E-02   1.00000E+00
   1.38300E+03   4.63466E-02   1.01962E-06   9.10860E-01   1.44757E-02 
    9.03325E-07   2.83155E-02   1.00000E+00
   1.39300E+03   4.63466E-02   1.01962E-06   9.10860E-01   1.44757E-02 
    9.03325E-07   2.83155E-02   1.00000E+00
   1.40300E+03   4.63466E-02   1.01962E-06   9.10860E-01   1.44757E-02 
    9.03325E-07   2.83155E-02   1.00000E+00
   1.41300E+03   4.63466E-02   1.01962E-06   9.10860E-01   1.44757E-02 
    9.03325E-07   2.83155E-02   1.00000E+00
   1.42300E+03   4.63466E-02   1.01962E-06   9.10860E-01   1.44757E-02 
    9.03325E-07   2.83155E-02   1.00000E+00
   1.43300E+03   4.63466E-02   1.01962E-06   9.10860E-01   1.44757E-02 
    9.03325E-07   2.83155E-02   1.00000E+00
   1.44300E+03   4.63466E-02   1.01962E-06   9.10860E-01   1.44757E-02 
    9.03325E-07   2.83155E-02   1.00000E+00
   1.45300E+03   4.63466E-02   1.01962E-06   9.10860E-01   1.44757E-02 
    9.03325E-07   2.83155E-02   1.00000E+00
   1.46300E+03   4.63466E-02   1.01962E-06   9.10860E-01   1.44757E-02 
    9.03325E-07   2.83155E-02   1.00000E+00
   1.47300E+03   4.63466E-02   1.01962E-06   9.10860E-01   1.44757E-02 
    9.03325E-07   2.83155E-02   1.00000E+00

 Phase Region for:
     FCC_A1#2                      
 col-1=T, col-2=X(FCC_A1#2,C), col-3=X(FCC_A1#2,CR), col-4=X(FCC_A1#2,FE),
   col-5=X(FCC_A1#2,MN), col-6=X(FCC_A1#2,NI), col-7=X(FCC_A1#2,SI),
   col-8=NP(FCC_A1#2),
   1.17300E+03   4.63466E-02   1.01962E-06   9.10860E-01   1.44757E-02 
    9.03325E-07   2.83155E-02   1.00000E+00
   1.16300E+03   4.63466E-02   1.01962E-06   9.10860E-01   1.44757E-02 
    9.03325E-07   2.83155E-02   1.00000E+00
   1.15300E+03   4.63466E-02   1.01962E-06   9.10860E-01   1.44757E-02 
    9.03325E-07   2.83155E-02   1.00000E+00
   1.15145E+03   4.63466E-02   1.01962E-06   9.10860E-01   1.44757E-02 
    9.03325E-07   2.83155E-02   1.00000E+00

 Phase Region for:
     CEMENTITE                     
     FCC_A1#2                      
 col-1=T, col-2=X(CEMENTITE,C), col-3=X(CEMENTITE,CR), col-4=X(CEMENTITE,FE),
   col-5=X(CEMENTITE,MN), col-6=X(CEMENTITE,NI), col-7=X(CEMENTITE,SI),
   col-8=X(FCC_A1#2,C), col-9=X(FCC_A1#2,CR), col-10=X(FCC_A1#2,FE),
   col-11=X(FCC_A1#2,MN), col-12=X(FCC_A1#2,NI), col-13=X(FCC_A1#2,SI),
   col-14=NP(CEMENTITE), col-15=NP(FCC_A1#2),
   1.15145E+03   2.50000E-01   5.66185E-06   7.28491E-01   2.15035E-02 
    1.37291E-07   0.00000E+00   4.63466E-02   1.01962E-06   9.10860E-01 
    1.44757E-02   9.03325E-07   2.83155E-02   6.20473E-08   1.00000E+00
   1.14300E+03   2.50000E-01   5.67379E-06   7.28363E-01   2.16311E-02 
    1.35088E-07   0.00000E+00   4.52841E-02   9.95336E-07   9.11812E-01 
    1.44384E-02   9.07333E-07   2.84632E-02   5.19048E-03   9.94810E-01
   1.13300E+03   2.50000E-01   5.68688E-06   7.28208E-01   2.17859E-02 
    1.32486E-07   0.00000E+00   4.40379E-02   9.66708E-07   9.12931E-01 
    1.43929E-02   9.12063E-07   2.86365E-02   1.12097E-02   9.88790E-01
   1.12300E+03   2.50000E-01   5.69883E-06   7.28049E-01   2.19449E-02 
    1.29889E-07   0.00000E+00   4.28047E-02   9.38239E-07   9.14040E-01 
    1.43458E-02   9.16776E-07   2.88079E-02   1.70945E-02   9.82905E-01
   1.11300E+03   2.50000E-01   5.70963E-06   7.27886E-01   2.21080E-02 
    1.27299E-07   0.00000E+00   4.15847E-02   9.09955E-07   9.15139E-01 
    1.42973E-02   9.21470E-07   2.89776E-02   2.28482E-02   9.77152E-01
   1.10300E+03   2.50000E-01   5.71930E-06   7.27719E-01   2.22755E-02 
    1.24717E-07   0.00000E+00   4.03780E-02   8.81881E-07   9.16228E-01 
    1.42471E-02   9.26144E-07   2.91453E-02   2.84735E-02   9.71527E-01
   1.09300E+03   2.50000E-01   5.72782E-06   7.27547E-01   2.24473E-02 
    1.22142E-07   0.00000E+00   3.91846E-02   8.54042E-07   9.17307E-01 
    1.41954E-02   9.30797E-07   2.93113E-02   3.39731E-02   9.66027E-01
   1.08300E+03   2.50000E-01   5.73522E-06   7.27370E-01   2.26237E-02 
    1.19575E-07   0.00000E+00   3.80047E-02   8.26461E-07   9.18376E-01 
    1.41420E-02   9.35428E-07   2.94753E-02   3.93498E-02   9.60650E-01
   1.07300E+03   2.50000E-01   5.74149E-06   7.27190E-01   2.28046E-02 
    1.17017E-07   0.00000E+00   3.68384E-02   7.99163E-07   9.19436E-01 
    1.40869E-02   9.40036E-07   2.96375E-02   4.46057E-02   9.55394E-01
   1.06300E+03   2.50000E-01   5.74665E-06   7.27004E-01   2.29903E-02 
    1.14468E-07   0.00000E+00   3.56859E-02   7.72172E-07   9.20485E-01 
    1.40300E-02   9.44619E-07   2.97977E-02   4.97434E-02   9.50257E-01
   1.05300E+03   2.50000E-01   5.75071E-06   7.26813E-01   2.31808E-02 
    1.11929E-07   0.00000E+00   3.45474E-02   7.45510E-07   9.21524E-01 
    1.39714E-02   9.49176E-07   2.99560E-02   5.47648E-02   9.45235E-01
   1.04300E+03   2.50000E-01   5.75370E-06   7.26618E-01   2.33762E-02 
    1.09400E-07   0.00000E+00   3.34230E-02   7.19201E-07   9.22552E-01 
    1.39109E-02   9.53706E-07   3.01123E-02   5.96720E-02   9.40328E-01
   1.03300E+03   2.50000E-01   5.75563E-06   7.26417E-01   2.35766E-02 
    1.06883E-07   0.00000E+00   3.23130E-02   6.93264E-07   9.23570E-01 
    1.38486E-02   9.58207E-07   3.02667E-02   6.44670E-02   9.35533E-01
   1.02300E+03   2.50000E-01   5.75653E-06   7.26212E-01   2.37823E-02 
    1.04377E-07   0.00000E+00   3.12175E-02   6.67721E-07   9.24577E-01 
    1.37844E-02   9.62677E-07   3.04190E-02   6.91514E-02   9.30849E-01
   1.01300E+03   2.50000E-01   5.75642E-06   7.26001E-01   2.39932E-02 
    1.01883E-07   0.00000E+00   3.01368E-02   6.42592E-07   9.25574E-01 
    1.37182E-02   9.67116E-07   3.05692E-02   7.37269E-02   9.26273E-01
   1.00300E+03   2.50000E-01   5.75535E-06   7.25785E-01   2.42096E-02 
    9.94018E-08   0.00000E+00   2.90711E-02   6.17896E-07   9.26560E-01 
    1.36500E-02   9.71520E-07   3.07174E-02   7.81951E-02   9.21805E-01
   9.93000E+02   2.50000E-01   5.75333E-06   7.25563E-01   2.44315E-02 
    9.69343E-08   0.00000E+00   2.80206E-02   5.93650E-07   9.27535E-01 
    1.35799E-02   9.75889E-07   3.08635E-02   8.25574E-02   9.17443E-01
   9.83000E+02   2.50000E-01   5.75040E-06   7.25335E-01   2.46592E-02 
    9.44811E-08   0.00000E+00   2.69856E-02   5.69871E-07   9.28498E-01 
    1.35076E-02   9.80220E-07   3.10074E-02   8.68152E-02   9.13185E-01
   9.73000E+02   2.50000E-01   5.74661E-06   7.25101E-01   2.48927E-02 
    9.20428E-08   0.00000E+00   2.59664E-02   5.46574E-07   9.29450E-01 
    1.34333E-02   9.84512E-07   3.11491E-02   9.09696E-02   9.09030E-01
   9.63000E+02   2.50000E-01   5.74199E-06   7.24862E-01   2.51322E-02 
    8.96201E-08   0.00000E+00   2.49632E-02   5.23774E-07   9.30390E-01 
    1.33568E-02   9.88763E-07   3.12886E-02   9.50220E-02   9.04978E-01
   9.53000E+02   2.50000E-01   5.73659E-06   7.24616E-01   2.53780E-02 
    8.72137E-08   0.00000E+00   2.39763E-02   5.01484E-07   9.31318E-01 
    1.32782E-02   9.92970E-07   3.14258E-02   9.89732E-02   9.01027E-01
   9.43000E+02   2.50000E-01   5.73046E-06   7.24364E-01   2.56301E-02 
    8.48243E-08   0.00000E+00   2.30061E-02   4.79715E-07   9.32234E-01 
    1.31974E-02   9.97132E-07   3.15607E-02   1.02824E-01   8.97176E-01
   9.33000E+02   2.50000E-01   5.72363E-06   7.24106E-01   2.58887E-02 
    8.24526E-08   0.00000E+00   2.20528E-02   4.58478E-07   9.33138E-01 
    1.31143E-02   1.00125E-06   3.16932E-02   1.06576E-01   8.93424E-01
   9.23000E+02   2.50000E-01   5.71617E-06   7.23840E-01   2.61540E-02 
    8.00995E-08   0.00000E+00   2.11168E-02   4.37783E-07   9.34029E-01 
    1.30290E-02   1.00531E-06   3.18234E-02   1.10230E-01   8.89770E-01
   9.13000E+02   2.50000E-01   5.70811E-06   7.23568E-01   2.64263E-02 
    7.77657E-08   0.00000E+00   2.01984E-02   4.17636E-07   9.34908E-01 
    1.29413E-02   1.00932E-06   3.19511E-02   1.13786E-01   8.86214E-01
   9.03000E+02   2.50000E-01   5.69953E-06   7.23289E-01   2.67056E-02 
    7.54520E-08   0.00000E+00   1.92978E-02   3.98044E-07   9.35773E-01 
    1.28514E-02   1.01328E-06   3.20763E-02   1.17245E-01   8.82755E-01
   8.93000E+02   2.50000E-01   5.69046E-06   7.23002E-01   2.69923E-02 
    7.31591E-08   0.00000E+00   1.84156E-02   3.79013E-07   9.36625E-01 
    1.27591E-02   1.01718E-06   3.21989E-02   1.20609E-01   8.79391E-01
   8.83000E+02   2.50000E-01   5.68096E-06   7.22708E-01   2.72865E-02 
    7.08879E-08   0.00000E+00   1.75519E-02   3.60547E-07   9.37463E-01 
    1.26644E-02   1.02102E-06   3.23190E-02   1.23876E-01   8.76124E-01
   8.73000E+02   2.50000E-01   5.67110E-06   7.22406E-01   2.75884E-02 
    6.86391E-08   0.00000E+00   1.67071E-02   3.42647E-07   9.38288E-01 
    1.25673E-02   1.02480E-06   3.24365E-02   1.27049E-01   8.72951E-01
   8.63000E+02   2.50000E-01   5.66092E-06   7.22096E-01   2.78984E-02 
    6.64137E-08   0.00000E+00   1.58816E-02   3.25315E-07   9.39098E-01 
    1.24678E-02   1.02852E-06   3.25513E-02   1.30127E-01   8.69873E-01
   8.53000E+02   2.50000E-01   5.65049E-06   7.21778E-01   2.82162E-02 
    6.42131E-08   0.00000E+00   1.50758E-02   3.08552E-07   9.39894E-01 
    1.23659E-02   1.03217E-06   3.26633E-02   1.33110E-01   8.66890E-01
   8.43000E+02   2.50000E-01   5.63986E-06   7.21451E-01   2.85428E-02 
    6.20367E-08   0.00000E+00   1.42899E-02   2.92355E-07   9.40675E-01 
    1.22615E-02   1.03575E-06   3.27726E-02   1.36001E-01   8.63999E-01
   8.33000E+02   2.50000E-01   5.62909E-06   7.21116E-01   2.88783E-02 
    5.98861E-08   0.00000E+00   1.35243E-02   2.76722E-07   9.41441E-01 
    1.21545E-02   1.03926E-06   3.28790E-02   1.38798E-01   8.61202E-01
   8.23000E+02   2.50000E-01   5.61823E-06   7.20772E-01   2.92228E-02 
    5.77621E-08   0.00000E+00   1.27793E-02   2.61650E-07   9.42192E-01 
    1.20451E-02   1.04270E-06   3.29826E-02   1.41502E-01   8.58498E-01
   8.13000E+02   2.50000E-01   5.60734E-06   7.20418E-01   2.95766E-02 
    5.56657E-08   0.00000E+00   1.20553E-02   2.47135E-07   9.42927E-01 
    1.19331E-02   1.04605E-06   3.30833E-02   1.44115E-01   8.55885E-01
   8.03000E+02   2.50000E-01   5.59648E-06   7.20054E-01   2.99401E-02 
    5.35975E-08   0.00000E+00   1.13526E-02   2.33170E-07   9.43647E-01 
    1.18185E-02   1.04933E-06   3.31810E-02   1.46635E-01   8.53365E-01
   7.93000E+02   2.50000E-01   5.58571E-06   7.19681E-01   3.03135E-02 
    5.15586E-08   0.00000E+00   1.06714E-02   2.19749E-07   9.44350E-01 
    1.17013E-02   1.05253E-06   3.32757E-02   1.49064E-01   8.50936E-01
   7.83000E+02   2.50000E-01   5.57507E-06   7.19297E-01   3.06972E-02 
    4.95497E-08   0.00000E+00   1.00121E-02   2.06866E-07   9.45038E-01 
    1.15816E-02   1.05565E-06   3.33673E-02   1.51402E-01   8.48598E-01
   7.73000E+02   2.50000E-01   5.56461E-06   7.18903E-01   3.10916E-02 
    4.75717E-08   0.00000E+00   9.37490E-03   1.94511E-07   9.45709E-01 
    1.14593E-02   1.05868E-06   3.34559E-02   1.53649E-01   8.46351E-01
   7.63000E+02   2.50000E-01   5.55439E-06   7.18497E-01   3.14971E-02 
    4.56255E-08   0.00000E+00   8.76006E-03   1.82675E-07   9.46363E-01 
    1.13343E-02   1.06162E-06   3.35414E-02   1.55806E-01   8.44194E-01
   7.53000E+02   2.50000E-01   5.54445E-06   7.18081E-01   3.19138E-02 
    4.37119E-08   0.00000E+00   8.16780E-03   1.71350E-07   9.47001E-01 
    1.12066E-02   1.06448E-06   3.36238E-02   1.57873E-01   8.42127E-01
   7.43000E+02   2.50000E-01   5.53485E-06   7.17652E-01   3.23424E-02 
    4.18318E-08   0.00000E+00   7.59829E-03   1.60525E-07   9.47621E-01 
    1.10763E-02   1.06724E-06   3.37029E-02   1.59852E-01   8.40148E-01
   7.33000E+02   2.50000E-01   5.52561E-06   7.17211E-01   3.27832E-02 
    3.99859E-08   0.00000E+00   7.05169E-03   1.50188E-07   9.48225E-01 
    1.09433E-02   1.06991E-06   3.37789E-02   1.61742E-01   8.38258E-01
   7.23000E+02   2.50000E-01   5.51679E-06   7.16758E-01   3.32366E-02 
    3.81753E-08   0.00000E+00   6.52813E-03   1.40329E-07   9.48811E-01 
    1.08076E-02   1.07248E-06   3.38517E-02   1.63545E-01   8.36455E-01
   7.13000E+02   2.50000E-01   5.50841E-06   7.16291E-01   3.37030E-02 
    3.64005E-08   0.00000E+00   6.02768E-03   1.30936E-07   9.49381E-01 
    1.06692E-02   1.07496E-06   3.39213E-02   1.65260E-01   8.34740E-01
   7.03000E+02   2.50000E-01   5.50052E-06   7.15811E-01   3.41830E-02 
    3.46626E-08   0.00000E+00   5.55037E-03   1.21997E-07   9.49933E-01 
    1.05279E-02   1.07734E-06   3.39877E-02   1.66890E-01   8.33110E-01
   6.93000E+02   2.50000E-01   5.49313E-06   7.15318E-01   3.46769E-02 
    3.29622E-08   0.00000E+00   5.09621E-03   1.13500E-07   9.50468E-01 
    1.03840E-02   1.07962E-06   3.40508E-02   1.68435E-01   8.31565E-01
   6.83000E+02   2.50000E-01   5.48629E-06   7.14809E-01   3.51853E-02 
    3.13002E-08   0.00000E+00   4.66513E-03   1.05431E-07   9.50986E-01 
    1.02371E-02   1.08180E-06   3.41108E-02   1.69896E-01   8.30104E-01
   6.73000E+02   2.50000E-01   5.48000E-06   7.14286E-01   3.57086E-02 
    2.96774E-08   0.00000E+00   4.25703E-03   9.77796E-08   9.51487E-01 
    1.00875E-02   1.08388E-06   3.41675E-02   1.71275E-01   8.28725E-01
