
 Phase Region for:
     CEMENTITE                     
     FCC_A1#1                      
 col-1=T, col-2=X(CEMENTITE,C), col-3=X(CEMENTITE,CR), col-4=X(CEMENTITE,FE),
   col-5=X(CEMENTITE,MN), col-6=X(CEMENTITE,NI), col-7=X(CEMENTITE,SI),
   col-8=X(FCC_A1#1,C), col-9=X(FCC_A1#1,CR), col-10=X(FCC_A1#1,FE),
   col-11=X(FCC_A1#1,MN), col-12=X(FCC_A1#1,NI), col-13=X(FCC_A1#1,SI),
   col-14=NP(CEMENTITE), col-15=NP(FCC_A1#1),
   1.17300E+03   2.50000E-01   2.17020E-01   5.16708E-01   1.34520E-02 
    2.82006E-03   0.00000E+00   2.92155E-02   3.69883E-02   8.52225E-01 
    1.45334E-02   3.64079E-02   3.06300E-02   7.72169E-02   9.22783E-01
   1.18300E+03   2.50000E-01   2.16154E-01   5.17565E-01   1.33896E-02 
    2.89157E-03   0.00000E+00   3.03341E-02   3.79682E-02   8.50458E-01 
    1.45328E-02   3.62321E-02   3.04748E-02   7.25179E-02   9.27482E-01
   1.19300E+03   2.50000E-01   2.15305E-01   5.18402E-01   1.33295E-02 
    2.96382E-03   0.00000E+00   3.14775E-02   3.89573E-02   8.48664E-01 
    1.45312E-02   3.60533E-02   3.03162E-02   6.76645E-02   9.32335E-01
   1.20300E+03   2.50000E-01   2.14475E-01   5.19216E-01   1.32717E-02 
    3.03677E-03   0.00000E+00   3.26459E-02   3.99557E-02   8.46844E-01 
    1.45286E-02   3.58715E-02   3.01541E-02   6.26528E-02   9.37347E-01
   1.21300E+03   2.50000E-01   2.13664E-01   5.20009E-01   1.32161E-02 
    3.11043E-03   0.00000E+00   3.38392E-02   4.09632E-02   8.44997E-01 
    1.45251E-02   3.56868E-02   2.99885E-02   5.74785E-02   9.42521E-01
   1.22300E+03   2.50000E-01   2.12873E-01   5.20780E-01   1.31627E-02 
    3.18476E-03   0.00000E+00   3.50572E-02   4.19799E-02   8.43123E-01 
    1.45207E-02   3.54991E-02   2.98196E-02   5.21373E-02   9.47863E-01
   1.23300E+03   2.50000E-01   2.12102E-01   5.21527E-01   1.31114E-02 
    3.25976E-03   0.00000E+00   3.63001E-02   4.30058E-02   8.41223E-01 
    1.45153E-02   3.53086E-02   2.96471E-02   4.66245E-02   9.53375E-01
   1.24300E+03   2.50000E-01   2.11352E-01   5.22251E-01   1.30621E-02 
    3.33540E-03   0.00000E+00   3.75677E-02   4.40409E-02   8.39296E-01 
    1.45091E-02   3.51153E-02   2.94713E-02   4.09356E-02   9.59064E-01
   1.25300E+03   2.50000E-01   2.10623E-01   5.22951E-01   1.30148E-02 
    3.41167E-03   0.00000E+00   3.88600E-02   4.50852E-02   8.37342E-01 
    1.45020E-02   3.49192E-02   2.92920E-02   3.50655E-02   9.64934E-01
   1.26300E+03   2.50000E-01   2.09916E-01   5.23626E-01   1.29695E-02 
    3.48855E-03   0.00000E+00   4.01770E-02   4.61388E-02   8.35361E-01 
    1.44941E-02   3.47204E-02   2.91093E-02   2.90092E-02   9.70991E-01
   1.27300E+03   2.50000E-01   2.09231E-01   5.24277E-01   1.29260E-02 
    3.56602E-03   0.00000E+00   4.15184E-02   4.72018E-02   8.33352E-01 
    1.44854E-02   3.45189E-02   2.89232E-02   2.27614E-02   9.77239E-01
   1.28300E+03   2.50000E-01   2.08570E-01   5.24901E-01   1.28844E-02 
    3.64406E-03   0.00000E+00   4.28844E-02   4.82743E-02   8.31317E-01 
    1.44758E-02   3.43148E-02   2.87337E-02   1.63165E-02   9.83683E-01
   1.29300E+03   2.50000E-01   2.07933E-01   5.25500E-01   1.28447E-02 
    3.72265E-03   0.00000E+00   4.42747E-02   4.93566E-02   8.29254E-01 
    1.44655E-02   3.41081E-02   2.85408E-02   9.66879E-03   9.90331E-01
   1.30300E+03   2.50000E-01   2.07321E-01   5.26071E-01   1.28067E-02 
    3.80177E-03   0.00000E+00   4.56892E-02   5.04487E-02   8.27164E-01 
    1.44545E-02   3.38990E-02   2.83446E-02   2.81213E-03   9.97188E-01
   1.30701E+03   2.50000E-01   2.07082E-01   5.26292E-01   1.27919E-02 
    3.83367E-03   0.00000E+00   4.62638E-02   5.08898E-02   8.26317E-01 
    1.44499E-02   3.38143E-02   2.82649E-02   0.00000E+00   1.00000E+00

 Phase Region for:
     FCC_A1#1                      
 col-1=T, col-2=X(FCC_A1#1,C), col-3=X(FCC_A1#1,CR), col-4=X(FCC_A1#1,FE),
   col-5=X(FCC_A1#1,MN), col-6=X(FCC_A1#1,NI), col-7=X(FCC_A1#1,SI),
   col-8=NP(FCC_A1#1),
   1.30701E+03   4.62638E-02   5.08898E-02   8.26317E-01   1.44499E-02 
    3.38143E-02   2.82649E-02   1.00000E+00
   1.31300E+03   4.62638E-02   5.08898E-02   8.26317E-01   1.44499E-02 
    3.38143E-02   2.82649E-02   1.00000E+00
   1.32300E+03   4.62638E-02   5.08898E-02   8.26317E-01   1.44499E-02 
    3.38143E-02   2.82649E-02   1.00000E+00
   1.33300E+03   4.62638E-02   5.08898E-02   8.26317E-01   1.44499E-02 
    3.38143E-02   2.82649E-02   1.00000E+00
   1.34300E+03   4.62638E-02   5.08898E-02   8.26317E-01   1.44499E-02 
    3.38143E-02   2.82649E-02   1.00000E+00
   1.35300E+03   4.62638E-02   5.08898E-02   8.26317E-01   1.44499E-02 
    3.38143E-02   2.82649E-02   1.00000E+00
   1.36300E+03   4.62638E-02   5.08898E-02   8.26317E-01   1.44499E-02 
    3.38143E-02   2.82649E-02   1.00000E+00
   1.37300E+03   4.62638E-02   5.08898E-02   8.26317E-01   1.44499E-02 
    3.38143E-02   2.82649E-02   1.00000E+00
   1.38300E+03   4.62638E-02   5.08898E-02   8.26317E-01   1.44499E-02 
    3.38143E-02   2.82649E-02   1.00000E+00
   1.39300E+03   4.62638E-02   5.08898E-02   8.26317E-01   1.44499E-02 
    3.38143E-02   2.82649E-02   1.00000E+00
   1.40300E+03   4.62638E-02   5.08898E-02   8.26317E-01   1.44499E-02 
    3.38143E-02   2.82649E-02   1.00000E+00
   1.41300E+03   4.62638E-02   5.08898E-02   8.26317E-01   1.44499E-02 
    3.38143E-02   2.82649E-02   1.00000E+00
   1.42300E+03   4.62638E-02   5.08898E-02   8.26317E-01   1.44499E-02 
    3.38143E-02   2.82649E-02   1.00000E+00
   1.43300E+03   4.62638E-02   5.08898E-02   8.26317E-01   1.44499E-02 
    3.38143E-02   2.82649E-02   1.00000E+00
   1.44300E+03   4.62638E-02   5.08898E-02   8.26317E-01   1.44499E-02 
    3.38143E-02   2.82649E-02   1.00000E+00
   1.45300E+03   4.62638E-02   5.08898E-02   8.26317E-01   1.44499E-02 
    3.38143E-02   2.82649E-02   1.00000E+00
   1.46300E+03   4.62638E-02   5.08898E-02   8.26317E-01   1.44499E-02 
    3.38143E-02   2.82649E-02   1.00000E+00
   1.47300E+03   4.62638E-02   5.08898E-02   8.26317E-01   1.44499E-02 
    3.38143E-02   2.82649E-02   1.00000E+00

 Phase Region for:
     CEMENTITE                     
     FCC_A1#1                      
 col-1=T, col-2=X(CEMENTITE,C), col-3=X(CEMENTITE,CR), col-4=X(CEMENTITE,FE),
   col-5=X(CEMENTITE,MN), col-6=X(CEMENTITE,NI), col-7=X(CEMENTITE,SI),
   col-8=X(FCC_A1#1,C), col-9=X(FCC_A1#1,CR), col-10=X(FCC_A1#1,FE),
   col-11=X(FCC_A1#1,MN), col-12=X(FCC_A1#1,NI), col-13=X(FCC_A1#1,SI),
   col-14=NP(CEMENTITE), col-15=NP(FCC_A1#1),
   1.17300E+03   2.50000E-01   2.17020E-01   5.16708E-01   1.34520E-02 
    2.82006E-03   0.00000E+00   2.92155E-02   3.69883E-02   8.52225E-01 
    1.45334E-02   3.64079E-02   3.06300E-02   7.72169E-02   9.22783E-01
   1.16300E+03   2.50000E-01   2.17904E-01   5.15830E-01   1.35169E-02 
    2.74929E-03   0.00000E+00   2.81218E-02   3.60178E-02   8.53965E-01 
    1.45329E-02   3.65806E-02   3.07817E-02   8.17655E-02   9.18234E-01
   1.15300E+03   2.50000E-01   2.18804E-01   5.14932E-01   1.35843E-02 
    2.67928E-03   0.00000E+00   2.70530E-02   3.50567E-02   8.55679E-01 
    1.45315E-02   3.67501E-02   3.09300E-02   8.61676E-02   9.13832E-01
   1.14300E+03   2.50000E-01   2.19721E-01   5.14014E-01   1.36542E-02 
    2.61004E-03   0.00000E+00   2.60090E-02   3.41052E-02   8.57365E-01 
    1.45290E-02   3.69166E-02   3.10748E-02   9.04267E-02   9.09573E-01
   1.13300E+03   2.50000E-01   2.20654E-01   5.13077E-01   1.37268E-02 
    2.54159E-03   0.00000E+00   2.49899E-02   3.31632E-02   8.59025E-01 
    1.45254E-02   3.70798E-02   3.12162E-02   9.45464E-02   9.05454E-01
   1.12300E+03   2.50000E-01   2.21602E-01   5.12122E-01   1.38021E-02 
    2.47394E-03   0.00000E+00   2.39955E-02   3.22311E-02   8.60659E-01 
    1.45207E-02   3.72398E-02   3.13542E-02   9.85301E-02   9.01470E-01
   1.11300E+03   2.50000E-01   2.22565E-01   5.11148E-01   1.38803E-02 
    2.40710E-03   0.00000E+00   2.30259E-02   3.13088E-02   8.62265E-01 
    1.45148E-02   3.73966E-02   3.14887E-02   1.02381E-01   8.97619E-01
   1.10300E+03   2.50000E-01   2.23542E-01   5.10155E-01   1.39615E-02 
    2.34109E-03   0.00000E+00   2.20808E-02   3.03965E-02   8.63845E-01 
    1.45078E-02   3.75501E-02   3.16198E-02   1.06103E-01   8.93897E-01
   1.09300E+03   2.50000E-01   2.24533E-01   5.09146E-01   1.40456E-02 
    2.27592E-03   0.00000E+00   2.11604E-02   2.94944E-02   8.65398E-01 
    1.44997E-02   3.77004E-02   3.17475E-02   1.09699E-01   8.90301E-01
   1.08300E+03   2.50000E-01   2.25536E-01   5.08119E-01   1.41329E-02 
    2.21160E-03   0.00000E+00   2.02643E-02   2.86026E-02   8.66924E-01 
    1.44903E-02   3.78473E-02   3.18718E-02   1.13171E-01   8.86829E-01
   1.07300E+03   2.50000E-01   2.26552E-01   5.07076E-01   1.42235E-02 
    2.14814E-03   0.00000E+00   1.93926E-02   2.77214E-02   8.68423E-01 
    1.44797E-02   3.79909E-02   3.19928E-02   1.16523E-01   8.83477E-01
   1.06300E+03   2.50000E-01   2.27580E-01   5.06017E-01   1.43175E-02 
    2.08556E-03   0.00000E+00   1.85451E-02   2.68508E-02   8.69895E-01 
    1.44679E-02   3.81311E-02   3.21103E-02   1.19759E-01   8.80241E-01
   1.05300E+03   2.50000E-01   2.28619E-01   5.04943E-01   1.44150E-02 
    2.02385E-03   0.00000E+00   1.77216E-02   2.59911E-02   8.71340E-01 
    1.44548E-02   3.82680E-02   3.22246E-02   1.22879E-01   8.77121E-01
   1.04300E+03   2.50000E-01   2.29668E-01   5.03853E-01   1.45161E-02 
    1.96304E-03   0.00000E+00   1.69220E-02   2.51425E-02   8.72758E-01 
    1.44403E-02   3.84015E-02   3.23355E-02   1.25888E-01   8.74112E-01
   1.03300E+03   2.50000E-01   2.30727E-01   5.02749E-01   1.46210E-02 
    1.90314E-03   0.00000E+00   1.61461E-02   2.43051E-02   8.74149E-01 
    1.44246E-02   3.85317E-02   3.24432E-02   1.28789E-01   8.71211E-01
   1.02300E+03   2.50000E-01   2.31795E-01   5.01631E-01   1.47299E-02 
    1.84414E-03   0.00000E+00   1.53937E-02   2.34791E-02   8.75514E-01 
    1.44074E-02   3.86585E-02   3.25475E-02   1.31583E-01   8.68417E-01
   1.01300E+03   2.50000E-01   2.32871E-01   5.00500E-01   1.48429E-02 
    1.78607E-03   0.00000E+00   1.46646E-02   2.26648E-02   8.76851E-01 
    1.43889E-02   3.87819E-02   3.26487E-02   1.34273E-01   8.65727E-01
   1.00300E+03   2.50000E-01   2.33955E-01   4.99356E-01   1.49601E-02 
    1.72892E-03   0.00000E+00   1.39586E-02   2.18624E-02   8.78162E-01 
    1.43690E-02   3.89019E-02   3.27466E-02   1.36862E-01   8.63138E-01
   9.93000E+02   2.50000E-01   2.35045E-01   4.98201E-01   1.50817E-02 
    1.67271E-03   0.00000E+00   1.32754E-02   2.10720E-02   8.79445E-01 
    1.43476E-02   3.90186E-02   3.28414E-02   1.39353E-01   8.60647E-01
   9.89003E+02   2.50000E-01   2.35482E-01   4.97736E-01   1.51316E-02 
    1.65050E-03   0.00000E+00   1.30087E-02   2.07595E-02   8.79950E-01 
    1.43386E-02   3.90643E-02   3.28784E-02   1.40322E-01   8.59678E-01

 Phase Region for:
     BCC_A2                        
     CEMENTITE                     
     FCC_A1#1                      
 col-1=T, col-2=X(BCC_A2,C), col-3=X(BCC_A2,CR), col-4=X(BCC_A2,FE),
   col-5=X(BCC_A2,MN), col-6=X(BCC_A2,NI), col-7=X(BCC_A2,SI),
   col-8=X(CEMENTITE,C), col-9=X(CEMENTITE,CR), col-10=X(CEMENTITE,FE),
   col-11=X(CEMENTITE,MN), col-12=X(CEMENTITE,NI), col-13=X(CEMENTITE,SI),
   col-14=X(FCC_A1#1,C), col-15=X(FCC_A1#1,CR), col-16=X(FCC_A1#1,FE),
   col-17=X(FCC_A1#1,MN), col-18=X(FCC_A1#1,NI), col-19=X(FCC_A1#1,SI),
   col-20=NP(BCC_A2), col-21=NP(CEMENTITE), col-22=NP(FCC_A1#1),
   9.89003E+02   2.90611E-04   1.48642E-02   9.25032E-01   4.26914E-03 
    1.56660E-02   3.98783E-02   2.50000E-01   2.35482E-01   4.97736E-01 
    1.51317E-02   1.65051E-03   0.00000E+00   1.30087E-02   2.07595E-02 
    8.79950E-01   1.43386E-02   3.90644E-02   3.28784E-02   1.75227E-06 
    1.40322E-01   8.59676E-01
   9.83000E+02   2.71337E-04   1.42631E-02   9.25591E-01   4.36483E-03 
    1.64592E-02   3.90504E-02   2.50000E-01   2.34419E-01   4.97620E-01 
    1.62194E-02   1.74216E-03   0.00000E+00   1.26056E-02   1.99414E-02 
    8.77339E-01   1.54250E-02   4.23314E-02   3.23579E-02   9.87176E-02 
    1.46911E-01   7.54372E-01
   9.73000E+02   2.40780E-04   1.33708E-02   9.26099E-01   4.52010E-03 
    1.77889E-02   3.79805E-02   2.50000E-01   2.33301E-01   4.96713E-01 
    1.80910E-02   1.89503E-03   0.00000E+00   1.18887E-02   1.86777E-02 
    8.72072E-01   1.73803E-02   4.82439E-02   3.17374E-02   2.36486E-01 
    1.55934E-01   6.07580E-01
   9.63000E+02   2.12477E-04   1.25860E-02   9.26244E-01   4.65936E-03 
    1.90943E-02   3.72038E-02   2.50000E-01   2.32885E-01   4.95068E-01 
    2.00027E-02   2.04407E-03   0.00000E+00   1.11359E-02   1.75163E-02 
    8.65798E-01   1.94998E-02   5.47066E-02   3.13434E-02   3.45802E-01 
    1.62876E-01   4.91322E-01
   9.53000E+02   1.86623E-04   1.18817E-02   9.26172E-01   4.77490E-03 
    2.03477E-02   3.66373E-02   2.50000E-01   2.33029E-01   4.92859E-01 
    2.19260E-02   2.18608E-03   0.00000E+00   1.03674E-02   1.64347E-02 
    8.58625E-01   2.17721E-02   6.16989E-02   3.11023E-02   4.32312E-01 
    1.68164E-01   3.99524E-01
   9.43000E+02   1.63263E-04   1.12375E-02   9.25984E-01   4.86250E-03 
    2.15313E-02   3.62216E-02   2.50000E-01   2.33607E-01   4.90234E-01 
    2.38400E-02   2.31910E-03   0.00000E+00   9.59885E-03   1.54152E-02 
    8.50614E-01   2.41933E-02   6.92194E-02   3.09598E-02   5.00890E-01 
    1.72175E-01   3.26935E-01
   9.33000E+02   1.42336E-04   1.06387E-02   9.25750E-01   4.92019E-03 
    2.26339E-02   3.59144E-02   2.50000E-01   2.34514E-01   4.87315E-01 
    2.57291E-02   2.44194E-03   0.00000E+00   8.84190E-03   1.44453E-02 
    8.41789E-01   2.67656E-02   7.72814E-02   3.08765E-02   5.55454E-01 
    1.75213E-01   2.69333E-01
   9.23000E+02   1.23718E-04   1.00749E-02   9.25520E-01   4.94742E-03 
    2.36484E-02   3.56858E-02   2.50000E-01   2.35668E-01   4.84198E-01 
    2.75808E-02   2.55396E-03   0.00000E+00   8.10508E-03   1.35160E-02 
    8.32150E-01   2.94956E-02   8.59087E-02   3.08242E-02   5.99060E-01 
    1.77515E-01   2.23425E-01
   9.13000E+02   1.07245E-04   9.53852E-03   9.25324E-01   4.94460E-03 
    2.45708E-02   3.55147E-02   2.50000E-01   2.37004E-01   4.80957E-01 
    2.93847E-02   2.65483E-03   0.00000E+00   7.39459E-03   1.26218E-02 
    8.21675E-01   3.23937E-02   9.51326E-02   3.07822E-02   6.34062E-01 
    1.79261E-01   1.86676E-01
   9.03000E+02   9.27359E-05   9.02454E-03   9.25185E-01   4.91279E-03 
    2.53988E-02   3.53860E-02   2.50000E-01   2.38472E-01   4.77652E-01 
    3.11318E-02   2.74443E-03   0.00000E+00   6.71495E-03   1.17593E-02 
    8.10330E-01   3.54729E-02   1.04988E-01   3.07353E-02   6.62271E-01 
    1.80589E-01   1.57140E-01
   8.93000E+02   8.00065E-05   8.52938E-03   9.25117E-01   4.85351E-03 
    2.61314E-02   3.52887E-02   2.50000E-01   2.40033E-01   4.74331E-01 
    3.28141E-02   2.82278E-03   0.00000E+00   6.06953E-03   1.09270E-02 
    7.98073E-01   3.87480E-02   1.15510E-01   3.06725E-02   6.85083E-01 
    1.81599E-01   1.33318E-01
   8.83000E+02   6.88760E-05   8.05067E-03   9.25128E-01   4.76865E-03 
    2.67686E-02   3.52150E-02   2.50000E-01   2.41656E-01   4.71030E-01 
    3.44242E-02   2.89001E-03   0.00000E+00   5.46091E-03   1.01247E-02 
    7.84864E-01   4.22345E-02   1.26730E-01   3.05858E-02   7.03581E-01 
    1.82370E-01   1.14049E-01
   8.73000E+02   5.91724E-05   7.58684E-03   9.25223E-01   4.66035E-03 
    2.73114E-02   3.51591E-02   2.50000E-01   2.43318E-01   4.67780E-01 
    3.59558E-02   2.94629E-03   0.00000E+00   4.89116E-03   9.35304E-03 
    7.70672E-01   4.59460E-02   1.38668E-01   3.04698E-02   7.18611E-01 
    1.82959E-01   9.84295E-02
   8.63000E+02   5.07355E-05   7.13697E-03   9.25403E-01   4.53095E-03 
    2.77614E-02   3.51169E-02   2.50000E-01   2.44998E-01   4.64607E-01 
    3.74032E-02   2.99192E-03   0.00000E+00   4.36198E-03   8.61372E-03 
    7.55486E-01   4.98915E-02   1.51325E-01   3.03213E-02   7.30837E-01 
    1.83411E-01   8.57528E-02
   8.53000E+02   4.34176E-05   6.70056E-03   9.25667E-01   4.38298E-03 
    2.81211E-02   3.50852E-02   2.50000E-01   2.46681E-01   4.61530E-01 
    3.87620E-02   3.02722E-03   0.00000E+00   3.87476E-03   7.90880E-03 
    7.39330E-01   5.40713E-02   1.64675E-01   3.01396E-02   7.40783E-01 
    1.83757E-01   7.54604E-02
   8.43000E+02   3.70845E-05   6.27744E-03   9.26011E-01   4.21910E-03 
    2.83938E-02   3.50616E-02   2.50000E-01   2.48354E-01   4.58564E-01 
    4.00287E-02   3.05263E-03   0.00000E+00   3.43048E-03   7.24066E-03 
    7.22275E-01   5.84735E-02   1.78654E-01   2.99262E-02   7.48868E-01 
    1.84023E-01   6.71093E-02
   8.33000E+02   3.16150E-05   5.86769E-03   9.26430E-01   4.04203E-03 
    2.85837E-02   3.50444E-02   2.50000E-01   2.50006E-01   4.55724E-01 
    4.12014E-02   3.06863E-03   0.00000E+00   3.02955E-03   6.61162E-03 
    7.04447E-01   6.30697E-02   1.93157E-01   2.96851E-02   7.55427E-01 
    1.84228E-01   6.03451E-02
   8.23000E+02   2.69003E-05   5.47152E-03   9.26919E-01   3.85457E-03 
    2.86957E-02   3.50322E-02   2.50000E-01   2.51628E-01   4.53016E-01 
    4.22796E-02   3.07580E-03   0.00000E+00   2.67161E-03   6.02356E-03 
    6.86030E-01   6.78143E-02   2.08038E-01   2.94229E-02   7.60732E-01 
    1.84387E-01   5.48818E-02
   8.13000E+02   2.28437E-05   5.08928E-03   9.27469E-01   3.65946E-03 
    2.87352E-02   3.50237E-02   2.50000E-01   2.53212E-01   4.50449E-01 
    4.32647E-02   3.07477E-03   0.00000E+00   2.35534E-03   5.47763E-03 
    6.67251E-01   7.26466E-02   2.23121E-01   2.91480E-02   7.65005E-01 
    1.84510E-01   5.04857E-02
   8.03000E+02   1.93594E-05   4.72134E-03   9.28073E-01   3.45934E-03 
    2.87083E-02   3.50181E-02   2.50000E-01   2.54750E-01   4.48024E-01 
    4.41591E-02   3.06621E-03   0.00000E+00   2.07840E-03   4.97395E-03 
    6.48360E-01   7.74971E-02   2.38221E-01   2.88695E-02   7.68430E-01 
    1.84605E-01   4.69645E-02
   7.93000E+02   1.63718E-05   4.36811E-03   9.28723E-01   3.25667E-03 
    2.86211E-02   3.50148E-02   2.50000E-01   2.56238E-01   4.45745E-01 
    4.49664E-02   3.05082E-03   0.00000E+00   1.83756E-03   4.51160E-03 
    6.29593E-01   8.22956E-02   2.53165E-01   2.85969E-02   7.71161E-01 
    1.84680E-01   4.41586E-02
   7.83000E+02   1.38144E-05   4.02997E-03   9.29410E-01   3.05369E-03 
    2.84796E-02   3.50130E-02   2.50000E-01   2.57671E-01   4.43609E-01 
    4.56907E-02   3.02926E-03   0.00000E+00   1.62905E-03   4.08870E-03 
    6.11155E-01   8.69791E-02   2.67809E-01   2.83384E-02   7.73325E-01 
    1.84739E-01   4.19354E-02
   7.73000E+02   1.16292E-05   3.70724E-03   9.30127E-01   2.85234E-03 
    2.82895E-02   3.50124E-02   2.50000E-01   2.59044E-01   4.41617E-01 
    4.63365E-02   3.00216E-03   0.00000E+00   1.44884E-03   3.70277E-03 
    5.93202E-01   9.14967E-02   2.82049E-01   2.81006E-02   7.75028E-01 
    1.84786E-01   4.01859E-02
   7.63000E+02   9.76535E-06   3.40020E-03   9.30867E-01   2.65432E-03 
    2.80560E-02   3.50125E-02   2.50000E-01   2.60356E-01   4.39766E-01 
    4.69085E-02   2.97006E-03   0.00000E+00   1.29293E-03   3.35081E-03 
    5.75832E-01   9.58098E-02   2.95825E-01   2.78891E-02   7.76356E-01 
    1.84824E-01   3.88202E-02
   7.53000E+02   8.17861E-06   3.10904E-03   9.31625E-01   2.46099E-03 
    2.77837E-02   3.50131E-02   2.50000E-01   2.61603E-01   4.38054E-01 
    4.74102E-02   2.93351E-03   0.00000E+00   1.15779E-03   3.03006E-03 
    5.59109E-01   9.98966E-02   3.09100E-01   2.77068E-02   7.77379E-01 
    1.84855E-01   3.77665E-02
   7.43000E+02   6.83052E-06   2.83386E-03   9.32395E-01   2.27353E-03 
    2.74767E-02   3.50139E-02   2.50000E-01   2.62784E-01   4.36478E-01 
    4.78455E-02   2.89290E-03   0.00000E+00   1.04019E-03   2.73764E-03 
    5.43052E-01   1.03743E-01   3.21870E-01   2.75561E-02   7.78154E-01 
    1.84880E-01   3.69665E-02
   7.33000E+02   5.68763E-06   2.57467E-03   9.33174E-01   2.09285E-03 
    2.71384E-02   3.50147E-02   2.50000E-01   2.63898E-01   4.35036E-01 
    4.82178E-02   2.84862E-03   0.00000E+00   9.37356E-04   2.47090E-03 
    5.27658E-01   1.07346E-01   3.34149E-01   2.74383E-02   7.78725E-01 
    1.84901E-01   3.63738E-02
   7.23000E+02   4.72094E-06   2.33140E-03   9.33957E-01   1.91969E-03 
    2.67717E-02   3.50152E-02   2.50000E-01   2.64945E-01   4.33724E-01 
    4.85302E-02   2.80097E-03   0.00000E+00   8.46987E-04   2.22749E-03 
    5.12907E-01   1.10706E-01   3.45959E-01   2.73541E-02   7.79130E-01 
    1.84919E-01   3.59515E-02
   7.13000E+02   3.90528E-06   2.10389E-03   9.34743E-01   1.75459E-03 
    2.63791E-02   3.50155E-02   2.50000E-01   2.65926E-01   4.32539E-01 
    4.87855E-02   2.75020E-03   0.00000E+00   7.67146E-04   2.00529E-03 
    4.98767E-01   1.13828E-01   3.57329E-01   2.73036E-02   7.79396E-01 
    1.84933E-01   3.56701E-02
   7.03000E+02   3.21887E-06   1.89189E-03   9.35529E-01   1.59795E-03 
    2.59625E-02   3.50152E-02   2.50000E-01   2.66840E-01   4.31477E-01 
    4.89864E-02   2.69651E-03   0.00000E+00   6.96234E-04   1.80241E-03 
    4.85203E-01   1.16721E-01   3.68291E-01   2.72866E-02   7.79548E-01 
    1.84946E-01   3.55063E-02
   6.93000E+02   2.64287E-06   1.69509E-03   9.36314E-01   1.45005E-03 
    2.55235E-02   3.50143E-02   2.50000E-01   2.67689E-01   4.30535E-01 
    4.91353E-02   2.64008E-03   0.00000E+00   6.32930E-04   1.61718E-03 
    4.72177E-01   1.19394E-01   3.78876E-01   2.73030E-02   7.79602E-01 
    1.84957E-01   3.54414E-02
   6.83000E+02   2.16099E-06   1.51308E-03   9.37098E-01   1.31104E-03 
    2.50635E-02   3.50127E-02   2.50000E-01   2.68475E-01   4.29709E-01 
    4.92346E-02   2.58105E-03   0.00000E+00   5.76144E-04   1.44814E-03 
    4.59650E-01   1.21857E-01   3.89116E-01   2.73525E-02   7.79573E-01 
    1.84967E-01   3.54601E-02
   6.73000E+02   1.75919E-06   1.34542E-03   9.37878E-01   1.18097E-03 
    2.45835E-02   3.50102E-02   2.50000E-01   2.69199E-01   4.28994E-01 
    4.92869E-02   2.51954E-03   0.00000E+00   5.24972E-04   1.29397E-03 
    4.47587E-01   1.24119E-01   3.99040E-01   2.74347E-02   7.79475E-01 
    1.84975E-01   3.55504E-02
