
 Phase Region for:
     CEMENTITE                     
     FCC_A1#2                      
 col-1=T, col-2=X(CEMENTITE,C), col-3=X(CEMENTITE,CR), col-4=X(CEMENTITE,FE),
   col-5=X(CEMENTITE,MN), col-6=X(CEMENTITE,NI), col-7=X(CEMENTITE,SI),
   col-8=X(FCC_A1#2,C), col-9=X(FCC_A1#2,CR), col-10=X(FCC_A1#2,FE),
   col-11=X(FCC_A1#2,MN), col-12=X(FCC_A1#2,NI), col-13=X(FCC_A1#2,SI),
   col-14=NP(CEMENTITE), col-15=NP(FCC_A1#2),
   1.17300E+03   2.50000E-01   5.38400E-06   7.28393E-01   1.82381E-02 
    3.36321E-03   0.00000E+00   4.57463E-02   1.00660E-06   8.77353E-01 
    1.43833E-02   2.02305E-02   4.22859E-02   1.58534E-03   9.98415E-01
   1.17547E+03   2.50000E-01   5.38086E-06   7.28406E-01   1.82091E-02 
    3.37916E-03   0.00000E+00   4.60701E-02   1.01354E-06   8.77117E-01 
    1.43894E-02   2.02038E-02   4.22188E-02   0.00000E+00   1.00000E+00

 Phase Region for:
     FCC_A1#2                      
 col-1=T, col-2=X(FCC_A1#2,C), col-3=X(FCC_A1#2,CR), col-4=X(FCC_A1#2,FE),
   col-5=X(FCC_A1#2,MN), col-6=X(FCC_A1#2,NI), col-7=X(FCC_A1#2,SI),
   col-8=NP(FCC_A1#2),
   1.17547E+03   4.60701E-02   1.01354E-06   8.77117E-01   1.43894E-02 
    2.02038E-02   4.22188E-02   1.00000E+00
   1.18300E+03   4.60701E-02   1.01354E-06   8.77117E-01   1.43894E-02 
    2.02038E-02   4.22188E-02   1.00000E+00
   1.19300E+03   4.60701E-02   1.01354E-06   8.77117E-01   1.43894E-02 
    2.02038E-02   4.22188E-02   1.00000E+00
   1.20300E+03   4.60701E-02   1.01354E-06   8.77117E-01   1.43894E-02 
    2.02038E-02   4.22188E-02   1.00000E+00
   1.21300E+03   4.60701E-02   1.01354E-06   8.77117E-01   1.43894E-02 
    2.02038E-02   4.22188E-02   1.00000E+00
   1.22300E+03   4.60701E-02   1.01354E-06   8.77117E-01   1.43894E-02 
    2.02038E-02   4.22188E-02   1.00000E+00
   1.23300E+03   4.60701E-02   1.01354E-06   8.77117E-01   1.43894E-02 
    2.02038E-02   4.22188E-02   1.00000E+00
   1.24300E+03   4.60701E-02   1.01354E-06   8.77117E-01   1.43894E-02 
    2.02038E-02   4.22188E-02   1.00000E+00
   1.25300E+03   4.60701E-02   1.01354E-06   8.77117E-01   1.43894E-02 
    2.02038E-02   4.22188E-02   1.00000E+00
   1.26300E+03   4.60701E-02   1.01354E-06   8.77117E-01   1.43894E-02 
    2.02038E-02   4.22188E-02   1.00000E+00
   1.27300E+03   4.60701E-02   1.01354E-06   8.77117E-01   1.43894E-02 
    2.02038E-02   4.22188E-02   1.00000E+00
   1.28300E+03   4.60701E-02   1.01354E-06   8.77117E-01   1.43894E-02 
    2.02038E-02   4.22188E-02   1.00000E+00
   1.29300E+03   4.60701E-02   1.01354E-06   8.77117E-01   1.43894E-02 
    2.02038E-02   4.22188E-02   1.00000E+00
   1.30300E+03   4.60701E-02   1.01354E-06   8.77117E-01   1.43894E-02 
    2.02038E-02   4.22188E-02   1.00000E+00
   1.31300E+03   4.60701E-02   1.01354E-06   8.77117E-01   1.43894E-02 
    2.02038E-02   4.22188E-02   1.00000E+00
   1.32300E+03   4.60701E-02   1.01354E-06   8.77117E-01   1.43894E-02 
    2.02038E-02   4.22188E-02   1.00000E+00
   1.33300E+03   4.60701E-02   1.01354E-06   8.77117E-01   1.43894E-02 
    2.02038E-02   4.22188E-02   1.00000E+00
   1.34300E+03   4.60701E-02   1.01354E-06   8.77117E-01   1.43894E-02 
    2.02038E-02   4.22188E-02   1.00000E+00
   1.35300E+03   4.60701E-02   1.01354E-06   8.77117E-01   1.43894E-02 
    2.02038E-02   4.22188E-02   1.00000E+00
   1.36300E+03   4.60701E-02   1.01354E-06   8.77117E-01   1.43894E-02 
    2.02038E-02   4.22188E-02   1.00000E+00
   1.37300E+03   4.60701E-02   1.01354E-06   8.77117E-01   1.43894E-02 
    2.02038E-02   4.22188E-02   1.00000E+00
   1.38300E+03   4.60701E-02   1.01354E-06   8.77117E-01   1.43894E-02 
    2.02038E-02   4.22188E-02   1.00000E+00
   1.39300E+03   4.60701E-02   1.01354E-06   8.77117E-01   1.43894E-02 
    2.02038E-02   4.22188E-02   1.00000E+00
   1.40300E+03   4.60701E-02   1.01354E-06   8.77117E-01   1.43894E-02 
    2.02038E-02   4.22188E-02   1.00000E+00
   1.41300E+03   4.60701E-02   1.01354E-06   8.77117E-01   1.43894E-02 
    2.02038E-02   4.22188E-02   1.00000E+00
   1.42300E+03   4.60701E-02   1.01354E-06   8.77117E-01   1.43894E-02 
    2.02038E-02   4.22188E-02   1.00000E+00
   1.43300E+03   4.60701E-02   1.01354E-06   8.77117E-01   1.43894E-02 
    2.02038E-02   4.22188E-02   1.00000E+00
   1.44300E+03   4.60701E-02   1.01354E-06   8.77117E-01   1.43894E-02 
    2.02038E-02   4.22188E-02   1.00000E+00
   1.45300E+03   4.60701E-02   1.01354E-06   8.77117E-01   1.43894E-02 
    2.02038E-02   4.22188E-02   1.00000E+00
   1.46300E+03   4.60701E-02   1.01354E-06   8.77117E-01   1.43894E-02 
    2.02038E-02   4.22188E-02   1.00000E+00
   1.47300E+03   4.60701E-02   1.01354E-06   8.77117E-01   1.43894E-02 
    2.02038E-02   4.22188E-02   1.00000E+00

 Phase Region for:
     CEMENTITE                     
     FCC_A1#2                      
 col-1=T, col-2=X(CEMENTITE,C), col-3=X(CEMENTITE,CR), col-4=X(CEMENTITE,FE),
   col-5=X(CEMENTITE,MN), col-6=X(CEMENTITE,NI), col-7=X(CEMENTITE,SI),
   col-8=X(FCC_A1#2,C), col-9=X(FCC_A1#2,CR), col-10=X(FCC_A1#2,FE),
   col-11=X(FCC_A1#2,MN), col-12=X(FCC_A1#2,NI), col-13=X(FCC_A1#2,SI),
   col-14=NP(CEMENTITE), col-15=NP(FCC_A1#2),
   1.17300E+03   2.50000E-01   5.38400E-06   7.28393E-01   1.82381E-02 
    3.36321E-03   0.00000E+00   4.57463E-02   1.00660E-06   8.77353E-01 
    1.43833E-02   2.02305E-02   4.22859E-02   1.58534E-03   9.98415E-01
   1.16300E+03   2.50000E-01   5.39625E-06   7.28338E-01   1.83579E-02 
    3.29862E-03   0.00000E+00   4.44425E-02   9.78557E-07   8.78304E-01 
    1.43577E-02   2.03387E-02   4.25558E-02   7.91781E-03   9.92082E-01
   1.15300E+03   2.50000E-01   5.40771E-06   7.28279E-01   1.84812E-02 
    3.23422E-03   0.00000E+00   4.31547E-02   9.50715E-07   8.79245E-01 
    1.43309E-02   2.04464E-02   4.28224E-02   1.40948E-02   9.85905E-01
   1.14300E+03   2.50000E-01   5.41837E-06   7.28217E-01   1.86079E-02 
    3.17000E-03   0.00000E+00   4.18827E-02   9.23090E-07   8.80174E-01 
    1.43027E-02   2.05535E-02   4.30857E-02   2.01201E-02   9.79880E-01
   1.13300E+03   2.50000E-01   5.42823E-06   7.28150E-01   1.87382E-02 
    3.10598E-03   0.00000E+00   4.06269E-02   8.95701E-07   8.81093E-01 
    1.42733E-02   2.06601E-02   4.33457E-02   2.59975E-02   9.74002E-01
   1.12300E+03   2.50000E-01   5.43731E-06   7.28080E-01   1.88721E-02 
    3.04218E-03   0.00000E+00   3.93872E-02   8.68567E-07   8.82001E-01 
    1.42425E-02   2.07661E-02   4.36024E-02   3.17305E-02   9.68269E-01
   1.11300E+03   2.50000E-01   5.44560E-06   7.28006E-01   1.90098E-02 
    2.97860E-03   0.00000E+00   3.81638E-02   8.41707E-07   8.82898E-01 
    1.42102E-02   2.08716E-02   4.38556E-02   3.73225E-02   9.62678E-01
   1.10300E+03   2.50000E-01   5.45311E-06   7.27928E-01   1.91512E-02 
    2.91526E-03   0.00000E+00   3.69568E-02   8.15139E-07   8.83784E-01 
    1.41766E-02   2.09763E-02   4.41055E-02   4.27765E-02   9.57223E-01
   1.09300E+03   2.50000E-01   5.45986E-06   7.27846E-01   1.92965E-02 
    2.85218E-03   0.00000E+00   3.57664E-02   7.88882E-07   8.84659E-01 
    1.41414E-02   2.10805E-02   4.43520E-02   4.80956E-02   9.51904E-01
   1.08300E+03   2.50000E-01   5.46586E-06   7.27759E-01   1.94459E-02 
    2.78936E-03   0.00000E+00   3.45926E-02   7.62952E-07   8.85523E-01 
    1.41048E-02   2.11839E-02   4.45950E-02   5.32826E-02   9.46717E-01
   1.07300E+03   2.50000E-01   5.47111E-06   7.27668E-01   1.95993E-02 
    2.72682E-03   0.00000E+00   3.34357E-02   7.37368E-07   8.86376E-01 
    1.40666E-02   2.12865E-02   4.48345E-02   5.83402E-02   9.41660E-01
   1.06300E+03   2.50000E-01   5.47563E-06   7.27573E-01   1.97569E-02 
    2.66457E-03   0.00000E+00   3.22958E-02   7.12146E-07   8.87218E-01 
    1.40268E-02   2.13884E-02   4.50705E-02   6.32708E-02   9.36729E-01
   1.05300E+03   2.50000E-01   5.47944E-06   7.27473E-01   1.99188E-02 
    2.60263E-03   0.00000E+00   3.11730E-02   6.87301E-07   8.88048E-01 
    1.39854E-02   2.14895E-02   4.53029E-02   6.80770E-02   9.31923E-01
   1.04300E+03   2.50000E-01   5.48256E-06   7.27368E-01   2.00850E-02 
    2.54101E-03   0.00000E+00   3.00676E-02   6.62849E-07   8.88868E-01 
    1.39424E-02   2.15898E-02   4.55318E-02   7.27609E-02   9.27239E-01
   1.03300E+03   2.50000E-01   5.48500E-06   7.27259E-01   2.02558E-02 
    2.47973E-03   0.00000E+00   2.89798E-02   6.38805E-07   8.89676E-01 
    1.38977E-02   2.16891E-02   4.57570E-02   7.73246E-02   9.22675E-01
   1.02300E+03   2.50000E-01   5.48680E-06   7.27144E-01   2.04313E-02 
    2.41881E-03   0.00000E+00   2.79097E-02   6.15181E-07   8.90472E-01 
    1.38513E-02   2.17875E-02   4.59785E-02   8.17703E-02   9.18230E-01
   1.01300E+03   2.50000E-01   5.48798E-06   7.27025E-01   2.06114E-02 
    2.35825E-03   0.00000E+00   2.68576E-02   5.91992E-07   8.91257E-01 
    1.38032E-02   2.18850E-02   4.61963E-02   8.60999E-02   9.13900E-01
   1.00638E+03   2.50000E-01   5.48842E-06   7.26943E-01   2.07335E-02 
    2.31835E-03   0.00000E+00   2.61705E-02   5.76874E-07   8.91771E-01 
    1.37703E-02   2.19490E-02   4.63386E-02   8.89050E-02   9.11095E-01

 Phase Region for:
     BCC_A2                        
     CEMENTITE                     
     FCC_A1#2                      
 col-1=T, col-2=X(BCC_A2,C), col-3=X(BCC_A2,CR), col-4=X(BCC_A2,FE),
   col-5=X(BCC_A2,MN), col-6=X(BCC_A2,NI), col-7=X(BCC_A2,SI),
   col-8=X(CEMENTITE,C), col-9=X(CEMENTITE,CR), col-10=X(CEMENTITE,FE),
   col-11=X(CEMENTITE,MN), col-12=X(CEMENTITE,NI), col-13=X(CEMENTITE,SI),
   col-14=X(FCC_A1#2,C), col-15=X(FCC_A1#2,CR), col-16=X(FCC_A1#2,FE),
   col-17=X(FCC_A1#2,MN), col-18=X(FCC_A1#2,NI), col-19=X(FCC_A1#2,SI),
   col-20=NP(BCC_A2), col-21=NP(CEMENTITE), col-22=NP(FCC_A1#2),
   1.00638E+03   6.27757E-04   3.39284E-07   9.24272E-01   4.64309E-03 
    9.83596E-03   6.06206E-02   2.50000E-01   5.48842E-06   7.26943E-01 
    2.07335E-02   2.31835E-03   0.00000E+00   2.61705E-02   5.76873E-07 
    8.91771E-01   1.37703E-02   2.19491E-02   4.63386E-02   2.29057E-06 
    8.89053E-02   9.11092E-01
   1.00300E+03   6.06143E-04   3.26873E-07   9.24668E-01   4.76475E-03 
    1.02636E-02   5.96974E-02   2.50000E-01   5.37680E-06   7.25880E-01 
    2.17013E-02   2.41335E-03   0.00000E+00   2.58386E-02   5.54831E-07 
    8.90872E-01   1.43859E-02   2.32245E-02   4.56789E-02   7.46509E-02 
    9.86570E-02   8.26692E-01
   9.93000E+02   5.44227E-04   2.96044E-07   9.25330E-01   5.11130E-03 
    1.16046E-02   5.74100E-02   2.50000E-01   5.11770E-06   7.22573E-01 
    2.47050E-02   2.71719E-03   0.00000E+00   2.47982E-02   4.99309E-07 
    8.87295E-01   1.63361E-02   2.74460E-02   4.41239E-02   2.65147E-01 
    1.23013E-01   6.11840E-01
   9.83000E+02   4.86534E-04   2.71408E-07   9.25504E-01   5.36636E-03 
    1.29874E-02   5.56558E-02   2.50000E-01   4.94388E-06   7.19038E-01 
    2.79054E-02   3.05167E-03   0.00000E+00   2.36750E-02   4.54943E-07 
    8.82327E-01   1.84919E-02   3.23736E-02   4.31318E-02   4.13946E-01 
    1.41362E-01   4.44692E-01
   9.73000E+02   4.32663E-04   2.51938E-07   9.25121E-01   5.60032E-03 
    1.44261E-02   5.44196E-02   2.50000E-01   4.83114E-06   7.15398E-01 
    3.11913E-02   3.40552E-03   0.00000E+00   2.24955E-02   4.18224E-07 
    8.76197E-01   2.07971E-02   3.79807E-02   4.25289E-02   5.27515E-01 
    1.54780E-01   3.17706E-01
   9.63000E+02   3.83151E-04   2.35996E-07   9.24397E-01   5.79397E-03 
    1.58695E-02   5.35565E-02   2.50000E-01   4.76226E-06   7.11763E-01 
    3.44659E-02   3.76682E-03   0.00000E+00   2.12825E-02   3.86809E-07 
    8.69110E-01   2.32013E-02   4.42159E-02   4.21898E-02   6.12574E-01 
    1.64351E-01   2.23074E-01
   9.53000E+02   3.38173E-04   2.22446E-07   9.23488E-01   5.93821E-03 
    1.72824E-02   5.29531E-02   2.50000E-01   4.72422E-06   7.08201E-01 
    3.76674E-02   4.12706E-03   0.00000E+00   2.00539E-02   3.59046E-07 
    8.61200E-01   2.56765E-02   5.10536E-02   4.20160E-02   6.75770E-01 
    1.71081E-01   1.53149E-01
   9.43000E+02   2.97652E-04   2.10530E-07   9.22502E-01   6.03034E-03 
    1.86411E-02   5.25283E-02   2.50000E-01   4.70783E-06   7.04757E-01 
    4.07577E-02   4.48025E-03   0.00000E+00   1.88228E-02   3.33844E-07 
    8.52538E-01   2.82111E-02   5.84908E-02   4.19369E-02   7.22562E-01 
    1.75765E-01   1.01673E-01
   9.33000E+02   2.61367E-04   1.99753E-07   9.21511E-01   6.07144E-03 
    1.99298E-02   5.22264E-02   2.50000E-01   4.70672E-06   7.01460E-01 
    4.37135E-02   4.82206E-03   0.00000E+00   1.75984E-02   3.10500E-07 
    8.43151E-01   3.08056E-02   6.65410E-02   4.19040E-02   7.57116E-01 
    1.78991E-01   6.38925E-02
   9.23000E+02   2.29019E-04   1.89787E-07   9.20559E-01   6.06466E-03 
    2.11375E-02   5.20097E-02   2.50000E-01   4.71646E-06   6.98325E-01 
    4.65215E-02   5.14920E-03   0.00000E+00   1.63875E-02   2.88569E-07 
    8.33029E-01   3.34690E-02   7.52299E-02   4.18844E-02   7.82523E-01 
    1.81185E-01   3.62920E-02
   9.13000E+02   2.00280E-04   1.80417E-07   9.19677E-01   6.01426E-03 
    2.22561E-02   5.18525E-02   2.50000E-01   4.73395E-06   6.95362E-01 
    4.91739E-02   5.45908E-03   0.00000E+00   1.51954E-02   2.67778E-07 
    8.22140E-01   3.62165E-02   8.45914E-02   4.18560E-02   8.01059E-01 
    1.82648E-01   1.62926E-02
   9.03000E+02   1.74818E-04   1.71498E-07   9.18883E-01   5.92501E-03 
    2.32798E-02   5.17376E-02   2.50000E-01   4.75696E-06   6.92579E-01 
    5.16672E-02   5.74951E-03   0.00000E+00   1.40269E-02   2.47963E-07 
    8.10437E-01   3.90682E-02   9.46640E-02   4.18040E-02   8.14405E-01 
    1.83599E-01   1.99581E-03
   9.01278E+02   1.70739E-04   1.69999E-07   9.18756E-01   5.90607E-03 
    2.34462E-02   5.17212E-02   2.50000E-01   4.76135E-06   6.92117E-01 
    5.20805E-02   5.79743E-03   0.00000E+00   1.38284E-02   2.44642E-07 
    8.08334E-01   3.95716E-02   9.64737E-02   4.17918E-02   8.16277E-01 
    1.83723E-01   0.00000E+00

 Phase Region for:
     BCC_A2                        
     CEMENTITE                     
 col-1=T, col-2=X(BCC_A2,C), col-3=X(BCC_A2,CR), col-4=X(BCC_A2,FE),
   col-5=X(BCC_A2,MN), col-6=X(BCC_A2,NI), col-7=X(BCC_A2,SI),
   col-8=X(CEMENTITE,C), col-9=X(CEMENTITE,CR), col-10=X(CEMENTITE,FE),
   col-11=X(CEMENTITE,MN), col-12=X(CEMENTITE,NI), col-13=X(CEMENTITE,SI),
   col-14=NP(BCC_A2), col-15=NP(CEMENTITE),
   9.01278E+02   1.70739E-04   1.69999E-07   9.18756E-01   5.90607E-03 
    2.34462E-02   5.17212E-02   2.50000E-01   4.76135E-06   6.92117E-01 
    5.20805E-02   5.79743E-03   0.00000E+00   8.16277E-01   1.83723E-01  NONE
   8.93000E+02   1.53029E-04   1.62875E-07   9.19009E-01   5.67312E-03 
    2.34401E-02   5.17249E-02   2.50000E-01   4.79155E-06   6.91064E-01 
    5.31006E-02   5.83017E-03   0.00000E+00   8.16219E-01   1.83781E-01  NONE
   8.83000E+02   1.33793E-04   1.54454E-07   9.19306E-01   5.39804E-03 
    2.34329E-02   5.17289E-02   2.50000E-01   4.82735E-06   6.89821E-01 
    5.43056E-02   5.86830E-03   0.00000E+00   8.16156E-01   1.83844E-01  NONE
   8.73000E+02   1.16702E-04   1.46241E-07   9.19595E-01   5.12991E-03 
    2.34258E-02   5.17324E-02   2.50000E-01   4.86238E-06   6.88610E-01 
    5.54806E-02   5.90494E-03   0.00000E+00   8.16101E-01   1.83899E-01  NONE
   8.63000E+02   1.01547E-04   1.38241E-07   9.19875E-01   4.86878E-03 
    2.34190E-02   5.17355E-02   2.50000E-01   4.89660E-06   6.87429E-01 
    5.66255E-02   5.94017E-03   0.00000E+00   8.16051E-01   1.83949E-01  NONE
   8.53000E+02   8.81355E-05   1.30460E-07   9.20146E-01   4.61469E-03 
    2.34123E-02   5.17383E-02   2.50000E-01   4.92997E-06   6.86281E-01 
    5.77401E-02   5.97402E-03   0.00000E+00   8.16007E-01   1.83993E-01  NONE
   8.43000E+02   7.62918E-05   1.22903E-07   9.20409E-01   4.36770E-03 
    2.34058E-02   5.17408E-02   2.50000E-01   4.96247E-06   6.85164E-01 
    5.88240E-02   6.00656E-03   0.00000E+00   8.15969E-01   1.84031E-01  NONE
   8.33000E+02   6.58564E-05   1.15574E-07   9.20664E-01   4.12787E-03 
    2.33994E-02   5.17429E-02   2.50000E-01   4.99406E-06   6.84080E-01 
    5.98771E-02   6.03781E-03   0.00000E+00   8.15935E-01   1.84065E-01  NONE
   8.23000E+02   5.66834E-05   1.08479E-07   9.20910E-01   3.89525E-03 
    2.33933E-02   5.17448E-02   2.50000E-01   5.02471E-06   6.83028E-01 
    6.08990E-02   6.06779E-03   0.00000E+00   8.15905E-01   1.84095E-01  NONE
   8.13000E+02   4.86401E-05   1.01623E-07   9.21147E-01   3.66993E-03 
    2.33874E-02   5.17465E-02   2.50000E-01   5.05440E-06   6.82009E-01 
    6.18893E-02   6.09652E-03   0.00000E+00   8.15878E-01   1.84122E-01  NONE
   8.03000E+02   4.16058E-05   9.50093E-08   9.21377E-01   3.45195E-03 
    2.33817E-02   5.17479E-02   2.50000E-01   5.08308E-06   6.81023E-01 
    6.28478E-02   6.12400E-03   0.00000E+00   8.15855E-01   1.84145E-01  NONE
   7.93000E+02   3.54708E-05   8.86415E-08   9.21598E-01   3.24139E-03 
    2.33762E-02   5.17492E-02   2.50000E-01   5.11075E-06   6.80071E-01 
    6.37741E-02   6.15023E-03   0.00000E+00   8.15835E-01   1.84165E-01  NONE
   7.83000E+02   3.01355E-05   8.25229E-08   9.21810E-01   3.03829E-03 
    2.33709E-02   5.17503E-02   2.50000E-01   5.13737E-06   6.79152E-01 
    6.46680E-02   6.17521E-03   0.00000E+00   8.15818E-01   1.84182E-01  NONE
   7.73000E+02   2.55098E-05   7.66560E-08   9.22015E-01   2.84270E-03 
    2.33659E-02   5.17513E-02   2.50000E-01   5.16294E-06   6.78267E-01 
    6.55292E-02   6.19892E-03   0.00000E+00   8.15803E-01   1.84197E-01  NONE
   7.63000E+02   2.15121E-05   7.10425E-08   9.22211E-01   2.65467E-03 
    2.33611E-02   5.17521E-02   2.50000E-01   5.18744E-06   6.77416E-01 
    6.63575E-02   6.22132E-03   0.00000E+00   8.15790E-01   1.84210E-01  NONE
   7.53000E+02   1.80687E-05   6.56836E-08   9.22398E-01   2.47420E-03 
    2.33565E-02   5.17528E-02   2.50000E-01   5.21086E-06   6.76600E-01 
    6.71527E-02   6.24239E-03   0.00000E+00   8.15779E-01   1.84221E-01  NONE
   7.43000E+02   1.51132E-05   6.05795E-08   9.22578E-01   2.30132E-03 
    2.33523E-02   5.17534E-02   2.50000E-01   5.23319E-06   6.75818E-01 
    6.79149E-02   6.26210E-03   0.00000E+00   8.15769E-01   1.84231E-01  NONE
   7.33000E+02   1.25860E-05   5.57299E-08   9.22749E-01   2.13602E-03 
    2.33483E-02   5.17540E-02   2.50000E-01   5.25443E-06   6.75071E-01 
    6.86438E-02   6.28039E-03   0.00000E+00   8.15761E-01   1.84239E-01  NONE
   7.23000E+02   1.04333E-05   5.11334E-08   9.22912E-01   1.97828E-03 
    2.33447E-02   5.17544E-02   2.50000E-01   5.27459E-06   6.74358E-01 
    6.93397E-02   6.29722E-03   0.00000E+00   8.15754E-01   1.84246E-01  NONE
   7.13000E+02   8.60721E-06   4.67882E-08   9.23067E-01   1.82806E-03 
    2.33414E-02   5.17548E-02   2.50000E-01   5.29366E-06   6.73680E-01 
    7.00026E-02   6.31252E-03   0.00000E+00   8.15748E-01   1.84252E-01  NONE
   7.03000E+02   7.06493E-06   4.26913E-08   9.23214E-01   1.68531E-03 
    2.33384E-02   5.17551E-02   2.50000E-01   5.31165E-06   6.73036E-01 
    7.06327E-02   6.32624E-03   0.00000E+00   8.15743E-01   1.84257E-01  NONE
   6.93000E+02   5.76828E-06   3.88393E-08   9.23353E-01   1.54996E-03 
    2.33357E-02   5.17554E-02   2.50000E-01   5.32858E-06   6.72426E-01 
    7.12303E-02   6.33829E-03   0.00000E+00   8.15738E-01   1.84262E-01  NONE
   6.83000E+02   4.68339E-06   3.52278E-08   9.23484E-01   1.42192E-03 
    2.33335E-02   5.17556E-02   2.50000E-01   5.34447E-06   6.71850E-01 
    7.17958E-02   6.34861E-03   0.00000E+00   8.15735E-01   1.84265E-01  NONE
   6.73000E+02   3.78030E-06   3.18516E-08   9.23608E-01   1.30109E-03 
    2.33316E-02   5.17558E-02   2.50000E-01   5.35933E-06   6.71308E-01 
    7.23296E-02   6.35711E-03   0.00000E+00   8.15732E-01   1.84268E-01  NONE
