
 Phase Region for:
     CEMENTITE                     
     FCC_A1#2                      
 col-1=T, col-2=W(CEMENTITE,C), col-3=W(CEMENTITE,CR), col-4=W(CEMENTITE,FE),
   col-5=W(CEMENTITE,MN), col-6=W(CEMENTITE,NI), col-7=W(CEMENTITE,SI),
   col-8=W(FCC_A1#2,C), col-9=W(FCC_A1#2,CR), col-10=W(FCC_A1#2,FE),
   col-11=W(FCC_A1#2,MN), col-12=W(FCC_A1#2,NI), col-13=W(FCC_A1#2,SI),
   col-14=NP(CEMENTITE), col-15=NP(FCC_A1#2),
   1.17300E+03   6.73367E-02   8.21854E-02   8.18606E-01   3.18714E-02 
    1.60707E-07   0.00000E+00   9.04258E-03   1.32777E-02   9.24649E-01 
    2.22600E-02   1.02152E-06   3.07693E-02   2.92772E-02   9.70723E-01
   1.18300E+03   6.73353E-02   8.19537E-02   8.19080E-01   3.16306E-02 
    1.63956E-07   0.00000E+00   9.34574E-03   1.36408E-02   9.24088E-01 
    2.23148E-02   1.01698E-06   3.06093E-02   2.33084E-02   9.76692E-01
   1.19300E+03   6.73339E-02   8.17229E-02   8.19545E-01   3.13976E-02 
    1.67220E-07   0.00000E+00   9.65450E-03   1.40079E-02   9.23522E-01 
    2.23679E-02   1.01239E-06   3.04463E-02   1.71650E-02   9.82835E-01
   1.20300E+03   6.73325E-02   8.14932E-02   8.20002E-01   3.11724E-02 
    1.70500E-07   0.00000E+00   9.96889E-03   1.43791E-02   9.22951E-01 
    2.24192E-02   1.00775E-06   3.02804E-02   1.08415E-02   9.89159E-01
   1.21300E+03   6.73312E-02   8.12649E-02   8.20449E-01   3.09546E-02 
    1.73793E-07   0.00000E+00   1.02889E-02   1.47544E-02   9.22375E-01 
    2.24689E-02   1.00307E-06   3.01114E-02   4.33251E-03   9.95667E-01
   1.21950E+03   6.73303E-02   8.11173E-02   8.20735E-01   3.08170E-02 
    1.75941E-07   0.00000E+00   1.05000E-02   1.50005E-02   9.21998E-01 
    2.25002E-02   1.00000E-06   3.00000E-02   0.00000E+00   1.00000E+00

 Phase Region for:
     FCC_A1#2                      
 col-1=T, col-2=W(FCC_A1#2,C), col-3=W(FCC_A1#2,CR), col-4=W(FCC_A1#2,FE),
   col-5=W(FCC_A1#2,MN), col-6=W(FCC_A1#2,NI), col-7=W(FCC_A1#2,SI),
   col-8=NP(FCC_A1#2),
   1.21950E+03   1.05000E-02   1.50005E-02   9.21998E-01   2.25002E-02 
    1.00000E-06   3.00000E-02   1.00000E+00
   1.22300E+03   1.05000E-02   1.50005E-02   9.21998E-01   2.25002E-02 
    1.00000E-06   3.00000E-02   1.00000E+00
   1.23300E+03   1.05000E-02   1.50005E-02   9.21998E-01   2.25002E-02 
    1.00000E-06   3.00000E-02   1.00000E+00
   1.24300E+03   1.05000E-02   1.50005E-02   9.21998E-01   2.25002E-02 
    1.00000E-06   3.00000E-02   1.00000E+00
   1.25300E+03   1.05000E-02   1.50005E-02   9.21998E-01   2.25002E-02 
    1.00000E-06   3.00000E-02   1.00000E+00
   1.26300E+03   1.05000E-02   1.50005E-02   9.21998E-01   2.25002E-02 
    1.00000E-06   3.00000E-02   1.00000E+00
   1.27300E+03   1.05000E-02   1.50005E-02   9.21998E-01   2.25002E-02 
    1.00000E-06   3.00000E-02   1.00000E+00
   1.28300E+03   1.05000E-02   1.50005E-02   9.21998E-01   2.25002E-02 
    1.00000E-06   3.00000E-02   1.00000E+00
   1.29300E+03   1.05000E-02   1.50005E-02   9.21998E-01   2.25002E-02 
    1.00000E-06   3.00000E-02   1.00000E+00
   1.30300E+03   1.05000E-02   1.50005E-02   9.21998E-01   2.25002E-02 
    1.00000E-06   3.00000E-02   1.00000E+00
   1.31300E+03   1.05000E-02   1.50005E-02   9.21998E-01   2.25002E-02 
    1.00000E-06   3.00000E-02   1.00000E+00
   1.32300E+03   1.05000E-02   1.50005E-02   9.21998E-01   2.25002E-02 
    1.00000E-06   3.00000E-02   1.00000E+00
   1.33300E+03   1.05000E-02   1.50005E-02   9.21998E-01   2.25002E-02 
    1.00000E-06   3.00000E-02   1.00000E+00
   1.34300E+03   1.05000E-02   1.50005E-02   9.21998E-01   2.25002E-02 
    1.00000E-06   3.00000E-02   1.00000E+00
   1.35300E+03   1.05000E-02   1.50005E-02   9.21998E-01   2.25002E-02 
    1.00000E-06   3.00000E-02   1.00000E+00
   1.36300E+03   1.05000E-02   1.50005E-02   9.21998E-01   2.25002E-02 
    1.00000E-06   3.00000E-02   1.00000E+00
   1.37300E+03   1.05000E-02   1.50005E-02   9.21998E-01   2.25002E-02 
    1.00000E-06   3.00000E-02   1.00000E+00
   1.38300E+03   1.05000E-02   1.50005E-02   9.21998E-01   2.25002E-02 
    1.00000E-06   3.00000E-02   1.00000E+00
   1.39300E+03   1.05000E-02   1.50005E-02   9.21998E-01   2.25002E-02 
    1.00000E-06   3.00000E-02   1.00000E+00
   1.40300E+03   1.05000E-02   1.50005E-02   9.21998E-01   2.25002E-02 
    1.00000E-06   3.00000E-02   1.00000E+00
   1.41300E+03   1.05000E-02   1.50005E-02   9.21998E-01   2.25003E-02 
    1.00000E-06   3.00000E-02   1.00000E+00
   1.42300E+03   1.05000E-02   1.50005E-02   9.21998E-01   2.25002E-02 
    1.00000E-06   3.00000E-02   1.00000E+00
   1.43300E+03   1.05000E-02   1.50005E-02   9.21998E-01   2.25002E-02 
    1.00000E-06   3.00000E-02   1.00000E+00
   1.44300E+03   1.05000E-02   1.50005E-02   9.21998E-01   2.25002E-02 
    1.00000E-06   3.00000E-02   1.00000E+00
   1.45300E+03   1.05000E-02   1.50005E-02   9.21998E-01   2.25002E-02 
    1.00000E-06   3.00000E-02   1.00000E+00
   1.46300E+03   1.05000E-02   1.50005E-02   9.21998E-01   2.25002E-02 
    1.00000E-06   3.00000E-02   1.00000E+00
   1.47300E+03   1.05000E-02   1.50005E-02   9.21998E-01   2.25002E-02 
    1.00000E-06   3.00000E-02   1.00000E+00

 Phase Region for:
     CEMENTITE                     
     FCC_A1#2                      
 col-1=T, col-2=W(CEMENTITE,C), col-3=W(CEMENTITE,CR), col-4=W(CEMENTITE,FE),
   col-5=W(CEMENTITE,MN), col-6=W(CEMENTITE,NI), col-7=W(CEMENTITE,SI),
   col-8=W(FCC_A1#2,C), col-9=W(FCC_A1#2,CR), col-10=W(FCC_A1#2,FE),
   col-11=W(FCC_A1#2,MN), col-12=W(FCC_A1#2,NI), col-13=W(FCC_A1#2,SI),
   col-14=NP(CEMENTITE), col-15=NP(FCC_A1#2),
   1.17300E+03   6.73367E-02   8.21854E-02   8.18606E-01   3.18714E-02 
    1.60707E-07   0.00000E+00   9.04258E-03   1.32777E-02   9.24649E-01 
    2.22600E-02   1.02152E-06   3.07693E-02   2.92772E-02   9.70723E-01
   1.16300E+03   6.73382E-02   8.24177E-02   8.18124E-01   3.21202E-02 
    1.57474E-07   0.00000E+00   8.74498E-03   1.29188E-02   9.25206E-01 
    2.22032E-02   1.02602E-06   3.09263E-02   3.50764E-02   9.64924E-01
   1.15300E+03   6.73396E-02   8.26505E-02   8.17632E-01   3.23773E-02 
    1.54258E-07   0.00000E+00   8.45291E-03   1.25641E-02   9.25757E-01 
    2.21445E-02   1.03046E-06   3.10805E-02   4.07106E-02   9.59289E-01
   1.14300E+03   6.73410E-02   8.28835E-02   8.17133E-01   3.26428E-02 
    1.51059E-07   0.00000E+00   8.16635E-03   1.22135E-02   9.26304E-01 
    2.20838E-02   1.03485E-06   3.12317E-02   4.61845E-02   9.53815E-01
   1.13300E+03   6.73425E-02   8.31165E-02   8.16624E-01   3.29170E-02 
    1.47878E-07   0.00000E+00   7.88527E-03   1.18672E-02   9.26845E-01 
    2.20211E-02   1.03920E-06   3.13800E-02   5.15025E-02   9.48498E-01
   1.12300E+03   6.73440E-02   8.33494E-02   8.16106E-01   3.32000E-02 
    1.44715E-07   0.00000E+00   7.60965E-03   1.15252E-02   9.27383E-01 
    2.19562E-02   1.04349E-06   3.15254E-02   5.66686E-02   9.43331E-01
   1.11300E+03   6.73454E-02   8.35820E-02   8.15580E-01   3.34921E-02 
    1.41571E-07   0.00000E+00   7.33946E-03   1.11875E-02   9.27915E-01 
    2.18891E-02   1.04773E-06   3.16680E-02   6.16867E-02   9.38313E-01
   1.10300E+03   6.73469E-02   8.38140E-02   8.15045E-01   3.37936E-02 
    1.38446E-07   0.00000E+00   7.07468E-03   1.08541E-02   9.28443E-01 
    2.18198E-02   1.05191E-06   3.18077E-02   6.65607E-02   9.33439E-01
   1.09300E+03   6.73484E-02   8.40453E-02   8.14501E-01   3.41047E-02 
    1.35342E-07   0.00000E+00   6.81530E-03   1.05253E-02   9.28966E-01 
    2.17481E-02   1.05604E-06   3.19445E-02   7.12942E-02   9.28706E-01
   1.08300E+03   6.73499E-02   8.42758E-02   8.13948E-01   3.44256E-02 
    1.32259E-07   0.00000E+00   6.56128E-03   1.02009E-02   9.29484E-01 
    2.16740E-02   1.06012E-06   3.20785E-02   7.58905E-02   9.24110E-01
   1.07300E+03   6.73514E-02   8.45053E-02   8.13386E-01   3.47567E-02 
    1.29197E-07   0.00000E+00   6.31260E-03   9.88112E-03   9.29998E-01 
    2.15975E-02   1.06414E-06   3.22097E-02   8.03529E-02   9.19647E-01
   1.06300E+03   6.73529E-02   8.47337E-02   8.12815E-01   3.50982E-02 
    1.26156E-07   0.00000E+00   6.06926E-03   9.56596E-03   9.30507E-01 
    2.15184E-02   1.06810E-06   3.23380E-02   8.46847E-02   9.15315E-01
   1.05629E+03   6.73539E-02   8.48862E-02   8.12426E-01   3.53334E-02 
    1.24129E-07   0.00000E+00   5.90897E-03   9.35713E-03   9.30846E-01 
    2.14640E-02   1.07073E-06   3.24225E-02   8.75194E-02   9.12481E-01

 Phase Region for:
     BCC_A2                        
     CEMENTITE                     
     FCC_A1#2                      
 col-1=T, col-2=W(BCC_A2,C), col-3=W(BCC_A2,CR), col-4=W(BCC_A2,FE),
   col-5=W(BCC_A2,MN), col-6=W(BCC_A2,NI), col-7=W(BCC_A2,SI),
   col-8=W(CEMENTITE,C), col-9=W(CEMENTITE,CR), col-10=W(CEMENTITE,FE),
   col-11=W(CEMENTITE,MN), col-12=W(CEMENTITE,NI), col-13=W(CEMENTITE,SI),
   col-14=W(FCC_A1#2,C), col-15=W(FCC_A1#2,CR), col-16=W(FCC_A1#2,FE),
   col-17=W(FCC_A1#2,MN), col-18=W(FCC_A1#2,NI), col-19=W(FCC_A1#2,SI),
   col-20=NP(BCC_A2), col-21=NP(CEMENTITE), col-22=NP(FCC_A1#2),
   1.05629E+03   1.81669E-04   5.92176E-03   9.43849E-01   9.77029E-03 
    5.42819E-07   4.02763E-02   6.73539E-02   8.48862E-02   8.12426E-01 
    3.53334E-02   1.24129E-07   0.00000E+00   5.90897E-03   9.35712E-03 
    9.30846E-01   2.14640E-02   1.07073E-06   3.24225E-02   2.95031E-06 
    8.75197E-02   9.12477E-01
   1.05300E+03   1.76240E-04   5.72653E-03   9.44276E-01   1.01578E-02 
    5.72781E-07   3.96629E-02   6.73480E-02   8.32426E-02   8.12074E-01 
    3.73348E-02   1.30623E-07   0.00000E+00   5.86279E-03   9.05777E-03 
    9.30686E-01   2.24535E-02   1.14147E-06   3.19390E-02   9.58343E-02 
    9.90046E-02   8.05161E-01
   1.04300E+03   1.59822E-04   5.20631E-03   9.45143E-01   1.15095E-02 
    6.88580E-07   3.79802E-02   6.73343E-02   7.88971E-02   8.09394E-01 
    4.43739E-02   1.55727E-07   0.00000E+00   5.70935E-03   8.24593E-03 
    9.29502E-01   2.58974E-02   1.41878E-06   3.06434E-02   3.68949E-01 
    1.31090E-01   4.99961E-01
   1.03300E+03   1.43616E-04   4.78660E-03   9.45351E-01   1.31196E-02 
    8.58265E-07   3.65979E-02   6.73269E-02   7.54939E-02   8.04269E-01 
    5.29102E-02   1.92483E-07   0.00000E+00   5.53465E-03   7.57068E-03 
    9.27266E-01   2.99953E-02   1.83463E-06   2.96313E-02   6.08704E-01 
    1.58195E-01   2.33101E-01
   1.02300E+03   1.27831E-04   4.45231E-03   9.44944E-01   1.49593E-02 
    1.12218E-06   3.55155E-02   6.73253E-02   7.29447E-02   7.96815E-01 
    6.29151E-02   2.49548E-07   0.00000E+00   5.33906E-03   7.01364E-03 
    9.24062E-01   3.46863E-02   2.49688E-06   2.88968E-02   8.11557E-01 
    1.79935E-01   8.50824E-03
   1.02258E+03   1.27182E-04   4.43990E-03   9.44915E-01   1.50408E-02 
    1.13642E-06   3.54762E-02   6.73254E-02   7.28546E-02   7.96454E-01 
    6.33654E-02   2.52624E-07   0.00000E+00   5.33043E-03   6.99254E-03 
    9.23908E-01   3.48946E-02   2.53299E-06   2.88716E-02   8.19268E-01 
    1.80732E-01   0.00000E+00

 Phase Region for:
     BCC_A2                        
     CEMENTITE                     
 col-1=T, col-2=W(BCC_A2,C), col-3=W(BCC_A2,CR), col-4=W(BCC_A2,FE),
   col-5=W(BCC_A2,MN), col-6=W(BCC_A2,NI), col-7=W(BCC_A2,SI),
   col-8=W(CEMENTITE,C), col-9=W(CEMENTITE,CR), col-10=W(CEMENTITE,FE),
   col-11=W(CEMENTITE,MN), col-12=W(CEMENTITE,NI), col-13=W(CEMENTITE,SI),
   col-14=NP(BCC_A2), col-15=NP(CEMENTITE),
   1.02258E+03   1.27182E-04   4.43990E-03   9.44915E-01   1.50408E-02 
    1.13642E-06   3.54762E-02   6.73254E-02   7.28546E-02   7.96454E-01 
    6.33654E-02   2.52624E-07   0.00000E+00   8.19268E-01   1.80732E-01  NONE
   1.01300E+03   1.13570E-04   4.29699E-03   9.45365E-01   1.47410E-02 
    1.13663E-06   3.54828E-02   6.73306E-02   7.35661E-02   7.94147E-01 
    6.49561E-02   2.52409E-07   0.00000E+00   8.19067E-01   1.80933E-01  NONE
   1.00300E+03   1.00701E-04   4.14708E-03   9.45856E-01   1.44061E-02 
    1.13678E-06   3.54891E-02   6.73363E-02   7.43188E-02   7.91607E-01 
    6.67380E-02   2.52419E-07   0.00000E+00   8.18878E-01   1.81122E-01  NONE
   9.93000E+02   8.90943E-05   3.99632E-03   9.46373E-01   1.40459E-02 
    1.13687E-06   3.54946E-02   6.73423E-02   7.50820E-02   7.88916E-01 
    6.86599E-02   2.52710E-07   0.00000E+00   8.18707E-01   1.81293E-01  NONE
   9.83000E+02   7.86481E-05   3.84459E-03   9.46919E-01   1.36567E-02 
    1.13688E-06   3.54995E-02   6.73484E-02   7.58559E-02   7.86054E-01 
    7.07418E-02   2.53339E-07   0.00000E+00   8.18553E-01   1.81447E-01  NONE
   9.73000E+02   6.92369E-05   3.68807E-03   9.47546E-01   1.31919E-02 
    1.13669E-06   3.55039E-02   6.73551E-02   7.66613E-02   7.82746E-01 
    7.32375E-02   2.54955E-07   0.00000E+00   8.18415E-01   1.81585E-01  NONE
   9.63000E+02   6.08082E-05   3.52874E-03   9.48232E-01   1.26697E-02 
    1.13634E-06   3.55076E-02   6.73623E-02   7.74872E-02   7.79103E-01 
    7.60475E-02   2.57348E-07   0.00000E+00   8.18291E-01   1.81709E-01  NONE
   9.53000E+02   5.33186E-05   3.37251E-03   9.48904E-01   1.21578E-02 
    1.13601E-06   3.55109E-02   6.73694E-02   7.83007E-02   7.75527E-01 
    7.88022E-02   2.59616E-07   0.00000E+00   8.18181E-01   1.81819E-01  NONE
   9.43000E+02   4.66721E-05   3.21932E-03   9.49563E-01   1.16561E-02 
    1.13568E-06   3.55137E-02   6.73764E-02   7.91017E-02   7.72019E-01 
    8.15030E-02   2.61770E-07   0.00000E+00   8.18083E-01   1.81917E-01  NONE
   9.33000E+02   4.07817E-05   3.06916E-03   9.50208E-01   1.11644E-02 
    1.13536E-06   3.55162E-02   6.73832E-02   7.98900E-02   7.68575E-01 
    8.41511E-02   2.63823E-07   0.00000E+00   8.17997E-01   1.82003E-01  NONE
   9.23000E+02   3.55691E-05   2.92205E-03   9.50840E-01   1.06825E-02 
    1.13505E-06   3.55183E-02   6.73899E-02   8.06651E-02   7.65197E-01 
    8.67474E-02   2.65784E-07   0.00000E+00   8.17920E-01   1.82080E-01  NONE
   9.13000E+02   3.09631E-05   2.77801E-03   9.51459E-01   1.02104E-02 
    1.13475E-06   3.55200E-02   6.73965E-02   8.14266E-02   7.61884E-01 
    8.92926E-02   2.67662E-07   0.00000E+00   8.17852E-01   1.82148E-01  NONE
   9.03000E+02   2.68997E-05   2.63711E-03   9.52065E-01   9.74789E-03 
    1.13446E-06   3.55216E-02   6.74030E-02   8.21739E-02   7.58636E-01 
    9.17870E-02   2.69467E-07   0.00000E+00   8.17793E-01   1.82207E-01  NONE
   8.93000E+02   2.33210E-05   2.49941E-03   9.52658E-01   9.29506E-03 
    1.13417E-06   3.55228E-02   6.74093E-02   8.29064E-02   7.55453E-01 
    9.42308E-02   2.71206E-07   0.00000E+00   8.17740E-01   1.82260E-01  NONE
   8.83000E+02   2.01747E-05   2.36500E-03   9.53238E-01   8.85192E-03 
    1.13388E-06   3.55239E-02   6.74155E-02   8.36234E-02   7.52337E-01 
    9.66238E-02   2.72885E-07   0.00000E+00   8.17694E-01   1.82306E-01  NONE
   8.73000E+02   1.74136E-05   2.23395E-03   9.53804E-01   8.41851E-03 
    1.13360E-06   3.55248E-02   6.74216E-02   8.43242E-02   7.49288E-01 
    9.89656E-02   2.74511E-07   0.00000E+00   8.17653E-01   1.82347E-01  NONE
   8.63000E+02   1.49953E-05   2.10638E-03   9.54357E-01   7.99497E-03 
    1.13333E-06   3.55255E-02   6.74275E-02   8.50081E-02   7.46309E-01 
    1.01256E-01   2.76089E-07   0.00000E+00   8.17618E-01   1.82382E-01  NONE
   8.53000E+02   1.28814E-05   1.98238E-03   9.54896E-01   7.58141E-03 
    1.13306E-06   3.55260E-02   6.74333E-02   8.56743E-02   7.43399E-01 
    1.03493E-01   2.77623E-07   0.00000E+00   8.17587E-01   1.82413E-01  NONE
   8.43000E+02   1.10376E-05   1.86206E-03   9.55421E-01   7.17802E-03 
    1.13280E-06   3.55264E-02   6.74389E-02   8.63220E-02   7.40562E-01 
    1.05676E-01   2.79117E-07   0.00000E+00   8.17560E-01   1.82440E-01  NONE
   8.33000E+02   9.43283E-06   1.74550E-03   9.55932E-01   6.78499E-03 
    1.13254E-06   3.55267E-02   6.74444E-02   8.69507E-02   7.37800E-01 
    1.07805E-01   2.80574E-07   0.00000E+00   8.17536E-01   1.82464E-01  NONE
   8.23000E+02   8.03933E-06   1.63281E-03   9.56429E-01   6.40253E-03 
    1.13228E-06   3.55270E-02   6.74497E-02   8.75595E-02   7.35113E-01 
    1.09878E-01   2.81998E-07   0.00000E+00   8.17516E-01   1.82484E-01  NONE
   8.13000E+02   6.83218E-06   1.52407E-03   9.56910E-01   6.03087E-03 
    1.13203E-06   3.55271E-02   6.74548E-02   8.81479E-02   7.32504E-01 
    1.11893E-01   2.83390E-07   0.00000E+00   8.17498E-01   1.82502E-01  NONE
   8.03000E+02   5.78905E-06   1.41937E-03   9.57376E-01   5.67024E-03 
    1.13178E-06   3.55272E-02   6.74598E-02   8.87153E-02   7.29975E-01 
    1.13849E-01   2.84751E-07   0.00000E+00   8.17483E-01   1.82517E-01  NONE
   7.93000E+02   4.89002E-06   1.31879E-03   9.57827E-01   5.32087E-03 
    1.13153E-06   3.55272E-02   6.74646E-02   8.92611E-02   7.27529E-01 
    1.15745E-01   2.86084E-07   0.00000E+00   8.17469E-01   1.82531E-01  NONE
   7.83000E+02   4.11726E-06   1.22237E-03   9.58262E-01   4.98301E-03 
    1.13129E-06   3.55271E-02   6.74692E-02   8.97850E-02   7.25166E-01 
    1.17580E-01   2.87387E-07   0.00000E+00   8.17458E-01   1.82542E-01  NONE
   7.73000E+02   3.45493E-06   1.13018E-03   9.58681E-01   4.65687E-03 
    1.13105E-06   3.55270E-02   6.74737E-02   9.02865E-02   7.22888E-01 
    1.19351E-01   2.88661E-07   0.00000E+00   8.17448E-01   1.82552E-01  NONE
   7.63000E+02   2.88893E-06   1.04225E-03   9.59084E-01   4.34266E-03 
    1.13082E-06   3.55269E-02   6.74780E-02   9.07654E-02   7.20697E-01 
    1.21059E-01   2.89905E-07   0.00000E+00   8.17440E-01   1.82560E-01  NONE
   7.53000E+02   2.40674E-06   9.58591E-04   9.59471E-01   4.04056E-03 
    1.13059E-06   3.55268E-02   6.74820E-02   9.12214E-02   7.18595E-01 
    1.22701E-01   2.91119E-07   0.00000E+00   8.17433E-01   1.82567E-01  NONE
   7.43000E+02   1.99729E-06   8.79222E-04   9.59840E-01   3.75074E-03 
    1.13037E-06   3.55266E-02   6.74859E-02   9.16545E-02   7.16582E-01 
    1.24278E-01   2.92301E-07   0.00000E+00   8.17427E-01   1.82573E-01  NONE
   7.33000E+02   1.65078E-06   8.04128E-04   9.60193E-01   3.47332E-03 
    1.13016E-06   3.55265E-02   6.74896E-02   9.20646E-02   7.14659E-01 
    1.25787E-01   2.93448E-07   0.00000E+00   8.17422E-01   1.82578E-01  NONE
   7.23000E+02   1.35858E-06   7.33285E-04   9.60530E-01   3.20842E-03 
    1.12995E-06   3.55263E-02   6.74931E-02   9.24518E-02   7.12827E-01 
    1.27228E-01   2.94559E-07   0.00000E+00   8.17418E-01   1.82582E-01  NONE
   7.13000E+02   1.11311E-06   6.66649E-04   9.60849E-01   2.95608E-03 
    1.12975E-06   3.55261E-02   6.74965E-02   9.28163E-02   7.11085E-01 
    1.28602E-01   2.95630E-07   0.00000E+00   8.17414E-01   1.82586E-01  NONE
   7.03000E+02   9.07713E-07   6.04163E-04   9.61152E-01   2.71632E-03 
    1.12955E-06   3.55259E-02   6.74996E-02   9.31582E-02   7.09435E-01 
    1.29907E-01   2.96658E-07   0.00000E+00   8.17411E-01   1.82589E-01  NONE
   6.93000E+02   7.36555E-07   5.45755E-04   9.61438E-01   2.48914E-03 
    1.12937E-06   3.55257E-02   6.75026E-02   9.34781E-02   7.07875E-01 
    1.31144E-01   2.97640E-07   0.00000E+00   8.17408E-01   1.82592E-01  NONE
   6.83000E+02   5.94559E-07   4.91336E-04   9.61707E-01   2.27445E-03 
    1.12919E-06   3.55255E-02   6.75053E-02   9.37763E-02   7.06404E-01 
    1.32314E-01   2.98571E-07   0.00000E+00   8.17406E-01   1.82594E-01  NONE
   6.73000E+02   4.77303E-07   4.40805E-04   9.61960E-01   2.07216E-03 
    1.12903E-06   3.55253E-02   6.75079E-02   9.40534E-02   7.05022E-01 
    1.33416E-01   2.99447E-07   0.00000E+00   8.17405E-01   1.82595E-01  NONE
