
 Phase Region for:
     CEMENTITE                     
     FCC_A1#2                      
 col-1=T, col-2=X(CEMENTITE,C), col-3=X(CEMENTITE,CR), col-4=X(CEMENTITE,FE),
   col-5=X(CEMENTITE,MN), col-6=X(CEMENTITE,NI), col-7=X(CEMENTITE,SI),
   col-8=X(FCC_A1#2,C), col-9=X(FCC_A1#2,CR), col-10=X(FCC_A1#2,FE),
   col-11=X(FCC_A1#2,MN), col-12=X(FCC_A1#2,NI), col-13=X(FCC_A1#2,SI),
   col-14=NP(CEMENTITE), col-15=NP(FCC_A1#2),
   1.17300E+03   2.50000E-01   1.80609E-01   5.36131E-01   3.04225E-02 
    2.83784E-03   0.00000E+00   3.46477E-02   3.00940E-02   8.55217E-01 
    2.90455E-02   3.59146E-02   1.50811E-02   5.55995E-02   9.44401E-01
   1.18300E+03   2.50000E-01   1.80064E-01   5.36768E-01   3.02618E-02 
    2.90682E-03   0.00000E+00   3.58419E-02   3.09575E-02   8.53414E-01 
    2.90616E-02   3.57276E-02   1.49974E-02   5.03335E-02   9.49666E-01
   1.19300E+03   2.50000E-01   1.79523E-01   5.37394E-01   3.01066E-02 
    2.97649E-03   0.00000E+00   3.70587E-02   3.18301E-02   8.51585E-01 
    2.90757E-02   3.55378E-02   1.49122E-02   4.49067E-02   9.55093E-01
   1.20300E+03   2.50000E-01   1.78989E-01   5.38008E-01   2.99568E-02 
    3.04683E-03   0.00000E+00   3.82982E-02   3.27117E-02   8.49731E-01 
    2.90879E-02   3.53454E-02   1.48254E-02   3.93146E-02   9.60685E-01
   1.21300E+03   2.50000E-01   1.78460E-01   5.38610E-01   2.98122E-02 
    3.11784E-03   0.00000E+00   3.95603E-02   3.36021E-02   8.47852E-01 
    2.90981E-02   3.51504E-02   1.47370E-02   3.35530E-02   9.66447E-01
   1.22300E+03   2.50000E-01   1.77939E-01   5.39199E-01   2.96726E-02 
    3.18949E-03   0.00000E+00   4.08449E-02   3.45012E-02   8.45948E-01 
    2.91064E-02   3.49528E-02   1.46471E-02   2.76171E-02   9.72383E-01
   1.23300E+03   2.50000E-01   1.77426E-01   5.39775E-01   2.95380E-02 
    3.26178E-03   0.00000E+00   4.21520E-02   3.54088E-02   8.44018E-01 
    2.91129E-02   3.47527E-02   1.45555E-02   2.15021E-02   9.78498E-01
   1.24300E+03   2.50000E-01   1.76920E-01   5.40337E-01   2.94082E-02 
    3.33469E-03   0.00000E+00   4.34815E-02   3.63250E-02   8.42063E-01 
    2.91176E-02   3.45502E-02   1.44624E-02   1.52031E-02   9.84797E-01
   1.25300E+03   2.50000E-01   1.76424E-01   5.40884E-01   2.92832E-02 
    3.40821E-03   0.00000E+00   4.48332E-02   3.72496E-02   8.40084E-01 
    2.91206E-02   3.43452E-02   1.43678E-02   8.71485E-03   9.91285E-01
   1.26300E+03   2.50000E-01   1.75938E-01   5.41417E-01   2.91628E-02 
    3.48231E-03   0.00000E+00   4.62071E-02   3.81826E-02   8.38079E-01 
    2.91220E-02   3.41379E-02   1.42716E-02   2.03185E-03   9.97968E-01
   1.26598E+03   2.50000E-01   1.75795E-01   5.41573E-01   2.91277E-02 
    3.50453E-03   0.00000E+00   4.66212E-02   3.84625E-02   8.37476E-01 
    2.91220E-02   3.40756E-02   1.42426E-02   0.00000E+00   1.00000E+00

 Phase Region for:
     FCC_A1#2                      
 col-1=T, col-2=X(FCC_A1#2,C), col-3=X(FCC_A1#2,CR), col-4=X(FCC_A1#2,FE),
   col-5=X(FCC_A1#2,MN), col-6=X(FCC_A1#2,NI), col-7=X(FCC_A1#2,SI),
   col-8=NP(FCC_A1#2),
   1.26598E+03   4.66212E-02   3.84625E-02   8.37476E-01   2.91220E-02 
    3.40756E-02   1.42426E-02   1.00000E+00
   1.27300E+03   4.66212E-02   3.84625E-02   8.37476E-01   2.91220E-02 
    3.40756E-02   1.42426E-02   1.00000E+00
   1.28300E+03   4.66212E-02   3.84625E-02   8.37476E-01   2.91220E-02 
    3.40756E-02   1.42426E-02   1.00000E+00
   1.29300E+03   4.66212E-02   3.84625E-02   8.37476E-01   2.91220E-02 
    3.40756E-02   1.42426E-02   1.00000E+00
   1.30300E+03   4.66212E-02   3.84625E-02   8.37476E-01   2.91220E-02 
    3.40756E-02   1.42426E-02   1.00000E+00
   1.31300E+03   4.66212E-02   3.84625E-02   8.37476E-01   2.91220E-02 
    3.40756E-02   1.42426E-02   1.00000E+00
   1.32300E+03   4.66212E-02   3.84625E-02   8.37476E-01   2.91220E-02 
    3.40756E-02   1.42426E-02   1.00000E+00
   1.33300E+03   4.66212E-02   3.84625E-02   8.37476E-01   2.91220E-02 
    3.40756E-02   1.42426E-02   1.00000E+00
   1.34300E+03   4.66212E-02   3.84625E-02   8.37476E-01   2.91220E-02 
    3.40756E-02   1.42426E-02   1.00000E+00
   1.35300E+03   4.66212E-02   3.84625E-02   8.37476E-01   2.91220E-02 
    3.40756E-02   1.42426E-02   1.00000E+00
   1.36300E+03   4.66212E-02   3.84625E-02   8.37476E-01   2.91220E-02 
    3.40756E-02   1.42426E-02   1.00000E+00
   1.37300E+03   4.66212E-02   3.84625E-02   8.37476E-01   2.91220E-02 
    3.40756E-02   1.42426E-02   1.00000E+00
   1.38300E+03   4.66212E-02   3.84625E-02   8.37476E-01   2.91220E-02 
    3.40756E-02   1.42426E-02   1.00000E+00
   1.39300E+03   4.66212E-02   3.84625E-02   8.37476E-01   2.91220E-02 
    3.40756E-02   1.42426E-02   1.00000E+00
   1.40300E+03   4.66212E-02   3.84625E-02   8.37476E-01   2.91220E-02 
    3.40756E-02   1.42426E-02   1.00000E+00
   1.41300E+03   4.66212E-02   3.84625E-02   8.37476E-01   2.91220E-02 
    3.40756E-02   1.42426E-02   1.00000E+00
   1.42300E+03   4.66212E-02   3.84625E-02   8.37476E-01   2.91220E-02 
    3.40756E-02   1.42426E-02   1.00000E+00
   1.43300E+03   4.66212E-02   3.84625E-02   8.37476E-01   2.91220E-02 
    3.40756E-02   1.42426E-02   1.00000E+00
   1.44300E+03   4.66212E-02   3.84625E-02   8.37476E-01   2.91220E-02 
    3.40756E-02   1.42426E-02   1.00000E+00
   1.45300E+03   4.66212E-02   3.84625E-02   8.37476E-01   2.91220E-02 
    3.40756E-02   1.42426E-02   1.00000E+00
   1.46300E+03   4.66212E-02   3.84625E-02   8.37476E-01   2.91220E-02 
    3.40756E-02   1.42426E-02   1.00000E+00
   1.47300E+03   4.66212E-02   3.84625E-02   8.37476E-01   2.91220E-02 
    3.40756E-02   1.42426E-02   1.00000E+00

 Phase Region for:
     CEMENTITE                     
     FCC_A1#2                      
 col-1=T, col-2=X(CEMENTITE,C), col-3=X(CEMENTITE,CR), col-4=X(CEMENTITE,FE),
   col-5=X(CEMENTITE,MN), col-6=X(CEMENTITE,NI), col-7=X(CEMENTITE,SI),
   col-8=X(FCC_A1#2,C), col-9=X(FCC_A1#2,CR), col-10=X(FCC_A1#2,FE),
   col-11=X(FCC_A1#2,MN), col-12=X(FCC_A1#2,NI), col-13=X(FCC_A1#2,SI),
   col-14=NP(CEMENTITE), col-15=NP(FCC_A1#2),
   1.17300E+03   2.50000E-01   1.80609E-01   5.36131E-01   3.04225E-02 
    2.83784E-03   0.00000E+00   3.46477E-02   3.00940E-02   8.55217E-01 
    2.90455E-02   3.59146E-02   1.50811E-02   5.55995E-02   9.44401E-01
   1.16300E+03   2.50000E-01   1.81158E-01   5.35483E-01   3.05888E-02 
    2.76955E-03   0.00000E+00   3.34763E-02   2.92397E-02   8.56995E-01 
    2.90272E-02   3.60990E-02   1.51631E-02   6.07086E-02   9.39291E-01
   1.15300E+03   2.50000E-01   1.81712E-01   5.34825E-01   3.07609E-02 
    2.70198E-03   0.00000E+00   3.23277E-02   2.83949E-02   8.58746E-01 
    2.90069E-02   3.62805E-02   1.52435E-02   6.56650E-02   9.34335E-01
   1.14300E+03   2.50000E-01   1.82269E-01   5.34157E-01   3.09389E-02 
    2.63513E-03   0.00000E+00   3.12020E-02   2.75598E-02   8.60472E-01 
    2.89843E-02   3.64593E-02   1.53224E-02   7.04725E-02   9.29528E-01
   1.13300E+03   2.50000E-01   1.82828E-01   5.33480E-01   3.11231E-02 
    2.56901E-03   0.00000E+00   3.00990E-02   2.67345E-02   8.62172E-01 
    2.89595E-02   3.66351E-02   1.53996E-02   7.51346E-02   9.24865E-01
   1.12300E+03   2.50000E-01   1.83389E-01   5.32794E-01   3.13135E-02 
    2.50364E-03   0.00000E+00   2.90189E-02   2.59192E-02   8.63846E-01 
    2.89324E-02   3.68081E-02   1.54752E-02   7.96552E-02   9.20345E-01
   1.11300E+03   2.50000E-01   1.83952E-01   5.32099E-01   3.15104E-02 
    2.43901E-03   0.00000E+00   2.79616E-02   2.51142E-02   8.65494E-01 
    2.89029E-02   3.69782E-02   1.55493E-02   8.40375E-02   9.15962E-01
   1.10300E+03   2.50000E-01   1.84516E-01   5.31395E-01   3.17140E-02 
    2.37515E-03   0.00000E+00   2.69272E-02   2.43196E-02   8.67115E-01 
    2.88710E-02   3.71453E-02   1.56217E-02   8.82851E-02   9.11715E-01
   1.09300E+03   2.50000E-01   1.85079E-01   5.30684E-01   3.19245E-02 
    2.31206E-03   0.00000E+00   2.59155E-02   2.35357E-02   8.68710E-01 
    2.88367E-02   3.73094E-02   1.56926E-02   9.24011E-02   9.07599E-01
   1.08300E+03   2.50000E-01   1.85643E-01   5.29965E-01   3.21420E-02 
    2.24974E-03   0.00000E+00   2.49267E-02   2.27627E-02   8.70278E-01 
    2.87999E-02   3.74705E-02   1.57618E-02   9.63887E-02   9.03611E-01
   1.07300E+03   2.50000E-01   1.86206E-01   5.29239E-01   3.23668E-02 
    2.18822E-03   0.00000E+00   2.39605E-02   2.20008E-02   8.71820E-01 
    2.87605E-02   3.76285E-02   1.58295E-02   1.00251E-01   8.99749E-01
   1.06300E+03   2.50000E-01   1.86767E-01   5.28506E-01   3.25991E-02 
    2.12748E-03   0.00000E+00   2.30170E-02   2.12502E-02   8.73335E-01 
    2.87185E-02   3.77835E-02   1.58956E-02   1.03991E-01   8.96009E-01
   1.05300E+03   2.50000E-01   1.87327E-01   5.27766E-01   3.28392E-02 
    2.06756E-03   0.00000E+00   2.20961E-02   2.05112E-02   8.74824E-01 
    2.86738E-02   3.79354E-02   1.59600E-02   1.07612E-01   8.92388E-01
   1.04300E+03   2.50000E-01   1.87884E-01   5.27020E-01   3.30872E-02 
    2.00844E-03   0.00000E+00   2.11976E-02   1.97839E-02   8.76285E-01 
    2.86264E-02   3.80842E-02   1.60230E-02   1.11116E-01   8.88884E-01
   1.03300E+03   2.50000E-01   1.88438E-01   5.26268E-01   3.33436E-02 
    1.95013E-03   0.00000E+00   2.03216E-02   1.90687E-02   8.77719E-01 
    2.85761E-02   3.82298E-02   1.60843E-02   1.14506E-01   8.85494E-01
   1.02300E+03   2.50000E-01   1.88989E-01   5.25510E-01   3.36084E-02 
    1.89265E-03   0.00000E+00   1.94679E-02   1.83656E-02   8.79127E-01 
    2.85231E-02   3.83724E-02   1.61441E-02   1.17785E-01   8.82215E-01
   1.01300E+03   2.50000E-01   1.89535E-01   5.24747E-01   3.38820E-02 
    1.83600E-03   0.00000E+00   1.86364E-02   1.76750E-02   8.80507E-01 
    2.84671E-02   3.85117E-02   1.62023E-02   1.20956E-01   8.79044E-01
   1.00300E+03   2.50000E-01   1.90077E-01   5.23978E-01   3.41647E-02 
    1.78018E-03   0.00000E+00   1.78270E-02   1.69970E-02   8.81861E-01 
    2.84081E-02   3.86479E-02   1.62590E-02   1.24020E-01   8.75980E-01
   9.93000E+02   2.50000E-01   1.90614E-01   5.23204E-01   3.44568E-02 
    1.72521E-03   0.00000E+00   1.70395E-02   1.63318E-02   8.83187E-01 
    2.83461E-02   3.87810E-02   1.63142E-02   1.26982E-01   8.73018E-01
   9.83000E+02   2.50000E-01   1.91146E-01   5.22424E-01   3.47585E-02 
    1.67107E-03   0.00000E+00   1.62738E-02   1.56796E-02   8.84487E-01 
    2.82810E-02   3.89109E-02   1.63678E-02   1.29842E-01   8.70158E-01
   9.73000E+02   2.50000E-01   1.91671E-01   5.21640E-01   3.50703E-02 
    1.61779E-03   0.00000E+00   1.55296E-02   1.50407E-02   8.85760E-01 
    2.82127E-02   3.90376E-02   1.64199E-02   1.32603E-01   8.67397E-01
   9.63000E+02   2.50000E-01   1.92190E-01   5.20852E-01   3.53925E-02 
    1.56537E-03   0.00000E+00   1.48070E-02   1.44151E-02   8.87005E-01 
    2.81412E-02   3.91611E-02   1.64705E-02   1.35269E-01   8.64731E-01
   9.60577E+02   2.50000E-01   1.92315E-01   5.20660E-01   3.54721E-02 
    1.55279E-03   0.00000E+00   1.46351E-02   1.42656E-02   8.87303E-01 
    2.81233E-02   3.91906E-02   1.64825E-02   1.35900E-01   8.64100E-01

 Phase Region for:
     BCC_A2                        
     CEMENTITE                     
     FCC_A1#2                      
 col-1=T, col-2=X(BCC_A2,C), col-3=X(BCC_A2,CR), col-4=X(BCC_A2,FE),
   col-5=X(BCC_A2,MN), col-6=X(BCC_A2,NI), col-7=X(BCC_A2,SI),
   col-8=X(CEMENTITE,C), col-9=X(CEMENTITE,CR), col-10=X(CEMENTITE,FE),
   col-11=X(CEMENTITE,MN), col-12=X(CEMENTITE,NI), col-13=X(CEMENTITE,SI),
   col-14=X(FCC_A1#2,C), col-15=X(FCC_A1#2,CR), col-16=X(FCC_A1#2,FE),
   col-17=X(FCC_A1#2,MN), col-18=X(FCC_A1#2,NI), col-19=X(FCC_A1#2,SI),
   col-20=NP(BCC_A2), col-21=NP(CEMENTITE), col-22=NP(FCC_A1#2),
   9.60577E+02   2.51586E-04   9.35749E-03   9.51084E-01   6.62643E-03 
    1.32757E-02   1.94048E-02   2.50000E-01   1.92315E-01   5.20660E-01 
    3.54722E-02   1.55280E-03   0.00000E+00   1.46351E-02   1.42656E-02 
    8.87303E-01   2.81234E-02   3.91906E-02   1.64825E-02   1.74118E-06 
    1.35900E-01   8.64098E-01
   9.53000E+02   2.29321E-04   8.84226E-03   9.51039E-01   6.85338E-03 
    1.41162E-02   1.89197E-02   2.50000E-01   1.89756E-01   5.19920E-01 
    3.86553E-02   1.66918E-03   0.00000E+00   1.40850E-02   1.34596E-02 
    8.81558E-01   3.08806E-02   4.37296E-02   1.62876E-02   1.20100E-01 
    1.44969E-01   7.34932E-01
   9.43000E+02   2.01781E-04   8.25468E-03   9.50795E-01   7.10621E-03 
    1.51800E-02   1.84620E-02   2.50000E-01   1.87358E-01   5.18018E-01 
    4.28083E-02   1.81607E-03   0.00000E+00   1.33038E-02   1.25074E-02 
    8.73084E-01   3.47000E-02   5.02297E-02   1.61748E-02   2.47535E-01 
    1.54462E-01   5.98003E-01
   9.33000E+02   1.76606E-04   7.74400E-03   9.50449E-01   7.30131E-03 
    1.61786E-02   1.81508E-02   2.50000E-01   1.85831E-01   5.15346E-01 
    4.68696E-02   1.95358E-03   0.00000E+00   1.24846E-02   1.16495E-02 
    8.63650E-01   3.87195E-02   5.73272E-02   1.61690E-02   3.47428E-01 
    1.61727E-01   4.90844E-01
   9.23000E+02   1.53894E-04   7.28832E-03   9.50078E-01   7.43712E-03 
    1.71022E-02   1.79409E-02   2.50000E-01   1.84961E-01   5.12147E-01 
    5.08115E-02   2.08062E-03   0.00000E+00   1.16478E-02   1.08602E-02 
    8.53267E-01   4.29444E-02   6.50552E-02   1.62257E-02   4.26348E-01 
    1.67289E-01   4.06363E-01
   9.13000E+02   1.33608E-04   6.87257E-03   9.49733E-01   7.51447E-03 
    1.79447E-02   1.78017E-02   2.50000E-01   1.84585E-01   5.08604E-01 
    5.46154E-02   2.19656E-03   0.00000E+00   1.08089E-02   1.01220E-02 
    8.41908E-01   4.73895E-02   7.34591E-02   1.63127E-02   4.89206E-01 
    1.71556E-01   3.39238E-01
   9.03000E+02   1.15627E-04   6.48639E-03   9.49448E-01   7.53565E-03 
    1.87024E-02   1.77125E-02   2.50000E-01   1.84580E-01   5.04851E-01 
    5.82677E-02   2.30111E-03   0.00000E+00   9.97906E-03   9.42300E-03 
    8.29521E-01   5.20772E-02   8.25940E-02   1.64057E-02   5.39665E-01 
    1.74839E-01   2.85496E-01
   8.93000E+02   9.97871E-05   6.12271E-03   9.49242E-01   7.50389E-03 
    1.93733E-02   1.76588E-02   2.50000E-01   1.84854E-01   5.00993E-01 
    6.17581E-02   2.39416E-03   0.00000E+00   9.16718E-03   8.75555E-03 
    8.16035E-01   5.70354E-02   9.25208E-02   1.64859E-02   5.80459E-01 
    1.77373E-01   2.42167E-01
   8.83000E+02   8.59018E-05   5.77668E-03   9.49127E-01   7.42303E-03 
    1.99567E-02   1.76305E-02   2.50000E-01   1.85339E-01   4.97107E-01 
    6.50780E-02   2.47574E-03   0.00000E+00   8.38021E-03   8.11508E-03 
    8.01371E-01   6.22947E-02   1.03301E-01   1.65379E-02   6.13646E-01 
    1.79334E-01   2.07019E-01
   8.73000E+02   7.37805E-05   5.44500E-03   9.49111E-01   7.29727E-03 
    2.04528E-02   1.76204E-02   2.50000E-01   1.85981E-01   4.93253E-01 
    6.82203E-02   2.54594E-03   0.00000E+00   7.62418E-03   7.49940E-03 
    7.85455E-01   6.78846E-02   1.14987E-01   1.65491E-02   6.40782E-01 
    1.80856E-01   1.78362E-01
   8.63000E+02   6.32363E-05   5.12550E-03   9.49194E-01   7.13110E-03 
    2.08629E-02   1.76232E-02   2.50000E-01   1.86740E-01   4.89476E-01 
    7.11789E-02   2.60498E-03   0.00000E+00   6.90465E-03   6.90813E-03 
    7.68240E-01   7.38266E-02   1.27611E-01   1.65094E-02   6.63052E-01 
    1.82039E-01   1.54909E-01
   8.53000E+02   5.40920E-05   4.81679E-03   9.49376E-01   6.92925E-03 
    2.11892E-02   1.76351E-02   2.50000E-01   1.87584E-01   4.85814E-01 
    7.39491E-02   2.65315E-03   0.00000E+00   6.22704E-03   6.34239E-03 
    7.49731E-01   8.01251E-02   1.41163E-01   1.64114E-02   6.81365E-01 
    1.82958E-01   1.35677E-01
   8.43000E+02   4.61826E-05   4.51803E-03   9.49651E-01   6.69658E-03 
    2.14351E-02   1.76529E-02   2.50000E-01   1.88489E-01   4.82292E-01 
    7.65283E-02   2.69087E-03   0.00000E+00   5.59663E-03   5.80441E-03 
    7.30020E-01   8.67558E-02   1.55571E-01   1.62517E-02   6.96425E-01 
    1.83672E-01   1.19903E-01
   8.33000E+02   3.93574E-05   4.22879E-03   9.50014E-01   6.43817E-03 
    2.16050E-02   1.76744E-02   2.50000E-01   1.89433E-01   4.78931E-01 
    7.89167E-02   2.71869E-03   0.00000E+00   5.01821E-03   5.29705E-03 
    7.09312E-01   9.36568E-02   1.70685E-01   1.60317E-02   7.08785E-01 
    1.84226E-01   1.06989E-01
   8.23000E+02   3.34796E-05   3.94895E-03   9.50456E-01   6.15917E-03 
    2.17044E-02   1.76975E-02   2.50000E-01   1.90401E-01   4.75743E-01 
    8.11180E-02   2.73726E-03   0.00000E+00   4.49529E-03   4.82311E-03 
    6.87923E-01   1.00726E-01   1.86275E-01   1.57582E-02   7.18891E-01 
    1.84654E-01   9.64545E-02
   8.13000E+02   2.84268E-05   3.67859E-03   9.50968E-01   5.86474E-03 
    2.17396E-02   1.77209E-02   2.50000E-01   1.91379E-01   4.72733E-01 
    8.31402E-02   2.74733E-03   0.00000E+00   4.02926E-03   4.38461E-03 
    6.66249E-01   1.07833E-01   2.02061E-01   1.54431E-02   7.27120E-01 
    1.84986E-01   8.78948E-02
   8.03000E+02   2.40901E-05   3.41790E-03   9.51538E-01   5.55985E-03 
    2.17172E-02   1.77433E-02   2.50000E-01   1.92354E-01   4.69902E-01 
    8.49945E-02   2.74973E-03   0.00000E+00   3.61890E-03   3.98222E-03 
    6.44701E-01   1.14839E-01   2.17758E-01   1.51013E-02   7.33795E-01 
    1.85242E-01   8.09627E-02
   7.93000E+02   2.03735E-05   3.16717E-03   9.52155E-01   5.24908E-03 
    2.16438E-02   1.77641E-02   2.50000E-01   1.93316E-01   4.67244E-01 
    8.66941E-02   2.74527E-03   0.00000E+00   3.26057E-03   3.61515E-03 
    6.23630E-01   1.21624E-01   2.33123E-01   1.47475E-02   7.39202E-01 
    1.85442E-01   7.53567E-02
   7.83000E+02   1.71931E-05   2.92669E-03   9.52811E-01   4.93646E-03 
    2.15258E-02   1.77830E-02   2.50000E-01   1.94258E-01   4.64755E-01 
    8.82531E-02   2.73472E-03   0.00000E+00   2.94901E-03   3.28140E-03 
    6.03294E-01   1.28098E-01   2.47983E-01   1.43949E-02   7.43583E-01 
    1.85598E-01   7.08187E-02
   7.73000E+02   1.44756E-05   2.69674E-03   9.53495E-01   4.62542E-03 
    2.13689E-02   1.77999E-02   2.50000E-01   1.95171E-01   4.62425E-01 
    8.96843E-02   2.71879E-03   0.00000E+00   2.67824E-03   2.97829E-03 
    5.83846E-01   1.34207E-01   2.62238E-01   1.40533E-02   7.47144E-01 
    1.85722E-01   6.71337E-02
   7.63000E+02   1.21576E-05   2.47756E-03   9.54198E-01   4.31878E-03 
    2.11781E-02   1.78150E-02   2.50000E-01   1.96053E-01   4.60250E-01 
    9.09995E-02   2.69811E-03   0.00000E+00   2.44234E-03   2.70290E-03 
    5.65350E-01   1.39925E-01   2.75850E-01   1.37294E-02   7.50051E-01 
    1.85822E-01   6.41274E-02
   7.53000E+02   1.01838E-05   2.26932E-03   9.54916E-01   4.01879E-03 
    2.09579E-02   1.78282E-02   2.50000E-01   1.96897E-01   4.58221E-01 
    9.22083E-02   2.67321E-03   0.00000E+00   2.23593E-03   2.45236E-03 
    5.47811E-01   1.45251E-01   2.88822E-01   1.34276E-02   7.52436E-01 
    1.85903E-01   6.16613E-02
   7.43000E+02   8.50646E-06   2.07214E-03   9.55640E-01   3.72726E-03 
    2.07119E-02   1.78399E-02   2.50000E-01   1.97703E-01   4.56334E-01 
    9.33187E-02   2.64452E-03   0.00000E+00   2.05434E-03   2.22406E-03 
    5.31194E-01   1.50196E-01   3.01182E-01   1.31500E-02   7.54403E-01 
    1.85969E-01   5.96275E-02
   7.33000E+02   7.08400E-06   1.88606E-03   9.56368E-01   3.44558E-03 
    2.04431E-02   1.78501E-02   2.50000E-01   1.98467E-01   4.54583E-01 
    9.43373E-02   2.61241E-03   0.00000E+00   1.89364E-03   2.01569E-03 
    5.15446E-01   1.54777E-01   3.12970E-01   1.28977E-02   7.56034E-01 
    1.86024E-01   5.79415E-02
   7.23000E+02   5.88049E-06   1.71107E-03   9.57095E-01   3.17483E-03 
    2.01540E-02   1.78589E-02   2.50000E-01   1.99189E-01   4.52964E-01 
    9.52695E-02   2.57718E-03   0.00000E+00   1.75056E-03   1.82526E-03 
    5.00501E-01   1.59018E-01   3.24235E-01   1.26707E-02   7.57391E-01 
    1.86071E-01   5.65381E-02
   7.13000E+02   4.86476E-06   1.54709E-03   9.57819E-01   2.91582E-03 
    1.98467E-02   1.78666E-02   2.50000E-01   1.99868E-01   4.51473E-01 
    9.61196E-02   2.53906E-03   0.00000E+00   1.62241E-03   1.65103E-03 
    4.86296E-01   1.62941E-01   3.35020E-01   1.24689E-02   7.58523E-01 
    1.86111E-01   5.53663E-02
   7.03000E+02   4.00982E-06   1.39397E-03   9.58537E-01   2.66915E-03 
    1.95230E-02   1.78731E-02   2.50000E-01   2.00504E-01   4.50107E-01 
    9.68914E-02   2.49823E-03   0.00000E+00   1.50700E-03   1.49153E-03 
    4.72768E-01   1.66569E-01   3.45372E-01   1.22917E-02   7.59469E-01 
    1.86145E-01   5.43862E-02
   6.93000E+02   3.29230E-06   1.25152E-03   9.59247E-01   2.43522E-03 
    1.91840E-02   1.78786E-02   2.50000E-01   2.01096E-01   4.48861E-01 
    9.75879E-02   2.45485E-03   0.00000E+00   1.40250E-03   1.34546E-03 
    4.59858E-01   1.69926E-01   3.55330E-01   1.21382E-02   7.60259E-01 
    1.86174E-01   5.35663E-02
   6.83000E+02   2.69199E-06   1.11949E-03   9.59949E-01   2.21427E-03 
    1.88310E-02   1.78831E-02   2.50000E-01   2.01646E-01   4.47733E-01 
    9.82119E-02   2.40902E-03   0.00000E+00   1.30741E-03   1.21171E-03 
    4.47512E-01   1.73030E-01   3.64931E-01   1.20079E-02   7.60918E-01 
    1.86200E-01   5.28816E-02
   6.73000E+02   2.19143E-06   9.97586E-04   9.60642E-01   2.00643E-03 
    1.84649E-02   1.78866E-02   2.50000E-01   2.02155E-01   4.46718E-01 
    9.87658E-02   2.36085E-03   0.00000E+00   1.22049E-03   1.08927E-03 
    4.35682E-01   1.75901E-01   3.74208E-01   1.18998E-02   7.61465E-01 
    1.86223E-01   5.23121E-02
