
 Phase Region for:
     CEMENTITE                     
     FCC_A1#2                      
 col-1=T, col-2=W(CEMENTITE,C), col-3=W(CEMENTITE,CR), col-4=W(CEMENTITE,FE),
   col-5=W(CEMENTITE,MN), col-6=W(CEMENTITE,NI), col-7=W(CEMENTITE,SI),
   col-8=W(FCC_A1#2,C), col-9=W(FCC_A1#2,CR), col-10=W(FCC_A1#2,FE),
   col-11=W(FCC_A1#2,MN), col-12=W(FCC_A1#2,NI), col-13=W(FCC_A1#2,SI),
   col-14=NP(CEMENTITE), col-15=NP(FCC_A1#2),
   1.17300E+03   6.73639E-02   8.57585E-02   8.02156E-01   4.36280E-02 
    1.09320E-03   0.00000E+00   9.18912E-03   1.33693E-02   9.17088E-01 
    2.96858E-02   7.64846E-03   2.30189E-02   2.65883E-02   9.73412E-01
   1.18300E+03   6.73625E-02   8.55494E-02   8.02646E-01   4.33263E-02 
    1.11623E-03   0.00000E+00   9.48964E-03   1.37470E-02   9.16486E-01 
    2.97632E-02   7.61419E-03   2.29000E-02   2.05994E-02   9.79401E-01
   1.19300E+03   6.73610E-02   8.53394E-02   8.03126E-01   4.30341E-02 
    1.13939E-03   0.00000E+00   9.79544E-03   1.41289E-02   9.15879E-01 
    2.98385E-02   7.57957E-03   2.27790E-02   1.44411E-02   9.85559E-01
   1.20300E+03   6.73596E-02   8.51287E-02   8.03598E-01   4.27513E-02 
    1.16269E-03   0.00000E+00   1.01065E-02   1.45152E-02   9.15266E-01 
    2.99118E-02   7.54461E-03   2.26560E-02   8.10860E-03   9.91891E-01
   1.21300E+03   6.73582E-02   8.49177E-02   8.04060E-01   4.24775E-02 
    1.18611E-03   0.00000E+00   1.04230E-02   1.49058E-02   9.14648E-01 
    2.99831E-02   7.50931E-03   2.25307E-02   1.59663E-03   9.98403E-01
   1.21541E+03   6.73578E-02   8.48668E-02   8.04171E-01   4.24129E-02 
    1.19178E-03   0.00000E+00   1.05000E-02   1.50005E-02   9.14498E-01 
    3.00000E-02   7.50075E-03   2.25003E-02   0.00000E+00   1.00000E+00

 Phase Region for:
     FCC_A1#2                      
 col-1=T, col-2=W(FCC_A1#2,C), col-3=W(FCC_A1#2,CR), col-4=W(FCC_A1#2,FE),
   col-5=W(FCC_A1#2,MN), col-6=W(FCC_A1#2,NI), col-7=W(FCC_A1#2,SI),
   col-8=NP(FCC_A1#2),
   1.21541E+03   1.05000E-02   1.50005E-02   9.14499E-01   3.00000E-02 
    7.50075E-03   2.25003E-02   1.00000E+00
   1.22300E+03   1.05000E-02   1.50005E-02   9.14498E-01   3.00000E-02 
    7.50075E-03   2.25003E-02   1.00000E+00
   1.23300E+03   1.05000E-02   1.50005E-02   9.14499E-01   3.00000E-02 
    7.50075E-03   2.25003E-02   1.00000E+00
   1.24300E+03   1.05000E-02   1.50005E-02   9.14498E-01   3.00000E-02 
    7.50075E-03   2.25003E-02   1.00000E+00
   1.25300E+03   1.05000E-02   1.50005E-02   9.14498E-01   3.00000E-02 
    7.50075E-03   2.25003E-02   1.00000E+00
   1.26300E+03   1.05000E-02   1.50005E-02   9.14499E-01   3.00000E-02 
    7.50075E-03   2.25003E-02   1.00000E+00
   1.27300E+03   1.05000E-02   1.50005E-02   9.14498E-01   3.00000E-02 
    7.50075E-03   2.25003E-02   1.00000E+00
   1.28300E+03   1.05000E-02   1.50005E-02   9.14498E-01   3.00000E-02 
    7.50075E-03   2.25003E-02   1.00000E+00
   1.29300E+03   1.05000E-02   1.50005E-02   9.14498E-01   3.00000E-02 
    7.50075E-03   2.25003E-02   1.00000E+00
   1.30300E+03   1.05000E-02   1.50005E-02   9.14498E-01   3.00000E-02 
    7.50075E-03   2.25003E-02   1.00000E+00
   1.31300E+03   1.05000E-02   1.50005E-02   9.14498E-01   3.00000E-02 
    7.50075E-03   2.25003E-02   1.00000E+00
   1.32300E+03   1.05000E-02   1.50005E-02   9.14498E-01   3.00000E-02 
    7.50075E-03   2.25003E-02   1.00000E+00
   1.33300E+03   1.05000E-02   1.50005E-02   9.14498E-01   3.00000E-02 
    7.50075E-03   2.25003E-02   1.00000E+00
   1.34300E+03   1.05000E-02   1.50005E-02   9.14498E-01   3.00000E-02 
    7.50075E-03   2.25003E-02   1.00000E+00
   1.35300E+03   1.05000E-02   1.50005E-02   9.14498E-01   3.00000E-02 
    7.50075E-03   2.25003E-02   1.00000E+00
   1.36300E+03   1.05000E-02   1.50005E-02   9.14498E-01   3.00000E-02 
    7.50075E-03   2.25003E-02   1.00000E+00
   1.37300E+03   1.05000E-02   1.50005E-02   9.14498E-01   3.00000E-02 
    7.50075E-03   2.25003E-02   1.00000E+00
   1.38300E+03   1.05000E-02   1.50005E-02   9.14499E-01   3.00000E-02 
    7.50075E-03   2.25003E-02   1.00000E+00
   1.39300E+03   1.05000E-02   1.50005E-02   9.14498E-01   3.00000E-02 
    7.50075E-03   2.25003E-02   1.00000E+00
   1.40300E+03   1.05000E-02   1.50005E-02   9.14498E-01   3.00000E-02 
    7.50075E-03   2.25003E-02   1.00000E+00
   1.41300E+03   1.05000E-02   1.50005E-02   9.14498E-01   3.00000E-02 
    7.50075E-03   2.25003E-02   1.00000E+00
   1.42300E+03   1.05000E-02   1.50005E-02   9.14498E-01   3.00000E-02 
    7.50075E-03   2.25003E-02   1.00000E+00
   1.43300E+03   1.05000E-02   1.50005E-02   9.14498E-01   3.00000E-02 
    7.50075E-03   2.25003E-02   1.00000E+00
   1.44300E+03   1.05000E-02   1.50005E-02   9.14499E-01   3.00000E-02 
    7.50075E-03   2.25003E-02   1.00000E+00
   1.45300E+03   1.05000E-02   1.50005E-02   9.14498E-01   3.00000E-02 
    7.50075E-03   2.25003E-02   1.00000E+00
   1.46300E+03   1.05000E-02   1.50005E-02   9.14498E-01   3.00000E-02 
    7.50075E-03   2.25003E-02   1.00000E+00
   1.47300E+03   1.05000E-02   1.50005E-02   9.14498E-01   3.00000E-02 
    7.50075E-03   2.25003E-02   1.00000E+00

 Phase Region for:
     CEMENTITE                     
     FCC_A1#2                      
 col-1=T, col-2=W(CEMENTITE,C), col-3=W(CEMENTITE,CR), col-4=W(CEMENTITE,FE),
   col-5=W(CEMENTITE,MN), col-6=W(CEMENTITE,NI), col-7=W(CEMENTITE,SI),
   col-8=W(FCC_A1#2,C), col-9=W(FCC_A1#2,CR), col-10=W(FCC_A1#2,FE),
   col-11=W(FCC_A1#2,MN), col-12=W(FCC_A1#2,NI), col-13=W(FCC_A1#2,SI),
   col-14=NP(CEMENTITE), col-15=NP(FCC_A1#2),
   1.17300E+03   6.73639E-02   8.57585E-02   8.02156E-01   4.36280E-02 
    1.09320E-03   0.00000E+00   9.18912E-03   1.33693E-02   9.17088E-01 
    2.96858E-02   7.64846E-03   2.30189E-02   2.65883E-02   9.73412E-01
   1.16300E+03   6.73653E-02   8.59664E-02   8.01658E-01   4.39395E-02 
    1.07031E-03   0.00000E+00   8.89385E-03   1.29961E-02   9.17686E-01 
    2.96063E-02   7.68238E-03   2.31358E-02   3.24126E-02   9.67587E-01
   1.15300E+03   6.73668E-02   8.61730E-02   8.01152E-01   4.42609E-02 
    1.04756E-03   0.00000E+00   8.60380E-03   1.26273E-02   9.18278E-01 
    2.95245E-02   7.71593E-03   2.32505E-02   3.80769E-02   9.61923E-01
   1.14300E+03   6.73683E-02   8.63781E-02   8.00636E-01   4.45926E-02 
    1.02497E-03   0.00000E+00   8.31896E-03   1.22630E-02   9.18865E-01 
    2.94403E-02   7.74911E-03   2.33632E-02   4.35852E-02   9.56415E-01
   1.13300E+03   6.73697E-02   8.65813E-02   8.00112E-01   4.49347E-02 
    1.00252E-03   0.00000E+00   8.03931E-03   1.19033E-02   9.19448E-01 
    2.93538E-02   7.78192E-03   2.34738E-02   4.89418E-02   9.51058E-01
   1.12300E+03   6.73712E-02   8.67826E-02   7.99578E-01   4.52876E-02 
    9.80232E-04   0.00000E+00   7.76483E-03   1.15482E-02   9.20025E-01 
    2.92648E-02   7.81435E-03   2.35824E-02   5.41505E-02   9.45850E-01
   1.11300E+03   6.73726E-02   8.69816E-02   7.99036E-01   4.56514E-02 
    9.58104E-04   0.00000E+00   7.49550E-03   1.11978E-02   9.20598E-01 
    2.91732E-02   7.84639E-03   2.36889E-02   5.92149E-02   9.40785E-01
   1.10300E+03   6.73741E-02   8.71783E-02   7.98485E-01   4.60264E-02 
    9.36140E-04   0.00000E+00   7.23130E-03   1.08523E-02   9.21166E-01 
    2.90789E-02   7.87803E-03   2.37934E-02   6.41387E-02   9.35861E-01
   1.09300E+03   6.73756E-02   8.73726E-02   7.97925E-01   4.64130E-02 
    9.14345E-04   0.00000E+00   6.97223E-03   1.05115E-02   9.21729E-01 
    2.89820E-02   7.90928E-03   2.38959E-02   6.89252E-02   9.31075E-01
   1.08300E+03   6.73770E-02   8.75641E-02   7.97355E-01   4.68115E-02 
    8.92723E-04   0.00000E+00   6.71826E-03   1.01758E-02   9.22287E-01 
    2.88822E-02   7.94012E-03   2.39963E-02   7.35775E-02   9.26422E-01
   1.07300E+03   6.73785E-02   8.77529E-02   7.96775E-01   4.72221E-02 
    8.71277E-04   0.00000E+00   6.46940E-03   9.84501E-03   9.22841E-01 
    2.87796E-02   7.97054E-03   2.40947E-02   7.80989E-02   9.21901E-01
   1.06300E+03   6.73799E-02   8.79388E-02   7.96186E-01   4.76452E-02 
    8.50011E-04   0.00000E+00   6.22561E-03   9.51936E-03   9.23389E-01 
    2.86740E-02   8.00054E-03   2.41911E-02   8.24923E-02   9.17508E-01
   1.05300E+03   6.73814E-02   8.81217E-02   7.95587E-01   4.80811E-02 
    8.28930E-04   0.00000E+00   5.98690E-03   9.19890E-03   9.23933E-01 
    2.85654E-02   8.03011E-03   2.42855E-02   8.67603E-02   9.13240E-01
   1.04300E+03   6.73828E-02   8.83015E-02   7.94978E-01   4.85301E-02 
    8.08036E-04   0.00000E+00   5.75325E-03   8.88370E-03   9.24472E-01 
    2.84537E-02   8.05924E-03   2.43778E-02   9.09059E-02   9.09094E-01
   1.03300E+03   6.73843E-02   8.84781E-02   7.94358E-01   4.89928E-02 
    7.87335E-04   0.00000E+00   5.52465E-03   8.57383E-03   9.25007E-01 
    2.83388E-02   8.08793E-03   2.44682E-02   9.49315E-02   9.05069E-01
   1.02300E+03   6.73858E-02   8.86515E-02   7.93727E-01   4.94688E-02 
    7.66837E-04   0.00000E+00   5.30111E-03   8.26941E-03   9.25536E-01 
    2.82207E-02   8.11617E-03   2.45566E-02   9.88394E-02   9.01161E-01
   1.01300E+03   6.73872E-02   8.88216E-02   7.93085E-01   4.99596E-02 
    7.46531E-04   0.00000E+00   5.08259E-03   7.97046E-03   9.26061E-01 
    2.80992E-02   8.14396E-03   2.46430E-02   1.02632E-01   8.97368E-01
   1.00300E+03   6.73887E-02   8.89885E-02   7.92431E-01   5.04652E-02 
    7.26429E-04   0.00000E+00   4.86910E-03   7.67709E-03   9.26581E-01 
    2.79743E-02   8.17128E-03   2.47274E-02   1.06313E-01   8.93687E-01
   9.93000E+02   6.73901E-02   8.91521E-02   7.91765E-01   5.09859E-02 
    7.06534E-04   0.00000E+00   4.66062E-03   7.38935E-03   9.27096E-01 
    2.78459E-02   8.19813E-03   2.48097E-02   1.09882E-01   8.90118E-01
   9.83000E+02   6.73916E-02   8.93124E-02   7.91087E-01   5.15223E-02 
    6.86850E-04   0.00000E+00   4.45715E-03   7.10731E-03   9.27607E-01 
    2.77140E-02   8.22450E-03   2.48902E-02   1.13343E-01   8.86657E-01
   9.73000E+02   6.73930E-02   8.94694E-02   7.90396E-01   5.20747E-02 
    6.67381E-04   0.00000E+00   4.25867E-03   6.83105E-03   9.28113E-01 
    2.75783E-02   8.25039E-03   2.49686E-02   1.16698E-01   8.83302E-01
   9.63000E+02   6.73945E-02   8.96233E-02   7.89690E-01   5.26437E-02 
    6.48130E-04   0.00000E+00   4.06519E-03   6.56061E-03   9.28614E-01 
    2.74390E-02   8.27579E-03   2.50450E-02   1.19947E-01   8.80053E-01
   9.53000E+02   6.73959E-02   8.97740E-02   7.88971E-01   5.32297E-02 
    6.29101E-04   0.00000E+00   3.87669E-03   6.29605E-03   9.29111E-01 
    2.72958E-02   8.30069E-03   2.51195E-02   1.23095E-01   8.76905E-01
   9.43000E+02   6.73974E-02   8.99216E-02   7.88237E-01   5.38334E-02 
    6.10299E-04   0.00000E+00   3.69317E-03   6.03742E-03   9.29604E-01 
    2.71487E-02   8.32508E-03   2.51920E-02   1.26141E-01   8.73859E-01
   9.33000E+02   6.73989E-02   9.00663E-02   7.87488E-01   5.44551E-02 
    5.91725E-04   0.00000E+00   3.51461E-03   5.78477E-03   9.30091E-01 
    2.69977E-02   8.34896E-03   2.52626E-02   1.29088E-01   8.70912E-01
   9.23000E+02   6.74003E-02   9.02082E-02   7.86722E-01   5.50956E-02 
    5.73385E-04   0.00000E+00   3.34100E-03   5.53813E-03   9.30575E-01 
    2.68426E-02   8.37233E-03   2.53312E-02   1.31937E-01   8.68063E-01
   9.13000E+02   6.74018E-02   9.03473E-02   7.85940E-01   5.57554E-02 
    5.55282E-04   0.00000E+00   3.17234E-03   5.29754E-03   9.31054E-01 
    2.66833E-02   8.39517E-03   2.53978E-02   1.34691E-01   8.65309E-01
   9.03000E+02   6.74033E-02   9.04839E-02   7.85140E-01   5.64352E-02 
    5.37420E-04   0.00000E+00   3.00861E-03   5.06302E-03   9.31529E-01 
    2.65198E-02   8.41748E-03   2.54624E-02   1.37350E-01   8.62650E-01
   8.93000E+02   6.74048E-02   9.06180E-02   7.84322E-01   5.71355E-02 
    5.19802E-04   0.00000E+00   2.84980E-03   4.83459E-03   9.31999E-01 
    2.63519E-02   8.43926E-03   2.55252E-02   1.39917E-01   8.60083E-01
   8.83000E+02   6.74063E-02   9.07498E-02   7.83484E-01   5.78570E-02 
    5.02432E-04   0.00000E+00   2.69590E-03   4.61228E-03   9.32466E-01 
    2.61797E-02   8.46050E-03   2.55859E-02   1.42392E-01   8.57608E-01
   8.73000E+02   6.74078E-02   9.08796E-02   7.82627E-01   5.86006E-02 
    4.85313E-04   0.00000E+00   2.54690E-03   4.39608E-03   9.32928E-01 
    2.60030E-02   8.48119E-03   2.56448E-02   1.44777E-01   8.55223E-01
   8.63000E+02   6.74094E-02   9.10075E-02   7.81748E-01   5.93668E-02 
    4.68450E-04   0.00000E+00   2.40278E-03   4.18600E-03   9.33387E-01 
    2.58216E-02   8.50133E-03   2.57016E-02   1.47074E-01   8.52926E-01
   8.53000E+02   6.74109E-02   9.11338E-02   7.80847E-01   6.01565E-02 
    4.51846E-04   0.00000E+00   2.26351E-03   3.98203E-03   9.33841E-01 
    2.56356E-02   8.52091E-03   2.57566E-02   1.49283E-01   8.50717E-01
   8.43000E+02   6.74125E-02   9.12585E-02   7.79923E-01   6.09704E-02 
    4.35504E-04   0.00000E+00   2.12909E-03   3.78417E-03   9.34292E-01 
    2.54448E-02   8.53993E-03   2.58097E-02   1.51407E-01   8.48593E-01
   8.33000E+02   6.74141E-02   9.13820E-02   7.78975E-01   6.18095E-02 
    4.19429E-04   0.00000E+00   1.99949E-03   3.59239E-03   9.34740E-01 
    2.52490E-02   8.55839E-03   2.58608E-02   1.53446E-01   8.46554E-01
   8.23000E+02   6.74157E-02   9.15044E-02   7.78002E-01   6.26745E-02 
    4.03623E-04   0.00000E+00   1.87468E-03   3.40667E-03   9.35184E-01 
    2.50483E-02   8.57629E-03   2.59101E-02   1.55403E-01   8.44597E-01
   8.13000E+02   6.74173E-02   9.16260E-02   7.77002E-01   6.35664E-02 
    3.88091E-04   0.00000E+00   1.75464E-03   3.22697E-03   9.35625E-01 
    2.48425E-02   8.59361E-03   2.59574E-02   1.57277E-01   8.42723E-01
   8.03000E+02   6.74190E-02   9.17470E-02   7.75975E-01   6.44862E-02 
    3.72836E-04   0.00000E+00   1.63935E-03   3.05327E-03   9.36063E-01 
    2.46315E-02   8.61036E-03   2.60029E-02   1.59071E-01   8.40929E-01
   7.93000E+02   6.74207E-02   9.18676E-02   7.74919E-01   6.54348E-02 
    3.57861E-04   0.00000E+00   1.52876E-03   2.88551E-03   9.36498E-01 
    2.44151E-02   8.62654E-03   2.60465E-02   1.60786E-01   8.39214E-01
   7.83000E+02   6.74224E-02   9.19880E-02   7.73833E-01   6.64133E-02 
    3.43171E-04   0.00000E+00   1.42284E-03   2.72365E-03   9.36930E-01 
    2.41933E-02   8.64214E-03   2.60883E-02   1.62423E-01   8.37577E-01
   7.73000E+02   6.74242E-02   9.21084E-02   7.72716E-01   6.74227E-02 
    3.28769E-04   0.00000E+00   1.32156E-03   2.56763E-03   9.37359E-01 
    2.39660E-02   8.65716E-03   2.61282E-02   1.63984E-01   8.36016E-01
   7.63000E+02   6.74260E-02   9.22290E-02   7.71566E-01   6.84643E-02 
    3.14658E-04   0.00000E+00   1.22486E-03   2.41740E-03   9.37787E-01 
    2.37329E-02   8.67160E-03   2.61663E-02   1.65470E-01   8.34530E-01
   7.53000E+02   6.74278E-02   9.23500E-02   7.70382E-01   6.95391E-02 
    3.00842E-04   0.00000E+00   1.13270E-03   2.27287E-03   9.38212E-01 
    2.34940E-02   8.68547E-03   2.62026E-02   1.66881E-01   8.33119E-01
   7.43000E+02   6.74297E-02   9.24715E-02   7.69163E-01   7.06484E-02 
    2.87324E-04   0.00000E+00   1.04503E-03   2.13399E-03   9.38636E-01 
    2.32490E-02   8.69877E-03   2.62371E-02   1.68221E-01   8.31779E-01
   7.33000E+02   6.74316E-02   9.25936E-02   7.67907E-01   7.17935E-02 
    2.74108E-04   0.00000E+00   9.61778E-04   2.00068E-03   9.39058E-01 
    2.29980E-02   8.71149E-03   2.62699E-02   1.69489E-01   8.30511E-01
   7.23000E+02   6.74336E-02   9.27166E-02   7.66613E-01   7.29757E-02 
    2.61197E-04   0.00000E+00   8.82894E-04   1.87285E-03   9.39479E-01 
    2.27406E-02   8.72364E-03   2.63009E-02   1.70688E-01   8.29312E-01
   7.13000E+02   6.74356E-02   9.28404E-02   7.65279E-01   7.41964E-02 
    2.48593E-04   0.00000E+00   8.08306E-04   1.75043E-03   9.39899E-01 
    2.24768E-02   8.73523E-03   2.63303E-02   1.71820E-01   8.28180E-01
   7.03000E+02   6.74376E-02   9.29651E-02   7.63904E-01   7.54569E-02 
    2.36301E-04   0.00000E+00   7.37937E-04   1.63331E-03   9.40318E-01 
    2.22063E-02   8.74625E-03   2.63580E-02   1.72884E-01   8.27116E-01
   6.93000E+02   6.74397E-02   9.30908E-02   7.62486E-01   7.67589E-02 
    2.24322E-04   0.00000E+00   6.71707E-04   1.52142E-03   9.40737E-01 
    2.19290E-02   8.75673E-03   2.63840E-02   1.73885E-01   8.26115E-01
   6.83000E+02   6.74419E-02   9.32175E-02   7.61024E-01   7.81037E-02 
    2.12661E-04   0.00000E+00   6.09530E-04   1.41466E-03   9.41156E-01 
    2.16447E-02   8.76665E-03   2.64084E-02   1.74822E-01   8.25178E-01
   6.73000E+02   6.74441E-02   9.33452E-02   7.59517E-01   7.94929E-02 
    2.01319E-04   0.00000E+00   5.51313E-04   1.31292E-03   9.41575E-01 
    2.13531E-02   8.77603E-03   2.64313E-02   1.75698E-01   8.24302E-01
