
 Phase Region for:
     CEMENTITE                     
     FCC_A1#1                      
 col-1=T, col-2=X(CEMENTITE,C), col-3=X(CEMENTITE,CR), col-4=X(CEMENTITE,FE),
   col-5=X(CEMENTITE,MN), col-6=X(CEMENTITE,NI), col-7=X(CEMENTITE,SI),
   col-8=X(FCC_A1#1,C), col-9=X(FCC_A1#1,CR), col-10=X(FCC_A1#1,FE),
   col-11=X(FCC_A1#1,MN), col-12=X(FCC_A1#1,NI), col-13=X(FCC_A1#1,SI),
   col-14=NP(CEMENTITE), col-15=NP(FCC_A1#1),
   1.17300E+03   2.50000E-01   1.14181E-01   6.02608E-01   3.18961E-02 
    1.31476E-03   0.00000E+00   3.51134E-02   2.05138E-02   8.45776E-01 
    2.83344E-02   1.16250E-02   5.86374E-02   4.89844E-02   9.51016E-01  NONE
   1.18300E+03   2.50000E-01   1.13868E-01   6.03122E-01   3.16665E-02 
    1.34355E-03   0.00000E+00   3.63387E-02   2.10621E-02   8.44366E-01 
    2.83651E-02   1.15649E-02   5.83031E-02   4.35309E-02   9.56469E-01  NONE
   1.19300E+03   2.50000E-01   1.13562E-01   6.03621E-01   3.14445E-02 
    1.37253E-03   0.00000E+00   3.75870E-02   2.16165E-02   8.42937E-01 
    2.83932E-02   1.15040E-02   5.79624E-02   3.79096E-02   9.62090E-01  NONE
   1.20300E+03   2.50000E-01   1.13262E-01   6.04106E-01   3.12298E-02 
    1.40167E-03   0.00000E+00   3.88586E-02   2.21768E-02   8.41488E-01 
    2.84186E-02   1.14424E-02   5.76154E-02   3.21155E-02   9.67884E-01  NONE
   1.21300E+03   2.50000E-01   1.12970E-01   6.04576E-01   3.10223E-02 
    1.43099E-03   0.00000E+00   4.01534E-02   2.27432E-02   8.40020E-01 
    2.84414E-02   1.13801E-02   5.72621E-02   2.61435E-02   9.73857E-01  NONE
   1.22300E+03   2.50000E-01   1.12686E-01   6.05032E-01   3.08219E-02 
    1.46047E-03   0.00000E+00   4.14715E-02   2.33158E-02   8.38532E-01 
    2.84617E-02   1.13170E-02   5.69025E-02   1.99880E-02   9.80012E-01  NONE
   1.23300E+03   2.50000E-01   1.12409E-01   6.05472E-01   3.06283E-02 
    1.49010E-03   0.00000E+00   4.28128E-02   2.38944E-02   8.37024E-01 
    2.84795E-02   1.12532E-02   5.65364E-02   1.36433E-02   9.86357E-01  NONE
   1.24300E+03   2.50000E-01   1.12142E-01   6.05897E-01   3.04414E-02 
    1.51987E-03   0.00000E+00   4.41775E-02   2.44794E-02   8.35495E-01 
    2.84950E-02   1.11886E-02   5.61641E-02   7.10349E-03   9.92897E-01  NONE
   1.25300E+03   2.50000E-01   1.11883E-01   6.06306E-01   3.02610E-02 
    1.54979E-03   0.00000E+00   4.55655E-02   2.50707E-02   8.33947E-01 
    2.85082E-02   1.11234E-02   5.57853E-02   3.62108E-04   9.99638E-01  NONE
   1.25353E+03   2.50000E-01   1.11870E-01   6.06327E-01   3.02517E-02 
    1.55138E-03   0.00000E+00   4.56395E-02   2.51021E-02   8.33864E-01 
    2.85088E-02   1.11200E-02   5.57651E-02   0.00000E+00   1.00000E+00  NONE

 Phase Region for:
     FCC_A1#1                      
 col-1=T, col-2=X(FCC_A1#1,C), col-3=X(FCC_A1#1,CR), col-4=X(FCC_A1#1,FE),
   col-5=X(FCC_A1#1,MN), col-6=X(FCC_A1#1,NI), col-7=X(FCC_A1#1,SI),
   col-8=NP(FCC_A1#1),
   1.25353E+03   4.56395E-02   2.51021E-02   8.33864E-01   2.85088E-02 
    1.11200E-02   5.57651E-02   1.00000E+00
   1.26300E+03   4.56395E-02   2.51021E-02   8.33864E-01   2.85088E-02 
    1.11200E-02   5.57651E-02   1.00000E+00
   1.27300E+03   4.56395E-02   2.51021E-02   8.33864E-01   2.85088E-02 
    1.11200E-02   5.57651E-02   1.00000E+00
   1.28300E+03   4.56395E-02   2.51021E-02   8.33864E-01   2.85088E-02 
    1.11200E-02   5.57651E-02   1.00000E+00
   1.29300E+03   4.56395E-02   2.51021E-02   8.33864E-01   2.85088E-02 
    1.11200E-02   5.57651E-02   1.00000E+00
   1.30300E+03   4.56395E-02   2.51021E-02   8.33864E-01   2.85088E-02 
    1.11200E-02   5.57651E-02   1.00000E+00
   1.31300E+03   4.56395E-02   2.51021E-02   8.33864E-01   2.85088E-02 
    1.11200E-02   5.57651E-02   1.00000E+00
   1.32300E+03   4.56395E-02   2.51021E-02   8.33864E-01   2.85088E-02 
    1.11200E-02   5.57651E-02   1.00000E+00
   1.33300E+03   4.56395E-02   2.51021E-02   8.33864E-01   2.85088E-02 
    1.11200E-02   5.57651E-02   1.00000E+00
   1.34300E+03   4.56395E-02   2.51021E-02   8.33864E-01   2.85088E-02 
    1.11200E-02   5.57651E-02   1.00000E+00
   1.35300E+03   4.56395E-02   2.51021E-02   8.33864E-01   2.85088E-02 
    1.11200E-02   5.57651E-02   1.00000E+00
   1.36300E+03   4.56395E-02   2.51021E-02   8.33864E-01   2.85088E-02 
    1.11200E-02   5.57651E-02   1.00000E+00
   1.37300E+03   4.56395E-02   2.51021E-02   8.33864E-01   2.85088E-02 
    1.11200E-02   5.57651E-02   1.00000E+00
   1.38300E+03   4.56395E-02   2.51021E-02   8.33864E-01   2.85088E-02 
    1.11200E-02   5.57651E-02   1.00000E+00
   1.39300E+03   4.56395E-02   2.51021E-02   8.33864E-01   2.85088E-02 
    1.11200E-02   5.57651E-02   1.00000E+00
   1.40300E+03   4.56395E-02   2.51021E-02   8.33864E-01   2.85088E-02 
    1.11200E-02   5.57651E-02   1.00000E+00
   1.41300E+03   4.56395E-02   2.51021E-02   8.33864E-01   2.85088E-02 
    1.11200E-02   5.57651E-02   1.00000E+00
   1.42300E+03   4.56395E-02   2.51021E-02   8.33864E-01   2.85088E-02 
    1.11200E-02   5.57651E-02   1.00000E+00
   1.43300E+03   4.56395E-02   2.51021E-02   8.33864E-01   2.85088E-02 
    1.11200E-02   5.57651E-02   1.00000E+00
   1.44300E+03   4.56395E-02   2.51021E-02   8.33864E-01   2.85088E-02 
    1.11200E-02   5.57651E-02   1.00000E+00
   1.45300E+03   4.56395E-02   2.51021E-02   8.33864E-01   2.85088E-02 
    1.11200E-02   5.57651E-02   1.00000E+00
   1.46300E+03   4.56395E-02   2.51021E-02   8.33864E-01   2.85088E-02 
    1.11200E-02   5.57651E-02   1.00000E+00
   1.47300E+03   4.56395E-02   2.51021E-02   8.33864E-01   2.85088E-02 
    1.11200E-02   5.57651E-02   1.00000E+00

 Phase Region for:
     CEMENTITE                     
     FCC_A1#1                      
 col-1=T, col-2=X(CEMENTITE,C), col-3=X(CEMENTITE,CR), col-4=X(CEMENTITE,FE),
   col-5=X(CEMENTITE,MN), col-6=X(CEMENTITE,NI), col-7=X(CEMENTITE,SI),
   col-8=X(FCC_A1#1,C), col-9=X(FCC_A1#1,CR), col-10=X(FCC_A1#1,FE),
   col-11=X(FCC_A1#1,MN), col-12=X(FCC_A1#1,NI), col-13=X(FCC_A1#1,SI),
   col-14=NP(CEMENTITE), col-15=NP(FCC_A1#1),
   1.17300E+03   2.50000E-01   1.14181E-01   6.02608E-01   3.18961E-02 
    1.31476E-03   0.00000E+00   3.51134E-02   2.05138E-02   8.45776E-01 
    2.83344E-02   1.16250E-02   5.86374E-02   4.89844E-02   9.51016E-01  NONE
   1.16300E+03   2.50000E-01   1.14500E-01   6.02080E-01   3.21334E-02 
    1.28616E-03   0.00000E+00   3.39114E-02   1.99716E-02   8.47167E-01 
    2.83008E-02   1.16843E-02   5.89654E-02   5.42749E-02   9.45725E-01  NONE
   1.15300E+03   2.50000E-01   1.14825E-01   6.01539E-01   3.23786E-02 
    1.25775E-03   0.00000E+00   3.27324E-02   1.94353E-02   8.48538E-01 
    2.82644E-02   1.17428E-02   5.92872E-02   5.94067E-02   9.40593E-01  NONE
   1.14300E+03   2.50000E-01   1.15155E-01   6.00983E-01   3.26320E-02 
    1.22954E-03   0.00000E+00   3.15765E-02   1.89051E-02   8.49890E-01 
    2.82251E-02   1.18006E-02   5.96026E-02   6.43844E-02   9.35616E-01  NONE
   1.13300E+03   2.50000E-01   1.15490E-01   6.00414E-01   3.28938E-02 
    1.20154E-03   0.00000E+00   3.04436E-02   1.83810E-02   8.51223E-01 
    2.81828E-02   1.18575E-02   5.99117E-02   6.92119E-02   9.30788E-01  NONE
   1.12300E+03   2.50000E-01   1.15830E-01   5.99832E-01   3.31642E-02 
    1.17375E-03   0.00000E+00   2.93338E-02   1.78630E-02   8.52538E-01 
    2.81374E-02   1.19136E-02   6.02145E-02   7.38932E-02   9.26107E-01  NONE
   1.11300E+03   2.50000E-01   1.16174E-01   5.99236E-01   3.34434E-02 
    1.14618E-03   0.00000E+00   2.82470E-02   1.73512E-02   8.53833E-01 
    2.80889E-02   1.19688E-02   6.05111E-02   7.84322E-02   9.21568E-01  NONE
   1.10300E+03   2.50000E-01   1.16523E-01   5.98627E-01   3.37318E-02 
    1.11883E-03   0.00000E+00   2.71831E-02   1.68456E-02   8.55110E-01 
    2.80371E-02   1.20232E-02   6.08014E-02   8.28324E-02   9.17168E-01  NONE
   1.09300E+03   2.50000E-01   1.16875E-01   5.98004E-01   3.40295E-02 
    1.09172E-03   0.00000E+00   2.61421E-02   1.63463E-02   8.56367E-01 
    2.79821E-02   1.20767E-02   6.10855E-02   8.70973E-02   9.12903E-01  NONE
   1.08300E+03   2.50000E-01   1.17230E-01   5.97368E-01   3.43369E-02 
    1.06484E-03   0.00000E+00   2.51240E-02   1.58535E-02   8.57606E-01 
    2.79238E-02   1.21294E-02   6.13633E-02   9.12303E-02   9.08770E-01  NONE
   1.07300E+03   2.50000E-01   1.17589E-01   5.96719E-01   3.46542E-02 
    1.03821E-03   0.00000E+00   2.41288E-02   1.53671E-02   8.58826E-01 
    2.78620E-02   1.21811E-02   6.16349E-02   9.52345E-02   9.04766E-01  NONE
   1.06300E+03   2.50000E-01   1.17950E-01   5.96056E-01   3.49817E-02 
    1.01183E-03   0.00000E+00   2.31564E-02   1.48872E-02   8.60027E-01 
    2.77967E-02   1.22320E-02   6.19002E-02   9.91131E-02   9.00887E-01  NONE
   1.05300E+03   2.50000E-01   1.18314E-01   5.95380E-01   3.53199E-02 
    9.85698E-04   0.00000E+00   2.22067E-02   1.44140E-02   8.61210E-01 
    2.77279E-02   1.22820E-02   6.21594E-02   1.02869E-01   8.97131E-01  NONE
   1.04300E+03   2.50000E-01   1.18681E-01   5.94690E-01   3.56689E-02 
    9.59828E-04   0.00000E+00   2.12797E-02   1.39475E-02   8.62374E-01 
    2.76553E-02   1.23310E-02   6.24123E-02   1.06505E-01   8.93495E-01  NONE
   1.03300E+03   2.50000E-01   1.19049E-01   5.93987E-01   3.60292E-02 
    9.34224E-04   0.00000E+00   2.03753E-02   1.34878E-02   8.63519E-01 
    2.75791E-02   1.23792E-02   6.26591E-02   1.10024E-01   8.89976E-01  NONE
   1.03067E+03   2.50000E-01   1.19136E-01   5.93821E-01   3.61149E-02 
    9.28291E-04   0.00000E+00   2.01676E-02   1.33816E-02   8.63784E-01 
    2.75608E-02   1.23903E-02   6.27158E-02   1.10828E-01   8.89172E-01  NONE

 Phase Region for:
     BCC_A2                        
     CEMENTITE                     
     FCC_A1#1                      
 col-1=T, col-2=X(BCC_A2,C), col-3=X(BCC_A2,CR), col-4=X(BCC_A2,FE),
   col-5=X(BCC_A2,MN), col-6=X(BCC_A2,NI), col-7=X(BCC_A2,SI),
   col-8=X(CEMENTITE,C), col-9=X(CEMENTITE,CR), col-10=X(CEMENTITE,FE),
   col-11=X(CEMENTITE,MN), col-12=X(CEMENTITE,NI), col-13=X(CEMENTITE,SI),
   col-14=X(FCC_A1#1,C), col-15=X(FCC_A1#1,CR), col-16=X(FCC_A1#1,FE),
   col-17=X(FCC_A1#1,MN), col-18=X(FCC_A1#1,NI), col-19=X(FCC_A1#1,SI),
   col-20=NP(BCC_A2), col-21=NP(CEMENTITE), col-22=NP(FCC_A1#1),
   1.03067E+03   5.21845E-04   9.29145E-03   8.95189E-01   1.20778E-02 
    5.71115E-03   7.72091E-02   2.50000E-01   1.19136E-01   5.93821E-01 
    3.61150E-02   9.28291E-04   0.00000E+00   2.01676E-02   1.33816E-02 
    8.63784E-01   2.75608E-02   1.23903E-02   6.27157E-02   1.83006E-06 
    1.10828E-01   8.89170E-01
   1.02300E+03   4.80789E-04   8.82236E-03   8.96252E-01   1.26756E-02 
    6.13992E-03   7.56297E-02   2.50000E-01   1.16960E-01   5.92782E-01 
    3.92652E-02   9.93203E-04   0.00000E+00   1.96322E-02   1.26907E-02 
    8.62909E-01   2.95556E-02   1.37044E-02   6.15080E-02   1.33328E-01 
    1.23979E-01   7.42693E-01
   1.01300E+03   4.29602E-04   8.28355E-03   8.97188E-01   1.34596E-02 
    6.76008E-03   7.38790E-02   2.50000E-01   1.14720E-01   5.90541E-01 
    4.36512E-02   1.08738E-03   0.00000E+00   1.88835E-02   1.18772E-02 
    8.61013E-01   3.23290E-02   1.56967E-02   6.02008E-02   2.85600E-01 
    1.38573E-01   5.75827E-01
   1.00300E+03   3.81492E-04   7.81497E-03   8.97692E-01   1.42142E-02 
    7.44354E-03   7.24536E-02   2.50000E-01   1.13101E-01   5.87436E-01 
    4.82719E-02   1.19151E-03   0.00000E+00   1.80859E-02   1.11498E-02 
    8.58315E-01   3.52499E-02   1.80304E-02   5.91692E-02   4.13550E-01 
    1.50380E-01   4.36070E-01
   9.93000E+02   3.36819E-04   7.40326E-03   8.97861E-01   1.49040E-02 
    8.18131E-03   7.13139E-02   2.50000E-01   1.12027E-01   5.83626E-01 
    5.30429E-02   1.30444E-03   0.00000E+00   1.72504E-02   1.04936E-02 
    8.54880E-01   3.82713E-02   2.07325E-02   5.83720E-02   5.18716E-01 
    1.59667E-01   3.21617E-01
   9.83000E+02   2.95812E-04   7.03608E-03   8.97794E-01   1.54974E-02 
    8.96169E-03   7.04154E-02   2.50000E-01   1.11418E-01   5.79266E-01 
    5.78916E-02   1.42478E-03   0.00000E+00   1.63886E-02   9.89468E-03 
    8.50765E-01   4.13579E-02   2.38288E-02   5.77650E-02   6.03493E-01 
    1.66785E-01   2.29722E-01
   9.73000E+02   2.58554E-04   6.70276E-03   8.97584E-01   1.59691E-02 
    9.77055E-03   6.97149E-02   2.50000E-01   1.11199E-01   5.74483E-01 
    6.27667E-02   1.55100E-03   0.00000E+00   1.55116E-02   9.34068E-03 
    8.46005E-01   4.44904E-02   2.73456E-02   5.73068E-02   6.70623E-01 
    1.72107E-01   1.57271E-01
   9.63000E+02   2.24960E-04   6.39172E-03   8.97375E-01   1.62563E-02 
    1.05739E-02   6.91778E-02   2.50000E-01   1.11323E-01   5.69303E-01 
    6.76922E-02   1.68084E-03   0.00000E+00   1.46252E-02   8.82295E-03 
    8.40559E-01   4.76995E-02   3.12990E-02   5.69940E-02   7.22204E-01 
    1.75950E-01   1.01846E-01
   9.53000E+02   1.94841E-04   6.09277E-03   8.97300E-01   1.63005E-02 
    1.13347E-02   6.87776E-02   2.50000E-01   1.11752E-01   5.63645E-01 
    7.27899E-02   1.81313E-03   0.00000E+00   1.37329E-02   8.33297E-03 
    8.34284E-01   5.10815E-02   3.57352E-02   5.68333E-02   7.60479E-01 
    1.78620E-01   6.09009E-02
   9.43000E+02   1.68176E-04   5.81196E-03   8.97157E-01   1.62761E-02 
    1.21150E-02   6.84719E-02   2.50000E-01   1.12339E-01   5.57881E-01 
    7.78299E-02   1.94986E-03   0.00000E+00   1.28549E-02   7.85737E-03 
    8.27345E-01   5.45180E-02   4.07663E-02   5.66585E-02   7.90165E-01 
    1.80519E-01   2.93158E-02
   9.33000E+02   1.44725E-04   5.54490E-03   8.96996E-01   1.61750E-02 
    1.29031E-02   6.82366E-02   2.50000E-01   1.13049E-01   5.52108E-01 
    8.27528E-02   2.08931E-03   0.00000E+00   1.19962E-02   7.39294E-03 
    8.19720E-01   5.80020E-02   4.64429E-02   5.64464E-02   8.12716E-01 
    1.81826E-01   5.45805E-03
   9.30221E+02   1.38742E-04   5.47266E-03   8.96953E-01   1.61329E-02 
    1.31219E-02   6.81812E-02   2.50000E-01   1.13265E-01   5.50513E-01 
    8.40937E-02   2.12831E-03   0.00000E+00   1.17614E-02   7.26554E-03 
    8.17473E-01   5.89793E-02   4.81426E-02   5.63784E-02   8.17896E-01 
    1.82104E-01   0.00000E+00

 Phase Region for:
     BCC_A2                        
     CEMENTITE                     
 col-1=T, col-2=X(BCC_A2,C), col-3=X(BCC_A2,CR), col-4=X(BCC_A2,FE),
   col-5=X(BCC_A2,MN), col-6=X(BCC_A2,NI), col-7=X(BCC_A2,SI),
   col-8=X(CEMENTITE,C), col-9=X(CEMENTITE,CR), col-10=X(CEMENTITE,FE),
   col-11=X(CEMENTITE,MN), col-12=X(CEMENTITE,NI), col-13=X(CEMENTITE,SI),
   col-14=NP(BCC_A2), col-15=NP(CEMENTITE),
   9.30221E+02   1.38742E-04   5.47266E-03   8.96953E-01   1.61329E-02 
    1.31219E-02   6.81812E-02   2.50000E-01   1.13265E-01   5.50513E-01 
    8.40937E-02   2.12831E-03   0.00000E+00   8.17896E-01   1.82104E-01  NONE
   9.23000E+02   1.24800E-04   5.28719E-03   8.97622E-01   1.56608E-02 
    1.31200E-02   6.81850E-02   2.50000E-01   1.14071E-01   5.47593E-01 
    8.61965E-02   2.13999E-03   0.00000E+00   8.17850E-01   1.82150E-01  NONE
   9.13000E+02   1.07593E-04   5.03439E-03   8.98534E-01   1.50170E-02 
    1.31172E-02   6.81897E-02   2.50000E-01   1.15172E-01   5.43609E-01 
    8.90639E-02   2.15554E-03   0.00000E+00   8.17794E-01   1.82206E-01  NONE
   9.03000E+02   9.25699E-05   4.78638E-03   8.99428E-01   1.43847E-02 
    1.31146E-02   6.81938E-02   2.50000E-01   1.16255E-01   5.39694E-01 
    9.18809E-02   2.17044E-03   0.00000E+00   8.17745E-01   1.82255E-01  NONE
   8.93000E+02   7.94764E-05   4.54328E-03   9.00304E-01   1.37637E-02 
    1.31120E-02   6.81973E-02   2.50000E-01   1.17319E-01   5.35848E-01 
    9.46486E-02   2.18479E-03   0.00000E+00   8.17702E-01   1.82298E-01  NONE
   8.83000E+02   6.80861E-05   4.30523E-03   9.01163E-01   1.31536E-02 
    1.31094E-02   6.82005E-02   2.50000E-01   1.18363E-01   5.32070E-01 
    9.73676E-02   2.19869E-03   0.00000E+00   8.17665E-01   1.82335E-01  NONE
   8.73000E+02   5.81968E-05   4.07242E-03   9.02005E-01   1.25546E-02 
    1.31068E-02   6.82032E-02   2.50000E-01   1.19387E-01   5.28362E-01 
    1.00038E-01   2.21219E-03   0.00000E+00   8.17632E-01   1.82368E-01  NONE
   8.63000E+02   4.96280E-05   3.84505E-03   9.02829E-01   1.19666E-02 
    1.31042E-02   6.82055E-02   2.50000E-01   1.20389E-01   5.24725E-01 
    1.02661E-01   2.22538E-03   0.00000E+00   8.17604E-01   1.82396E-01  NONE
   8.53000E+02   4.22189E-05   3.62332E-03   9.03636E-01   1.13896E-02 
    1.31016E-02   6.82075E-02   2.50000E-01   1.21367E-01   5.21160E-01 
    1.05235E-01   2.23832E-03   0.00000E+00   8.17580E-01   1.82420E-01  NONE
   8.43000E+02   3.58267E-05   3.40746E-03   9.04424E-01   1.08240E-02 
    1.30991E-02   6.82093E-02   2.50000E-01   1.22321E-01   5.17670E-01 
    1.07759E-01   2.25105E-03   0.00000E+00   8.17559E-01   1.82441E-01  NONE
   8.33000E+02   3.03241E-05   3.19770E-03   9.05195E-01   1.02699E-02 
    1.30965E-02   6.82108E-02   2.50000E-01   1.23249E-01   5.14256E-01 
    1.10232E-01   2.26364E-03   0.00000E+00   8.17541E-01   1.82459E-01  NONE
   8.23000E+02   2.55985E-05   2.99426E-03   9.05947E-01   9.72754E-03 
    1.30939E-02   6.82121E-02   2.50000E-01   1.24150E-01   5.10921E-01 
    1.12653E-01   2.27612E-03   0.00000E+00   8.17526E-01   1.82474E-01  NONE
   8.13000E+02   2.15500E-05   2.79736E-03   9.06679E-01   9.19738E-03 
    1.30913E-02   6.82132E-02   2.50000E-01   1.25023E-01   5.07667E-01 
    1.15021E-01   2.28852E-03   0.00000E+00   8.17512E-01   1.82488E-01  NONE
   8.03000E+02   1.80902E-05   2.60720E-03   9.07392E-01   8.67979E-03 
    1.30887E-02   6.82141E-02   2.50000E-01   1.25868E-01   5.04499E-01 
    1.17333E-01   2.30087E-03   0.00000E+00   8.17501E-01   1.82499E-01  NONE
   7.93000E+02   1.51412E-05   2.42398E-03   9.08085E-01   8.17520E-03 
    1.30861E-02   6.82149E-02   2.50000E-01   1.26682E-01   5.01418E-01 
    1.19587E-01   2.31320E-03   0.00000E+00   8.17491E-01   1.82509E-01  NONE
   7.83000E+02   1.26342E-05   2.24789E-03   9.08756E-01   7.68407E-03 
    1.30835E-02   6.82156E-02   2.50000E-01   1.27465E-01   4.98428E-01 
    1.21782E-01   2.32553E-03   0.00000E+00   8.17483E-01   1.82517E-01  NONE
   7.73000E+02   1.05089E-05   2.07907E-03   9.09407E-01   7.20688E-03 
    1.30808E-02   6.82162E-02   2.50000E-01   1.28216E-01   4.95531E-01 
    1.23915E-01   2.33785E-03   0.00000E+00   8.17476E-01   1.82524E-01  NONE
   7.63000E+02   8.71228E-06   1.91765E-03   9.10035E-01   6.74412E-03 
    1.30781E-02   6.82167E-02   2.50000E-01   1.28935E-01   4.92731E-01 
    1.25983E-01   2.35018E-03   0.00000E+00   8.17470E-01   1.82530E-01  NONE
   7.53000E+02   7.19805E-06   1.76374E-03   9.10640E-01   6.29626E-03 
    1.30754E-02   6.82171E-02   2.50000E-01   1.29621E-01   4.90031E-01 
    1.27986E-01   2.36252E-03   0.00000E+00   8.17465E-01   1.82535E-01  NONE
   7.43000E+02   5.92572E-06   1.61742E-03   9.11223E-01   5.86379E-03 
    1.30727E-02   6.82174E-02   2.50000E-01   1.30273E-01   4.87432E-01 
    1.29920E-01   2.37485E-03   0.00000E+00   8.17461E-01   1.82539E-01  NONE
   7.33000E+02   4.86006E-06   1.47874E-03   9.11782E-01   5.44714E-03 
    1.30700E-02   6.82177E-02   2.50000E-01   1.30892E-01   4.84938E-01 
    1.31783E-01   2.38717E-03   0.00000E+00   8.17458E-01   1.82542E-01  NONE
   7.23000E+02   3.97045E-06   1.34769E-03   9.12316E-01   5.04673E-03 
    1.30673E-02   6.82180E-02   2.50000E-01   1.31477E-01   4.82550E-01 
    1.33574E-01   2.39946E-03   0.00000E+00   8.17455E-01   1.82545E-01  NONE
   7.13000E+02   3.23038E-06   1.22426E-03   9.12827E-01   4.66293E-03 
    1.30646E-02   6.82182E-02   2.50000E-01   1.32028E-01   4.80269E-01 
    1.35291E-01   2.41170E-03   0.00000E+00   8.17452E-01   1.82548E-01  NONE
   7.03000E+02   2.61693E-06   1.10840E-03   9.13313E-01   4.29607E-03 
    1.30619E-02   6.82183E-02   2.50000E-01   1.32545E-01   4.78098E-01 
    1.36933E-01   2.42384E-03   0.00000E+00   8.17450E-01   1.82550E-01  NONE
   6.93000E+02   2.11037E-06   1.00002E-03   9.13774E-01   3.94640E-03 
    1.30593E-02   6.82185E-02   2.50000E-01   1.33029E-01   4.76038E-01 
    1.38497E-01   2.43588E-03   0.00000E+00   8.17449E-01   1.82551E-01  NONE
   6.83000E+02   1.69374E-06   8.98991E-04   9.14210E-01   3.61412E-03 
    1.30566E-02   6.82186E-02   2.50000E-01   1.33480E-01   4.74088E-01 
    1.39984E-01   2.44775E-03   0.00000E+00   8.17447E-01   1.82553E-01  NONE
   6.73000E+02   1.35251E-06   8.05167E-04   9.14621E-01   3.29936E-03 
    1.30540E-02   6.82187E-02   2.50000E-01   1.33900E-01   4.72248E-01 
    1.41393E-01   2.45943E-03   0.00000E+00   8.17446E-01   1.82554E-01  NONE
