
 Phase Region for:
     CEMENTITE                     
     FCC_A1#1                      
 col-1=T, col-2=W(CEMENTITE,C), col-3=W(CEMENTITE,CR), col-4=W(CEMENTITE,FE),
   col-5=W(CEMENTITE,MN), col-6=W(CEMENTITE,NI), col-7=W(CEMENTITE,SI),
   col-8=W(FCC_A1#1,C), col-9=W(FCC_A1#1,CR), col-10=W(FCC_A1#1,FE),
   col-11=W(FCC_A1#1,MN), col-12=W(FCC_A1#1,NI), col-13=W(FCC_A1#1,SI),
   col-14=NP(CEMENTITE), col-15=NP(FCC_A1#1),
   1.17300E+03   6.75585E-02   1.35455E-01   7.94864E-01   1.66218E-06 
    2.12105E-03   0.00000E+00   9.95722E-03   1.83471E-02   9.56220E-01 
    9.75653E-07   1.54741E-02   1.03677E-06   4.26524E-02   9.57348E-01
   1.18300E+03   6.75571E-02   1.35207E-01   7.95071E-01   1.65191E-06 
    2.16276E-03   0.00000E+00   1.02520E-02   1.89542E-02   9.55387E-01 
    9.79489E-07   1.54044E-02   1.03146E-06   3.66848E-02   9.63315E-01
   1.19300E+03   6.75557E-02   1.34945E-01   7.95293E-01   1.64196E-06 
    2.20471E-03   0.00000E+00   1.05520E-02   1.95694E-02   9.54543E-01 
    9.83268E-07   1.53340E-02   1.02606E-06   3.05499E-02   9.69450E-01
   1.20300E+03   6.75542E-02   1.34668E-01   7.95529E-01   1.63232E-06 
    2.24691E-03   0.00000E+00   1.08571E-02   2.01926E-02   9.53685E-01 
    9.86991E-07   1.52629E-02   1.02057E-06   2.42425E-02   9.75757E-01
   1.21300E+03   6.75526E-02   1.34379E-01   7.95777E-01   1.62300E-06 
    2.28936E-03   0.00000E+00   1.11674E-02   2.08235E-02   9.52816E-01 
    9.90663E-07   1.51910E-02   1.01499E-06   1.77572E-02   9.82243E-01
   1.22300E+03   6.75510E-02   1.34077E-01   7.96039E-01   1.61398E-06 
    2.33205E-03   0.00000E+00   1.14830E-02   2.14619E-02   9.51935E-01 
    9.94286E-07   1.51184E-02   1.00931E-06   1.10884E-02   9.88912E-01
   1.23300E+03   6.75493E-02   1.33762E-01   7.96312E-01   1.60527E-06 
    2.37499E-03   0.00000E+00   1.18039E-02   2.21075E-02   9.51042E-01 
    9.97863E-07   1.50451E-02   1.00353E-06   4.23019E-03   9.95770E-01
   1.23903E+03   6.75482E-02   1.33567E-01   7.96483E-01   1.60016E-06 
    2.40100E-03   0.00000E+00   1.20000E-02   2.25003E-02   9.50497E-01 
    1.00000E-06   1.50005E-02   1.00000E-06   0.00000E+00   1.00000E+00

 Phase Region for:
     FCC_A1#1                      
 col-1=T, col-2=W(FCC_A1#1,C), col-3=W(FCC_A1#1,CR), col-4=W(FCC_A1#1,FE),
   col-5=W(FCC_A1#1,MN), col-6=W(FCC_A1#1,NI), col-7=W(FCC_A1#1,SI),
   col-8=NP(FCC_A1#1),
   1.23903E+03   1.20000E-02   2.25003E-02   9.50497E-01   1.00000E-06 
    1.50005E-02   1.00000E-06   1.00000E+00
   1.24300E+03   1.20000E-02   2.25003E-02   9.50497E-01   1.00000E-06 
    1.50005E-02   1.00000E-06   1.00000E+00
   1.25300E+03   1.20000E-02   2.25003E-02   9.50497E-01   1.00000E-06 
    1.50005E-02   1.00000E-06   1.00000E+00
   1.26300E+03   1.20000E-02   2.25003E-02   9.50497E-01   1.00000E-06 
    1.50005E-02   1.00000E-06   1.00000E+00
   1.27300E+03   1.20000E-02   2.25003E-02   9.50497E-01   1.00000E-06 
    1.50005E-02   1.00000E-06   1.00000E+00
   1.28300E+03   1.20000E-02   2.25003E-02   9.50497E-01   1.00000E-06 
    1.50005E-02   1.00000E-06   1.00000E+00
   1.29300E+03   1.20000E-02   2.25003E-02   9.50497E-01   1.00000E-06 
    1.50005E-02   1.00000E-06   1.00000E+00
   1.30300E+03   1.20000E-02   2.25003E-02   9.50497E-01   1.00000E-06 
    1.50005E-02   1.00000E-06   1.00000E+00
   1.31300E+03   1.20000E-02   2.25002E-02   9.50497E-01   1.00000E-06 
    1.50005E-02   1.00000E-06   1.00000E+00
   1.32300E+03   1.20000E-02   2.25003E-02   9.50497E-01   1.00000E-06 
    1.50005E-02   1.00000E-06   1.00000E+00
   1.33300E+03   1.20000E-02   2.25003E-02   9.50497E-01   1.00000E-06 
    1.50005E-02   1.00000E-06   1.00000E+00
   1.34300E+03   1.20000E-02   2.25003E-02   9.50497E-01   1.00000E-06 
    1.50005E-02   1.00000E-06   1.00000E+00
   1.35300E+03   1.20000E-02   2.25003E-02   9.50497E-01   1.00000E-06 
    1.50005E-02   1.00000E-06   1.00000E+00
   1.36300E+03   1.20000E-02   2.25003E-02   9.50497E-01   1.00000E-06 
    1.50005E-02   1.00000E-06   1.00000E+00
   1.37300E+03   1.20000E-02   2.25003E-02   9.50497E-01   1.00000E-06 
    1.50005E-02   1.00000E-06   1.00000E+00
   1.38300E+03   1.20000E-02   2.25003E-02   9.50497E-01   1.00000E-06 
    1.50005E-02   1.00000E-06   1.00000E+00
   1.39300E+03   1.20000E-02   2.25003E-02   9.50497E-01   1.00000E-06 
    1.50005E-02   1.00000E-06   1.00000E+00
   1.40300E+03   1.20000E-02   2.25003E-02   9.50497E-01   1.00000E-06 
    1.50005E-02   1.00000E-06   1.00000E+00
   1.41300E+03   1.20000E-02   2.25003E-02   9.50497E-01   1.00000E-06 
    1.50005E-02   1.00000E-06   1.00000E+00
   1.42300E+03   1.20000E-02   2.25003E-02   9.50497E-01   1.00000E-06 
    1.50005E-02   1.00000E-06   1.00000E+00
   1.43300E+03   1.20000E-02   2.25003E-02   9.50497E-01   1.00000E-06 
    1.50005E-02   1.00000E-06   1.00000E+00
   1.44300E+03   1.20000E-02   2.25003E-02   9.50497E-01   1.00000E-06 
    1.50005E-02   1.00000E-06   1.00000E+00
   1.45300E+03   1.20000E-02   2.25003E-02   9.50497E-01   1.00000E-06 
    1.50005E-02   1.00000E-06   1.00000E+00
   1.46300E+03   1.20000E-02   2.25003E-02   9.50497E-01   1.00000E-06 
    1.50005E-02   1.00000E-06   1.00000E+00
   1.47300E+03   1.20000E-02   2.25003E-02   9.50497E-01   1.00000E-06 
    1.50005E-02   1.00000E-06   1.00000E+00

 Phase Region for:
     CEMENTITE                     
     FCC_A1#1                      
 col-1=T, col-2=W(CEMENTITE,C), col-3=W(CEMENTITE,CR), col-4=W(CEMENTITE,FE),
   col-5=W(CEMENTITE,MN), col-6=W(CEMENTITE,NI), col-7=W(CEMENTITE,SI),
   col-8=W(FCC_A1#1,C), col-9=W(FCC_A1#1,CR), col-10=W(FCC_A1#1,FE),
   col-11=W(FCC_A1#1,MN), col-12=W(FCC_A1#1,NI), col-13=W(FCC_A1#1,SI),
   col-14=NP(CEMENTITE), col-15=NP(FCC_A1#1),
   1.17300E+03   6.75585E-02   1.35455E-01   7.94864E-01   1.66218E-06 
    2.12105E-03   0.00000E+00   9.95722E-03   1.83471E-02   9.56220E-01 
    9.75653E-07   1.54741E-02   1.03677E-06   4.26524E-02   9.57348E-01
   1.16300E+03   6.75598E-02   1.35689E-01   7.94670E-01   1.67277E-06 
    2.07960E-03   0.00000E+00   9.66751E-03   1.77484E-02   9.57039E-01 
    9.71756E-07   1.55429E-02   1.04198E-06   4.84576E-02   9.51542E-01
   1.15300E+03   6.75610E-02   1.35907E-01   7.94492E-01   1.68370E-06 
    2.03840E-03   0.00000E+00   9.38285E-03   1.71583E-02   9.57846E-01 
    9.67795E-07   1.56111E-02   1.04710E-06   5.41051E-02   9.45895E-01
   1.14300E+03   6.75621E-02   1.36111E-01   7.94328E-01   1.69497E-06 
    1.99745E-03   0.00000E+00   9.10322E-03   1.65771E-02   9.58639E-01 
    9.63767E-07   1.56784E-02   1.05214E-06   5.95995E-02   9.40401E-01
   1.13300E+03   6.75632E-02   1.36298E-01   7.94180E-01   1.70657E-06 
    1.95676E-03   0.00000E+00   8.82855E-03   1.60049E-02   9.59420E-01 
    9.59670E-07   1.57450E-02   1.05708E-06   6.49452E-02   9.35055E-01
   1.12300E+03   6.75642E-02   1.36469E-01   7.94048E-01   1.71853E-06 
    1.91632E-03   0.00000E+00   8.55883E-03   1.54420E-02   9.60186E-01 
    9.55500E-07   1.58108E-02   1.06193E-06   7.01464E-02   9.29854E-01
   1.11300E+03   6.75651E-02   1.36624E-01   7.93933E-01   1.73084E-06 
    1.87615E-03   0.00000E+00   8.29400E-03   1.48886E-02   9.60940E-01 
    9.51255E-07   1.58759E-02   1.06670E-06   7.52072E-02   9.24793E-01
   1.10300E+03   6.75659E-02   1.36763E-01   7.93833E-01   1.74351E-06 
    1.83623E-03   0.00000E+00   8.03402E-03   1.43448E-02   9.61679E-01 
    9.46932E-07   1.59401E-02   1.07137E-06   8.01314E-02   9.19869E-01
   1.09300E+03   6.75666E-02   1.36884E-01   7.93751E-01   1.75655E-06 
    1.79657E-03   0.00000E+00   7.77885E-03   1.38110E-02   9.62405E-01 
    9.42528E-07   1.60035E-02   1.07597E-06   8.49228E-02   9.15077E-01
   1.08300E+03   6.75673E-02   1.36989E-01   7.93685E-01   1.76996E-06 
    1.75718E-03   0.00000E+00   7.52845E-03   1.32873E-02   9.63116E-01 
    9.38041E-07   1.60662E-02   1.08047E-06   8.95851E-02   9.10415E-01
   1.07300E+03   6.75678E-02   1.37076E-01   7.93636E-01   1.78375E-06 
    1.71805E-03   0.00000E+00   7.28278E-03   1.27738E-02   9.63813E-01 
    9.33466E-07   1.61281E-02   1.08489E-06   9.41218E-02   9.05878E-01
   1.06300E+03   6.75683E-02   1.37146E-01   7.93605E-01   1.79793E-06 
    1.67919E-03   0.00000E+00   7.04180E-03   1.22708E-02   9.64496E-01 
    9.28803E-07   1.61891E-02   1.08923E-06   9.85361E-02   9.01464E-01
   1.05300E+03   6.75687E-02   1.37198E-01   7.93591E-01   1.81250E-06 
    1.64060E-03   0.00000E+00   6.80546E-03   1.17783E-02   9.65165E-01 
    9.24048E-07   1.62494E-02   1.09348E-06   1.02831E-01   8.97169E-01
   1.04300E+03   6.75690E-02   1.37233E-01   7.93594E-01   1.82747E-06 
    1.60228E-03   0.00000E+00   6.57372E-03   1.12966E-02   9.65819E-01 
    9.19198E-07   1.63088E-02   1.09765E-06   1.07011E-01   8.92989E-01
   1.03300E+03   6.75692E-02   1.37251E-01   7.93614E-01   1.84285E-06 
    1.56423E-03   0.00000E+00   6.34654E-03   1.08259E-02   9.66458E-01 
    9.14251E-07   1.63675E-02   1.10174E-06   1.11077E-01   8.88923E-01
   1.02300E+03   6.75693E-02   1.37250E-01   7.93652E-01   1.85865E-06 
    1.52645E-03   0.00000E+00   6.12387E-03   1.03661E-02   9.67083E-01 
    9.09203E-07   1.64253E-02   1.10574E-06   1.15034E-01   8.84966E-01
   1.01300E+03   6.75694E-02   1.37233E-01   7.93707E-01   1.87486E-06 
    1.48895E-03   0.00000E+00   5.90568E-03   9.91745E-03   9.67693E-01 
    9.04053E-07   1.64823E-02   1.10967E-06   1.18883E-01   8.81117E-01
   1.00300E+03   6.75693E-02   1.37198E-01   7.93779E-01   1.89151E-06 
    1.45173E-03   0.00000E+00   5.69192E-03   9.48006E-03   9.68287E-01 
    8.98798E-07   1.65385E-02   1.11352E-06   1.22628E-01   8.77372E-01
   9.99451E+02   6.75693E-02   1.37182E-01   7.93809E-01   1.89753E-06 
    1.43859E-03   0.00000E+00   5.61711E-03   9.32753E-03   9.68495E-01 
    8.96907E-07   1.65583E-02   1.11486E-06   1.23932E-01   8.76068E-01

 Phase Region for:
     BCC_A2                        
     CEMENTITE                     
     FCC_A1#1                      
 col-1=T, col-2=W(BCC_A2,C), col-3=W(BCC_A2,CR), col-4=W(BCC_A2,FE),
   col-5=W(BCC_A2,MN), col-6=W(BCC_A2,NI), col-7=W(BCC_A2,SI),
   col-8=W(CEMENTITE,C), col-9=W(CEMENTITE,CR), col-10=W(CEMENTITE,FE),
   col-11=W(CEMENTITE,MN), col-12=W(CEMENTITE,NI), col-13=W(CEMENTITE,SI),
   col-14=W(FCC_A1#1,C), col-15=W(FCC_A1#1,CR), col-16=W(FCC_A1#1,FE),
   col-17=W(FCC_A1#1,MN), col-18=W(FCC_A1#1,NI), col-19=W(FCC_A1#1,SI),
   col-20=NP(BCC_A2), col-21=NP(CEMENTITE), col-22=NP(FCC_A1#1),
   9.99451E+02   1.32724E-04   5.00416E-03   9.87326E-01   2.33978E-07 
    7.53535E-03   1.77553E-06   6.75693E-02   1.37181E-01   7.93809E-01 
    1.89753E-06   1.43859E-03   0.00000E+00   5.61711E-03   9.32751E-03 
    9.68495E-01   8.96910E-07   1.65583E-02   1.11486E-06   5.73526E-06 
    1.23933E-01   8.76061E-01
   9.93000E+02   1.27517E-04   4.40576E-03   9.85969E-01   2.72456E-07 
    9.49563E-03   1.50051E-06   6.75103E-02   1.25563E-01   8.05042E-01 
    2.32690E-06   1.88262E-03   0.00000E+00   5.58083E-03   8.27048E-03 
    9.64764E-01   1.10637E-06   2.13831E-02   9.47822E-07   3.06952E-01 
    1.58500E-01   5.34548E-01
   9.83000E+02   1.17032E-04   3.86466E-03   9.83218E-01   3.27384E-07 
    1.27986E-02   1.31197E-06   6.74620E-02   1.16308E-01   8.13600E-01 
    2.98186E-06   2.62741E-03   0.00000E+00   5.40188E-03   7.25471E-03 
    9.57317E-01   1.45674E-06   3.00241E-02   8.46100E-07   5.92750E-01 
    1.91012E-01   2.16238E-01
   9.73000E+02   1.05843E-04   3.54030E-03   9.80229E-01   3.73791E-07 
    1.61237E-02   1.23269E-06   6.74393E-02   1.12209E-01   8.16971E-01 
    3.60014E-06   3.37734E-03   0.00000E+00   5.15184E-03   6.60149E-03 
    9.48760E-01   1.82853E-06   3.94843E-02   8.18338E-07   7.46910E-01 
    2.07900E-01   4.51898E-02
   9.68973E+02   1.01412E-04   3.43995E-03   9.79025E-01   3.90287E-07 
    1.74319E-02   1.21465E-06   6.74338E-02   1.11299E-01   8.17590E-01 
    3.84056E-06   3.67286E-03   0.00000E+00   5.04139E-03   6.39068E-03 
    9.45116E-01   1.98551E-06   4.34486E-02   8.17101E-07   7.87860E-01 
    2.12140E-01   0.00000E+00

 Phase Region for:
     BCC_A2                        
     CEMENTITE                     
 col-1=T, col-2=W(BCC_A2,C), col-3=W(BCC_A2,CR), col-4=W(BCC_A2,FE),
   col-5=W(BCC_A2,MN), col-6=W(BCC_A2,NI), col-7=W(BCC_A2,SI),
   col-8=W(CEMENTITE,C), col-9=W(CEMENTITE,CR), col-10=W(CEMENTITE,FE),
   col-11=W(CEMENTITE,MN), col-12=W(CEMENTITE,NI), col-13=W(CEMENTITE,SI),
   col-14=NP(BCC_A2), col-15=NP(CEMENTITE),
   9.68973E+02   1.01412E-04   3.43995E-03   9.79025E-01   3.90287E-07 
    1.74319E-02   1.21465E-06   6.74338E-02   1.11299E-01   8.17590E-01 
    3.84056E-06   3.67286E-03   0.00000E+00   7.87860E-01   2.12140E-01  NONE
   9.63000E+02   9.49405E-05   3.33997E-03   9.79131E-01   3.79445E-07 
    1.74325E-02   1.21475E-06   6.74359E-02   1.11720E-01   8.17164E-01 
    3.88961E-06   3.67603E-03   0.00000E+00   7.87765E-01   2.12235E-01  NONE
   9.53000E+02   8.49157E-05   3.17595E-03   9.79304E-01   3.61698E-07 
    1.74334E-02   1.21492E-06   6.74393E-02   1.12414E-01   8.16463E-01 
    3.96993E-06   3.68044E-03   0.00000E+00   7.87618E-01   2.12382E-01  NONE
   9.43000E+02   7.58309E-05   3.01617E-03   9.79472E-01   3.44451E-07 
    1.74344E-02   1.21507E-06   6.74426E-02   1.13093E-01   8.15776E-01 
    4.04804E-06   3.68378E-03   0.00000E+00   7.87485E-01   2.12515E-01  NONE
   9.33000E+02   6.76071E-05   2.86069E-03   9.79635E-01   3.27699E-07 
    1.74354E-02   1.21521E-06   6.74459E-02   1.13759E-01   8.15105E-01 
    4.12396E-06   3.68610E-03   0.00000E+00   7.87364E-01   2.12636E-01  NONE
   9.23000E+02   6.01718E-05   2.70953E-03   9.79792E-01   3.11437E-07 
    1.74365E-02   1.21533E-06   6.74492E-02   1.14409E-01   8.14450E-01 
    4.19772E-06   3.68745E-03   0.00000E+00   7.87255E-01   2.12745E-01  NONE
   9.13000E+02   5.34581E-05   2.56275E-03   9.79945E-01   2.95662E-07 
    1.74377E-02   1.21544E-06   6.74523E-02   1.15044E-01   8.13811E-01 
    4.26933E-06   3.68786E-03   0.00000E+00   7.87157E-01   2.12843E-01  NONE
   9.03000E+02   4.74044E-05   2.42039E-03   9.80092E-01   2.80368E-07 
    1.74389E-02   1.21554E-06   6.74554E-02   1.15663E-01   8.13190E-01 
    4.33881E-06   3.68736E-03   0.00000E+00   7.87068E-01   2.12932E-01  NONE
   8.93000E+02   4.19536E-05   2.28249E-03   9.80234E-01   2.65555E-07 
    1.74402E-02   1.21562E-06   6.74584E-02   1.16265E-01   8.12586E-01 
    4.40617E-06   3.68598E-03   0.00000E+00   7.86988E-01   2.13012E-01  NONE
   8.83000E+02   3.70535E-05   2.14909E-03   9.80371E-01   2.51217E-07 
    1.74415E-02   1.21570E-06   6.74613E-02   1.16850E-01   8.12001E-01 
    4.47142E-06   3.68375E-03   0.00000E+00   7.86916E-01   2.13084E-01  NONE
   8.73000E+02   3.26555E-05   2.02023E-03   9.80503E-01   2.37354E-07 
    1.74429E-02   1.21577E-06   6.74641E-02   1.17417E-01   8.11433E-01 
    4.53457E-06   3.68067E-03   0.00000E+00   7.86852E-01   2.13148E-01  NONE
   8.63000E+02   2.87150E-05   1.89593E-03   9.80629E-01   2.23962E-07 
    1.74445E-02   1.21583E-06   6.74668E-02   1.17967E-01   8.10885E-01 
    4.59563E-06   3.67677E-03   0.00000E+00   7.86794E-01   2.13206E-01  NONE
   8.53000E+02   2.51908E-05   1.77622E-03   9.80751E-01   2.11039E-07 
    1.74461E-02   1.21588E-06   6.74695E-02   1.18498E-01   8.10356E-01 
    4.65461E-06   3.67206E-03   0.00000E+00   7.86742E-01   2.13258E-01  NONE
   8.43000E+02   2.20450E-05   1.66110E-03   9.80868E-01   1.98581E-07 
    1.74478E-02   1.21593E-06   6.74720E-02   1.19010E-01   8.09847E-01 
    4.71151E-06   3.66653E-03   0.00000E+00   7.86696E-01   2.13304E-01  NONE
   8.33000E+02   1.92427E-05   1.55060E-03   9.80979E-01   1.86588E-07 
    1.74497E-02   1.21597E-06   6.74745E-02   1.19503E-01   8.09357E-01 
    4.76634E-06   3.66020E-03   0.00000E+00   7.86655E-01   2.13345E-01  NONE
   8.23000E+02   1.67517E-05   1.44470E-03   9.81086E-01   1.75055E-07 
    1.74516E-02   1.21600E-06   6.74769E-02   1.19978E-01   8.08888E-01 
    4.81911E-06   3.65305E-03   0.00000E+00   7.86619E-01   2.13381E-01  NONE
   8.13000E+02   1.45423E-05   1.34340E-03   9.81187E-01   1.63979E-07 
    1.74537E-02   1.21604E-06   6.74791E-02   1.20433E-01   8.08438E-01 
    4.86984E-06   3.64509E-03   0.00000E+00   7.86586E-01   2.13414E-01  NONE
   8.03000E+02   1.25873E-05   1.24668E-03   9.81283E-01   1.53356E-07 
    1.74559E-02   1.21606E-06   6.74813E-02   1.20868E-01   8.08009E-01 
    4.91852E-06   3.63631E-03   0.00000E+00   7.86558E-01   2.13442E-01  NONE
   7.93000E+02   1.08617E-05   1.15450E-03   9.81375E-01   1.43183E-07 
    1.74582E-02   1.21609E-06   6.74834E-02   1.21284E-01   8.07601E-01 
    4.96518E-06   3.62669E-03   0.00000E+00   7.86533E-01   2.13467E-01  NONE
   7.83000E+02   9.34268E-06   1.06683E-03   9.81462E-01   1.33455E-07 
    1.74607E-02   1.21610E-06   6.74854E-02   1.21681E-01   8.07212E-01 
    5.00984E-06   3.61621E-03   0.00000E+00   7.86510E-01   2.13490E-01  NONE
   7.73000E+02   8.00907E-06   9.83618E-04   9.81544E-01   1.24166E-07 
    1.74633E-02   1.21612E-06   6.74873E-02   1.22058E-01   8.06844E-01 
    5.05251E-06   3.60487E-03   0.00000E+00   7.86491E-01   2.13509E-01  NONE
   7.63000E+02   6.84165E-06   9.04805E-04   9.81621E-01   1.15311E-07 
    1.74661E-02   1.21614E-06   6.74891E-02   1.22417E-01   8.06497E-01 
    5.09322E-06   3.59264E-03   0.00000E+00   7.86474E-01   2.13526E-01  NONE
   7.53000E+02   5.82285E-06   8.30321E-04   9.81693E-01   1.06884E-07 
    1.74691E-02   1.21615E-06   6.74909E-02   1.22756E-01   8.06169E-01 
    5.13199E-06   3.57948E-03   0.00000E+00   7.86459E-01   2.13541E-01  NONE
   7.43000E+02   4.93659E-06   7.60087E-04   9.81761E-01   9.88778E-08 
    1.74723E-02   1.21616E-06   6.74925E-02   1.23076E-01   8.05861E-01 
    5.16884E-06   3.56539E-03   0.00000E+00   7.86446E-01   2.13554E-01  NONE
   7.33000E+02   4.16825E-06   6.94017E-04   9.81825E-01   9.12851E-08 
    1.74756E-02   1.21616E-06   6.74940E-02   1.23378E-01   8.05572E-01 
    5.20381E-06   3.55032E-03   0.00000E+00   7.86435E-01   2.13565E-01  NONE
   7.23000E+02   3.50451E-06   6.32013E-04   9.81884E-01   8.40979E-08 
    1.74792E-02   1.21617E-06   6.74955E-02   1.23662E-01   8.05303E-01 
    5.23694E-06   3.53424E-03   0.00000E+00   7.86425E-01   2.13575E-01  NONE
   7.13000E+02   2.93331E-06   5.73970E-04   9.81939E-01   7.73074E-08 
    1.74829E-02   1.21618E-06   6.74969E-02   1.23928E-01   8.05052E-01 
    5.26826E-06   3.51711E-03   0.00000E+00   7.86416E-01   2.13584E-01  NONE
   7.03000E+02   2.44368E-06   5.19775E-04   9.81990E-01   7.09045E-08 
    1.74869E-02   1.21618E-06   6.74982E-02   1.24177E-01   8.04820E-01 
    5.29780E-06   3.49891E-03   0.00000E+00   7.86409E-01   2.13591E-01  NONE
   6.93000E+02   2.02574E-06   4.69310E-04   9.82036E-01   6.48796E-08 
    1.74911E-02   1.21618E-06   6.74994E-02   1.24409E-01   8.04606E-01 
    5.32561E-06   3.47957E-03   0.00000E+00   7.86403E-01   2.13597E-01  NONE
   6.83000E+02   1.67058E-06   4.22446E-04   9.82079E-01   5.92222E-08 
    1.74956E-02   1.21618E-06   6.75005E-02   1.24625E-01   8.04410E-01 
    5.35174E-06   3.45907E-03   0.00000E+00   7.86398E-01   2.13602E-01  NONE
   6.73000E+02   1.37017E-06   3.79053E-04   9.82118E-01   5.39218E-08 
    1.75003E-02   1.21619E-06   6.75016E-02   1.24825E-01   8.04230E-01 
    5.37624E-06   3.43734E-03   0.00000E+00   7.86394E-01   2.13606E-01  NONE
