
 Phase Region for:
     CEMENTITE                     
     FCC_A1#2                      
 col-1=T, col-2=X(CEMENTITE,C), col-3=X(CEMENTITE,CR), col-4=X(CEMENTITE,FE),
   col-5=X(CEMENTITE,MN), col-6=X(CEMENTITE,NI), col-7=X(CEMENTITE,SI),
   col-8=X(FCC_A1#2,C), col-9=X(FCC_A1#2,CR), col-10=X(FCC_A1#2,FE),
   col-11=X(FCC_A1#2,MN), col-12=X(FCC_A1#2,NI), col-13=X(FCC_A1#2,SI),
   col-14=NP(CEMENTITE), col-15=NP(FCC_A1#2),
   1.17300E+03   2.50000E-01   1.47144E-01   6.01395E-01   1.27581E-06 
    1.45995E-03   0.00000E+00   4.19191E-02   2.40467E-02   9.19665E-01 
    9.54822E-07   1.43661E-02   2.01314E-06   5.50708E-02   9.44929E-01
   1.18300E+03   2.50000E-01   1.46817E-01   6.01692E-01   1.26777E-06 
    1.48973E-03   0.00000E+00   4.31777E-02   2.48082E-02   9.17725E-01 
    9.57181E-07   1.42865E-02   2.00096E-06   4.93202E-02   9.50680E-01
   1.19300E+03   2.50000E-01   1.46481E-01   6.01998E-01   1.25998E-06 
    1.51971E-03   0.00000E+00   4.44577E-02   2.55785E-02   9.15755E-01 
    9.59456E-07   1.42060E-02   1.98858E-06   4.34002E-02   9.56600E-01
   1.20300E+03   2.50000E-01   1.46135E-01   6.02313E-01   1.25245E-06 
    1.54990E-03   0.00000E+00   4.57589E-02   2.63573E-02   9.13756E-01 
    9.61651E-07   1.41245E-02   1.97599E-06   3.73057E-02   9.62694E-01
   1.21300E+03   2.50000E-01   1.45781E-01   6.02637E-01   1.24517E-06 
    1.58030E-03   0.00000E+00   4.70814E-02   2.71443E-02   9.11729E-01 
    9.63767E-07   1.40421E-02   1.96319E-06   3.10312E-02   9.68969E-01
   1.22300E+03   2.50000E-01   1.45419E-01   6.02969E-01   1.23814E-06 
    1.61090E-03   0.00000E+00   4.84253E-02   2.79391E-02   9.09674E-01 
    9.65808E-07   1.39588E-02   1.95019E-06   2.45711E-02   9.75429E-01
   1.23300E+03   2.50000E-01   1.45049E-01   6.03308E-01   1.23135E-06 
    1.64170E-03   0.00000E+00   4.97906E-02   2.87416E-02   9.07590E-01 
    9.67776E-07   1.38746E-02   1.93698E-06   1.79195E-02   9.82080E-01
   1.24300E+03   2.50000E-01   1.44672E-01   6.03654E-01   1.22479E-06 
    1.67270E-03   0.00000E+00   5.11772E-02   2.95513E-02   9.05479E-01 
    9.69675E-07   1.37895E-02   1.92357E-06   1.10704E-02   9.88930E-01
   1.25300E+03   2.50000E-01   1.44289E-01   6.04006E-01   1.21847E-06 
    1.70389E-03   0.00000E+00   5.25852E-02   3.03681E-02   9.03340E-01 
    9.71507E-07   1.37036E-02   1.90994E-06   4.01726E-03   9.95983E-01
   1.25857E+03   2.50000E-01   1.44073E-01   6.04205E-01   1.21506E-06 
    1.72135E-03   0.00000E+00   5.33782E-02   3.08257E-02   9.02138E-01 
    9.72499E-07   1.36554E-02   1.90227E-06   0.00000E+00   1.00000E+00

 Phase Region for:
     FCC_A1#2                      
 col-1=T, col-2=X(FCC_A1#2,C), col-3=X(FCC_A1#2,CR), col-4=X(FCC_A1#2,FE),
   col-5=X(FCC_A1#2,MN), col-6=X(FCC_A1#2,NI), col-7=X(FCC_A1#2,SI),
   col-8=NP(FCC_A1#2),
   1.25857E+03   5.33782E-02   3.08257E-02   9.02138E-01   9.72499E-07 
    1.36554E-02   1.90227E-06   1.00000E+00
   1.26300E+03   5.33782E-02   3.08257E-02   9.02138E-01   9.72499E-07 
    1.36554E-02   1.90227E-06   1.00000E+00
   1.27300E+03   5.33782E-02   3.08257E-02   9.02138E-01   9.72499E-07 
    1.36554E-02   1.90227E-06   1.00000E+00
   1.28300E+03   5.33782E-02   3.08257E-02   9.02138E-01   9.72499E-07 
    1.36554E-02   1.90227E-06   1.00000E+00
   1.29300E+03   5.33782E-02   3.08257E-02   9.02138E-01   9.72499E-07 
    1.36554E-02   1.90227E-06   1.00000E+00
   1.30300E+03   5.33782E-02   3.08257E-02   9.02138E-01   9.72499E-07 
    1.36554E-02   1.90227E-06   1.00000E+00
   1.31300E+03   5.33782E-02   3.08257E-02   9.02138E-01   9.72499E-07 
    1.36554E-02   1.90227E-06   1.00000E+00
   1.32300E+03   5.33782E-02   3.08257E-02   9.02138E-01   9.72499E-07 
    1.36554E-02   1.90227E-06   1.00000E+00
   1.33300E+03   5.33782E-02   3.08257E-02   9.02138E-01   9.72499E-07 
    1.36554E-02   1.90227E-06   1.00000E+00
   1.34300E+03   5.33782E-02   3.08257E-02   9.02138E-01   9.72499E-07 
    1.36554E-02   1.90227E-06   1.00000E+00
   1.35300E+03   5.33782E-02   3.08257E-02   9.02138E-01   9.72499E-07 
    1.36554E-02   1.90227E-06   1.00000E+00
   1.36300E+03   5.33782E-02   3.08257E-02   9.02138E-01   9.72499E-07 
    1.36554E-02   1.90227E-06   1.00000E+00
   1.37300E+03   5.33782E-02   3.08257E-02   9.02138E-01   9.72499E-07 
    1.36554E-02   1.90227E-06   1.00000E+00
   1.38300E+03   5.33782E-02   3.08257E-02   9.02138E-01   9.72499E-07 
    1.36554E-02   1.90227E-06   1.00000E+00
   1.39300E+03   5.33782E-02   3.08257E-02   9.02138E-01   9.72499E-07 
    1.36554E-02   1.90227E-06   1.00000E+00
   1.40300E+03   5.33782E-02   3.08257E-02   9.02138E-01   9.72499E-07 
    1.36554E-02   1.90227E-06   1.00000E+00
   1.41300E+03   5.33782E-02   3.08257E-02   9.02138E-01   9.72499E-07 
    1.36554E-02   1.90227E-06   1.00000E+00
   1.42300E+03   5.33782E-02   3.08257E-02   9.02138E-01   9.72499E-07 
    1.36554E-02   1.90227E-06   1.00000E+00
   1.43300E+03   5.33782E-02   3.08257E-02   9.02138E-01   9.72499E-07 
    1.36554E-02   1.90227E-06   1.00000E+00
   1.44300E+03   5.33782E-02   3.08257E-02   9.02138E-01   9.72499E-07 
    1.36554E-02   1.90227E-06   1.00000E+00
   1.45300E+03   5.33782E-02   3.08257E-02   9.02138E-01   9.72499E-07 
    1.36554E-02   1.90227E-06   1.00000E+00
   1.46300E+03   5.33782E-02   3.08257E-02   9.02138E-01   9.72499E-07 
    1.36554E-02   1.90227E-06   1.00000E+00
   1.47300E+03   5.33782E-02   3.08257E-02   9.02138E-01   9.72499E-07 
    1.36554E-02   1.90227E-06   1.00000E+00

 Phase Region for:
     CEMENTITE                     
     FCC_A1#2                      
 col-1=T, col-2=X(CEMENTITE,C), col-3=X(CEMENTITE,CR), col-4=X(CEMENTITE,FE),
   col-5=X(CEMENTITE,MN), col-6=X(CEMENTITE,NI), col-7=X(CEMENTITE,SI),
   col-8=X(FCC_A1#2,C), col-9=X(FCC_A1#2,CR), col-10=X(FCC_A1#2,FE),
   col-11=X(FCC_A1#2,MN), col-12=X(FCC_A1#2,NI), col-13=X(FCC_A1#2,SI),
   col-14=NP(CEMENTITE), col-15=NP(FCC_A1#2),
   1.17300E+03   2.50000E-01   1.47144E-01   6.01395E-01   1.27581E-06 
    1.45995E-03   0.00000E+00   4.19191E-02   2.40467E-02   9.19665E-01 
    9.54822E-07   1.43661E-02   2.01314E-06   5.50708E-02   9.44929E-01
   1.16300E+03   2.50000E-01   1.47460E-01   6.01108E-01   1.28412E-06 
    1.43039E-03   0.00000E+00   4.06816E-02   2.32942E-02   9.21576E-01 
    9.52377E-07   1.44448E-02   2.02511E-06   6.06569E-02   9.39343E-01
   1.15300E+03   2.50000E-01   1.47765E-01   6.00832E-01   1.29270E-06 
    1.40103E-03   0.00000E+00   3.94654E-02   2.25511E-02   9.23458E-01 
    9.49842E-07   1.45225E-02   2.03687E-06   6.60834E-02   9.33917E-01
   1.14300E+03   2.50000E-01   1.48060E-01   6.00567E-01   1.30156E-06 
    1.37189E-03   0.00000E+00   3.82703E-02   2.18178E-02   9.25310E-01 
    9.47215E-07   1.45992E-02   2.04844E-06   7.13549E-02   9.28645E-01
   1.13300E+03   2.50000E-01   1.48342E-01   6.00314E-01   1.31069E-06 
    1.34296E-03   0.00000E+00   3.70963E-02   2.10944E-02   9.27131E-01 
    9.44494E-07   1.46750E-02   2.05979E-06   7.64757E-02   9.23524E-01
   1.12300E+03   2.50000E-01   1.48612E-01   6.00072E-01   1.32011E-06 
    1.31424E-03   0.00000E+00   3.59433E-02   2.03813E-02   9.28923E-01 
    9.41676E-07   1.47497E-02   2.07095E-06   8.14501E-02   9.18550E-01
   1.11300E+03   2.50000E-01   1.48870E-01   5.99843E-01   1.32982E-06 
    1.28575E-03   0.00000E+00   3.48112E-02   1.96789E-02   9.30683E-01 
    9.38757E-07   1.48234E-02   2.08190E-06   8.62824E-02   9.13718E-01
   1.10300E+03   2.50000E-01   1.49114E-01   5.99627E-01   1.33983E-06 
    1.25747E-03   0.00000E+00   3.37001E-02   1.89873E-02   9.32413E-01 
    9.35736E-07   1.48962E-02   2.09265E-06   9.09763E-02   9.09024E-01
   1.09300E+03   2.50000E-01   1.49345E-01   5.99424E-01   1.35015E-06 
    1.22940E-03   0.00000E+00   3.26097E-02   1.83069E-02   9.34112E-01 
    9.32609E-07   1.49679E-02   2.10320E-06   9.55358E-02   9.04464E-01
   1.08300E+03   2.50000E-01   1.49562E-01   5.99235E-01   1.36077E-06 
    1.20156E-03   0.00000E+00   3.15400E-02   1.76380E-02   9.35780E-01 
    9.29375E-07   1.50386E-02   2.11355E-06   9.99646E-02   9.00035E-01
   1.07300E+03   2.50000E-01   1.49765E-01   5.99059E-01   1.37172E-06 
    1.17394E-03   0.00000E+00   3.04908E-02   1.69808E-02   9.37417E-01 
    9.26029E-07   1.51083E-02   2.12370E-06   1.04266E-01   8.95734E-01
   1.06300E+03   2.50000E-01   1.49954E-01   5.98898E-01   1.38298E-06 
    1.14654E-03   0.00000E+00   2.94622E-02   1.63356E-02   9.39022E-01 
    9.22570E-07   1.51769E-02   2.13365E-06   1.08444E-01   8.91556E-01
   1.05300E+03   2.50000E-01   1.50128E-01   5.98751E-01   1.39458E-06 
    1.11937E-03   0.00000E+00   2.84539E-02   1.57026E-02   9.40596E-01 
    9.18995E-07   1.52445E-02   2.14341E-06   1.12502E-01   8.87498E-01
   1.04300E+03   2.50000E-01   1.50287E-01   5.98619E-01   1.40652E-06 
    1.09242E-03   0.00000E+00   2.74658E-02   1.50822E-02   9.42138E-01 
    9.15301E-07   1.53110E-02   2.15297E-06   1.16443E-01   8.83557E-01
   1.03300E+03   2.50000E-01   1.50430E-01   5.98502E-01   1.41880E-06 
    1.06569E-03   0.00000E+00   2.64978E-02   1.44744E-02   9.43648E-01 
    9.11485E-07   1.53765E-02   2.16233E-06   1.20269E-01   8.79731E-01
   1.02300E+03   2.50000E-01   1.50559E-01   5.98401E-01   1.43143E-06 
    1.03920E-03   0.00000E+00   2.55498E-02   1.38796E-02   9.45127E-01 
    9.07545E-07   1.54410E-02   2.17150E-06   1.23985E-01   8.76015E-01
   1.01300E+03   2.50000E-01   1.50671E-01   5.98314E-01   1.44443E-06 
    1.01293E-03   0.00000E+00   2.46216E-02   1.32979E-02   9.46573E-01 
    9.03478E-07   1.55044E-02   2.18048E-06   1.27593E-01   8.72407E-01
   1.00372E+03   2.50000E-01   1.50762E-01   5.98248E-01   1.45682E-06 
    9.88752E-04   0.00000E+00   2.37776E-02   1.27698E-02   9.47887E-01 
    8.99587E-07   1.55623E-02   2.18865E-06   1.30847E-01   8.69153E-01

 Phase Region for:
     BCC_A2                        
     CEMENTITE                     
     FCC_A1#2                      
 col-1=T, col-2=X(BCC_A2,C), col-3=X(BCC_A2,CR), col-4=X(BCC_A2,FE),
   col-5=X(BCC_A2,MN), col-6=X(BCC_A2,NI), col-7=X(BCC_A2,SI),
   col-8=X(CEMENTITE,C), col-9=X(CEMENTITE,CR), col-10=X(CEMENTITE,FE),
   col-11=X(CEMENTITE,MN), col-12=X(CEMENTITE,NI), col-13=X(CEMENTITE,SI),
   col-14=X(FCC_A1#2,C), col-15=X(FCC_A1#2,CR), col-16=X(FCC_A1#2,FE),
   col-17=X(FCC_A1#2,MN), col-18=X(FCC_A1#2,NI), col-19=X(FCC_A1#2,SI),
   col-20=NP(BCC_A2), col-21=NP(CEMENTITE), col-22=NP(FCC_A1#2),
   1.00372E+03   5.81651E-04   7.27168E-03   9.84877E-01   2.48617E-07 
    7.26595E-03   3.44614E-06   2.50000E-01   1.50762E-01   5.98248E-01 
    1.45683E-06   9.88756E-04   0.00000E+00   2.37776E-02   1.27698E-02 
    9.47887E-01   8.99590E-07   1.55624E-02   2.18864E-06   5.55487E-06 
    1.30848E-01   8.69146E-01
   1.00300E+03   5.79703E-04   7.16749E-03   9.84793E-01   2.53072E-07 
    7.45591E-03   3.37379E-06   2.50000E-01   1.49337E-01   5.99642E-01 
    1.49309E-06   1.01974E-03   0.00000E+00   2.37870E-02   1.26036E-02 
    9.47595E-01   9.21585E-07   1.60110E-02   2.14309E-06   3.90960E-02 
    1.34822E-01   8.26082E-01
   9.93000E+02   5.42312E-04   6.11852E-03   9.82987E-01   3.14426E-07 
    1.03488E-02   2.76963E-06   2.50000E-01   1.35675E-01   6.12832E-01 
    2.00986E-06   1.49044E-03   0.00000E+00   2.34681E-02   1.08671E-02 
    9.42554E-01   1.25319E-06   2.31073E-02   1.77989E-06   4.41434E-01 
    1.76710E-01   3.81856E-01
   9.83000E+02   4.95290E-04   5.51810E-03   9.80542E-01   3.69578E-07 
    1.34419E-02   2.52755E-06   2.50000E-01   1.29340E-01   6.18665E-01 
    2.51700E-06   1.99221E-03   0.00000E+00   2.26203E-02   9.79828E-03 
    9.36267E-01   1.61695E-06   3.13115E-02   1.66281E-06   6.60636E-01 
    1.99554E-01   1.39809E-01
   9.73000E+02   4.46930E-04   5.11732E-03   9.77927E-01   4.16962E-07 
    1.65059E-02   2.41796E-06   2.50000E-01   1.26471E-01   6.21037E-01 
    3.00419E-06   2.48868E-03   0.00000E+00   2.15304E-02   9.03926E-03 
    9.29240E-01   2.00949E-06   4.01865E-02   1.63984E-06   7.83381E-01 
    2.11688E-01   4.93130E-03
   9.72504E+02   4.44568E-04   5.10044E-03   9.77797E-01   4.19132E-07 
    1.66551E-02   2.41439E-06   2.50000E-01   1.26382E-01   6.21102E-01 
    3.02798E-06   2.51286E-03   0.00000E+00   2.14728E-02   9.00640E-03 
    9.28877E-01   2.02986E-06   4.06403E-02   1.64012E-06   7.87888E-01 
    2.12112E-01   0.00000E+00

 Phase Region for:
     BCC_A2                        
     CEMENTITE                     
 col-1=T, col-2=X(BCC_A2,C), col-3=X(BCC_A2,CR), col-4=X(BCC_A2,FE),
   col-5=X(BCC_A2,MN), col-6=X(BCC_A2,NI), col-7=X(BCC_A2,SI),
   col-8=X(CEMENTITE,C), col-9=X(CEMENTITE,CR), col-10=X(CEMENTITE,FE),
   col-11=X(CEMENTITE,MN), col-12=X(CEMENTITE,NI), col-13=X(CEMENTITE,SI),
   col-14=NP(BCC_A2), col-15=NP(CEMENTITE),
   9.72504E+02   4.44568E-04   5.10044E-03   9.77797E-01   4.19132E-07 
    1.66551E-02   2.41439E-06   2.50000E-01   1.26382E-01   6.21102E-01 
    3.02798E-06   2.51286E-03   0.00000E+00   7.87888E-01   2.12112E-01  NONE
   9.63000E+02   3.99721E-04   4.86582E-03   9.78074E-01   4.01170E-07 
    1.66573E-02   2.41483E-06   2.50000E-01   1.27172E-01   6.20311E-01 
    3.09290E-06   2.51420E-03   0.00000E+00   7.87747E-01   2.12253E-01  NONE
   9.53000E+02   3.56897E-04   4.62486E-03   9.78356E-01   3.82741E-07 
    1.66595E-02   2.41524E-06   2.50000E-01   1.27988E-01   6.19494E-01 
    3.15953E-06   2.51490E-03   0.00000E+00   7.87611E-01   2.12389E-01  NONE
   9.43000E+02   3.18173E-04   4.39004E-03   9.78627E-01   3.64793E-07 
    1.66617E-02   2.41561E-06   2.50000E-01   1.28787E-01   6.18695E-01 
    3.22444E-06   2.51490E-03   0.00000E+00   7.87489E-01   2.12511E-01  NONE
   9.33000E+02   2.83195E-04   4.16146E-03   9.78889E-01   3.47323E-07 
    1.66639E-02   2.41595E-06   2.50000E-01   1.29569E-01   6.17913E-01 
    3.28766E-06   2.51424E-03   0.00000E+00   7.87379E-01   2.12621E-01  NONE
   9.23000E+02   2.51639E-04   3.93920E-03   9.79140E-01   3.30329E-07 
    1.66660E-02   2.41626E-06   2.50000E-01   1.30333E-01   6.17151E-01 
    3.34917E-06   2.51295E-03   0.00000E+00   7.87279E-01   2.12721E-01  NONE
   9.13000E+02   2.23208E-04   3.72334E-03   9.79383E-01   3.13810E-07 
    1.66682E-02   2.41653E-06   2.50000E-01   1.31078E-01   6.16407E-01 
    3.40901E-06   2.51106E-03   0.00000E+00   7.87190E-01   2.12810E-01  NONE
   9.03000E+02   1.97625E-04   3.51399E-03   9.79615E-01   2.97766E-07 
    1.66703E-02   2.41678E-06   2.50000E-01   1.31804E-01   6.15684E-01 
    3.46715E-06   2.50860E-03   0.00000E+00   7.87109E-01   2.12891E-01  NONE
   8.93000E+02   1.74640E-04   3.31121E-03   9.79839E-01   2.82196E-07 
    1.66724E-02   2.41700E-06   2.50000E-01   1.32510E-01   6.14981E-01 
    3.52362E-06   2.50557E-03   0.00000E+00   7.87037E-01   2.12963E-01  NONE
   8.83000E+02   1.54020E-04   3.11509E-03   9.80054E-01   2.67101E-07 
    1.66745E-02   2.41720E-06   2.50000E-01   1.33195E-01   6.14300E-01 
    3.57839E-06   2.50200E-03   0.00000E+00   7.86972E-01   2.13028E-01  NONE
   8.73000E+02   1.35550E-04   2.92568E-03   9.80259E-01   2.52479E-07 
    1.66767E-02   2.41738E-06   2.50000E-01   1.33859E-01   6.13640E-01 
    3.63149E-06   2.49791E-03   0.00000E+00   7.86914E-01   2.13086E-01  NONE
   8.63000E+02   1.19035E-04   2.74305E-03   9.80456E-01   2.38331E-07 
    1.66789E-02   2.41754E-06   2.50000E-01   1.34501E-01   6.13002E-01 
    3.68289E-06   2.49329E-03   0.00000E+00   7.86862E-01   2.13138E-01  NONE
   8.53000E+02   1.04294E-04   2.56725E-03   9.80645E-01   2.24658E-07 
    1.66811E-02   2.41768E-06   2.50000E-01   1.35121E-01   6.12387E-01 
    3.73261E-06   2.48816E-03   0.00000E+00   7.86815E-01   2.13185E-01  NONE
   8.43000E+02   9.11604E-05   2.39829E-03   9.80825E-01   2.11459E-07 
    1.66834E-02   2.41781E-06   2.50000E-01   1.35719E-01   6.11795E-01 
    3.78063E-06   2.48252E-03   0.00000E+00   7.86774E-01   2.13226E-01  NONE
   8.33000E+02   7.94823E-05   2.23621E-03   9.80996E-01   1.98734E-07 
    1.66857E-02   2.41792E-06   2.50000E-01   1.36294E-01   6.11226E-01 
    3.82696E-06   2.47637E-03   0.00000E+00   7.86737E-01   2.13263E-01  NONE
   8.23000E+02   6.91198E-05   2.08100E-03   9.81159E-01   1.86483E-07 
    1.66881E-02   2.41802E-06   2.50000E-01   1.36846E-01   6.10681E-01 
    3.87159E-06   2.46972E-03   0.00000E+00   7.86705E-01   2.13295E-01  NONE
   8.13000E+02   5.99445E-05   1.93265E-03   9.81314E-01   1.74703E-07 
    1.66906E-02   2.41811E-06   2.50000E-01   1.37375E-01   6.10159E-01 
    3.91453E-06   2.46254E-03   0.00000E+00   7.86676E-01   2.13324E-01  NONE
   8.03000E+02   5.18389E-05   1.79114E-03   9.81461E-01   1.63394E-07 
    1.66931E-02   2.41819E-06   2.50000E-01   1.37880E-01   6.09661E-01 
    3.95578E-06   2.45485E-03   0.00000E+00   7.86650E-01   2.13350E-01  NONE
   7.93000E+02   4.46956E-05   1.65642E-03   9.81601E-01   1.52553E-07 
    1.66957E-02   2.41826E-06   2.50000E-01   1.38363E-01   6.09187E-01 
    3.99535E-06   2.44663E-03   0.00000E+00   7.86628E-01   2.13372E-01  NONE
   7.83000E+02   3.84161E-05   1.52844E-03   9.81732E-01   1.42177E-07 
    1.66985E-02   2.41832E-06   2.50000E-01   1.38822E-01   6.08736E-01 
    4.03324E-06   2.43786E-03   0.00000E+00   7.86608E-01   2.13392E-01  NONE
   7.73000E+02   3.29107E-05   1.40711E-03   9.81856E-01   1.32262E-07 
    1.67013E-02   2.41837E-06   2.50000E-01   1.39258E-01   6.08310E-01 
    4.06947E-06   2.42854E-03   0.00000E+00   7.86591E-01   2.13409E-01  NONE
   7.63000E+02   2.80974E-05   1.29234E-03   9.81973E-01   1.22805E-07 
    1.67043E-02   2.41842E-06   2.50000E-01   1.39671E-01   6.07906E-01 
    4.10405E-06   2.41864E-03   0.00000E+00   7.86575E-01   2.13425E-01  NONE
   7.53000E+02   2.39017E-05   1.18403E-03   9.82082E-01   1.13800E-07 
    1.67074E-02   2.41846E-06   2.50000E-01   1.40062E-01   6.07526E-01 
    4.13698E-06   2.40816E-03   0.00000E+00   7.86562E-01   2.13438E-01  NONE
   7.43000E+02   2.02557E-05   1.08205E-03   9.82185E-01   1.05241E-07 
    1.67106E-02   2.41850E-06   2.50000E-01   1.40430E-01   6.07169E-01 
    4.16831E-06   2.39706E-03   0.00000E+00   7.86551E-01   2.13449E-01  NONE
   7.33000E+02   1.70978E-05   9.86261E-04   9.82280E-01   9.71209E-08 
    1.67140E-02   2.41853E-06   2.50000E-01   1.40776E-01   6.06834E-01 
    4.19804E-06   2.38533E-03   0.00000E+00   7.86541E-01   2.13459E-01  NONE
   7.23000E+02   1.43721E-05   8.96519E-04   9.82369E-01   8.94330E-08 
    1.67175E-02   2.41855E-06   2.50000E-01   1.41101E-01   6.06521E-01 
    4.22620E-06   2.37294E-03   0.00000E+00   7.86532E-01   2.13468E-01  NONE
   7.13000E+02   1.20280E-05   8.12656E-04   9.82452E-01   8.21687E-08 
    1.67212E-02   2.41858E-06   2.50000E-01   1.41406E-01   6.06230E-01 
    4.25282E-06   2.35987E-03   0.00000E+00   7.86525E-01   2.13475E-01  NONE
   7.03000E+02   1.00199E-05   7.34496E-04   9.82528E-01   7.53190E-08 
    1.67250E-02   2.41860E-06   2.50000E-01   1.41689E-01   6.05960E-01 
    4.27793E-06   2.34608E-03   0.00000E+00   7.86519E-01   2.13481E-01  NONE
   6.93000E+02   8.30670E-06   6.61850E-04   9.82598E-01   6.88742E-08 
    1.67291E-02   2.41861E-06   2.50000E-01   1.41953E-01   6.05711E-01 
    4.30157E-06   2.33155E-03   0.00000E+00   7.86513E-01   2.13487E-01  NONE
   6.83000E+02   6.85133E-06   5.94524E-04   9.82663E-01   6.28237E-08 
    1.67333E-02   2.41863E-06   2.50000E-01   1.42198E-01   6.05481E-01 
    4.32377E-06   2.31625E-03   0.00000E+00   7.86509E-01   2.13491E-01  NONE
   6.73000E+02   5.62065E-06   5.32311E-04   9.82722E-01   5.71566E-08 
    1.67377E-02   2.41864E-06   2.50000E-01   1.42425E-01   6.05270E-01 
    4.34457E-06   2.30014E-03   0.00000E+00   7.86505E-01   2.13495E-01  NONE
