
 Phase Region for:
     CEMENTITE                     
     FCC_A1#1                      
 col-1=T, col-2=X(CEMENTITE,C), col-3=X(CEMENTITE,CR), col-4=X(CEMENTITE,FE),
   col-5=X(CEMENTITE,MN), col-6=X(CEMENTITE,NI), col-7=X(CEMENTITE,SI),
   col-8=X(FCC_A1#1,C), col-9=X(FCC_A1#1,CR), col-10=X(FCC_A1#1,FE),
   col-11=X(FCC_A1#1,MN), col-12=X(FCC_A1#1,NI), col-13=X(FCC_A1#1,SI),
   col-14=NP(CEMENTITE), col-15=NP(FCC_A1#1),
   1.17300E+03   2.50000E-01   2.19794E-01   5.27214E-01   1.01532E-06 
    2.99151E-03   0.00000E+00   3.41707E-02   3.49216E-02   8.93742E-01 
    9.67921E-07   3.71626E-02   2.08711E-06   8.89016E-02   9.11098E-01
   1.18300E+03   2.50000E-01   2.19116E-01   5.27824E-01   1.01012E-06 
    3.05935E-03   0.00000E+00   3.53540E-02   3.59972E-02   8.91677E-01 
    9.68658E-07   3.69691E-02   2.07566E-06   8.38788E-02   9.16121E-01
   1.19300E+03   2.50000E-01   2.18440E-01   5.28431E-01   1.00510E-06 
    3.12781E-03   0.00000E+00   3.65622E-02   3.70857E-02   8.89577E-01 
    9.69320E-07   3.67724E-02   2.06398E-06   7.86931E-02   9.21307E-01
   1.20300E+03   2.50000E-01   2.17766E-01   5.29036E-01   1.00025E-06 
    3.19688E-03   0.00000E+00   3.77952E-02   3.81867E-02   8.87443E-01 
    9.69910E-07   3.65725E-02   2.05206E-06   7.33398E-02   9.26660E-01
   1.21300E+03   2.50000E-01   2.17095E-01   5.29638E-01   9.95586E-07 
    3.26656E-03   0.00000E+00   3.90531E-02   3.93000E-02   8.85274E-01 
    9.70429E-07   3.63696E-02   2.03989E-06   6.78140E-02   9.32186E-01
   1.22300E+03   2.50000E-01   2.16428E-01   5.30235E-01   9.91090E-07 
    3.33683E-03   0.00000E+00   4.03359E-02   4.04254E-02   8.83072E-01 
    9.70880E-07   3.61637E-02   2.02749E-06   6.21107E-02   9.37889E-01
   1.23300E+03   2.50000E-01   2.15765E-01   5.30826E-01   9.86762E-07 
    3.40769E-03   0.00000E+00   4.16434E-02   4.15625E-02   8.80836E-01 
    9.71264E-07   3.59547E-02   2.01484E-06   5.62249E-02   9.43775E-01
   1.24300E+03   2.50000E-01   2.15108E-01   5.31412E-01   9.82598E-07 
    3.47913E-03   0.00000E+00   4.29758E-02   4.27112E-02   8.78567E-01 
    9.71583E-07   3.57428E-02   2.00196E-06   5.01509E-02   9.49849E-01
   1.25300E+03   2.50000E-01   2.14457E-01   5.31991E-01   9.78593E-07 
    3.55114E-03   0.00000E+00   4.43329E-02   4.38711E-02   8.76265E-01 
    9.71839E-07   3.55280E-02   1.98884E-06   4.38834E-02   9.56117E-01
   1.26300E+03   2.50000E-01   2.13813E-01   5.32563E-01   9.74746E-07 
    3.62372E-03   0.00000E+00   4.57146E-02   4.50422E-02   8.73930E-01 
    9.72034E-07   3.53104E-02   1.97547E-06   3.74165E-02   9.62584E-01
   1.27300E+03   2.50000E-01   2.13177E-01   5.33126E-01   9.71052E-07 
    3.69686E-03   0.00000E+00   4.71209E-02   4.62242E-02   8.71562E-01 
    9.72170E-07   3.50899E-02   1.96187E-06   3.07440E-02   9.69256E-01
   1.28300E+03   2.50000E-01   2.12549E-01   5.33679E-01   9.67509E-07 
    3.77054E-03   0.00000E+00   4.85518E-02   4.74170E-02   8.69162E-01 
    9.72248E-07   3.48667E-02   1.94804E-06   2.38598E-02   9.76140E-01
   1.29300E+03   2.50000E-01   2.11932E-01   5.34222E-01   9.64114E-07 
    3.84476E-03   0.00000E+00   5.00069E-02   4.86204E-02   8.66729E-01 
    9.72272E-07   3.46408E-02   1.93397E-06   1.67572E-02   9.83243E-01
   1.30300E+03   2.50000E-01   2.11325E-01   5.34755E-01   9.60864E-07 
    3.91951E-03   0.00000E+00   5.14864E-02   4.98343E-02   8.64264E-01 
    9.72243E-07   3.44123E-02   1.91966E-06   9.42931E-03   9.90571E-01
   1.31300E+03   2.50000E-01   2.10730E-01   5.35275E-01   9.57757E-07 
    3.99478E-03   0.00000E+00   5.29900E-02   5.10586E-02   8.61767E-01 
    9.72162E-07   3.41812E-02   1.90512E-06   1.86903E-03   9.98131E-01
   1.31542E+03   2.50000E-01   2.10587E-01   5.35399E-01   9.57025E-07 
    4.01310E-03   0.00000E+00   5.33583E-02   5.13570E-02   8.61157E-01 
    9.72135E-07   3.41248E-02   1.90156E-06   0.00000E+00   1.00000E+00

 Phase Region for:
     FCC_A1#1                      
 col-1=T, col-2=X(FCC_A1#1,C), col-3=X(FCC_A1#1,CR), col-4=X(FCC_A1#1,FE),
   col-5=X(FCC_A1#1,MN), col-6=X(FCC_A1#1,NI), col-7=X(FCC_A1#1,SI),
   col-8=NP(FCC_A1#1),
   1.31542E+03   5.33583E-02   5.13570E-02   8.61157E-01   9.72135E-07 
    3.41248E-02   1.90156E-06   1.00000E+00
   1.32300E+03   5.33583E-02   5.13570E-02   8.61157E-01   9.72135E-07 
    3.41248E-02   1.90156E-06   1.00000E+00
   1.33300E+03   5.33583E-02   5.13570E-02   8.61157E-01   9.72135E-07 
    3.41248E-02   1.90156E-06   1.00000E+00
   1.34300E+03   5.33583E-02   5.13570E-02   8.61157E-01   9.72135E-07 
    3.41248E-02   1.90156E-06   1.00000E+00
   1.35300E+03   5.33583E-02   5.13570E-02   8.61157E-01   9.72135E-07 
    3.41248E-02   1.90156E-06   1.00000E+00
   1.36300E+03   5.33583E-02   5.13570E-02   8.61157E-01   9.72135E-07 
    3.41248E-02   1.90156E-06   1.00000E+00
   1.37300E+03   5.33583E-02   5.13570E-02   8.61157E-01   9.72135E-07 
    3.41248E-02   1.90156E-06   1.00000E+00
   1.38300E+03   5.33583E-02   5.13570E-02   8.61157E-01   9.72135E-07 
    3.41248E-02   1.90156E-06   1.00000E+00
   1.39300E+03   5.33583E-02   5.13570E-02   8.61157E-01   9.72135E-07 
    3.41248E-02   1.90156E-06   1.00000E+00
   1.40300E+03   5.33583E-02   5.13570E-02   8.61157E-01   9.72135E-07 
    3.41248E-02   1.90156E-06   1.00000E+00
   1.41300E+03   5.33583E-02   5.13570E-02   8.61157E-01   9.72135E-07 
    3.41248E-02   1.90156E-06   1.00000E+00
   1.42300E+03   5.33583E-02   5.13570E-02   8.61157E-01   9.72135E-07 
    3.41248E-02   1.90156E-06   1.00000E+00
   1.43300E+03   5.33583E-02   5.13570E-02   8.61157E-01   9.72135E-07 
    3.41248E-02   1.90156E-06   1.00000E+00
   1.44300E+03   5.33583E-02   5.13570E-02   8.61157E-01   9.72135E-07 
    3.41248E-02   1.90156E-06   1.00000E+00
   1.45300E+03   5.33583E-02   5.13570E-02   8.61157E-01   9.72135E-07 
    3.41248E-02   1.90156E-06   1.00000E+00
   1.46300E+03   5.33583E-02   5.13570E-02   8.61157E-01   9.72135E-07 
    3.41248E-02   1.90156E-06   1.00000E+00
   1.47300E+03   5.33583E-02   5.13570E-02   8.61157E-01   9.72135E-07 
    3.41248E-02   1.90156E-06   1.00000E+00

 Phase Region for:
     CEMENTITE                     
     FCC_A1#1                      
 col-1=T, col-2=X(CEMENTITE,C), col-3=X(CEMENTITE,CR), col-4=X(CEMENTITE,FE),
   col-5=X(CEMENTITE,MN), col-6=X(CEMENTITE,NI), col-7=X(CEMENTITE,SI),
   col-8=X(FCC_A1#1,C), col-9=X(FCC_A1#1,CR), col-10=X(FCC_A1#1,FE),
   col-11=X(FCC_A1#1,MN), col-12=X(FCC_A1#1,NI), col-13=X(FCC_A1#1,SI),
   col-14=NP(CEMENTITE), col-15=NP(FCC_A1#1),
   1.17300E+03   2.50000E-01   2.19794E-01   5.27214E-01   1.01532E-06 
    2.99151E-03   0.00000E+00   3.41707E-02   3.49216E-02   8.93742E-01 
    9.67921E-07   3.71626E-02   2.08711E-06   8.89016E-02   9.11098E-01
   1.16300E+03   2.50000E-01   2.20472E-01   5.26603E-01   1.02072E-06 
    2.92430E-03   0.00000E+00   3.30122E-02   3.38591E-02   8.95773E-01 
    9.67109E-07   3.73530E-02   2.09831E-06   9.37659E-02   9.06234E-01
   1.15300E+03   2.50000E-01   2.21150E-01   5.25991E-01   1.02631E-06 
    2.85771E-03   0.00000E+00   3.18785E-02   3.28100E-02   8.97768E-01 
    9.66218E-07   3.75402E-02   2.10927E-06   9.84762E-02   9.01524E-01
   1.14300E+03   2.50000E-01   2.21828E-01   5.25379E-01   1.03209E-06 
    2.79176E-03   0.00000E+00   3.07695E-02   3.17745E-02   8.99729E-01 
    9.65248E-07   3.77241E-02   2.12000E-06   1.03037E-01   8.96963E-01
   1.13300E+03   2.50000E-01   2.22504E-01   5.24769E-01   1.03809E-06 
    2.72644E-03   0.00000E+00   2.96852E-02   3.07531E-02   9.01654E-01 
    9.64196E-07   3.79047E-02   2.13048E-06   1.07451E-01   8.92549E-01
   1.12300E+03   2.50000E-01   2.23178E-01   5.24160E-01   1.04429E-06 
    2.66178E-03   0.00000E+00   2.86254E-02   2.97460E-02   9.03543E-01 
    9.63060E-07   3.80821E-02   2.14073E-06   1.11724E-01   8.88276E-01
   1.11300E+03   2.50000E-01   2.23848E-01   5.23553E-01   1.05071E-06 
    2.59777E-03   0.00000E+00   2.75900E-02   2.87535E-02   9.05397E-01 
    9.61839E-07   3.82561E-02   2.15074E-06   1.15859E-01   8.84141E-01
   1.10300E+03   2.50000E-01   2.24515E-01   5.22950E-01   1.05735E-06 
    2.53441E-03   0.00000E+00   2.65790E-02   2.77758E-02   9.07215E-01 
    9.60531E-07   3.84268E-02   2.16052E-06   1.19860E-01   8.80140E-01
   1.09300E+03   2.50000E-01   2.25177E-01   5.22350E-01   1.06421E-06 
    2.47172E-03   0.00000E+00   2.55922E-02   2.68133E-02   9.08997E-01 
    9.59134E-07   3.85942E-02   2.17006E-06   1.23731E-01   8.76269E-01
   1.08300E+03   2.50000E-01   2.25834E-01   5.21755E-01   1.07132E-06 
    2.40969E-03   0.00000E+00   2.46294E-02   2.58663E-02   9.10743E-01 
    9.57645E-07   3.87583E-02   2.17937E-06   1.27474E-01   8.72526E-01
   1.07300E+03   2.50000E-01   2.26485E-01   5.21165E-01   1.07866E-06 
    2.34833E-03   0.00000E+00   2.36904E-02   2.49350E-02   9.12453E-01 
    9.56063E-07   3.89190E-02   2.18845E-06   1.31094E-01   8.68906E-01
   1.06300E+03   2.50000E-01   2.27130E-01   5.20582E-01   1.08626E-06 
    2.28765E-03   0.00000E+00   2.27752E-02   2.40196E-02   9.14126E-01 
    9.54386E-07   3.90763E-02   2.19730E-06   1.34594E-01   8.65406E-01
   1.05300E+03   2.50000E-01   2.27766E-01   5.20005E-01   1.09411E-06 
    2.22765E-03   0.00000E+00   2.18834E-02   2.31206E-02   9.15763E-01 
    9.52612E-07   3.92303E-02   2.20593E-06   1.37977E-01   8.62023E-01
   1.04300E+03   2.50000E-01   2.28395E-01   5.19436E-01   1.10223E-06 
    2.16833E-03   0.00000E+00   2.10149E-02   2.22381E-02   9.17363E-01 
    9.50738E-07   3.93809E-02   2.21432E-06   1.41247E-01   8.58753E-01
   1.03300E+03   2.50000E-01   2.29014E-01   5.18875E-01   1.11061E-06 
    2.10970E-03   0.00000E+00   2.01695E-02   2.13723E-02   9.18927E-01 
    9.48763E-07   3.95282E-02   2.22250E-06   1.44406E-01   8.55594E-01
   1.02300E+03   2.50000E-01   2.29624E-01   5.18323E-01   1.11929E-06 
    2.05177E-03   0.00000E+00   1.93468E-02   2.05236E-02   9.20454E-01 
    9.46684E-07   3.96722E-02   2.23046E-06   1.47457E-01   8.52543E-01
   1.01300E+03   2.50000E-01   2.30224E-01   5.17781E-01   1.12825E-06 
    1.99453E-03   0.00000E+00   1.85467E-02   1.96922E-02   9.21945E-01 
    9.44499E-07   3.98128E-02   2.23819E-06   1.50404E-01   8.49596E-01
   1.00300E+03   2.50000E-01   2.30812E-01   5.17249E-01   1.13751E-06 
    1.93799E-03   0.00000E+00   1.77689E-02   1.88782E-02   9.23400E-01 
    9.42206E-07   3.99501E-02   2.24571E-06   1.53250E-01   8.46750E-01
   9.93000E+02   2.50000E-01   2.31388E-01   5.16728E-01   1.14708E-06 
    1.88215E-03   0.00000E+00   1.70131E-02   1.80819E-02   9.24818E-01 
    9.39801E-07   4.00841E-02   2.25302E-06   1.55996E-01   8.44004E-01
   9.83843E+02   2.50000E-01   2.31905E-01   5.16262E-01   1.15612E-06 
    1.83165E-03   0.00000E+00   1.63402E-02   1.73685E-02   9.26084E-01 
    9.37500E-07   4.02040E-02   2.25953E-06   1.58427E-01   8.41573E-01

 Phase Region for:
     BCC_A2                        
     CEMENTITE                     
     FCC_A1#1                      
 col-1=T, col-2=X(BCC_A2,C), col-3=X(BCC_A2,CR), col-4=X(BCC_A2,FE),
   col-5=X(BCC_A2,MN), col-6=X(BCC_A2,NI), col-7=X(BCC_A2,SI),
   col-8=X(CEMENTITE,C), col-9=X(CEMENTITE,CR), col-10=X(CEMENTITE,FE),
   col-11=X(CEMENTITE,MN), col-12=X(CEMENTITE,NI), col-13=X(CEMENTITE,SI),
   col-14=X(FCC_A1#1,C), col-15=X(FCC_A1#1,CR), col-16=X(FCC_A1#1,FE),
   col-17=X(FCC_A1#1,MN), col-18=X(FCC_A1#1,NI), col-19=X(FCC_A1#1,SI),
   col-20=NP(BCC_A2), col-21=NP(CEMENTITE), col-22=NP(FCC_A1#1),
   9.83843E+02   3.56289E-04   1.09781E-02   9.71921E-01   2.15805E-07 
    1.67412E-02   3.06089E-06   2.50000E-01   2.31905E-01   5.16262E-01 
    1.15612E-06   1.83165E-03   0.00000E+00   1.63402E-02   1.73685E-02 
    9.26084E-01   9.37502E-07   4.02041E-02   2.25953E-06   2.57777E-06 
    1.58427E-01   8.41570E-01
   9.83000E+02   3.53654E-04   1.08896E-02   9.71790E-01   2.17509E-07 
    1.69639E-02   3.03398E-06   2.50000E-01   2.31263E-01   5.16875E-01 
    1.17244E-06   1.86036E-03   0.00000E+00   1.62908E-02   1.72344E-02 
    9.25589E-01   9.52697E-07   4.08827E-02   2.24380E-06   2.14012E-02 
    1.60064E-01   8.18534E-01
   9.73000E+02   3.21906E-04   9.97722E-03   9.70116E-01   2.36098E-07 
    1.95821E-02   2.79465E-06   2.50000E-01   2.25285E-01   5.22516E-01 
    1.36349E-06   2.19779E-03   0.00000E+00   1.56078E-02   1.58198E-02 
    9.19326E-01   1.14179E-06   4.92432E-02   2.11899E-06   2.30421E-01 
    1.76084E-01   5.93495E-01
   9.63000E+02   2.90425E-04   9.24918E-03   9.68334E-01   2.51697E-07 
    2.21231E-02   2.65021E-06   2.50000E-01   2.21595E-01   5.25879E-01 
    1.54927E-06   2.52447E-03   0.00000E+00   1.47961E-02   1.46493E-02 
    9.12435E-01   1.34840E-06   5.81157E-02   2.07036E-06   3.77378E-01 
    1.87226E-01   4.35396E-01
   9.53000E+02   2.60351E-04   8.63944E-03   9.66545E-01   2.64429E-07 
    2.45522E-02   2.55848E-06   2.50000E-01   2.19430E-01   5.27733E-01 
    1.72958E-06   2.83535E-03   0.00000E+00   1.39117E-02   1.36425E-02 
    9.05010E-01   1.57491E-06   6.74318E-02   2.06784E-06   4.82980E-01 
    1.95011E-01   3.22009E-01
   9.43000E+02   2.32263E-04   8.10824E-03   9.64807E-01   2.74513E-07 
    2.68499E-02   2.49852E-06   2.50000E-01   2.18293E-01   5.28577E-01 
    1.90491E-06   3.12763E-03   0.00000E+00   1.29916E-02   1.27504E-02 
    8.97106E-01   1.82456E-06   7.71477E-02   2.09696E-06   5.60327E-01 
    2.00483E-01   2.39190E-01
   9.33000E+02   2.06411E-04   7.63121E-03   9.63153E-01   2.82194E-07 
    2.90065E-02   2.45888E-06   2.50000E-01   2.17859E-01   5.28739E-01 
    2.07600E-06   3.39993E-03   0.00000E+00   1.20610E-02   1.19422E-02 
    8.88759E-01   2.10135E-06   8.72340E-02   2.15030E-06   6.17887E-01 
    2.04347E-01   1.77766E-01
   9.23000E+02   1.82850E-04   7.19300E-03   9.61604E-01   2.87710E-07 
    3.10179E-02   2.43285E-06   2.50000E-01   2.17912E-01   5.28434E-01 
    2.24366E-06   3.65166E-03   0.00000E+00   1.11373E-02   1.11986E-02 
    8.79991E-01   2.40997E-06   9.76685E-02   2.22406E-06   6.61273E-01 
    2.07085E-01   1.31642E-01
   9.13000E+02   1.61528E-04   6.78379E-03   9.60169E-01   2.91287E-07 
    3.28833E-02   2.41628E-06   2.50000E-01   2.18303E-01   5.27812E-01 
    2.40869E-06   3.88276E-03   0.00000E+00   1.02334E-02   1.05072E-02 
    8.70823E-01   2.75587E-06   1.08432E-01   2.31646E-06   6.94302E-01 
    2.09027E-01   9.66711E-02
   9.03000E+02   1.42333E-04   6.39716E-03   9.58853E-01   2.93132E-07 
    3.46045E-02   2.40645E-06   2.50000E-01   2.18929E-01   5.26975E-01 
    2.57186E-06   4.09348E-03   0.00000E+00   9.35852E-03   9.85968E-03 
    8.61273E-01   3.14529E-06   1.19504E-01   2.42697E-06   7.19631E-01 
    2.10404E-01   6.99643E-02
   8.93000E+02   1.25124E-04   6.02890E-03   9.57659E-01   2.93435E-07 
    3.61844E-02   2.40156E-06   2.50000E-01   2.19717E-01   5.25996E-01 
    2.73391E-06   4.28425E-03   0.00000E+00   8.51994E-03   9.25040E-03 
    8.51362E-01   3.58539E-06   1.30862E-01   2.55589E-06   7.39157E-01 
    2.11377E-01   4.94662E-02
   8.83000E+02   1.09749E-04   5.67623E-03   9.56585E-01   2.92370E-07 
    3.76268E-02   2.40034E-06   2.50000E-01   2.20613E-01   5.24929E-01 
    2.89558E-06   4.45564E-03   0.00000E+00   7.72260E-03   8.67499E-03 
    8.41108E-01   4.08403E-06   1.42488E-01   2.70426E-06   7.54253E-01 
    2.12061E-01   3.36857E-02
   8.73000E+02   9.60507E-05   5.33733E-03   9.55628E-01   2.90089E-07 
    3.89360E-02   2.40190E-06   2.50000E-01   2.21578E-01   5.23810E-01 
    3.05748E-06   4.60829E-03   0.00000E+00   6.97063E-03   8.13072E-03 
    8.30539E-01   4.65026E-06   1.54352E-01   2.87358E-06   7.65933E-01 
    2.12539E-01   2.15286E-02
   8.63000E+02   8.38788E-05   5.01105E-03   9.54786E-01   2.86726E-07 
    4.01166E-02   2.40559E-06   2.50000E-01   2.22584E-01   5.22670E-01 
    3.22019E-06   4.74285E-03   0.00000E+00   6.26635E-03   7.61491E-03 
    8.19679E-01   5.29369E-06   1.66431E-01   3.06597E-06   7.74955E-01 
    2.12868E-01   1.21769E-02
   8.53000E+02   7.30882E-05   4.69667E-03   9.54054E-01   2.82391E-07 
    4.11731E-02   2.41093E-06   2.50000E-01   2.23608E-01   5.21529E-01 
    3.38410E-06   4.86000E-03   0.00000E+00   5.61100E-03   7.12526E-03 
    8.08551E-01   6.02457E-06   1.78703E-01   3.28414E-06   7.81893E-01 
    2.13092E-01   5.01475E-03
   8.43892E+02   6.43479E-05   4.42033E-03   9.53481E-01   2.77670E-07 
    4.20312E-02   2.41692E-06   2.50000E-01   2.24542E-01   5.20502E-01 
    3.53454E-06   4.95209E-03   0.00000E+00   5.05690E-03   6.70023E-03 
    7.98200E-01   6.77505E-06   1.90032E-01   3.50812E-06   7.86769E-01 
    2.13231E-01   0.00000E+00

 Phase Region for:
     BCC_A2                        
     CEMENTITE                     
 col-1=T, col-2=X(BCC_A2,C), col-3=X(BCC_A2,CR), col-4=X(BCC_A2,FE),
   col-5=X(BCC_A2,MN), col-6=X(BCC_A2,NI), col-7=X(BCC_A2,SI),
   col-8=X(CEMENTITE,C), col-9=X(CEMENTITE,CR), col-10=X(CEMENTITE,FE),
   col-11=X(CEMENTITE,MN), col-12=X(CEMENTITE,NI), col-13=X(CEMENTITE,SI),
   col-14=NP(BCC_A2), col-15=NP(CEMENTITE),
   8.43892E+02   6.43479E-05   4.42033E-03   9.53481E-01   2.77670E-07 
    4.20312E-02   2.41692E-06   2.50000E-01   2.24542E-01   5.20502E-01 
    3.53454E-06   4.95209E-03   0.00000E+00   7.86769E-01   2.13231E-01  NONE
   8.43000E+02   6.35493E-05   4.39305E-03   9.53509E-01   2.76270E-07 
    4.20317E-02   2.41693E-06   2.50000E-01   2.24640E-01   5.20406E-01 
    3.53967E-06   4.95052E-03   0.00000E+00   7.86767E-01   2.13233E-01  NONE
   8.33000E+02   5.51800E-05   4.09406E-03   9.53810E-01   2.60817E-07 
    4.20378E-02   2.41701E-06   2.50000E-01   2.25716E-01   5.19348E-01 
    3.59628E-06   4.93246E-03   0.00000E+00   7.86741E-01   2.13259E-01  NONE
   8.23000E+02   4.77986E-05   3.80742E-03   9.54098E-01   2.45813E-07 
    4.20440E-02   2.41708E-06   2.50000E-01   2.26749E-01   5.18334E-01 
    3.65126E-06   4.91360E-03   0.00000E+00   7.86717E-01   2.13283E-01  NONE
   8.13000E+02   4.13013E-05   3.53318E-03   9.54373E-01   2.31269E-07 
    4.20503E-02   2.41714E-06   2.50000E-01   2.27739E-01   5.17363E-01 
    3.70457E-06   4.89393E-03   0.00000E+00   7.86697E-01   2.13303E-01  NONE
   8.03000E+02   3.55939E-05   3.27140E-03   9.54634E-01   2.17193E-07 
    4.20567E-02   2.41720E-06   2.50000E-01   2.28686E-01   5.16437E-01 
    3.75619E-06   4.87343E-03   0.00000E+00   7.86679E-01   2.13321E-01  NONE
   7.93000E+02   3.05912E-05   3.02207E-03   9.54881E-01   2.03595E-07 
    4.20633E-02   2.41725E-06   2.50000E-01   2.29588E-01   5.15556E-01 
    3.80607E-06   4.85208E-03   0.00000E+00   7.86663E-01   2.13337E-01  NONE
   7.83000E+02   2.62162E-05   2.78515E-03   9.55116E-01   1.90483E-07 
    4.20700E-02   2.41729E-06   2.50000E-01   2.30447E-01   5.14719E-01 
    3.85418E-06   4.82984E-03   0.00000E+00   7.86649E-01   2.13351E-01  NONE
   7.73000E+02   2.23992E-05   2.56055E-03   9.55338E-01   1.77862E-07 
    4.20768E-02   2.41733E-06   2.50000E-01   2.31263E-01   5.13927E-01 
    3.90051E-06   4.80667E-03   0.00000E+00   7.86637E-01   2.13363E-01  NONE
   7.63000E+02   1.90774E-05   2.34815E-03   9.55546E-01   1.65738E-07 
    4.20839E-02   2.41736E-06   2.50000E-01   2.32034E-01   5.13179E-01 
    3.94502E-06   4.78254E-03   0.00000E+00   7.86627E-01   2.13373E-01  NONE
   7.53000E+02   1.61942E-05   2.14780E-03   9.55742E-01   1.54116E-07 
    4.20911E-02   2.41739E-06   2.50000E-01   2.32763E-01   5.12475E-01 
    3.98771E-06   4.75739E-03   0.00000E+00   7.86618E-01   2.13382E-01  NONE
   7.43000E+02   1.36987E-05   1.95930E-03   9.55926E-01   1.42998E-07 
    4.20986E-02   2.41741E-06   2.50000E-01   2.33450E-01   5.11815E-01 
    4.02855E-06   4.73117E-03   0.00000E+00   7.86610E-01   2.13390E-01  NONE
   7.33000E+02   1.15450E-05   1.78241E-03   9.56097E-01   1.32385E-07 
    4.21063E-02   2.41743E-06   2.50000E-01   2.34094E-01   5.11198E-01 
    4.06755E-06   4.70383E-03   0.00000E+00   7.86603E-01   2.13397E-01  NONE
   7.23000E+02   9.69218E-06   1.61687E-03   9.56257E-01   1.22277E-07 
    4.21144E-02   2.41745E-06   2.50000E-01   2.34698E-01   5.10622E-01 
    4.10470E-06   4.67529E-03   0.00000E+00   7.86597E-01   2.13403E-01  NONE
   7.13000E+02   8.10344E-06   1.46239E-03   9.56404E-01   1.12673E-07 
    4.21227E-02   2.41746E-06   2.50000E-01   2.35262E-01   5.10088E-01 
    4.14000E-06   4.64551E-03   0.00000E+00   7.86592E-01   2.13408E-01  NONE
   7.03000E+02   6.74591E-06   1.31864E-03   9.56541E-01   1.03568E-07 
    4.21313E-02   2.41748E-06   2.50000E-01   2.35787E-01   5.09594E-01 
    4.17348E-06   4.61439E-03   0.00000E+00   7.86588E-01   2.13412E-01  NONE
   6.93000E+02   5.59025E-06   1.18528E-03   9.56666E-01   9.49575E-08 
    4.21403E-02   2.41749E-06   2.50000E-01   2.36275E-01   5.09139E-01 
    4.20515E-06   4.58188E-03   0.00000E+00   7.86585E-01   2.13415E-01  NONE
   6.83000E+02   4.61031E-06   1.06192E-03   9.56781E-01   8.68354E-08 
    4.21497E-02   2.41750E-06   2.50000E-01   2.36726E-01   5.08722E-01 
    4.23502E-06   4.54789E-03   0.00000E+00   7.86581E-01   2.13419E-01  NONE
   6.82105E+02   4.53039E-06   1.05136E-03   9.56791E-01   8.61323E-08 
    4.21505E-02   2.41750E-06   2.50000E-01   2.36765E-01   5.08686E-01 
    4.23761E-06   4.54477E-03   0.00000E+00   7.86581E-01   2.13419E-01  NONE

 Phase Region for:
     BCC_A2                        
     CEMENTITE                     
     FCC_A1#1                      
 col-1=T, col-2=X(BCC_A2,C), col-3=X(BCC_A2,CR), col-4=X(BCC_A2,FE),
   col-5=X(BCC_A2,MN), col-6=X(BCC_A2,NI), col-7=X(BCC_A2,SI),
   col-8=X(CEMENTITE,C), col-9=X(CEMENTITE,CR), col-10=X(CEMENTITE,FE),
   col-11=X(CEMENTITE,MN), col-12=X(CEMENTITE,NI), col-13=X(CEMENTITE,SI),
   col-14=X(FCC_A1#1,C), col-15=X(FCC_A1#1,CR), col-16=X(FCC_A1#1,FE),
   col-17=X(FCC_A1#1,MN), col-18=X(FCC_A1#1,NI), col-19=X(FCC_A1#1,SI),
   col-20=NP(BCC_A2), col-21=NP(CEMENTITE), col-22=NP(FCC_A1#1),
   6.82105E+02   4.53038E-06   1.05136E-03   9.56791E-01   8.61322E-08 
    4.21505E-02   2.41750E-06   2.50000E-01   2.36765E-01   5.08686E-01 
    4.23761E-06   4.54477E-03   0.00000E+00   2.21419E-04   2.48249E-04 
    5.23637E-01   5.58195E-06   4.75862E-01   2.54326E-05   7.86581E-01 
    2.13419E-01   2.61880E-08
   6.73000E+02   3.79453E-06   9.43044E-04   9.58253E-01   7.76660E-08 
    4.07973E-02   2.34119E-06   2.50000E-01   2.37172E-01   5.08465E-01 
    4.22911E-06   4.35850E-03   0.00000E+00   1.69065E-04   1.25395E-04 
    5.05393E-01   3.55650E-06   4.94282E-01   2.69912E-05   7.84145E-01 
    2.13420E-01   2.43500E-03
