
 Phase Region for:
     CEMENTITE                     
     FCC_A1#1                      
 col-1=T, col-2=X(CEMENTITE,C), col-3=X(CEMENTITE,CR), col-4=X(CEMENTITE,FE),
   col-5=X(CEMENTITE,MN), col-6=X(CEMENTITE,NI), col-7=X(CEMENTITE,SI),
   col-8=X(FCC_A1#1,C), col-9=X(FCC_A1#1,CR), col-10=X(FCC_A1#1,FE),
   col-11=X(FCC_A1#1,MN), col-12=X(FCC_A1#1,NI), col-13=X(FCC_A1#1,SI),
   col-14=NP(CEMENTITE), col-15=NP(FCC_A1#1),
   1.17300E+03   2.50000E-01   1.29390E-01   6.17483E-01   1.02862E-06 
    3.12590E-03   0.00000E+00   3.71477E-02   2.26312E-02   8.81031E-01 
    9.54124E-07   2.88199E-02   3.03696E-02   7.29150E-02   9.27085E-01
   1.18300E+03   2.50000E-01   1.29059E-01   6.17743E-01   1.02330E-06 
    3.19610E-03   0.00000E+00   3.83916E-02   2.32790E-02   8.79472E-01 
    9.54945E-07   2.86646E-02   3.01922E-02   6.74654E-02   9.32535E-01
   1.19300E+03   2.50000E-01   1.28730E-01   6.18002E-01   1.01818E-06 
    3.26681E-03   0.00000E+00   3.96583E-02   2.39339E-02   8.77888E-01 
    9.55692E-07   2.85075E-02   3.00114E-02   6.18496E-02   9.38150E-01
   1.20300E+03   2.50000E-01   1.28403E-01   6.18258E-01   1.01324E-06 
    3.33800E-03   0.00000E+00   4.09478E-02   2.45958E-02   8.76279E-01 
    9.56368E-07   2.83485E-02   2.98274E-02   5.60626E-02   9.43937E-01
   1.21300E+03   2.50000E-01   1.28078E-01   6.18511E-01   1.00850E-06 
    3.40968E-03   0.00000E+00   4.22603E-02   2.52646E-02   8.74646E-01 
    9.56975E-07   2.81877E-02   2.96402E-02   5.00991E-02   9.49901E-01
   1.22300E+03   2.50000E-01   1.27756E-01   6.18761E-01   1.00393E-06 
    3.48182E-03   0.00000E+00   4.35956E-02   2.59403E-02   8.72988E-01 
    9.57516E-07   2.80252E-02   2.94497E-02   4.39537E-02   9.56046E-01
   1.23300E+03   2.50000E-01   1.27437E-01   6.19008E-01   9.99542E-07 
    3.55441E-03   0.00000E+00   4.49539E-02   2.66228E-02   8.71306E-01 
    9.57993E-07   2.78608E-02   2.92559E-02   3.76206E-02   9.62379E-01
   1.24300E+03   2.50000E-01   1.27122E-01   6.19250E-01   9.95331E-07 
    3.62745E-03   0.00000E+00   4.63351E-02   2.73120E-02   8.69598E-01 
    9.58408E-07   2.76947E-02   2.90588E-02   3.10938E-02   9.68906E-01
   1.25300E+03   2.50000E-01   1.26810E-01   6.19488E-01   9.91292E-07 
    3.70092E-03   0.00000E+00   4.77394E-02   2.80080E-02   8.67866E-01 
    9.58764E-07   2.75270E-02   2.88584E-02   2.43669E-02   9.75633E-01
   1.26300E+03   2.50000E-01   1.26503E-01   6.19721E-01   9.87423E-07 
    3.77480E-03   0.00000E+00   4.91666E-02   2.87106E-02   8.66109E-01 
    9.59062E-07   2.73575E-02   2.86548E-02   1.74333E-02   9.82567E-01
   1.27300E+03   2.50000E-01   1.26202E-01   6.19948E-01   9.83720E-07 
    3.84909E-03   0.00000E+00   5.06170E-02   2.94200E-02   8.64328E-01 
    9.59305E-07   2.71864E-02   2.84479E-02   1.02859E-02   9.89714E-01
   1.28300E+03   2.50000E-01   1.25905E-01   6.20170E-01   9.80182E-07 
    3.92377E-03   0.00000E+00   5.20905E-02   3.01361E-02   8.62521E-01 
    9.59496E-07   2.70137E-02   2.82376E-02   2.91733E-03   9.97083E-01
   1.28688E+03   2.50000E-01   1.25792E-01   6.20254E-01   9.78855E-07 
    3.95282E-03   0.00000E+00   5.26678E-02   3.04155E-02   8.61814E-01 
    9.59556E-07   2.69464E-02   2.81552E-02   0.00000E+00   1.00000E+00

 Phase Region for:
     FCC_A1#1                      
 col-1=T, col-2=X(FCC_A1#1,C), col-3=X(FCC_A1#1,CR), col-4=X(FCC_A1#1,FE),
   col-5=X(FCC_A1#1,MN), col-6=X(FCC_A1#1,NI), col-7=X(FCC_A1#1,SI),
   col-8=NP(FCC_A1#1),
   1.28688E+03   5.26678E-02   3.04155E-02   8.61814E-01   9.59556E-07 
    2.69464E-02   2.81552E-02   1.00000E+00
   1.29300E+03   5.26678E-02   3.04155E-02   8.61814E-01   9.59556E-07 
    2.69464E-02   2.81552E-02   1.00000E+00
   1.30300E+03   5.26678E-02   3.04155E-02   8.61814E-01   9.59556E-07 
    2.69464E-02   2.81552E-02   1.00000E+00
   1.31300E+03   5.26678E-02   3.04155E-02   8.61814E-01   9.59556E-07 
    2.69464E-02   2.81552E-02   1.00000E+00
   1.32300E+03   5.26678E-02   3.04155E-02   8.61814E-01   9.59556E-07 
    2.69464E-02   2.81552E-02   1.00000E+00
   1.33300E+03   5.26678E-02   3.04155E-02   8.61814E-01   9.59556E-07 
    2.69464E-02   2.81552E-02   1.00000E+00
   1.34300E+03   5.26678E-02   3.04155E-02   8.61814E-01   9.59556E-07 
    2.69464E-02   2.81552E-02   1.00000E+00
   1.35300E+03   5.26678E-02   3.04155E-02   8.61814E-01   9.59556E-07 
    2.69464E-02   2.81552E-02   1.00000E+00
   1.36300E+03   5.26678E-02   3.04155E-02   8.61814E-01   9.59556E-07 
    2.69464E-02   2.81552E-02   1.00000E+00
   1.37300E+03   5.26678E-02   3.04155E-02   8.61814E-01   9.59556E-07 
    2.69464E-02   2.81552E-02   1.00000E+00
   1.38300E+03   5.26678E-02   3.04155E-02   8.61814E-01   9.59556E-07 
    2.69464E-02   2.81552E-02   1.00000E+00
   1.39300E+03   5.26678E-02   3.04155E-02   8.61814E-01   9.59556E-07 
    2.69464E-02   2.81552E-02   1.00000E+00
   1.40300E+03   5.26678E-02   3.04155E-02   8.61814E-01   9.59556E-07 
    2.69464E-02   2.81552E-02   1.00000E+00
   1.41300E+03   5.26678E-02   3.04155E-02   8.61814E-01   9.59556E-07 
    2.69464E-02   2.81552E-02   1.00000E+00
   1.42300E+03   5.26678E-02   3.04155E-02   8.61814E-01   9.59556E-07 
    2.69464E-02   2.81552E-02   1.00000E+00
   1.43300E+03   5.26678E-02   3.04155E-02   8.61814E-01   9.59556E-07 
    2.69464E-02   2.81552E-02   1.00000E+00
   1.44300E+03   5.26678E-02   3.04155E-02   8.61814E-01   9.59556E-07 
    2.69464E-02   2.81552E-02   1.00000E+00
   1.45300E+03   5.26678E-02   3.04155E-02   8.61814E-01   9.59556E-07 
    2.69464E-02   2.81552E-02   1.00000E+00
   1.46300E+03   5.26678E-02   3.04155E-02   8.61814E-01   9.59556E-07 
    2.69464E-02   2.81552E-02   1.00000E+00
   1.47300E+03   5.26678E-02   3.04155E-02   8.61814E-01   9.59556E-07 
    2.69464E-02   2.81552E-02   1.00000E+00

 Phase Region for:
     CEMENTITE                     
     FCC_A1#1                      
 col-1=T, col-2=X(CEMENTITE,C), col-3=X(CEMENTITE,CR), col-4=X(CEMENTITE,FE),
   col-5=X(CEMENTITE,MN), col-6=X(CEMENTITE,NI), col-7=X(CEMENTITE,SI),
   col-8=X(FCC_A1#1,C), col-9=X(FCC_A1#1,CR), col-10=X(FCC_A1#1,FE),
   col-11=X(FCC_A1#1,MN), col-12=X(FCC_A1#1,NI), col-13=X(FCC_A1#1,SI),
   col-14=NP(CEMENTITE), col-15=NP(FCC_A1#1),
   1.17300E+03   2.50000E-01   1.29390E-01   6.17483E-01   1.02862E-06 
    3.12590E-03   0.00000E+00   3.71477E-02   2.26312E-02   8.81031E-01 
    9.54124E-07   2.88199E-02   3.03696E-02   7.29150E-02   9.27085E-01
   1.16300E+03   2.50000E-01   1.29721E-01   6.17222E-01   1.03414E-06 
    3.05622E-03   0.00000E+00   3.59267E-02   2.19906E-02   8.82565E-01 
    9.53229E-07   2.89732E-02   3.05439E-02   7.82030E-02   9.21797E-01
   1.15300E+03   2.50000E-01   1.30053E-01   6.16959E-01   1.03986E-06 
    2.98706E-03   0.00000E+00   3.47284E-02   2.13574E-02   8.84074E-01 
    9.52256E-07   2.91245E-02   3.07148E-02   8.33341E-02   9.16666E-01
   1.14300E+03   2.50000E-01   1.30385E-01   6.16695E-01   1.04579E-06 
    2.91843E-03   0.00000E+00   3.35528E-02   2.07317E-02   8.85558E-01 
    9.51203E-07   2.92739E-02   3.08826E-02   8.83125E-02   9.11687E-01
   1.13300E+03   2.50000E-01   1.30718E-01   6.16431E-01   1.05194E-06 
    2.85036E-03   0.00000E+00   3.24000E-02   2.01135E-02   8.87017E-01 
    9.50068E-07   2.94213E-02   3.10470E-02   9.31426E-02   9.06857E-01
   1.12300E+03   2.50000E-01   1.31049E-01   6.16167E-01   1.05830E-06 
    2.78284E-03   0.00000E+00   3.12699E-02   1.95031E-02   8.88451E-01 
    9.48849E-07   2.95666E-02   3.12083E-02   9.78282E-02   9.02172E-01
   1.11300E+03   2.50000E-01   1.31380E-01   6.15903E-01   1.06489E-06 
    2.71590E-03   0.00000E+00   3.01624E-02   1.89006E-02   8.89860E-01 
    9.47544E-07   2.97098E-02   3.13663E-02   1.02373E-01   8.97627E-01
   1.10300E+03   2.50000E-01   1.31709E-01   6.15640E-01   1.07170E-06 
    2.64954E-03   0.00000E+00   2.90775E-02   1.83061E-02   8.91243E-01 
    9.46150E-07   2.98510E-02   3.15211E-02   1.06781E-01   8.93219E-01
   1.09300E+03   2.50000E-01   1.32037E-01   6.15378E-01   1.07875E-06 
    2.58377E-03   0.00000E+00   2.80151E-02   1.77199E-02   8.92601E-01 
    9.44665E-07   2.99900E-02   3.16727E-02   1.11056E-01   8.88944E-01
   1.08300E+03   2.50000E-01   1.32363E-01   6.15117E-01   1.08605E-06 
    2.51861E-03   0.00000E+00   2.69753E-02   1.71419E-02   8.93934E-01 
    9.43087E-07   3.01269E-02   3.18210E-02   1.15200E-01   8.84800E-01
   1.07300E+03   2.50000E-01   1.32687E-01   6.14858E-01   1.09359E-06 
    2.45406E-03   0.00000E+00   2.59579E-02   1.65725E-02   8.95241E-01 
    9.41414E-07   3.02616E-02   3.19662E-02   1.19218E-01   8.80782E-01
   1.06300E+03   2.50000E-01   1.33009E-01   6.14600E-01   1.10139E-06 
    2.39014E-03   0.00000E+00   2.49629E-02   1.60117E-02   8.96522E-01 
    9.39644E-07   3.03940E-02   3.21082E-02   1.23113E-01   8.76887E-01
   1.05300E+03   2.50000E-01   1.33327E-01   6.14345E-01   1.10945E-06 
    2.32685E-03   0.00000E+00   2.39902E-02   1.54597E-02   8.97778E-01 
    9.37773E-07   3.05243E-02   3.22469E-02   1.26887E-01   8.73113E-01
   1.04300E+03   2.50000E-01   1.33643E-01   6.14092E-01   1.11778E-06 
    2.26420E-03   0.00000E+00   2.30398E-02   1.49166E-02   8.99008E-01 
    9.35800E-07   3.06522E-02   3.23826E-02   1.30543E-01   8.69457E-01
   1.03300E+03   2.50000E-01   1.33955E-01   6.13842E-01   1.12639E-06 
    2.20222E-03   0.00000E+00   2.21115E-02   1.43827E-02   9.00212E-01 
    9.33723E-07   3.07779E-02   3.25150E-02   1.34084E-01   8.65916E-01
   1.02300E+03   2.50000E-01   1.34263E-01   6.13595E-01   1.13528E-06 
    2.14090E-03   0.00000E+00   2.12054E-02   1.38581E-02   9.01390E-01 
    9.31539E-07   3.09013E-02   3.26443E-02   1.37514E-01   8.62486E-01
   1.01300E+03   2.50000E-01   1.34568E-01   6.13351E-01   1.14447E-06 
    2.08026E-03   0.00000E+00   2.03212E-02   1.33428E-02   9.02542E-01 
    9.29245E-07   3.10224E-02   3.27704E-02   1.40834E-01   8.59166E-01
   1.01258E+03   2.50000E-01   1.34581E-01   6.13340E-01   1.14487E-06 
    2.07772E-03   0.00000E+00   2.02846E-02   1.33214E-02   9.02590E-01 
    9.29146E-07   3.10275E-02   3.27757E-02   1.40971E-01   8.59029E-01

 Phase Region for:
     BCC_A2                        
     CEMENTITE                     
     FCC_A1#1                      
 col-1=T, col-2=X(BCC_A2,C), col-3=X(BCC_A2,CR), col-4=X(BCC_A2,FE),
   col-5=X(BCC_A2,MN), col-6=X(BCC_A2,NI), col-7=X(BCC_A2,SI),
   col-8=X(CEMENTITE,C), col-9=X(CEMENTITE,CR), col-10=X(CEMENTITE,FE),
   col-11=X(CEMENTITE,MN), col-12=X(CEMENTITE,NI), col-13=X(CEMENTITE,SI),
   col-14=X(FCC_A1#1,C), col-15=X(FCC_A1#1,CR), col-16=X(FCC_A1#1,FE),
   col-17=X(FCC_A1#1,MN), col-18=X(FCC_A1#1,NI), col-19=X(FCC_A1#1,SI),
   col-20=NP(BCC_A2), col-21=NP(CEMENTITE), col-22=NP(FCC_A1#1),
   1.01258E+03   5.35651E-04   8.58952E-03   9.33423E-01   2.98744E-07 
    1.45573E-02   4.28943E-02   2.50000E-01   1.34581E-01   6.13340E-01 
    1.14487E-06   2.07773E-03   0.00000E+00   2.02845E-02   1.33214E-02 
    9.02590E-01   9.29148E-07   3.10275E-02   3.27756E-02   2.36378E-06 
    1.40972E-01   8.59026E-01
   1.00300E+03   4.90888E-04   7.87083E-03   9.34401E-01   3.18660E-07 
    1.64889E-02   4.07478E-02   2.50000E-01   1.30997E-01   6.16618E-01 
    1.31740E-06   2.38311E-03   0.00000E+00   1.95807E-02   1.22580E-02 
    9.00452E-01   1.07389E-06   3.64750E-02   3.12332E-02   2.03115E-01 
    1.60423E-01   6.36462E-01
   9.93000E+02   4.44892E-04   7.24925E-03   9.34570E-01   3.37906E-07 
    1.86520E-02   3.90835E-02   2.50000E-01   1.28364E-01   6.18903E-01 
    1.51307E-06   2.73174E-03   0.00000E+00   1.86884E-02   1.13093E-02 
    8.96756E-01   1.25053E-06   4.30684E-02   3.01767E-02   3.69473E-01 
    1.76039E-01   4.54488E-01
   9.83000E+02   4.00405E-04   6.74107E-03   9.34037E-01   3.56700E-07 
    2.08985E-02   3.79230E-02   2.50000E-01   1.26701E-01   6.20204E-01 
    1.71806E-06   3.09349E-03   0.00000E+00   1.76772E-02   1.04942E-02 
    8.91842E-01   1.45112E-06   5.04363E-02   2.95493E-02   4.94866E-01 
    1.87413E-01   3.17721E-01
   9.73000E+02   3.58363E-04   6.31435E-03   9.33063E-01   3.73848E-07 
    2.31419E-02   3.71218E-02   2.50000E-01   1.25786E-01   6.20758E-01 
    1.92779E-06   3.45422E-03   0.00000E+00   1.65902E-02   9.77989E-03 
    8.85962E-01   1.67461E-06   5.84388E-02   2.92277E-02   5.87760E-01 
    1.95442E-01   2.16798E-01
   9.63000E+02   3.19316E-04   5.94478E-03   9.31840E-01   3.88767E-07 
    2.53254E-02   3.65698E-02   2.50000E-01   1.25419E-01   6.20775E-01 
    2.13980E-06   3.80449E-03   0.00000E+00   1.54635E-02   9.13999E-03 
    8.79299E-01   1.92151E-06   6.69782E-02   2.91175E-02   6.56228E-01 
    2.01002E-01   1.42769E-01
   9.53000E+02   2.83501E-04   5.61540E-03   9.30497E-01   4.01232E-07 
    2.74140E-02   3.61897E-02   2.50000E-01   1.25440E-01   6.20420E-01 
    2.35291E-06   4.13841E-03   0.00000E+00   1.43243E-02   8.55549E-03 
    8.71976E-01   2.19352E-06   7.59905E-02   2.91519E-02   7.06698E-01 
    2.04799E-01   8.85034E-02
   9.43000E+02   2.50944E-04   5.31478E-03   9.29118E-01   4.11214E-07 
    2.93872E-02   3.59288E-02   2.50000E-01   1.25733E-01   6.19812E-01 
    2.56667E-06   4.45241E-03   0.00000E+00   1.31928E-02   8.01361E-03 
    8.64071E-01   2.49330E-06   8.54346E-02   2.92853E-02   7.43945E-01 
    2.07355E-01   4.87003E-02
   9.33000E+02   2.21538E-04   5.03528E-03   9.27758E-01   4.18784E-07 
    3.12335E-02   3.57511E-02   2.50000E-01   1.26215E-01   6.19037E-01 
    2.78104E-06   4.74445E-03   0.00000E+00   1.20840E-02   7.50597E-03 
    8.55637E-01   2.82426E-06   9.52832E-02   2.94868E-02   7.71435E-01 
    2.09044E-01   1.95207E-02
   9.23980E+02   1.97573E-04   4.79702E-03   9.26578E-01   4.23644E-07 
    3.27851E-02   3.56417E-02   2.50000E-01   1.26762E-01   6.18247E-01 
    2.97504E-06   4.98810E-03   0.00000E+00   1.11128E-02   7.07290E-03 
    8.47604E-01   3.15298E-06   1.04497E-01   2.97095E-02   7.89953E-01 
    2.10047E-01   0.00000E+00

 Phase Region for:
     BCC_A2                        
     CEMENTITE                     
 col-1=T, col-2=X(BCC_A2,C), col-3=X(BCC_A2,CR), col-4=X(BCC_A2,FE),
   col-5=X(BCC_A2,MN), col-6=X(BCC_A2,NI), col-7=X(BCC_A2,SI),
   col-8=X(CEMENTITE,C), col-9=X(CEMENTITE,CR), col-10=X(CEMENTITE,FE),
   col-11=X(CEMENTITE,MN), col-12=X(CEMENTITE,NI), col-13=X(CEMENTITE,SI),
   col-14=NP(BCC_A2), col-15=NP(CEMENTITE),
   9.23980E+02   1.97573E-04   4.79702E-03   9.26578E-01   4.23644E-07 
    3.27851E-02   3.56417E-02   2.50000E-01   1.26762E-01   6.18247E-01 
    2.97504E-06   4.98810E-03   0.00000E+00   7.89953E-01   2.10047E-01  NONE
   9.23000E+02   1.95162E-04   4.77229E-03   9.26605E-01   4.21737E-07 
    3.27854E-02   3.56420E-02   2.50000E-01   1.26851E-01   6.18158E-01 
    2.98212E-06   4.98774E-03   0.00000E+00   7.89945E-01   2.10055E-01  NONE
   9.13000E+02   1.71999E-04   4.52356E-03   9.26870E-01   4.02505E-07 
    3.27892E-02   3.56453E-02   2.50000E-01   1.27743E-01   6.17270E-01 
    3.05352E-06   4.98316E-03   0.00000E+00   7.89872E-01   2.10128E-01  NONE
   9.03000E+02   1.51284E-04   4.28135E-03   9.27126E-01   3.83697E-07 
    3.27932E-02   3.56483E-02   2.50000E-01   1.28615E-01   6.16405E-01 
    3.12336E-06   4.97703E-03   0.00000E+00   7.89807E-01   2.10193E-01  NONE
   8.93000E+02   1.32788E-04   4.04579E-03   9.27373E-01   3.65318E-07 
    3.27972E-02   3.56509E-02   2.50000E-01   1.29465E-01   6.15562E-01 
    3.19163E-06   4.96943E-03   0.00000E+00   7.89748E-01   2.10252E-01  NONE
   8.83000E+02   1.16303E-04   3.81704E-03   9.27612E-01   3.47376E-07 
    3.28015E-02   3.56533E-02   2.50000E-01   1.30293E-01   6.14743E-01 
    3.25831E-06   4.96041E-03   0.00000E+00   7.89696E-01   2.10304E-01  NONE
   8.73000E+02   1.01635E-04   3.59523E-03   9.27842E-01   3.29875E-07 
    3.28059E-02   3.56554E-02   2.50000E-01   1.31098E-01   6.13949E-01 
    3.32336E-06   4.95004E-03   0.00000E+00   7.89650E-01   2.10350E-01  NONE
   8.63000E+02   8.86090E-05   3.38047E-03   9.28063E-01   3.12824E-07 
    3.28104E-02   3.56572E-02   2.50000E-01   1.31879E-01   6.13179E-01 
    3.38677E-06   4.93835E-03   0.00000E+00   7.89609E-01   2.10391E-01  NONE
   8.53000E+02   7.70635E-05   3.17290E-03   9.28276E-01   2.96230E-07 
    3.28152E-02   3.56589E-02   2.50000E-01   1.32636E-01   6.12436E-01 
    3.44850E-06   4.92538E-03   0.00000E+00   7.89572E-01   2.10428E-01  NONE
   8.43000E+02   6.68514E-05   2.97261E-03   9.28480E-01   2.80100E-07 
    3.28201E-02   3.56603E-02   2.50000E-01   1.33367E-01   6.11718E-01 
    3.50853E-06   4.91117E-03   0.00000E+00   7.89540E-01   2.10460E-01  NONE
   8.33000E+02   5.78382E-05   2.77969E-03   9.28675E-01   2.64441E-07 
    3.28252E-02   3.56616E-02   2.50000E-01   1.34073E-01   6.11028E-01 
    3.56683E-06   4.89572E-03   0.00000E+00   7.89511E-01   2.10489E-01  NONE
   8.23000E+02   4.99011E-05   2.59420E-03   9.28862E-01   2.49261E-07 
    3.28306E-02   3.56627E-02   2.50000E-01   1.34753E-01   6.10364E-01 
    3.62337E-06   4.87906E-03   0.00000E+00   7.89486E-01   2.10514E-01  NONE
   8.13000E+02   4.29282E-05   2.41621E-03   9.29041E-01   2.34565E-07 
    3.28361E-02   3.56637E-02   2.50000E-01   1.35407E-01   6.09728E-01 
    3.67812E-06   4.86119E-03   0.00000E+00   7.89464E-01   2.10536E-01  NONE
   8.03000E+02   3.68176E-05   2.24575E-03   9.29211E-01   2.20361E-07 
    3.28419E-02   3.56646E-02   2.50000E-01   1.36034E-01   6.09120E-01 
    3.73106E-06   4.84211E-03   0.00000E+00   7.89445E-01   2.10555E-01  NONE
   7.93000E+02   3.14767E-05   2.08283E-03   9.29372E-01   2.06653E-07 
    3.28479E-02   3.56654E-02   2.50000E-01   1.36634E-01   6.08541E-01 
    3.78217E-06   4.82182E-03   0.00000E+00   7.89428E-01   2.10572E-01  NONE
   7.83000E+02   2.68213E-05   1.92745E-03   9.29525E-01   1.93446E-07 
    3.28542E-02   3.56660E-02   2.50000E-01   1.37207E-01   6.07989E-01 
    3.83143E-06   4.80030E-03   0.00000E+00   7.89413E-01   2.10587E-01  NONE
   7.73000E+02   2.27750E-05   1.77959E-03   9.29670E-01   1.80744E-07 
    3.28607E-02   3.56666E-02   2.50000E-01   1.37753E-01   6.07466E-01 
    3.87882E-06   4.77754E-03   0.00000E+00   7.89401E-01   2.10599E-01  NONE
   7.63000E+02   1.92689E-05   1.63918E-03   9.29807E-01   1.68550E-07 
    3.28675E-02   3.56671E-02   2.50000E-01   1.38272E-01   6.06971E-01 
    3.92433E-06   4.75351E-03   0.00000E+00   7.89390E-01   2.10610E-01  NONE
   7.53000E+02   1.62403E-05   1.50617E-03   9.29935E-01   1.56864E-07 
    3.28746E-02   3.56675E-02   2.50000E-01   1.38764E-01   6.06504E-01 
    3.96796E-06   4.72819E-03   0.00000E+00   7.89380E-01   2.10620E-01  NONE
   7.43000E+02   1.36331E-05   1.38047E-03   9.30056E-01   1.45687E-07 
    3.28820E-02   3.56679E-02   2.50000E-01   1.39230E-01   6.06064E-01 
    4.00969E-06   4.70153E-03   0.00000E+00   7.89372E-01   2.10628E-01  NONE
   7.33000E+02   1.13966E-05   1.26197E-03   9.30169E-01   1.35019E-07 
    3.28897E-02   3.56682E-02   2.50000E-01   1.39669E-01   6.05653E-01 
    4.04954E-06   4.67350E-03   0.00000E+00   7.89365E-01   2.10635E-01  NONE
   7.23000E+02   9.48500E-06   1.15053E-03   9.30274E-01   1.24858E-07 
    3.28978E-02   3.56685E-02   2.50000E-01   1.40083E-01   6.05269E-01 
    4.08751E-06   4.64406E-03   0.00000E+00   7.89359E-01   2.10641E-01  NONE
   7.13000E+02   7.85763E-06   1.04601E-03   9.30371E-01   1.15199E-07 
    3.29062E-02   3.56687E-02   2.50000E-01   1.40471E-01   6.04911E-01 
    4.12361E-06   4.61316E-03   0.00000E+00   7.89353E-01   2.10647E-01  NONE
   7.03000E+02   6.47789E-06   9.48241E-04   9.30461E-01   1.06038E-07 
    3.29150E-02   3.56689E-02   2.50000E-01   1.40835E-01   6.04580E-01 
    4.15785E-06   4.58075E-03   0.00000E+00   7.89349E-01   2.10651E-01  NONE
   6.93000E+02   5.31319E-06   8.57044E-04   9.30544E-01   9.73694E-08 
    3.29242E-02   3.56691E-02   2.50000E-01   1.41174E-01   6.04275E-01 
    4.19026E-06   4.54676E-03   0.00000E+00   7.89345E-01   2.10655E-01  NONE
   6.83000E+02   4.33453E-06   7.72219E-04   9.30620E-01   8.91856E-08 
    3.29338E-02   3.56692E-02   2.50000E-01   1.41490E-01   6.03995E-01 
    4.22087E-06   4.51114E-03   0.00000E+00   7.89342E-01   2.10658E-01  NONE
   6.73000E+02   3.51618E-06   6.93554E-04   9.30690E-01   8.14780E-08 
    3.29439E-02   3.56694E-02   2.50000E-01   1.41783E-01   6.03739E-01 
    4.24970E-06   4.47383E-03   0.00000E+00   7.89340E-01   2.10660E-01  NONE
