
 Phase Region for:
     CEMENTITE                     
     FCC_A1#1                      
 col-1=T, col-2=X(CEMENTITE,C), col-3=X(CEMENTITE,CR), col-4=X(CEMENTITE,FE),
   col-5=X(CEMENTITE,MN), col-6=X(CEMENTITE,NI), col-7=X(CEMENTITE,SI),
   col-8=X(FCC_A1#1,C), col-9=X(FCC_A1#1,CR), col-10=X(FCC_A1#1,FE),
   col-11=X(FCC_A1#1,MN), col-12=X(FCC_A1#1,NI), col-13=X(FCC_A1#1,SI),
   col-14=NP(CEMENTITE), col-15=NP(FCC_A1#1),
   1.17300E+03   2.50000E-01   1.06012E-01   6.39641E-01   9.77868E-07 
    4.34578E-03   0.00000E+00   3.63630E-02   1.86558E-02   8.63795E-01 
    9.51579E-07   3.58261E-02   4.53591E-02   7.47756E-02   9.25224E-01
   1.18300E+03   2.50000E-01   1.05754E-01   6.39802E-01   9.72695E-07 
    4.44258E-03   0.00000E+00   3.76149E-02   1.91869E-02   8.62469E-01 
    9.52118E-07   3.56344E-02   4.50933E-02   6.93219E-02   9.30678E-01
   1.19300E+03   2.50000E-01   1.05499E-01   6.39960E-01   9.67712E-07 
    4.54002E-03   0.00000E+00   3.88906E-02   1.97242E-02   8.61121E-01 
    9.52581E-07   3.54405E-02   4.48224E-02   6.36981E-02   9.36302E-01
   1.20300E+03   2.50000E-01   1.05246E-01   6.40115E-01   9.62914E-07 
    4.63808E-03   0.00000E+00   4.01901E-02   2.02678E-02   8.59750E-01 
    9.52969E-07   3.52442E-02   4.45465E-02   5.78990E-02   9.42101E-01
   1.21300E+03   2.50000E-01   1.04996E-01   6.40266E-01   9.58298E-07 
    4.73675E-03   0.00000E+00   4.15134E-02   2.08174E-02   8.58357E-01 
    9.53284E-07   3.50458E-02   4.42656E-02   5.19192E-02   9.48081E-01
   1.22300E+03   2.50000E-01   1.04750E-01   6.40413E-01   9.53859E-07 
    4.83599E-03   0.00000E+00   4.28606E-02   2.13732E-02   8.56941E-01 
    9.53529E-07   3.48452E-02   4.39795E-02   4.57528E-02   9.54247E-01
   1.23300E+03   2.50000E-01   1.04507E-01   6.40556E-01   9.49596E-07 
    4.93580E-03   0.00000E+00   4.42319E-02   2.19351E-02   8.55501E-01 
    9.53706E-07   3.46424E-02   4.36884E-02   3.93937E-02   9.60606E-01
   1.24300E+03   2.50000E-01   1.04268E-01   6.40695E-01   9.45504E-07 
    5.03617E-03   0.00000E+00   4.56271E-02   2.25031E-02   8.54039E-01 
    9.53817E-07   3.44376E-02   4.33921E-02   3.28357E-02   9.67164E-01
   1.25300E+03   2.50000E-01   1.04034E-01   6.40828E-01   9.41581E-07 
    5.13706E-03   0.00000E+00   4.70465E-02   2.30773E-02   8.52554E-01 
    9.53865E-07   3.42307E-02   4.30908E-02   2.60719E-02   9.73928E-01
   1.26300E+03   2.50000E-01   1.03804E-01   6.40957E-01   9.37824E-07 
    5.23847E-03   0.00000E+00   4.84900E-02   2.36575E-02   8.51045E-01 
    9.53850E-07   3.40218E-02   4.27843E-02   1.90952E-02   9.80905E-01
   1.27300E+03   2.50000E-01   1.03579E-01   6.41080E-01   9.34230E-07 
    5.34038E-03   0.00000E+00   4.99577E-02   2.42440E-02   8.49514E-01 
    9.53777E-07   3.38109E-02   4.24727E-02   1.18982E-02   9.88102E-01
   1.28300E+03   2.50000E-01   1.03360E-01   6.41196E-01   9.30798E-07 
    5.44277E-03   0.00000E+00   5.14497E-02   2.48367E-02   8.47959E-01 
    9.53647E-07   3.35981E-02   4.21559E-02   4.47301E-03   9.95527E-01
   1.28888E+03   2.50000E-01   1.03234E-01   6.41262E-01   9.28855E-07 
    5.50315E-03   0.00000E+00   5.23378E-02   2.51879E-02   8.47034E-01 
    9.53544E-07   3.34722E-02   4.19673E-02   0.00000E+00   1.00000E+00

 Phase Region for:
     FCC_A1#1                      
 col-1=T, col-2=X(FCC_A1#1,C), col-3=X(FCC_A1#1,CR), col-4=X(FCC_A1#1,FE),
   col-5=X(FCC_A1#1,MN), col-6=X(FCC_A1#1,NI), col-7=X(FCC_A1#1,SI),
   col-8=NP(FCC_A1#1),
   1.28888E+03   5.23378E-02   2.51879E-02   8.47034E-01   9.53544E-07 
    3.34722E-02   4.19673E-02   1.00000E+00
   1.29300E+03   5.23378E-02   2.51879E-02   8.47034E-01   9.53544E-07 
    3.34722E-02   4.19673E-02   1.00000E+00
   1.30300E+03   5.23378E-02   2.51879E-02   8.47034E-01   9.53544E-07 
    3.34722E-02   4.19673E-02   1.00000E+00
   1.31300E+03   5.23378E-02   2.51879E-02   8.47034E-01   9.53544E-07 
    3.34722E-02   4.19673E-02   1.00000E+00
   1.32300E+03   5.23378E-02   2.51879E-02   8.47034E-01   9.53544E-07 
    3.34722E-02   4.19673E-02   1.00000E+00
   1.33300E+03   5.23378E-02   2.51879E-02   8.47034E-01   9.53544E-07 
    3.34722E-02   4.19673E-02   1.00000E+00
   1.34300E+03   5.23378E-02   2.51879E-02   8.47034E-01   9.53544E-07 
    3.34722E-02   4.19673E-02   1.00000E+00
   1.35300E+03   5.23378E-02   2.51879E-02   8.47034E-01   9.53544E-07 
    3.34722E-02   4.19673E-02   1.00000E+00
   1.36300E+03   5.23378E-02   2.51879E-02   8.47034E-01   9.53544E-07 
    3.34722E-02   4.19673E-02   1.00000E+00
   1.37300E+03   5.23378E-02   2.51879E-02   8.47034E-01   9.53544E-07 
    3.34722E-02   4.19673E-02   1.00000E+00
   1.38300E+03   5.23378E-02   2.51879E-02   8.47034E-01   9.53544E-07 
    3.34722E-02   4.19673E-02   1.00000E+00
   1.39300E+03   5.23378E-02   2.51879E-02   8.47034E-01   9.53544E-07 
    3.34722E-02   4.19673E-02   1.00000E+00
   1.40300E+03   5.23378E-02   2.51879E-02   8.47034E-01   9.53544E-07 
    3.34722E-02   4.19673E-02   1.00000E+00
   1.41300E+03   5.23378E-02   2.51879E-02   8.47034E-01   9.53544E-07 
    3.34722E-02   4.19673E-02   1.00000E+00
   1.42300E+03   5.23378E-02   2.51879E-02   8.47034E-01   9.53544E-07 
    3.34722E-02   4.19673E-02   1.00000E+00
   1.43300E+03   5.23378E-02   2.51879E-02   8.47034E-01   9.53544E-07 
    3.34722E-02   4.19673E-02   1.00000E+00
   1.44300E+03   5.23378E-02   2.51879E-02   8.47034E-01   9.53544E-07 
    3.34722E-02   4.19673E-02   1.00000E+00
   1.45300E+03   5.23378E-02   2.51879E-02   8.47034E-01   9.53544E-07 
    3.34722E-02   4.19673E-02   1.00000E+00
   1.46300E+03   5.23378E-02   2.51879E-02   8.47034E-01   9.53544E-07 
    3.34722E-02   4.19673E-02   1.00000E+00
   1.47300E+03   5.23378E-02   2.51879E-02   8.47034E-01   9.53544E-07 
    3.34722E-02   4.19673E-02   1.00000E+00

 Phase Region for:
     CEMENTITE                     
     FCC_A1#1                      
 col-1=T, col-2=X(CEMENTITE,C), col-3=X(CEMENTITE,CR), col-4=X(CEMENTITE,FE),
   col-5=X(CEMENTITE,MN), col-6=X(CEMENTITE,NI), col-7=X(CEMENTITE,SI),
   col-8=X(FCC_A1#1,C), col-9=X(FCC_A1#1,CR), col-10=X(FCC_A1#1,FE),
   col-11=X(FCC_A1#1,MN), col-12=X(FCC_A1#1,NI), col-13=X(FCC_A1#1,SI),
   col-14=NP(CEMENTITE), col-15=NP(FCC_A1#1),
   1.17300E+03   2.50000E-01   1.06012E-01   6.39641E-01   9.77868E-07 
    4.34578E-03   0.00000E+00   3.63630E-02   1.86558E-02   8.63795E-01 
    9.51579E-07   3.58261E-02   4.53591E-02   7.47756E-02   9.25224E-01
   1.16300E+03   2.50000E-01   1.06272E-01   6.39478E-01   9.83234E-07 
    4.24963E-03   0.00000E+00   3.51348E-02   1.81310E-02   8.65098E-01 
    9.50960E-07   3.60155E-02   4.56198E-02   8.00642E-02   9.19936E-01
   1.15300E+03   2.50000E-01   1.06533E-01   6.39312E-01   9.88798E-07 
    4.15415E-03   0.00000E+00   3.39303E-02   1.76126E-02   8.66378E-01 
    9.50261E-07   3.62024E-02   4.58756E-02   8.51925E-02   9.14807E-01
   1.14300E+03   2.50000E-01   1.06795E-01   6.39144E-01   9.94565E-07 
    4.05935E-03   0.00000E+00   3.27494E-02   1.71006E-02   8.67636E-01 
    9.49479E-07   3.63870E-02   4.61263E-02   9.01651E-02   9.09835E-01
   1.13300E+03   2.50000E-01   1.07059E-01   6.38975E-01   1.00054E-06 
    3.96526E-03   0.00000E+00   3.15921E-02   1.65951E-02   8.68871E-01 
    9.48612E-07   3.65691E-02   4.63720E-02   9.49863E-02   9.05014E-01
   1.12300E+03   2.50000E-01   1.07324E-01   6.38803E-01   1.00672E-06 
    3.87189E-03   0.00000E+00   3.04583E-02   1.60962E-02   8.70083E-01 
    9.47658E-07   3.67487E-02   4.66128E-02   9.96602E-02   9.00340E-01
   1.11300E+03   2.50000E-01   1.07589E-01   6.38631E-01   1.01313E-06 
    3.77926E-03   0.00000E+00   2.93479E-02   1.56040E-02   8.71273E-01 
    9.46614E-07   3.69257E-02   4.68485E-02   1.04191E-01   8.95809E-01
   1.10300E+03   2.50000E-01   1.07854E-01   6.38457E-01   1.01976E-06 
    3.68738E-03   0.00000E+00   2.82610E-02   1.51185E-02   8.72440E-01 
    9.45479E-07   3.71002E-02   4.70793E-02   1.08582E-01   8.91418E-01
   1.09300E+03   2.50000E-01   1.08120E-01   6.38283E-01   1.02661E-06 
    3.59627E-03   0.00000E+00   2.71973E-02   1.46399E-02   8.73585E-01 
    9.44251E-07   3.72721E-02   4.73051E-02   1.12838E-01   8.87162E-01
   1.08300E+03   2.50000E-01   1.08385E-01   6.38108E-01   1.03370E-06 
    3.50595E-03   0.00000E+00   2.61570E-02   1.41683E-02   8.74706E-01 
    9.42927E-07   3.74413E-02   4.75260E-02   1.16961E-01   8.83039E-01
   1.07300E+03   2.50000E-01   1.08650E-01   6.37933E-01   1.04104E-06 
    3.41644E-03   0.00000E+00   2.51399E-02   1.37037E-02   8.75806E-01 
    9.41506E-07   3.76078E-02   4.77419E-02   1.20955E-01   8.79045E-01
   1.06300E+03   2.50000E-01   1.08914E-01   6.37757E-01   1.04862E-06 
    3.32775E-03   0.00000E+00   2.41459E-02   1.32464E-02   8.76882E-01 
    9.39985E-07   3.77716E-02   4.79530E-02   1.24824E-01   8.75176E-01
   1.05300E+03   2.50000E-01   1.09177E-01   6.37582E-01   1.05645E-06 
    3.23989E-03   0.00000E+00   2.31750E-02   1.27963E-02   8.77936E-01 
    9.38362E-07   3.79326E-02   4.81591E-02   1.28570E-01   8.71430E-01
   1.04300E+03   2.50000E-01   1.09439E-01   6.37407E-01   1.06455E-06 
    3.15289E-03   0.00000E+00   2.22271E-02   1.23535E-02   8.78967E-01 
    9.36634E-07   3.80908E-02   4.83604E-02   1.32196E-01   8.67804E-01
   1.03300E+03   2.50000E-01   1.09700E-01   6.37232E-01   1.07292E-06 
    3.06675E-03   0.00000E+00   2.13021E-02   1.19183E-02   8.79976E-01 
    9.34801E-07   3.82462E-02   4.85568E-02   1.35706E-01   8.64294E-01
   1.02300E+03   2.50000E-01   1.09960E-01   6.37057E-01   1.08156E-06 
    2.98151E-03   0.00000E+00   2.04000E-02   1.14906E-02   8.80961E-01 
    9.32859E-07   3.83988E-02   4.87483E-02   1.39102E-01   8.60898E-01
   1.01724E+03   2.50000E-01   1.10109E-01   6.36957E-01   1.08668E-06 
    2.93280E-03   0.00000E+00   1.98905E-02   1.12477E-02   8.81519E-01 
    9.31690E-07   3.84854E-02   4.88565E-02   1.41008E-01   8.58992E-01

 Phase Region for:
     BCC_A2                        
     CEMENTITE                     
     FCC_A1#1                      
 col-1=T, col-2=X(BCC_A2,C), col-3=X(BCC_A2,CR), col-4=X(BCC_A2,FE),
   col-5=X(BCC_A2,MN), col-6=X(BCC_A2,NI), col-7=X(BCC_A2,SI),
   col-8=X(CEMENTITE,C), col-9=X(CEMENTITE,CR), col-10=X(CEMENTITE,FE),
   col-11=X(CEMENTITE,MN), col-12=X(CEMENTITE,NI), col-13=X(CEMENTITE,SI),
   col-14=X(FCC_A1#1,C), col-15=X(FCC_A1#1,CR), col-16=X(FCC_A1#1,FE),
   col-17=X(FCC_A1#1,MN), col-18=X(FCC_A1#1,NI), col-19=X(FCC_A1#1,SI),
   col-20=NP(BCC_A2), col-21=NP(CEMENTITE), col-22=NP(FCC_A1#1),
   1.01724E+03   5.35451E-04   7.39894E-03   9.11748E-01   3.09514E-07 
    1.79349E-02   6.23824E-02   2.50000E-01   1.10109E-01   6.36957E-01 
    1.08668E-06   2.93280E-03   0.00000E+00   1.98905E-02   1.12477E-02 
    8.81519E-01   9.31691E-07   3.84854E-02   4.88565E-02   1.78124E-06 
    1.41008E-01   8.58990E-01
   1.01300E+03   5.14048E-04   7.16487E-03   9.12205E-01   3.16243E-07 
    1.86705E-02   6.14451E-02   2.50000E-01   1.09123E-01   6.37822E-01 
    1.13869E-06   3.05376E-03   0.00000E+00   1.95408E-02   1.08889E-02 
    8.80783E-01   9.77822E-07   4.06470E-02   4.81391E-02   7.27615E-02 
    1.48319E-01   7.78920E-01
   1.00300E+03   4.65114E-04   6.66547E-03   9.12856E-01   3.31408E-07 
    2.04741E-02   5.95395E-02   2.50000E-01   1.07245E-01   6.39400E-01 
    1.26732E-06   3.35299E-03   0.00000E+00   1.86556E-02   1.01095E-02 
    8.78293E-01   1.09641E-06   4.62073E-02   4.67331E-02   2.23203E-01 
    1.63144E-01   6.13653E-01
   9.93000E+02   4.18783E-04   6.22910E-03   9.13004E-01   3.44776E-07 
    2.23295E-02   5.80183E-02   2.50000E-01   1.05933E-01   6.40400E-01 
    1.40291E-06   3.66543E-03   0.00000E+00   1.76979E-02   9.41311E-03 
    8.74804E-01   1.22903E-06   5.23907E-02   4.56929E-02   3.45929E-01 
    1.74847E-01   4.79224E-01
   9.83000E+02   3.75918E-04   5.83125E-03   9.12867E-01   3.52383E-07 
    2.41483E-02   5.67772E-02   2.50000E-01   1.05111E-01   6.40896E-01 
    1.54757E-06   3.99109E-03   0.00000E+00   1.66750E-02   8.78389E-03 
    8.70257E-01   1.38025E-06   5.92753E-02   4.50074E-02   4.45078E-01 
    1.83938E-01   3.70984E-01
   9.73000E+02   3.35988E-04   5.48063E-03   9.12357E-01   3.59526E-07 
    2.59900E-02   5.58360E-02   2.50000E-01   1.04665E-01   6.41012E-01 
    1.69787E-06   4.32075E-03   0.00000E+00   1.56143E-02   8.20714E-03 
    8.64818E-01   1.54895E-06   6.68050E-02   4.45543E-02   5.24479E-01 
    1.90868E-01   2.84653E-01
   9.63000E+02   2.99181E-04   5.16657E-03   9.11604E-01   3.65507E-07 
    2.78046E-02   5.51256E-02   2.50000E-01   1.04520E-01   6.40833E-01 
    1.85131E-06   4.64542E-03   0.00000E+00   1.45359E-02   7.67402E-03 
    8.58606E-01   1.73474E-06   7.49048E-02   4.42775E-02   5.87226E-01 
    1.96047E-01   2.16726E-01
   9.53000E+02   2.65541E-04   4.88061E-03   9.10706E-01   3.69930E-07 
    2.95577E-02   5.45896E-02   2.50000E-01   1.04605E-01   6.40435E-01 
    2.00609E-06   4.95873E-03   0.00000E+00   1.34567E-02   7.17707E-03 
    8.51713E-01   1.93793E-06   8.35206E-02   4.41305E-02   6.36485E-01 
    1.99867E-01   1.63649E-01
   9.43000E+02   2.35004E-04   4.61639E-03   9.09738E-01   3.72594E-07 
    3.12264E-02   5.41842E-02   2.50000E-01   1.04863E-01   6.39879E-01 
    2.16089E-06   5.25630E-03   0.00000E+00   1.23905E-02   6.71063E-03 
    8.44204E-01   2.15932E-06   9.26149E-02   4.40776E-02   6.75030E-01 
    2.02655E-01   1.22315E-01
   9.33000E+02   2.07433E-04   4.36926E-03   9.08751E-01   3.73423E-07 
    3.27956E-02   5.38768E-02   2.50000E-01   1.05249E-01   6.39214E-01 
    2.31471E-06   5.53518E-03   0.00000E+00   1.13485E-02   6.27065E-03 
    8.36125E-01   2.40021E-06   1.02161E-01   4.40927E-02   7.05138E-01 
    2.04672E-01   9.01896E-02
   9.23000E+02   1.82648E-04   4.13587E-03   9.07782E-01   3.72424E-07 
    3.42560E-02   5.36434E-02   2.50000E-01   1.05727E-01   6.38477E-01 
    2.46675E-06   5.79345E-03   0.00000E+00   1.03395E-02   5.85429E-03 
    8.27507E-01   2.66223E-06   1.12140E-01   4.41567E-02   7.28618E-01 
    2.06120E-01   6.52623E-02
   9.13000E+02   1.60449E-04   3.91383E-03   9.06857E-01   3.69656E-07 
    3.56022E-02   5.34661E-02   2.50000E-01   1.06270E-01   6.37697E-01 
    2.61636E-06   6.02989E-03   0.00000E+00   9.37080E-03   5.45964E-03 
    8.18376E-01   2.94738E-06   1.22534E-01   4.42567E-02   7.46885E-01 
    2.07149E-01   4.59655E-02
   9.03000E+02   1.40627E-04   3.70142E-03   9.05995E-01   3.65212E-07 
    3.68313E-02   5.33316E-02   2.50000E-01   1.06858E-01   6.36895E-01 
    2.76297E-06   6.24380E-03   0.00000E+00   8.44791E-03   5.08527E-03 
    8.08749E-01   3.25784E-06   1.33330E-01   4.43837E-02   7.61047E-01 
    2.07873E-01   3.10802E-02
   8.93000E+02   1.22976E-04   3.49743E-03   9.05207E-01   3.59202E-07 
    3.79422E-02   5.32302E-02   2.50000E-01   1.07474E-01   6.36088E-01 
    2.90605E-06   6.43486E-03   0.00000E+00   7.57546E-03   4.73032E-03 
    7.98645E-01   3.59603E-06   1.44514E-01   4.45321E-02   7.71963E-01 
    2.08376E-01   1.96615E-02
   8.83000E+02   1.07298E-04   3.30103E-03   9.04502E-01   3.51750E-07 
    3.89352E-02   5.31545E-02   2.50000E-01   1.08106E-01   6.35288E-01 
    3.04509E-06   6.60300E-03   0.00000E+00   6.75670E-03   4.39395E-03 
    7.88077E-01   3.96438E-06   1.56070E-01   4.46985E-02   7.80307E-01 
    2.08720E-01   1.09732E-02
   8.73000E+02   9.34035E-05   3.11163E-03   9.03884E-01   3.42980E-07 
    3.98114E-02   5.30989E-02   2.50000E-01   1.08744E-01   6.34504E-01 
    3.17953E-06   6.74835E-03   0.00000E+00   5.99384E-03   4.07545E-03 
    7.77059E-01   4.36522E-06   1.67986E-01   4.48815E-02   7.86607E-01 
    2.08951E-01   4.44152E-03
   8.63919E+02   8.21846E-05   2.94538E-03   9.03403E-01   3.33978E-07 
    4.05074E-02   5.30622E-02   2.50000E-01   1.09323E-01   6.33813E-01 
    3.29711E-06   6.86083E-03   0.00000E+00   5.35050E-03   3.80107E-03 
    7.66675E-01   4.75906E-06   1.79107E-01   4.50616E-02   7.90909E-01 
    2.09091E-01   0.00000E+00

 Phase Region for:
     BCC_A2                        
     CEMENTITE                     
 col-1=T, col-2=X(BCC_A2,C), col-3=X(BCC_A2,CR), col-4=X(BCC_A2,FE),
   col-5=X(BCC_A2,MN), col-6=X(BCC_A2,NI), col-7=X(BCC_A2,SI),
   col-8=X(CEMENTITE,C), col-9=X(CEMENTITE,CR), col-10=X(CEMENTITE,FE),
   col-11=X(CEMENTITE,MN), col-12=X(CEMENTITE,NI), col-13=X(CEMENTITE,SI),
   col-14=NP(BCC_A2), col-15=NP(CEMENTITE),
   8.63919E+02   8.21846E-05   2.94538E-03   9.03403E-01   3.33978E-07 
    4.05074E-02   5.30622E-02   2.50000E-01   1.09323E-01   6.33813E-01 
    3.29711E-06   6.86083E-03   0.00000E+00   7.90909E-01   2.09091E-01  NONE
   8.63000E+02   8.11315E-05   2.92878E-03   9.03420E-01   3.32349E-07 
    4.05077E-02   5.30624E-02   2.50000E-01   1.09384E-01   6.33753E-01 
    3.30323E-06   6.85993E-03   0.00000E+00   7.90905E-01   2.09095E-01  NONE
   8.53000E+02   7.04111E-05   2.75157E-03   9.03601E-01   3.14888E-07 
    4.05121E-02   5.30647E-02   2.50000E-01   1.10037E-01   6.33111E-01 
    3.36878E-06   6.84908E-03   0.00000E+00   7.90871E-01   2.09129E-01  NONE
   8.43000E+02   6.09439E-05   2.58041E-03   9.03775E-01   2.97907E-07 
    4.05167E-02   5.30667E-02   2.50000E-01   1.10668E-01   6.32492E-01 
    3.43255E-06   6.83622E-03   0.00000E+00   7.90841E-01   2.09159E-01  NONE
   8.33000E+02   5.26026E-05   2.41541E-03   9.03941E-01   2.81415E-07 
    4.05218E-02   5.30684E-02   2.50000E-01   1.11279E-01   6.31897E-01 
    3.49450E-06   6.82139E-03   0.00000E+00   7.90815E-01   2.09185E-01  NONE
   8.23000E+02   4.52708E-05   2.25660E-03   9.04101E-01   2.65419E-07 
    4.05272E-02   5.30700E-02   2.50000E-01   1.11867E-01   6.31325E-01 
    3.55461E-06   6.80462E-03   0.00000E+00   7.90792E-01   2.09208E-01  NONE
   8.13000E+02   3.88425E-05   2.10406E-03   9.04252E-01   2.49925E-07 
    4.05330E-02   5.30714E-02   2.50000E-01   1.12433E-01   6.30778E-01 
    3.61285E-06   6.78595E-03   0.00000E+00   7.90771E-01   2.09229E-01  NONE
   8.03000E+02   3.32213E-05   1.95781E-03   9.04397E-01   2.34941E-07 
    4.05392E-02   5.30726E-02   2.50000E-01   1.12976E-01   6.30255E-01 
    3.66919E-06   6.76537E-03   0.00000E+00   7.90754E-01   2.09246E-01  NONE
   7.93000E+02   2.83193E-05   1.81787E-03   9.04534E-01   2.20471E-07 
    4.05458E-02   5.30736E-02   2.50000E-01   1.13496E-01   6.29757E-01 
    3.72361E-06   6.74290E-03   0.00000E+00   7.90738E-01   2.09262E-01  NONE
   7.83000E+02   2.40569E-05   1.68425E-03   9.04664E-01   2.06522E-07 
    4.05529E-02   5.30745E-02   2.50000E-01   1.13994E-01   6.29284E-01 
    3.77609E-06   6.71853E-03   0.00000E+00   7.90725E-01   2.09275E-01  NONE
   7.73000E+02   2.03620E-05   1.55693E-03   9.04787E-01   1.93096E-07 
    4.05603E-02   5.30753E-02   2.50000E-01   1.14469E-01   6.28835E-01 
    3.82661E-06   6.69225E-03   0.00000E+00   7.90713E-01   2.09287E-01  NONE
   7.63000E+02   1.71691E-05   1.43588E-03   9.04903E-01   1.80198E-07 
    4.05682E-02   5.30760E-02   2.50000E-01   1.14921E-01   6.28411E-01 
    3.87517E-06   6.66402E-03   0.00000E+00   7.90703E-01   2.09297E-01  NONE
   7.53000E+02   1.44194E-05   1.32107E-03   9.05011E-01   1.67830E-07 
    4.05766E-02   5.30765E-02   2.50000E-01   1.15350E-01   6.28012E-01 
    3.92174E-06   6.63382E-03   0.00000E+00   7.90694E-01   2.09306E-01  NONE
   7.43000E+02   1.20596E-05   1.21241E-03   9.05113E-01   1.55992E-07 
    4.05854E-02   5.30771E-02   2.50000E-01   1.15756E-01   6.27638E-01 
    3.96632E-06   6.60161E-03   0.00000E+00   7.90687E-01   2.09313E-01  NONE
   7.33000E+02   1.00420E-05   1.10982E-03   9.05208E-01   1.44684E-07 
    4.05948E-02   5.30775E-02   2.50000E-01   1.16140E-01   6.27288E-01 
    4.00892E-06   6.56734E-03   0.00000E+00   7.90680E-01   2.09320E-01  NONE
   7.30684E+02   9.61895E-06   1.08692E-03   9.05229E-01   1.42140E-07 
    4.05970E-02   5.30776E-02   2.50000E-01   1.16226E-01   6.27211E-01 
    4.01850E-06   6.55911E-03   0.00000E+00   7.90679E-01   2.09321E-01  NONE

 Phase Region for:
     BCC_A2                        
     CEMENTITE                     
     FCC_A1#1                      
 col-1=T, col-2=X(BCC_A2,C), col-3=X(BCC_A2,CR), col-4=X(BCC_A2,FE),
   col-5=X(BCC_A2,MN), col-6=X(BCC_A2,NI), col-7=X(BCC_A2,SI),
   col-8=X(CEMENTITE,C), col-9=X(CEMENTITE,CR), col-10=X(CEMENTITE,FE),
   col-11=X(CEMENTITE,MN), col-12=X(CEMENTITE,NI), col-13=X(CEMENTITE,SI),
   col-14=X(FCC_A1#1,C), col-15=X(FCC_A1#1,CR), col-16=X(FCC_A1#1,FE),
   col-17=X(FCC_A1#1,MN), col-18=X(FCC_A1#1,NI), col-19=X(FCC_A1#1,SI),
   col-20=NP(BCC_A2), col-21=NP(CEMENTITE), col-22=NP(FCC_A1#1),
   7.30684E+02   9.61894E-06   1.08692E-03   9.05229E-01   1.42140E-07 
    4.05970E-02   5.30776E-02   2.50000E-01   1.16226E-01   6.27211E-01 
    4.01850E-06   6.55911E-03   0.00000E+00   5.32013E-04   8.87288E-04 
    5.67937E-01   1.08884E-05   3.80238E-01   5.03953E-02   7.90679E-01 
    2.09321E-01   1.67137E-08
   7.23000E+02   8.34127E-06   1.01232E-03   9.05852E-01   1.31583E-07 
    4.00462E-02   5.30812E-02   2.50000E-01   1.16508E-01   6.27048E-01 
    3.99266E-06   6.43950E-03   0.00000E+00   4.45243E-04   7.61338E-04 
    5.53453E-01   1.07077E-05   3.94386E-01   5.09436E-02   7.89377E-01 
    2.09323E-01   1.30003E-03
   7.13000E+02   6.90286E-06   9.20378E-04   9.06748E-01   1.18775E-07 
    3.92419E-02   5.30832E-02   2.50000E-01   1.16857E-01   6.26870E-01 
    3.95979E-06   6.26913E-03   0.00000E+00   3.51233E-04   6.07825E-04 
    5.34414E-01   1.02656E-05   4.12925E-01   5.16921E-02   7.87644E-01 
    2.09325E-01   3.03021E-03
   7.03000E+02   5.68678E-06   8.34157E-04   9.07737E-01   1.07124E-07 
    3.83409E-02   5.30818E-02   2.50000E-01   1.17185E-01   6.26728E-01 
    3.93371E-06   6.08288E-03   0.00000E+00   2.75614E-04   4.68227E-04 
    5.15285E-01   9.58375E-06   4.31494E-01   5.24673E-02   7.85880E-01 
    2.09328E-01   4.79155E-03
   6.93000E+02   4.66278E-06   7.53545E-04   9.08820E-01   9.66996E-08 
    3.73447E-02   5.30768E-02   2.50000E-01   1.17492E-01   6.26622E-01 
    3.92138E-06   5.88146E-03   0.00000E+00   2.14967E-04   3.43780E-04 
    4.96031E-01   8.64887E-06   4.50149E-01   5.32531E-02   7.84095E-01 
    2.09331E-01   6.57375E-03
   6.83000E+02   3.80420E-06   6.78408E-04   9.09998E-01   8.75523E-08 
    3.62519E-02   5.30683E-02   2.50000E-01   1.17780E-01   6.26551E-01 
    3.93166E-06   5.66514E-03   0.00000E+00   1.65859E-04   2.34152E-04 
    4.76230E-01   7.41360E-06   4.69331E-01   5.40309E-02   7.82300E-01 
    2.09334E-01   8.36595E-03
   6.73000E+02   3.08925E-06   6.08449E-04   9.11402E-01   8.14837E-08 
    3.49307E-02   5.30556E-02   2.50000E-01   1.18049E-01   6.26533E-01 
    4.06718E-06   5.41376E-03   0.00000E+00   1.05538E-04   7.73173E-05 
    4.37695E-01   3.85398E-06   5.07237E-01   5.48818E-02   7.80668E-01 
    2.09338E-01   9.99453E-03
