
 Phase Region for:
     CEMENTITE                     
     FCC_A1#2                      
 col-1=T, col-2=X(CEMENTITE,C), col-3=X(CEMENTITE,CR), col-4=X(CEMENTITE,FE),
   col-5=X(CEMENTITE,MN), col-6=X(CEMENTITE,NI), col-7=X(CEMENTITE,SI),
   col-8=X(FCC_A1#2,C), col-9=X(FCC_A1#2,CR), col-10=X(FCC_A1#2,FE),
   col-11=X(FCC_A1#2,MN), col-12=X(FCC_A1#2,NI), col-13=X(FCC_A1#2,SI),
   col-14=NP(CEMENTITE), col-15=NP(FCC_A1#2),
   1.17300E+03   2.50000E-01   1.23256E-01   6.25093E-01   1.02864E-06 
    1.64960E-03   0.00000E+00   3.65351E-02   2.27790E-02   8.81137E-01 
    9.46162E-07   1.43034E-02   4.52442E-02   7.36944E-02   9.26306E-01
   1.18300E+03   2.50000E-01   1.22890E-01   6.25423E-01   1.02254E-06 
    1.68592E-03   0.00000E+00   3.77844E-02   2.33938E-02   8.79615E-01 
    9.47091E-07   1.42267E-02   4.49794E-02   6.82412E-02   9.31759E-01
   1.19300E+03   2.50000E-01   1.22528E-01   6.25749E-01   1.01667E-06 
    1.72248E-03   0.00000E+00   3.90572E-02   2.40148E-02   8.78068E-01 
    9.47936E-07   1.41491E-02   4.47096E-02   6.26190E-02   9.37381E-01
   1.20300E+03   2.50000E-01   1.22171E-01   6.26069E-01   1.01101E-06 
    1.75926E-03   0.00000E+00   4.03536E-02   2.46417E-02   8.76498E-01 
    9.48699E-07   1.40705E-02   4.44348E-02   5.68227E-02   9.43177E-01
   1.21300E+03   2.50000E-01   1.21818E-01   6.26385E-01   1.00557E-06 
    1.79626E-03   0.00000E+00   4.16735E-02   2.52746E-02   8.74905E-01 
    9.49383E-07   1.39910E-02   4.41551E-02   5.08468E-02   9.49153E-01
   1.22300E+03   2.50000E-01   1.21471E-01   6.26694E-01   1.00034E-06 
    1.83347E-03   0.00000E+00   4.30171E-02   2.59135E-02   8.73288E-01 
    9.49990E-07   1.39106E-02   4.38703E-02   4.46857E-02   9.55314E-01
   1.23300E+03   2.50000E-01   1.21130E-01   6.26998E-01   9.95310E-07 
    1.87088E-03   0.00000E+00   4.43843E-02   2.65583E-02   8.71647E-01 
    9.50523E-07   1.38293E-02   4.35805E-02   3.83334E-02   9.61667E-01
   1.24300E+03   2.50000E-01   1.20795E-01   6.27295E-01   9.90481E-07 
    1.90849E-03   0.00000E+00   4.57752E-02   2.72091E-02   8.69982E-01 
    9.50985E-07   1.37472E-02   4.32857E-02   3.17837E-02   9.68216E-01
   1.25300E+03   2.50000E-01   1.20467E-01   6.27586E-01   9.85850E-07 
    1.94629E-03   0.00000E+00   4.71899E-02   2.78658E-02   8.68293E-01 
    9.51377E-07   1.36642E-02   4.29859E-02   2.50300E-02   9.74970E-01
   1.26300E+03   2.50000E-01   1.20146E-01   6.27869E-01   9.81411E-07 
    1.98427E-03   0.00000E+00   4.86284E-02   2.85285E-02   8.66581E-01 
    9.51703E-07   1.35804E-02   4.26810E-02   1.80652E-02   9.81935E-01
   1.27300E+03   2.50000E-01   1.19832E-01   6.28144E-01   9.77163E-07 
    2.02243E-03   0.00000E+00   5.00908E-02   2.91973E-02   8.64844E-01 
    9.51966E-07   1.34958E-02   4.23710E-02   1.08822E-02   9.89118E-01
   1.28300E+03   2.50000E-01   1.19527E-01   6.28412E-01   9.73101E-07 
    2.06076E-03   0.00000E+00   5.15771E-02   2.98722E-02   8.63083E-01 
    9.52167E-07   1.34103E-02   4.20560E-02   3.47299E-03   9.96527E-01
   1.28758E+03   2.50000E-01   1.19390E-01   6.28531E-01   9.71302E-07 
    2.07838E-03   0.00000E+00   5.22663E-02   3.01836E-02   8.62268E-01 
    9.52240E-07   1.33709E-02   4.19099E-02   0.00000E+00   1.00000E+00

 Phase Region for:
     FCC_A1#2                      
 col-1=T, col-2=X(FCC_A1#2,C), col-3=X(FCC_A1#2,CR), col-4=X(FCC_A1#2,FE),
   col-5=X(FCC_A1#2,MN), col-6=X(FCC_A1#2,NI), col-7=X(FCC_A1#2,SI),
   col-8=NP(FCC_A1#2),
   1.28758E+03   5.22663E-02   3.01836E-02   8.62268E-01   9.52240E-07 
    1.33709E-02   4.19099E-02   1.00000E+00
   1.29300E+03   5.22663E-02   3.01836E-02   8.62268E-01   9.52240E-07 
    1.33709E-02   4.19099E-02   1.00000E+00
   1.30300E+03   5.22663E-02   3.01836E-02   8.62268E-01   9.52240E-07 
    1.33709E-02   4.19099E-02   1.00000E+00
   1.31300E+03   5.22663E-02   3.01836E-02   8.62268E-01   9.52240E-07 
    1.33709E-02   4.19099E-02   1.00000E+00
   1.32300E+03   5.22663E-02   3.01836E-02   8.62268E-01   9.52240E-07 
    1.33709E-02   4.19099E-02   1.00000E+00
   1.33300E+03   5.22663E-02   3.01836E-02   8.62268E-01   9.52240E-07 
    1.33709E-02   4.19099E-02   1.00000E+00
   1.34300E+03   5.22663E-02   3.01836E-02   8.62268E-01   9.52240E-07 
    1.33709E-02   4.19099E-02   1.00000E+00
   1.35300E+03   5.22663E-02   3.01836E-02   8.62268E-01   9.52240E-07 
    1.33709E-02   4.19099E-02   1.00000E+00
   1.36300E+03   5.22663E-02   3.01836E-02   8.62268E-01   9.52240E-07 
    1.33709E-02   4.19099E-02   1.00000E+00
   1.37300E+03   5.22663E-02   3.01836E-02   8.62268E-01   9.52240E-07 
    1.33709E-02   4.19099E-02   1.00000E+00
   1.38300E+03   5.22663E-02   3.01836E-02   8.62268E-01   9.52240E-07 
    1.33709E-02   4.19099E-02   1.00000E+00
   1.39300E+03   5.22663E-02   3.01836E-02   8.62268E-01   9.52240E-07 
    1.33709E-02   4.19099E-02   1.00000E+00
   1.40300E+03   5.22663E-02   3.01836E-02   8.62268E-01   9.52240E-07 
    1.33709E-02   4.19099E-02   1.00000E+00
   1.41300E+03   5.22663E-02   3.01836E-02   8.62268E-01   9.52240E-07 
    1.33709E-02   4.19099E-02   1.00000E+00
   1.42300E+03   5.22663E-02   3.01836E-02   8.62268E-01   9.52240E-07 
    1.33709E-02   4.19099E-02   1.00000E+00
   1.43300E+03   5.22663E-02   3.01836E-02   8.62268E-01   9.52240E-07 
    1.33709E-02   4.19099E-02   1.00000E+00
   1.44300E+03   5.22663E-02   3.01836E-02   8.62268E-01   9.52240E-07 
    1.33709E-02   4.19099E-02   1.00000E+00
   1.45300E+03   5.22663E-02   3.01836E-02   8.62268E-01   9.52240E-07 
    1.33709E-02   4.19099E-02   1.00000E+00
   1.46300E+03   5.22663E-02   3.01836E-02   8.62268E-01   9.52240E-07 
    1.33709E-02   4.19099E-02   1.00000E+00
   1.47300E+03   5.22663E-02   3.01836E-02   8.62268E-01   9.52240E-07 
    1.33709E-02   4.19099E-02   1.00000E+00

 Phase Region for:
     CEMENTITE                     
     FCC_A1#2                      
 col-1=T, col-2=X(CEMENTITE,C), col-3=X(CEMENTITE,CR), col-4=X(CEMENTITE,FE),
   col-5=X(CEMENTITE,MN), col-6=X(CEMENTITE,NI), col-7=X(CEMENTITE,SI),
   col-8=X(FCC_A1#2,C), col-9=X(FCC_A1#2,CR), col-10=X(FCC_A1#2,FE),
   col-11=X(FCC_A1#2,MN), col-12=X(FCC_A1#2,NI), col-13=X(FCC_A1#2,SI),
   col-14=NP(CEMENTITE), col-15=NP(FCC_A1#2),
   1.17300E+03   2.50000E-01   1.23256E-01   6.25093E-01   1.02864E-06 
    1.64960E-03   0.00000E+00   3.65351E-02   2.27790E-02   8.81137E-01 
    9.46162E-07   1.43034E-02   4.52442E-02   7.36944E-02   9.26306E-01
   1.16300E+03   2.50000E-01   1.23626E-01   6.24759E-01   1.03496E-06 
    1.61351E-03   0.00000E+00   3.53093E-02   2.21702E-02   8.82636E-01 
    9.45146E-07   1.43792E-02   4.55040E-02   7.89834E-02   9.21017E-01
   1.15300E+03   2.50000E-01   1.24000E-01   6.24422E-01   1.04152E-06 
    1.57767E-03   0.00000E+00   3.41069E-02   2.15677E-02   8.84112E-01 
    9.44041E-07   1.44540E-02   4.57588E-02   8.41129E-02   9.15887E-01
   1.14300E+03   2.50000E-01   1.24376E-01   6.24080E-01   1.04832E-06 
    1.54208E-03   0.00000E+00   3.29278E-02   2.09715E-02   8.85563E-01 
    9.42844E-07   1.45278E-02   4.60087E-02   8.90875E-02   9.10913E-01
   1.13300E+03   2.50000E-01   1.24756E-01   6.23736E-01   1.05536E-06 
    1.50675E-03   0.00000E+00   3.17722E-02   2.03817E-02   8.86991E-01 
    9.41552E-07   1.46006E-02   4.62537E-02   9.39113E-02   9.06089E-01
   1.12300E+03   2.50000E-01   1.25138E-01   6.23389E-01   1.06266E-06 
    1.47168E-03   0.00000E+00   3.06399E-02   1.97983E-02   8.88395E-01 
    9.40163E-07   1.46723E-02   4.64937E-02   9.85885E-02   9.01412E-01
   1.11300E+03   2.50000E-01   1.25522E-01   6.23040E-01   1.07022E-06 
    1.43689E-03   0.00000E+00   2.95308E-02   1.92216E-02   8.89775E-01 
    9.38675E-07   1.47431E-02   4.67287E-02   1.03123E-01   8.96877E-01
   1.10300E+03   2.50000E-01   1.25908E-01   6.22689E-01   1.07804E-06 
    1.40237E-03   0.00000E+00   2.84450E-02   1.86516E-02   8.91131E-01 
    9.37084E-07   1.48128E-02   4.69589E-02   1.07518E-01   8.92482E-01
   1.09300E+03   2.50000E-01   1.26295E-01   6.22336E-01   1.08614E-06 
    1.36814E-03   0.00000E+00   2.73824E-02   1.80884E-02   8.92463E-01 
    9.35389E-07   1.48814E-02   4.71841E-02   1.11779E-01   8.88221E-01
   1.08300E+03   2.50000E-01   1.26683E-01   6.21982E-01   1.09453E-06 
    1.33420E-03   0.00000E+00   2.63429E-02   1.75323E-02   8.93771E-01 
    9.33586E-07   1.49490E-02   4.74044E-02   1.15907E-01   8.84093E-01
   1.07300E+03   2.50000E-01   1.27072E-01   6.21626E-01   1.10320E-06 
    1.30056E-03   0.00000E+00   2.53265E-02   1.69832E-02   8.95054E-01 
    9.31673E-07   1.50154E-02   4.76198E-02   1.19906E-01   8.80094E-01
   1.06300E+03   2.50000E-01   1.27461E-01   6.21270E-01   1.11217E-06 
    1.26722E-03   0.00000E+00   2.43331E-02   1.64414E-02   8.96313E-01 
    9.29648E-07   1.50808E-02   4.78304E-02   1.23781E-01   8.76219E-01
   1.05534E+03   2.50000E-01   1.27760E-01   6.20997E-01   1.11924E-06 
    1.24190E-03   0.00000E+00   2.35880E-02   1.60316E-02   8.97261E-01 
    9.28019E-07   1.51300E-02   4.79883E-02   1.26664E-01   8.73336E-01

 Phase Region for:
     BCC_A2                        
     CEMENTITE                     
     FCC_A1#2                      
 col-1=T, col-2=X(BCC_A2,C), col-3=X(BCC_A2,CR), col-4=X(BCC_A2,FE),
   col-5=X(BCC_A2,MN), col-6=X(BCC_A2,NI), col-7=X(BCC_A2,SI),
   col-8=X(CEMENTITE,C), col-9=X(CEMENTITE,CR), col-10=X(CEMENTITE,FE),
   col-11=X(CEMENTITE,MN), col-12=X(CEMENTITE,NI), col-13=X(CEMENTITE,SI),
   col-14=X(FCC_A1#2,C), col-15=X(FCC_A1#2,CR), col-16=X(FCC_A1#2,FE),
   col-17=X(FCC_A1#2,MN), col-18=X(FCC_A1#2,NI), col-19=X(FCC_A1#2,SI),
   col-20=NP(BCC_A2), col-21=NP(CEMENTITE), col-22=NP(FCC_A1#2),
   1.05534E+03   7.91165E-04   1.04402E-02   9.18791E-01   3.80429E-07 
    8.04957E-03   6.19273E-02   2.50000E-01   1.27760E-01   6.20997E-01 
    1.11925E-06   1.24190E-03   0.00000E+00   2.35880E-02   1.60316E-02 
    8.97261E-01   9.28020E-07   1.51301E-02   4.79883E-02   3.05809E-06 
    1.26664E-01   8.73333E-01
   1.05300E+03   7.77189E-04   1.02069E-02   9.19552E-01   3.91505E-07 
    8.38139E-03   6.10821E-02   2.50000E-01   1.26557E-01   6.22148E-01 
    1.16850E-06   1.29316E-03   0.00000E+00   2.34812E-02   1.57010E-02 
    8.97688E-01   9.65399E-07   1.58490E-02   4.72800E-02   7.03977E-02 
    1.34132E-01   7.95470E-01
   1.04300E+03   7.16445E-04   9.31886E-03   9.22012E-01   4.43695E-07 
    1.00216E-02   5.79310E-02   2.50000E-01   1.22184E-01   6.26267E-01 
    1.40563E-06   1.54782E-03   0.00000E+00   2.29123E-02   1.44138E-02 
    8.98510E-01   1.14919E-06   1.94803E-02   4.46822E-02   3.38168E-01 
    1.62316E-01   4.99516E-01
   1.03300E+03   6.54367E-04   8.60007E-03   9.23202E-01   5.01318E-07 
    1.19886E-02   5.55540E-02   2.50000E-01   1.19122E-01   6.29021E-01 
    1.68023E-06   1.85462E-03   0.00000E+00   2.21508E-02   1.33280E-02 
    8.97686E-01   1.37083E-06   2.40302E-02   4.28037E-02   5.46796E-01 
    1.83760E-01   2.69444E-01
   1.02300E+03   5.92459E-04   8.02424E-03   9.23316E-01   5.60325E-07 
    1.41863E-02   5.38807E-02   2.50000E-01   1.17283E-01   6.30517E-01 
    1.98107E-06   2.19798E-03   0.00000E+00   2.12177E-02   1.24187E-02 
    8.95374E-01   1.62597E-06   2.94102E-02   4.15775E-02   6.98432E-01 
    1.98677E-01   1.02891E-01
   1.01424E+03   5.39797E-04   7.60820E-03   9.22767E-01   6.10450E-07 
    1.62109E-02   5.28734E-02   2.50000E-01   1.16482E-01   6.31001E-01 
    2.25880E-06   2.51447E-03   0.00000E+00   2.02950E-02   1.17347E-02 
    8.92347E-01   1.87412E-06   3.46931E-02   4.09284E-02   7.92646E-01 
    2.07354E-01   0.00000E+00

 Phase Region for:
     BCC_A2                        
     CEMENTITE                     
 col-1=T, col-2=X(BCC_A2,C), col-3=X(BCC_A2,CR), col-4=X(BCC_A2,FE),
   col-5=X(BCC_A2,MN), col-6=X(BCC_A2,NI), col-7=X(BCC_A2,SI),
   col-8=X(CEMENTITE,C), col-9=X(CEMENTITE,CR), col-10=X(CEMENTITE,FE),
   col-11=X(CEMENTITE,MN), col-12=X(CEMENTITE,NI), col-13=X(CEMENTITE,SI),
   col-14=NP(BCC_A2), col-15=NP(CEMENTITE),
   1.01424E+03   5.39797E-04   7.60820E-03   9.22767E-01   6.10450E-07 
    1.62109E-02   5.28734E-02   2.50000E-01   1.16482E-01   6.31001E-01 
    2.25880E-06   2.51447E-03   0.00000E+00   7.92646E-01   2.07354E-01  NONE
   1.01300E+03   5.32270E-04   7.57114E-03   9.22809E-01   6.08385E-07 
    1.62116E-02   5.28750E-02   2.50000E-01   1.16611E-01   6.30873E-01 
    2.26650E-06   2.51356E-03   0.00000E+00   7.92623E-01   2.07377E-01  NONE
   1.00300E+03   4.74876E-04   7.27175E-03   9.23149E-01   5.91021E-07 
    1.62163E-02   5.28872E-02   2.50000E-01   1.17658E-01   6.29832E-01 
    2.33133E-06   2.50762E-03   0.00000E+00   7.92440E-01   2.07560E-01  NONE
   9.93000E+02   4.23241E-04   6.96201E-03   9.23498E-01   5.69669E-07 
    1.62182E-02   5.28981E-02   2.50000E-01   1.18753E-01   6.28734E-01 
    2.41140E-06   2.51107E-03   0.00000E+00   7.92276E-01   2.07724E-01  NONE
   9.83000E+02   3.76760E-04   6.65308E-03   9.23842E-01   5.47194E-07 
    1.62192E-02   5.29080E-02   2.50000E-01   1.19851E-01   6.27630E-01 
    2.49574E-06   2.51698E-03   0.00000E+00   7.92129E-01   2.07871E-01  NONE
   9.73000E+02   3.34887E-04   6.35061E-03   9.24177E-01   5.25122E-07 
    1.62203E-02   5.29168E-02   2.50000E-01   1.20930E-01   6.26546E-01 
    2.57854E-06   2.52168E-03   0.00000E+00   7.91996E-01   2.08004E-01  NONE
   9.63000E+02   2.97206E-04   6.05466E-03   9.24501E-01   5.03455E-07 
    1.62214E-02   5.29248E-02   2.50000E-01   1.21990E-01   6.25482E-01 
    2.65979E-06   2.52524E-03   0.00000E+00   7.91876E-01   2.08124E-01  NONE
   9.53000E+02   2.63336E-04   5.76529E-03   9.24816E-01   4.82200E-07 
    1.62226E-02   5.29320E-02   2.50000E-01   1.23031E-01   6.24439E-01 
    2.73950E-06   2.52775E-03   0.00000E+00   7.91769E-01   2.08231E-01  NONE
   9.43000E+02   2.32930E-04   5.48260E-03   9.25122E-01   4.61360E-07 
    1.62239E-02   5.29384E-02   2.50000E-01   1.24051E-01   6.23417E-01 
    2.81765E-06   2.52926E-03   0.00000E+00   7.91673E-01   2.08327E-01  NONE
   9.33000E+02   2.05670E-04   5.20669E-03   9.25418E-01   4.40940E-07 
    1.62252E-02   5.29442E-02   2.50000E-01   1.25049E-01   6.22418E-01 
    2.89423E-06   2.52985E-03   0.00000E+00   7.91586E-01   2.08414E-01  NONE
   9.23000E+02   1.81264E-04   4.93769E-03   9.25705E-01   4.20946E-07 
    1.62266E-02   5.29494E-02   2.50000E-01   1.26026E-01   6.21441E-01 
    2.96923E-06   2.52957E-03   0.00000E+00   7.91509E-01   2.08491E-01  NONE
   9.13000E+02   1.59447E-04   4.67572E-03   9.25982E-01   4.01383E-07 
    1.62281E-02   5.29540E-02   2.50000E-01   1.26980E-01   6.20488E-01 
    3.04262E-06   2.52846E-03   0.00000E+00   7.91440E-01   2.08560E-01  NONE
   9.03000E+02   1.39973E-04   4.42092E-03   9.26251E-01   3.82258E-07 
    1.62297E-02   5.29581E-02   2.50000E-01   1.27911E-01   6.19560E-01 
    3.11439E-06   2.52659E-03   0.00000E+00   7.91378E-01   2.08622E-01  NONE
   8.93000E+02   1.22620E-04   4.17342E-03   9.26510E-01   3.63577E-07 
    1.62313E-02   5.29618E-02   2.50000E-01   1.28817E-01   6.18656E-01 
    3.18451E-06   2.52397E-03   0.00000E+00   7.91323E-01   2.08677E-01  NONE
   8.83000E+02   1.07184E-04   3.93334E-03   9.26761E-01   3.45349E-07 
    1.62330E-02   5.29651E-02   2.50000E-01   1.29698E-01   6.17779E-01 
    3.25295E-06   2.52066E-03   0.00000E+00   7.91274E-01   2.08726E-01  NONE
   8.73000E+02   9.34773E-05   3.70082E-03   9.27003E-01   3.27580E-07 
    1.62348E-02   5.29680E-02   2.50000E-01   1.30553E-01   6.16927E-01 
    3.31969E-06   2.51667E-03   0.00000E+00   7.91231E-01   2.08769E-01  NONE
   8.63000E+02   8.13300E-05   3.47597E-03   9.27235E-01   3.10279E-07 
    1.62367E-02   5.29706E-02   2.50000E-01   1.31381E-01   6.16103E-01 
    3.38469E-06   2.51204E-03   0.00000E+00   7.91192E-01   2.08808E-01  NONE
   8.53000E+02   7.05860E-05   3.25889E-03   9.27459E-01   2.93454E-07 
    1.62387E-02   5.29729E-02   2.50000E-01   1.32183E-01   6.15307E-01 
    3.44793E-06   2.50679E-03   0.00000E+00   7.91158E-01   2.08842E-01  NONE
   8.43000E+02   6.11031E-05   3.04969E-03   9.27673E-01   2.77112E-07 
    1.62408E-02   5.29749E-02   2.50000E-01   1.32957E-01   6.14539E-01 
    3.50937E-06   2.50092E-03   0.00000E+00   7.91128E-01   2.08872E-01  NONE
   8.33000E+02   5.27516E-05   2.84842E-03   9.27879E-01   2.61263E-07 
    1.62429E-02   5.29766E-02   2.50000E-01   1.33702E-01   6.13800E-01 
    3.56899E-06   2.49446E-03   0.00000E+00   7.91102E-01   2.08898E-01  NONE
   8.23000E+02   4.54133E-05   2.65516E-03   9.28076E-01   2.45913E-07 
    1.62452E-02   5.29782E-02   2.50000E-01   1.34420E-01   6.13089E-01 
    3.62674E-06   2.48741E-03   0.00000E+00   7.91079E-01   2.08921E-01  NONE
   8.13000E+02   3.89810E-05   2.46995E-03   9.28264E-01   2.31069E-07 
    1.62476E-02   5.29796E-02   2.50000E-01   1.35108E-01   6.12409E-01 
    3.68261E-06   2.47979E-03   0.00000E+00   7.91058E-01   2.08942E-01  NONE
   8.03000E+02   3.33570E-05   2.29280E-03   9.28443E-01   2.16737E-07 
    1.62501E-02   5.29807E-02   2.50000E-01   1.35767E-01   6.11757E-01 
    3.73657E-06   2.47158E-03   0.00000E+00   7.91041E-01   2.08959E-01  NONE
   7.93000E+02   2.84527E-05   2.12372E-03   9.28613E-01   2.02924E-07 
    1.62526E-02   5.29818E-02   2.50000E-01   1.36397E-01   6.11136E-01 
    3.78860E-06   2.46279E-03   0.00000E+00   7.91025E-01   2.08975E-01  NONE
   7.83000E+02   2.41879E-05   1.96269E-03   9.28775E-01   1.89634E-07 
    1.62554E-02   5.29827E-02   2.50000E-01   1.36998E-01   6.10544E-01 
    3.83867E-06   2.45341E-03   0.00000E+00   7.91011E-01   2.08989E-01  NONE
   7.73000E+02   2.04900E-05   1.80965E-03   9.28928E-01   1.76869E-07 
    1.62582E-02   5.29835E-02   2.50000E-01   1.37570E-01   6.09983E-01 
    3.88677E-06   2.44343E-03   0.00000E+00   7.91000E-01   2.09000E-01  NONE
   7.63000E+02   1.72936E-05   1.66455E-03   9.29073E-01   1.64634E-07 
    1.62612E-02   5.29842E-02   2.50000E-01   1.38112E-01   6.09451E-01 
    3.93290E-06   2.43285E-03   0.00000E+00   7.90990E-01   2.09010E-01  NONE
   7.53000E+02   1.45395E-05   1.52730E-03   9.29209E-01   1.52927E-07 
    1.62643E-02   5.29847E-02   2.50000E-01   1.38626E-01   6.08948E-01 
    3.97704E-06   2.42165E-03   0.00000E+00   7.90981E-01   2.09019E-01  NONE
   7.43000E+02   1.21745E-05   1.39778E-03   9.29337E-01   1.41750E-07 
    1.62675E-02   5.29852E-02   2.50000E-01   1.39111E-01   6.08475E-01 
    4.01920E-06   2.40981E-03   0.00000E+00   7.90973E-01   2.09027E-01  NONE
   7.33000E+02   1.01509E-05   1.27587E-03   9.29457E-01   1.31101E-07 
    1.62710E-02   5.29857E-02   2.50000E-01   1.39568E-01   6.08030E-01 
    4.05938E-06   2.39731E-03   0.00000E+00   7.90967E-01   2.09033E-01  NONE
   7.23000E+02   8.42602E-06   1.16141E-03   9.29569E-01   1.20976E-07 
    1.62745E-02   5.29860E-02   2.50000E-01   1.39998E-01   6.07614E-01 
    4.09759E-06   2.38413E-03   0.00000E+00   7.90962E-01   2.09038E-01  NONE
   7.13000E+02   6.96150E-06   1.05424E-03   9.29674E-01   1.11372E-07 
    1.62783E-02   5.29863E-02   2.50000E-01   1.40400E-01   6.07225E-01 
    4.13384E-06   2.37025E-03   0.00000E+00   7.90957E-01   2.09043E-01  NONE
   7.03000E+02   5.72325E-06   9.54154E-04   9.29771E-01   1.02282E-07 
    1.62822E-02   5.29866E-02   2.50000E-01   1.40776E-01   6.06864E-01 
    4.16816E-06   2.35563E-03   0.00000E+00   7.90953E-01   2.09047E-01  NONE
   6.93000E+02   4.68094E-06   8.60956E-04   9.29861E-01   9.36983E-08 
    1.62863E-02   5.29868E-02   2.50000E-01   1.41127E-01   6.06529E-01 
    4.20057E-06   2.34025E-03   0.00000E+00   7.90950E-01   2.09050E-01  NONE
   6.83000E+02   3.80764E-06   7.74424E-04   9.29944E-01   8.56134E-08 
    1.62907E-02   5.29870E-02   2.50000E-01   1.41452E-01   6.06219E-01 
    4.23110E-06   2.32408E-03   0.00000E+00   7.90947E-01   2.09053E-01  NONE
   6.73000E+02   3.07956E-06   6.94321E-04   9.30020E-01   7.80170E-08 
    1.62952E-02   5.29872E-02   2.50000E-01   1.41754E-01   6.05935E-01 
    4.25980E-06   2.30708E-03   0.00000E+00   7.90945E-01   2.09055E-01  NONE
