
 Phase Region for:
     CEMENTITE                     
     FCC_A1#1                      
 col-1=T, col-2=X(CEMENTITE,C), col-3=X(CEMENTITE,CR), col-4=X(CEMENTITE,FE),
   col-5=X(CEMENTITE,MN), col-6=X(CEMENTITE,NI), col-7=X(CEMENTITE,SI),
   col-8=X(FCC_A1#1,C), col-9=X(FCC_A1#1,CR), col-10=X(FCC_A1#1,FE),
   col-11=X(FCC_A1#1,MN), col-12=X(FCC_A1#1,NI), col-13=X(FCC_A1#1,SI),
   col-14=NP(CEMENTITE), col-15=NP(FCC_A1#1),
   1.17300E+03   2.50000E-01   1.75047E-01   5.64706E-01   9.16798E-03 
    1.07929E-03   0.00000E+00   3.95252E-02   2.89131E-02   9.12309E-01 
    7.15692E-03   1.20939E-02   2.03431E-06   6.56238E-02   9.34376E-01
   1.18300E+03   2.50000E-01   1.74577E-01   5.65213E-01   9.10854E-03 
    1.10219E-03   0.00000E+00   4.07715E-02   2.98084E-02   9.10218E-01 
    7.17262E-03   1.20272E-02   2.02227E-06   6.00581E-02   9.39942E-01
   1.19300E+03   2.50000E-01   1.74100E-01   5.65723E-01   9.05103E-03 
    1.12527E-03   0.00000E+00   4.20403E-02   3.07137E-02   9.08097E-01 
    7.18767E-03   1.19596E-02   2.01000E-06   5.43235E-02   9.45677E-01
   1.20300E+03   2.50000E-01   1.73618E-01   5.66238E-01   8.99540E-03 
    1.14855E-03   0.00000E+00   4.33315E-02   3.16285E-02   9.05945E-01 
    7.20207E-03   1.18912E-02   1.99752E-06   4.84150E-02   9.51585E-01
   1.21300E+03   2.50000E-01   1.73131E-01   5.66755E-01   8.94162E-03 
    1.17201E-03   0.00000E+00   4.46452E-02   3.25526E-02   9.03762E-01 
    7.21584E-03   1.18219E-02   1.98483E-06   4.23275E-02   9.57673E-01
   1.22300E+03   2.50000E-01   1.72640E-01   5.67275E-01   8.88965E-03 
    1.19565E-03   0.00000E+00   4.59814E-02   3.34856E-02   9.01550E-01 
    7.22902E-03   1.17517E-02   1.97191E-06   3.60556E-02   9.63944E-01
   1.23300E+03   2.50000E-01   1.72145E-01   5.67796E-01   8.83946E-03 
    1.21947E-03   0.00000E+00   4.73399E-02   3.44273E-02   8.99309E-01 
    7.24160E-03   1.16807E-02   1.95878E-06   2.95938E-02   9.70406E-01
   1.24300E+03   2.50000E-01   1.71647E-01   5.68318E-01   8.79100E-03 
    1.24347E-03   0.00000E+00   4.87208E-02   3.53774E-02   8.97037E-01 
    7.25363E-03   1.16088E-02   1.94544E-06   2.29363E-02   9.77064E-01
   1.25300E+03   2.50000E-01   1.71148E-01   5.68841E-01   8.74425E-03 
    1.26765E-03   0.00000E+00   5.01240E-02   3.63356E-02   8.94737E-01 
    7.26511E-03   1.15362E-02   1.93187E-06   1.60769E-02   9.83923E-01
   1.26300E+03   2.50000E-01   1.70646E-01   5.69363E-01   8.69918E-03 
    1.29200E-03   0.00000E+00   5.15494E-02   3.73016E-02   8.92408E-01 
    7.27607E-03   1.14627E-02   1.91810E-06   9.00949E-03   9.90991E-01
   1.27300E+03   2.50000E-01   1.70144E-01   5.69883E-01   8.65576E-03 
    1.31652E-03   0.00000E+00   5.29971E-02   3.82752E-02   8.90051E-01 
    7.28653E-03   1.13885E-02   1.90410E-06   1.72728E-03   9.98273E-01
   1.27533E+03   2.50000E-01   1.70027E-01   5.70004E-01   8.64588E-03 
    1.32226E-03   0.00000E+00   5.33374E-02   3.85029E-02   8.89498E-01 
    7.28889E-03   1.13711E-02   1.90081E-06   0.00000E+00   1.00000E+00

 Phase Region for:
     FCC_A1#1                      
 col-1=T, col-2=X(FCC_A1#1,C), col-3=X(FCC_A1#1,CR), col-4=X(FCC_A1#1,FE),
   col-5=X(FCC_A1#1,MN), col-6=X(FCC_A1#1,NI), col-7=X(FCC_A1#1,SI),
   col-8=NP(FCC_A1#1),
   1.27533E+03   5.33374E-02   3.85029E-02   8.89498E-01   7.28889E-03 
    1.13711E-02   1.90081E-06   1.00000E+00
   1.28300E+03   5.33374E-02   3.85029E-02   8.89498E-01   7.28889E-03 
    1.13711E-02   1.90081E-06   1.00000E+00
   1.29300E+03   5.33374E-02   3.85029E-02   8.89498E-01   7.28889E-03 
    1.13711E-02   1.90081E-06   1.00000E+00
   1.30300E+03   5.33374E-02   3.85029E-02   8.89498E-01   7.28889E-03 
    1.13711E-02   1.90081E-06   1.00000E+00
   1.31300E+03   5.33374E-02   3.85029E-02   8.89498E-01   7.28889E-03 
    1.13711E-02   1.90081E-06   1.00000E+00
   1.32300E+03   5.33374E-02   3.85029E-02   8.89498E-01   7.28889E-03 
    1.13711E-02   1.90081E-06   1.00000E+00
   1.33300E+03   5.33374E-02   3.85029E-02   8.89498E-01   7.28889E-03 
    1.13711E-02   1.90081E-06   1.00000E+00
   1.34300E+03   5.33374E-02   3.85029E-02   8.89498E-01   7.28889E-03 
    1.13711E-02   1.90081E-06   1.00000E+00
   1.35300E+03   5.33374E-02   3.85029E-02   8.89498E-01   7.28889E-03 
    1.13711E-02   1.90081E-06   1.00000E+00
   1.36300E+03   5.33374E-02   3.85029E-02   8.89498E-01   7.28889E-03 
    1.13711E-02   1.90081E-06   1.00000E+00
   1.37300E+03   5.33374E-02   3.85029E-02   8.89498E-01   7.28889E-03 
    1.13711E-02   1.90081E-06   1.00000E+00
   1.38300E+03   5.33374E-02   3.85029E-02   8.89498E-01   7.28889E-03 
    1.13711E-02   1.90081E-06   1.00000E+00
   1.39300E+03   5.33374E-02   3.85029E-02   8.89498E-01   7.28889E-03 
    1.13711E-02   1.90081E-06   1.00000E+00
   1.40300E+03   5.33374E-02   3.85029E-02   8.89498E-01   7.28889E-03 
    1.13711E-02   1.90081E-06   1.00000E+00
   1.41300E+03   5.33374E-02   3.85029E-02   8.89498E-01   7.28889E-03 
    1.13711E-02   1.90081E-06   1.00000E+00
   1.42300E+03   5.33374E-02   3.85029E-02   8.89498E-01   7.28889E-03 
    1.13711E-02   1.90081E-06   1.00000E+00
   1.43300E+03   5.33374E-02   3.85029E-02   8.89498E-01   7.28889E-03 
    1.13711E-02   1.90081E-06   1.00000E+00
   1.44300E+03   5.33374E-02   3.85029E-02   8.89498E-01   7.28889E-03 
    1.13711E-02   1.90081E-06   1.00000E+00
   1.45300E+03   5.33374E-02   3.85029E-02   8.89498E-01   7.28889E-03 
    1.13711E-02   1.90081E-06   1.00000E+00
   1.46300E+03   5.33374E-02   3.85029E-02   8.89498E-01   7.28889E-03 
    1.13711E-02   1.90081E-06   1.00000E+00
   1.47300E+03   5.33374E-02   3.85029E-02   8.89498E-01   7.28889E-03 
    1.13711E-02   1.90081E-06   1.00000E+00

 Phase Region for:
     CEMENTITE                     
     FCC_A1#1                      
 col-1=T, col-2=X(CEMENTITE,C), col-3=X(CEMENTITE,CR), col-4=X(CEMENTITE,FE),
   col-5=X(CEMENTITE,MN), col-6=X(CEMENTITE,NI), col-7=X(CEMENTITE,SI),
   col-8=X(FCC_A1#1,C), col-9=X(FCC_A1#1,CR), col-10=X(FCC_A1#1,FE),
   col-11=X(FCC_A1#1,MN), col-12=X(FCC_A1#1,NI), col-13=X(FCC_A1#1,SI),
   col-14=NP(CEMENTITE), col-15=NP(FCC_A1#1),
   1.17300E+03   2.50000E-01   1.75047E-01   5.64706E-01   9.16798E-03 
    1.07929E-03   0.00000E+00   3.95252E-02   2.89131E-02   9.12309E-01 
    7.15692E-03   1.20939E-02   2.03431E-06   6.56238E-02   9.34376E-01
   1.16300E+03   2.50000E-01   1.75510E-01   5.64204E-01   9.22939E-03 
    1.05657E-03   0.00000E+00   3.83014E-02   2.80280E-02   9.14368E-01 
    7.14053E-03   1.21597E-02   2.04614E-06   7.10254E-02   9.28975E-01
   1.15300E+03   2.50000E-01   1.75965E-01   5.63708E-01   9.29281E-03 
    1.03405E-03   0.00000E+00   3.71001E-02   2.71535E-02   9.16396E-01 
    7.12344E-03   1.22245E-02   2.05775E-06   7.62673E-02   9.23733E-01
   1.14300E+03   2.50000E-01   1.76412E-01   5.63218E-01   9.35830E-03 
    1.01173E-03   0.00000E+00   3.59212E-02   2.62898E-02   9.18393E-01 
    7.10563E-03   1.22885E-02   2.06915E-06   8.13542E-02   9.18646E-01
   1.13300E+03   2.50000E-01   1.76851E-01   5.62734E-01   9.42589E-03 
    9.89592E-04   0.00000E+00   3.47647E-02   2.54375E-02   9.20357E-01 
    7.08708E-03   1.23515E-02   2.08033E-06   8.62902E-02   9.13710E-01
   1.12300E+03   2.50000E-01   1.77280E-01   5.62257E-01   9.49563E-03 
    9.67652E-04   0.00000E+00   3.36306E-02   2.45966E-02   9.22289E-01 
    7.06776E-03   1.24136E-02   2.09129E-06   9.10795E-02   9.08921E-01
   1.11300E+03   2.50000E-01   1.77699E-01   5.61788E-01   9.56758E-03 
    9.45908E-04   0.00000E+00   3.25188E-02   2.37677E-02   9.24189E-01 
    7.04767E-03   1.24747E-02   2.10203E-06   9.57261E-02   9.04274E-01
   1.10300E+03   2.50000E-01   1.78107E-01   5.61327E-01   9.64179E-03 
    9.24361E-04   0.00000E+00   3.14292E-02   2.29510E-02   9.26056E-01 
    7.02678E-03   1.25348E-02   2.11257E-06   1.00234E-01   8.99766E-01
   1.09300E+03   2.50000E-01   1.78505E-01   5.60874E-01   9.71831E-03 
    9.03012E-04   0.00000E+00   3.03618E-02   2.21469E-02   9.27890E-01 
    7.00507E-03   1.25940E-02   2.12288E-06   1.04607E-01   8.95393E-01
   1.08300E+03   2.50000E-01   1.78890E-01   5.60431E-01   9.79721E-03 
    8.81862E-04   0.00000E+00   2.93165E-02   2.13556E-02   9.29691E-01 
    6.98252E-03   1.26523E-02   2.13299E-06   1.08848E-01   8.91152E-01
   1.07300E+03   2.50000E-01   1.79264E-01   5.59997E-01   9.87853E-03 
    8.60912E-04   0.00000E+00   2.82931E-02   2.05775E-02   9.31459E-01 
    6.95911E-03   1.27095E-02   2.14288E-06   1.12961E-01   8.87039E-01
   1.06300E+03   2.50000E-01   1.79625E-01   5.59573E-01   9.96234E-03 
    8.40163E-04   0.00000E+00   2.72916E-02   1.98129E-02   9.33193E-01 
    6.93482E-03   1.27658E-02   2.15256E-06   1.16950E-01   8.83050E-01
   1.05300E+03   2.50000E-01   1.79973E-01   5.59159E-01   1.00487E-02 
    8.19616E-04   0.00000E+00   2.63118E-02   1.90620E-02   9.34893E-01 
    6.90964E-03   1.28211E-02   2.16203E-06   1.20818E-01   8.79182E-01
   1.04300E+03   2.50000E-01   1.80307E-01   5.58756E-01   1.01377E-02 
    7.99272E-04   0.00000E+00   2.53536E-02   1.83252E-02   9.36560E-01 
    6.88353E-03   1.28754E-02   2.17129E-06   1.24568E-01   8.75432E-01
   1.03300E+03   2.50000E-01   1.80627E-01   5.58364E-01   1.02293E-02 
    7.79131E-04   0.00000E+00   2.44169E-02   1.76026E-02   9.38193E-01 
    6.85648E-03   1.29287E-02   2.18034E-06   1.28203E-01   8.71797E-01
   1.02300E+03   2.50000E-01   1.80933E-01   5.57984E-01   1.03237E-02 
    7.59196E-04   0.00000E+00   2.35015E-02   1.68946E-02   9.39792E-01 
    6.82847E-03   1.29810E-02   2.18919E-06   1.31727E-01   8.68273E-01
   1.01300E+03   2.50000E-01   1.81225E-01   5.57615E-01   1.04210E-02 
    7.39466E-04   0.00000E+00   2.26072E-02   1.62015E-02   9.41357E-01 
    6.79948E-03   1.30324E-02   2.19783E-06   1.35142E-01   8.64858E-01
   1.00300E+03   2.50000E-01   1.81501E-01   5.57258E-01   1.05211E-02 
    7.19942E-04   0.00000E+00   2.17338E-02   1.55233E-02   9.42888E-01 
    6.76948E-03   1.30827E-02   2.20627E-06   1.38450E-01   8.61550E-01
   1.00287E+03   2.50000E-01   1.81504E-01   5.57254E-01   1.05224E-02 
    7.19684E-04   0.00000E+00   2.17223E-02   1.55144E-02   9.42909E-01 
    6.76908E-03   1.30834E-02   2.20639E-06   1.38494E-01   8.61506E-01

 Phase Region for:
     BCC_A2                        
     CEMENTITE                     
     FCC_A1#1                      
 col-1=T, col-2=X(BCC_A2,C), col-3=X(BCC_A2,CR), col-4=X(BCC_A2,FE),
   col-5=X(BCC_A2,MN), col-6=X(BCC_A2,NI), col-7=X(BCC_A2,SI),
   col-8=X(CEMENTITE,C), col-9=X(CEMENTITE,CR), col-10=X(CEMENTITE,FE),
   col-11=X(CEMENTITE,MN), col-12=X(CEMENTITE,NI), col-13=X(CEMENTITE,SI),
   col-14=X(FCC_A1#1,C), col-15=X(FCC_A1#1,CR), col-16=X(FCC_A1#1,FE),
   col-17=X(FCC_A1#1,MN), col-18=X(FCC_A1#1,NI), col-19=X(FCC_A1#1,SI),
   col-20=NP(BCC_A2), col-21=NP(CEMENTITE), col-22=NP(FCC_A1#1),
   1.00287E+03   5.05996E-04   9.17634E-03   9.82493E-01   1.94971E-03 
    5.87185E-03   3.22460E-06   2.50000E-01   1.81504E-01   5.57254E-01 
    1.05225E-02   7.19687E-04   0.00000E+00   2.17223E-02   1.55143E-02 
    9.42909E-01   6.76910E-03   1.30834E-02   2.20638E-06   4.89373E-06 
    1.38494E-01   8.61501E-01
   9.93000E+02   4.68072E-04   8.03626E-03   9.81309E-01   2.36412E-03 
    7.81966E-03   2.75406E-06   2.50000E-01   1.68519E-01   5.66691E-01 
    1.37884E-02   1.00165E-03   0.00000E+00   2.14681E-02   1.37316E-02 
    9.37657E-01   8.85796E-03   1.82829E-02   1.92639E-06   3.73566E-01 
    1.73780E-01   4.52654E-01
   9.83000E+02   4.23189E-04   7.31950E-03   9.79579E-01   2.73224E-03 
    9.94320E-03   2.54777E-06   2.50000E-01   1.61836E-01   5.69872E-01 
    1.69852E-02   1.30713E-03   0.00000E+00   2.07736E-02   1.25332E-02 
    9.31100E-01   1.10849E-02   2.45067E-02   1.83973E-06   5.91940E-01 
    1.94611E-01   2.13448E-01
   9.73000E+02   3.78064E-04   6.81974E-03   9.77690E-01   3.02898E-03 
    1.20811E-02   2.45282E-06   2.50000E-01   1.58631E-01   5.69821E-01 
    1.99344E-02   1.61319E-03   0.00000E+00   1.98569E-02   1.16465E-02 
    9.23669E-01   1.33535E-02   3.14717E-02   1.83853E-06   7.18911E-01 
    2.06324E-01   7.47649E-02
   9.64112E+02   3.40037E-04   6.46932E-03   9.76025E-01   3.23391E-03 
    1.39296E-02   2.41305E-06   2.50000E-01   1.57373E-01   5.68414E-01 
    2.23361E-02   1.87700E-03   0.00000E+00   1.89503E-02   1.09970E-02 
    9.16464E-01   1.54018E-02   3.81851E-02   1.87524E-06   7.87722E-01 
    2.12278E-01   0.00000E+00

 Phase Region for:
     BCC_A2                        
     CEMENTITE                     
 col-1=T, col-2=X(BCC_A2,C), col-3=X(BCC_A2,CR), col-4=X(BCC_A2,FE),
   col-5=X(BCC_A2,MN), col-6=X(BCC_A2,NI), col-7=X(BCC_A2,SI),
   col-8=X(CEMENTITE,C), col-9=X(CEMENTITE,CR), col-10=X(CEMENTITE,FE),
   col-11=X(CEMENTITE,MN), col-12=X(CEMENTITE,NI), col-13=X(CEMENTITE,SI),
   col-14=NP(BCC_A2), col-15=NP(CEMENTITE),
   9.64112E+02   3.40037E-04   6.46932E-03   9.76025E-01   3.23391E-03 
    1.39296E-02   2.41305E-06   2.50000E-01   1.57373E-01   5.68414E-01 
    2.23361E-02   1.87700E-03   0.00000E+00   7.87722E-01   2.12278E-01  NONE
   9.63000E+02   3.35591E-04   6.43359E-03   9.76081E-01   3.21773E-03 
    1.39297E-02   2.41310E-06   2.50000E-01   1.57496E-01   5.68232E-01 
    2.23949E-02   1.87726E-03   0.00000E+00   7.87708E-01   2.12292E-01  NONE
   9.53000E+02   2.97897E-04   6.11640E-03   9.76578E-01   3.07410E-03 
    1.39310E-02   2.41346E-06   2.50000E-01   1.58587E-01   5.66616E-01 
    2.29167E-02   1.87940E-03   0.00000E+00   7.87589E-01   2.12411E-01  NONE
   9.43000E+02   2.64057E-04   5.80672E-03   9.77061E-01   2.93387E-03 
    1.39321E-02   2.41379E-06   2.50000E-01   1.59658E-01   5.65034E-01 
    2.34264E-02   1.88109E-03   0.00000E+00   7.87482E-01   2.12518E-01  NONE
   9.33000E+02   2.33710E-04   5.50472E-03   9.77529E-01   2.79702E-03 
    1.39333E-02   2.41408E-06   2.50000E-01   1.60708E-01   5.63486E-01 
    2.39240E-02   1.88235E-03   0.00000E+00   7.87387E-01   2.12613E-01  NONE
   9.23000E+02   2.06526E-04   5.21058E-03   9.77983E-01   2.66355E-03 
    1.39343E-02   2.41434E-06   2.50000E-01   1.61734E-01   5.61974E-01 
    2.44095E-02   1.88321E-03   0.00000E+00   7.87301E-01   2.12699E-01  NONE
   9.13000E+02   1.82206E-04   4.92447E-03   9.78422E-01   2.53345E-03 
    1.39354E-02   2.41458E-06   2.50000E-01   1.62736E-01   5.60497E-01 
    2.48830E-02   1.88370E-03   0.00000E+00   7.87224E-01   2.12776E-01  NONE
   9.03000E+02   1.60476E-04   4.64656E-03   9.78847E-01   2.40674E-03 
    1.39364E-02   2.41479E-06   2.50000E-01   1.63713E-01   5.59059E-01 
    2.53444E-02   1.88383E-03   0.00000E+00   7.87156E-01   2.12844E-01  NONE
   8.93000E+02   1.41086E-04   4.37701E-03   9.79259E-01   2.28343E-03 
    1.39374E-02   2.41498E-06   2.50000E-01   1.64664E-01   5.57659E-01 
    2.57937E-02   1.88363E-03   0.00000E+00   7.87095E-01   2.12905E-01  NONE
   8.83000E+02   1.23809E-04   4.11598E-03   9.79656E-01   2.16353E-03 
    1.39384E-02   2.41514E-06   2.50000E-01   1.65588E-01   5.56299E-01 
    2.62308E-02   1.88312E-03   0.00000E+00   7.87040E-01   2.12960E-01  NONE
   8.73000E+02   1.08438E-04   3.86363E-03   9.80039E-01   2.04708E-03 
    1.39393E-02   2.41529E-06   2.50000E-01   1.66483E-01   5.54979E-01 
    2.66556E-02   1.88229E-03   0.00000E+00   7.86992E-01   2.13008E-01  NONE
   8.63000E+02   9.47830E-05   3.62007E-03   9.80408E-01   1.93409E-03 
    1.39403E-02   2.41542E-06   2.50000E-01   1.67350E-01   5.53701E-01 
    2.70680E-02   1.88116E-03   0.00000E+00   7.86949E-01   2.13051E-01  NONE
   8.53000E+02   8.26731E-05   3.38543E-03   9.80764E-01   1.82459E-03 
    1.39413E-02   2.41554E-06   2.50000E-01   1.68187E-01   5.52465E-01 
    2.74678E-02   1.87974E-03   0.00000E+00   7.86911E-01   2.13089E-01  NONE
   8.43000E+02   7.19517E-05   3.15980E-03   9.81105E-01   1.71861E-03 
    1.39422E-02   2.41564E-06   2.50000E-01   1.68994E-01   5.51273E-01 
    2.78551E-02   1.87802E-03   0.00000E+00   7.86877E-01   2.13123E-01  NONE
   8.33000E+02   6.24767E-05   2.94326E-03   9.81432E-01   1.61617E-03 
    1.39432E-02   2.41574E-06   2.50000E-01   1.69770E-01   5.50124E-01 
    2.82296E-02   1.87601E-03   0.00000E+00   7.86847E-01   2.13153E-01  NONE
   8.23000E+02   5.41189E-05   2.73584E-03   9.81746E-01   1.51730E-03 
    1.39443E-02   2.41582E-06   2.50000E-01   1.70515E-01   5.49020E-01 
    2.85912E-02   1.87371E-03   0.00000E+00   7.86821E-01   2.13179E-01  NONE
   8.13000E+02   4.67612E-05   2.53759E-03   9.82046E-01   1.42201E-03 
    1.39453E-02   2.41589E-06   2.50000E-01   1.71229E-01   5.47960E-01 
    2.89399E-02   1.87110E-03   0.00000E+00   7.86798E-01   2.13202E-01  NONE
   8.03000E+02   4.02972E-05   2.34849E-03   9.82332E-01   1.33033E-03 
    1.39464E-02   2.41595E-06   2.50000E-01   1.71910E-01   5.46946E-01 
    2.92756E-02   1.86818E-03   0.00000E+00   7.86777E-01   2.13223E-01  NONE
   7.93000E+02   3.46308E-05   2.16853E-03   9.82605E-01   1.24227E-03 
    1.39476E-02   2.41600E-06   2.50000E-01   1.72560E-01   5.45977E-01 
    2.95982E-02   1.86495E-03   0.00000E+00   7.86759E-01   2.13241E-01  NONE
   7.83000E+02   2.96749E-05   1.99765E-03   9.82864E-01   1.15782E-03 
    1.39488E-02   2.41605E-06   2.50000E-01   1.73178E-01   5.45053E-01 
    2.99076E-02   1.86138E-03   0.00000E+00   7.86744E-01   2.13256E-01  NONE
   7.73000E+02   2.53509E-05   1.83577E-03   9.83109E-01   1.07699E-03 
    1.39501E-02   2.41609E-06   2.50000E-01   1.73764E-01   5.44174E-01 
    3.02040E-02   1.85747E-03   0.00000E+00   7.86730E-01   2.13270E-01  NONE
   7.63000E+02   2.15878E-05   1.68279E-03   9.83342E-01   9.99763E-04 
    1.39514E-02   2.41613E-06   2.50000E-01   1.74319E-01   5.43340E-01 
    3.04872E-02   1.85321E-03   0.00000E+00   7.86718E-01   2.13282E-01  NONE
   7.53000E+02   1.83215E-05   1.53857E-03   9.83562E-01   9.26129E-04 
    1.39528E-02   2.41616E-06   2.50000E-01   1.74843E-01   5.42551E-01 
    3.07574E-02   1.84856E-03   0.00000E+00   7.86708E-01   2.13292E-01  NONE
   7.43000E+02   1.54945E-05   1.40296E-03   9.83769E-01   8.56060E-04 
    1.39543E-02   2.41619E-06   2.50000E-01   1.75336E-01   5.41806E-01 
    3.10146E-02   1.84351E-03   0.00000E+00   7.86699E-01   2.13301E-01  NONE
   7.33000E+02   1.30550E-05   1.27577E-03   9.83963E-01   7.89523E-04 
    1.39559E-02   2.41621E-06   2.50000E-01   1.75798E-01   5.41105E-01 
    3.12589E-02   1.83805E-03   0.00000E+00   7.86692E-01   2.13308E-01  NONE
   7.23000E+02   1.09565E-05   1.15682E-03   9.84146E-01   7.26477E-04 
    1.39576E-02   2.41623E-06   2.50000E-01   1.76232E-01   5.40446E-01 
    3.14904E-02   1.83214E-03   0.00000E+00   7.86685E-01   2.13315E-01  NONE
   7.13000E+02   9.15736E-06   1.04587E-03   9.84316E-01   6.66870E-04 
    1.39594E-02   2.41625E-06   2.50000E-01   1.76636E-01   5.39829E-01 
    3.17094E-02   1.82576E-03   0.00000E+00   7.86679E-01   2.13321E-01  NONE
   7.03000E+02   7.62040E-06   9.42677E-04   9.84475E-01   6.10646E-04 
    1.39614E-02   2.41627E-06   2.50000E-01   1.77013E-01   5.39252E-01 
    3.19161E-02   1.81889E-03   0.00000E+00   7.86674E-01   2.13326E-01  NONE
   6.93000E+02   6.31232E-06   8.46987E-04   9.84623E-01   5.57736E-04 
    1.39634E-02   2.41628E-06   2.50000E-01   1.77362E-01   5.38716E-01 
    3.21106E-02   1.81150E-03   0.00000E+00   7.86670E-01   2.13330E-01  NONE
   6.83000E+02   5.20347E-06   7.58521E-04   9.84760E-01   5.08068E-04 
    1.39657E-02   2.41629E-06   2.50000E-01   1.77686E-01   5.38218E-01 
    3.22932E-02   1.80356E-03   0.00000E+00   7.86667E-01   2.13333E-01  NONE
   6.73000E+02   4.26750E-06   6.76992E-04   9.84887E-01   4.61561E-04 
    1.39680E-02   2.41630E-06   2.50000E-01   1.77984E-01   5.37757E-01 
    3.24643E-02   1.79504E-03   0.00000E+00   7.86664E-01   2.13336E-01  NONE
