
 Phase Region for:
     CEMENTITE                     
     FCC_A1#1                      
 col-1=T, col-2=X(CEMENTITE,C), col-3=X(CEMENTITE,CR), col-4=X(CEMENTITE,FE),
   col-5=X(CEMENTITE,MN), col-6=X(CEMENTITE,NI), col-7=X(CEMENTITE,SI),
   col-8=X(FCC_A1#1,C), col-9=X(FCC_A1#1,CR), col-10=X(FCC_A1#1,FE),
   col-11=X(FCC_A1#1,MN), col-12=X(FCC_A1#1,NI), col-13=X(FCC_A1#1,SI),
   col-14=NP(CEMENTITE), col-15=NP(FCC_A1#1),
   1.17300E+03   2.50000E-01   5.80787E-02   6.81222E-01   9.13256E-03 
    1.56660E-03   0.00000E+00   4.40333E-02   1.06873E-02   8.97110E-01 
    7.11485E-03   1.16555E-02   2.93986E-02   4.20001E-02   9.58000E-01
   1.18300E+03   2.50000E-01   5.79482E-02   6.81375E-01   9.07868E-03 
    1.59833E-03   0.00000E+00   4.53330E-02   1.09912E-02   8.95742E-01 
    7.12959E-03   1.15907E-02   2.92131E-02   3.59167E-02   9.64083E-01
   1.19300E+03   2.50000E-01   5.78136E-02   6.81530E-01   9.02653E-03 
    1.63021E-03   0.00000E+00   4.66507E-02   1.12977E-02   8.94357E-01 
    7.14374E-03   1.15254E-02   2.90250E-02   2.96693E-02   9.70331E-01
   1.20300E+03   2.50000E-01   5.76748E-02   6.81687E-01   8.97607E-03 
    1.66224E-03   0.00000E+00   4.79865E-02   1.16065E-02   8.92956E-01 
    7.15731E-03   1.14596E-02   2.88343E-02   2.32530E-02   9.76747E-01
   1.21300E+03   2.50000E-01   5.75320E-02   6.81846E-01   8.92728E-03 
    1.69442E-03   0.00000E+00   4.93404E-02   1.19177E-02   8.91537E-01 
    7.17032E-03   1.13934E-02   2.86411E-02   1.66628E-02   9.83337E-01
   1.22300E+03   2.50000E-01   5.73854E-02   6.82008E-01   8.88013E-03 
    1.72673E-03   0.00000E+00   5.07124E-02   1.22310E-02   8.90102E-01 
    7.18281E-03   1.13267E-02   2.84453E-02   9.89321E-03   9.90107E-01
   1.23300E+03   2.50000E-01   5.72351E-02   6.82171E-01   8.83458E-03 
    1.75918E-03   0.00000E+00   5.21024E-02   1.25464E-02   8.88650E-01 
    7.19478E-03   1.12597E-02   2.82469E-02   2.93866E-03   9.97061E-01
   1.23715E+03   2.50000E-01   5.71717E-02   6.82239E-01   8.81617E-03 
    1.77267E-03   0.00000E+00   5.26840E-02   1.26778E-02   8.88043E-01 
    7.19960E-03   1.12318E-02   2.81639E-02   0.00000E+00   1.00000E+00

 Phase Region for:
     FCC_A1#1                      
 col-1=T, col-2=X(FCC_A1#1,C), col-3=X(FCC_A1#1,CR), col-4=X(FCC_A1#1,FE),
   col-5=X(FCC_A1#1,MN), col-6=X(FCC_A1#1,NI), col-7=X(FCC_A1#1,SI),
   col-8=NP(FCC_A1#1),
   1.23715E+03   5.26840E-02   1.26778E-02   8.88043E-01   7.19960E-03 
    1.12318E-02   2.81639E-02   1.00000E+00
   1.24300E+03   5.26840E-02   1.26778E-02   8.88043E-01   7.19960E-03 
    1.12318E-02   2.81639E-02   1.00000E+00
   1.25300E+03   5.26840E-02   1.26778E-02   8.88043E-01   7.19960E-03 
    1.12318E-02   2.81639E-02   1.00000E+00
   1.26300E+03   5.26840E-02   1.26778E-02   8.88043E-01   7.19960E-03 
    1.12318E-02   2.81639E-02   1.00000E+00
   1.27300E+03   5.26840E-02   1.26778E-02   8.88043E-01   7.19960E-03 
    1.12318E-02   2.81639E-02   1.00000E+00
   1.28300E+03   5.26840E-02   1.26778E-02   8.88043E-01   7.19960E-03 
    1.12318E-02   2.81639E-02   1.00000E+00
   1.29300E+03   5.26840E-02   1.26778E-02   8.88043E-01   7.19960E-03 
    1.12318E-02   2.81639E-02   1.00000E+00
   1.30300E+03   5.26840E-02   1.26778E-02   8.88043E-01   7.19960E-03 
    1.12318E-02   2.81639E-02   1.00000E+00
   1.31300E+03   5.26840E-02   1.26778E-02   8.88043E-01   7.19960E-03 
    1.12318E-02   2.81639E-02   1.00000E+00
   1.32300E+03   5.26840E-02   1.26778E-02   8.88043E-01   7.19960E-03 
    1.12318E-02   2.81639E-02   1.00000E+00
   1.33300E+03   5.26840E-02   1.26778E-02   8.88043E-01   7.19960E-03 
    1.12318E-02   2.81639E-02   1.00000E+00
   1.34300E+03   5.26840E-02   1.26778E-02   8.88043E-01   7.19960E-03 
    1.12318E-02   2.81639E-02   1.00000E+00
   1.35300E+03   5.26840E-02   1.26778E-02   8.88043E-01   7.19960E-03 
    1.12318E-02   2.81639E-02   1.00000E+00
   1.36300E+03   5.26840E-02   1.26778E-02   8.88043E-01   7.19960E-03 
    1.12318E-02   2.81639E-02   1.00000E+00
   1.37300E+03   5.26840E-02   1.26778E-02   8.88043E-01   7.19960E-03 
    1.12318E-02   2.81639E-02   1.00000E+00
   1.38300E+03   5.26840E-02   1.26778E-02   8.88043E-01   7.19960E-03 
    1.12318E-02   2.81639E-02   1.00000E+00
   1.39300E+03   5.26840E-02   1.26778E-02   8.88043E-01   7.19960E-03 
    1.12318E-02   2.81639E-02   1.00000E+00
   1.40300E+03   5.26840E-02   1.26778E-02   8.88043E-01   7.19960E-03 
    1.12318E-02   2.81639E-02   1.00000E+00
   1.41300E+03   5.26840E-02   1.26778E-02   8.88043E-01   7.19960E-03 
    1.12318E-02   2.81639E-02   1.00000E+00
   1.42300E+03   5.26840E-02   1.26778E-02   8.88043E-01   7.19960E-03 
    1.12318E-02   2.81639E-02   1.00000E+00
   1.43300E+03   5.26840E-02   1.26778E-02   8.88043E-01   7.19960E-03 
    1.12318E-02   2.81639E-02   1.00000E+00
   1.44300E+03   5.26840E-02   1.26778E-02   8.88043E-01   7.19960E-03 
    1.12318E-02   2.81639E-02   1.00000E+00
   1.45300E+03   5.26840E-02   1.26778E-02   8.88043E-01   7.19960E-03 
    1.12318E-02   2.81639E-02   1.00000E+00
   1.46300E+03   5.26840E-02   1.26778E-02   8.88043E-01   7.19960E-03 
    1.12318E-02   2.81639E-02   1.00000E+00
   1.47300E+03   5.26840E-02   1.26778E-02   8.88043E-01   7.19960E-03 
    1.12318E-02   2.81639E-02   1.00000E+00

 Phase Region for:
     CEMENTITE                     
     FCC_A1#1                      
 col-1=T, col-2=X(CEMENTITE,C), col-3=X(CEMENTITE,CR), col-4=X(CEMENTITE,FE),
   col-5=X(CEMENTITE,MN), col-6=X(CEMENTITE,NI), col-7=X(CEMENTITE,SI),
   col-8=X(FCC_A1#1,C), col-9=X(FCC_A1#1,CR), col-10=X(FCC_A1#1,FE),
   col-11=X(FCC_A1#1,MN), col-12=X(FCC_A1#1,NI), col-13=X(FCC_A1#1,SI),
   col-14=NP(CEMENTITE), col-15=NP(FCC_A1#1),
   1.17300E+03   2.50000E-01   5.80787E-02   6.81222E-01   9.13256E-03 
    1.56660E-03   0.00000E+00   4.40333E-02   1.06873E-02   8.97110E-01 
    7.11485E-03   1.16555E-02   2.93986E-02   4.20001E-02   9.58000E-01
   1.16300E+03   2.50000E-01   5.82047E-02   6.81072E-01   9.18820E-03 
    1.53502E-03   0.00000E+00   4.27518E-02   1.03861E-02   8.98461E-01 
    7.09950E-03   1.17199E-02   2.95815E-02   4.79242E-02   9.52076E-01
   1.15300E+03   2.50000E-01   5.83263E-02   6.80924E-01   9.24562E-03 
    1.50361E-03   0.00000E+00   4.14883E-02   1.00877E-02   8.99795E-01 
    7.08351E-03   1.17837E-02   2.97619E-02   5.36933E-02   9.46307E-01
   1.14300E+03   2.50000E-01   5.84433E-02   6.80779E-01   9.30487E-03 
    1.47236E-03   0.00000E+00   4.02429E-02   9.79218E-03   9.01111E-01 
    7.06686E-03   1.18471E-02   2.99396E-02   5.93115E-02   9.40688E-01
   1.13300E+03   2.50000E-01   5.85557E-02   6.80637E-01   9.36599E-03 
    1.44128E-03   0.00000E+00   3.90158E-02   9.49977E-03   9.02410E-01 
    7.04953E-03   1.19100E-02   3.01148E-02   6.47830E-02   9.35217E-01
   1.12300E+03   2.50000E-01   5.86632E-02   6.80497E-01   9.42901E-03 
    1.41037E-03   0.00000E+00   3.78068E-02   9.21056E-03   9.03692E-01 
    7.03150E-03   1.19723E-02   3.02873E-02   7.01114E-02   9.29889E-01
   1.11300E+03   2.50000E-01   5.87660E-02   6.80360E-01   9.49397E-03 
    1.37964E-03   0.00000E+00   3.66161E-02   8.92469E-03   9.04955E-01 
    7.01276E-03   1.20341E-02   3.04573E-02   7.53005E-02   9.24700E-01
   1.10300E+03   2.50000E-01   5.88638E-02   6.80226E-01   9.56091E-03 
    1.34910E-03   0.00000E+00   3.54436E-02   8.64228E-03   9.06201E-01 
    6.99328E-03   1.20953E-02   3.06247E-02   8.03536E-02   9.19646E-01
   1.09300E+03   2.50000E-01   5.89567E-02   6.80095E-01   9.62988E-03 
    1.31874E-03   0.00000E+00   3.42895E-02   8.36347E-03   9.07429E-01 
    6.97304E-03   1.21559E-02   3.07894E-02   8.52740E-02   9.14726E-01
   1.08300E+03   2.50000E-01   5.90445E-02   6.79966E-01   9.70092E-03 
    1.28857E-03   0.00000E+00   3.31537E-02   8.08840E-03   9.08638E-01 
    6.95202E-03   1.22159E-02   3.09515E-02   9.00650E-02   9.09935E-01
   1.07300E+03   2.50000E-01   5.91273E-02   6.79840E-01   9.77408E-03 
    1.25860E-03   0.00000E+00   3.20364E-02   7.81718E-03   9.09830E-01 
    6.93020E-03   1.22754E-02   3.11110E-02   9.47294E-02   9.05271E-01
   1.06300E+03   2.50000E-01   5.92050E-02   6.79717E-01   9.84941E-03 
    1.22883E-03   0.00000E+00   3.09376E-02   7.54994E-03   9.11003E-01 
    6.90756E-03   1.23342E-02   3.12678E-02   9.92703E-02   9.00730E-01
   1.05300E+03   2.50000E-01   5.92777E-02   6.79596E-01   9.92695E-03 
    1.19927E-03   0.00000E+00   2.98573E-02   7.28681E-03   9.12157E-01 
    6.88408E-03   1.23924E-02   3.14220E-02   1.03690E-01   8.96310E-01
   1.04300E+03   2.50000E-01   5.93453E-02   6.79478E-01   1.00068E-02 
    1.16992E-03   0.00000E+00   2.87957E-02   7.02791E-03   9.13293E-01 
    6.85975E-03   1.24499E-02   3.15735E-02   1.07992E-01   8.92008E-01
   1.03300E+03   2.50000E-01   5.94078E-02   6.79363E-01   1.00889E-02 
    1.14079E-03   0.00000E+00   2.77528E-02   6.77334E-03   9.14410E-01 
    6.83453E-03   1.25068E-02   3.17224E-02   1.12178E-01   8.87822E-01
   1.02300E+03   2.50000E-01   5.94653E-02   6.79249E-01   1.01734E-02 
    1.11188E-03   0.00000E+00   2.67286E-02   6.52323E-03   9.15508E-01 
    6.80842E-03   1.25630E-02   3.18686E-02   1.16250E-01   8.83750E-01
   1.01986E+03   2.50000E-01   5.94824E-02   6.79214E-01   1.02004E-02 
    1.10284E-03   0.00000E+00   2.64109E-02   6.44562E-03   9.15849E-01 
    6.80003E-03   1.25805E-02   3.19139E-02   1.17506E-01   8.82494E-01

 Phase Region for:
     BCC_A2                        
     CEMENTITE                     
     FCC_A1#1                      
 col-1=T, col-2=X(BCC_A2,C), col-3=X(BCC_A2,CR), col-4=X(BCC_A2,FE),
   col-5=X(BCC_A2,MN), col-6=X(BCC_A2,NI), col-7=X(BCC_A2,SI),
   col-8=X(CEMENTITE,C), col-9=X(CEMENTITE,CR), col-10=X(CEMENTITE,FE),
   col-11=X(CEMENTITE,MN), col-12=X(CEMENTITE,NI), col-13=X(CEMENTITE,SI),
   col-14=X(FCC_A1#1,C), col-15=X(FCC_A1#1,CR), col-16=X(FCC_A1#1,FE),
   col-17=X(FCC_A1#1,MN), col-18=X(FCC_A1#1,NI), col-19=X(FCC_A1#1,SI),
   col-20=NP(BCC_A2), col-21=NP(CEMENTITE), col-22=NP(FCC_A1#1),
   1.01986E+03   7.08046E-04   3.80361E-03   9.43713E-01   2.39543E-03 
    6.11133E-03   4.32682E-02   2.50000E-01   5.94823E-02   6.79214E-01 
    1.02005E-02   1.10285E-03   0.00000E+00   2.64109E-02   6.44561E-03 
    9.15849E-01   6.80004E-03   1.25805E-02   3.19139E-02   3.44838E-06 
    1.17506E-01   8.82490E-01
   1.01300E+03   6.67854E-04   3.47670E-03   9.45266E-01   2.61937E-03 
    7.05679E-03   4.09128E-02   2.50000E-01   5.66556E-02   6.80324E-01 
    1.17383E-02   1.28218E-03   0.00000E+00   2.60228E-02   5.91598E-03 
    9.15266E-01   7.74549E-03   1.49049E-02   3.01453E-02   2.18475E-01 
    1.43767E-01   6.37757E-01
   1.00300E+03   6.07130E-04   3.10905E-03   9.46276E-01   2.93797E-03 
    8.69086E-03   3.83785E-02   2.50000E-01   5.37318E-02   6.80426E-01 
    1.42433E-02   1.59892E-03   0.00000E+00   2.52169E-02   5.30992E-03 
    9.12457E-01   9.35486E-03   1.92071E-02   2.84541E-02   4.67995E-01 
    1.73431E-01   3.58574E-01
   9.93000E+02   5.45950E-04   2.84713E-03   9.45992E-01   3.24211E-03 
    1.05625E-02   3.68100E-02   2.50000E-01   5.19936E-02   6.79151E-01 
    1.68906E-02   1.96521E-03   0.00000E+00   2.41780E-02   4.85531E-03 
    9.07654E-01   1.11625E-02   2.45414E-02   2.76091E-02   6.40077E-01 
    1.93215E-01   1.66708E-01
   9.83000E+02   4.87096E-04   2.65489E-03   9.44904E-01   3.50680E-03 
    1.25408E-02   3.59060E-02   2.50000E-01   5.10859E-02   6.77071E-01 
    1.94889E-02   2.35447E-03   0.00000E+00   2.29910E-02   4.49958E-03 
    9.01432E-01   1.30619E-02   3.07066E-02   2.73091E-02   7.51623E-01 
    2.05311E-01   4.30664E-02
   9.78035E+02   4.59332E-04   2.57599E-03   9.44199E-01   3.61826E-03 
    1.35296E-02   3.56181E-02   2.50000E-01   5.08445E-02   6.75875E-01 
    2.07307E-02   2.55006E-03   0.00000E+00   2.23687E-02   4.34671E-03 
    8.97949E-01   1.40214E-02   3.40262E-02   2.72884E-02   7.90717E-01 
    2.09283E-01   0.00000E+00

 Phase Region for:
     BCC_A2                        
     CEMENTITE                     
 col-1=T, col-2=X(BCC_A2,C), col-3=X(BCC_A2,CR), col-4=X(BCC_A2,FE),
   col-5=X(BCC_A2,MN), col-6=X(BCC_A2,NI), col-7=X(BCC_A2,SI),
   col-8=X(CEMENTITE,C), col-9=X(CEMENTITE,CR), col-10=X(CEMENTITE,FE),
   col-11=X(CEMENTITE,MN), col-12=X(CEMENTITE,NI), col-13=X(CEMENTITE,SI),
   col-14=NP(BCC_A2), col-15=NP(CEMENTITE),
   9.78035E+02   4.59332E-04   2.57599E-03   9.44199E-01   3.61826E-03 
    1.35296E-02   3.56181E-02   2.50000E-01   5.08445E-02   6.75875E-01 
    2.07307E-02   2.55006E-03   0.00000E+00   7.90717E-01   2.09283E-01  NONE
   9.73000E+02   4.33547E-04   2.51765E-03   9.44359E-01   3.53882E-03 
    1.35290E-02   3.56218E-02   2.50000E-01   5.10459E-02   6.75373E-01 
    2.10240E-02   2.55666E-03   0.00000E+00   7.90635E-01   2.09365E-01  NONE
   9.63000E+02   3.86110E-04   2.40368E-03   9.44670E-01   3.38402E-03 
    1.35278E-02   3.56286E-02   2.50000E-01   5.14411E-02   6.74394E-01 
    2.15955E-02   2.56898E-03   0.00000E+00   7.90485E-01   2.09515E-01  NONE
   9.53000E+02   3.43325E-04   2.29222E-03   9.44970E-01   3.23314E-03 
    1.35267E-02   3.56347E-02   2.50000E-01   5.18296E-02   6.73438E-01 
    2.21525E-02   2.58028E-03   0.00000E+00   7.90350E-01   2.09650E-01  NONE
   9.43000E+02   3.04780E-04   2.18330E-03   9.45260E-01   3.08611E-03 
    1.35256E-02   3.56402E-02   2.50000E-01   5.22111E-02   6.72503E-01 
    2.26954E-02   2.59063E-03   0.00000E+00   7.90228E-01   2.09772E-01  NONE
   9.33000E+02   2.70096E-04   2.07693E-03   9.45540E-01   2.94291E-03 
    1.35246E-02   3.56451E-02   2.50000E-01   5.25854E-02   6.71590E-01 
    2.32242E-02   2.60007E-03   0.00000E+00   7.90118E-01   2.09882E-01  NONE
   9.23000E+02   2.38926E-04   1.97314E-03   9.45811E-01   2.80351E-03 
    1.35237E-02   3.56496E-02   2.50000E-01   5.29522E-02   6.70700E-01 
    2.37392E-02   2.60866E-03   0.00000E+00   7.90019E-01   2.09981E-01  NONE
   9.13000E+02   2.10954E-04   1.87198E-03   9.46073E-01   2.66787E-03 
    1.35229E-02   3.56536E-02   2.50000E-01   5.33111E-02   6.69832E-01 
    2.42404E-02   2.61643E-03   0.00000E+00   7.89931E-01   2.10069E-01  NONE
   9.03000E+02   1.85887E-04   1.77349E-03   9.46325E-01   2.53597E-03 
    1.35221E-02   3.56572E-02   2.50000E-01   5.36619E-02   6.68987E-01 
    2.47280E-02   2.62343E-03   0.00000E+00   7.89851E-01   2.10149E-01  NONE
   8.93000E+02   1.63461E-04   1.67769E-03   9.46569E-01   2.40780E-03 
    1.35214E-02   3.56604E-02   2.50000E-01   5.40043E-02   6.68164E-01 
    2.52021E-02   2.62968E-03   0.00000E+00   7.89781E-01   2.10219E-01  NONE
   8.83000E+02   1.43428E-04   1.58465E-03   9.46805E-01   2.28335E-03 
    1.35208E-02   3.56632E-02   2.50000E-01   5.43380E-02   6.67364E-01 
    2.56626E-02   2.63522E-03   0.00000E+00   7.89717E-01   2.10283E-01  NONE
   8.73000E+02   1.25566E-04   1.49438E-03   9.47031E-01   2.16260E-03 
    1.35203E-02   3.56658E-02   2.50000E-01   5.46627E-02   6.66588E-01 
    2.61096E-02   2.64006E-03   0.00000E+00   7.89661E-01   2.10339E-01  NONE
   8.63000E+02   1.09668E-04   1.40695E-03   9.47250E-01   2.04556E-03 
    1.35199E-02   3.56680E-02   2.50000E-01   5.49781E-02   6.65835E-01 
    2.65431E-02   2.64422E-03   0.00000E+00   7.89611E-01   2.10389E-01  NONE
   8.53000E+02   9.55468E-05   1.32237E-03   9.47460E-01   1.93223E-03 
    1.35196E-02   3.56701E-02   2.50000E-01   5.52841E-02   6.65105E-01 
    2.69632E-02   2.64772E-03   0.00000E+00   7.89566E-01   2.10434E-01  NONE
   8.43000E+02   8.30286E-05   1.24070E-03   9.47662E-01   1.82260E-03 
    1.35194E-02   3.56718E-02   2.50000E-01   5.55803E-02   6.64399E-01 
    2.73697E-02   2.65058E-03   0.00000E+00   7.89526E-01   2.10474E-01  NONE
   8.33000E+02   7.19556E-05   1.16195E-03   9.47857E-01   1.71668E-03 
    1.35193E-02   3.56734E-02   2.50000E-01   5.58667E-02   6.63718E-01 
    2.77627E-02   2.65278E-03   0.00000E+00   7.89491E-01   2.10509E-01  NONE
   8.23000E+02   6.21835E-05   1.08615E-03   9.48043E-01   1.61445E-03 
    1.35193E-02   3.56748E-02   2.50000E-01   5.61429E-02   6.63061E-01 
    2.81422E-02   2.65436E-03   0.00000E+00   7.89461E-01   2.10539E-01  NONE
   8.13000E+02   5.35799E-05   1.01332E-03   9.48222E-01   1.51593E-03 
    1.35194E-02   3.56760E-02   2.50000E-01   5.64088E-02   6.62428E-01 
    2.85082E-02   2.65529E-03   0.00000E+00   7.89433E-01   2.10567E-01  NONE
   8.03000E+02   4.60242E-05   9.43470E-04   9.48393E-01   1.42111E-03 
    1.35196E-02   3.56771E-02   2.50000E-01   5.66643E-02   6.61819E-01 
    2.88606E-02   2.65558E-03   0.00000E+00   7.89409E-01   2.10591E-01  NONE
   7.93000E+02   3.94064E-05   8.76613E-04   9.48556E-01   1.32997E-03 
    1.35200E-02   3.56781E-02   2.50000E-01   5.69094E-02   6.61236E-01 
    2.91994E-02   2.65524E-03   0.00000E+00   7.89389E-01   2.10611E-01  NONE
   7.83000E+02   3.36263E-05   8.12745E-04   9.48712E-01   1.24251E-03 
    1.35205E-02   3.56789E-02   2.50000E-01   5.71439E-02   6.60677E-01 
    2.95248E-02   2.65423E-03   0.00000E+00   7.89370E-01   2.10630E-01  NONE
   7.73000E+02   2.85925E-05   7.51858E-04   9.48860E-01   1.15870E-03 
    1.35212E-02   3.56796E-02   2.50000E-01   5.73678E-02   6.60143E-01 
    2.98367E-02   2.65257E-03   0.00000E+00   7.89354E-01   2.10646E-01  NONE
   7.63000E+02   2.42223E-05   6.93938E-04   9.49001E-01   1.07853E-03 
    1.35220E-02   3.56802E-02   2.50000E-01   5.75811E-02   6.59633E-01 
    3.01352E-02   2.65023E-03   0.00000E+00   7.89341E-01   2.10659E-01  NONE
   7.53000E+02   2.04404E-05   6.38960E-04   9.49135E-01   1.00198E-03 
    1.35230E-02   3.56808E-02   2.50000E-01   5.77839E-02   6.59148E-01 
    3.04204E-02   2.64720E-03   0.00000E+00   7.89329E-01   2.10671E-01  NONE
   7.43000E+02   1.71790E-05   5.86895E-04   9.49262E-01   9.28999E-04 
    1.35241E-02   3.56812E-02   2.50000E-01   5.79762E-02   6.58688E-01 
    3.06924E-02   2.64346E-03   0.00000E+00   7.89318E-01   2.10682E-01  NONE
   7.33000E+02   1.43764E-05   5.37705E-04   9.49381E-01   8.59558E-04 
    1.35254E-02   3.56816E-02   2.50000E-01   5.81580E-02   6.58252E-01 
    3.09513E-02   2.63899E-03   0.00000E+00   7.89310E-01   2.10690E-01  NONE
   7.23000E+02   1.19772E-05   4.91344E-04   9.49494E-01   7.93609E-04 
    1.35269E-02   3.56820E-02   2.50000E-01   5.83296E-02   6.57839E-01 
    3.11973E-02   2.63377E-03   0.00000E+00   7.89302E-01   2.10698E-01  NONE
   7.13000E+02   9.93162E-06   4.47759E-04   9.49600E-01   7.31101E-04 
    1.35286E-02   3.56823E-02   2.50000E-01   5.84911E-02   6.57451E-01 
    3.14305E-02   2.62776E-03   0.00000E+00   7.89296E-01   2.10704E-01  NONE
   7.03000E+02   8.19485E-06   4.06891E-04   9.49700E-01   6.71977E-04 
    1.35305E-02   3.56825E-02   2.50000E-01   5.86427E-02   6.57085E-01 
    3.16511E-02   2.62095E-03   0.00000E+00   7.89290E-01   2.10710E-01  NONE
   6.93000E+02   6.72681E-06   3.68674E-04   9.49793E-01   6.16170E-04 
    1.35326E-02   3.56827E-02   2.50000E-01   5.87846E-02   6.56743E-01 
    3.18595E-02   2.61329E-03   0.00000E+00   7.89285E-01   2.10715E-01  NONE
   6.83000E+02   5.49173E-06   3.33034E-04   9.49880E-01   5.63611E-04 
    1.35350E-02   3.56829E-02   2.50000E-01   5.89170E-02   6.56422E-01 
    3.20558E-02   2.60476E-03   0.00000E+00   7.89281E-01   2.10719E-01  NONE
   6.73000E+02   4.45780E-06   2.99895E-04   9.49961E-01   5.14223E-04 
    1.35375E-02   3.56831E-02   2.50000E-01   5.90402E-02   6.56124E-01 
    3.22403E-02   2.59532E-03   0.00000E+00   7.89278E-01   2.10722E-01  NONE
