
 Phase Region for:
     CEMENTITE                     
     FCC_A1#1                      
 col-1=T, col-2=X(CEMENTITE,C), col-3=X(CEMENTITE,CR), col-4=X(CEMENTITE,FE),
   col-5=X(CEMENTITE,MN), col-6=X(CEMENTITE,NI), col-7=X(CEMENTITE,SI),
   col-8=X(FCC_A1#1,C), col-9=X(FCC_A1#1,CR), col-10=X(FCC_A1#1,FE),
   col-11=X(FCC_A1#1,MN), col-12=X(FCC_A1#1,NI), col-13=X(FCC_A1#1,SI),
   col-14=NP(CEMENTITE), col-15=NP(FCC_A1#1),
   1.17300E+03   2.50000E-01   1.24200E-01   6.15804E-01   7.59356E-03 
    2.40268E-03   0.00000E+00   3.57651E-02   2.23391E-02   8.67834E-01 
    7.10658E-03   2.15351E-02   4.54202E-02   7.70783E-02   9.22922E-01
   1.18300E+03   2.50000E-01   1.23860E-01   6.16134E-01   7.54925E-03 
    2.45647E-03   0.00000E+00   3.70002E-02   2.29526E-02   8.66355E-01 
    7.11281E-03   2.14207E-02   4.51584E-02   7.17268E-02   9.28273E-01
   1.19300E+03   2.50000E-01   1.23524E-01   6.16459E-01   7.50651E-03 
    2.51063E-03   0.00000E+00   3.82588E-02   2.35726E-02   8.64854E-01 
    7.11842E-03   2.13048E-02   4.48915E-02   6.62091E-02   9.33791E-01
   1.20300E+03   2.50000E-01   1.23194E-01   6.16776E-01   7.46532E-03 
    2.56514E-03   0.00000E+00   3.95410E-02   2.41992E-02   8.63329E-01 
    7.12342E-03   2.11874E-02   4.46197E-02   6.05202E-02   9.39480E-01
   1.21300E+03   2.50000E-01   1.22868E-01   6.17086E-01   7.42565E-03 
    2.61999E-03   0.00000E+00   4.08467E-02   2.48322E-02   8.61782E-01 
    7.12784E-03   2.10687E-02   4.43429E-02   5.46548E-02   9.45345E-01
   1.22300E+03   2.50000E-01   1.22549E-01   6.17389E-01   7.38745E-03 
    2.67518E-03   0.00000E+00   4.21762E-02   2.54717E-02   8.60211E-01 
    7.13168E-03   2.09486E-02   4.40610E-02   4.86075E-02   9.51393E-01
   1.23300E+03   2.50000E-01   1.22235E-01   6.17683E-01   7.35070E-03 
    2.73069E-03   0.00000E+00   4.35293E-02   2.61176E-02   8.58617E-01 
    7.13498E-03   2.08272E-02   4.37741E-02   4.23724E-02   9.57628E-01
   1.24300E+03   2.50000E-01   1.21928E-01   6.17970E-01   7.31538E-03 
    2.78651E-03   0.00000E+00   4.49062E-02   2.67700E-02   8.56999E-01 
    7.13773E-03   2.07044E-02   4.34822E-02   3.59435E-02   9.64057E-01
   1.25300E+03   2.50000E-01   1.21629E-01   6.18247E-01   7.28144E-03 
    2.84263E-03   0.00000E+00   4.63068E-02   2.74289E-02   8.55359E-01 
    7.13997E-03   2.05804E-02   4.31853E-02   2.93144E-02   9.70686E-01
   1.26300E+03   2.50000E-01   1.21336E-01   6.18516E-01   7.24887E-03 
    2.89904E-03   0.00000E+00   4.77313E-02   2.80944E-02   8.53694E-01 
    7.14171E-03   2.04550E-02   4.28833E-02   2.24783E-02   9.77522E-01
   1.27300E+03   2.50000E-01   1.21052E-01   6.18775E-01   7.21765E-03 
    2.95573E-03   0.00000E+00   4.91797E-02   2.87665E-02   8.52006E-01 
    7.14296E-03   2.03284E-02   4.25762E-02   1.54281E-02   9.84572E-01
   1.28300E+03   2.50000E-01   1.20776E-01   6.19024E-01   7.18775E-03 
    3.01268E-03   0.00000E+00   5.06520E-02   2.94454E-02   8.50294E-01 
    7.14376E-03   2.02006E-02   4.22640E-02   8.15640E-03   9.91844E-01
   1.29300E+03   2.50000E-01   1.20509E-01   6.19262E-01   7.15915E-03 
    3.06989E-03   0.00000E+00   5.21483E-02   3.01311E-02   8.48558E-01 
    7.14411E-03   2.00716E-02   4.19468E-02   6.55187E-04   9.99345E-01
   1.29386E+03   2.50000E-01   1.20487E-01   6.19282E-01   7.15675E-03 
    3.07481E-03   0.00000E+00   5.22780E-02   3.01903E-02   8.48408E-01 
    7.14412E-03   2.00604E-02   4.19193E-02   0.00000E+00   1.00000E+00

 Phase Region for:
     FCC_A1#1                      
 col-1=T, col-2=X(FCC_A1#1,C), col-3=X(FCC_A1#1,CR), col-4=X(FCC_A1#1,FE),
   col-5=X(FCC_A1#1,MN), col-6=X(FCC_A1#1,NI), col-7=X(FCC_A1#1,SI),
   col-8=NP(FCC_A1#1),
   1.29386E+03   5.22780E-02   3.01903E-02   8.48408E-01   7.14412E-03 
    2.00604E-02   4.19193E-02   1.00000E+00
   1.30300E+03   5.22780E-02   3.01903E-02   8.48408E-01   7.14412E-03 
    2.00604E-02   4.19193E-02   1.00000E+00
   1.31300E+03   5.22780E-02   3.01903E-02   8.48408E-01   7.14412E-03 
    2.00604E-02   4.19193E-02   1.00000E+00
   1.32300E+03   5.22780E-02   3.01903E-02   8.48408E-01   7.14412E-03 
    2.00604E-02   4.19193E-02   1.00000E+00
   1.33300E+03   5.22780E-02   3.01903E-02   8.48408E-01   7.14412E-03 
    2.00604E-02   4.19193E-02   1.00000E+00
   1.34300E+03   5.22780E-02   3.01903E-02   8.48408E-01   7.14412E-03 
    2.00604E-02   4.19193E-02   1.00000E+00
   1.35300E+03   5.22780E-02   3.01903E-02   8.48408E-01   7.14412E-03 
    2.00604E-02   4.19193E-02   1.00000E+00
   1.36300E+03   5.22780E-02   3.01903E-02   8.48408E-01   7.14412E-03 
    2.00604E-02   4.19193E-02   1.00000E+00
   1.37300E+03   5.22780E-02   3.01903E-02   8.48408E-01   7.14412E-03 
    2.00604E-02   4.19193E-02   1.00000E+00
   1.38300E+03   5.22780E-02   3.01903E-02   8.48408E-01   7.14412E-03 
    2.00604E-02   4.19193E-02   1.00000E+00
   1.39300E+03   5.22780E-02   3.01903E-02   8.48408E-01   7.14412E-03 
    2.00604E-02   4.19193E-02   1.00000E+00
   1.40300E+03   5.22780E-02   3.01903E-02   8.48408E-01   7.14412E-03 
    2.00604E-02   4.19193E-02   1.00000E+00
   1.41300E+03   5.22780E-02   3.01903E-02   8.48408E-01   7.14412E-03 
    2.00604E-02   4.19193E-02   1.00000E+00
   1.42300E+03   5.22780E-02   3.01903E-02   8.48408E-01   7.14412E-03 
    2.00604E-02   4.19193E-02   1.00000E+00
   1.43300E+03   5.22780E-02   3.01903E-02   8.48408E-01   7.14412E-03 
    2.00604E-02   4.19193E-02   1.00000E+00
   1.44300E+03   5.22780E-02   3.01903E-02   8.48408E-01   7.14412E-03 
    2.00604E-02   4.19193E-02   1.00000E+00
   1.45300E+03   5.22780E-02   3.01903E-02   8.48408E-01   7.14412E-03 
    2.00604E-02   4.19193E-02   1.00000E+00
   1.46300E+03   5.22780E-02   3.01903E-02   8.48408E-01   7.14412E-03 
    2.00604E-02   4.19193E-02   1.00000E+00
   1.47300E+03   5.22780E-02   3.01903E-02   8.48408E-01   7.14412E-03 
    2.00604E-02   4.19193E-02   1.00000E+00

 Phase Region for:
     CEMENTITE                     
     FCC_A1#1                      
 col-1=T, col-2=X(CEMENTITE,C), col-3=X(CEMENTITE,CR), col-4=X(CEMENTITE,FE),
   col-5=X(CEMENTITE,MN), col-6=X(CEMENTITE,NI), col-7=X(CEMENTITE,SI),
   col-8=X(FCC_A1#1,C), col-9=X(FCC_A1#1,CR), col-10=X(FCC_A1#1,FE),
   col-11=X(FCC_A1#1,MN), col-12=X(FCC_A1#1,NI), col-13=X(FCC_A1#1,SI),
   col-14=NP(CEMENTITE), col-15=NP(FCC_A1#1),
   1.17300E+03   2.50000E-01   1.24200E-01   6.15804E-01   7.59356E-03 
    2.40268E-03   0.00000E+00   3.57651E-02   2.23391E-02   8.67834E-01 
    7.10658E-03   2.15351E-02   4.54202E-02   7.70783E-02   9.22922E-01
   1.16300E+03   2.50000E-01   1.24544E-01   6.15467E-01   7.63950E-03 
    2.34926E-03   0.00000E+00   3.45536E-02   2.17322E-02   8.69289E-01 
    7.09971E-03   2.16481E-02   4.56771E-02   8.22683E-02   9.17732E-01
   1.15300E+03   2.50000E-01   1.24892E-01   6.15125E-01   7.68709E-03 
    2.29623E-03   0.00000E+00   3.33655E-02   2.11320E-02   8.70722E-01 
    7.09218E-03   2.17596E-02   4.59290E-02   8.73014E-02   9.12699E-01
   1.14300E+03   2.50000E-01   1.25243E-01   6.14777E-01   7.73639E-03 
    2.24360E-03   0.00000E+00   3.22008E-02   2.05385E-02   8.72131E-01 
    7.08398E-03   2.18696E-02   4.61759E-02   9.21821E-02   9.07818E-01
   1.13300E+03   2.50000E-01   1.25597E-01   6.14424E-01   7.78743E-03 
    2.19137E-03   0.00000E+00   3.10595E-02   1.99518E-02   8.73518E-01 
    7.07508E-03   2.19780E-02   4.64179E-02   9.69143E-02   9.03086E-01
   1.12300E+03   2.50000E-01   1.25954E-01   6.14067E-01   7.84027E-03 
    2.13956E-03   0.00000E+00   2.99416E-02   1.93721E-02   8.74881E-01 
    7.06547E-03   2.20849E-02   4.66549E-02   1.01502E-01   8.98498E-01
   1.11300E+03   2.50000E-01   1.26313E-01   6.13704E-01   7.89494E-03 
    2.08818E-03   0.00000E+00   2.88469E-02   1.87993E-02   8.76221E-01 
    7.05514E-03   2.21902E-02   4.68870E-02   1.05950E-01   8.94050E-01
   1.10300E+03   2.50000E-01   1.26674E-01   6.13337E-01   7.95150E-03 
    2.03723E-03   0.00000E+00   2.77755E-02   1.82337E-02   8.77539E-01 
    7.04406E-03   2.22939E-02   4.71141E-02   1.10260E-01   8.89740E-01
   1.09300E+03   2.50000E-01   1.27037E-01   6.12967E-01   8.01001E-03 
    1.98673E-03   0.00000E+00   2.67273E-02   1.76754E-02   8.78833E-01 
    7.03222E-03   2.23960E-02   4.73363E-02   1.14437E-01   8.85563E-01
   1.08300E+03   2.50000E-01   1.27401E-01   6.12592E-01   8.07052E-03 
    1.93669E-03   0.00000E+00   2.57022E-02   1.71243E-02   8.80104E-01 
    7.01960E-03   2.24964E-02   4.75537E-02   1.18484E-01   8.81516E-01
   1.07300E+03   2.50000E-01   1.27766E-01   6.12214E-01   8.13308E-03 
    1.88711E-03   0.00000E+00   2.47002E-02   1.65808E-02   8.81352E-01 
    7.00618E-03   2.25952E-02   4.77661E-02   1.22405E-01   8.77595E-01
   1.06300E+03   2.50000E-01   1.28131E-01   6.11833E-01   8.19776E-03 
    1.83801E-03   0.00000E+00   2.37212E-02   1.60448E-02   8.82576E-01 
    6.99194E-03   2.26923E-02   4.79737E-02   1.26202E-01   8.73798E-01
   1.05300E+03   2.50000E-01   1.28497E-01   6.11449E-01   8.26461E-03 
    1.78939E-03   0.00000E+00   2.27651E-02   1.55166E-02   8.83777E-01 
    6.97687E-03   2.27876E-02   4.81764E-02   1.29878E-01   8.70122E-01
   1.04300E+03   2.50000E-01   1.28864E-01   6.11061E-01   8.33372E-03 
    1.74127E-03   0.00000E+00   2.18319E-02   1.49962E-02   8.84956E-01 
    6.96094E-03   2.28813E-02   4.83742E-02   1.33437E-01   8.66563E-01
   1.03300E+03   2.50000E-01   1.29230E-01   6.10672E-01   8.40513E-03 
    1.69364E-03   0.00000E+00   2.09214E-02   1.44838E-02   8.86110E-01 
    6.94413E-03   2.29732E-02   4.85673E-02   1.36881E-01   8.63119E-01
   1.03169E+03   2.50000E-01   1.29278E-01   6.10620E-01   8.41469E-03 
    1.68743E-03   0.00000E+00   2.08035E-02   1.44171E-02   8.86260E-01 
    6.94186E-03   2.29851E-02   4.85923E-02   1.37325E-01   8.62675E-01

 Phase Region for:
     BCC_A2                        
     CEMENTITE                     
     FCC_A1#1                      
 col-1=T, col-2=X(BCC_A2,C), col-3=X(BCC_A2,CR), col-4=X(BCC_A2,FE),
   col-5=X(BCC_A2,MN), col-6=X(BCC_A2,NI), col-7=X(BCC_A2,SI),
   col-8=X(CEMENTITE,C), col-9=X(CEMENTITE,CR), col-10=X(CEMENTITE,FE),
   col-11=X(CEMENTITE,MN), col-12=X(CEMENTITE,NI), col-13=X(CEMENTITE,SI),
   col-14=X(FCC_A1#1,C), col-15=X(FCC_A1#1,CR), col-16=X(FCC_A1#1,FE),
   col-17=X(FCC_A1#1,MN), col-18=X(FCC_A1#1,NI), col-19=X(FCC_A1#1,SI),
   col-20=NP(BCC_A2), col-21=NP(CEMENTITE), col-22=NP(FCC_A1#1),
   1.03169E+03   5.93908E-04   9.59825E-03   9.14404E-01   2.64580E-03 
    1.11305E-02   6.16278E-02   2.50000E-01   1.29278E-01   6.10620E-01 
    8.41470E-03   1.68743E-03   0.00000E+00   2.08035E-02   1.44170E-02 
    8.86260E-01   6.94187E-03   2.29852E-02   4.85922E-02   2.18080E-06 
    1.37326E-01   8.62672E-01
   1.02300E+03   5.46889E-04   8.97822E-03   9.15744E-01   2.82441E-03 
    1.23420E-02   5.95647E-02   2.50000E-01   1.26613E-01   6.12078E-01 
    9.43827E-03   1.87051E-03   0.00000E+00   2.01949E-02   1.34985E-02 
    8.85322E-01   7.74062E-03   2.62618E-02   4.69820E-02   1.74701E-01 
    1.54547E-01   6.70752E-01
   1.01300E+03   4.94107E-04   8.36582E-03   9.16578E-01   3.02736E-03 
    1.38562E-02   5.76784E-02   2.50000E-01   1.24356E-01   6.12841E-01 
    1.07018E-02   2.10064E-03   0.00000E+00   1.93926E-02   1.25619E-02 
    8.83100E-01   8.75972E-03   3.06071E-02   4.55784E-02   3.39582E-01 
    1.70432E-01   4.89986E-01
   1.00300E+03   4.43577E-04   7.84308E-03   9.16802E-01   3.21569E-03 
    1.54475E-02   5.62477E-02   2.50000E-01   1.22873E-01   6.12758E-01 
    1.20252E-02   2.34384E-03   0.00000E+00   1.85002E-02   1.17351E-02 
    8.79770E-01   9.87098E-03   3.55316E-02   4.45922E-02   4.68792E-01 
    1.82474E-01   3.48735E-01
   9.93000E+02   3.96027E-04   7.38946E-03   9.16586E-01   3.37938E-03 
    1.70639E-02   5.51852E-02   2.50000E-01   1.22031E-01   6.11993E-01 
    1.33826E-02   2.59269E-03   0.00000E+00   1.75415E-02   1.09957E-02 
    8.75461E-01   1.10637E-02   4.09968E-02   4.39417E-02   5.67808E-01 
    1.91311E-01   2.40881E-01
   9.83000E+02   3.52128E-04   6.97477E-03   9.16177E-01   3.48141E-03 
    1.86200E-02   5.43948E-02   2.50000E-01   1.21739E-01   6.10615E-01 
    1.48011E-02   2.84524E-03   0.00000E+00   1.65270E-02   1.03249E-02 
    8.70099E-01   1.23752E-02   4.70492E-02   4.36251E-02   6.42075E-01 
    1.97609E-01   1.60315E-01
   9.73000E+02   3.11846E-04   6.60345E-03   9.15530E-01   3.56359E-03 
    2.01599E-02   5.38312E-02   2.50000E-01   1.21810E-01   6.08859E-01 
    1.62349E-02   3.09621E-03   0.00000E+00   1.54908E-02   9.69982E-03 
    8.63895E-01   1.37751E-02   5.36701E-02   4.34693E-02   6.98034E-01 
    2.02050E-01   9.99162E-02
   9.63000E+02   2.75242E-04   6.26484E-03   9.14749E-01   3.62397E-03 
    2.16556E-02   5.34314E-02   2.50000E-01   1.22148E-01   6.06853E-01 
    1.76586E-02   3.34026E-03   0.00000E+00   1.44513E-02   9.10988E-03 
    8.56950E-01   1.52504E-02   6.08270E-02   4.34116E-02   7.39714E-01 
    2.05108E-01   5.51785E-02
   9.53000E+02   2.42235E-04   5.95044E-03   9.13914E-01   3.66056E-03 
    2.30855E-02   5.31475E-02   2.50000E-01   1.22678E-01   6.04691E-01 
    1.90563E-02   3.57385E-03   0.00000E+00   1.34215E-02   8.54780E-03 
    8.49314E-01   1.67970E-02   6.85088E-02   4.34107E-02   7.70448E-01 
    2.07163E-01   2.23889E-02
   9.43674E+02   2.14539E-04   5.67379E-03   9.13134E-01   3.67299E-03 
    2.43473E-02   5.29573E-02   2.50000E-01   1.23297E-01   6.02596E-01 
    2.03265E-02   3.78018E-03   0.00000E+00   1.24782E-02   8.04440E-03 
    8.41591E-01   1.83038E-02   7.61480E-02   4.34347E-02   7.91567E-01 
    2.08433E-01   0.00000E+00

 Phase Region for:
     BCC_A2                        
     CEMENTITE                     
 col-1=T, col-2=X(BCC_A2,C), col-3=X(BCC_A2,CR), col-4=X(BCC_A2,FE),
   col-5=X(BCC_A2,MN), col-6=X(BCC_A2,NI), col-7=X(BCC_A2,SI),
   col-8=X(CEMENTITE,C), col-9=X(CEMENTITE,CR), col-10=X(CEMENTITE,FE),
   col-11=X(CEMENTITE,MN), col-12=X(CEMENTITE,NI), col-13=X(CEMENTITE,SI),
   col-14=NP(BCC_A2), col-15=NP(CEMENTITE),
   9.43674E+02   2.14539E-04   5.67379E-03   9.13134E-01   3.67299E-03 
    2.43473E-02   5.29573E-02   2.50000E-01   1.23297E-01   6.02596E-01 
    2.03265E-02   3.78018E-03   0.00000E+00   7.91567E-01   2.08433E-01  NONE
   9.43000E+02   2.12704E-04   5.65487E-03   9.13165E-01   3.66223E-03 
    2.43473E-02   5.29577E-02   2.50000E-01   1.23366E-01   6.02487E-01 
    2.03669E-02   3.78075E-03   0.00000E+00   7.91562E-01   2.08438E-01  NONE
   9.33000E+02   1.87075E-04   5.37753E-03   9.13621E-01   3.50430E-03 
    2.43474E-02   5.29632E-02   2.50000E-01   1.24373E-01   6.00879E-01 
    2.09598E-02   3.78843E-03   0.00000E+00   7.91480E-01   2.08520E-01  NONE
   9.23000E+02   1.64232E-04   5.10655E-03   9.14064E-01   3.34957E-03 
    2.43476E-02   5.29680E-02   2.50000E-01   1.25359E-01   5.99305E-01 
    2.15408E-02   3.79474E-03   0.00000E+00   7.91408E-01   2.08592E-01  NONE
   9.13000E+02   1.43904E-04   4.84208E-03   9.14496E-01   3.19806E-03 
    2.43479E-02   5.29723E-02   2.50000E-01   1.26325E-01   5.97765E-01 
    2.21098E-02   3.79976E-03   0.00000E+00   7.91344E-01   2.08656E-01  NONE
   9.03000E+02   1.25841E-04   4.58427E-03   9.14916E-01   3.04979E-03 
    2.43484E-02   5.29762E-02   2.50000E-01   1.27269E-01   5.96260E-01 
    2.26668E-02   3.80358E-03   0.00000E+00   7.91286E-01   2.08714E-01  NONE
   8.93000E+02   1.09818E-04   4.33326E-03   9.15324E-01   2.90479E-03 
    2.43490E-02   5.29795E-02   2.50000E-01   1.28191E-01   5.94791E-01 
    2.32115E-02   3.80628E-03   0.00000E+00   7.91236E-01   2.08764E-01  NONE
   8.83000E+02   9.56287E-05   4.08923E-03   9.15720E-01   2.76310E-03 
    2.43497E-02   5.29826E-02   2.50000E-01   1.29089E-01   5.93359E-01 
    2.37440E-02   3.80792E-03   0.00000E+00   7.91191E-01   2.08809E-01  NONE
   8.73000E+02   8.30861E-05   3.85232E-03   9.16104E-01   2.62477E-03 
    2.43506E-02   5.29852E-02   2.50000E-01   1.29963E-01   5.91965E-01 
    2.42641E-02   3.80857E-03   0.00000E+00   7.91151E-01   2.08849E-01  NONE
   8.63000E+02   7.20202E-05   3.62269E-03   9.16476E-01   2.48984E-03 
    2.43516E-02   5.29876E-02   2.50000E-01   1.30811E-01   5.90609E-01 
    2.47715E-02   3.80826E-03   0.00000E+00   7.91116E-01   2.08884E-01  NONE
   8.53000E+02   6.22765E-05   3.40048E-03   9.16837E-01   2.35837E-03 
    2.43527E-02   5.29896E-02   2.50000E-01   1.31634E-01   5.89293E-01 
    2.52660E-02   3.80703E-03   0.00000E+00   7.91085E-01   2.08915E-01  NONE
   8.43000E+02   5.37146E-05   3.18584E-03   9.17185E-01   2.23042E-03 
    2.43540E-02   5.29914E-02   2.50000E-01   1.32430E-01   5.88018E-01 
    2.57475E-02   3.80493E-03   0.00000E+00   7.91058E-01   2.08942E-01  NONE
   8.33000E+02   4.62076E-05   2.97888E-03   9.17520E-01   2.10606E-03 
    2.43554E-02   5.29930E-02   2.50000E-01   1.33199E-01   5.86784E-01 
    2.62156E-02   3.80196E-03   0.00000E+00   7.91034E-01   2.08966E-01  NONE
   8.23000E+02   3.96404E-05   2.77971E-03   9.17844E-01   1.98534E-03 
    2.43569E-02   5.29944E-02   2.50000E-01   1.33940E-01   5.85592E-01 
    2.66701E-02   3.79816E-03   0.00000E+00   7.91014E-01   2.08986E-01  NONE
   8.13000E+02   3.39089E-05   2.58842E-03   9.18155E-01   1.86834E-03 
    2.43586E-02   5.29956E-02   2.50000E-01   1.34652E-01   5.84444E-01 
    2.71107E-02   3.79352E-03   0.00000E+00   7.90995E-01   2.09005E-01  NONE
   8.03000E+02   2.89191E-05   2.40508E-03   9.18454E-01   1.75511E-03 
    2.43605E-02   5.29967E-02   2.50000E-01   1.35336E-01   5.83339E-01 
    2.75373E-02   3.78807E-03   0.00000E+00   7.90980E-01   2.09020E-01  NONE
   7.93000E+02   2.45864E-05   2.22973E-03   9.18740E-01   1.64570E-03 
    2.43625E-02   5.29976E-02   2.50000E-01   1.35991E-01   5.82278E-01 
    2.79496E-02   3.78178E-03   0.00000E+00   7.90966E-01   2.09034E-01  NONE
   7.83000E+02   2.08343E-05   2.06240E-03   9.19014E-01   1.54018E-03 
    2.43647E-02   5.29984E-02   2.50000E-01   1.36616E-01   5.81262E-01 
    2.83474E-02   3.77466E-03   0.00000E+00   7.90954E-01   2.09046E-01  NONE
   7.73000E+02   1.75942E-05   1.90308E-03   9.19275E-01   1.43858E-03 
    2.43670E-02   5.29991E-02   2.50000E-01   1.37212E-01   5.80290E-01 
    2.87304E-02   3.76668E-03   0.00000E+00   7.90944E-01   2.09056E-01  NONE
   7.63000E+02   1.48048E-05   1.75175E-03   9.19523E-01   1.34095E-03 
    2.43696E-02   5.29997E-02   2.50000E-01   1.37779E-01   5.79364E-01 
    2.90986E-02   3.75784E-03   0.00000E+00   7.90935E-01   2.09065E-01  NONE
   7.53000E+02   1.24107E-05   1.60837E-03   9.19759E-01   1.24732E-03 
    2.43724E-02   5.30002E-02   2.50000E-01   1.38317E-01   5.78483E-01 
    2.94519E-02   3.74810E-03   0.00000E+00   7.90927E-01   2.09073E-01  NONE
   7.43000E+02   1.03628E-05   1.47286E-03   9.19983E-01   1.15770E-03 
    2.43754E-02   5.30006E-02   2.50000E-01   1.38825E-01   5.77647E-01 
    2.97900E-02   3.73744E-03   0.00000E+00   7.90921E-01   2.09079E-01  NONE
   7.33000E+02   8.61693E-06   1.34511E-03   9.20195E-01   1.07212E-03 
    2.43786E-02   5.30010E-02   2.50000E-01   1.39305E-01   5.76856E-01 
    3.01130E-02   3.72581E-03   0.00000E+00   7.90915E-01   2.09085E-01  NONE
   7.23000E+02   7.13409E-06   1.22501E-03   9.20394E-01   9.90553E-04 
    2.43821E-02   5.30013E-02   2.50000E-01   1.39756E-01   5.76110E-01 
    3.04209E-02   3.71319E-03   0.00000E+00   7.90911E-01   2.09089E-01  NONE
   7.13000E+02   5.87945E-06   1.11240E-03   9.20581E-01   9.13006E-04 
    2.43858E-02   5.30016E-02   2.50000E-01   1.40179E-01   5.75408E-01 
    3.07136E-02   3.69952E-03   0.00000E+00   7.90907E-01   2.09093E-01  NONE
   7.03000E+02   4.82218E-06   1.00713E-03   9.20757E-01   8.39449E-04 
    2.43898E-02   5.30018E-02   2.50000E-01   1.40575E-01   5.74749E-01 
    3.09914E-02   3.68476E-03   0.00000E+00   7.90903E-01   2.09097E-01  NONE
   6.93000E+02   3.93505E-06   9.08995E-04   9.20921E-01   7.69847E-04 
    2.43940E-02   5.30020E-02   2.50000E-01   1.40944E-01   5.74132E-01 
    3.12542E-02   3.66885E-03   0.00000E+00   7.90901E-01   2.09099E-01  NONE
   6.83000E+02   3.19404E-06   8.17795E-04   9.21074E-01   7.04153E-04 
    2.43986E-02   5.30022E-02   2.50000E-01   1.41288E-01   5.73558E-01 
    3.15024E-02   3.65174E-03   0.00000E+00   7.90898E-01   2.09102E-01  NONE
   6.73000E+02   2.57804E-06   7.33301E-04   9.21216E-01   6.42309E-04 
    2.44035E-02   5.30023E-02   2.50000E-01   1.41606E-01   5.73024E-01 
    3.17360E-02   3.63337E-03   0.00000E+00   7.90896E-01   2.09104E-01  NONE
