
 Phase Region for:
     CEMENTITE                     
     FCC_A1#2                      
 col-1=T, col-2=X(CEMENTITE,C), col-3=X(CEMENTITE,CR), col-4=X(CEMENTITE,FE),
   col-5=X(CEMENTITE,MN), col-6=X(CEMENTITE,NI), col-7=X(CEMENTITE,SI),
   col-8=X(FCC_A1#2,C), col-9=X(FCC_A1#2,CR), col-10=X(FCC_A1#2,FE),
   col-11=X(FCC_A1#2,MN), col-12=X(FCC_A1#2,NI), col-13=X(FCC_A1#2,SI),
   col-14=NP(CEMENTITE), col-15=NP(FCC_A1#2),
   1.17300E+03   2.50000E-01   6.50042E-02   6.65475E-01   1.55681E-02 
    3.95238E-03   0.00000E+00   3.84087E-02   1.15834E-02   8.48361E-01 
    1.41132E-02   2.81480E-02   5.93858E-02   6.41520E-02   9.35848E-01
   1.18300E+03   2.50000E-01   6.48763E-02   6.65623E-01   1.54660E-02 
    4.03467E-03   0.00000E+00   3.96930E-02   1.19156E-02   8.47242E-01 
    1.41284E-02   2.79961E-02   5.90253E-02   5.84367E-02   9.41563E-01
   1.19300E+03   2.50000E-01   6.47487E-02   6.65767E-01   1.53673E-02 
    4.11736E-03   0.00000E+00   4.10001E-02   1.22518E-02   8.46105E-01 
    1.41422E-02   2.78426E-02   5.86585E-02   5.25485E-02   9.47452E-01
   1.20300E+03   2.50000E-01   6.46214E-02   6.65906E-01   1.52719E-02 
    4.20045E-03   0.00000E+00   4.23298E-02   1.25920E-02   8.44951E-01 
    1.41546E-02   2.76876E-02   5.82853E-02   4.64817E-02   9.53518E-01
   1.21300E+03   2.50000E-01   6.44946E-02   6.66042E-01   1.51796E-02 
    4.28393E-03   0.00000E+00   4.36823E-02   1.29362E-02   8.43779E-01 
    1.41658E-02   2.75311E-02   5.79057E-02   4.02308E-02   9.59769E-01
   1.22300E+03   2.50000E-01   6.43686E-02   6.66173E-01   1.50905E-02 
    4.36777E-03   0.00000E+00   4.50577E-02   1.32843E-02   8.42589E-01 
    1.41757E-02   2.73732E-02   5.75197E-02   3.37899E-02   9.66210E-01
   1.23300E+03   2.50000E-01   6.42435E-02   6.66300E-01   1.50045E-02 
    4.45197E-03   0.00000E+00   4.64560E-02   1.36363E-02   8.41382E-01 
    1.41843E-02   2.72139E-02   5.71272E-02   2.71525E-02   9.72848E-01
   1.24300E+03   2.50000E-01   6.41194E-02   6.66423E-01   1.49215E-02 
    4.53651E-03   0.00000E+00   4.78772E-02   1.39922E-02   8.40157E-01 
    1.41918E-02   2.70532E-02   5.67284E-02   2.03120E-02   9.79688E-01
   1.25300E+03   2.50000E-01   6.39967E-02   6.66540E-01   1.48415E-02 
    4.62138E-03   0.00000E+00   4.93214E-02   1.43520E-02   8.38914E-01 
    1.41980E-02   2.68912E-02   5.63230E-02   1.32615E-02   9.86738E-01
   1.26300E+03   2.50000E-01   6.38754E-02   6.66654E-01   1.47644E-02 
    4.70656E-03   0.00000E+00   5.07887E-02   1.47158E-02   8.37653E-01 
    1.42032E-02   2.67278E-02   5.59112E-02   5.99359E-03   9.94006E-01
   1.27102E+03   2.50000E-01   6.37793E-02   6.66741E-01   1.47046E-02 
    4.77512E-03   0.00000E+00   5.19827E-02   1.50104E-02   8.36628E-01 
    1.42066E-02   2.65958E-02   5.55761E-02   0.00000E+00   1.00000E+00

 Phase Region for:
     FCC_A1#2                      
 col-1=T, col-2=X(FCC_A1#2,C), col-3=X(FCC_A1#2,CR), col-4=X(FCC_A1#2,FE),
   col-5=X(FCC_A1#2,MN), col-6=X(FCC_A1#2,NI), col-7=X(FCC_A1#2,SI),
   col-8=NP(FCC_A1#2),
   1.27102E+03   5.19827E-02   1.50104E-02   8.36628E-01   1.42066E-02 
    2.65958E-02   5.55761E-02   1.00000E+00
   1.27300E+03   5.19827E-02   1.50104E-02   8.36628E-01   1.42066E-02 
    2.65958E-02   5.55761E-02   1.00000E+00
   1.28300E+03   5.19827E-02   1.50104E-02   8.36628E-01   1.42066E-02 
    2.65958E-02   5.55761E-02   1.00000E+00
   1.29300E+03   5.19827E-02   1.50104E-02   8.36628E-01   1.42066E-02 
    2.65958E-02   5.55761E-02   1.00000E+00
   1.30300E+03   5.19827E-02   1.50104E-02   8.36628E-01   1.42066E-02 
    2.65958E-02   5.55761E-02   1.00000E+00
   1.31300E+03   5.19827E-02   1.50104E-02   8.36628E-01   1.42066E-02 
    2.65958E-02   5.55761E-02   1.00000E+00
   1.32300E+03   5.19827E-02   1.50104E-02   8.36628E-01   1.42066E-02 
    2.65958E-02   5.55761E-02   1.00000E+00
   1.33300E+03   5.19827E-02   1.50104E-02   8.36628E-01   1.42066E-02 
    2.65958E-02   5.55761E-02   1.00000E+00
   1.34300E+03   5.19827E-02   1.50104E-02   8.36628E-01   1.42066E-02 
    2.65958E-02   5.55761E-02   1.00000E+00
   1.35300E+03   5.19827E-02   1.50104E-02   8.36628E-01   1.42066E-02 
    2.65958E-02   5.55761E-02   1.00000E+00
   1.36300E+03   5.19827E-02   1.50104E-02   8.36628E-01   1.42066E-02 
    2.65958E-02   5.55761E-02   1.00000E+00
   1.37300E+03   5.19827E-02   1.50104E-02   8.36628E-01   1.42066E-02 
    2.65958E-02   5.55761E-02   1.00000E+00
   1.38300E+03   5.19827E-02   1.50104E-02   8.36628E-01   1.42066E-02 
    2.65958E-02   5.55761E-02   1.00000E+00
   1.39300E+03   5.19827E-02   1.50104E-02   8.36628E-01   1.42066E-02 
    2.65958E-02   5.55761E-02   1.00000E+00
   1.40300E+03   5.19827E-02   1.50104E-02   8.36628E-01   1.42066E-02 
    2.65958E-02   5.55761E-02   1.00000E+00
   1.41300E+03   5.19827E-02   1.50104E-02   8.36628E-01   1.42066E-02 
    2.65958E-02   5.55761E-02   1.00000E+00
   1.42300E+03   5.19827E-02   1.50104E-02   8.36628E-01   1.42066E-02 
    2.65958E-02   5.55761E-02   1.00000E+00
   1.43300E+03   5.19827E-02   1.50104E-02   8.36628E-01   1.42066E-02 
    2.65958E-02   5.55761E-02   1.00000E+00
   1.44300E+03   5.19827E-02   1.50104E-02   8.36628E-01   1.42066E-02 
    2.65958E-02   5.55761E-02   1.00000E+00
   1.45300E+03   5.19827E-02   1.50104E-02   8.36628E-01   1.42066E-02 
    2.65958E-02   5.55761E-02   1.00000E+00
   1.46300E+03   5.19827E-02   1.50104E-02   8.36628E-01   1.42066E-02 
    2.65958E-02   5.55761E-02   1.00000E+00
   1.47300E+03   5.19827E-02   1.50104E-02   8.36628E-01   1.42066E-02 
    2.65958E-02   5.55761E-02   1.00000E+00

 Phase Region for:
     CEMENTITE                     
     FCC_A1#2                      
 col-1=T, col-2=X(CEMENTITE,C), col-3=X(CEMENTITE,CR), col-4=X(CEMENTITE,FE),
   col-5=X(CEMENTITE,MN), col-6=X(CEMENTITE,NI), col-7=X(CEMENTITE,SI),
   col-8=X(FCC_A1#2,C), col-9=X(FCC_A1#2,CR), col-10=X(FCC_A1#2,FE),
   col-11=X(FCC_A1#2,MN), col-12=X(FCC_A1#2,NI), col-13=X(FCC_A1#2,SI),
   col-14=NP(CEMENTITE), col-15=NP(FCC_A1#2),
   1.17300E+03   2.50000E-01   6.50042E-02   6.65475E-01   1.55681E-02 
    3.95238E-03   0.00000E+00   3.84087E-02   1.15834E-02   8.48361E-01 
    1.41132E-02   2.81480E-02   5.93858E-02   6.41520E-02   9.35848E-01
   1.16300E+03   2.50000E-01   6.51320E-02   6.65324E-01   1.56735E-02 
    3.87052E-03   0.00000E+00   3.71470E-02   1.12552E-02   8.49463E-01 
    1.40967E-02   2.82985E-02   5.97399E-02   6.96993E-02   9.30301E-01
   1.15300E+03   2.50000E-01   6.52598E-02   6.65169E-01   1.57825E-02 
    3.78910E-03   0.00000E+00   3.59079E-02   1.09312E-02   8.50547E-01 
    1.40786E-02   2.84473E-02   6.00877E-02   7.50835E-02   9.24916E-01
   1.14300E+03   2.50000E-01   6.53873E-02   6.65010E-01   1.58950E-02 
    3.70813E-03   0.00000E+00   3.46914E-02   1.06114E-02   8.51615E-01 
    1.40591E-02   2.85944E-02   6.04291E-02   8.03094E-02   9.19691E-01
   1.13300E+03   2.50000E-01   6.55145E-02   6.64847E-01   1.60111E-02 
    3.62762E-03   0.00000E+00   3.34974E-02   1.02958E-02   8.52665E-01 
    1.40381E-02   2.87400E-02   6.07642E-02   8.53813E-02   9.14619E-01
   1.12300E+03   2.50000E-01   6.56411E-02   6.64680E-01   1.61310E-02 
    3.54760E-03   0.00000E+00   3.23260E-02   9.98442E-03   8.53697E-01 
    1.40155E-02   2.88838E-02   6.10930E-02   9.03035E-02   9.09697E-01
   1.11300E+03   2.50000E-01   6.57670E-02   6.64510E-01   1.62547E-02 
    3.46808E-03   0.00000E+00   3.11770E-02   9.67741E-03   8.54713E-01 
    1.39914E-02   2.90259E-02   6.14155E-02   9.50799E-02   9.04920E-01
   1.10300E+03   2.50000E-01   6.58922E-02   6.64336E-01   1.63823E-02 
    3.38906E-03   0.00000E+00   3.00505E-02   9.37479E-03   8.55711E-01 
    1.39656E-02   2.91662E-02   6.17316E-02   9.97146E-02   9.00285E-01
   1.09300E+03   2.50000E-01   6.60166E-02   6.64159E-01   1.65139E-02 
    3.31057E-03   0.00000E+00   2.89465E-02   9.07663E-03   8.56693E-01 
    1.39382E-02   2.93047E-02   6.20415E-02   1.04211E-01   8.95789E-01
   1.08300E+03   2.50000E-01   6.61400E-02   6.63978E-01   1.66496E-02 
    3.23262E-03   0.00000E+00   2.78648E-02   8.78299E-03   8.57657E-01 
    1.39090E-02   2.94414E-02   6.23451E-02   1.08573E-01   8.91427E-01
   1.07300E+03   2.50000E-01   6.62623E-02   6.63793E-01   1.67895E-02 
    3.15522E-03   0.00000E+00   2.68056E-02   8.49394E-03   8.58604E-01 
    1.38782E-02   2.95762E-02   6.26424E-02   1.12803E-01   8.87197E-01
   1.06300E+03   2.50000E-01   6.63835E-02   6.63604E-01   1.69338E-02 
    3.07840E-03   0.00000E+00   2.57688E-02   8.20953E-03   8.59534E-01 
    1.38455E-02   2.97091E-02   6.29334E-02   1.16906E-01   8.83094E-01
   1.05300E+03   2.50000E-01   6.65036E-02   6.63412E-01   1.70825E-02 
    3.00215E-03   0.00000E+00   2.47543E-02   7.92982E-03   8.60447E-01 
    1.38111E-02   2.98401E-02   6.32181E-02   1.20883E-01   8.79117E-01
   1.04300E+03   2.50000E-01   6.66223E-02   6.63215E-01   1.72357E-02 
    2.92651E-03   0.00000E+00   2.37621E-02   7.65489E-03   8.61342E-01 
    1.37749E-02   2.99691E-02   6.34966E-02   1.24739E-01   8.75261E-01
   1.03300E+03   2.50000E-01   6.67398E-02   6.63015E-01   1.73936E-02 
    2.85148E-03   0.00000E+00   2.27922E-02   7.38479E-03   8.62221E-01 
    1.37368E-02   3.00961E-02   6.37688E-02   1.28475E-01   8.71525E-01
   1.02391E+03   2.50000E-01   6.68454E-02   6.62829E-01   1.75415E-02 
    2.78380E-03   0.00000E+00   2.19296E-02   7.14340E-03   8.63006E-01 
    1.37004E-02   3.02098E-02   6.40109E-02   1.31771E-01   8.68229E-01

 Phase Region for:
     BCC_A2                        
     CEMENTITE                     
     FCC_A1#2                      
 col-1=T, col-2=X(BCC_A2,C), col-3=X(BCC_A2,CR), col-4=X(BCC_A2,FE),
   col-5=X(BCC_A2,MN), col-6=X(BCC_A2,NI), col-7=X(BCC_A2,SI),
   col-8=X(CEMENTITE,C), col-9=X(CEMENTITE,CR), col-10=X(CEMENTITE,FE),
   col-11=X(CEMENTITE,MN), col-12=X(CEMENTITE,NI), col-13=X(CEMENTITE,SI),
   col-14=X(FCC_A1#2,C), col-15=X(FCC_A1#2,CR), col-16=X(FCC_A1#2,FE),
   col-17=X(FCC_A1#2,MN), col-18=X(FCC_A1#2,NI), col-19=X(FCC_A1#2,SI),
   col-20=NP(BCC_A2), col-21=NP(CEMENTITE), col-22=NP(FCC_A1#2),
   1.02391E+03   5.68076E-04   4.70963E-03   8.95015E-01   5.17461E-03 
    1.38448E-02   8.06878E-02   2.50000E-01   6.68454E-02   6.62829E-01 
    1.75415E-02   2.78380E-03   0.00000E+00   2.19295E-02   7.14340E-03 
    8.63006E-01   1.37005E-02   3.02098E-02   6.40109E-02   1.56085E-06 
    1.31771E-01   8.68227E-01
   1.02300E+03   5.62815E-04   4.67937E-03   8.95124E-01   5.19625E-03 
    1.39452E-02   8.04928E-02   2.50000E-01   6.66935E-02   6.62812E-01 
    1.76920E-02   2.80234E-03   0.00000E+00   2.18498E-02   7.09471E-03 
    8.62858E-01   1.38098E-02   3.05268E-02   6.38605E-02   1.40486E-02 
    1.33386E-01   8.52566E-01
   1.01300E+03   5.06631E-04   4.36948E-03   8.96074E-01   5.42862E-03 
    1.50930E-02   7.85285E-02   2.50000E-01   6.52449E-02   6.62331E-01 
    1.94082E-02   3.01567E-03   0.00000E+00   2.09461E-02   6.59000E-03 
    8.60750E-01   1.50706E-02   3.42794E-02   6.23635E-02   1.56866E-01 
    1.49497E-01   6.93637E-01
   1.00300E+03   4.54066E-04   4.09808E-03   8.96620E-01   5.64108E-03 
    1.62933E-02   7.68930E-02   2.50000E-01   6.41707E-02   6.61379E-01 
    2.12080E-02   3.24190E-03   0.00000E+00   2.00047E-02   6.13807E-03 
    8.57787E-01   1.64235E-02   3.84983E-02   6.11484E-02   2.77775E-01 
    1.62650E-01   5.59575E-01
   9.93000E+02   4.05298E-04   3.85761E-03   8.96843E-01   5.82335E-03 
    1.75190E-02   7.55514E-02   2.50000E-01   6.34117E-02   6.60044E-01 
    2.30681E-02   3.47665E-03   0.00000E+00   1.90333E-02   5.72926E-03 
    8.54010E-01   1.78592E-02   4.31857E-02   6.01823E-02   3.78430E-01 
    1.73180E-01   4.48390E-01
   9.83000E+02   3.60426E-04   3.64157E-03   8.96825E-01   5.96664E-03 
    1.87436E-02   7.44624E-02   2.50000E-01   6.29129E-02   6.58400E-01 
    2.49708E-02   3.71593E-03   0.00000E+00   1.80403E-02   5.35521E-03 
    8.49457E-01   1.93733E-02   4.83472E-02   5.94273E-02   4.61154E-01 
    1.81478E-01   3.57369E-01
   9.73000E+02   3.19502E-04   3.44349E-03   8.96669E-01   6.05431E-03 
    1.99321E-02   7.35813E-02   2.50000E-01   6.26303E-02   6.56501E-01 
    2.69121E-02   3.95679E-03   0.00000E+00   1.70327E-02   5.00911E-03 
    8.44127E-01   2.09727E-02   5.40011E-02   5.88574E-02   5.28359E-01 
    1.87926E-01   2.83715E-01
   9.63000E+02   2.82635E-04   3.25476E-03   8.96536E-01   6.04240E-03 
    2.10251E-02   7.28590E-02   2.50000E-01   6.25371E-02   6.54317E-01 
    2.89444E-02   4.20147E-03   0.00000E+00   1.60111E-02   4.68466E-03 
    8.37855E-01   2.27134E-02   6.02485E-02   5.84877E-02   5.82367E-01 
    1.92878E-01   2.24755E-01
   9.53000E+02   2.49230E-04   3.08108E-03   8.96257E-01   6.01434E-03 
    2.21045E-02   7.22934E-02   2.50000E-01   6.25651E-02   6.52002E-01 
    3.09874E-02   4.44534E-03   0.00000E+00   1.49913E-02   4.37619E-03 
    8.30796E-01   2.45483E-02   6.71077E-02   5.81810E-02   6.26323E-01 
    1.96693E-01   1.76983E-01
   9.43000E+02   2.19145E-04   2.91939E-03   8.95897E-01   5.96489E-03 
    2.31496E-02   7.18500E-02   2.50000E-01   6.26891E-02   6.49614E-01 
    3.30123E-02   4.68407E-03   0.00000E+00   1.39802E-02   4.08165E-03 
    8.22972E-01   2.64702E-02   7.45869E-02   5.79096E-02   6.61751E-01 
    1.99597E-01   1.38652E-01
   9.33000E+02   1.92187E-04   2.76737E-03   8.95502E-01   5.89161E-03 
    2.41449E-02   7.15014E-02   2.50000E-01   6.28879E-02   6.47201E-01 
    3.49969E-02   4.91427E-03   0.00000E+00   1.29834E-02   3.79955E-03 
    8.14383E-01   2.84777E-02   8.27048E-02   5.76516E-02   6.90097E-01 
    2.01785E-01   1.08118E-01
   9.23000E+02   1.68134E-04   2.62325E-03   8.95110E-01   5.79397E-03 
    2.50784E-02   7.12265E-02   2.50000E-01   6.31439E-02   6.44799E-01 
    3.69235E-02   5.13322E-03   0.00000E+00   1.20054E-02   3.52891E-03 
    8.05012E-01   3.05751E-02   9.14879E-02   5.73903E-02   7.12636E-01 
    2.03420E-01   8.39440E-02
   9.13000E+02   1.46751E-04   2.48572E-03   8.94745E-01   5.67275E-03 
    2.59408E-02   7.10089E-02   2.50000E-01   6.34430E-02   6.42440E-01 
    3.87787E-02   5.33869E-03   0.00000E+00   1.10507E-02   3.26916E-03 
    7.94828E-01   3.27713E-02   1.00968E-01   5.71135E-02   7.30446E-01 
    2.04632E-01   6.49220E-02
   9.03000E+02   1.27804E-04   2.35381E-03   8.94427E-01   5.52957E-03 
    2.67248E-02   7.08366E-02   2.50000E-01   6.37738E-02   6.40145E-01 
    4.05520E-02   5.52882E-03   0.00000E+00   1.01230E-02   3.02009E-03 
    7.83788E-01   3.50786E-02   1.11178E-01   5.68130E-02   7.44422E-01 
    2.05523E-01   5.00550E-02
   8.93000E+02   1.11061E-04   2.22684E-03   8.94170E-01   5.36661E-03 
    2.74249E-02   7.07004E-02   2.50000E-01   6.41271E-02   6.37935E-01 
    4.22358E-02   5.70207E-03   0.00000E+00   9.22647E-03   2.78176E-03 
    7.71847E-01   3.75120E-02   1.22150E-01   5.64835E-02   7.55298E-01 
    2.06173E-01   3.85288E-02
   8.83000E+02   9.63043E-05   2.10430E-03   8.93983E-01   5.18633E-03 
    2.80367E-02   7.05932E-02   2.50000E-01   6.44956E-02   6.35823E-01 
    4.38246E-02   5.85722E-03   0.00000E+00   8.36505E-03   2.55440E-03 
    7.58960E-01   4.00877E-02   1.33910E-01   5.61228E-02   7.63676E-01 
    2.06643E-01   2.96809E-02
   8.73000E+02   8.33290E-05   1.98584E-03   8.93872E-01   4.99138E-03 
    2.85574E-02   7.05098E-02   2.50000E-01   6.48731E-02   6.33819E-01 
    4.53147E-02   5.99330E-03   0.00000E+00   7.54316E-03   2.33843E-03 
    7.45096E-01   4.28211E-02   1.46470E-01   5.57311E-02   7.70046E-01 
    2.06981E-01   2.29727E-02
   8.63000E+02   7.19452E-05   1.87123E-03   8.93841E-01   4.78445E-03 
    2.89856E-02   7.04459E-02   2.50000E-01   6.52548E-02   6.31932E-01 
    4.67038E-02   6.10963E-03   0.00000E+00   6.76537E-03   2.13431E-03 
    7.30242E-01   4.57244E-02   1.59822E-01   5.53115E-02   7.74812E-01 
    2.07222E-01   1.79663E-02
   8.53000E+02   6.19787E-05   1.76032E-03   8.93890E-01   4.56818E-03 
    2.93210E-02   7.03983E-02   2.50000E-01   6.56367E-02   6.30166E-01 
    4.79911E-02   6.20585E-03   0.00000E+00   6.03631E-03   1.94257E-03 
    7.14421E-01   4.88032E-02   1.73928E-01   5.48694E-02   7.78302E-01 
    2.07392E-01   1.43060E-02
   8.43000E+02   5.32710E-05   1.65302E-03   8.94019E-01   4.34514E-03 
    2.95650E-02   7.03643E-02   2.50000E-01   6.60156E-02   6.28526E-01 
    4.91766E-02   6.28189E-03   0.00000E+00   5.36034E-03   1.76367E-03 
    6.97699E-01   5.20531E-02   1.88711E-01   5.44132E-02   7.80784E-01 
    2.07513E-01   1.17024E-02
   8.33000E+02   4.56784E-05   1.54930E-03   8.94225E-01   4.11776E-03 
    2.97202E-02   7.03416E-02   2.50000E-01   6.63887E-02   6.27012E-01 
    5.02615E-02   6.33803E-03   0.00000E+00   4.74101E-03   1.59795E-03 
    6.80198E-01   5.54567E-02   2.04052E-01   5.39535E-02   7.82478E-01 
    2.07600E-01   9.92211E-03
   8.23000E+02   3.90716E-05   1.44916E-03   8.94505E-01   3.88831E-03 
    2.97907E-02   7.03282E-02   2.50000E-01   6.67539E-02   6.25624E-01 
    5.12475E-02   6.37484E-03   0.00000E+00   4.18054E-03   1.44554E-03 
    6.62093E-01   5.89828E-02   2.19795E-01   5.35026E-02   7.83561E-01 
    2.07661E-01   8.77740E-03
   8.13000E+02   3.33342E-05   1.35262E-03   8.94851E-01   3.65886E-03 
    2.97813E-02   7.03226E-02   2.50000E-01   6.71096E-02   6.24360E-01 
    5.21371E-02   6.39313E-03   0.00000E+00   3.67912E-03   1.30623E-03 
    6.43591E-01   6.25862E-02   2.35764E-01   5.30735E-02   7.84174E-01 
    2.07707E-01   8.11940E-03
   8.03000E+02   2.83622E-05   1.25973E-03   8.95260E-01   3.43129E-03 
    2.96978E-02   7.03233E-02   2.50000E-01   6.74544E-02   6.23218E-01 
    5.29333E-02   6.39393E-03   0.00000E+00   3.23538E-03   1.17962E-03 
    6.24925E-01   6.62162E-02   2.51766E-01   5.26784E-02   7.84428E-01 
    2.07740E-01   7.83172E-03
   7.93000E+02   2.40630E-05   1.17053E-03   8.95723E-01   3.20725E-03 
    2.95465E-02   7.03289E-02   2.50000E-01   6.77873E-02   6.22195E-01 
    5.36396E-02   6.37838E-03   0.00000E+00   2.84588E-03   1.06499E-03 
    6.06314E-01   6.98182E-02   2.67629E-01   5.23277E-02   7.84409E-01 
    2.07766E-01   7.82447E-03
   7.83000E+02   2.03539E-05   1.08505E-03   8.96234E-01   2.98817E-03 
    2.93335E-02   7.03385E-02   2.50000E-01   6.81075E-02   6.21285E-01 
    5.42596E-02   6.34767E-03   0.00000E+00   2.50594E-03   9.61424E-04 
    5.87948E-01   7.33424E-02   2.83213E-01   5.20292E-02   7.84184E-01 
    2.07786E-01   8.02927E-03
   7.73000E+02   1.71618E-05   1.00335E-03   8.96788E-01   2.77526E-03 
    2.90648E-02   7.03511E-02   2.50000E-01   6.84144E-02   6.20485E-01 
    5.47975E-02   6.30296E-03   0.00000E+00   2.21019E-03   8.67922E-04 
    5.69975E-01   7.67467E-02   2.98412E-01   5.17884E-02   7.83803E-01 
    2.07803E-01   8.39455E-03
   7.63000E+02   1.44216E-05   9.25436E-04   8.97379E-01   2.56952E-03 
    2.87457E-02   7.03658E-02   2.50000E-01   6.87076E-02   6.19790E-01 
    5.52572E-02   6.24534E-03   0.00000E+00   1.95310E-03   7.83468E-04 
    5.52495E-01   7.99992E-02   3.13161E-01   5.16080E-02   7.83302E-01 
    2.07816E-01   8.88168E-03
   7.53000E+02   1.20758E-05   8.51337E-04   8.98001E-01   2.37174E-03 
    2.83812E-02   7.03822E-02   2.50000E-01   6.89869E-02   6.19194E-01 
    5.56430E-02   6.17582E-03   0.00000E+00   1.72940E-03   7.07090E-04 
    5.35569E-01   8.30775E-02   3.27427E-01   5.14893E-02   7.82711E-01 
    2.07827E-01   9.46173E-03
   7.43000E+02   1.00735E-05   7.81053E-04   8.98651E-01   2.18254E-03 
    2.79758E-02   7.03995E-02   2.50000E-01   6.92520E-02   6.18694E-01 
    5.59589E-02   6.09530E-03   0.00000E+00   1.53428E-03   6.37899E-04 
    5.19226E-01   8.59680E-02   3.41202E-01   5.14319E-02   7.82050E-01 
    2.07837E-01   1.01130E-02
   7.33000E+02   8.36982E-06   7.14574E-04   8.99324E-01   2.00237E-03 
    2.75330E-02   7.04174E-02   2.50000E-01   6.95029E-02   6.18284E-01 
    5.62090E-02   6.00458E-03   0.00000E+00   1.36356E-03   5.75106E-04 
    5.03468E-01   8.86634E-02   3.54495E-01   5.14348E-02   7.81335E-01 
    2.07846E-01   1.08191E-02
   7.23000E+02   6.92499E-06   6.51873E-04   9.00018E-01   1.83154E-03 
    2.70562E-02   7.04354E-02   2.50000E-01   6.97396E-02   6.17959E-01 
    5.63975E-02   5.90436E-03   0.00000E+00   1.21364E-03   5.18018E-04 
    4.88283E-01   9.11615E-02   3.67327E-01   5.14968E-02   7.80579E-01 
    2.07853E-01   1.15676E-02
   7.13000E+02   5.70410E-06   5.92910E-04   9.00730E-01   1.67023E-03 
    2.65482E-02   7.04530E-02   2.50000E-01   6.99622E-02   6.17714E-01 
    5.65284E-02   5.79529E-03   0.00000E+00   1.08147E-03   4.66037E-04 
    4.73647E-01   9.34634E-02   3.79726E-01   5.16161E-02   7.79792E-01 
    2.07860E-01   1.23489E-02
   7.03000E+02   4.67635E-06   5.37628E-04   9.01458E-01   1.51851E-03 
    2.60113E-02   7.04701E-02   2.50000E-01   7.01709E-02   6.17545E-01 
    5.66058E-02   5.67792E-03   0.00000E+00   9.64514E-04   4.18648E-04 
    4.59531E-01   9.55721E-02   3.91722E-01   5.17914E-02   7.78979E-01 
    2.07865E-01   1.31556E-02
   6.93000E+02   3.81473E-06   4.85958E-04   9.02200E-01   1.37637E-03 
    2.54478E-02   7.04863E-02   2.50000E-01   7.03659E-02   6.17448E-01 
    5.66336E-02   5.55276E-03   0.00000E+00   8.60643E-04   3.75405E-04 
    4.45905E-01   9.74920E-02   4.03346E-01   5.20211E-02   7.78148E-01 
    2.07871E-01   1.39816E-02
   6.83000E+02   3.09550E-06   4.37818E-04   9.02955E-01   1.24369E-03 
    2.48595E-02   7.05013E-02   2.50000E-01   7.05475E-02   6.17416E-01 
    5.66159E-02   5.42031E-03   0.00000E+00   7.68085E-04   3.35924E-04 
    4.32735E-01   9.92279E-02   4.14629E-01   5.23041E-02   7.77302E-01 
    2.07876E-01   1.48223E-02
   6.73000E+02   2.49791E-06   3.93114E-04   9.03721E-01   1.12031E-03 
    2.42480E-02   7.05149E-02   2.50000E-01   7.07161E-02   6.17446E-01 
    5.65569E-02   5.28100E-03   0.00000E+00   6.85358E-04   2.99871E-04 
    4.19990E-01   1.00785E-01   4.25601E-01   5.26394E-02   7.76446E-01 
    2.07880E-01   1.56738E-02
