
 Phase Region for:
     CEMENTITE                     
     FCC_A1#2                      
 col-1=T, col-2=X(CEMENTITE,C), col-3=X(CEMENTITE,CR), col-4=X(CEMENTITE,FE),
   col-5=X(CEMENTITE,MN), col-6=X(CEMENTITE,NI), col-7=X(CEMENTITE,SI),
   col-8=X(FCC_A1#2,C), col-9=X(FCC_A1#2,CR), col-10=X(FCC_A1#2,FE),
   col-11=X(FCC_A1#2,MN), col-12=X(FCC_A1#2,NI), col-13=X(FCC_A1#2,SI),
   col-14=NP(CEMENTITE), col-15=NP(FCC_A1#2),
   1.17300E+03   2.50000E-01   9.40518E-02   6.37878E-01   1.53541E-02 
    2.71593E-03   0.00000E+00   3.64617E-02   1.69045E-02   8.51387E-01 
    1.41038E-02   2.12752E-02   5.98676E-02   7.24767E-02   9.27523E-01
   1.18300E+03   2.50000E-01   9.38288E-02   6.38145E-01   1.52522E-02 
    2.77385E-03   0.00000E+00   3.77163E-02   1.73738E-02   8.50114E-01 
    1.41185E-02   2.11619E-02   5.95158E-02   6.69947E-02   9.33005E-01
   1.19300E+03   2.50000E-01   9.36089E-02   6.38405E-01   1.51537E-02 
    2.83210E-03   0.00000E+00   3.89946E-02   1.78485E-02   8.48820E-01 
    1.41317E-02   2.10474E-02   5.91574E-02   6.13425E-02   9.38657E-01
   1.20300E+03   2.50000E-01   9.33924E-02   6.38658E-01   1.50585E-02 
    2.89066E-03   0.00000E+00   4.02966E-02   1.83287E-02   8.47507E-01 
    1.41436E-02   2.09316E-02   5.87924E-02   5.55149E-02   9.44485E-01
   1.21300E+03   2.50000E-01   9.31795E-02   6.38904E-01   1.49667E-02 
    2.94952E-03   0.00000E+00   4.16222E-02   1.88143E-02   8.46174E-01 
    1.41542E-02   2.08145E-02   5.84207E-02   4.95063E-02   9.50494E-01
   1.22300E+03   2.50000E-01   9.29706E-02   6.39143E-01   1.48781E-02 
    3.00867E-03   0.00000E+00   4.29717E-02   1.93054E-02   8.44821E-01 
    1.41635E-02   2.06961E-02   5.80424E-02   4.33108E-02   9.56689E-01
   1.23300E+03   2.50000E-01   9.27660E-02   6.39373E-01   1.47927E-02 
    3.06808E-03   0.00000E+00   4.43450E-02   1.98018E-02   8.43448E-01 
    1.41715E-02   2.05765E-02   5.76574E-02   3.69223E-02   9.63078E-01
   1.24300E+03   2.50000E-01   9.25661E-02   6.39596E-01   1.47103E-02 
    3.12777E-03   0.00000E+00   4.57422E-02   2.03038E-02   8.42054E-01 
    1.41783E-02   2.04557E-02   5.72657E-02   3.03343E-02   9.69666E-01
   1.25300E+03   2.50000E-01   9.23711E-02   6.39810E-01   1.46311E-02 
    3.18770E-03   0.00000E+00   4.71634E-02   2.08113E-02   8.40640E-01 
    1.41839E-02   2.03337E-02   5.68672E-02   2.35401E-02   9.76460E-01
   1.26300E+03   2.50000E-01   9.21815E-02   6.40016E-01   1.45548E-02 
    3.24788E-03   0.00000E+00   4.86088E-02   2.13244E-02   8.39206E-01 
    1.41884E-02   2.02105E-02   5.64620E-02   1.65323E-02   9.83468E-01
   1.27300E+03   2.50000E-01   9.19976E-02   6.40213E-01   1.44815E-02 
    3.30828E-03   0.00000E+00   5.00783E-02   2.18432E-02   8.37751E-01 
    1.41917E-02   2.00861E-02   5.60500E-02   9.30349E-03   9.90697E-01
   1.28300E+03   2.50000E-01   9.18199E-02   6.40400E-01   1.44110E-02 
    3.36891E-03   0.00000E+00   5.15720E-02   2.23677E-02   8.36274E-01 
    1.41940E-02   1.99607E-02   5.56312E-02   1.84551E-03   9.98154E-01
   1.28543E+03   2.50000E-01   9.17777E-02   6.40444E-01   1.43944E-02 
    3.38365E-03   0.00000E+00   5.19382E-02   2.24959E-02   8.35913E-01 
    1.41944E-02   1.99300E-02   5.55286E-02   0.00000E+00   1.00000E+00

 Phase Region for:
     FCC_A1#2                      
 col-1=T, col-2=X(FCC_A1#2,C), col-3=X(FCC_A1#2,CR), col-4=X(FCC_A1#2,FE),
   col-5=X(FCC_A1#2,MN), col-6=X(FCC_A1#2,NI), col-7=X(FCC_A1#2,SI),
   col-8=NP(FCC_A1#2),
   1.28543E+03   5.19382E-02   2.24959E-02   8.35913E-01   1.41944E-02 
    1.99300E-02   5.55286E-02   1.00000E+00
   1.29300E+03   5.19382E-02   2.24959E-02   8.35913E-01   1.41944E-02 
    1.99300E-02   5.55286E-02   1.00000E+00
   1.30300E+03   5.19382E-02   2.24959E-02   8.35913E-01   1.41944E-02 
    1.99300E-02   5.55286E-02   1.00000E+00
   1.31300E+03   5.19382E-02   2.24959E-02   8.35913E-01   1.41944E-02 
    1.99300E-02   5.55286E-02   1.00000E+00
   1.32300E+03   5.19382E-02   2.24959E-02   8.35913E-01   1.41944E-02 
    1.99300E-02   5.55286E-02   1.00000E+00
   1.33300E+03   5.19382E-02   2.24959E-02   8.35913E-01   1.41944E-02 
    1.99300E-02   5.55286E-02   1.00000E+00
   1.34300E+03   5.19382E-02   2.24959E-02   8.35913E-01   1.41944E-02 
    1.99300E-02   5.55286E-02   1.00000E+00
   1.35300E+03   5.19382E-02   2.24959E-02   8.35913E-01   1.41944E-02 
    1.99300E-02   5.55286E-02   1.00000E+00
   1.36300E+03   5.19382E-02   2.24959E-02   8.35913E-01   1.41944E-02 
    1.99300E-02   5.55286E-02   1.00000E+00
   1.37300E+03   5.19382E-02   2.24959E-02   8.35913E-01   1.41944E-02 
    1.99300E-02   5.55286E-02   1.00000E+00
   1.38300E+03   5.19382E-02   2.24959E-02   8.35913E-01   1.41944E-02 
    1.99300E-02   5.55286E-02   1.00000E+00
   1.39300E+03   5.19382E-02   2.24959E-02   8.35913E-01   1.41944E-02 
    1.99300E-02   5.55286E-02   1.00000E+00
   1.40300E+03   5.19382E-02   2.24959E-02   8.35913E-01   1.41944E-02 
    1.99300E-02   5.55286E-02   1.00000E+00
   1.41300E+03   5.19382E-02   2.24959E-02   8.35913E-01   1.41944E-02 
    1.99300E-02   5.55286E-02   1.00000E+00
   1.42300E+03   5.19382E-02   2.24959E-02   8.35913E-01   1.41944E-02 
    1.99300E-02   5.55286E-02   1.00000E+00
   1.43300E+03   5.19382E-02   2.24959E-02   8.35913E-01   1.41944E-02 
    1.99300E-02   5.55286E-02   1.00000E+00
   1.44300E+03   5.19382E-02   2.24959E-02   8.35913E-01   1.41944E-02 
    1.99300E-02   5.55286E-02   1.00000E+00
   1.45300E+03   5.19382E-02   2.24959E-02   8.35913E-01   1.41944E-02 
    1.99300E-02   5.55286E-02   1.00000E+00
   1.46300E+03   5.19382E-02   2.24959E-02   8.35913E-01   1.41944E-02 
    1.99300E-02   5.55286E-02   1.00000E+00
   1.47300E+03   5.19382E-02   2.24959E-02   8.35913E-01   1.41944E-02 
    1.99300E-02   5.55286E-02   1.00000E+00

 Phase Region for:
     CEMENTITE                     
     FCC_A1#2                      
 col-1=T, col-2=X(CEMENTITE,C), col-3=X(CEMENTITE,CR), col-4=X(CEMENTITE,FE),
   col-5=X(CEMENTITE,MN), col-6=X(CEMENTITE,NI), col-7=X(CEMENTITE,SI),
   col-8=X(FCC_A1#2,C), col-9=X(FCC_A1#2,CR), col-10=X(FCC_A1#2,FE),
   col-11=X(FCC_A1#2,MN), col-12=X(FCC_A1#2,NI), col-13=X(FCC_A1#2,SI),
   col-14=NP(CEMENTITE), col-15=NP(FCC_A1#2),
   1.17300E+03   2.50000E-01   9.40518E-02   6.37878E-01   1.53541E-02 
    2.71593E-03   0.00000E+00   3.64617E-02   1.69045E-02   8.51387E-01 
    1.41038E-02   2.12752E-02   5.98676E-02   7.24767E-02   9.27523E-01
   1.16300E+03   2.50000E-01   9.42775E-02   6.37605E-01   1.54596E-02 
    2.65833E-03   0.00000E+00   3.52305E-02   1.64406E-02   8.52641E-01 
    1.40877E-02   2.13870E-02   6.02127E-02   7.77936E-02   9.22206E-01
   1.15300E+03   2.50000E-01   9.45057E-02   6.37325E-01   1.55687E-02 
    2.60108E-03   0.00000E+00   3.40229E-02   1.59823E-02   8.53876E-01 
    1.40701E-02   2.14975E-02   6.05513E-02   8.29501E-02   9.17050E-01
   1.14300E+03   2.50000E-01   9.47361E-02   6.37038E-01   1.56815E-02 
    2.54418E-03   0.00000E+00   3.28387E-02   1.55296E-02   8.55091E-01 
    1.40510E-02   2.16066E-02   6.08833E-02   8.79508E-02   9.12049E-01
   1.13300E+03   2.50000E-01   9.49685E-02   6.36746E-01   1.57980E-02 
    2.48764E-03   0.00000E+00   3.16779E-02   1.50824E-02   8.56286E-01 
    1.40304E-02   2.17143E-02   6.12087E-02   9.28002E-02   9.07200E-01
   1.12300E+03   2.50000E-01   9.52026E-02   6.36447E-01   1.59185E-02 
    2.43149E-03   0.00000E+00   3.05404E-02   1.46409E-02   8.57462E-01 
    1.40082E-02   2.18205E-02   6.15276E-02   9.75023E-02   9.02498E-01
   1.11300E+03   2.50000E-01   9.54382E-02   6.36143E-01   1.60430E-02 
    2.37572E-03   0.00000E+00   2.94262E-02   1.42051E-02   8.58619E-01 
    1.39843E-02   2.19253E-02   6.18400E-02   1.02061E-01   8.97939E-01
   1.10300E+03   2.50000E-01   9.56750E-02   6.35833E-01   1.61715E-02 
    2.32035E-03   0.00000E+00   2.83352E-02   1.37751E-02   8.59756E-01 
    1.39588E-02   2.20286E-02   6.21459E-02   1.06481E-01   8.93519E-01
   1.09300E+03   2.50000E-01   9.59128E-02   6.35518E-01   1.63043E-02 
    2.26539E-03   0.00000E+00   2.72674E-02   1.33510E-02   8.60874E-01 
    1.39316E-02   2.21304E-02   6.24453E-02   1.10764E-01   8.89236E-01
   1.08300E+03   2.50000E-01   9.61514E-02   6.35196E-01   1.64414E-02 
    2.21085E-03   0.00000E+00   2.62227E-02   1.29327E-02   8.61973E-01 
    1.39027E-02   2.22306E-02   6.27381E-02   1.14916E-01   8.85084E-01
   1.07300E+03   2.50000E-01   9.63905E-02   6.34870E-01   1.65829E-02 
    2.15674E-03   0.00000E+00   2.52011E-02   1.25205E-02   8.63052E-01 
    1.38720E-02   2.23293E-02   6.30246E-02   1.18938E-01   8.81062E-01
   1.06300E+03   2.50000E-01   9.66301E-02   6.34538E-01   1.67290E-02 
    2.10308E-03   0.00000E+00   2.42024E-02   1.21144E-02   8.64113E-01 
    1.38395E-02   2.24265E-02   6.33046E-02   1.22835E-01   8.77165E-01
   1.05300E+03   2.50000E-01   9.68698E-02   6.34201E-01   1.68797E-02 
    2.04987E-03   0.00000E+00   2.32267E-02   1.17144E-02   8.65154E-01 
    1.38052E-02   2.25220E-02   6.35781E-02   1.26609E-01   8.73391E-01
   1.04300E+03   2.50000E-01   9.71096E-02   6.33858E-01   1.70354E-02 
    1.99712E-03   0.00000E+00   2.22739E-02   1.13207E-02   8.66175E-01 
    1.37689E-02   2.26159E-02   6.38453E-02   1.30263E-01   8.69737E-01
   1.03888E+03   2.50000E-01   9.72083E-02   6.33715E-01   1.71009E-02 
    1.97554E-03   0.00000E+00   2.18881E-02   1.11604E-02   8.66591E-01 
    1.37535E-02   2.26541E-02   6.39534E-02   1.31734E-01   8.68266E-01

 Phase Region for:
     BCC_A2                        
     CEMENTITE                     
     FCC_A1#2                      
 col-1=T, col-2=X(BCC_A2,C), col-3=X(BCC_A2,CR), col-4=X(BCC_A2,FE),
   col-5=X(BCC_A2,MN), col-6=X(BCC_A2,NI), col-7=X(BCC_A2,SI),
   col-8=X(CEMENTITE,C), col-9=X(CEMENTITE,CR), col-10=X(CEMENTITE,FE),
   col-11=X(CEMENTITE,MN), col-12=X(CEMENTITE,NI), col-13=X(CEMENTITE,SI),
   col-14=X(FCC_A1#2,C), col-15=X(FCC_A1#2,CR), col-16=X(FCC_A1#2,FE),
   col-17=X(FCC_A1#2,MN), col-18=X(FCC_A1#2,NI), col-19=X(FCC_A1#2,SI),
   col-20=NP(BCC_A2), col-21=NP(CEMENTITE), col-22=NP(FCC_A1#2),
   1.03888E+03   6.22855E-04   7.49377E-03   8.95196E-01   5.62465E-03 
    1.09040E-02   8.01592E-02   2.50000E-01   9.72083E-02   6.33715E-01 
    1.71009E-02   1.97554E-03   0.00000E+00   2.18881E-02   1.11604E-02 
    8.66591E-01   1.37535E-02   2.26542E-02   6.39534E-02   1.75324E-06 
    1.31734E-01   8.68264E-01
   1.03300E+03   5.87333E-04   7.19565E-03   8.96051E-01   5.81833E-03 
    1.15071E-02   7.88410E-02   2.50000E-01   9.58782E-02   6.33864E-01 
    1.81812E-02   2.07622E-03   0.00000E+00   2.14192E-02   1.07029E-02 
    8.66036E-01   1.45372E-02   2.43824E-02   6.29227E-02   9.88804E-02 
    1.42527E-01   7.58593E-01
   1.02300E+03   5.29320E-04   6.74132E-03   8.97081E-01   6.14436E-03 
    1.26067E-02   7.68971E-02   2.50000E-01   9.40663E-02   6.33551E-01 
    2.01218E-02   2.26090E-03   0.00000E+00   2.05784E-02   9.99066E-03 
    8.64361E-01   1.59627E-02   2.76783E-02   6.14293E-02   2.47150E-01 
    1.58289E-01   5.94560E-01
   1.01300E+03   4.74638E-04   6.34366E-03   8.97644E-01   6.45239E-03 
    1.37784E-02   7.53067E-02   2.50000E-01   9.27641E-02   6.32617E-01 
    2.21604E-02   2.45904E-03   0.00000E+00   1.96893E-02   9.35032E-03 
    8.61806E-01   1.74876E-02   3.14264E-02   6.02406E-02   3.70813E-01 
    1.70960E-01   4.58226E-01
   1.00300E+03   4.23621E-04   5.99191E-03   8.97833E-01   6.72773E-03 
    1.49946E-02   7.40295E-02   2.50000E-01   9.18981E-02   6.31174E-01 
    2.42613E-02   2.66627E-03   0.00000E+00   1.87621E-02   8.76937E-03 
    8.58434E-01   1.90933E-02   3.56238E-02   5.93177E-02   4.71768E-01 
    1.80886E-01   3.47347E-01
   9.93000E+02   3.76495E-04   5.67626E-03   8.97744E-01   6.95835E-03 
    1.62276E-02   7.30173E-02   2.50000E-01   9.13944E-02   6.29330E-01 
    2.63969E-02   2.87847E-03   0.00000E+00   1.78080E-02   8.23630E-03 
    8.54305E-01   2.07671E-02   4.02678E-02   5.86156E-02   5.52828E-01 
    1.88494E-01   2.58678E-01
   9.83000E+02   3.33353E-04   5.38836E-03   8.97469E-01   7.13513E-03 
    1.74520E-02   7.22225E-02   2.50000E-01   9.11851E-02   6.27174E-01 
    2.85490E-02   3.09218E-03   0.00000E+00   1.68376E-02   7.74125E-03 
    8.49464E-01   2.25041E-02   4.53624E-02   5.80904E-02   6.17068E-01 
    1.94220E-01   1.88711E-01
   9.73000E+02   2.94188E-04   5.12037E-03   8.97103E-01   7.24311E-03 
    1.86366E-02   7.16032E-02   2.50000E-01   9.12179E-02   6.24759E-01 
    3.07185E-02   3.30484E-03   0.00000E+00   1.58588E-02   7.27645E-03 
    8.43911E-01   2.43147E-02   5.09236E-02   5.77155E-02   6.67255E-01 
    1.98449E-01   1.34297E-01
   9.63000E+02   2.58989E-04   4.86063E-03   8.96807E-01   7.23018E-03 
    1.97168E-02   7.11260E-02   2.50000E-01   9.14757E-02   6.22018E-01 
    3.29881E-02   3.51782E-03   0.00000E+00   1.48712E-02   6.83541E-03 
    8.37449E-01   2.62782E-02   5.70400E-02   5.75262E-02   7.05359E-01 
    2.01481E-01   9.31605E-02
   9.53000E+02   2.27346E-04   4.61749E-03   8.96425E-01   7.19068E-03 
    2.07792E-02   7.07600E-02   2.50000E-01   9.18522E-02   6.19178E-01 
    3.52410E-02   3.72884E-03   0.00000E+00   1.38935E-02   6.40995E-03 
    8.30267E-01   2.83205E-02   6.37512E-02   5.73583E-02   7.35250E-01 
    2.03691E-01   6.10586E-02
   9.43000E+02   1.99050E-04   4.38763E-03   8.96006E-01   7.12103E-03 
    2.18074E-02   7.04788E-02   2.50000E-01   9.23196E-02   6.16295E-01 
    3.74504E-02   3.93483E-03   0.00000E+00   1.29311E-02   5.99836E-03 
    8.22368E-01   3.04370E-02   7.10759E-02   5.71901E-02   7.58373E-01 
    2.05268E-01   3.63585E-02
   9.33000E+02   1.73860E-04   4.16853E-03   8.95587E-01   7.02037E-03 
    2.27880E-02   7.02621E-02   2.50000E-01   9.28553E-02   6.13416E-01 
    3.95960E-02   4.13323E-03   0.00000E+00   1.19882E-02   5.59958E-03 
    8.13736E-01   3.26297E-02   7.90409E-02   5.70056E-02   7.76002E-01 
    2.06368E-01   1.76303E-02
   9.23000E+02   1.51518E-04   3.95839E-03   8.95195E-01   6.88959E-03 
    2.37105E-02   7.00949E-02   2.50000E-01   9.34407E-02   6.10575E-01 
    4.16624E-02   4.32194E-03   0.00000E+00   1.10686E-02   5.21312E-03 
    8.04340E-01   3.49062E-02   8.76792E-02   5.67928E-02   7.89213E-01 
    2.07112E-01   3.67545E-03
   9.19752E+02   1.44830E-04   3.89181E-03   8.95077E-01   6.84094E-03 
    2.39962E-02   7.00493E-02   2.50000E-01   9.36391E-02   6.09665E-01 
    4.23147E-02   4.38084E-03   0.00000E+00   1.07754E-02   5.09022E-03 
    8.01116E-01   3.56657E-02   9.06362E-02   5.67163E-02   7.92706E-01 
    2.07294E-01   0.00000E+00

 Phase Region for:
     BCC_A2                        
     CEMENTITE                     
 col-1=T, col-2=X(BCC_A2,C), col-3=X(BCC_A2,CR), col-4=X(BCC_A2,FE),
   col-5=X(BCC_A2,MN), col-6=X(BCC_A2,NI), col-7=X(BCC_A2,SI),
   col-8=X(CEMENTITE,C), col-9=X(CEMENTITE,CR), col-10=X(CEMENTITE,FE),
   col-11=X(CEMENTITE,MN), col-12=X(CEMENTITE,NI), col-13=X(CEMENTITE,SI),
   col-14=NP(BCC_A2), col-15=NP(CEMENTITE),
   9.19751E+02   1.44830E-04   3.89181E-03   8.95077E-01   6.84094E-03 
    2.39962E-02   7.00493E-02   2.50000E-01   9.36391E-02   6.09665E-01 
    4.23147E-02   4.38084E-03   0.00000E+00   7.92706E-01   2.07294E-01  NONE
   9.13000E+02   1.32107E-04   3.75622E-03   8.95439E-01   6.62686E-03 
    2.39933E-02   7.00529E-02   2.50000E-01   9.41400E-02   6.08338E-01 
    4.31262E-02   4.39571E-03   0.00000E+00   7.92666E-01   2.07334E-01  NONE
   9.03000E+02   1.15090E-04   3.55955E-03   8.95962E-01   6.31608E-03 
    2.39892E-02   7.00577E-02   2.50000E-01   9.48681E-02   6.06411E-01 
    4.43045E-02   4.41642E-03   0.00000E+00   7.92612E-01   2.07388E-01  NONE
   8.93000E+02   1.00052E-04   3.36793E-03   8.96472E-01   6.01277E-03 
    2.39853E-02   7.00619E-02   2.50000E-01   9.55793E-02   6.04530E-01 
    4.54547E-02   4.43567E-03   0.00000E+00   7.92564E-01   2.07436E-01  NONE
   8.83000E+02   8.67867E-05   3.18145E-03   8.96968E-01   5.71691E-03 
    2.39817E-02   7.00656E-02   2.50000E-01   9.62729E-02   6.02697E-01 
    4.65768E-02   4.45355E-03   0.00000E+00   7.92522E-01   2.07478E-01  NONE
   8.73000E+02   7.51075E-05   3.00021E-03   8.97449E-01   5.42852E-03 
    2.39783E-02   7.00689E-02   2.50000E-01   9.69484E-02   6.00911E-01 
    4.76708E-02   4.47018E-03   0.00000E+00   7.92485E-01   2.07515E-01  NONE
   8.63000E+02   6.48448E-05   2.82433E-03   8.97916E-01   5.14762E-03 
    2.39750E-02   7.00718E-02   2.50000E-01   9.76052E-02   5.99172E-01 
    4.87367E-02   4.48562E-03   0.00000E+00   7.92453E-01   2.07547E-01  NONE
   8.53000E+02   5.58452E-05   2.65391E-03   8.98370E-01   4.87426E-03 
    2.39720E-02   7.00743E-02   2.50000E-01   9.82427E-02   5.97483E-01 
    4.97743E-02   4.49995E-03   0.00000E+00   7.92424E-01   2.07576E-01  NONE
   8.43000E+02   4.79701E-05   2.48906E-03   8.98809E-01   4.60849E-03 
    2.39691E-02   7.00765E-02   2.50000E-01   9.88605E-02   5.95843E-01 
    5.07833E-02   4.51323E-03   0.00000E+00   7.92399E-01   2.07601E-01  NONE
   8.33000E+02   4.10943E-05   2.32987E-03   8.99234E-01   4.35039E-03 
    2.39664E-02   7.00784E-02   2.50000E-01   9.94579E-02   5.94253E-01 
    5.17635E-02   4.52551E-03   0.00000E+00   7.92377E-01   2.07623E-01  NONE
   8.23000E+02   3.51051E-05   2.17643E-03   8.99644E-01   4.10005E-03 
    2.39639E-02   7.00801E-02   2.50000E-01   1.00035E-01   5.92714E-01 
    5.27145E-02   4.53682E-03   0.00000E+00   7.92358E-01   2.07642E-01  NONE
   8.13000E+02   2.99008E-05   2.02882E-03   9.00041E-01   3.85754E-03 
    2.39616E-02   7.00816E-02   2.50000E-01   1.00590E-01   5.91227E-01 
    5.36359E-02   4.54718E-03   0.00000E+00   7.92342E-01   2.07658E-01  NONE
   8.03000E+02   2.53902E-05   1.88711E-03   9.00422E-01   3.62296E-03 
    2.39595E-02   7.00828E-02   2.50000E-01   1.01124E-01   5.89792E-01 
    5.45275E-02   4.55663E-03   0.00000E+00   7.92328E-01   2.07672E-01  NONE
   7.93000E+02   2.14911E-05   1.75136E-03   9.00789E-01   3.39640E-03 
    2.39575E-02   7.00839E-02   2.50000E-01   1.01636E-01   5.88410E-01 
    5.53888E-02   4.56517E-03   0.00000E+00   7.92315E-01   2.07685E-01  NONE
   7.83000E+02   1.81300E-05   1.62160E-03   9.01142E-01   3.17795E-03 
    2.39558E-02   7.00849E-02   2.50000E-01   1.02126E-01   5.87082E-01 
    5.62195E-02   4.57279E-03   0.00000E+00   7.92305E-01   2.07695E-01  NONE
   7.73000E+02   1.52412E-05   1.49785E-03   9.01479E-01   2.96767E-03 
    2.39543E-02   7.00857E-02   2.50000E-01   1.02593E-01   5.85808E-01 
    5.70192E-02   4.57950E-03   0.00000E+00   7.92295E-01   2.07705E-01  NONE
   7.63000E+02   1.27659E-05   1.38011E-03   9.01802E-01   2.76563E-03 
    2.39529E-02   7.00864E-02   2.50000E-01   1.03039E-01   5.84588E-01 
    5.77878E-02   4.58528E-03   0.00000E+00   7.92288E-01   2.07712E-01  NONE
   7.53000E+02   1.06517E-05   1.26837E-03   9.02110E-01   2.57189E-03 
    2.39518E-02   7.00870E-02   2.50000E-01   1.03462E-01   5.83423E-01 
    5.85250E-02   4.59011E-03   0.00000E+00   7.92281E-01   2.07719E-01  NONE
   7.43000E+02   8.85196E-06   1.16259E-03   9.02404E-01   2.38648E-03 
    2.39510E-02   7.00875E-02   2.50000E-01   1.03862E-01   5.82313E-01 
    5.92307E-02   4.59396E-03   0.00000E+00   7.92275E-01   2.07725E-01  NONE
   7.33000E+02   7.32539E-06   1.06272E-03   9.02682E-01   2.20941E-03 
    2.39504E-02   7.00879E-02   2.50000E-01   1.04241E-01   5.81258E-01 
    5.99047E-02   4.59679E-03   0.00000E+00   7.92270E-01   2.07730E-01  NONE
   7.23000E+02   6.03532E-06   9.68676E-04   9.02946E-01   2.04068E-03 
    2.39500E-02   7.00883E-02   2.50000E-01   1.04597E-01   5.80257E-01 
    6.05471E-02   4.59855E-03   0.00000E+00   7.92266E-01   2.07734E-01  NONE
   7.13000E+02   4.94938E-06   8.80375E-04   9.03196E-01   1.88026E-03 
    2.39499E-02   7.00886E-02   2.50000E-01   1.04932E-01   5.79311E-01 
    6.11579E-02   4.59921E-03   0.00000E+00   7.92263E-01   2.07737E-01  NONE
   7.03000E+02   4.03904E-06   7.97704E-04   9.03431E-01   1.72811E-03 
    2.39501E-02   7.00888E-02   2.50000E-01   1.05246E-01   5.78418E-01 
    6.17373E-02   4.59871E-03   0.00000E+00   7.92260E-01   2.07740E-01  NONE
   6.93000E+02   3.27924E-06   7.20533E-04   9.03652E-01   1.58415E-03 
    2.39506E-02   7.00890E-02   2.50000E-01   1.05539E-01   5.77578E-01 
    6.22856E-02   4.59697E-03   0.00000E+00   7.92257E-01   2.07743E-01  NONE
   6.84082E+02   2.71069E-06   6.56236E-04   9.03838E-01   1.46261E-03 
    2.39514E-02   7.00892E-02   2.50000E-01   1.05784E-01   5.76873E-01 
    6.27486E-02   4.59433E-03   0.00000E+00   7.92256E-01   2.07744E-01  NONE

 Phase Region for:
     BCC_A2                        
     CEMENTITE                     
     FCC_A1#2                      
 col-1=T, col-2=X(BCC_A2,C), col-3=X(BCC_A2,CR), col-4=X(BCC_A2,FE),
   col-5=X(BCC_A2,MN), col-6=X(BCC_A2,NI), col-7=X(BCC_A2,SI),
   col-8=X(CEMENTITE,C), col-9=X(CEMENTITE,CR), col-10=X(CEMENTITE,FE),
   col-11=X(CEMENTITE,MN), col-12=X(CEMENTITE,NI), col-13=X(CEMENTITE,SI),
   col-14=X(FCC_A1#2,C), col-15=X(FCC_A1#2,CR), col-16=X(FCC_A1#2,FE),
   col-17=X(FCC_A1#2,MN), col-18=X(FCC_A1#2,NI), col-19=X(FCC_A1#2,SI),
   col-20=NP(BCC_A2), col-21=NP(CEMENTITE), col-22=NP(FCC_A1#2),
   6.84082E+02   2.71068E-06   6.56235E-04   9.03838E-01   1.46261E-03 
    2.39513E-02   7.00892E-02   2.50000E-01   1.05784E-01   5.76873E-01 
    6.27486E-02   4.59433E-03   0.00000E+00   7.48427E-04   5.00086E-04 
    4.31200E-01   1.07803E-01   4.09017E-01   5.07310E-02   7.92256E-01 
    2.07744E-01   1.20902E-08
   6.83000E+02   2.64928E-06   6.48617E-04   9.03919E-01   1.44630E-03 
    2.38908E-02   7.00924E-02   2.50000E-01   1.05813E-01   5.76861E-01 
    6.27439E-02   4.58210E-03   0.00000E+00   7.39642E-04   4.94057E-04 
    4.29809E-01   1.07986E-01   4.10210E-01   5.07606E-02   7.92125E-01 
    2.07744E-01   1.30666E-04
   6.73000E+02   2.13707E-06   5.81124E-04   9.04674E-01   1.30156E-03 
    2.33198E-02   7.01209E-02   2.50000E-01   1.06072E-01   5.76789E-01 
    6.26728E-02   4.46599E-03   0.00000E+00   6.63104E-04   4.41085E-04 
    4.17187E-01   1.09574E-01   4.21071E-01   5.10637E-02   7.90933E-01 
    2.07743E-01   1.32487E-03
