
 Phase Region for:
     CEMENTITE                     
     FCC_A1#2                      
 col-1=T, col-2=W(CEMENTITE,C), col-3=W(CEMENTITE,CR), col-4=W(CEMENTITE,FE),
   col-5=W(CEMENTITE,MN), col-6=W(CEMENTITE,NI), col-7=W(CEMENTITE,SI),
   col-8=W(FCC_A1#2,C), col-9=W(FCC_A1#2,CR), col-10=W(FCC_A1#2,FE),
   col-11=W(FCC_A1#2,MN), col-12=W(FCC_A1#2,NI), col-13=W(FCC_A1#2,SI),
   col-14=NP(CEMENTITE), col-15=NP(FCC_A1#2),
   1.17300E+03   6.73474E-02   8.58719E-02   8.08986E-01   3.45430E-02 
    3.25155E-03   0.00000E+00   1.00291E-02   1.24768E-02   9.24469E-01 
    2.20714E-02   2.31857E-02   7.76785E-03   4.09566E-02   9.59043E-01
   1.18300E+03   6.73463E-02   8.57304E-02   8.09256E-01   3.43482E-02 
    3.31897E-03   0.00000E+00   1.03296E-02   1.28658E-02   9.23856E-01 
    2.21427E-02   2.30792E-02   7.72713E-03   3.48952E-02   9.65105E-01
   1.19300E+03   6.73451E-02   8.55813E-02   8.09528E-01   3.41593E-02 
    3.38680E-03   0.00000E+00   1.06348E-02   1.32594E-02   9.23236E-01 
    2.22127E-02   2.29717E-02   7.68577E-03   2.86732E-02   9.71327E-01
   1.20300E+03   6.73439E-02   8.54249E-02   8.09800E-01   3.39762E-02 
    3.45501E-03   0.00000E+00   1.09447E-02   1.36576E-02   9.22609E-01 
    2.22814E-02   2.28634E-02   7.64378E-03   2.22860E-02   9.77714E-01
   1.21300E+03   6.73427E-02   8.52613E-02   8.10074E-01   3.37988E-02 
    3.52361E-03   0.00000E+00   1.12594E-02   1.40602E-02   9.21976E-01 
    2.23490E-02   2.27542E-02   7.60113E-03   1.57285E-02   9.84271E-01
   1.22300E+03   6.73414E-02   8.50909E-02   8.10348E-01   3.36270E-02 
    3.59258E-03   0.00000E+00   1.15788E-02   1.44671E-02   9.21337E-01 
    2.24156E-02   2.26441E-02   7.55784E-03   8.99576E-03   9.91004E-01
   1.23300E+03   6.73401E-02   8.49139E-02   8.10623E-01   3.34607E-02 
    3.66192E-03   0.00000E+00   1.19031E-02   1.48781E-02   9.20691E-01 
    2.24811E-02   2.25332E-02   7.51389E-03   2.08224E-03   9.97918E-01
   1.23596E+03   6.73398E-02   8.48602E-02   8.10705E-01   3.34126E-02 
    3.68252E-03   0.00000E+00   1.20000E-02   1.50005E-02   9.20498E-01 
    2.25003E-02   2.25003E-02   7.50075E-03   0.00000E+00   1.00000E+00

 Phase Region for:
     FCC_A1#2                      
 col-1=T, col-2=W(FCC_A1#2,C), col-3=W(FCC_A1#2,CR), col-4=W(FCC_A1#2,FE),
   col-5=W(FCC_A1#2,MN), col-6=W(FCC_A1#2,NI), col-7=W(FCC_A1#2,SI),
   col-8=NP(FCC_A1#2),
   1.23596E+03   1.20000E-02   1.50005E-02   9.20498E-01   2.25003E-02 
    2.25003E-02   7.50075E-03   1.00000E+00
   1.24300E+03   1.20000E-02   1.50005E-02   9.20498E-01   2.25003E-02 
    2.25003E-02   7.50075E-03   1.00000E+00
   1.25300E+03   1.20000E-02   1.50005E-02   9.20498E-01   2.25003E-02 
    2.25003E-02   7.50075E-03   1.00000E+00
   1.26300E+03   1.20000E-02   1.50005E-02   9.20498E-01   2.25003E-02 
    2.25003E-02   7.50075E-03   1.00000E+00
   1.27300E+03   1.20000E-02   1.50005E-02   9.20498E-01   2.25002E-02 
    2.25003E-02   7.50075E-03   1.00000E+00
   1.28300E+03   1.20000E-02   1.50005E-02   9.20498E-01   2.25003E-02 
    2.25003E-02   7.50075E-03   1.00000E+00
   1.29300E+03   1.20000E-02   1.50005E-02   9.20498E-01   2.25002E-02 
    2.25003E-02   7.50075E-03   1.00000E+00
   1.30300E+03   1.20000E-02   1.50005E-02   9.20498E-01   2.25003E-02 
    2.25003E-02   7.50075E-03   1.00000E+00
   1.31300E+03   1.20000E-02   1.50005E-02   9.20498E-01   2.25003E-02 
    2.25003E-02   7.50075E-03   1.00000E+00
   1.32300E+03   1.20000E-02   1.50005E-02   9.20498E-01   2.25002E-02 
    2.25003E-02   7.50075E-03   1.00000E+00
   1.33300E+03   1.20000E-02   1.50005E-02   9.20498E-01   2.25003E-02 
    2.25003E-02   7.50075E-03   1.00000E+00
   1.34300E+03   1.20000E-02   1.50005E-02   9.20498E-01   2.25003E-02 
    2.25003E-02   7.50075E-03   1.00000E+00
   1.35300E+03   1.20000E-02   1.50005E-02   9.20498E-01   2.25003E-02 
    2.25003E-02   7.50075E-03   1.00000E+00
   1.36300E+03   1.20000E-02   1.50005E-02   9.20498E-01   2.25003E-02 
    2.25003E-02   7.50075E-03   1.00000E+00
   1.37300E+03   1.20000E-02   1.50005E-02   9.20498E-01   2.25003E-02 
    2.25003E-02   7.50075E-03   1.00000E+00
   1.38300E+03   1.20000E-02   1.50005E-02   9.20498E-01   2.25003E-02 
    2.25003E-02   7.50075E-03   1.00000E+00
   1.39300E+03   1.20000E-02   1.50005E-02   9.20498E-01   2.25003E-02 
    2.25003E-02   7.50075E-03   1.00000E+00
   1.40300E+03   1.20000E-02   1.50005E-02   9.20498E-01   2.25003E-02 
    2.25003E-02   7.50075E-03   1.00000E+00
   1.41300E+03   1.20000E-02   1.50005E-02   9.20498E-01   2.25003E-02 
    2.25003E-02   7.50075E-03   1.00000E+00
   1.42300E+03   1.20000E-02   1.50005E-02   9.20498E-01   2.25003E-02 
    2.25003E-02   7.50075E-03   1.00000E+00
   1.43300E+03   1.20000E-02   1.50005E-02   9.20498E-01   2.25003E-02 
    2.25003E-02   7.50075E-03   1.00000E+00
   1.44300E+03   1.20000E-02   1.50005E-02   9.20498E-01   2.25003E-02 
    2.25003E-02   7.50075E-03   1.00000E+00
   1.45300E+03   1.20000E-02   1.50005E-02   9.20498E-01   2.25003E-02 
    2.25003E-02   7.50075E-03   1.00000E+00
   1.46300E+03   1.20000E-02   1.50005E-02   9.20498E-01   2.25002E-02 
    2.25003E-02   7.50075E-03   1.00000E+00
   1.47300E+03   1.20000E-02   1.50005E-02   9.20498E-01   2.25002E-02 
    2.25003E-02   7.50075E-03   1.00000E+00

 Phase Region for:
     CEMENTITE                     
     FCC_A1#2                      
 col-1=T, col-2=W(CEMENTITE,C), col-3=W(CEMENTITE,CR), col-4=W(CEMENTITE,FE),
   col-5=W(CEMENTITE,MN), col-6=W(CEMENTITE,NI), col-7=W(CEMENTITE,SI),
   col-8=W(FCC_A1#2,C), col-9=W(FCC_A1#2,CR), col-10=W(FCC_A1#2,FE),
   col-11=W(FCC_A1#2,MN), col-12=W(FCC_A1#2,NI), col-13=W(FCC_A1#2,SI),
   col-14=NP(CEMENTITE), col-15=NP(FCC_A1#2),
   1.17300E+03   6.73474E-02   8.58719E-02   8.08986E-01   3.45430E-02 
    3.25155E-03   0.00000E+00   1.00291E-02   1.24768E-02   9.24469E-01 
    2.20714E-02   2.31857E-02   7.76785E-03   4.09566E-02   9.59043E-01
   1.16300E+03   6.73485E-02   8.60057E-02   8.08718E-01   3.47437E-02 
    3.18453E-03   0.00000E+00   9.73327E-03   1.20926E-02   9.25076E-01 
    2.19988E-02   2.32913E-02   7.80793E-03   4.68618E-02   9.53138E-01
   1.15300E+03   6.73496E-02   8.61315E-02   8.08450E-01   3.49506E-02 
    3.11793E-03   0.00000E+00   9.44212E-03   1.17133E-02   9.25676E-01 
    2.19249E-02   2.33960E-02   7.84738E-03   5.26151E-02   9.47385E-01
   1.14300E+03   6.73506E-02   8.62491E-02   8.08185E-01   3.51637E-02 
    3.05176E-03   0.00000E+00   9.15560E-03   1.13391E-02   9.26270E-01 
    2.18495E-02   2.34997E-02   7.88620E-03   5.82205E-02   9.41780E-01
   1.13300E+03   6.73516E-02   8.63584E-02   8.07921E-01   3.53832E-02 
    2.98602E-03   0.00000E+00   8.87369E-03   1.09701E-02   9.26857E-01 
    2.17726E-02   2.36024E-02   7.92440E-03   6.36819E-02   9.36318E-01
   1.12300E+03   6.73526E-02   8.64593E-02   8.07658E-01   3.56090E-02 
    2.92072E-03   0.00000E+00   8.59639E-03   1.06065E-02   9.27437E-01 
    2.16942E-02   2.37042E-02   7.96197E-03   6.90031E-02   9.30997E-01
   1.11300E+03   6.73535E-02   8.65516E-02   8.07397E-01   3.58415E-02 
    2.85588E-03   0.00000E+00   8.32368E-03   1.02484E-02   9.28010E-01 
    2.16142E-02   2.38049E-02   7.99892E-03   7.41876E-02   9.25812E-01
   1.10300E+03   6.73544E-02   8.66353E-02   8.07138E-01   3.60807E-02 
    2.79150E-03   0.00000E+00   8.05553E-03   9.89591E-03   9.28576E-01 
    2.15325E-02   2.39047E-02   8.03524E-03   7.92386E-02   9.20761E-01
   1.09300E+03   6.73552E-02   8.67102E-02   8.06880E-01   3.63266E-02 
    2.72758E-03   0.00000E+00   7.79194E-03   9.54918E-03   9.29135E-01 
    2.14492E-02   2.40034E-02   8.07095E-03   8.41596E-02   9.15840E-01
   1.08300E+03   6.73561E-02   8.67763E-02   8.06624E-01   3.65796E-02 
    2.66414E-03   0.00000E+00   7.53289E-03   9.20834E-03   9.29688E-01 
    2.13641E-02   2.41010E-02   8.10604E-03   8.89535E-02   9.11046E-01
   1.07300E+03   6.73568E-02   8.68336E-02   8.06369E-01   3.68396E-02 
    2.60119E-03   0.00000E+00   7.27836E-03   8.87352E-03   9.30233E-01 
    2.12772E-02   2.41975E-02   8.14052E-03   9.36234E-02   9.06377E-01
   1.06300E+03   6.73576E-02   8.68821E-02   8.06115E-01   3.71069E-02 
    2.53873E-03   0.00000E+00   7.02836E-03   8.54484E-03   9.30771E-01 
    2.11884E-02   2.42930E-02   8.17439E-03   9.81720E-02   9.01828E-01
   1.05300E+03   6.73583E-02   8.69217E-02   8.05862E-01   3.73816E-02 
    2.47678E-03   0.00000E+00   6.78286E-03   8.22241E-03   9.31302E-01 
    2.10978E-02   2.43873E-02   8.20764E-03   1.02602E-01   8.97398E-01
   1.04300E+03   6.73589E-02   8.69526E-02   8.05609E-01   3.76639E-02 
    2.41534E-03   0.00000E+00   6.54186E-03   7.90634E-03   9.31826E-01 
    2.10052E-02   2.44805E-02   8.24029E-03   1.06916E-01   8.93084E-01
   1.03300E+03   6.73596E-02   8.69747E-02   8.05357E-01   3.79539E-02 
    2.35441E-03   0.00000E+00   6.30534E-03   7.59675E-03   9.32342E-01 
    2.09106E-02   2.45726E-02   8.27233E-03   1.11117E-01   8.88883E-01
   1.02300E+03   6.73602E-02   8.69883E-02   8.05106E-01   3.82518E-02 
    2.29402E-03   0.00000E+00   6.07331E-03   7.29371E-03   9.32852E-01 
    2.08139E-02   2.46635E-02   8.30376E-03   1.15206E-01   8.84794E-01
   1.01300E+03   6.73607E-02   8.69932E-02   8.04854E-01   3.85577E-02 
    2.23417E-03   0.00000E+00   5.84575E-03   6.99733E-03   9.33354E-01 
    2.07152E-02   2.47532E-02   8.33458E-03   1.19187E-01   8.80813E-01
   1.00300E+03   6.73612E-02   8.69899E-02   8.04602E-01   3.88719E-02 
    2.17486E-03   0.00000E+00   5.62267E-03   6.70769E-03   9.33849E-01 
    2.06143E-02   2.48416E-02   8.36480E-03   1.23061E-01   8.76939E-01
   9.93000E+02   6.73617E-02   8.69783E-02   8.04349E-01   3.91945E-02 
    2.11611E-03   0.00000E+00   5.40404E-03   6.42485E-03   9.34337E-01 
    2.05113E-02   2.49289E-02   8.39441E-03   1.26831E-01   8.73169E-01
   9.83000E+02   6.73622E-02   8.69587E-02   8.04096E-01   3.95257E-02 
    2.05793E-03   0.00000E+00   5.18988E-03   6.14890E-03   9.34817E-01 
    2.04059E-02   2.50149E-02   8.42342E-03   1.30498E-01   8.69502E-01
   9.77294E+02   6.73624E-02   8.69440E-02   8.03950E-01   3.97186E-02 
    2.02499E-03   0.00000E+00   5.06969E-03   5.99455E-03   9.35088E-01 
    2.03448E-02   2.50634E-02   8.43970E-03   1.32545E-01   8.67455E-01

 Phase Region for:
     BCC_A2                        
     CEMENTITE                     
     FCC_A1#2                      
 col-1=T, col-2=W(BCC_A2,C), col-3=W(BCC_A2,CR), col-4=W(BCC_A2,FE),
   col-5=W(BCC_A2,MN), col-6=W(BCC_A2,NI), col-7=W(BCC_A2,SI),
   col-8=W(CEMENTITE,C), col-9=W(CEMENTITE,CR), col-10=W(CEMENTITE,FE),
   col-11=W(CEMENTITE,MN), col-12=W(CEMENTITE,NI), col-13=W(CEMENTITE,SI),
   col-14=W(FCC_A1#2,C), col-15=W(FCC_A1#2,CR), col-16=W(FCC_A1#2,FE),
   col-17=W(FCC_A1#2,MN), col-18=W(FCC_A1#2,NI), col-19=W(FCC_A1#2,SI),
   col-20=NP(BCC_A2), col-21=NP(CEMENTITE), col-22=NP(FCC_A1#2),
   9.77294E+02   9.77581E-05   3.41185E-03   9.70682E-01   5.24273E-03 
    9.63154E-03   1.09341E-02   6.73624E-02   8.69440E-02   8.03950E-01 
    3.97186E-02   2.02499E-03   0.00000E+00   5.06969E-03   5.99454E-03 
    9.35088E-01   2.03449E-02   2.50634E-02   8.43969E-03   2.57385E-06 
    1.32545E-01   8.67453E-01
   9.73000E+02   9.32447E-05   3.24776E-03   9.70367E-01   5.42915E-03 
    1.02639E-02   1.05986E-02   6.73543E-02   8.47918E-02   8.03241E-01 
    4.24360E-02   2.17721E-03   0.00000E+00   4.98977E-03   5.70753E-03 
    9.31912E-01   2.17575E-02   2.73893E-02   8.24372E-03   1.03375E-01 
    1.43963E-01   7.52662E-01
   9.63000E+02   8.29636E-05   2.94532E-03   9.69323E-01   5.82709E-03 
    1.17817E-02   1.00403E-02   6.73419E-02   8.11345E-02   8.00289E-01 
    4.86932E-02   2.54130E-03   0.00000E+00   4.77550E-03   5.15866E-03 
    9.23508E-01   2.51810E-02   3.34082E-02   7.96886E-03   2.94595E-01 
    1.64925E-01   5.40481E-01
   9.53000E+02   7.33090E-05   2.71851E-03   9.68050E-01   6.15359E-03 
    1.33098E-02   9.69513E-03   6.73360E-02   7.88503E-02   7.96215E-01 
    5.46915E-02   2.90759E-03   0.00000E+00   4.53505E-03   4.72529E-03 
    9.13946E-01   2.87235E-02   4.02068E-02   7.86381E-03   4.31233E-01 
    1.79566E-01   3.89201E-01
   9.43000E+02   6.44749E-05   2.53778E-03   9.66716E-01   6.39830E-03 
    1.48024E-02   9.48059E-03   6.73342E-02   7.74605E-02   7.91609E-01 
    6.03301E-02   3.26653E-03   0.00000E+00   4.28006E-03   4.36356E-03 
    9.03412E-01   3.23453E-02   4.77411E-02   7.85803E-03   5.28990E-01 
    1.89690E-01   2.81321E-01
   9.33000E+02   5.65160E-05   2.38564E-03   9.65420E-01   6.56150E-03 
    1.62302E-02   9.34650E-03   6.73349E-02   7.66545E-02   7.86823E-01 
    6.55758E-02   3.61209E-03   0.00000E+00   4.01793E-03   4.04703E-03 
    8.91985E-01   3.60409E-02   5.60011E-02   7.90815E-03   5.99446E-01 
    1.96681E-01   2.03873E-01
   9.23000E+02   4.94138E-05   2.25174E-03   9.64213E-01   6.64860E-03 
    1.75743E-02   9.26258E-03   6.73372E-02   7.62355E-02   7.82059E-01 
    7.04277E-02   3.94027E-03   0.00000E+00   3.75335E-03   3.76005E-03 
    8.79673E-01   3.98250E-02   6.50013E-02   7.98713E-03   6.50651E-01 
    2.01515E-01   1.47834E-01
   9.13000E+02   4.31148E-05   2.12991E-03   9.63127E-01   6.66716E-03 
    1.88223E-02   9.21024E-03   6.73403E-02   7.60775E-02   7.77434E-01 
    7.48994E-02   4.24830E-03   0.00000E+00   3.48945E-03   3.49339E-03 
    8.66442E-01   4.37243E-02   7.47729E-02   8.07743E-03   6.88120E-01 
    2.04863E-01   1.07017E-01
   9.03000E+02   3.75514E-05   2.01636E-03   9.62177E-01   6.62537E-03 
    1.99658E-02   9.17789E-03   6.73441E-02   7.60982E-02   7.73014E-01 
    7.90098E-02   4.53417E-03   0.00000E+00   3.22847E-03   3.24167E-03 
    8.52231E-01   4.77726E-02   8.53588E-02   8.16706E-03   7.15660E-01 
    2.07179E-01   7.71610E-02
   8.93000E+02   3.26523E-05   1.90877E-03   9.61370E-01   6.53138E-03 
    2.09992E-02   9.15814E-03   6.73481E-02   7.62423E-02   7.68834E-01 
    8.27792E-02   4.79635E-03   0.00000E+00   2.97223E-03   3.00181E-03 
    8.36963E-01   5.20079E-02   9.68072E-02   8.24738E-03   7.35929E-01 
    2.08778E-01   5.52927E-02
   8.83000E+02   2.83480E-05   1.80569E-03   9.60708E-01   6.39294E-03 
    2.19190E-02   9.14625E-03   6.73523E-02   7.64715E-02   7.64915E-01 
    8.62275E-02   5.03369E-03   0.00000E+00   2.72234E-03   2.77225E-03 
    8.20559E-01   5.64696E-02   1.09165E-01   8.31180E-03   7.50819E-01 
    2.09876E-01   3.93044E-02
   8.73000E+02   2.45732E-05   1.70624E-03   9.60189E-01   6.21728E-03 
    2.27235E-02   9.13917E-03   6.73565E-02   7.67590E-02   7.61266E-01 
    8.93736E-02   5.24538E-03   0.00000E+00   2.48046E-03   2.55240E-03 
    8.02950E-01   6.11941E-02   1.22468E-01   8.35512E-03   7.61697E-01 
    2.10625E-01   2.76774E-02
   8.63000E+02   2.12679E-05   1.60989E-03   9.59810E-01   6.01109E-03 
    2.34126E-02   9.13495E-03   6.73607E-02   7.70853E-02   7.57888E-01 
    9.22354E-02   5.43094E-03   0.00000E+00   2.24838E-03   2.34235E-03 
    7.84104E-01   6.62091E-02   1.36723E-01   8.37326E-03   7.69569E-01 
    2.11131E-01   1.92997E-02
   8.53000E+02   1.83775E-05   1.51635E-03   9.59564E-01   5.78051E-03 
    2.39880E-02   9.13240E-03   6.73648E-02   7.74362E-02   7.54778E-01 
    9.48303E-02   5.59028E-03   0.00000E+00   2.02809E-03   2.14269E-03 
    7.64048E-01   7.15246E-02   1.51893E-01   8.36344E-03   7.75185E-01 
    2.11470E-01   1.33448E-02
   8.43000E+02   1.58532E-05   1.42549E-03   9.59444E-01   5.53116E-03 
    2.44530E-02   9.13078E-03   6.73687E-02   7.78011E-02   7.51931E-01 
    9.71752E-02   5.72371E-03   0.00000E+00   1.82169E-03   1.95429E-03 
    7.42904E-01   7.71239E-02   1.67872E-01   8.32450E-03   7.79114E-01 
    2.11695E-01   9.19108E-03
   8.33000E+02   1.36512E-05   1.33727E-03   9.59438E-01   5.26816E-03 
    2.48128E-02   9.12970E-03   6.73726E-02   7.81721E-02   7.49337E-01 
    9.92867E-02   5.83201E-03   0.00000E+00   1.63117E-03   1.77814E-03 
    7.20901E-01   8.29553E-02   1.84477E-01   8.25742E-03   7.81790E-01 
    2.11843E-01   6.36747E-03
   8.23000E+02   1.17325E-05   1.25174E-03   9.59537E-01   4.99612E-03 
    2.50743E-02   9.12898E-03   6.73762E-02   7.85432E-02   7.46983E-01 
    1.01182E-01   5.91639E-03   0.00000E+00   1.45810E-03   1.61505E-03 
    6.98379E-01   8.89317E-02   2.01450E-01   8.16556E-03   7.83543E-01 
    2.11940E-01   4.51669E-03
   8.13000E+02   1.00628E-05   1.16898E-03   9.59728E-01   4.71912E-03 
    2.52457E-02   9.12855E-03   6.73797E-02   7.89099E-02   7.44856E-01 
    1.02876E-01   5.97844E-03   0.00000E+00   1.30327E-03   1.46549E-03 
    6.75739E-01   9.49418E-02   2.18496E-01   8.05435E-03   7.84625E-01 
    2.12005E-01   3.37007E-03
   8.03000E+02   8.61157E-06   1.08908E-03   9.59997E-01   4.44071E-03 
    2.53361E-02   9.12842E-03   6.73830E-02   7.92691E-02   7.42942E-01 
    1.04386E-01   6.01999E-03   0.00000E+00   1.16653E-03   1.32937E-03 
    6.53379E-01   1.00869E-01   2.35326E-01   7.93045E-03   7.85223E-01 
    2.12048E-01   2.72878E-03
   7.93000E+02   7.35204E-06   1.01215E-03   9.60333E-01   4.16390E-03 
    2.53546E-02   9.12859E-03   6.73862E-02   7.96182E-02   7.41227E-01 
    1.05726E-01   6.04295E-03   0.00000E+00   1.04684E-03   1.20611E-03 
    6.31632E-01   1.06610E-01   2.51704E-01   7.80057E-03   7.85474E-01 
    2.12077E-01   2.44861E-03
   7.83000E+02   6.26060E-06   9.38278E-04   9.60725E-01   3.89117E-03 
    2.53098E-02   9.12907E-03   6.73891E-02   7.99557E-02   7.39697E-01 
    1.06909E-01   6.04919E-03   0.00000E+00   9.42570E-04   1.09477E-03 
    6.10731E-01   1.12091E-01   2.67470E-01   7.67054E-03   7.85475E-01 
    2.12098E-01   2.42684E-03
   7.73000E+02   5.31651E-06   8.67552E-04   9.61163E-01   3.62454E-03 
    2.52097E-02   9.12986E-03   6.73919E-02   8.02804E-02   7.38340E-01 
    1.07947E-01   6.04040E-03   0.00000E+00   8.51799E-04   9.94216E-04 
    5.90805E-01   1.17266E-01   2.82538E-01   7.54486E-03   7.85295E-01 
    2.12113E-01   2.59127E-03
   7.63000E+02   4.50147E-06   8.00033E-04   9.61638E-01   3.36560E-03 
    2.50610E-02   9.13094E-03   6.73945E-02   8.05913E-02   7.37145E-01 
    1.08851E-01   6.01810E-03   0.00000E+00   7.72616E-04   9.03283E-04 
    5.71900E-01   1.22115E-01   2.96882E-01   7.42668E-03   7.84984E-01 
    2.12125E-01   2.89137E-03
   7.53000E+02   3.79939E-06   7.35765E-04   9.62143E-01   3.11558E-03 
    2.48695E-02   9.13230E-03   6.73970E-02   8.08879E-02   7.36103E-01 
    1.09628E-01   5.98354E-03   0.00000E+00   7.03261E-04   8.20876E-04 
    5.54006E-01   1.26635E-01   3.10516E-01   7.31800E-03   7.84575E-01 
    2.12133E-01   3.29173E-03
   7.43000E+02   3.19607E-06   6.74773E-04   9.62673E-01   2.87544E-03 
    2.46400E-02   9.13389E-03   6.73992E-02   8.11698E-02   7.35205E-01 
    1.10288E-01   5.93781E-03   0.00000E+00   6.42200E-04   7.46016E-04 
    5.37078E-01   1.30837E-01   3.23477E-01   7.21996E-03   7.84092E-01 
    2.12140E-01   3.76734E-03
   7.33000E+02   2.67897E-06   6.17066E-04   9.63222E-01   2.64584E-03 
    2.43765E-02   9.13569E-03   6.74014E-02   8.14368E-02   7.34444E-01 
    1.10836E-01   5.88179E-03   0.00000E+00   5.88136E-04   6.77852E-04 
    5.21052E-01   1.34737E-01   3.35812E-01   7.13312E-03   7.83554E-01 
    2.12146E-01   4.30038E-03
   7.23000E+02   2.23704E-06   5.62632E-04   9.63788E-01   2.42729E-03 
    2.40823E-02   9.13766E-03   6.74033E-02   8.16890E-02   7.33812E-01 
    1.11279E-01   5.81622E-03   0.00000E+00   5.39993E-04   6.15655E-04 
    5.05857E-01   1.38355E-01   3.47574E-01   7.05765E-03   7.82972E-01 
    2.12150E-01   4.87799E-03
   7.13000E+02   1.86051E-06   5.11446E-04   9.64367E-01   2.22008E-03 
    2.37600E-02   9.13976E-03   6.74051E-02   8.19261E-02   7.33304E-01 
    1.11623E-01   5.74172E-03   0.00000E+00   4.96883E-04   5.58804E-04 
    4.91424E-01   1.41712E-01   3.58814E-01   6.99347E-03   7.82356E-01 
    2.12154E-01   5.49079E-03
   7.03000E+02   1.54076E-06   4.63464E-04   9.64957E-01   2.02439E-03 
    2.34118E-02   9.14196E-03   6.74068E-02   8.21486E-02   7.32914E-01 
    1.11872E-01   5.65879E-03   0.00000E+00   4.58074E-04   5.06771E-04 
    4.77686E-01   1.44828E-01   3.69580E-01   6.94039E-03   7.81711E-01 
    2.12157E-01   6.13181E-03
   6.93000E+02   1.27020E-06   4.18630E-04   9.65556E-01   1.84025E-03 
    2.30396E-02   9.14422E-03   6.74083E-02   8.23564E-02   7.32636E-01 
    1.12031E-01   5.56787E-03   0.00000E+00   4.22967E-04   4.59101E-04 
    4.64579E-01   1.47724E-01   3.79917E-01   6.89811E-03   7.81045E-01 
    2.12159E-01   6.79587E-03
   6.83000E+02   1.04213E-06   3.76876E-04   9.66163E-01   1.66761E-03 
    2.26449E-02   9.14652E-03   6.74096E-02   8.25499E-02   7.32466E-01 
    1.12105E-01   5.46933E-03   0.00000E+00   3.91064E-04   4.15404E-04 
    4.52047E-01   1.50417E-01   3.89863E-01   6.86632E-03   7.80359E-01 
    2.12162E-01   7.47899E-03
   6.73000E+02   8.50682E-07   3.38121E-04   9.66777E-01   1.50633E-03 
    2.22288E-02   9.14883E-03   6.74108E-02   8.27296E-02   7.32399E-01 
    1.12097E-01   5.36351E-03   0.00000E+00   3.61936E-04   3.75323E-04 
    4.40039E-01   1.52922E-01   3.99457E-01   6.84487E-03   7.79658E-01 
    2.12164E-01   8.17812E-03
