
 Phase Region for:
     CEMENTITE                     
     FCC_A1#1                      
 col-1=T, col-2=X(CEMENTITE,C), col-3=X(CEMENTITE,CR), col-4=X(CEMENTITE,FE),
   col-5=X(CEMENTITE,MN), col-6=X(CEMENTITE,NI), col-7=X(CEMENTITE,SI),
   col-8=X(FCC_A1#1,C), col-9=X(FCC_A1#1,CR), col-10=X(FCC_A1#1,FE),
   col-11=X(FCC_A1#1,MN), col-12=X(FCC_A1#1,NI), col-13=X(FCC_A1#1,SI),
   col-14=NP(CEMENTITE), col-15=NP(FCC_A1#1),
   1.17300E+03   2.50000E-01   1.36194E-01   5.86260E-01   2.48190E-02 
    2.72631E-03   0.00000E+00   3.89124E-02   2.30576E-02   8.72454E-01 
    2.15138E-02   2.88742E-02   1.51878E-02   6.68339E-02   9.33166E-01
   1.18300E+03   2.50000E-01   1.35899E-01   5.86630E-01   2.46832E-02 
    2.78778E-03   0.00000E+00   4.01560E-02   2.37434E-02   8.70744E-01 
    2.15422E-02   2.87162E-02   1.50983E-02   6.13035E-02   9.38696E-01
   1.19300E+03   2.50000E-01   1.35602E-01   5.86997E-01   2.45518E-02 
    2.84974E-03   0.00000E+00   4.14207E-02   2.44369E-02   8.69010E-01 
    2.15688E-02   2.85563E-02   1.50073E-02   5.56119E-02   9.44388E-01
   1.20300E+03   2.50000E-01   1.35303E-01   5.87360E-01   2.44249E-02 
    2.91219E-03   0.00000E+00   4.27064E-02   2.51378E-02   8.67253E-01 
    2.15939E-02   2.83945E-02   1.49148E-02   4.97544E-02   9.50246E-01
   1.21300E+03   2.50000E-01   1.35003E-01   5.87720E-01   2.43022E-02 
    2.97512E-03   0.00000E+00   4.40132E-02   2.58460E-02   8.65472E-01 
    2.16173E-02   2.82310E-02   1.48208E-02   4.37262E-02   9.56274E-01
   1.22300E+03   2.50000E-01   1.34702E-01   5.88076E-01   2.41837E-02 
    3.03852E-03   0.00000E+00   4.53409E-02   2.65613E-02   8.63668E-01 
    2.16392E-02   2.80657E-02   1.47253E-02   3.75222E-02   9.62478E-01
   1.23300E+03   2.50000E-01   1.34401E-01   5.88427E-01   2.40693E-02 
    3.10238E-03   0.00000E+00   4.66897E-02   2.72836E-02   8.61840E-01 
    2.16597E-02   2.78988E-02   1.46282E-02   3.11372E-02   9.68863E-01
   1.24300E+03   2.50000E-01   1.34101E-01   5.88774E-01   2.39590E-02 
    3.16668E-03   0.00000E+00   4.80594E-02   2.80129E-02   8.59989E-01 
    2.16787E-02   2.77301E-02   1.45297E-02   2.45657E-02   9.75434E-01
   1.25300E+03   2.50000E-01   1.33801E-01   5.89115E-01   2.38526E-02 
    3.23143E-03   0.00000E+00   4.94500E-02   2.87488E-02   8.58115E-01 
    2.16963E-02   2.75598E-02   1.44296E-02   1.78019E-02   9.82198E-01
   1.26300E+03   2.50000E-01   1.33503E-01   5.89450E-01   2.37501E-02 
    3.29661E-03   0.00000E+00   5.08616E-02   2.94915E-02   8.56218E-01 
    2.17126E-02   2.73878E-02   1.43281E-02   1.08397E-02   9.89160E-01
   1.27300E+03   2.50000E-01   1.33207E-01   5.89779E-01   2.36514E-02 
    3.36220E-03   0.00000E+00   5.22941E-02   3.02408E-02   8.54298E-01 
    2.17276E-02   2.72143E-02   1.42250E-02   3.67269E-03   9.96327E-01
   1.27801E+03   2.50000E-01   1.33060E-01   5.89942E-01   2.36033E-02 
    3.39524E-03   0.00000E+00   5.30202E-02   3.06190E-02   8.53327E-01 
    2.17347E-02   2.71267E-02   1.41727E-02   0.00000E+00   1.00000E+00

 Phase Region for:
     FCC_A1#1                      
 col-1=T, col-2=X(FCC_A1#1,C), col-3=X(FCC_A1#1,CR), col-4=X(FCC_A1#1,FE),
   col-5=X(FCC_A1#1,MN), col-6=X(FCC_A1#1,NI), col-7=X(FCC_A1#1,SI),
   col-8=NP(FCC_A1#1),
   1.27801E+03   5.30202E-02   3.06190E-02   8.53327E-01   2.17347E-02 
    2.71267E-02   1.41727E-02   1.00000E+00
   1.28300E+03   5.30202E-02   3.06190E-02   8.53327E-01   2.17347E-02 
    2.71267E-02   1.41727E-02   1.00000E+00
   1.29300E+03   5.30202E-02   3.06190E-02   8.53327E-01   2.17347E-02 
    2.71267E-02   1.41727E-02   1.00000E+00
   1.30300E+03   5.30202E-02   3.06190E-02   8.53327E-01   2.17347E-02 
    2.71267E-02   1.41727E-02   1.00000E+00
   1.31300E+03   5.30202E-02   3.06190E-02   8.53327E-01   2.17347E-02 
    2.71267E-02   1.41727E-02   1.00000E+00
   1.32300E+03   5.30202E-02   3.06190E-02   8.53327E-01   2.17347E-02 
    2.71267E-02   1.41727E-02   1.00000E+00
   1.33300E+03   5.30202E-02   3.06190E-02   8.53327E-01   2.17347E-02 
    2.71267E-02   1.41727E-02   1.00000E+00
   1.34300E+03   5.30202E-02   3.06190E-02   8.53327E-01   2.17347E-02 
    2.71267E-02   1.41727E-02   1.00000E+00
   1.35300E+03   5.30202E-02   3.06190E-02   8.53327E-01   2.17347E-02 
    2.71267E-02   1.41727E-02   1.00000E+00
   1.36300E+03   5.30202E-02   3.06190E-02   8.53327E-01   2.17347E-02 
    2.71267E-02   1.41727E-02   1.00000E+00
   1.37300E+03   5.30202E-02   3.06190E-02   8.53327E-01   2.17347E-02 
    2.71267E-02   1.41727E-02   1.00000E+00
   1.38300E+03   5.30202E-02   3.06190E-02   8.53327E-01   2.17347E-02 
    2.71267E-02   1.41727E-02   1.00000E+00
   1.39300E+03   5.30202E-02   3.06190E-02   8.53327E-01   2.17347E-02 
    2.71267E-02   1.41727E-02   1.00000E+00
   1.40300E+03   5.30202E-02   3.06190E-02   8.53327E-01   2.17347E-02 
    2.71267E-02   1.41727E-02   1.00000E+00
   1.41300E+03   5.30202E-02   3.06190E-02   8.53327E-01   2.17347E-02 
    2.71267E-02   1.41727E-02   1.00000E+00
   1.42300E+03   5.30202E-02   3.06190E-02   8.53327E-01   2.17347E-02 
    2.71267E-02   1.41727E-02   1.00000E+00
   1.43300E+03   5.30202E-02   3.06190E-02   8.53327E-01   2.17347E-02 
    2.71267E-02   1.41727E-02   1.00000E+00
   1.44300E+03   5.30202E-02   3.06190E-02   8.53327E-01   2.17347E-02 
    2.71267E-02   1.41727E-02   1.00000E+00
   1.45300E+03   5.30202E-02   3.06190E-02   8.53327E-01   2.17347E-02 
    2.71267E-02   1.41727E-02   1.00000E+00
   1.46300E+03   5.30202E-02   3.06190E-02   8.53327E-01   2.17347E-02 
    2.71267E-02   1.41727E-02   1.00000E+00
   1.47300E+03   5.30202E-02   3.06190E-02   8.53327E-01   2.17347E-02 
    2.71267E-02   1.41727E-02   1.00000E+00

 Phase Region for:
     CEMENTITE                     
     FCC_A1#1                      
 col-1=T, col-2=X(CEMENTITE,C), col-3=X(CEMENTITE,CR), col-4=X(CEMENTITE,FE),
   col-5=X(CEMENTITE,MN), col-6=X(CEMENTITE,NI), col-7=X(CEMENTITE,SI),
   col-8=X(FCC_A1#1,C), col-9=X(FCC_A1#1,CR), col-10=X(FCC_A1#1,FE),
   col-11=X(FCC_A1#1,MN), col-12=X(FCC_A1#1,NI), col-13=X(FCC_A1#1,SI),
   col-14=NP(CEMENTITE), col-15=NP(FCC_A1#1),
   1.17300E+03   2.50000E-01   1.36194E-01   5.86260E-01   2.48190E-02 
    2.72631E-03   0.00000E+00   3.89124E-02   2.30576E-02   8.72454E-01 
    2.15138E-02   2.88742E-02   1.51878E-02   6.68339E-02   9.33166E-01
   1.16300E+03   2.50000E-01   1.36487E-01   5.85889E-01   2.49593E-02 
    2.66536E-03   0.00000E+00   3.76899E-02   2.23796E-02   8.74141E-01 
    2.14837E-02   2.90304E-02   1.52758E-02   7.22073E-02   9.27793E-01
   1.15300E+03   2.50000E-01   1.36776E-01   5.85514E-01   2.51043E-02 
    2.60492E-03   0.00000E+00   3.64884E-02   2.17096E-02   8.75803E-01 
    2.14519E-02   2.91847E-02   1.53622E-02   7.74281E-02   9.22572E-01
   1.14300E+03   2.50000E-01   1.37062E-01   5.85138E-01   2.52541E-02 
    2.54501E-03   0.00000E+00   3.53080E-02   2.10477E-02   8.77442E-01 
    2.14182E-02   2.93370E-02   1.54471E-02   8.25004E-02   9.17500E-01
   1.13300E+03   2.50000E-01   1.37345E-01   5.84761E-01   2.54088E-02 
    2.48563E-03   0.00000E+00   3.41488E-02   2.03942E-02   8.79056E-01 
    2.13827E-02   2.94874E-02   1.55306E-02   8.74279E-02   9.12572E-01
   1.12300E+03   2.50000E-01   1.37623E-01   5.84382E-01   2.55684E-02 
    2.42679E-03   0.00000E+00   3.30106E-02   1.97493E-02   8.80647E-01 
    2.13453E-02   2.96357E-02   1.56124E-02   9.22146E-02   9.07785E-01
   1.11300E+03   2.50000E-01   1.37896E-01   5.84002E-01   2.57332E-02 
    2.36851E-03   0.00000E+00   3.18936E-02   1.91132E-02   8.82213E-01 
    2.13059E-02   2.97821E-02   1.56928E-02   9.68639E-02   9.03136E-01
   1.10300E+03   2.50000E-01   1.38164E-01   5.83622E-01   2.59032E-02 
    2.31078E-03   0.00000E+00   3.07976E-02   1.84860E-02   8.83754E-01 
    2.12644E-02   2.99263E-02   1.57717E-02   1.01379E-01   8.98621E-01
   1.09300E+03   2.50000E-01   1.38428E-01   5.83240E-01   2.60786E-02 
    2.25362E-03   0.00000E+00   2.97227E-02   1.78681E-02   8.85271E-01 
    2.12209E-02   3.00685E-02   1.58490E-02   1.05764E-01   8.94236E-01
   1.08300E+03   2.50000E-01   1.38685E-01   5.82859E-01   2.62594E-02 
    2.19703E-03   0.00000E+00   2.86689E-02   1.72595E-02   8.86763E-01 
    2.11753E-02   3.02086E-02   1.59248E-02   1.10022E-01   8.89978E-01
   1.07300E+03   2.50000E-01   1.38936E-01   5.82477E-01   2.64459E-02 
    2.14102E-03   0.00000E+00   2.76361E-02   1.66605E-02   8.88230E-01 
    2.11276E-02   3.03465E-02   1.59991E-02   1.14156E-01   8.85844E-01
   1.06300E+03   2.50000E-01   1.39182E-01   5.82095E-01   2.66381E-02 
    2.08560E-03   0.00000E+00   2.66243E-02   1.60712E-02   8.89673E-01 
    2.10776E-02   3.04823E-02   1.60719E-02   1.18168E-01   8.81832E-01
   1.05300E+03   2.50000E-01   1.39420E-01   5.81713E-01   2.68363E-02 
    2.03077E-03   0.00000E+00   2.56335E-02   1.54920E-02   8.91090E-01 
    2.10254E-02   3.06158E-02   1.61432E-02   1.22062E-01   8.77938E-01
   1.04300E+03   2.50000E-01   1.39652E-01   5.81331E-01   2.70405E-02 
    1.97655E-03   0.00000E+00   2.46636E-02   1.49229E-02   8.92482E-01 
    2.09709E-02   3.07472E-02   1.62130E-02   1.25841E-01   8.74159E-01
   1.03300E+03   2.50000E-01   1.39877E-01   5.80949E-01   2.72510E-02 
    1.92293E-03   0.00000E+00   2.37146E-02   1.43641E-02   8.93850E-01 
    2.09140E-02   3.08763E-02   1.62813E-02   1.29507E-01   8.70493E-01
   1.02300E+03   2.50000E-01   1.40095E-01   5.80567E-01   2.74679E-02 
    1.86993E-03   0.00000E+00   2.27865E-02   1.38159E-02   8.95192E-01 
    2.08547E-02   3.10032E-02   1.63481E-02   1.33063E-01   8.66937E-01
   1.01300E+03   2.50000E-01   1.40305E-01   5.80186E-01   2.76913E-02 
    1.81756E-03   0.00000E+00   2.18791E-02   1.32784E-02   8.96508E-01 
    2.07930E-02   3.11279E-02   1.64134E-02   1.36511E-01   8.63489E-01
   1.00300E+03   2.50000E-01   1.40508E-01   5.79805E-01   2.79214E-02 
    1.76580E-03   0.00000E+00   2.09924E-02   1.27517E-02   8.97800E-01 
    2.07288E-02   3.12502E-02   1.64772E-02   1.39855E-01   8.60145E-01
   9.93000E+02   2.50000E-01   1.40703E-01   5.79424E-01   2.81584E-02 
    1.71469E-03   0.00000E+00   2.01265E-02   1.22360E-02   8.99066E-01 
    2.06620E-02   3.13702E-02   1.65395E-02   1.43095E-01   8.56905E-01
   9.83000E+02   2.50000E-01   1.40890E-01   5.79043E-01   2.84026E-02 
    1.66421E-03   0.00000E+00   1.92811E-02   1.17315E-02   9.00307E-01 
    2.05926E-02   3.14879E-02   1.66003E-02   1.46235E-01   8.53765E-01
   9.73643E+02   2.50000E-01   1.41058E-01   5.78687E-01   2.86376E-02 
    1.61756E-03   0.00000E+00   1.85086E-02   1.12696E-02   9.01445E-01 
    2.05253E-02   3.15960E-02   1.66559E-02   1.49084E-01   8.50916E-01

 Phase Region for:
     BCC_A2                        
     CEMENTITE                     
     FCC_A1#1                      
 col-1=T, col-2=X(BCC_A2,C), col-3=X(BCC_A2,CR), col-4=X(BCC_A2,FE),
   col-5=X(BCC_A2,MN), col-6=X(BCC_A2,NI), col-7=X(BCC_A2,SI),
   col-8=X(CEMENTITE,C), col-9=X(CEMENTITE,CR), col-10=X(CEMENTITE,FE),
   col-11=X(CEMENTITE,MN), col-12=X(CEMENTITE,NI), col-13=X(CEMENTITE,SI),
   col-14=X(FCC_A1#1,C), col-15=X(FCC_A1#1,CR), col-16=X(FCC_A1#1,FE),
   col-17=X(FCC_A1#1,MN), col-18=X(FCC_A1#1,NI), col-19=X(FCC_A1#1,SI),
   col-20=NP(BCC_A2), col-21=NP(CEMENTITE), col-22=NP(FCC_A1#1),
   9.73642E+02   3.53917E-04   7.00822E-03   9.54733E-01   5.19807E-03 
    1.18596E-02   2.08473E-02   2.50000E-01   1.41058E-01   5.78687E-01 
    2.86377E-02   1.61757E-03   0.00000E+00   1.85086E-02   1.12696E-02 
    9.01445E-01   2.05253E-02   3.15960E-02   1.66559E-02   2.10877E-06 
    1.49084E-01   8.50914E-01
   9.73000E+02   3.51448E-04   6.96684E-03   9.54741E-01   5.21905E-03 
    1.19489E-02   2.07723E-02   2.50000E-01   1.40753E-01   5.78725E-01 
    2.88905E-02   1.63184E-03   0.00000E+00   1.84620E-02   1.12040E-02 
    9.01054E-01   2.07137E-02   3.19526E-02   1.66141E-02   1.34262E-02 
    1.50305E-01   8.36269E-01
   9.63000E+02   3.13708E-04   6.39901E-03   9.54589E-01   5.52321E-03 
    1.33439E-02   1.98315E-02   2.50000E-01   1.36850E-01   5.78487E-01 
    3.28085E-02   1.85436E-03   0.00000E+00   1.76623E-02   1.02807E-02 
    8.94289E-01   2.37478E-02   3.78673E-02   1.61531E-02   1.93297E-01 
    1.66617E-01   6.40086E-01
   9.53000E+02   2.78015E-04   5.94145E-03   9.54075E-01   5.77531E-03 
    1.47182E-02   1.92120E-02   2.50000E-01   1.34251E-01   5.77043E-01 
    3.66324E-02   2.07303E-03   0.00000E+00   1.67584E-02   9.50141E-03 
    8.86400E-01   2.69452E-02   4.44396E-02   1.59550E-02   3.27871E-01 
    1.78636E-01   4.93494E-01
   9.43000E+02   2.45051E-04   5.55778E-03   9.53387E-01   5.96792E-03 
    1.60404E-02   1.88019E-02   2.50000E-01   1.32592E-01   5.74818E-01 
    4.03068E-02   2.28319E-03   0.00000E+00   1.57917E-02   8.82075E-03 
    8.77529E-01   3.02851E-02   5.16518E-02   1.59216E-02   4.28861E-01 
    1.87422E-01   3.83717E-01
   9.33000E+02   2.15094E-04   5.22399E-03   9.52642E-01   6.09971E-03 
    1.72901E-02   1.85294E-02   2.50000E-01   1.31602E-01   5.72113E-01 
    4.38032E-02   2.48198E-03   0.00000E+00   1.47918E-02   8.20811E-03 
    8.67738E-01   3.37651E-02   5.95093E-02   1.59879E-02   5.05186E-01 
    1.93838E-01   3.00976E-01
   9.23000E+02   1.88171E-04   4.92453E-03   9.51912E-01   6.17278E-03 
    1.84544E-02   1.83483E-02   2.50000E-01   1.31086E-01   5.69138E-01 
    4.71085E-02   2.66763E-03   0.00000E+00   1.37796E-02   7.64354E-03 
    8.57035E-01   3.73955E-02   6.80354E-02   1.61107E-02   5.63344E-01 
    1.98532E-01   2.38124E-01
   9.13000E+02   1.64162E-04   4.64934E-03   9.51242E-01   6.19104E-03 
    1.95253E-02   1.82285E-02   2.50000E-01   1.30908E-01   5.66035E-01 
    5.02177E-02   2.83904E-03   0.00000E+00   1.27698E-02   7.11430E-03 
    8.45394E-01   4.11955E-02   7.72662E-02   1.62599E-02   6.08010E-01 
    2.01976E-01   1.90014E-01
   9.03000E+02   1.42876E-04   4.39187E-03   9.50658E-01   6.15929E-03 
    2.04976E-02   1.81503E-02   2.50000E-01   1.30974E-01   5.62900E-01 
    5.31300E-02   2.99552E-03   0.00000E+00   1.17734E-02   6.61248E-03 
    8.32764E-01   4.51905E-02   8.72461E-02   1.64138E-02   6.42550E-01 
    2.04511E-01   1.52939E-01
   8.93000E+02   1.24085E-04   4.14784E-03   9.50177E-01   6.08273E-03 
    2.13684E-02   1.81001E-02   2.50000E-01   1.31215E-01   5.59802E-01 
    5.58468E-02   3.13663E-03   0.00000E+00   1.07992E-02   6.13333E-03 
    8.19079E-01   4.94097E-02   9.80228E-02   1.65558E-02   6.69410E-01 
    2.06383E-01   1.24207E-01
   8.83000E+02   1.07556E-04   3.91447E-03   9.49806E-01   5.96665E-03 
    2.21362E-02   1.80691E-02   2.50000E-01   1.31581E-01   5.56786E-01 
    5.83707E-02   3.26214E-03   0.00000E+00   9.85463E-03   5.67435E-03 
    8.04274E-01   5.38836E-02   1.09641E-01   1.66733E-02   6.90385E-01 
    2.07769E-01   1.01845E-01
   8.73000E+02   9.30552E-05   3.68998E-03   9.49549E-01   5.81632E-03 
    2.28010E-02   1.80511E-02   2.50000E-01   1.32037E-01   5.53886E-01 
    6.07051E-02   3.37195E-03   0.00000E+00   8.94661E-03   5.23455E-03 
    7.88293E-01   5.86396E-02   1.22131E-01   1.67558E-02   7.06812E-01 
    2.08798E-01   8.43898E-02
   8.63000E+02   8.03655E-05   3.47324E-03   9.49404E-01   5.63685E-03 
    2.33638E-02   1.80418E-02   2.50000E-01   1.32556E-01   5.51124E-01 
    6.28540E-02   3.46614E-03   0.00000E+00   8.08206E-03   4.81413E-03 
    7.71113E-01   6.36967E-02   1.35499E-01   1.67955E-02   7.19695E-01 
    2.09562E-01   7.07424E-02
   8.53000E+02   6.92830E-05   3.26359E-03   9.49369E-01   5.43321E-03 
    2.38270E-02   1.80384E-02   2.50000E-01   1.33116E-01   5.48516E-01 
    6.48224E-02   3.54494E-03   0.00000E+00   7.26794E-03   4.41410E-03 
    7.52768E-01   6.90571E-02   1.49706E-01   1.67867E-02   7.29797E-01 
    2.10132E-01   6.00705E-02
   8.43000E+02   5.96218E-05   3.06068E-03   9.49436E-01   5.21018E-03 
    2.41942E-02   1.80388E-02   2.50000E-01   1.33704E-01   5.46071E-01 
    6.66163E-02   3.60878E-03   0.00000E+00   6.51102E-03   4.03598E-03 
    7.33372E-01   7.46983E-02   1.64656E-01   1.67270E-02   7.37707E-01 
    2.10557E-01   5.17358E-02
   8.33000E+02   5.12133E-05   2.86438E-03   9.49600E-01   4.97229E-03 
    2.44704E-02   1.80417E-02   2.50000E-01   1.34305E-01   5.43794E-01 
    6.82429E-02   3.65829E-03   0.00000E+00   5.81719E-03   3.68145E-03 
    7.13134E-01   8.05668E-02   1.80183E-01   1.66180E-02   7.43881E-01 
    2.10876E-01   4.52438E-02
   8.23000E+02   4.39063E-05   2.67470E-03   9.49850E-01   4.72382E-03 
    2.46618E-02   1.80461E-02   2.50000E-01   1.34911E-01   5.41683E-01 
    6.97112E-02   3.69428E-03   0.00000E+00   5.19048E-03   3.35194E-03 
    6.92352E-01   8.65785E-02   1.96062E-01   1.64650E-02   7.48679E-01 
    2.11115E-01   4.02066E-02
   8.13000E+02   3.75657E-05   2.49175E-03   9.50175E-01   4.46872E-03 
    2.47754E-02   1.80513E-02   2.50000E-01   1.35514E-01   5.39737E-01 
    7.10312E-02   3.71773E-03   0.00000E+00   4.63216E-03   3.04822E-03 
    6.71378E-01   9.26288E-02   2.12036E-01   1.62774E-02   7.52389E-01 
    2.11295E-01   3.63166E-02
   8.03000E+02   3.20717E-05   2.31566E-03   9.50566E-01   4.21052E-03 
    2.48187E-02   1.80569E-02   2.50000E-01   1.36109E-01   5.37948E-01 
    7.22136E-02   3.72970E-03   0.00000E+00   4.14040E-03   2.77019E-03 
    6.50561E-01   9.86087E-02   2.27853E-01   1.60663E-02   7.55239E-01 
    2.11432E-01   3.33287E-02
   7.93000E+02   2.73183E-05   2.14661E-03   9.51012E-01   3.95231E-03 
    2.47993E-02   1.80626E-02   2.50000E-01   1.36690E-01   5.36310E-01 
    7.32691E-02   3.73127E-03   0.00000E+00   3.71065E-03   2.51687E-03 
    6.30202E-01   1.04422E-01   2.43305E-01   1.58434E-02   7.57415E-01 
    2.11537E-01   3.10473E-02
   7.83000E+02   2.32123E-05   1.98474E-03   9.51503E-01   3.69668E-03 
    2.47245E-02   1.80681E-02   2.50000E-01   1.37253E-01   5.34815E-01 
    7.42080E-02   3.72349E-03   0.00000E+00   3.33662E-03   2.28668E-03 
    6.10518E-01   1.09996E-01   2.58244E-01   1.56188E-02   7.59063E-01 
    2.11619E-01   2.93181E-02
   7.73000E+02   1.96717E-05   1.83019E-03   9.52030E-01   3.44577E-03 
    2.46008E-02   1.80735E-02   2.50000E-01   1.37797E-01   5.33457E-01 
    7.50395E-02   3.70730E-03   0.00000E+00   3.01127E-03   2.07763E-03 
    5.91640E-01   1.15283E-01   2.72587E-01   1.54007E-02   7.60296E-01 
    2.11683E-01   2.80203E-02
   7.63000E+02   1.66244E-05   1.68305E-03   9.52586E-01   3.20129E-03 
    2.44340E-02   1.80787E-02   2.50000E-01   1.38318E-01   5.32227E-01 
    7.57718E-02   3.68356E-03   0.00000E+00   2.72767E-03   1.88767E-03 
    5.73628E-01   1.20261E-01   2.86300E-01   1.51952E-02   7.61204E-01 
    2.11735E-01   2.70606E-02
   7.53000E+02   1.40072E-05   1.54340E-03   9.53165E-01   2.96460E-03 
    2.42290E-02   1.80836E-02   2.50000E-01   1.38816E-01   5.31120E-01 
    7.64118E-02   3.65299E-03   0.00000E+00   2.47950E-03   1.71484E-03 
    5.56490E-01   1.24923E-01   2.99387E-01   1.50061E-02   7.61856E-01 
    2.11777E-01   2.63674E-02
   7.43000E+02   1.17645E-05   1.41124E-03   9.53762E-01   2.73672E-03 
    2.39900E-02   1.80882E-02   2.50000E-01   1.39289E-01   5.30129E-01 
    7.69656E-02   3.61620E-03   0.00000E+00   2.26125E-03   1.55733E-03 
    5.40200E-01   1.29274E-01   3.11871E-01   1.48361E-02   7.62303E-01 
    2.11811E-01   2.58858E-02
   7.33000E+02   9.84745E-06   1.28657E-03   9.54372E-01   2.51845E-03 
    2.37205E-02   1.80926E-02   2.50000E-01   1.39737E-01   5.29251E-01 
    7.74383E-02   3.57373E-03   0.00000E+00   2.06827E-03   1.41356E-03 
    5.24712E-01   1.33327E-01   3.23792E-01   1.46865E-02   7.62587E-01 
    2.11839E-01   2.55740E-02
   7.23000E+02   8.21310E-06   1.16934E-03   9.54992E-01   2.31034E-03 
    2.34234E-02   1.80966E-02   2.50000E-01   1.40159E-01   5.28481E-01 
    7.78345E-02   3.52598E-03   0.00000E+00   1.89667E-03   1.28214E-03 
    5.09973E-01   1.37099E-01   3.35192E-01   1.45580E-02   7.62737E-01 
    2.11863E-01   2.53997E-02
   7.13000E+02   6.82380E-06   1.05944E-03   9.55620E-01   2.11277E-03 
    2.31010E-02   1.81004E-02   2.50000E-01   1.40556E-01   5.27813E-01 
    7.81582E-02   3.47333E-03   0.00000E+00   1.74324E-03   1.16188E-03 
    4.95924E-01   1.40607E-01   3.46112E-01   1.44508E-02   7.62779E-01 
    2.11883E-01   2.53380E-02
   7.03000E+02   5.64648E-06   9.56761E-04   9.56253E-01   1.92598E-03 
    2.27552E-02   1.81038E-02   2.50000E-01   1.40927E-01   5.27244E-01 
    7.84129E-02   3.41607E-03   0.00000E+00   1.60533E-03   1.05174E-03 
    4.82511E-01   1.43871E-01   3.56596E-01   1.43648E-02   7.62730E-01 
    2.11901E-01   2.53696E-02
   6.93000E+02   4.65212E-06   8.61146E-04   9.56889E-01   1.75008E-03 
    2.23878E-02   1.81069E-02   2.50000E-01   1.41273E-01   5.26770E-01 
    7.86020E-02   3.35445E-03   0.00000E+00   1.48077E-03   9.50818E-04 
    4.69679E-01   1.46908E-01   3.66681E-01   1.42998E-02   7.62605E-01 
    2.11916E-01   2.54792E-02
   6.83000E+02   3.81531E-06   7.72413E-04   9.57529E-01   1.58506E-03 
    2.20000E-02   1.81096E-02   2.50000E-01   1.41595E-01   5.26387E-01 
    7.87289E-02   3.28870E-03   0.00000E+00   1.36766E-03   8.58287E-04 
    4.57380E-01   1.49732E-01   3.76406E-01   1.42557E-02   7.62417E-01 
    2.11929E-01   2.56545E-02
   6.73000E+02   3.11381E-06   6.90354E-04   9.58171E-01   1.43082E-03 
    2.15929E-02   1.81118E-02   2.50000E-01   1.41893E-01   5.26092E-01 
    7.87960E-02   3.21900E-03   0.00000E+00   1.26461E-03   7.73519E-04 
    4.45568E-01   1.52364E-01   3.85798E-01   1.42317E-02   7.62173E-01 
    2.11940E-01   2.58862E-02
