
 Phase Region for:
     CEMENTITE                     
     FCC_A1#1                      
 col-1=T, col-2=X(CEMENTITE,C), col-3=X(CEMENTITE,CR), col-4=X(CEMENTITE,FE),
   col-5=X(CEMENTITE,MN), col-6=X(CEMENTITE,NI), col-7=X(CEMENTITE,SI),
   col-8=X(FCC_A1#1,C), col-9=X(FCC_A1#1,CR), col-10=X(FCC_A1#1,FE),
   col-11=X(FCC_A1#1,MN), col-12=X(FCC_A1#1,NI), col-13=X(FCC_A1#1,SI),
   col-14=NP(CEMENTITE), col-15=NP(FCC_A1#1),
   1.17300E+03   2.50000E-01   1.09520E-01   6.13508E-01   2.57158E-02 
    1.25611E-03   0.00000E+00   3.95075E-02   1.97307E-02   8.77580E-01 
    2.12976E-02   1.18815E-02   3.00025E-02   6.23211E-02   9.37679E-01
   1.18300E+03   2.50000E-01   1.09259E-01   6.13898E-01   2.55587E-02 
    1.28360E-03   0.00000E+00   4.07685E-02   2.02842E-02   8.75975E-01 
    2.13335E-02   1.18162E-02   2.98227E-02   5.66699E-02   9.43330E-01
   1.19300E+03   2.50000E-01   1.08998E-01   6.14284E-01   2.54066E-02 
    1.31128E-03   0.00000E+00   4.20501E-02   2.08432E-02   8.74349E-01 
    2.13675E-02   1.17502E-02   2.96401E-02   5.08560E-02   9.49144E-01
   1.20300E+03   2.50000E-01   1.08737E-01   6.14664E-01   2.52596E-02 
    1.33914E-03   0.00000E+00   4.33523E-02   2.14075E-02   8.72702E-01 
    2.13997E-02   1.16835E-02   2.94544E-02   4.48749E-02   9.55125E-01
   1.21300E+03   2.50000E-01   1.08476E-01   6.15039E-01   2.51175E-02 
    1.36719E-03   0.00000E+00   4.46752E-02   2.19771E-02   8.71036E-01 
    2.14302E-02   1.16162E-02   2.92659E-02   3.87214E-02   9.61279E-01
   1.22300E+03   2.50000E-01   1.08215E-01   6.15409E-01   2.49803E-02 
    1.39542E-03   0.00000E+00   4.60186E-02   2.25518E-02   8.69348E-01 
    2.14589E-02   1.15482E-02   2.90744E-02   3.23905E-02   9.67610E-01
   1.23300E+03   2.50000E-01   1.07955E-01   6.15773E-01   2.48477E-02 
    1.42381E-03   0.00000E+00   4.73826E-02   2.31315E-02   8.67640E-01 
    2.14860E-02   1.14795E-02   2.88800E-02   2.58766E-02   9.74123E-01
   1.24300E+03   2.50000E-01   1.07696E-01   6.16131E-01   2.47198E-02 
    1.45238E-03   0.00000E+00   4.87672E-02   2.37162E-02   8.65912E-01 
    2.15114E-02   1.14103E-02   2.86826E-02   1.91741E-02   9.80826E-01
   1.25300E+03   2.50000E-01   1.07439E-01   6.16483E-01   2.45964E-02 
    1.48111E-03   0.00000E+00   5.01724E-02   2.43058E-02   8.64164E-01 
    2.15354E-02   1.13404E-02   2.84823E-02   1.22769E-02   9.87723E-01
   1.26300E+03   2.50000E-01   1.07184E-01   6.16828E-01   2.44775E-02 
    1.50999E-03   0.00000E+00   5.15982E-02   2.49003E-02   8.62395E-01 
    2.15578E-02   1.12699E-02   2.82791E-02   5.17859E-03   9.94821E-01
   1.27012E+03   2.50000E-01   1.07004E-01   6.17070E-01   2.43955E-02 
    1.53065E-03   0.00000E+00   5.26256E-02   2.53264E-02   8.61123E-01 
    2.15730E-02   1.12193E-02   2.81327E-02   0.00000E+00   1.00000E+00

 Phase Region for:
     FCC_A1#1                      
 col-1=T, col-2=X(FCC_A1#1,C), col-3=X(FCC_A1#1,CR), col-4=X(FCC_A1#1,FE),
   col-5=X(FCC_A1#1,MN), col-6=X(FCC_A1#1,NI), col-7=X(FCC_A1#1,SI),
   col-8=NP(FCC_A1#1),
   1.27012E+03   5.26256E-02   2.53264E-02   8.61123E-01   2.15730E-02 
    1.12193E-02   2.81327E-02   1.00000E+00
   1.27300E+03   5.26256E-02   2.53264E-02   8.61123E-01   2.15730E-02 
    1.12193E-02   2.81327E-02   1.00000E+00
   1.28300E+03   5.26256E-02   2.53264E-02   8.61123E-01   2.15730E-02 
    1.12193E-02   2.81327E-02   1.00000E+00
   1.29300E+03   5.26256E-02   2.53264E-02   8.61123E-01   2.15730E-02 
    1.12193E-02   2.81327E-02   1.00000E+00
   1.30300E+03   5.26256E-02   2.53264E-02   8.61123E-01   2.15730E-02 
    1.12193E-02   2.81327E-02   1.00000E+00
   1.31300E+03   5.26256E-02   2.53264E-02   8.61123E-01   2.15730E-02 
    1.12193E-02   2.81327E-02   1.00000E+00
   1.32300E+03   5.26256E-02   2.53264E-02   8.61123E-01   2.15730E-02 
    1.12193E-02   2.81327E-02   1.00000E+00
   1.33300E+03   5.26256E-02   2.53264E-02   8.61123E-01   2.15730E-02 
    1.12193E-02   2.81327E-02   1.00000E+00
   1.34300E+03   5.26256E-02   2.53264E-02   8.61123E-01   2.15730E-02 
    1.12193E-02   2.81327E-02   1.00000E+00
   1.35300E+03   5.26256E-02   2.53264E-02   8.61123E-01   2.15730E-02 
    1.12193E-02   2.81327E-02   1.00000E+00
   1.36300E+03   5.26256E-02   2.53264E-02   8.61123E-01   2.15730E-02 
    1.12193E-02   2.81327E-02   1.00000E+00
   1.37300E+03   5.26256E-02   2.53264E-02   8.61123E-01   2.15730E-02 
    1.12193E-02   2.81327E-02   1.00000E+00
   1.38300E+03   5.26256E-02   2.53264E-02   8.61123E-01   2.15730E-02 
    1.12193E-02   2.81327E-02   1.00000E+00
   1.39300E+03   5.26256E-02   2.53264E-02   8.61123E-01   2.15730E-02 
    1.12193E-02   2.81327E-02   1.00000E+00
   1.40300E+03   5.26256E-02   2.53264E-02   8.61123E-01   2.15730E-02 
    1.12193E-02   2.81327E-02   1.00000E+00
   1.41300E+03   5.26256E-02   2.53264E-02   8.61123E-01   2.15730E-02 
    1.12193E-02   2.81327E-02   1.00000E+00
   1.42300E+03   5.26256E-02   2.53264E-02   8.61123E-01   2.15730E-02 
    1.12193E-02   2.81327E-02   1.00000E+00
   1.43300E+03   5.26256E-02   2.53264E-02   8.61123E-01   2.15730E-02 
    1.12193E-02   2.81327E-02   1.00000E+00
   1.44300E+03   5.26256E-02   2.53264E-02   8.61123E-01   2.15730E-02 
    1.12193E-02   2.81327E-02   1.00000E+00
   1.45300E+03   5.26256E-02   2.53264E-02   8.61123E-01   2.15730E-02 
    1.12193E-02   2.81327E-02   1.00000E+00
   1.46300E+03   5.26256E-02   2.53264E-02   8.61123E-01   2.15730E-02 
    1.12193E-02   2.81327E-02   1.00000E+00
   1.47300E+03   5.26256E-02   2.53264E-02   8.61123E-01   2.15730E-02 
    1.12193E-02   2.81327E-02   1.00000E+00

 Phase Region for:
     CEMENTITE                     
     FCC_A1#1                      
 col-1=T, col-2=X(CEMENTITE,C), col-3=X(CEMENTITE,CR), col-4=X(CEMENTITE,FE),
   col-5=X(CEMENTITE,MN), col-6=X(CEMENTITE,NI), col-7=X(CEMENTITE,SI),
   col-8=X(FCC_A1#1,C), col-9=X(FCC_A1#1,CR), col-10=X(FCC_A1#1,FE),
   col-11=X(FCC_A1#1,MN), col-12=X(FCC_A1#1,NI), col-13=X(FCC_A1#1,SI),
   col-14=NP(CEMENTITE), col-15=NP(FCC_A1#1),
   1.17300E+03   2.50000E-01   1.09520E-01   6.13508E-01   2.57158E-02 
    1.25611E-03   0.00000E+00   3.95075E-02   1.97307E-02   8.77580E-01 
    2.12976E-02   1.18815E-02   3.00025E-02   6.23211E-02   9.37679E-01
   1.16300E+03   2.50000E-01   1.09779E-01   6.13114E-01   2.58782E-02 
    1.22883E-03   0.00000E+00   3.82671E-02   1.91827E-02   8.79165E-01 
    2.12598E-02   1.19461E-02   3.01793E-02   6.78141E-02   9.32186E-01
   1.15300E+03   2.50000E-01   1.10037E-01   6.12715E-01   2.60459E-02 
    1.20174E-03   0.00000E+00   3.70474E-02   1.86405E-02   8.80729E-01 
    2.12199E-02   1.20100E-02   3.03531E-02   7.31534E-02   9.26847E-01
   1.14300E+03   2.50000E-01   1.10294E-01   6.12312E-01   2.62191E-02 
    1.17486E-03   0.00000E+00   3.58484E-02   1.81040E-02   8.82272E-01 
    2.11780E-02   1.20731E-02   3.05240E-02   7.83429E-02   9.21657E-01
   1.13300E+03   2.50000E-01   1.10548E-01   6.11906E-01   2.63980E-02 
    1.14819E-03   0.00000E+00   3.46700E-02   1.75736E-02   8.83795E-01 
    2.11340E-02   1.21355E-02   3.06920E-02   8.33866E-02   9.16613E-01
   1.12300E+03   2.50000E-01   1.10801E-01   6.11495E-01   2.65825E-02 
    1.12173E-03   0.00000E+00   3.35123E-02   1.70493E-02   8.85296E-01 
    2.10878E-02   1.21972E-02   3.08570E-02   8.82883E-02   9.11712E-01
   1.11300E+03   2.50000E-01   1.11050E-01   6.11081E-01   2.67730E-02 
    1.09550E-03   0.00000E+00   3.23753E-02   1.65313E-02   8.86777E-01 
    2.10394E-02   1.22580E-02   3.10190E-02   9.30515E-02   9.06949E-01
   1.10300E+03   2.50000E-01   1.11298E-01   6.10663E-01   2.69694E-02 
    1.06949E-03   0.00000E+00   3.12591E-02   1.60197E-02   8.88236E-01 
    2.09888E-02   1.23181E-02   3.11781E-02   9.76797E-02   9.02320E-01
   1.09300E+03   2.50000E-01   1.11542E-01   6.10242E-01   2.71721E-02 
    1.04370E-03   0.00000E+00   3.01636E-02   1.55147E-02   8.89674E-01 
    2.09358E-02   1.23774E-02   3.13343E-02   1.02176E-01   8.97824E-01
   1.08300E+03   2.50000E-01   1.11783E-01   6.09818E-01   2.73810E-02 
    1.01815E-03   0.00000E+00   2.90888E-02   1.50165E-02   8.91091E-01 
    2.08803E-02   1.24358E-02   3.14875E-02   1.06544E-01   8.93456E-01
   1.07300E+03   2.50000E-01   1.12021E-01   6.09390E-01   2.75965E-02 
    9.92838E-04   0.00000E+00   2.80349E-02   1.45252E-02   8.92486E-01 
    2.08225E-02   1.24934E-02   3.16377E-02   1.10787E-01   8.89213E-01
   1.06300E+03   2.50000E-01   1.12255E-01   6.08959E-01   2.78186E-02 
    9.67764E-04   0.00000E+00   2.70017E-02   1.40411E-02   8.93860E-01 
    2.07621E-02   1.25502E-02   3.17850E-02   1.14906E-01   8.85094E-01
   1.05300E+03   2.50000E-01   1.12485E-01   6.08525E-01   2.80476E-02 
    9.42936E-04   0.00000E+00   2.59893E-02   1.35641E-02   8.95212E-01 
    2.06992E-02   1.26062E-02   3.19293E-02   1.18907E-01   8.81093E-01
   1.04300E+03   2.50000E-01   1.12711E-01   6.08087E-01   2.82836E-02 
    9.18356E-04   0.00000E+00   2.49977E-02   1.30946E-02   8.96542E-01 
    2.06336E-02   1.26612E-02   3.20706E-02   1.22790E-01   8.77210E-01
   1.03300E+03   2.50000E-01   1.12933E-01   6.07646E-01   2.85268E-02 
    8.94029E-04   0.00000E+00   2.40268E-02   1.26326E-02   8.97851E-01 
    2.05654E-02   1.27154E-02   3.22090E-02   1.26558E-01   8.73442E-01
   1.02300E+03   2.50000E-01   1.13150E-01   6.07202E-01   2.87774E-02 
    8.69959E-04   0.00000E+00   2.30768E-02   1.21784E-02   8.99137E-01 
    2.04944E-02   1.27687E-02   3.23444E-02   1.30215E-01   8.69785E-01
   1.01300E+03   2.50000E-01   1.13363E-01   6.06755E-01   2.90356E-02 
    8.46150E-04   0.00000E+00   2.21476E-02   1.17320E-02   9.00402E-01 
    2.04206E-02   1.28211E-02   3.24768E-02   1.33762E-01   8.66238E-01
   1.00587E+03   2.50000E-01   1.13512E-01   6.06434E-01   2.92244E-02 
    8.29340E-04   0.00000E+00   2.14980E-02   1.14187E-02   9.01290E-01 
    2.03663E-02   1.28579E-02   3.25694E-02   1.36225E-01   8.63775E-01

 Phase Region for:
     BCC_A2                        
     CEMENTITE                     
     FCC_A1#1                      
 col-1=T, col-2=X(BCC_A2,C), col-3=X(BCC_A2,CR), col-4=X(BCC_A2,FE),
   col-5=X(BCC_A2,MN), col-6=X(BCC_A2,NI), col-7=X(BCC_A2,SI),
   col-8=X(CEMENTITE,C), col-9=X(CEMENTITE,CR), col-10=X(CEMENTITE,FE),
   col-11=X(CEMENTITE,MN), col-12=X(CEMENTITE,NI), col-13=X(CEMENTITE,SI),
   col-14=X(FCC_A1#1,C), col-15=X(FCC_A1#1,CR), col-16=X(FCC_A1#1,FE),
   col-17=X(FCC_A1#1,MN), col-18=X(FCC_A1#1,NI), col-19=X(FCC_A1#1,SI),
   col-20=NP(BCC_A2), col-21=NP(CEMENTITE), col-22=NP(FCC_A1#1),
   1.00587E+03   4.99498E-04   7.24751E-03   9.37782E-01   7.24404E-03 
    5.64809E-03   4.15786E-02   2.50000E-01   1.13512E-01   6.06434E-01 
    2.92244E-02   8.29341E-04   0.00000E+00   2.14980E-02   1.14187E-02 
    9.01290E-01   2.03663E-02   1.28580E-02   3.25694E-02   2.63060E-06 
    1.36225E-01   8.63772E-01
   1.00300E+03   4.85163E-04   7.05016E-03   9.38220E-01   7.44059E-03 
    5.89934E-03   4.09043E-02   2.50000E-01   1.12169E-01   6.06347E-01 
    3.06159E-02   8.68803E-04   0.00000E+00   2.13294E-02   1.11211E-02 
    9.00607E-01   2.12350E-02   1.36122E-02   3.20951E-02   7.31059E-02 
    1.43526E-01   7.83369E-01
   9.93000E+02   4.35398E-04   6.44565E-03   9.39298E-01   8.03475E-03 
    6.83754E-03   3.89487E-02   2.50000E-01   1.08393E-01   6.04841E-01 
    3.57454E-02   1.02054E-03   0.00000E+00   2.06218E-02   1.02103E-02 
    8.97120E-01   2.45040E-02   1.66536E-02   3.08906E-02   2.90666E-01 
    1.65104E-01   5.44229E-01
   9.83000E+02   3.86816E-04   5.97442E-03   9.39494E-01   8.60830E-03 
    7.89118E-03   3.76458E-02   2.50000E-01   1.05873E-01   6.01819E-01 
    4.11178E-02   1.19088E-03   0.00000E+00   1.97613E-02   9.45987E-03 
    8.92136E-01   2.80480E-02   2.03592E-02   3.02356E-02   4.54781E-01 
    1.81010E-01   3.64209E-01
   9.73000E+02   3.41015E-04   5.59836E-03   9.39114E-01   9.11454E-03 
    9.02262E-03   3.68094E-02   2.50000E-01   1.04344E-01   5.97813E-01 
    4.64687E-02   1.37355E-03   0.00000E+00   1.87992E-02   8.82527E-03 
    8.85997E-01   3.17178E-02   2.47163E-02   2.99449E-02   5.74220E-01 
    1.92151E-01   2.33629E-01
   9.63000E+02   2.98961E-04   5.28501E-03   9.38419E-01   9.51983E-03 
    1.01978E-02   3.62792E-02   2.50000E-01   1.03536E-01   5.93270E-01 
    5.16304E-02   1.56358E-03   0.00000E+00   1.77789E-02   8.26817E-03 
    8.78938E-01   3.54220E-02   2.97207E-02   2.98722E-02   6.59637E-01 
    1.99711E-01   1.40651E-01
   9.53000E+02   2.61034E-04   5.01218E-03   9.37582E-01   9.81135E-03 
    1.13894E-02   3.59441E-02   2.50000E-01   1.03231E-01   5.88502E-01 
    5.65102E-02   1.75706E-03   0.00000E+00   1.67320E-02   7.76158E-03 
    8.71094E-01   3.91176E-02   3.53788E-02   2.99156E-02   7.20164E-01 
    2.04723E-01   7.51126E-02
   9.43000E+02   2.27233E-04   4.76559E-03   9.36711E-01   9.98938E-03 
    1.25754E-02   3.57315E-02   2.50000E-01   1.03274E-01   5.83710E-01 
    6.10656E-02   1.95081E-03   0.00000E+00   1.56798E-02   7.28801E-03 
    8.62522E-01   4.27952E-02   4.17067E-02   3.00083E-02   7.62730E-01 
    2.07972E-01   2.92987E-02
   9.33894E+02   1.99870E-04   4.55625E-03   9.35945E-01   1.00590E-02 
    1.36349E-02   3.56052E-02   2.50000E-01   1.03523E-01   5.79431E-01 
    6.49210E-02   2.12517E-03   0.00000E+00   1.47287E-02   6.87636E-03 
    8.54086E-01   4.61387E-02   4.80717E-02   3.00989E-02   7.90129E-01 
    2.09871E-01   0.00000E+00

 Phase Region for:
     BCC_A2                        
     CEMENTITE                     
 col-1=T, col-2=X(BCC_A2,C), col-3=X(BCC_A2,CR), col-4=X(BCC_A2,FE),
   col-5=X(BCC_A2,MN), col-6=X(BCC_A2,NI), col-7=X(BCC_A2,SI),
   col-8=X(CEMENTITE,C), col-9=X(CEMENTITE,CR), col-10=X(CEMENTITE,FE),
   col-11=X(CEMENTITE,MN), col-12=X(CEMENTITE,NI), col-13=X(CEMENTITE,SI),
   col-14=NP(BCC_A2), col-15=NP(CEMENTITE),
   9.33894E+02   1.99870E-04   4.55625E-03   9.35945E-01   1.00590E-02 
    1.36349E-02   3.56052E-02   2.50000E-01   1.03523E-01   5.79431E-01 
    6.49210E-02   2.12517E-03   0.00000E+00   7.90129E-01   2.09871E-01  NONE
   9.33000E+02   1.97508E-04   4.53610E-03   9.36008E-01   1.00184E-02 
    1.36348E-02   3.56055E-02   2.50000E-01   1.03595E-01   5.79207E-01 
    6.50721E-02   2.12609E-03   0.00000E+00   7.90122E-01   2.09878E-01  NONE
   9.23000E+02   1.72764E-04   4.31337E-03   9.36702E-01   9.56944E-03 
    1.36333E-02   3.56090E-02   2.50000E-01   1.04396E-01   5.76727E-01 
    6.67409E-02   2.13599E-03   0.00000E+00   7.90043E-01   2.09957E-01  NONE
   9.13000E+02   1.50855E-04   4.09549E-03   9.37379E-01   9.13102E-03 
    1.36318E-02   3.56121E-02   2.50000E-01   1.05183E-01   5.74301E-01 
    6.83711E-02   2.14530E-03   0.00000E+00   7.89974E-01   2.10026E-01  NONE
   9.03000E+02   1.31483E-04   3.88259E-03   9.38038E-01   8.70298E-03 
    1.36304E-02   3.56149E-02   2.50000E-01   1.05954E-01   5.71929E-01 
    6.99632E-02   2.15408E-03   0.00000E+00   7.89913E-01   2.10087E-01  NONE
   8.93000E+02   1.14379E-04   3.67481E-03   9.38679E-01   8.28524E-03 
    1.36289E-02   3.56173E-02   2.50000E-01   1.06709E-01   5.69612E-01 
    7.15176E-02   2.16235E-03   0.00000E+00   7.89859E-01   2.10141E-01  NONE
   8.83000E+02   9.93021E-05   3.47229E-03   9.39304E-01   7.87774E-03 
    1.36275E-02   3.56195E-02   2.50000E-01   1.07446E-01   5.67349E-01 
    7.30345E-02   2.17017E-03   0.00000E+00   7.89811E-01   2.10189E-01  NONE
   8.73000E+02   8.60337E-05   3.27520E-03   9.39911E-01   7.48048E-03 
    1.36262E-02   3.56214E-02   2.50000E-01   1.08166E-01   5.65143E-01 
    7.45139E-02   2.17758E-03   0.00000E+00   7.89769E-01   2.10231E-01  NONE
   8.63000E+02   7.43770E-05   3.08370E-03   9.40501E-01   7.09349E-03 
    1.36249E-02   3.56230E-02   2.50000E-01   1.08867E-01   5.62993E-01 
    7.59556E-02   2.18458E-03   0.00000E+00   7.89732E-01   2.10268E-01  NONE
   8.53000E+02   6.41548E-05   2.89792E-03   9.41073E-01   6.71683E-03 
    1.36236E-02   3.56245E-02   2.50000E-01   1.09548E-01   5.60901E-01 
    7.73594E-02   2.19123E-03   0.00000E+00   7.89700E-01   2.10300E-01  NONE
   8.43000E+02   5.52078E-05   2.71803E-03   9.41628E-01   6.35058E-03 
    1.36223E-02   3.56258E-02   2.50000E-01   1.10209E-01   5.58868E-01 
    7.87250E-02   2.19752E-03   0.00000E+00   7.89672E-01   2.10328E-01  NONE
   8.33000E+02   4.73923E-05   2.54415E-03   9.42166E-01   5.99484E-03 
    1.36211E-02   3.56269E-02   2.50000E-01   1.10849E-01   5.56895E-01 
    8.00519E-02   2.20347E-03   0.00000E+00   7.89647E-01   2.10353E-01  NONE
   8.23000E+02   4.05795E-05   2.37643E-03   9.42686E-01   5.64972E-03 
    1.36199E-02   3.56279E-02   2.50000E-01   1.11468E-01   5.54983E-01 
    8.13397E-02   2.20911E-03   0.00000E+00   7.89626E-01   2.10374E-01  NONE
   8.13000E+02   3.46536E-05   2.21497E-03   9.43188E-01   5.31536E-03 
    1.36187E-02   3.56287E-02   2.50000E-01   1.12064E-01   5.53134E-01 
    8.25879E-02   2.21442E-03   0.00000E+00   7.89607E-01   2.10393E-01  NONE
   8.03000E+02   2.95109E-05   2.05987E-03   9.43672E-01   4.99188E-03 
    1.36176E-02   3.56294E-02   2.50000E-01   1.12637E-01   5.51347E-01 
    8.37958E-02   2.21942E-03   0.00000E+00   7.89591E-01   2.10409E-01  NONE
   7.93000E+02   2.50585E-05   1.91121E-03   9.44138E-01   4.67941E-03 
    1.36166E-02   3.56301E-02   2.50000E-01   1.13188E-01   5.49625E-01 
    8.49630E-02   2.22409E-03   0.00000E+00   7.89577E-01   2.10423E-01  NONE
   7.83000E+02   2.12133E-05   1.76905E-03   9.44585E-01   4.37806E-03 
    1.36156E-02   3.56306E-02   2.50000E-01   1.13715E-01   5.47968E-01 
    8.60891E-02   2.22844E-03   0.00000E+00   7.89564E-01   2.10436E-01  NONE
   7.73000E+02   1.79012E-05   1.63344E-03   9.45015E-01   4.08796E-03 
    1.36147E-02   3.56311E-02   2.50000E-01   1.14218E-01   5.46376E-01 
    8.71734E-02   2.23245E-03   0.00000E+00   7.89554E-01   2.10446E-01  NONE
   7.63000E+02   1.50559E-05   1.50440E-03   9.45426E-01   3.80918E-03 
    1.36138E-02   3.56315E-02   2.50000E-01   1.14697E-01   5.44851E-01 
    8.82157E-02   2.23612E-03   0.00000E+00   7.89545E-01   2.10455E-01  NONE
   7.53000E+02   1.26187E-05   1.38191E-03   9.45819E-01   3.54182E-03 
    1.36131E-02   3.56318E-02   2.50000E-01   1.15153E-01   5.43392E-01 
    8.92156E-02   2.23942E-03   0.00000E+00   7.89537E-01   2.10463E-01  NONE
   7.43000E+02   1.05374E-05   1.26596E-03   9.46193E-01   3.28592E-03 
    1.36124E-02   3.56321E-02   2.50000E-01   1.15584E-01   5.42001E-01 
    9.01729E-02   2.24233E-03   0.00000E+00   7.89531E-01   2.10469E-01  NONE
   7.33000E+02   8.76547E-06   1.15650E-03   9.46549E-01   3.04152E-03 
    1.36118E-02   3.56324E-02   2.50000E-01   1.15992E-01   5.40676E-01 
    9.10874E-02   2.24483E-03   0.00000E+00   7.89525E-01   2.10475E-01  NONE
   7.23000E+02   7.26208E-06   1.05344E-03   9.46887E-01   2.80862E-03 
    1.36113E-02   3.56326E-02   2.50000E-01   1.16376E-01   5.39418E-01 
    9.19590E-02   2.24689E-03   0.00000E+00   7.89520E-01   2.10480E-01  NONE
   7.13000E+02   5.99095E-06   9.56708E-04   9.47206E-01   2.58718E-03 
    1.36109E-02   3.56328E-02   2.50000E-01   1.16736E-01   5.38227E-01 
    9.27879E-02   2.24849E-03   0.00000E+00   7.89516E-01   2.10484E-01  NONE
   7.03000E+02   4.92018E-06   8.66174E-04   9.47508E-01   2.37715E-03 
    1.36107E-02   3.56329E-02   2.50000E-01   1.17074E-01   5.37102E-01 
    9.35743E-02   2.24959E-03   0.00000E+00   7.89513E-01   2.10487E-01  NONE
   6.93000E+02   4.02171E-06   7.81704E-04   9.47792E-01   2.17843E-03 
    1.36106E-02   3.56331E-02   2.50000E-01   1.17389E-01   5.36042E-01 
    9.43184E-02   2.25015E-03   0.00000E+00   7.89510E-01   2.10490E-01  NONE
   6.83000E+02   3.27095E-06   7.03141E-04   9.48059E-01   1.99090E-03 
    1.36106E-02   3.56332E-02   2.50000E-01   1.17683E-01   5.35046E-01 
    9.50207E-02   2.25015E-03   0.00000E+00   7.89508E-01   2.10492E-01  NONE
   6.73000E+02   2.64635E-06   6.30312E-04   9.48309E-01   1.81441E-03 
    1.36108E-02   3.56333E-02   2.50000E-01   1.17955E-01   5.34114E-01 
    9.56819E-02   2.24953E-03   0.00000E+00   7.89506E-01   2.10494E-01  NONE
