
 Phase Region for:
     CEMENTITE                     
     FCC_A1#1                      
 col-1=T, col-2=X(CEMENTITE,C), col-3=X(CEMENTITE,CR), col-4=X(CEMENTITE,FE),
   col-5=X(CEMENTITE,MN), col-6=X(CEMENTITE,NI), col-7=X(CEMENTITE,SI),
   col-8=X(FCC_A1#1,C), col-9=X(FCC_A1#1,CR), col-10=X(FCC_A1#1,FE),
   col-11=X(FCC_A1#1,MN), col-12=X(FCC_A1#1,NI), col-13=X(FCC_A1#1,SI),
   col-14=NP(CEMENTITE), col-15=NP(FCC_A1#1),
   1.17300E+03   2.50000E-01   1.00305E-01   6.22187E-01   2.51779E-02 
    2.33061E-03   0.00000E+00   3.96593E-02   1.77030E-02   8.69899E-01 
    2.13500E-02   2.13841E-02   3.00048E-02   6.18026E-02   9.38197E-01
   1.18300E+03   2.50000E-01   1.00097E-01   6.22489E-01   2.50318E-02 
    2.38180E-03   0.00000E+00   4.09230E-02   1.82116E-02   8.68393E-01 
    2.13817E-02   2.12666E-02   2.98246E-02   5.61321E-02   9.43868E-01
   1.19300E+03   2.50000E-01   9.98886E-02   6.22788E-01   2.48904E-02 
    2.43334E-03   0.00000E+00   4.22072E-02   1.87256E-02   8.66866E-01 
    2.14116E-02   2.11479E-02   2.96414E-02   5.02986E-02   9.49701E-01
   1.20300E+03   2.50000E-01   9.96790E-02   6.23082E-01   2.47537E-02 
    2.48523E-03   0.00000E+00   4.35120E-02   1.92450E-02   8.65320E-01 
    2.14398E-02   2.10280E-02   2.94552E-02   4.42974E-02   9.55703E-01
   1.21300E+03   2.50000E-01   9.94687E-02   6.23372E-01   2.46215E-02 
    2.53745E-03   0.00000E+00   4.48374E-02   1.97696E-02   8.63754E-01 
    2.14663E-02   2.09069E-02   2.92662E-02   3.81235E-02   9.61877E-01
   1.22300E+03   2.50000E-01   9.92581E-02   6.23658E-01   2.44938E-02 
    2.59000E-03   0.00000E+00   4.61833E-02   2.02993E-02   8.62167E-01 
    2.14912E-02   2.07847E-02   2.90742E-02   3.17716E-02   9.68228E-01
   1.23300E+03   2.50000E-01   9.90475E-02   6.23939E-01   2.43705E-02 
    2.64287E-03   0.00000E+00   4.75498E-02   2.08342E-02   8.60561E-01 
    2.15145E-02   2.06613E-02   2.88793E-02   2.52363E-02   9.74764E-01
   1.24300E+03   2.50000E-01   9.88373E-02   6.24215E-01   2.42515E-02 
    2.69604E-03   0.00000E+00   4.89368E-02   2.13740E-02   8.58935E-01 
    2.15363E-02   2.05368E-02   2.86814E-02   1.85118E-02   9.81488E-01
   1.25300E+03   2.50000E-01   9.86277E-02   6.24486E-01   2.41368E-02 
    2.74951E-03   0.00000E+00   5.03445E-02   2.19188E-02   8.57288E-01 
    2.15567E-02   2.04113E-02   2.84806E-02   1.15920E-02   9.88408E-01
   1.26300E+03   2.50000E-01   9.84193E-02   6.24751E-01   2.40262E-02 
    2.80328E-03   0.00000E+00   5.17727E-02   2.24685E-02   8.55622E-01 
    2.15756E-02   2.02847E-02   2.82769E-02   4.47032E-03   9.95530E-01
   1.26913E+03   2.50000E-01   9.82922E-02   6.24911E-01   2.39604E-02 
    2.83639E-03   0.00000E+00   5.26589E-02   2.28080E-02   8.54590E-01 
    2.15866E-02   2.02066E-02   2.81505E-02   0.00000E+00   1.00000E+00

 Phase Region for:
     FCC_A1#1                      
 col-1=T, col-2=X(FCC_A1#1,C), col-3=X(FCC_A1#1,CR), col-4=X(FCC_A1#1,FE),
   col-5=X(FCC_A1#1,MN), col-6=X(FCC_A1#1,NI), col-7=X(FCC_A1#1,SI),
   col-8=NP(FCC_A1#1),
   1.26913E+03   5.26589E-02   2.28080E-02   8.54590E-01   2.15866E-02 
    2.02066E-02   2.81505E-02   1.00000E+00
   1.27300E+03   5.26589E-02   2.28080E-02   8.54590E-01   2.15866E-02 
    2.02066E-02   2.81505E-02   1.00000E+00
   1.28300E+03   5.26589E-02   2.28080E-02   8.54590E-01   2.15866E-02 
    2.02066E-02   2.81505E-02   1.00000E+00
   1.29300E+03   5.26589E-02   2.28080E-02   8.54590E-01   2.15866E-02 
    2.02066E-02   2.81505E-02   1.00000E+00
   1.30300E+03   5.26589E-02   2.28080E-02   8.54590E-01   2.15866E-02 
    2.02066E-02   2.81505E-02   1.00000E+00
   1.31300E+03   5.26589E-02   2.28080E-02   8.54590E-01   2.15866E-02 
    2.02066E-02   2.81505E-02   1.00000E+00
   1.32300E+03   5.26589E-02   2.28080E-02   8.54590E-01   2.15866E-02 
    2.02066E-02   2.81505E-02   1.00000E+00
   1.33300E+03   5.26589E-02   2.28080E-02   8.54590E-01   2.15866E-02 
    2.02066E-02   2.81505E-02   1.00000E+00
   1.34300E+03   5.26589E-02   2.28080E-02   8.54590E-01   2.15866E-02 
    2.02066E-02   2.81505E-02   1.00000E+00
   1.35300E+03   5.26589E-02   2.28080E-02   8.54590E-01   2.15866E-02 
    2.02066E-02   2.81505E-02   1.00000E+00
   1.36300E+03   5.26589E-02   2.28080E-02   8.54590E-01   2.15866E-02 
    2.02066E-02   2.81505E-02   1.00000E+00
   1.37300E+03   5.26589E-02   2.28080E-02   8.54590E-01   2.15866E-02 
    2.02066E-02   2.81505E-02   1.00000E+00
   1.38300E+03   5.26589E-02   2.28080E-02   8.54590E-01   2.15866E-02 
    2.02066E-02   2.81505E-02   1.00000E+00
   1.39300E+03   5.26589E-02   2.28080E-02   8.54590E-01   2.15866E-02 
    2.02066E-02   2.81505E-02   1.00000E+00
   1.40300E+03   5.26589E-02   2.28080E-02   8.54590E-01   2.15866E-02 
    2.02066E-02   2.81505E-02   1.00000E+00
   1.41300E+03   5.26589E-02   2.28080E-02   8.54590E-01   2.15866E-02 
    2.02066E-02   2.81505E-02   1.00000E+00
   1.42300E+03   5.26589E-02   2.28080E-02   8.54590E-01   2.15866E-02 
    2.02066E-02   2.81505E-02   1.00000E+00
   1.43300E+03   5.26589E-02   2.28080E-02   8.54590E-01   2.15866E-02 
    2.02066E-02   2.81505E-02   1.00000E+00
   1.44300E+03   5.26589E-02   2.28080E-02   8.54590E-01   2.15866E-02 
    2.02066E-02   2.81505E-02   1.00000E+00
   1.45300E+03   5.26589E-02   2.28080E-02   8.54590E-01   2.15866E-02 
    2.02066E-02   2.81505E-02   1.00000E+00
   1.46300E+03   5.26589E-02   2.28080E-02   8.54590E-01   2.15866E-02 
    2.02066E-02   2.81505E-02   1.00000E+00
   1.47300E+03   5.26589E-02   2.28080E-02   8.54590E-01   2.15866E-02 
    2.02066E-02   2.81505E-02   1.00000E+00

 Phase Region for:
     CEMENTITE                     
     FCC_A1#1                      
 col-1=T, col-2=X(CEMENTITE,C), col-3=X(CEMENTITE,CR), col-4=X(CEMENTITE,FE),
   col-5=X(CEMENTITE,MN), col-6=X(CEMENTITE,NI), col-7=X(CEMENTITE,SI),
   col-8=X(FCC_A1#1,C), col-9=X(FCC_A1#1,CR), col-10=X(FCC_A1#1,FE),
   col-11=X(FCC_A1#1,MN), col-12=X(FCC_A1#1,NI), col-13=X(FCC_A1#1,SI),
   col-14=NP(CEMENTITE), col-15=NP(FCC_A1#1),
   1.17300E+03   2.50000E-01   1.00305E-01   6.22187E-01   2.51779E-02 
    2.33061E-03   0.00000E+00   3.96593E-02   1.77030E-02   8.69899E-01 
    2.13500E-02   2.13841E-02   3.00048E-02   6.18026E-02   9.38197E-01
   1.16300E+03   2.50000E-01   1.00510E-01   6.21881E-01   2.53289E-02 
    2.27978E-03   0.00000E+00   3.84162E-02   1.72000E-02   8.71385E-01 
    2.13165E-02   2.15004E-02   3.01822E-02   6.73148E-02   9.32685E-01
   1.15300E+03   2.50000E-01   1.00714E-01   6.21571E-01   2.54848E-02 
    2.22932E-03   0.00000E+00   3.71936E-02   1.67026E-02   8.72851E-01 
    2.12811E-02   2.16154E-02   3.03566E-02   7.26729E-02   9.27327E-01
   1.14300E+03   2.50000E-01   1.00916E-01   6.21259E-01   2.56458E-02 
    2.17924E-03   0.00000E+00   3.59917E-02   1.62111E-02   8.74296E-01 
    2.12438E-02   2.17291E-02   3.05280E-02   7.78810E-02   9.22119E-01
   1.13300E+03   2.50000E-01   1.01116E-01   6.20943E-01   2.58120E-02 
    2.12954E-03   0.00000E+00   3.48104E-02   1.57254E-02   8.75722E-01 
    2.12044E-02   2.18416E-02   3.06965E-02   8.29432E-02   9.17057E-01
   1.12300E+03   2.50000E-01   1.01313E-01   6.20624E-01   2.59835E-02 
    2.08025E-03   0.00000E+00   3.36497E-02   1.52459E-02   8.77127E-01 
    2.11631E-02   2.19526E-02   3.08621E-02   8.78631E-02   9.12137E-01
   1.11300E+03   2.50000E-01   1.01507E-01   6.20302E-01   2.61604E-02 
    2.03135E-03   0.00000E+00   3.25096E-02   1.47725E-02   8.78511E-01 
    2.11196E-02   2.20623E-02   3.10247E-02   9.26445E-02   9.07355E-01
   1.10300E+03   2.50000E-01   1.01698E-01   6.19977E-01   2.63428E-02 
    1.98287E-03   0.00000E+00   3.13902E-02   1.43055E-02   8.79875E-01 
    2.10740E-02   2.21707E-02   3.11844E-02   9.72908E-02   9.02709E-01
   1.09300E+03   2.50000E-01   1.01885E-01   6.19649E-01   2.65310E-02 
    1.93481E-03   0.00000E+00   3.02914E-02   1.38450E-02   8.81219E-01 
    2.10262E-02   2.22776E-02   3.13411E-02   1.01805E-01   8.98195E-01
   1.08300E+03   2.50000E-01   1.02070E-01   6.19318E-01   2.67249E-02 
    1.88718E-03   0.00000E+00   2.92133E-02   1.33911E-02   8.82541E-01 
    2.09761E-02   2.23831E-02   3.14949E-02   1.06191E-01   8.93809E-01
   1.07300E+03   2.50000E-01   1.02250E-01   6.18985E-01   2.69248E-02 
    1.83998E-03   0.00000E+00   2.81559E-02   1.29440E-02   8.83844E-01 
    2.09238E-02   2.24871E-02   3.16458E-02   1.10451E-01   8.89549E-01
   1.06300E+03   2.50000E-01   1.02427E-01   6.18649E-01   2.71309E-02 
    1.79322E-03   0.00000E+00   2.71192E-02   1.25037E-02   8.85125E-01 
    2.08691E-02   2.25896E-02   3.17937E-02   1.14589E-01   8.85411E-01
   1.05300E+03   2.50000E-01   1.02600E-01   6.18310E-01   2.73432E-02 
    1.74692E-03   0.00000E+00   2.61031E-02   1.20705E-02   8.86385E-01 
    2.08119E-02   2.26907E-02   3.19386E-02   1.18607E-01   8.81393E-01
   1.04300E+03   2.50000E-01   1.02769E-01   6.17968E-01   2.75620E-02 
    1.70107E-03   0.00000E+00   2.51078E-02   1.16445E-02   8.87625E-01 
    2.07524E-02   2.27902E-02   3.20806E-02   1.22508E-01   8.77492E-01
   1.03300E+03   2.50000E-01   1.02934E-01   6.17623E-01   2.77873E-02 
    1.65570E-03   0.00000E+00   2.41332E-02   1.12258E-02   8.88843E-01 
    2.06903E-02   2.28881E-02   3.22196E-02   1.26294E-01   8.73706E-01
   1.02300E+03   2.50000E-01   1.03095E-01   6.17275E-01   2.80194E-02 
    1.61079E-03   0.00000E+00   2.31794E-02   1.08145E-02   8.90040E-01 
    2.06256E-02   2.29845E-02   3.23557E-02   1.29968E-01   8.70032E-01
   1.01300E+03   2.50000E-01   1.03251E-01   6.16924E-01   2.82585E-02 
    1.56637E-03   0.00000E+00   2.22462E-02   1.04108E-02   8.91217E-01 
    2.05584E-02   2.30793E-02   3.24888E-02   1.33533E-01   8.66467E-01
   1.00300E+03   2.50000E-01   1.03402E-01   6.16570E-01   2.85048E-02 
    1.52243E-03   0.00000E+00   2.13338E-02   1.00148E-02   8.92372E-01 
    2.04884E-02   2.31724E-02   3.26189E-02   1.36991E-01   8.63009E-01
   9.93000E+02   2.50000E-01   1.03550E-01   6.16213E-01   2.87584E-02 
    1.47900E-03   0.00000E+00   2.04421E-02   9.62654E-03   8.93506E-01 
    2.04158E-02   2.32639E-02   3.27461E-02   1.40343E-01   8.59657E-01
   9.91557E+02   2.50000E-01   1.03571E-01   6.16161E-01   2.87956E-02 
    1.47277E-03   0.00000E+00   2.03151E-02   9.57118E-03   8.93667E-01 
    2.04051E-02   2.32770E-02   3.27643E-02   1.40818E-01   8.59182E-01

 Phase Region for:
     BCC_A2                        
     CEMENTITE                     
     FCC_A1#1                      
 col-1=T, col-2=X(BCC_A2,C), col-3=X(BCC_A2,CR), col-4=X(BCC_A2,FE),
   col-5=X(BCC_A2,MN), col-6=X(BCC_A2,NI), col-7=X(BCC_A2,SI),
   col-8=X(CEMENTITE,C), col-9=X(CEMENTITE,CR), col-10=X(CEMENTITE,FE),
   col-11=X(CEMENTITE,MN), col-12=X(CEMENTITE,NI), col-13=X(CEMENTITE,SI),
   col-14=X(FCC_A1#1,C), col-15=X(FCC_A1#1,CR), col-16=X(FCC_A1#1,FE),
   col-17=X(FCC_A1#1,MN), col-18=X(FCC_A1#1,NI), col-19=X(FCC_A1#1,SI),
   col-20=NP(BCC_A2), col-21=NP(CEMENTITE), col-22=NP(FCC_A1#1),
   9.91557E+02   4.34602E-04   6.06478E-03   9.36050E-01   6.40795E-03 
    9.56723E-03   4.14756E-02   2.50000E-01   1.03571E-01   6.16161E-01 
    2.87956E-02   1.47277E-03   0.00000E+00   2.03151E-02   9.57117E-03 
    8.93667E-01   2.04051E-02   2.32770E-02   3.27642E-02   2.15885E-06 
    1.40818E-01   8.59180E-01
   9.83000E+02   3.96030E-04   5.62583E-03   9.36799E-01   6.71417E-03 
    1.05580E-02   3.99067E-02   2.50000E-01   1.00862E-01   6.15226E-01 
    3.22681E-02   1.64389E-03   0.00000E+00   1.96516E-02   8.88805E-03 
    8.89962E-01   2.27846E-02   2.69207E-02   3.17930E-02   1.67363E-01 
    1.57283E-01   6.75354E-01
   9.73000E+02   3.52518E-04   5.20832E-03   9.37001E-01   7.05650E-03 
    1.17809E-02   3.86011E-02   2.50000E-01   9.86097E-02   6.13094E-01 
    3.64413E-02   1.85483E-03   0.00000E+00   1.87654E-02   8.20476E-03 
    8.84368E-01   2.57693E-02   3.18071E-02   3.10851E-02   3.21723E-01 
    1.72195E-01   5.06082E-01
   9.63000E+02   3.11712E-04   4.86544E-03   9.36734E-01   7.35233E-03 
    1.30292E-02   3.77075E-02   2.50000E-01   9.71425E-02   6.10183E-01 
    4.06044E-02   2.07038E-03   0.00000E+00   1.77984E-02   7.61442E-03 
    8.77656E-01   2.89004E-02   3.73343E-02   3.06961E-02   4.38917E-01 
    1.83184E-01   3.77899E-01
   9.53000E+02   2.74226E-04   4.57415E-03   9.36201E-01   7.58487E-03 
    1.42686E-02   3.70969E-02   2.50000E-01   9.62586E-02   6.06790E-01 
    4.46660E-02   2.28508E-03   0.00000E+00   1.67846E-02   7.09001E-03 
    8.70001E-01   3.21317E-02   4.34835E-02   3.05092E-02   5.27196E-01 
    1.91147E-01   2.81657E-01
   9.43000E+02   2.40291E-04   4.31833E-03   9.35541E-01   7.74763E-03 
    1.54752E-02   3.66778E-02   2.50000E-01   9.57970E-02   6.03136E-01 
    4.85717E-02   2.49514E-03   0.00000E+00   1.57493E-02   6.61208E-03 
    8.61501E-01   3.54417E-02   5.02556E-02   3.04407E-02   5.93628E-01 
    1.96867E-01   2.09506E-01
   9.33000E+02   2.09887E-04   4.08713E-03   9.34843E-01   7.84033E-03 
    1.66322E-02   3.63878E-02   2.50000E-01   9.56385E-02   5.99372E-01 
    5.22911E-02   2.69790E-03   0.00000E+00   1.47101E-02   6.16754E-03 
    8.52195E-01   3.88275E-02   5.76671E-02   3.04330E-02   6.43702E-01 
    2.00955E-01   1.55344E-01
   9.23000E+02   1.82846E-04   3.87338E-03   9.34165E-01   7.86630E-03 
    1.77273E-02   3.61850E-02   2.50000E-01   9.56973E-02   5.95603E-01 
    5.58086E-02   2.89135E-03   0.00000E+00   1.36794E-02   5.74796E-03 
    8.42080E-01   4.22989E-02   6.57470E-02   3.04467E-02   6.81519E-01 
    2.03866E-01   1.14615E-01
   9.13000E+02   1.58927E-04   3.67237E-03   9.33545E-01   7.83081E-03 
    1.87514E-02   3.60416E-02   2.50000E-01   9.59120E-02   5.91897E-01 
    5.91172E-02   3.07395E-03   0.00000E+00   1.26659E-02   5.34806E-03 
    8.31123E-01   4.58751E-02   7.45330E-02   3.04551E-02   7.10105E-01 
    2.05930E-01   8.39644E-02
   9.03000E+02   1.37855E-04   3.48097E-03   9.33005E-01   7.74006E-03 
    1.96971E-02   3.59387E-02   2.50000E-01   9.62382E-02   5.88302E-01 
    6.22155E-02   3.24441E-03   0.00000E+00   1.16761E-02   4.96474E-03 
    8.19268E-01   4.95822E-02   8.40696E-02   3.04396E-02   7.31693E-01 
    2.07387E-01   6.09202E-02
   8.93000E+02   1.19352E-04   3.29717E-03   9.32560E-01   7.60064E-03 
    2.05587E-02   3.58638E-02   2.50000E-01   9.66436E-02   5.84849E-01 
    6.51056E-02   3.40163E-03   0.00000E+00   1.07152E-02   4.59638E-03 
    8.06446E-01   5.34512E-02   9.44039E-02   3.03871E-02   7.47940E-01 
    2.08407E-01   4.36522E-02
   8.83000E+02   1.03148E-04   3.11965E-03   9.32217E-01   7.41913E-03 
    2.13320E-02   3.58086E-02   2.50000E-01   9.71045E-02   5.81559E-01 
    6.77917E-02   3.54469E-03   0.00000E+00   9.78785E-03   4.24236E-03 
    7.92583E-01   5.75159E-02   1.05582E-01   3.02887E-02   7.60092E-01 
    2.09116E-01   3.07915E-02
   8.73000E+02   8.89872E-05   2.94760E-03   9.31980E-01   7.20195E-03 
    2.20137E-02   3.57673E-02   2.50000E-01   9.76027E-02   5.78445E-01 
    7.02796E-02   3.67285E-03   0.00000E+00   8.89844E-03   3.90282E-03 
    7.77611E-01   6.18093E-02   1.17640E-01   3.01380E-02   7.69093E-01 
    2.09603E-01   2.13037E-02
   8.63000E+02   7.66365E-05   2.78052E-03   9.31850E-01   6.95519E-03 
    2.26017E-02   3.57363E-02   2.50000E-01   9.81247E-02   5.75514E-01 
    7.25761E-02   3.78554E-03   0.00000E+00   8.05168E-03   3.57841E-03 
    7.61481E-01   6.63600E-02   1.30598E-01   2.99315E-02   7.75667E-01 
    2.09934E-01   1.43986E-02
   8.53000E+02   6.58830E-05   2.61816E-03   9.31823E-01   6.68460E-03 
    2.30957E-02   3.57129E-02   2.50000E-01   9.86598E-02   5.72769E-01 
    7.46887E-02   3.88244E-03   0.00000E+00   7.25261E-03   3.27018E-03 
    7.44185E-01   7.11852E-02   1.44439E-01   2.96680E-02   7.80378E-01 
    2.10155E-01   9.46629E-03
   8.43000E+02   5.65349E-05   2.46043E-03   9.31896E-01   6.39552E-03 
    2.34964E-02   3.56956E-02   2.50000E-01   9.91998E-02   5.70211E-01 
    7.66256E-02   3.96346E-03   0.00000E+00   6.50651E-03   2.97940E-03 
    7.25780E-01   7.62829E-02   1.59101E-01   2.93501E-02   7.83666E-01 
    2.10301E-01   6.03232E-03
   8.33000E+02   4.84209E-05   2.30734E-03   9.32062E-01   6.09289E-03 
    2.38064E-02   3.56830E-02   2.50000E-01   9.97384E-02   5.67837E-01 
    7.83958E-02   4.02881E-03   0.00000E+00   5.81842E-03   2.70740E-03 
    7.06410E-01   8.16249E-02   1.74455E-01   2.89839E-02   7.85878E-01 
    2.10397E-01   3.72589E-03
   8.23000E+02   4.13883E-05   2.15898E-03   9.32314E-01   5.78120E-03 
    2.40300E-02   3.56745E-02   2.50000E-01   1.00270E-01   5.65643E-01 
    8.00081E-02   4.07898E-03   0.00000E+00   5.19236E-03   2.45527E-03 
    6.86310E-01   8.71523E-02   1.90311E-01   2.85797E-02   7.87284E-01 
    2.10458E-01   2.25772E-03
   8.13000E+02   3.53020E-05   2.01548E-03   9.32643E-01   5.46451E-03 
    2.41728E-02   3.56693E-02   2.50000E-01   1.00792E-01   5.63621E-01 
    8.14721E-02   4.11475E-03   0.00000E+00   4.63041E-03   2.22365E-03 
    6.65789E-01   9.27795E-02   2.06426E-01   2.81513E-02   7.88097E-01 
    2.10498E-01   1.40431E-03
   8.03000E+02   3.00426E-05   1.87700E-03   9.33038E-01   5.14641E-03 
    2.42416E-02   3.56672E-02   2.50000E-01   1.01299E-01   5.61767E-01 
    8.27968E-02   4.13709E-03   0.00000E+00   4.13211E-03   2.01252E-03 
    6.45194E-01   9.84057E-02   2.22542E-01   2.77139E-02   7.88480E-01 
    2.10524E-01   9.95977E-04
   7.93000E+02   2.55051E-05   1.74370E-03   9.33490E-01   4.83000E-03 
    2.42435E-02   3.56676E-02   2.50000E-01   1.01791E-01   5.60070E-01 
    8.39912E-02   4.14710E-03   0.00000E+00   3.69437E-03   1.82116E-03 
    6.24847E-01   1.03932E-01   2.38423E-01   2.72826E-02   7.88552E-01 
    2.10542E-01   9.06782E-04
   7.83000E+02   2.15972E-05   1.61573E-03   9.33989E-01   4.51792E-03 
    2.41860E-02   3.56701E-02   2.50000E-01   1.02266E-01   5.58525E-01 
    8.50635E-02   4.14592E-03   0.00000E+00   3.31205E-03   1.64831E-03 
    6.05014E-01   1.09273E-01   2.53882E-01   2.68701E-02   7.88401E-01 
    2.10554E-01   1.04537E-03
   7.73000E+02   1.82377E-05   1.49321E-03   9.34526E-01   4.21236E-03 
    2.40759E-02   3.56745E-02   2.50000E-01   1.02721E-01   5.57123E-01 
    8.60214E-02   4.13463E-03   0.00000E+00   2.97890E-03   1.49236E-03 
    5.85876E-01   1.14369E-01   2.68798E-01   2.64856E-02   7.88091E-01 
    2.10562E-01   1.34669E-03
   7.63000E+02   1.53557E-05   1.37626E-03   9.35093E-01   3.91510E-03 
    2.39195E-02   3.56805E-02   2.50000E-01   1.03157E-01   5.55857E-01 
    8.68719E-02   4.11423E-03   0.00000E+00   2.68837E-03   1.35159E-03 
    5.67537E-01   1.19182E-01   2.83105E-01   2.61354E-02   7.87667E-01 
    2.10568E-01   1.76493E-03
   7.53000E+02   1.28887E-05   1.26496E-03   9.35685E-01   3.62757E-03 
    2.37222E-02   3.56877E-02   2.50000E-01   1.03572E-01   5.54721E-01 
    8.76209E-02   4.08559E-03   0.00000E+00   2.43424E-03   1.22431E-03 
    5.50037E-01   1.23696E-01   2.96785E-01   2.58230E-02   7.87159E-01 
    2.10573E-01   2.26795E-03
   7.43000E+02   1.07821E-05   1.15935E-03   9.36294E-01   3.35087E-03 
    2.34887E-02   3.56959E-02   2.50000E-01   1.03967E-01   5.53710E-01 
    8.82741E-02   4.04945E-03   0.00000E+00   2.21098E-03   1.10901E-03 
    5.33373E-01   1.27907E-01   3.09850E-01   2.55498E-02   7.86590E-01 
    2.10577E-01   2.83316E-03
   7.33000E+02   8.98794E-06   1.05944E-03   9.36918E-01   3.08586E-03 
    2.32229E-02   3.57050E-02   2.50000E-01   1.04340E-01   5.52817E-01 
    8.88363E-02   4.00644E-03   0.00000E+00   2.01381E-03   1.00432E-03 
    5.17514E-01   1.31823E-01   3.22329E-01   2.53159E-02   7.85976E-01 
    2.10580E-01   3.44461E-03
   7.23000E+02   7.46425E-06   9.65226E-04   9.37552E-01   2.83314E-03 
    2.29278E-02   3.57147E-02   2.50000E-01   1.04692E-01   5.52039E-01 
    8.93121E-02   3.95708E-03   0.00000E+00   1.83874E-03   9.09086E-04 
    5.02413E-01   1.35456E-01   3.34263E-01   2.51208E-02   7.85327E-01 
    2.10582E-01   4.09088E-03
   7.13000E+02   6.17418E-06   8.76663E-04   9.38193E-01   2.59314E-03 
    2.26063E-02   3.57248E-02   2.50000E-01   1.05023E-01   5.51370E-01 
    8.97055E-02   3.90181E-03   0.00000E+00   1.68244E-03   8.22306E-04 
    4.88017E-01   1.38822E-01   3.45693E-01   2.49633E-02   7.84652E-01 
    2.10584E-01   4.76377E-03
   7.03000E+02   5.08550E-06   7.93683E-04   9.38839E-01   2.36612E-03 
    2.22605E-02   3.57352E-02   2.50000E-01   1.05333E-01   5.50805E-01 
    9.00205E-02   3.84100E-03   0.00000E+00   1.54217E-03   7.43126E-04 
    4.74272E-01   1.41938E-01   3.56663E-01   2.48421E-02   7.83957E-01 
    2.10586E-01   5.45730E-03
   6.93000E+02   4.16999E-06   7.16190E-04   9.39489E-01   2.15220E-03 
    2.18922E-02   3.57459E-02   2.50000E-01   1.05623E-01   5.50341E-01 
    9.02608E-02   3.77494E-03   0.00000E+00   1.41553E-03   6.70760E-04 
    4.61121E-01   1.44817E-01   3.67219E-01   2.47567E-02   7.83245E-01 
    2.10588E-01   6.16709E-03
   6.83000E+02   3.40303E-06   6.44067E-04   9.40142E-01   1.95137E-03 
    2.15028E-02   3.57565E-02   2.50000E-01   1.05893E-01   5.49974E-01 
    9.04296E-02   3.70392E-03   0.00000E+00   1.30084E-03   6.04650E-04 
    4.48518E-01   1.47481E-01   3.77391E-01   2.47047E-02   7.82521E-01 
    2.10589E-01   6.88987E-03
   6.73000E+02   2.76311E-06   5.77175E-04   9.40796E-01   1.76351E-03 
    2.10936E-02   3.57672E-02   2.50000E-01   1.06143E-01   5.49699E-01 
    9.05305E-02   3.62815E-03   0.00000E+00   1.19648E-03   5.44216E-04 
    4.36415E-01   1.49943E-01   3.87216E-01   2.46852E-02   7.81786E-01 
    2.10590E-01   7.62314E-03
