
 Phase Region for:
     FCC_A1#1                      
 col-1=T, col-2=W(FCC_A1#1,C), col-3=W(FCC_A1#1,CR), col-4=W(FCC_A1#1,FE),
   col-5=W(FCC_A1#1,MN), col-6=W(FCC_A1#1,NI), col-7=W(FCC_A1#1,SI),
   col-8=NP(FCC_A1#1),
   1.17300E+03   1.20000E-02   1.00000E-06   9.42997E-01   3.00000E-02 
    1.50005E-02   1.00000E-06   1.00000E+00
   1.18300E+03   1.20000E-02   1.00000E-06   9.42998E-01   3.00000E-02 
    1.50005E-02   1.00000E-06   1.00000E+00
   1.19300E+03   1.20000E-02   1.00000E-06   9.42998E-01   3.00000E-02 
    1.50005E-02   1.00000E-06   1.00000E+00
   1.20300E+03   1.20000E-02   1.00000E-06   9.42997E-01   3.00000E-02 
    1.50005E-02   1.00000E-06   1.00000E+00
   1.21300E+03   1.20000E-02   1.00000E-06   9.42997E-01   3.00000E-02 
    1.50005E-02   1.00000E-06   1.00000E+00
   1.22300E+03   1.20000E-02   1.00000E-06   9.42998E-01   3.00000E-02 
    1.50005E-02   1.00000E-06   1.00000E+00
   1.23300E+03   1.20000E-02   1.00000E-06   9.42998E-01   3.00000E-02 
    1.50005E-02   1.00000E-06   1.00000E+00
   1.24300E+03   1.20000E-02   1.00000E-06   9.42998E-01   3.00000E-02 
    1.50005E-02   1.00000E-06   1.00000E+00
   1.25300E+03   1.20000E-02   1.00000E-06   9.42998E-01   3.00000E-02 
    1.50005E-02   1.00000E-06   1.00000E+00
   1.26300E+03   1.20000E-02   1.00000E-06   9.42998E-01   3.00000E-02 
    1.50005E-02   1.00000E-06   1.00000E+00
   1.27300E+03   1.20000E-02   1.00000E-06   9.42998E-01   3.00000E-02 
    1.50005E-02   1.00000E-06   1.00000E+00
   1.28300E+03   1.20000E-02   1.00000E-06   9.42997E-01   3.00000E-02 
    1.50005E-02   1.00000E-06   1.00000E+00
   1.29300E+03   1.20000E-02   1.00000E-06   9.42998E-01   3.00000E-02 
    1.50005E-02   1.00000E-06   1.00000E+00
   1.30300E+03   1.20000E-02   1.00000E-06   9.42997E-01   3.00000E-02 
    1.50005E-02   1.00000E-06   1.00000E+00
   1.31300E+03   1.20000E-02   1.00000E-06   9.42997E-01   3.00000E-02 
    1.50005E-02   1.00000E-06   1.00000E+00
   1.32300E+03   1.20000E-02   1.00000E-06   9.42998E-01   3.00000E-02 
    1.50005E-02   1.00000E-06   1.00000E+00
   1.33300E+03   1.20000E-02   1.00000E-06   9.42998E-01   3.00000E-02 
    1.50005E-02   1.00000E-06   1.00000E+00
   1.34300E+03   1.20000E-02   1.00000E-06   9.42998E-01   3.00000E-02 
    1.50005E-02   1.00000E-06   1.00000E+00
   1.35300E+03   1.20000E-02   1.00000E-06   9.42998E-01   3.00000E-02 
    1.50005E-02   1.00000E-06   1.00000E+00
   1.36300E+03   1.20000E-02   1.00000E-06   9.42998E-01   3.00000E-02 
    1.50005E-02   1.00000E-06   1.00000E+00
   1.37300E+03   1.20000E-02   1.00000E-06   9.42997E-01   3.00000E-02 
    1.50005E-02   1.00000E-06   1.00000E+00
   1.38300E+03   1.20000E-02   1.00000E-06   9.42998E-01   3.00000E-02 
    1.50005E-02   1.00000E-06   1.00000E+00
   1.39300E+03   1.20000E-02   1.00000E-06   9.42997E-01   3.00000E-02 
    1.50005E-02   1.00000E-06   1.00000E+00
   1.40300E+03   1.20000E-02   1.00000E-06   9.42998E-01   3.00000E-02 
    1.50005E-02   1.00000E-06   1.00000E+00
   1.41300E+03   1.20000E-02   1.00000E-06   9.42998E-01   3.00000E-02 
    1.50005E-02   1.00000E-06   1.00000E+00
   1.42300E+03   1.20000E-02   1.00000E-06   9.42998E-01   3.00000E-02 
    1.50005E-02   1.00000E-06   1.00000E+00
   1.43300E+03   1.20000E-02   1.00000E-06   9.42998E-01   3.00000E-02 
    1.50005E-02   1.00000E-06   1.00000E+00
   1.44300E+03   1.20000E-02   1.00000E-06   9.42998E-01   3.00000E-02 
    1.50005E-02   1.00000E-06   1.00000E+00
   1.45300E+03   1.20000E-02   1.00000E-06   9.42998E-01   3.00000E-02 
    1.50005E-02   1.00000E-06   1.00000E+00
   1.46300E+03   1.20000E-02   1.00000E-06   9.42998E-01   3.00000E-02 
    1.50005E-02   1.00000E-06   1.00000E+00
   1.47300E+03   1.20000E-02   1.00000E-06   9.42998E-01   3.00000E-02 
    1.50005E-02   1.00000E-06   1.00000E+00

 Phase Region for:
     FCC_A1#1                      
 col-1=T, col-2=W(FCC_A1#1,C), col-3=W(FCC_A1#1,CR), col-4=W(FCC_A1#1,FE),
   col-5=W(FCC_A1#1,MN), col-6=W(FCC_A1#1,NI), col-7=W(FCC_A1#1,SI),
   col-8=NP(FCC_A1#1),
   1.17300E+03   1.20000E-02   1.00000E-06   9.42997E-01   3.00000E-02 
    1.50005E-02   1.00000E-06   1.00000E+00
   1.17290E+03   1.20000E-02   1.00000E-06   9.42997E-01   3.00000E-02 
    1.50005E-02   1.00000E-06   1.00000E+00
   1.17108E+03   1.20000E-02   1.00000E-06   9.42998E-01   3.00000E-02 
    1.50005E-02   1.00000E-06   1.00000E+00

 Phase Region for:
     CEMENTITE                     
     FCC_A1#1                      
 col-1=T, col-2=W(CEMENTITE,C), col-3=W(CEMENTITE,CR), col-4=W(CEMENTITE,FE),
   col-5=W(CEMENTITE,MN), col-6=W(CEMENTITE,NI), col-7=W(CEMENTITE,SI),
   col-8=W(FCC_A1#1,C), col-9=W(FCC_A1#1,CR), col-10=W(FCC_A1#1,FE),
   col-11=W(FCC_A1#1,MN), col-12=W(FCC_A1#1,NI), col-13=W(FCC_A1#1,SI),
   col-14=NP(CEMENTITE), col-15=NP(FCC_A1#1),
   1.17108E+03   6.69495E-02   6.80827E-06   8.72870E-01   5.75509E-02 
    2.62322E-03   0.00000E+00   1.20000E-02   1.00000E-06   9.42998E-01 
    3.00000E-02   1.50005E-02   1.00000E-06   6.47746E-08   1.00000E+00  NONE
   1.16300E+03   6.69499E-02   6.81549E-06   8.72646E-01   5.78121E-02 
    2.58550E-03   0.00000E+00   1.17600E-02   9.74595E-07   9.43305E-01 
    2.98785E-02   1.50547E-02   1.00437E-06   5.18976E-03   9.94810E-01  NONE
   1.15300E+03   6.69504E-02   6.82268E-06   8.72362E-01   5.81418E-02 
    2.53886E-03   0.00000E+00   1.14654E-02   9.43349E-07   9.43685E-01 
    2.97262E-02   1.51217E-02   1.00973E-06   1.14973E-02   9.88503E-01  NONE
   1.14300E+03   6.69510E-02   6.82791E-06   8.72071E-01   5.84788E-02 
    2.49230E-03   0.00000E+00   1.11736E-02   9.12356E-07   9.44064E-01 
    2.95717E-02   1.51886E-02   1.01504E-06   1.76785E-02   9.82322E-01  NONE
   1.13300E+03   6.69515E-02   6.83121E-06   8.71773E-01   5.88231E-02 
    2.44582E-03   0.00000E+00   1.08847E-02   8.81647E-07   9.44443E-01 
    2.94150E-02   1.52553E-02   1.02030E-06   2.37365E-02   9.76264E-01  NONE
   1.12300E+03   6.69520E-02   6.83257E-06   8.71467E-01   5.91750E-02 
    2.39943E-03   0.00000E+00   1.05986E-02   8.51253E-07   9.44822E-01 
    2.92560E-02   1.53219E-02   1.02550E-06   2.96740E-02   9.70326E-01  NONE
   1.11300E+03   6.69526E-02   6.83200E-06   8.71153E-01   5.95344E-02 
    2.35313E-03   0.00000E+00   1.03153E-02   8.21204E-07   9.45200E-01 
    2.90945E-02   1.53882E-02   1.03066E-06   3.54939E-02   9.64506E-01  NONE
   1.10300E+03   6.69531E-02   6.82953E-06   8.70832E-01   5.99016E-02 
    2.30694E-03   0.00000E+00   1.00348E-02   7.91529E-07   9.45578E-01 
    2.89307E-02   1.54544E-02   1.03576E-06   4.11987E-02   9.58801E-01  NONE
   1.09300E+03   6.69537E-02   6.82519E-06   8.70502E-01   6.02766E-02 
    2.26087E-03   0.00000E+00   9.75717E-03   7.62257E-07   9.45956E-01 
    2.87643E-02   1.55204E-02   1.04081E-06   4.67909E-02   9.53209E-01  NONE
   1.08300E+03   6.69543E-02   6.81899E-06   8.70164E-01   6.06597E-02 
    2.21492E-03   0.00000E+00   9.48238E-03   7.33415E-07   9.46334E-01 
    2.85954E-02   1.55862E-02   1.04581E-06   5.22725E-02   9.47727E-01  NONE
   1.07300E+03   6.69548E-02   6.81097E-06   8.69818E-01   6.10509E-02 
    2.16910E-03   0.00000E+00   9.21044E-03   7.05029E-07   9.46712E-01 
    2.84238E-02   1.56518E-02   1.05076E-06   5.76459E-02   9.42354E-01  NONE
   1.06300E+03   6.69554E-02   6.80118E-06   8.69464E-01   6.14503E-02 
    2.12342E-03   0.00000E+00   8.94137E-03   6.77126E-07   9.47090E-01 
    2.82496E-02   1.57172E-02   1.05566E-06   6.29130E-02   9.37087E-01  NONE
   1.05300E+03   6.69560E-02   6.78966E-06   8.69102E-01   6.18575E-02 
    2.07792E-03   0.00000E+00   8.67521E-03   6.49731E-07   9.47468E-01 
    2.80726E-02   1.57823E-02   1.06050E-06   6.80752E-02   9.31925E-01  NONE
   1.04300E+03   6.69566E-02   6.77645E-06   8.68730E-01   6.22740E-02 
    2.03256E-03   0.00000E+00   8.41194E-03   6.22862E-07   9.47846E-01 
    2.78929E-02   1.58472E-02   1.06529E-06   7.31351E-02   9.26865E-01  NONE
   1.03300E+03   6.69573E-02   6.76162E-06   8.68349E-01   6.26992E-02 
    1.98736E-03   0.00000E+00   8.15162E-03   5.96543E-07   9.48225E-01 
    2.77102E-02   1.59117E-02   1.07002E-06   7.80939E-02   9.21906E-01  NONE
   1.02300E+03   6.69579E-02   6.74521E-06   8.67960E-01   6.31334E-02 
    1.94236E-03   0.00000E+00   7.89427E-03   5.70794E-07   9.48603E-01 
    2.75247E-02   1.59760E-02   1.07471E-06   8.29530E-02   9.17047E-01  NONE
   1.01300E+03   6.69585E-02   6.72729E-06   8.67561E-01   6.35767E-02 
    1.89754E-03   0.00000E+00   7.63993E-03   5.45633E-07   9.48982E-01 
    2.73362E-02   1.60400E-02   1.07933E-06   8.77139E-02   9.12286E-01  NONE
   1.00300E+03   6.69592E-02   6.70793E-06   8.67152E-01   6.40292E-02 
    1.85293E-03   0.00000E+00   7.38864E-03   5.21075E-07   9.49361E-01 
    2.71448E-02   1.61037E-02   1.08391E-06   9.23779E-02   9.07622E-01  NONE
   9.93000E+02   6.69598E-02   6.68720E-06   8.66734E-01   6.44913E-02 
    1.80853E-03   0.00000E+00   7.14043E-03   4.97136E-07   9.49741E-01 
    2.69503E-02   1.61669E-02   1.08842E-06   9.69461E-02   9.03054E-01  NONE
   9.83000E+02   6.69605E-02   6.66517E-06   8.66306E-01   6.49630E-02 
    1.76436E-03   0.00000E+00   6.89536E-03   4.73828E-07   9.50121E-01 
    2.67527E-02   1.62299E-02   1.09288E-06   1.01420E-01   8.98580E-01  NONE
   9.73000E+02   6.69612E-02   6.64192E-06   8.65867E-01   6.54446E-02 
    1.72042E-03   0.00000E+00   6.65347E-03   4.51163E-07   9.50501E-01 
    2.65520E-02   1.62924E-02   1.09728E-06   1.05799E-01   8.94201E-01  NONE
   9.63000E+02   6.69618E-02   6.61753E-06   8.65419E-01   6.59362E-02 
    1.67674E-03   0.00000E+00   6.41481E-03   4.29150E-07   9.50881E-01 
    2.63482E-02   1.63545E-02   1.10162E-06   1.10086E-01   8.89914E-01  NONE
   9.60546E+02   6.69620E-02   6.61138E-06   8.65307E-01   6.60585E-02 
    1.66606E-03   0.00000E+00   6.35675E-03   4.23849E-07   9.50974E-01 
    2.62977E-02   1.63696E-02   1.10268E-06   1.11124E-01   8.88876E-01  NONE

 Phase Region for:
     BCC_A2                        
     CEMENTITE                     
     FCC_A1#1                      
 col-1=T, col-2=W(BCC_A2,C), col-3=W(BCC_A2,CR), col-4=W(BCC_A2,FE),
   col-5=W(BCC_A2,MN), col-6=W(BCC_A2,NI), col-7=W(BCC_A2,SI),
   col-8=W(CEMENTITE,C), col-9=W(CEMENTITE,CR), col-10=W(CEMENTITE,FE),
   col-11=W(CEMENTITE,MN), col-12=W(CEMENTITE,NI), col-13=W(CEMENTITE,SI),
   col-14=W(FCC_A1#1,C), col-15=W(FCC_A1#1,CR), col-16=W(FCC_A1#1,FE),
   col-17=W(FCC_A1#1,MN), col-18=W(FCC_A1#1,NI), col-19=W(FCC_A1#1,SI),
   col-20=NP(BCC_A2), col-21=NP(CEMENTITE), col-22=NP(FCC_A1#1),
   9.60546E+02   1.06506E-04   2.01248E-07   9.88400E-01   5.70362E-03 
    5.78805E-03   1.57412E-06   6.69620E-02   6.61137E-06   8.65307E-01 
    6.60586E-02   1.66607E-03   0.00000E+00   6.35675E-03   4.23848E-07 
    9.50974E-01   2.62977E-02   1.63697E-02   1.10267E-06   3.92086E-06 
    1.11125E-01   8.88872E-01
   9.53000E+02   9.54608E-05   1.76887E-07   9.86637E-01   6.34134E-03 
    6.92470E-03   1.40630E-06   6.69715E-02   5.96589E-06   8.55428E-01 
    7.55978E-02   1.99685E-03   0.00000E+00   6.13059E-03   3.69094E-07 
    9.42500E-01   3.06326E-02   2.07358E-02   1.03105E-06   2.40207E-01 
    1.44821E-01   6.14971E-01
   9.43000E+02   8.26736E-05   1.58129E-07   9.84501E-01   6.98588E-03 
    8.42948E-03   1.30271E-06   6.69825E-02   5.53848E-06   8.43771E-01 
    8.68013E-02   2.43962E-03   0.00000E+00   5.83611E-03   3.25831E-07 
    9.30806E-01   3.61113E-02   2.72449E-02   1.01187E-06   4.41487E-01 
    1.72089E-01   3.86424E-01
   9.33000E+02   7.16901E-05   1.45842E-07   9.82587E-01   7.42911E-03 
    9.91078E-03   1.25421E-06   6.69918E-02   5.32164E-06   8.33591E-01 
    9.65293E-02   2.88229E-03   0.00000E+00   5.54630E-03   2.96605E-07 
    9.18461E-01   4.13774E-02   3.46140E-02   1.02944E-06   5.66628E-01 
    1.88309E-01   2.45063E-01
   9.23000E+02   6.22262E-05   1.36526E-07   9.80891E-01   7.70223E-03 
    1.13434E-02   1.23055E-06   6.69997E-02   5.20557E-06   8.24702E-01 
    1.04975E-01   3.31830E-03   0.00000E+00   5.25971E-03   2.73837E-07 
    9.05319E-01   4.65400E-02   4.28798E-02   1.06490E-06   6.47387E-01 
    1.98285E-01   1.54328E-01
   9.13000E+02   5.40460E-05   1.28751E-07   9.79406E-01   7.83480E-03 
    1.27040E-02   1.21948E-06   6.70065E-02   5.14424E-06   8.16922E-01 
    1.12325E-01   3.74109E-03   0.00000E+00   4.97501E-03   2.54421E-07 
    8.91225E-01   5.17117E-02   5.20874E-02   1.11040E-06   7.00700E-01 
    2.04535E-01   9.47650E-02
   9.03000E+02   4.69553E-05   1.21843E-07   9.78126E-01   7.85295E-03 
    1.39730E-02   1.21515E-06   6.70123E-02   5.11513E-06   8.10095E-01 
    1.18743E-01   4.14463E-03   0.00000E+00   4.69095E-03   2.36892E-07 
    8.76004E-01   5.70059E-02   6.22982E-02   1.16177E-06   7.36311E-01 
    2.08477E-01   5.52121E-02
   8.93000E+02   4.07949E-05   1.15456E-07   9.77044E-01   7.77889E-03 
    1.51350E-02   1.21444E-06   6.70173E-02   5.10598E-06   8.04087E-01 
    1.24367E-01   4.52375E-03   0.00000E+00   4.40648E-03   2.20496E-07 
    8.59464E-01   6.25349E-02   7.35932E-02   1.21612E-06   7.60145E-01 
    2.10952E-01   2.89035E-02
   8.83000E+02   3.54331E-05   1.09402E-07   9.76154E-01   7.63113E-03 
    1.61783E-02   1.21557E-06   6.70216E-02   5.10959E-06   7.98791E-01 
    1.29308E-01   4.87417E-03   0.00000E+00   4.12085E-03   2.04831E-07 
    8.41399E-01   6.84085E-02   8.60701E-02   1.27086E-06   7.75963E-01 
    2.12479E-01   1.15580E-02
   8.73000E+02   3.07605E-05   1.03577E-07   9.75447E-01   7.42502E-03 
    1.70955E-02   1.21744E-06   6.70254E-02   5.12149E-06   7.94122E-01 
    1.33655E-01   5.19246E-03   0.00000E+00   3.83382E-03   1.89686E-07 
    8.21606E-01   7.47289E-02   9.98300E-02   1.32303E-06   7.86243E-01 
    2.13390E-01   3.66531E-04
   8.72580E+02   3.05777E-05   1.03337E-07   9.75422E-01   7.41528E-03 
    1.71312E-02   1.21752E-06   6.70256E-02   5.12212E-06   7.93938E-01 
    1.33826E-01   5.20509E-03   0.00000E+00   3.82173E-03   1.89059E-07 
    8.20733E-01   7.50058E-02   1.00438E-01   1.32511E-06   7.86582E-01 
    2.13418E-01   0.00000E+00

 Phase Region for:
     BCC_A2                        
     CEMENTITE                     
 col-1=T, col-2=W(BCC_A2,C), col-3=W(BCC_A2,CR), col-4=W(BCC_A2,FE),
   col-5=W(BCC_A2,MN), col-6=W(BCC_A2,NI), col-7=W(BCC_A2,SI),
   col-8=W(CEMENTITE,C), col-9=W(CEMENTITE,CR), col-10=W(CEMENTITE,FE),
   col-11=W(CEMENTITE,MN), col-12=W(CEMENTITE,NI), col-13=W(CEMENTITE,SI),
   col-14=NP(BCC_A2), col-15=NP(CEMENTITE),
   8.72580E+02   3.05777E-05   1.03337E-07   9.75422E-01   7.41528E-03 
    1.71312E-02   1.21752E-06   6.70256E-02   5.12212E-06   7.93938E-01 
    1.33826E-01   5.20509E-03   0.00000E+00   7.86582E-01   2.13418E-01  NONE
   8.63000E+02   2.68744E-05   9.76207E-08   9.75829E-01   7.01908E-03 
    1.71236E-02   1.21758E-06   6.70274E-02   5.14725E-06   7.92106E-01 
    1.35618E-01   5.24280E-03   0.00000E+00   7.86527E-01   2.13473E-01  NONE
   8.53000E+02   2.34366E-05   9.18337E-08   9.76240E-01   6.61964E-03 
    1.71157E-02   1.21764E-06   6.70293E-02   5.17280E-06   7.90257E-01 
    1.37427E-01   5.28158E-03   0.00000E+00   7.86477E-01   2.13523E-01  NONE
   8.43000E+02   2.03923E-05   8.62339E-08   9.76636E-01   6.23447E-03 
    1.71079E-02   1.21769E-06   6.70311E-02   5.19760E-06   7.88471E-01 
    1.39172E-01   5.31979E-03   0.00000E+00   7.86432E-01   2.13568E-01  NONE
   8.33000E+02   1.77012E-05   8.08243E-08   9.77018E-01   5.86340E-03 
    1.71001E-02   1.21773E-06   6.70328E-02   5.22163E-06   7.86749E-01 
    1.40856E-01   5.35744E-03   0.00000E+00   7.86393E-01   2.13607E-01  NONE
   8.23000E+02   1.53268E-05   7.56077E-08   9.77385E-01   5.50628E-03 
    1.70924E-02   1.21777E-06   6.70345E-02   5.24488E-06   7.85089E-01 
    1.42477E-01   5.39456E-03   0.00000E+00   7.86358E-01   2.13642E-01  NONE
   8.13000E+02   1.32360E-05   7.05866E-08   9.77738E-01   5.16297E-03 
    1.70847E-02   1.21780E-06   6.70361E-02   5.26732E-06   7.83491E-01 
    1.44037E-01   5.43114E-03   0.00000E+00   7.86328E-01   2.13672E-01  NONE
   8.03000E+02   1.13990E-05   6.57629E-08   9.78077E-01   4.83334E-03 
    1.70771E-02   1.21783E-06   6.70377E-02   5.28893E-06   7.81954E-01 
    1.45536E-01   5.46719E-03   0.00000E+00   7.86301E-01   2.13699E-01  NONE
   7.93000E+02   9.78839E-06   6.11381E-08   9.78402E-01   4.51725E-03 
    1.70696E-02   1.21785E-06   6.70391E-02   5.30969E-06   7.80478E-01 
    1.46974E-01   5.50270E-03   0.00000E+00   7.86277E-01   2.13723E-01  NONE
   7.83000E+02   8.37980E-06   5.67133E-08   9.78714E-01   4.21456E-03 
    1.70622E-02   1.21787E-06   6.70406E-02   5.32961E-06   7.79063E-01 
    1.48353E-01   5.53767E-03   0.00000E+00   7.86257E-01   2.13743E-01  NONE
   7.73000E+02   7.15097E-06   5.24888E-08   9.79012E-01   3.92512E-03 
    1.70548E-02   1.21789E-06   6.70419E-02   5.34866E-06   7.77708E-01 
    1.49672E-01   5.57206E-03   0.00000E+00   7.86239E-01   2.13761E-01  NONE
   7.63000E+02   6.08184E-06   4.84647E-08   9.79296E-01   3.64879E-03 
    1.70476E-02   1.21790E-06   6.70432E-02   5.36684E-06   7.76413E-01 
    1.50933E-01   5.60587E-03   0.00000E+00   7.86223E-01   2.13777E-01  NONE
   7.53000E+02   5.15428E-06   4.46402E-08   9.79568E-01   3.38538E-03 
    1.70405E-02   1.21791E-06   6.70444E-02   5.38415E-06   7.75177E-01 
    1.52135E-01   5.63907E-03   0.00000E+00   7.86209E-01   2.13791E-01  NONE
   7.43000E+02   4.35197E-06   4.10141E-08   9.79826E-01   3.13473E-03 
    1.70335E-02   1.21792E-06   6.70456E-02   5.40059E-06   7.73998E-01 
    1.53279E-01   5.67162E-03   0.00000E+00   7.86198E-01   2.13802E-01  NONE
   7.33000E+02   3.66020E-06   3.75845E-08   9.80072E-01   2.89663E-03 
    1.70266E-02   1.21793E-06   6.70467E-02   5.41616E-06   7.72877E-01 
    1.54367E-01   5.70349E-03   0.00000E+00   7.86188E-01   2.13812E-01  NONE
   7.23000E+02   3.06575E-06   3.43490E-08   9.80305E-01   2.67089E-03 
    1.70199E-02   1.21794E-06   6.70477E-02   5.43087E-06   7.71813E-01 
    1.55399E-01   5.73465E-03   0.00000E+00   7.86179E-01   2.13821E-01  NONE
   7.13000E+02   2.55674E-06   3.13047E-08   9.80526E-01   2.45727E-03 
    1.70133E-02   1.21794E-06   6.70487E-02   5.44473E-06   7.70805E-01 
    1.56376E-01   5.76505E-03   0.00000E+00   7.86171E-01   2.13829E-01  NONE
   7.03000E+02   2.12255E-06   2.84479E-08   9.80734E-01   2.25552E-03 
    1.70069E-02   1.21795E-06   6.70496E-02   5.45775E-06   7.69851E-01 
    1.57299E-01   5.79463E-03   0.00000E+00   7.86165E-01   2.13835E-01  NONE
   6.93000E+02   1.75366E-06   2.57746E-08   9.80931E-01   2.06539E-03 
    1.70007E-02   1.21795E-06   6.70505E-02   5.46995E-06   7.68951E-01 
    1.58170E-01   5.82336E-03   0.00000E+00   7.86160E-01   2.13840E-01  NONE
   6.83000E+02   1.44156E-06   2.32803E-08   9.81116E-01   1.88660E-03 
    1.69946E-02   1.21795E-06   6.70513E-02   5.48135E-06   7.68103E-01 
    1.58989E-01   5.85116E-03   0.00000E+00   7.86155E-01   2.13845E-01  NONE
   6.73000E+02   1.17871E-06   2.09599E-08   9.81290E-01   1.71885E-03 
    1.69888E-02   1.21795E-06   6.70521E-02   5.49196E-06   7.67307E-01 
    1.59757E-01   5.87798E-03   0.00000E+00   7.86151E-01   2.13849E-01  NONE
