
 Phase Region for:
     CEMENTITE                     
     FCC_A1#2                      
 col-1=T, col-2=X(CEMENTITE,C), col-3=X(CEMENTITE,CR), col-4=X(CEMENTITE,FE),
   col-5=X(CEMENTITE,MN), col-6=X(CEMENTITE,NI), col-7=X(CEMENTITE,SI),
   col-8=X(FCC_A1#2,C), col-9=X(FCC_A1#2,CR), col-10=X(FCC_A1#2,FE),
   col-11=X(FCC_A1#2,MN), col-12=X(FCC_A1#2,NI), col-13=X(FCC_A1#2,SI),
   col-14=NP(CEMENTITE), col-15=NP(FCC_A1#2),
   1.17300E+03   2.50000E-01   4.11510E-02   6.61889E-01   4.69596E-02 
    1.15315E-07   0.00000E+00   5.09227E-02   7.28894E-03   9.12822E-01 
    2.89633E-02   9.20741E-07   1.92707E-06   1.24486E-02   9.87551E-01
   1.18300E+03   2.50000E-01   4.10704E-02   6.62268E-01   4.66620E-02 
    1.17421E-07   0.00000E+00   5.22153E-02   7.50930E-03   9.11191E-01 
    2.90820E-02   9.15499E-07   1.91455E-06   5.99438E-03   9.94006E-01
   1.19209E+03   2.50000E-01   4.09898E-02   6.62612E-01   4.63982E-02 
    1.19342E-07   0.00000E+00   5.34009E-02   7.71048E-03   9.09698E-01 
    2.91874E-02   9.10715E-07   1.90308E-06   0.00000E+00   1.00000E+00

 Phase Region for:
     FCC_A1#2                      
 col-1=T, col-2=X(FCC_A1#2,C), col-3=X(FCC_A1#2,CR), col-4=X(FCC_A1#2,FE),
   col-5=X(FCC_A1#2,MN), col-6=X(FCC_A1#2,NI), col-7=X(FCC_A1#2,SI),
   col-8=NP(FCC_A1#2),
   1.19209E+03   5.34009E-02   7.71048E-03   9.09698E-01   2.91874E-02 
    9.10715E-07   1.90308E-06   1.00000E+00
   1.19300E+03   5.34009E-02   7.71048E-03   9.09698E-01   2.91874E-02 
    9.10715E-07   1.90308E-06   1.00000E+00
   1.20300E+03   5.34009E-02   7.71048E-03   9.09698E-01   2.91874E-02 
    9.10715E-07   1.90308E-06   1.00000E+00
   1.21300E+03   5.34009E-02   7.71048E-03   9.09698E-01   2.91874E-02 
    9.10715E-07   1.90308E-06   1.00000E+00
   1.22300E+03   5.34009E-02   7.71048E-03   9.09698E-01   2.91874E-02 
    9.10715E-07   1.90308E-06   1.00000E+00
   1.23300E+03   5.34009E-02   7.71048E-03   9.09698E-01   2.91874E-02 
    9.10715E-07   1.90308E-06   1.00000E+00
   1.24300E+03   5.34009E-02   7.71048E-03   9.09698E-01   2.91874E-02 
    9.10715E-07   1.90308E-06   1.00000E+00
   1.25300E+03   5.34009E-02   7.71048E-03   9.09698E-01   2.91874E-02 
    9.10715E-07   1.90308E-06   1.00000E+00
   1.26300E+03   5.34009E-02   7.71048E-03   9.09698E-01   2.91874E-02 
    9.10715E-07   1.90308E-06   1.00000E+00
   1.27300E+03   5.34009E-02   7.71048E-03   9.09698E-01   2.91874E-02 
    9.10715E-07   1.90308E-06   1.00000E+00
   1.28300E+03   5.34009E-02   7.71048E-03   9.09698E-01   2.91874E-02 
    9.10715E-07   1.90308E-06   1.00000E+00
   1.29300E+03   5.34009E-02   7.71048E-03   9.09698E-01   2.91874E-02 
    9.10715E-07   1.90308E-06   1.00000E+00
   1.30300E+03   5.34009E-02   7.71048E-03   9.09698E-01   2.91874E-02 
    9.10715E-07   1.90308E-06   1.00000E+00
   1.31300E+03   5.34009E-02   7.71048E-03   9.09698E-01   2.91874E-02 
    9.10715E-07   1.90308E-06   1.00000E+00
   1.32300E+03   5.34009E-02   7.71048E-03   9.09698E-01   2.91874E-02 
    9.10715E-07   1.90308E-06   1.00000E+00
   1.33300E+03   5.34009E-02   7.71048E-03   9.09698E-01   2.91874E-02 
    9.10715E-07   1.90308E-06   1.00000E+00
   1.34300E+03   5.34009E-02   7.71048E-03   9.09698E-01   2.91874E-02 
    9.10715E-07   1.90308E-06   1.00000E+00
   1.35300E+03   5.34009E-02   7.71048E-03   9.09698E-01   2.91874E-02 
    9.10715E-07   1.90308E-06   1.00000E+00
   1.36300E+03   5.34009E-02   7.71048E-03   9.09698E-01   2.91874E-02 
    9.10715E-07   1.90308E-06   1.00000E+00
   1.37300E+03   5.34009E-02   7.71048E-03   9.09698E-01   2.91874E-02 
    9.10715E-07   1.90308E-06   1.00000E+00
   1.38300E+03   5.34009E-02   7.71048E-03   9.09698E-01   2.91874E-02 
    9.10715E-07   1.90308E-06   1.00000E+00
   1.39300E+03   5.34009E-02   7.71048E-03   9.09698E-01   2.91874E-02 
    9.10715E-07   1.90308E-06   1.00000E+00
   1.40300E+03   5.34009E-02   7.71048E-03   9.09698E-01   2.91874E-02 
    9.10715E-07   1.90308E-06   1.00000E+00
   1.41300E+03   5.34009E-02   7.71048E-03   9.09698E-01   2.91874E-02 
    9.10715E-07   1.90308E-06   1.00000E+00
   1.42300E+03   5.34009E-02   7.71048E-03   9.09698E-01   2.91874E-02 
    9.10715E-07   1.90308E-06   1.00000E+00
   1.43300E+03   5.34009E-02   7.71048E-03   9.09698E-01   2.91874E-02 
    9.10715E-07   1.90308E-06   1.00000E+00
   1.44300E+03   5.34009E-02   7.71048E-03   9.09698E-01   2.91874E-02 
    9.10715E-07   1.90308E-06   1.00000E+00
   1.45300E+03   5.34009E-02   7.71048E-03   9.09698E-01   2.91874E-02 
    9.10715E-07   1.90308E-06   1.00000E+00
   1.46300E+03   5.34009E-02   7.71048E-03   9.09698E-01   2.91874E-02 
    9.10715E-07   1.90308E-06   1.00000E+00
   1.47300E+03   5.34009E-02   7.71048E-03   9.09698E-01   2.91874E-02 
    9.10715E-07   1.90308E-06   1.00000E+00

 Phase Region for:
     CEMENTITE                     
     FCC_A1#2                      
 col-1=T, col-2=X(CEMENTITE,C), col-3=X(CEMENTITE,CR), col-4=X(CEMENTITE,FE),
   col-5=X(CEMENTITE,MN), col-6=X(CEMENTITE,NI), col-7=X(CEMENTITE,SI),
   col-8=X(FCC_A1#2,C), col-9=X(FCC_A1#2,CR), col-10=X(FCC_A1#2,FE),
   col-11=X(FCC_A1#2,MN), col-12=X(FCC_A1#2,NI), col-13=X(FCC_A1#2,SI),
   col-14=NP(CEMENTITE), col-15=NP(FCC_A1#2),
   1.17300E+03   2.50000E-01   4.11510E-02   6.61889E-01   4.69596E-02 
    1.15315E-07   0.00000E+00   5.09227E-02   7.28894E-03   9.12822E-01 
    2.89633E-02   9.20741E-07   1.92707E-06   1.24486E-02   9.87551E-01
   1.16300E+03   2.50000E-01   4.12231E-02   6.61512E-01   4.72651E-02 
    1.13219E-07   0.00000E+00   4.96428E-02   7.06987E-03   9.14443E-01 
    2.88418E-02   9.25959E-07   1.93946E-06   1.87568E-02   9.81243E-01
   1.15300E+03   2.50000E-01   4.12866E-02   6.61135E-01   4.75785E-02 
    1.11132E-07   0.00000E+00   4.83759E-02   6.85228E-03   9.16052E-01 
    2.87173E-02   9.31152E-07   1.95172E-06   2.49228E-02   9.75077E-01
   1.14300E+03   2.50000E-01   4.13413E-02   6.60759E-01   4.79000E-02 
    1.09055E-07   0.00000E+00   4.71218E-02   6.63635E-03   9.17649E-01 
    2.85897E-02   9.36319E-07   1.96386E-06   3.09501E-02   9.69050E-01
   1.13300E+03   2.50000E-01   4.13872E-02   6.60383E-01   4.82296E-02 
    1.06988E-07   0.00000E+00   4.58807E-02   6.42228E-03   9.19235E-01 
    2.84590E-02   9.41459E-07   1.97587E-06   3.68424E-02   9.63158E-01
   1.12300E+03   2.50000E-01   4.14244E-02   6.60008E-01   4.85674E-02 
    1.04931E-07   0.00000E+00   4.46525E-02   6.21025E-03   9.20809E-01 
    2.83250E-02   9.46571E-07   1.98776E-06   4.26029E-02   9.57397E-01
   1.11300E+03   2.50000E-01   4.14527E-02   6.59633E-01   4.89137E-02 
    1.02884E-07   0.00000E+00   4.34374E-02   6.00045E-03   9.22372E-01 
    2.81876E-02   9.51655E-07   1.99952E-06   4.82347E-02   9.51765E-01
   1.10300E+03   2.50000E-01   4.14723E-02   6.59259E-01   4.92685E-02 
    1.00848E-07   0.00000E+00   4.22354E-02   5.79304E-03   9.23922E-01 
    2.80469E-02   9.56710E-07   2.01116E-06   5.37410E-02   9.46259E-01
   1.09300E+03   2.50000E-01   4.14830E-02   6.58885E-01   4.96319E-02 
    9.88222E-08   0.00000E+00   4.10466E-02   5.58821E-03   9.25460E-01 
    2.79026E-02   9.61734E-07   2.02267E-06   5.91246E-02   9.40875E-01
   1.08300E+03   2.50000E-01   4.14851E-02   6.58511E-01   5.00040E-02 
    9.68075E-08   0.00000E+00   3.98711E-02   5.38613E-03   9.26985E-01 
    2.77548E-02   9.66727E-07   2.03405E-06   6.43883E-02   9.35612E-01
   1.07300E+03   2.50000E-01   4.14785E-02   6.58136E-01   5.03851E-02 
    9.48038E-08   0.00000E+00   3.87088E-02   5.18696E-03   9.28498E-01 
    2.76032E-02   9.71689E-07   2.04530E-06   6.95347E-02   9.30465E-01
   1.06300E+03   2.50000E-01   4.14633E-02   6.57761E-01   5.07752E-02 
    9.28113E-08   0.00000E+00   3.75600E-02   4.99086E-03   9.29998E-01 
    2.74479E-02   9.76617E-07   2.05642E-06   7.45662E-02   9.25434E-01
   1.05300E+03   2.50000E-01   4.14397E-02   6.57386E-01   5.11744E-02 
    9.08302E-08   0.00000E+00   3.64248E-02   4.79800E-03   9.31485E-01 
    2.72888E-02   9.81511E-07   2.06741E-06   7.94854E-02   9.20515E-01
   1.04300E+03   2.50000E-01   4.14078E-02   6.57009E-01   5.15830E-02 
    8.88607E-08   0.00000E+00   3.53031E-02   4.60850E-03   9.32960E-01 
    2.71258E-02   9.86370E-07   2.07826E-06   8.42944E-02   9.15706E-01
   1.03300E+03   2.50000E-01   4.13677E-02   6.56631E-01   5.20009E-02 
    8.69029E-08   0.00000E+00   3.41952E-02   4.42252E-03   9.34420E-01 
    2.69587E-02   9.91192E-07   2.08899E-06   8.89955E-02   9.11004E-01
   1.02300E+03   2.50000E-01   4.13197E-02   6.56252E-01   5.24285E-02 
    8.49571E-08   0.00000E+00   3.31012E-02   4.24018E-03   9.35868E-01 
    2.67876E-02   9.95978E-07   2.09958E-06   9.35907E-02   9.06409E-01
   1.01300E+03   2.50000E-01   4.12638E-02   6.55870E-01   5.28658E-02 
    8.30234E-08   0.00000E+00   3.20211E-02   4.06161E-03   9.37302E-01 
    2.66124E-02   1.00072E-06   2.11003E-06   9.80819E-02   9.01918E-01
   1.00300E+03   2.50000E-01   4.12005E-02   6.55487E-01   5.33129E-02 
    8.11021E-08   0.00000E+00   3.09552E-02   3.88692E-03   9.38722E-01 
    2.64329E-02   1.00543E-06   2.12035E-06   1.02471E-01   8.97529E-01
   9.93000E+02   2.50000E-01   4.11298E-02   6.55100E-01   5.37701E-02 
    7.91933E-08   0.00000E+00   2.99035E-02   3.71622E-03   9.40128E-01 
    2.62492E-02   1.01010E-06   2.13053E-06   1.06760E-01   8.93240E-01
   9.83000E+02   2.50000E-01   4.10521E-02   6.54710E-01   5.42375E-02 
    7.72973E-08   0.00000E+00   2.88662E-02   3.54959E-03   9.41520E-01 
    2.60612E-02   1.01472E-06   2.14057E-06   1.10950E-01   8.89050E-01
   9.80202E+02   2.50000E-01   4.10291E-02   6.54601E-01   5.43701E-02 
    7.67691E-08   0.00000E+00   2.85786E-02   3.50372E-03   9.41907E-01 
    2.60078E-02   1.01601E-06   2.14336E-06   1.12104E-01   8.87896E-01

 Phase Region for:
     BCC_A2                        
     CEMENTITE                     
     FCC_A1#2                      
 col-1=T, col-2=X(BCC_A2,C), col-3=X(BCC_A2,CR), col-4=X(BCC_A2,FE),
   col-5=X(BCC_A2,MN), col-6=X(BCC_A2,NI), col-7=X(BCC_A2,SI),
   col-8=X(CEMENTITE,C), col-9=X(CEMENTITE,CR), col-10=X(CEMENTITE,FE),
   col-11=X(CEMENTITE,MN), col-12=X(CEMENTITE,NI), col-13=X(CEMENTITE,SI),
   col-14=X(FCC_A1#2,C), col-15=X(FCC_A1#2,CR), col-16=X(FCC_A1#2,FE),
   col-17=X(FCC_A1#2,MN), col-18=X(FCC_A1#2,NI), col-19=X(FCC_A1#2,SI),
   col-20=NP(BCC_A2), col-21=NP(CEMENTITE), col-22=NP(FCC_A1#2),
   9.80202E+02   5.40268E-04   1.76179E-03   9.90687E-01   7.00747E-03 
    3.99798E-07   3.15337E-06   2.50000E-01   4.10290E-02   6.54601E-01 
    5.43703E-02   7.67694E-08   0.00000E+00   2.85786E-02   3.50371E-03 
    9.41907E-01   2.60079E-02   1.01601E-06   2.14335E-06   6.41252E-06 
    1.12105E-01   8.87888E-01
   9.73000E+02   4.85395E-04   1.50566E-03   9.89409E-01   8.59703E-03 
    5.53945E-07   2.69069E-06   2.50000E-01   3.56449E-02   6.45869E-01 
    6.84861E-02   1.07930E-07   0.00000E+00   2.79699E-02   2.99535E-03 
    9.36532E-01   3.24997E-02   1.49489E-06   1.91833E-06   3.82258E-01 
    1.61857E-01   4.55884E-01
   9.63000E+02   4.10473E-04   1.33021E-03   9.87409E-01   1.08470E-02 
    9.22108E-07   2.44720E-06   2.50000E-01   3.20997E-02   6.29046E-01 
    8.88545E-02   1.80530E-07   0.00000E+00   2.68514E-02   2.63438E-03 
    9.28579E-01   4.19310E-02   2.71748E-06   1.87289E-06   7.18008E-01 
    2.04054E-01   7.79384E-02
   9.60100E+02   3.90019E-04   1.29816E-03   9.86817E-01   1.14911E-02 
    1.09831E-06   2.41622E-06   2.50000E-01   3.14915E-02   6.23692E-01 
    9.48167E-02   2.14979E-07   0.00000E+00   2.64999E-02   2.56636E-03 
    9.26232E-01   4.46965E-02   3.32248E-06   1.88765E-06   7.87625E-01 
    2.12375E-01   0.00000E+00

 Phase Region for:
     BCC_A2                        
     CEMENTITE                     
 col-1=T, col-2=X(BCC_A2,C), col-3=X(BCC_A2,CR), col-4=X(BCC_A2,FE),
   col-5=X(BCC_A2,MN), col-6=X(BCC_A2,NI), col-7=X(BCC_A2,SI),
   col-8=X(CEMENTITE,C), col-9=X(CEMENTITE,CR), col-10=X(CEMENTITE,FE),
   col-11=X(CEMENTITE,MN), col-12=X(CEMENTITE,NI), col-13=X(CEMENTITE,SI),
   col-14=NP(BCC_A2), col-15=NP(CEMENTITE),
   9.60100E+02   3.90019E-04   1.29816E-03   9.86817E-01   1.14911E-02 
    1.09831E-06   2.41622E-06   2.50000E-01   3.14915E-02   6.23692E-01 
    9.48167E-02   2.14979E-07   0.00000E+00   7.87625E-01   2.12375E-01  NONE
   9.53000E+02   3.57762E-04   1.25439E-03   9.87286E-01   1.10985E-02 
    1.09808E-06   2.41653E-06   2.50000E-01   3.16393E-02   6.22128E-01 
    9.62320E-02   2.16273E-07   0.00000E+00   7.87523E-01   2.12477E-01  NONE
   9.43000E+02   3.16458E-04   1.19392E-03   9.87926E-01   1.05605E-02 
    1.09774E-06   2.41693E-06   2.50000E-01   3.18446E-02   6.19983E-01 
    9.81723E-02   2.18052E-07   0.00000E+00   7.87393E-01   2.12607E-01  NONE
   9.33000E+02   2.79545E-04   1.13484E-03   9.88543E-01   1.00395E-02 
    1.09740E-06   2.41729E-06   2.50000E-01   3.20465E-02   6.17901E-01 
    1.00053E-01   2.19785E-07   0.00000E+00   7.87277E-01   2.12723E-01  NONE
   9.23000E+02   2.46583E-04   1.07717E-03   9.89138E-01   9.53490E-03 
    1.09706E-06   2.41761E-06   2.50000E-01   3.22447E-02   6.15880E-01 
    1.01875E-01   2.21475E-07   0.00000E+00   7.87173E-01   2.12827E-01  NONE
   9.13000E+02   2.17176E-04   1.02094E-03   9.89712E-01   9.04641E-03 
    1.09672E-06   2.41790E-06   2.50000E-01   3.24390E-02   6.13920E-01 
    1.03640E-01   2.23126E-07   0.00000E+00   7.87080E-01   2.12920E-01  NONE
   9.03000E+02   1.90969E-04   9.66173E-04   9.90266E-01   8.57362E-03 
    1.09637E-06   2.41815E-06   2.50000E-01   3.26292E-02   6.12020E-01 
    1.05351E-01   2.24743E-07   0.00000E+00   7.86998E-01   2.13002E-01  NONE
   8.93000E+02   1.67638E-04   9.12898E-04   9.90800E-01   8.11623E-03 
    1.09603E-06   2.41838E-06   2.50000E-01   3.28150E-02   6.10178E-01 
    1.07006E-01   2.26327E-07   0.00000E+00   7.86924E-01   2.13076E-01  NONE
   8.83000E+02   1.46894E-04   8.61146E-04   9.91314E-01   7.67399E-03 
    1.09568E-06   2.41858E-06   2.50000E-01   3.29963E-02   6.08395E-01 
    1.08609E-01   2.27881E-07   0.00000E+00   7.86859E-01   2.13141E-01  NONE
   8.73000E+02   1.28475E-04   8.10946E-04   9.91810E-01   7.24667E-03 
    1.09533E-06   2.41875E-06   2.50000E-01   3.31728E-02   6.06669E-01 
    1.10158E-01   2.29407E-07   0.00000E+00   7.86801E-01   2.13199E-01  NONE
   8.63000E+02   1.12142E-04   7.62328E-04   9.92288E-01   6.83410E-03 
    1.09498E-06   2.41891E-06   2.50000E-01   3.33444E-02   6.05000E-01 
    1.11656E-01   2.30907E-07   0.00000E+00   7.86749E-01   2.13251E-01  NONE
   8.53000E+02   9.76814E-05   7.15319E-04   9.92747E-01   6.43610E-03 
    1.09463E-06   2.41905E-06   2.50000E-01   3.35108E-02   6.03388E-01 
    1.13101E-01   2.32382E-07   0.00000E+00   7.86704E-01   2.13296E-01  NONE
   8.43000E+02   8.48992E-05   6.69942E-04   9.93189E-01   6.05253E-03 
    1.09428E-06   2.41918E-06   2.50000E-01   3.36720E-02   6.01832E-01 
    1.14495E-01   2.33833E-07   0.00000E+00   7.86664E-01   2.13336E-01  NONE
   8.33000E+02   7.36198E-05   6.26221E-04   9.93613E-01   5.68328E-03 
    1.09393E-06   2.41929E-06   2.50000E-01   3.38277E-02   6.00333E-01 
    1.15839E-01   2.35261E-07   0.00000E+00   7.86628E-01   2.13372E-01  NONE
   8.23000E+02   6.36846E-05   5.84175E-04   9.94020E-01   5.32821E-03 
    1.09358E-06   2.41938E-06   2.50000E-01   3.39778E-02   5.98891E-01 
    1.17131E-01   2.36665E-07   0.00000E+00   7.86597E-01   2.13403E-01  NONE
   8.13000E+02   5.49504E-05   5.43817E-04   9.94411E-01   4.98721E-03 
    1.09324E-06   2.41947E-06   2.50000E-01   3.41222E-02   5.97504E-01 
    1.18374E-01   2.38047E-07   0.00000E+00   7.86569E-01   2.13431E-01  NONE
   8.03000E+02   4.72877E-05   5.05159E-04   9.94784E-01   4.66015E-03 
    1.09290E-06   2.41954E-06   2.50000E-01   3.42609E-02   5.96173E-01 
    1.19566E-01   2.39405E-07   0.00000E+00   7.86545E-01   2.13455E-01  NONE
   7.93000E+02   4.05795E-05   4.68208E-04   9.95141E-01   4.34692E-03 
    1.09256E-06   2.41961E-06   2.50000E-01   3.43937E-02   5.94897E-01 
    1.20709E-01   2.40740E-07   0.00000E+00   7.86524E-01   2.13476E-01  NONE
   7.83000E+02   3.47204E-05   4.32965E-04   9.95481E-01   4.04739E-03 
    1.09222E-06   2.41966E-06   2.50000E-01   3.45206E-02   5.93677E-01 
    1.21802E-01   2.42050E-07   0.00000E+00   7.86506E-01   2.13494E-01  NONE
   7.73000E+02   2.96154E-05   3.99428E-04   9.95806E-01   3.76140E-03 
    1.09189E-06   2.41971E-06   2.50000E-01   3.46415E-02   5.92511E-01 
    1.22847E-01   2.43335E-07   0.00000E+00   7.86490E-01   2.13510E-01  NONE
   7.63000E+02   2.51788E-05   3.67588E-04   9.96115E-01   3.48881E-03 
    1.09156E-06   2.41975E-06   2.50000E-01   3.47566E-02   5.91400E-01 
    1.23843E-01   2.44594E-07   0.00000E+00   7.86476E-01   2.13524E-01  NONE
   7.53000E+02   2.13337E-05   3.37432E-04   9.96408E-01   3.22945E-03 
    1.09124E-06   2.41979E-06   2.50000E-01   3.48657E-02   5.90343E-01 
    1.24791E-01   2.45825E-07   0.00000E+00   7.86464E-01   2.13536E-01  NONE
   7.43000E+02   1.80106E-05   3.08942E-04   9.96686E-01   2.98311E-03 
    1.09093E-06   2.41982E-06   2.50000E-01   3.49689E-02   5.89338E-01 
    1.25693E-01   2.47027E-07   0.00000E+00   7.86453E-01   2.13547E-01  NONE
   7.33000E+02   1.51476E-05   2.82096E-04   9.96950E-01   2.74960E-03 
    1.09062E-06   2.41985E-06   2.50000E-01   3.50663E-02   5.88386E-01 
    1.26547E-01   2.48197E-07   0.00000E+00   7.86444E-01   2.13556E-01  NONE
   7.23000E+02   1.26888E-05   2.56865E-04   9.97198E-01   2.52868E-03 
    1.09032E-06   2.41988E-06   2.50000E-01   3.51580E-02   5.87485E-01 
    1.27356E-01   2.49334E-07   0.00000E+00   7.86436E-01   2.13564E-01  NONE
   7.13000E+02   1.05845E-05   2.33216E-04   9.97433E-01   2.32011E-03 
    1.09003E-06   2.41990E-06   2.50000E-01   3.52440E-02   5.86635E-01 
    1.28121E-01   2.50436E-07   0.00000E+00   7.86430E-01   2.13570E-01  NONE
   7.03000E+02   8.79004E-06   2.11114E-04   9.97653E-01   2.12362E-03 
    1.08974E-06   2.41991E-06   2.50000E-01   3.53244E-02   5.85834E-01 
    1.28841E-01   2.51500E-07   0.00000E+00   7.86424E-01   2.13576E-01  NONE
   6.93000E+02   7.26573E-06   1.90516E-04   9.97860E-01   1.93892E-03 
    1.08947E-06   2.41993E-06   2.50000E-01   3.53995E-02   5.85082E-01 
    1.29518E-01   2.52524E-07   0.00000E+00   7.86419E-01   2.13581E-01  NONE
   6.83000E+02   5.97617E-06   1.71377E-04   9.98053E-01   1.76570E-03 
    1.08921E-06   2.41994E-06   2.50000E-01   3.54693E-02   5.84377E-01 
    1.30153E-01   2.53505E-07   0.00000E+00   7.86415E-01   2.13585E-01  NONE
   6.73000E+02   4.88995E-06   1.53651E-04   9.98234E-01   1.60365E-03 
    1.08896E-06   2.41995E-06   2.50000E-01   3.55340E-02   5.83718E-01 
    1.30748E-01   2.54439E-07   0.00000E+00   7.86412E-01   2.13588E-01  NONE
