
 Phase Region for:
     CEMENTITE                     
     FCC_A1#1                      
 col-1=T, col-2=W(CEMENTITE,C), col-3=W(CEMENTITE,CR), col-4=W(CEMENTITE,FE),
   col-5=W(CEMENTITE,MN), col-6=W(CEMENTITE,NI), col-7=W(CEMENTITE,SI),
   col-8=W(FCC_A1#1,C), col-9=W(FCC_A1#1,CR), col-10=W(FCC_A1#1,FE),
   col-11=W(FCC_A1#1,MN), col-12=W(FCC_A1#1,NI), col-13=W(FCC_A1#1,SI),
   col-14=NP(CEMENTITE), col-15=NP(FCC_A1#1),
   1.17300E+03   6.71476E-02   4.13159E-02   8.42827E-01   4.75058E-02 
    1.20391E-03   0.00000E+00   1.03304E-02   6.47701E-03   9.30577E-01 
    2.94700E-02   7.69138E-03   1.54546E-02   3.46428E-02   9.65357E-01  NONE
   1.18300E+03   6.71468E-02   4.12351E-02   8.43182E-01   4.72085E-02 
    1.22785E-03   0.00000E+00   1.06362E-02   6.66652E-03   9.30095E-01 
    2.95744E-02   7.65588E-03   1.53715E-02   2.84504E-02   9.71550E-01  NONE
   1.19300E+03   6.71460E-02   4.11504E-02   8.43532E-01   4.69196E-02 
    1.25189E-03   0.00000E+00   1.09464E-02   6.85787E-03   9.29612E-01 
    2.96767E-02   7.62014E-03   1.52871E-02   2.21009E-02   9.77899E-01  NONE
   1.20300E+03   6.71452E-02   4.10619E-02   8.43878E-01   4.66391E-02 
    1.27604E-03   0.00000E+00   1.12610E-02   7.05098E-03   9.29125E-01 
    2.97770E-02   7.58417E-03   1.52015E-02   1.55899E-02   9.84410E-01  NONE
   1.21300E+03   6.71444E-02   4.09697E-02   8.44219E-01   4.63667E-02 
    1.30028E-03   0.00000E+00   1.15799E-02   7.24579E-03   9.28636E-01 
    2.98753E-02   7.54798E-03   1.51148E-02   8.91258E-03   9.91087E-01  NONE
   1.22300E+03   6.71435E-02   4.08738E-02   8.44556E-01   4.61024E-02 
    1.32462E-03   0.00000E+00   1.19033E-02   7.44221E-03   9.28144E-01 
    2.99718E-02   7.51158E-03   1.50268E-02   2.06408E-03   9.97936E-01  NONE
   1.22596E+03   6.71433E-02   4.08446E-02   8.44655E-01   4.60255E-02 
    1.33185E-03   0.00000E+00   1.20000E-02   7.50075E-03   9.27998E-01 
    3.00000E-02   7.50075E-03   1.50005E-02   0.00000E+00   1.00000E+00  NONE

 Phase Region for:
     FCC_A1#1                      
 col-1=T, col-2=W(FCC_A1#1,C), col-3=W(FCC_A1#1,CR), col-4=W(FCC_A1#1,FE),
   col-5=W(FCC_A1#1,MN), col-6=W(FCC_A1#1,NI), col-7=W(FCC_A1#1,SI),
   col-8=NP(FCC_A1#1),
   1.22596E+03   1.20000E-02   7.50075E-03   9.27998E-01   3.00000E-02 
    7.50075E-03   1.50005E-02   1.00000E+00
   1.23300E+03   1.20000E-02   7.50075E-03   9.27998E-01   3.00000E-02 
    7.50075E-03   1.50005E-02   1.00000E+00
   1.24300E+03   1.20000E-02   7.50075E-03   9.27998E-01   3.00000E-02 
    7.50075E-03   1.50005E-02   1.00000E+00
   1.25300E+03   1.20000E-02   7.50075E-03   9.27998E-01   3.00000E-02 
    7.50075E-03   1.50005E-02   1.00000E+00
   1.26300E+03   1.20000E-02   7.50075E-03   9.27998E-01   3.00000E-02 
    7.50075E-03   1.50005E-02   1.00000E+00
   1.27300E+03   1.20000E-02   7.50075E-03   9.27998E-01   3.00000E-02 
    7.50075E-03   1.50005E-02   1.00000E+00
   1.28300E+03   1.20000E-02   7.50075E-03   9.27998E-01   3.00000E-02 
    7.50075E-03   1.50005E-02   1.00000E+00
   1.29300E+03   1.20000E-02   7.50075E-03   9.27998E-01   3.00000E-02 
    7.50075E-03   1.50005E-02   1.00000E+00
   1.30300E+03   1.20000E-02   7.50075E-03   9.27998E-01   3.00000E-02 
    7.50075E-03   1.50005E-02   1.00000E+00
   1.31300E+03   1.20000E-02   7.50075E-03   9.27998E-01   3.00000E-02 
    7.50075E-03   1.50005E-02   1.00000E+00
   1.32300E+03   1.20000E-02   7.50075E-03   9.27998E-01   3.00000E-02 
    7.50075E-03   1.50005E-02   1.00000E+00
   1.33300E+03   1.20000E-02   7.50075E-03   9.27998E-01   3.00000E-02 
    7.50075E-03   1.50005E-02   1.00000E+00
   1.34300E+03   1.20000E-02   7.50075E-03   9.27998E-01   3.00000E-02 
    7.50075E-03   1.50005E-02   1.00000E+00
   1.35300E+03   1.20000E-02   7.50075E-03   9.27998E-01   3.00000E-02 
    7.50075E-03   1.50005E-02   1.00000E+00
   1.36300E+03   1.20000E-02   7.50075E-03   9.27998E-01   3.00000E-02 
    7.50075E-03   1.50005E-02   1.00000E+00
   1.37300E+03   1.20000E-02   7.50075E-03   9.27998E-01   3.00000E-02 
    7.50075E-03   1.50005E-02   1.00000E+00
   1.38300E+03   1.20000E-02   7.50075E-03   9.27998E-01   3.00000E-02 
    7.50075E-03   1.50005E-02   1.00000E+00
   1.39300E+03   1.20000E-02   7.50075E-03   9.27998E-01   3.00000E-02 
    7.50075E-03   1.50005E-02   1.00000E+00
   1.40300E+03   1.20000E-02   7.50075E-03   9.27998E-01   3.00000E-02 
    7.50075E-03   1.50005E-02   1.00000E+00
   1.41300E+03   1.20000E-02   7.50075E-03   9.27998E-01   3.00000E-02 
    7.50075E-03   1.50005E-02   1.00000E+00
   1.42300E+03   1.20000E-02   7.50075E-03   9.27998E-01   3.00000E-02 
    7.50075E-03   1.50005E-02   1.00000E+00
   1.43300E+03   1.20000E-02   7.50075E-03   9.27998E-01   3.00000E-02 
    7.50075E-03   1.50005E-02   1.00000E+00
   1.44300E+03   1.20000E-02   7.50075E-03   9.27998E-01   3.00000E-02 
    7.50075E-03   1.50005E-02   1.00000E+00
   1.45300E+03   1.20000E-02   7.50075E-03   9.27998E-01   3.00000E-02 
    7.50075E-03   1.50005E-02   1.00000E+00
   1.46300E+03   1.20000E-02   7.50075E-03   9.27998E-01   3.00000E-02 
    7.50075E-03   1.50005E-02   1.00000E+00
   1.47300E+03   1.20000E-02   7.50075E-03   9.27998E-01   3.00000E-02 
    7.50075E-03   1.50005E-02   1.00000E+00

 Phase Region for:
     CEMENTITE                     
     FCC_A1#1                      
 col-1=T, col-2=W(CEMENTITE,C), col-3=W(CEMENTITE,CR), col-4=W(CEMENTITE,FE),
   col-5=W(CEMENTITE,MN), col-6=W(CEMENTITE,NI), col-7=W(CEMENTITE,SI),
   col-8=W(FCC_A1#1,C), col-9=W(FCC_A1#1,CR), col-10=W(FCC_A1#1,FE),
   col-11=W(FCC_A1#1,MN), col-12=W(FCC_A1#1,NI), col-13=W(FCC_A1#1,SI),
   col-14=NP(CEMENTITE), col-15=NP(FCC_A1#1),
   1.17300E+03   6.71476E-02   4.13159E-02   8.42827E-01   4.75058E-02 
    1.20391E-03   0.00000E+00   1.03304E-02   6.47701E-03   9.30577E-01 
    2.94700E-02   7.69138E-03   1.54546E-02   3.46428E-02   9.65357E-01  NONE
   1.16300E+03   6.71484E-02   4.13927E-02   8.42467E-01   4.78116E-02 
    1.18009E-03   0.00000E+00   1.00290E-02   6.28943E-03   9.31055E-01 
    2.93634E-02   7.72666E-03   1.55366E-02   4.06824E-02   9.59318E-01  NONE
   1.15300E+03   6.71492E-02   4.14655E-02   8.42103E-01   4.81263E-02 
    1.15637E-03   0.00000E+00   9.73181E-03   6.10384E-03   9.31531E-01 
    2.92545E-02   7.76168E-03   1.56174E-02   4.65730E-02   9.53427E-01  NONE
   1.14300E+03   6.71500E-02   4.15342E-02   8.41733E-01   4.84499E-02 
    1.13277E-03   0.00000E+00   9.43898E-03   5.92033E-03   9.32004E-01 
    2.91432E-02   7.79646E-03   1.56971E-02   5.23187E-02   9.47681E-01  NONE
   1.13300E+03   6.71508E-02   4.15988E-02   8.41359E-01   4.87826E-02 
    1.10930E-03   0.00000E+00   9.15047E-03   5.73898E-03   9.32474E-01 
    2.90295E-02   7.83098E-03   1.57755E-02   5.79229E-02   9.42077E-01  NONE
   1.12300E+03   6.71515E-02   4.16592E-02   8.40979E-01   4.91245E-02 
    1.08595E-03   0.00000E+00   8.86628E-03   5.55986E-03   9.32942E-01 
    2.89133E-02   7.86524E-03   1.58528E-02   6.33892E-02   9.36611E-01  NONE
   1.11300E+03   6.71523E-02   4.17154E-02   8.40594E-01   4.94760E-02 
    1.06272E-03   0.00000E+00   8.58638E-03   5.38305E-03   9.33408E-01 
    2.87945E-02   7.89923E-03   1.59289E-02   6.87208E-02   9.31279E-01  NONE
   1.10300E+03   6.71530E-02   4.17675E-02   8.40203E-01   4.98371E-02 
    1.03964E-03   0.00000E+00   8.31079E-03   5.20863E-03   9.33871E-01 
    2.86731E-02   7.93294E-03   1.60039E-02   7.39208E-02   9.26079E-01  NONE
   1.09300E+03   6.71537E-02   4.18153E-02   8.39806E-01   5.02081E-02 
    1.01668E-03   0.00000E+00   8.03951E-03   5.03668E-03   9.34331E-01 
    2.85489E-02   7.96636E-03   1.60777E-02   7.89922E-02   9.21008E-01  NONE
   1.08300E+03   6.71544E-02   4.18589E-02   8.39404E-01   5.05892E-02 
    9.93873E-04   0.00000E+00   7.77254E-03   4.86728E-03   9.34789E-01 
    2.84219E-02   7.99949E-03   1.61503E-02   8.39378E-02   9.16062E-01  NONE
   1.07300E+03   6.71551E-02   4.18983E-02   8.38995E-01   5.09805E-02 
    9.71208E-04   0.00000E+00   7.50988E-03   4.70048E-03   9.35244E-01 
    2.82920E-02   8.03231E-03   1.62217E-02   8.87602E-02   9.11240E-01  NONE
   1.06300E+03   6.71558E-02   4.19336E-02   8.38579E-01   5.13824E-02 
    9.48692E-04   0.00000E+00   7.25154E-03   4.53637E-03   9.35696E-01 
    2.81592E-02   8.06483E-03   1.62919E-02   9.34620E-02   9.06538E-01  NONE
   1.05300E+03   6.71565E-02   4.19647E-02   8.38157E-01   5.17951E-02 
    9.26330E-04   0.00000E+00   6.99754E-03   4.37502E-03   9.36146E-01 
    2.80233E-02   8.09702E-03   1.63610E-02   9.80457E-02   9.01954E-01  NONE
   1.04300E+03   6.71572E-02   4.19917E-02   8.37729E-01   5.22181E-02 
    9.04135E-04   0.00000E+00   6.74789E-03   4.21649E-03   9.36594E-01 
    2.78844E-02   8.12888E-03   1.64289E-02   1.02513E-01   8.97487E-01  NONE
   1.03300E+03   6.71578E-02   4.20147E-02   8.37292E-01   5.26530E-02 
    8.82093E-04   0.00000E+00   6.50258E-03   4.06084E-03   9.37038E-01 
    2.77422E-02   8.16041E-03   1.64956E-02   1.06867E-01   8.93133E-01  NONE
   1.02300E+03   6.71585E-02   4.20338E-02   8.36848E-01   5.30994E-02 
    8.60217E-04   0.00000E+00   6.26164E-03   3.90814E-03   9.37481E-01 
    2.75969E-02   8.19159E-03   1.65611E-02   1.11109E-01   8.88891E-01  NONE
   1.01300E+03   6.71592E-02   4.20490E-02   8.36396E-01   5.35575E-02 
    8.38513E-04   0.00000E+00   6.02508E-03   3.75843E-03   9.37920E-01 
    2.74482E-02   8.22241E-03   1.66254E-02   1.15242E-01   8.84758E-01  NONE
   1.00300E+03   6.71598E-02   4.20605E-02   8.35935E-01   5.40277E-02 
    8.16983E-04   0.00000E+00   5.79293E-03   3.61178E-03   9.38358E-01 
    2.72962E-02   8.25287E-03   1.66885E-02   1.19267E-01   8.80733E-01  NONE
   9.96041E+02   6.71603E-02   4.20663E-02   8.35609E-01   5.43622E-02 
    8.02105E-04   0.00000E+00   5.63397E-03   3.51155E-03   9.38661E-01 
    2.71884E-02   8.27384E-03   1.67317E-02   1.22005E-01   8.77995E-01  NONE

 Phase Region for:
     BCC_A2                        
     CEMENTITE                     
     FCC_A1#1                      
 col-1=T, col-2=W(BCC_A2,C), col-3=W(BCC_A2,CR), col-4=W(BCC_A2,FE),
   col-5=W(BCC_A2,MN), col-6=W(BCC_A2,NI), col-7=W(BCC_A2,SI),
   col-8=W(CEMENTITE,C), col-9=W(CEMENTITE,CR), col-10=W(CEMENTITE,FE),
   col-11=W(CEMENTITE,MN), col-12=W(CEMENTITE,NI), col-13=W(CEMENTITE,SI),
   col-14=W(FCC_A1#1,C), col-15=W(FCC_A1#1,CR), col-16=W(FCC_A1#1,FE),
   col-17=W(FCC_A1#1,MN), col-18=W(FCC_A1#1,NI), col-19=W(FCC_A1#1,SI),
   col-20=NP(BCC_A2), col-21=NP(CEMENTITE), col-22=NP(FCC_A1#1),
   9.96040E+02   1.18548E-04   2.02516E-03   9.63904E-01   9.12744E-03 
    3.43490E-03   2.13902E-02   6.71603E-02   4.20663E-02   8.35609E-01 
    5.43623E-02   8.02107E-04   0.00000E+00   5.63397E-03   3.51155E-03 
    9.38661E-01   2.71884E-02   8.27386E-03   1.67317E-02   2.97744E-06 
    1.22005E-01   8.77992E-01
   9.93000E+02   1.14550E-04   1.95024E-03   9.63980E-01   9.39376E-03 
    3.62271E-03   2.09384E-02   6.71590E-02   4.11796E-02   8.33491E-01 
    5.73220E-02   8.48374E-04   0.00000E+00   5.57940E-03   3.38604E-03 
    9.37219E-01   2.84967E-02   8.88028E-03   1.64383E-02   8.75326E-02 
    1.32443E-01   7.80024E-01
   9.83000E+02   1.01491E-04   1.75281E-03   9.63681E-01   1.03206E-02 
    4.34091E-03   1.98035E-02   6.71587E-02   3.89196E-02   8.25240E-01 
    6.76572E-02   1.02459E-03   0.00000E+00   5.37318E-03   3.04402E-03 
    9.31389E-01   3.31314E-02   1.12975E-02   1.57645E-02   3.31290E-01 
    1.61080E-01   5.07630E-01
   9.73000E+02   8.90338E-05   1.61158E-03   9.62783E-01   1.12203E-02 
    5.20299E-03   1.90934E-02   6.71627E-02   3.74866E-02   8.15795E-01 
    7.83201E-02   1.23580E-03   0.00000E+00   5.13615E-03   2.78523E-03 
    9.24209E-01   3.80202E-02   1.44180E-02   1.54313E-02   5.10521E-01 
    1.81400E-01   3.08079E-01
   9.63000E+02   7.75944E-05   1.50593E-03   9.61566E-01   1.19913E-02 
    6.19325E-03   1.86655E-02   6.71692E-02   3.66377E-02   8.06022E-01 
    8.86919E-02   1.47929E-03   0.00000E+00   4.88120E-03   2.58011E-03 
    9.16015E-01   4.29055E-02   1.83105E-02   1.53082E-02   6.37022E-01 
    1.95024E-01   1.67954E-01
   9.53000E+02   6.73540E-05   1.42180E-03   9.60228E-01   1.25782E-02 
    7.29199E-03   1.84127E-02   6.71767E-02   3.61810E-02   7.96511E-01 
    9.83795E-02   1.75156E-03   0.00000E+00   4.61794E-03   2.40763E-03 
    9.07002E-01   4.76374E-02   2.30371E-02   1.52977E-02   7.24070E-01 
    2.03792E-01   7.21379E-02
   9.43000E+02   5.83291E-05   1.35041E-03   9.58890E-01   1.29632E-02 
    8.47353E-03   1.82643E-02   6.71845E-02   3.59836E-02   7.87597E-01 
    1.07187E-01   2.04768E-03   0.00000E+00   4.35264E-03   2.25451E-03 
    8.97253E-01   5.21587E-02   2.86443E-02   1.53364E-02   7.82725E-01 
    2.09221E-01   8.05389E-03
   9.41385E+02   5.69810E-05   1.33969E-03   9.58680E-01   1.30067E-02 
    8.67013E-03   1.82468E-02   6.71858E-02   3.59695E-02   7.86225E-01 
    1.08522E-01   2.09733E-03   0.00000E+00   4.30987E-03   2.23100E-03 
    8.95611E-01   5.28691E-02   2.96348E-02   1.53443E-02   7.90135E-01 
    2.09865E-01   0.00000E+00

 Phase Region for:
     BCC_A2                        
     CEMENTITE                     
 col-1=T, col-2=W(BCC_A2,C), col-3=W(BCC_A2,CR), col-4=W(BCC_A2,FE),
   col-5=W(BCC_A2,MN), col-6=W(BCC_A2,NI), col-7=W(BCC_A2,SI),
   col-8=W(CEMENTITE,C), col-9=W(CEMENTITE,CR), col-10=W(CEMENTITE,FE),
   col-11=W(CEMENTITE,MN), col-12=W(CEMENTITE,NI), col-13=W(CEMENTITE,SI),
   col-14=NP(BCC_A2), col-15=NP(CEMENTITE),
   9.41385E+02   5.69810E-05   1.33969E-03   9.58680E-01   1.30067E-02 
    8.67013E-03   1.82468E-02   6.71858E-02   3.59695E-02   7.86225E-01 
    1.08522E-01   2.09733E-03   0.00000E+00   7.90135E-01   2.09865E-01  NONE
   9.33000E+02   5.10884E-05   1.28699E-03   9.59243E-01   1.25036E-02 
    8.66734E-03   1.82482E-02   6.71894E-02   3.62007E-02   7.83685E-01 
    1.10812E-01   2.11254E-03   0.00000E+00   7.90050E-01   2.09950E-01  NONE
   9.23000E+02   4.47852E-05   1.22534E-03   9.59897E-01   1.19191E-02 
    8.66406E-03   1.82497E-02   6.71937E-02   3.64724E-02   7.80730E-01 
    1.13474E-01   2.13009E-03   0.00000E+00   7.89959E-01   2.10041E-01  NONE
   9.13000E+02   3.91929E-05   1.16502E-03   9.60533E-01   1.13510E-02 
    8.66084E-03   1.82510E-02   6.71978E-02   3.67394E-02   7.77852E-01 
    1.16063E-01   2.14705E-03   0.00000E+00   7.89878E-01   2.10122E-01  NONE
   9.03000E+02   3.42374E-05   1.10604E-03   9.61151E-01   1.07987E-02 
    8.65768E-03   1.82521E-02   6.72018E-02   3.70015E-02   7.75052E-01 
    1.18581E-01   2.16349E-03   0.00000E+00   7.89807E-01   2.10193E-01  NONE
   8.93000E+02   2.98523E-05   1.04845E-03   9.61752E-01   1.02621E-02 
    8.65456E-03   1.82530E-02   6.72058E-02   3.72585E-02   7.72326E-01 
    1.21030E-01   2.17943E-03   0.00000E+00   7.89743E-01   2.10257E-01  NONE
   8.83000E+02   2.59774E-05   9.92268E-04   9.62336E-01   9.74089E-03 
    8.65149E-03   1.82539E-02   6.72096E-02   3.75099E-02   7.69675E-01 
    1.23410E-01   2.19493E-03   0.00000E+00   7.89688E-01   2.10312E-01  NONE
   8.73000E+02   2.25586E-05   9.37541E-04   9.62902E-01   9.23478E-03 
    8.64847E-03   1.82546E-02   6.72133E-02   3.77557E-02   7.67098E-01 
    1.25723E-01   2.21002E-03   0.00000E+00   7.89638E-01   2.10362E-01  NONE
   8.63000E+02   1.95473E-05   8.84303E-04   9.63452E-01   8.74368E-03 
    8.64549E-03   1.82552E-02   6.72169E-02   3.79954E-02   7.64594E-01 
    1.27969E-01   2.22472E-03   0.00000E+00   7.89595E-01   2.10405E-01  NONE
   8.53000E+02   1.68995E-05   8.32594E-04   9.63985E-01   8.26747E-03 
    8.64256E-03   1.82557E-02   6.72205E-02   3.82289E-02   7.62164E-01 
    1.30148E-01   2.23907E-03   0.00000E+00   7.89557E-01   2.10443E-01  NONE
   8.43000E+02   1.45756E-05   7.82450E-04   9.64501E-01   7.80608E-03 
    8.63967E-03   1.82561E-02   6.72239E-02   3.84559E-02   7.59807E-01 
    1.32260E-01   2.25307E-03   0.00000E+00   7.89523E-01   2.10477E-01  NONE
   8.33000E+02   1.25400E-05   7.33909E-04   9.65001E-01   7.35949E-03 
    8.63683E-03   1.82565E-02   6.72272E-02   3.86761E-02   7.57523E-01 
    1.34307E-01   2.26676E-03   0.00000E+00   7.89494E-01   2.10506E-01  NONE
   8.23000E+02   1.07605E-05   6.87005E-04   9.65484E-01   6.92768E-03 
    8.63403E-03   1.82568E-02   6.72304E-02   3.88894E-02   7.55314E-01 
    1.36286E-01   2.28013E-03   0.00000E+00   7.89468E-01   2.10532E-01  NONE
   8.13000E+02   9.20840E-06   6.41768E-04   9.65950E-01   6.51063E-03 
    8.63127E-03   1.82570E-02   6.72335E-02   3.90955E-02   7.53178E-01 
    1.38200E-01   2.29319E-03   0.00000E+00   7.89446E-01   2.10554E-01  NONE
   8.03000E+02   7.85764E-06   5.98228E-04   9.66400E-01   6.10837E-03 
    8.62857E-03   1.82572E-02   6.72365E-02   3.92942E-02   7.51117E-01 
    1.40046E-01   2.30595E-03   0.00000E+00   7.89426E-01   2.10574E-01  NONE
   7.93000E+02   6.68496E-06   5.56409E-04   9.66833E-01   5.72090E-03 
    8.62591E-03   1.82573E-02   6.72394E-02   3.94853E-02   7.49131E-01 
    1.41826E-01   2.31841E-03   0.00000E+00   7.89409E-01   2.10591E-01  NONE
   7.83000E+02   5.66947E-06   5.16328E-04   9.67249E-01   5.34823E-03 
    8.62331E-03   1.82575E-02   6.72421E-02   3.96688E-02   7.47220E-01 
    1.43538E-01   2.33057E-03   0.00000E+00   7.89395E-01   2.10605E-01  NONE
   7.73000E+02   4.79244E-06   4.78002E-04   9.67649E-01   4.99036E-03 
    8.62077E-03   1.82575E-02   6.72448E-02   3.98445E-02   7.45385E-01 
    1.45184E-01   2.34242E-03   0.00000E+00   7.89382E-01   2.10618E-01  NONE
   7.63000E+02   4.03711E-06   4.41440E-04   9.68031E-01   4.64729E-03 
    8.61829E-03   1.82576E-02   6.72473E-02   4.00124E-02   7.43625E-01 
    1.46762E-01   2.35394E-03   0.00000E+00   7.89371E-01   2.10629E-01  NONE
   7.53000E+02   3.38854E-06   4.06644E-04   9.68398E-01   4.31896E-03 
    8.61587E-03   1.82576E-02   6.72497E-02   4.01723E-02   7.41940E-01 
    1.48273E-01   2.36514E-03   0.00000E+00   7.89362E-01   2.10638E-01  NONE
   7.43000E+02   2.83336E-06   3.73614E-04   9.68747E-01   4.00535E-03 
    8.61352E-03   1.82576E-02   6.72521E-02   4.03242E-02   7.40331E-01 
    1.49716E-01   2.37598E-03   0.00000E+00   7.89354E-01   2.10646E-01  NONE
   7.33000E+02   2.35969E-06   3.42340E-04   9.69080E-01   3.70637E-03 
    8.61124E-03   1.82576E-02   6.72543E-02   4.04683E-02   7.38798E-01 
    1.51093E-01   2.38646E-03   0.00000E+00   7.89347E-01   2.10653E-01  NONE
   7.23000E+02   1.95697E-06   3.12810E-04   9.69397E-01   3.42192E-03 
    8.60904E-03   1.82576E-02   6.72564E-02   4.06044E-02   7.37339E-01 
    1.52404E-01   2.39656E-03   0.00000E+00   7.89341E-01   2.10659E-01  NONE
   7.13000E+02   1.61582E-06   2.85002E-04   9.69697E-01   3.15187E-03 
    8.60693E-03   1.82576E-02   6.72583E-02   4.07327E-02   7.35954E-01 
    1.53649E-01   2.40624E-03   0.00000E+00   7.89336E-01   2.10664E-01  NONE
   7.03000E+02   1.32796E-06   2.58892E-04   9.69981E-01   2.89607E-03 
    8.60491E-03   1.82576E-02   6.72602E-02   4.08533E-02   7.34643E-01 
    1.54828E-01   2.41549E-03   0.00000E+00   7.89332E-01   2.10668E-01  NONE
   6.93000E+02   1.08604E-06   2.34447E-04   9.70250E-01   2.65430E-03 
    8.60299E-03   1.82575E-02   6.72620E-02   4.09663E-02   7.33405E-01 
    1.55943E-01   2.42428E-03   0.00000E+00   7.89328E-01   2.10672E-01  NONE
   6.83000E+02   8.83621E-07   2.11633E-04   9.70502E-01   2.42636E-03 
    8.60118E-03   1.82575E-02   6.72636E-02   4.10718E-02   7.32238E-01 
    1.56994E-01   2.43257E-03   0.00000E+00   7.89325E-01   2.10675E-01  NONE
   6.73000E+02   7.15029E-07   1.90406E-04   9.70740E-01   2.21199E-03 
    8.59948E-03   1.82574E-02   6.72652E-02   4.11701E-02   7.31141E-01 
    1.57983E-01   2.44033E-03   0.00000E+00   7.89323E-01   2.10677E-01  NONE
