
 Phase Region for:
     CEMENTITE                     
     FCC_A1#1                      
 col-1=T, col-2=W(CEMENTITE,C), col-3=W(CEMENTITE,CR), col-4=W(CEMENTITE,FE),
   col-5=W(CEMENTITE,MN), col-6=W(CEMENTITE,NI), col-7=W(CEMENTITE,SI),
   col-8=W(FCC_A1#1,C), col-9=W(FCC_A1#1,CR), col-10=W(FCC_A1#1,FE),
   col-11=W(FCC_A1#1,MN), col-12=W(FCC_A1#1,NI), col-13=W(FCC_A1#1,SI),
   col-14=NP(CEMENTITE), col-15=NP(FCC_A1#1),
   1.17300E+03   6.69446E-02   5.20459E-06   8.87576E-01   4.54736E-02 
    1.99803E-07   0.00000E+00   1.02578E-02   8.66677E-07   9.29280E-01 
    2.95093E-02   1.02537E-06   3.09513E-02   3.56320E-02   9.64368E-01
   1.18300E+03   6.69442E-02   5.19302E-06   8.87921E-01   4.51295E-02 
    2.03406E-07   0.00000E+00   1.05712E-02   8.90964E-07   9.29040E-01 
    2.96066E-02   1.02071E-06   3.07801E-02   2.93837E-02   9.70616E-01
   1.19300E+03   6.69439E-02   5.18099E-06   8.88256E-01   4.47948E-02 
    2.07016E-07   0.00000E+00   1.08892E-02   9.15475E-07   9.28801E-01 
    2.97009E-02   1.01603E-06   3.06065E-02   2.29733E-02   9.77027E-01
   1.20300E+03   6.69435E-02   5.16851E-06   8.88582E-01   4.44693E-02 
    2.10631E-07   0.00000E+00   1.12118E-02   9.40199E-07   9.28563E-01 
    2.97924E-02   1.01132E-06   3.04304E-02   1.63964E-02   9.83604E-01
   1.21300E+03   6.69432E-02   5.15559E-06   8.88898E-01   4.41530E-02 
    2.14252E-07   0.00000E+00   1.15389E-02   9.65127E-07   9.28326E-01 
    2.98812E-02   1.00659E-06   3.02518E-02   9.64782E-03   9.90352E-01
   1.22300E+03   6.69428E-02   5.14222E-06   8.89206E-01   4.38456E-02 
    2.17877E-07   0.00000E+00   1.18707E-02   9.90249E-07   9.28089E-01 
    2.99674E-02   1.00184E-06   3.00706E-02   2.72258E-03   9.97277E-01
   1.22686E+03   6.69427E-02   5.13693E-06   8.89323E-01   4.37293E-02 
    2.19278E-07   0.00000E+00   1.20000E-02   1.00000E-06   9.27998E-01 
    3.00000E-02   1.00000E-06   3.00000E-02   0.00000E+00   1.00000E+00

 Phase Region for:
     FCC_A1#1                      
 col-1=T, col-2=W(FCC_A1#1,C), col-3=W(FCC_A1#1,CR), col-4=W(FCC_A1#1,FE),
   col-5=W(FCC_A1#1,MN), col-6=W(FCC_A1#1,NI), col-7=W(FCC_A1#1,SI),
   col-8=NP(FCC_A1#1),
   1.22686E+03   1.20000E-02   1.00000E-06   9.27998E-01   3.00000E-02 
    1.00000E-06   3.00000E-02   1.00000E+00
   1.23300E+03   1.20000E-02   1.00000E-06   9.27998E-01   3.00000E-02 
    1.00000E-06   3.00000E-02   1.00000E+00
   1.24300E+03   1.20000E-02   1.00000E-06   9.27998E-01   3.00000E-02 
    1.00000E-06   3.00000E-02   1.00000E+00
   1.25300E+03   1.20000E-02   1.00000E-06   9.27998E-01   3.00000E-02 
    1.00000E-06   3.00000E-02   1.00000E+00
   1.26300E+03   1.20000E-02   1.00000E-06   9.27998E-01   3.00000E-02 
    1.00000E-06   3.00000E-02   1.00000E+00
   1.27300E+03   1.20000E-02   1.00000E-06   9.27998E-01   3.00000E-02 
    1.00000E-06   3.00000E-02   1.00000E+00
   1.28300E+03   1.20000E-02   1.00000E-06   9.27998E-01   3.00000E-02 
    1.00000E-06   3.00000E-02   1.00000E+00
   1.29300E+03   1.20000E-02   1.00000E-06   9.27998E-01   3.00000E-02 
    1.00000E-06   3.00000E-02   1.00000E+00
   1.30300E+03   1.20000E-02   1.00000E-06   9.27998E-01   3.00000E-02 
    1.00000E-06   3.00000E-02   1.00000E+00
   1.31300E+03   1.20000E-02   1.00000E-06   9.27998E-01   3.00000E-02 
    1.00000E-06   3.00000E-02   1.00000E+00
   1.32300E+03   1.20000E-02   1.00000E-06   9.27998E-01   3.00000E-02 
    1.00000E-06   3.00000E-02   1.00000E+00
   1.33300E+03   1.20000E-02   1.00000E-06   9.27998E-01   3.00000E-02 
    1.00000E-06   3.00000E-02   1.00000E+00
   1.34300E+03   1.20000E-02   1.00000E-06   9.27998E-01   3.00000E-02 
    1.00000E-06   3.00000E-02   1.00000E+00
   1.35300E+03   1.20000E-02   1.00000E-06   9.27998E-01   3.00000E-02 
    1.00000E-06   3.00000E-02   1.00000E+00
   1.36300E+03   1.20000E-02   1.00000E-06   9.27998E-01   3.00000E-02 
    1.00000E-06   3.00000E-02   1.00000E+00
   1.37300E+03   1.20000E-02   1.00000E-06   9.27998E-01   3.00000E-02 
    1.00000E-06   3.00000E-02   1.00000E+00
   1.38300E+03   1.20000E-02   1.00000E-06   9.27998E-01   3.00000E-02 
    1.00000E-06   3.00000E-02   1.00000E+00
   1.39300E+03   1.20000E-02   1.00000E-06   9.27998E-01   3.00000E-02 
    1.00000E-06   3.00000E-02   1.00000E+00
   1.40300E+03   1.20000E-02   1.00000E-06   9.27998E-01   3.00000E-02 
    1.00000E-06   3.00000E-02   1.00000E+00
   1.41300E+03   1.20000E-02   1.00000E-06   9.27998E-01   3.00000E-02 
    1.00000E-06   3.00000E-02   1.00000E+00
   1.42300E+03   1.20000E-02   1.00000E-06   9.27998E-01   3.00000E-02 
    1.00000E-06   3.00000E-02   1.00000E+00
   1.43300E+03   1.20000E-02   1.00000E-06   9.27998E-01   3.00000E-02 
    1.00000E-06   3.00000E-02   1.00000E+00
   1.44300E+03   1.20000E-02   1.00000E-06   9.27998E-01   3.00000E-02 
    1.00000E-06   3.00000E-02   1.00000E+00
   1.45300E+03   1.20000E-02   1.00000E-06   9.27998E-01   3.00000E-02 
    1.00000E-06   3.00000E-02   1.00000E+00
   1.46300E+03   1.20000E-02   1.00000E-06   9.27998E-01   3.00000E-02 
    1.00000E-06   3.00000E-02   1.00000E+00
   1.47300E+03   1.20000E-02   1.00000E-06   9.27998E-01   3.00000E-02 
    1.00000E-06   3.00000E-02   1.00000E+00

 Phase Region for:
     CEMENTITE                     
     FCC_A1#1                      
 col-1=T, col-2=W(CEMENTITE,C), col-3=W(CEMENTITE,CR), col-4=W(CEMENTITE,FE),
   col-5=W(CEMENTITE,MN), col-6=W(CEMENTITE,NI), col-7=W(CEMENTITE,SI),
   col-8=W(FCC_A1#1,C), col-9=W(FCC_A1#1,CR), col-10=W(FCC_A1#1,FE),
   col-11=W(FCC_A1#1,MN), col-12=W(FCC_A1#1,NI), col-13=W(FCC_A1#1,SI),
   col-14=NP(CEMENTITE), col-15=NP(FCC_A1#1),
   1.17300E+03   6.69446E-02   5.20459E-06   8.87576E-01   4.54736E-02 
    1.99803E-07   0.00000E+00   1.02578E-02   8.66677E-07   9.29280E-01 
    2.95093E-02   1.02537E-06   3.09513E-02   3.56320E-02   9.64368E-01
   1.16300E+03   6.69450E-02   5.21570E-06   8.87222E-01   4.58274E-02 
    1.96207E-07   0.00000E+00   9.94883E-03   8.42623E-07   9.29520E-01 
    2.94091E-02   1.03001E-06   3.11199E-02   4.17227E-02   9.58277E-01
   1.15300E+03   6.69454E-02   5.22635E-06   8.86858E-01   4.61910E-02 
    1.92618E-07   0.00000E+00   9.64443E-03   8.18812E-07   9.29762E-01 
    2.93059E-02   1.03461E-06   3.12861E-02   4.76599E-02   9.52340E-01
   1.14300E+03   6.69458E-02   5.23654E-06   8.86484E-01   4.65646E-02 
    1.89037E-07   0.00000E+00   9.34456E-03   7.95255E-07   9.30004E-01 
    2.91995E-02   1.03919E-06   3.14499E-02   5.34475E-02   9.46553E-01
   1.13300E+03   6.69463E-02   5.24628E-06   8.86100E-01   4.69485E-02 
    1.85465E-07   0.00000E+00   9.04920E-03   7.71960E-07   9.30248E-01 
    2.90898E-02   1.04374E-06   3.16111E-02   5.90893E-02   9.40911E-01
   1.12300E+03   6.69467E-02   5.25555E-06   8.85705E-01   4.73429E-02 
    1.81902E-07   0.00000E+00   8.75836E-03   7.48939E-07   9.30493E-01 
    2.89768E-02   1.04826E-06   3.17699E-02   6.45888E-02   9.35411E-01
   1.11300E+03   6.69471E-02   5.26437E-06   8.85299E-01   4.77480E-02 
    1.78350E-07   0.00000E+00   8.47204E-03   7.26200E-07   9.30740E-01 
    2.88605E-02   1.05276E-06   3.19262E-02   6.99494E-02   9.30051E-01
   1.10300E+03   6.69476E-02   5.27274E-06   8.84883E-01   4.81640E-02 
    1.74808E-07   0.00000E+00   8.19025E-03   7.03753E-07   9.30987E-01 
    2.87406E-02   1.05721E-06   3.20800E-02   7.51741E-02   9.24826E-01
   1.09300E+03   6.69481E-02   5.28065E-06   8.84455E-01   4.85912E-02 
    1.71278E-07   0.00000E+00   7.91299E-03   6.81607E-07   9.31237E-01 
    2.86172E-02   1.06164E-06   3.22314E-02   8.02661E-02   9.19734E-01
   1.08300E+03   6.69486E-02   5.28813E-06   8.84016E-01   4.90298E-02 
    1.67760E-07   0.00000E+00   7.64028E-03   6.59772E-07   9.31488E-01 
    2.84901E-02   1.06603E-06   3.23803E-02   8.52282E-02   9.14772E-01
   1.07300E+03   6.69491E-02   5.29517E-06   8.83565E-01   4.94801E-02 
    1.64255E-07   0.00000E+00   7.37213E-03   6.38256E-07   9.31740E-01 
    2.83594E-02   1.07039E-06   3.25266E-02   9.00629E-02   9.09937E-01
   1.06300E+03   6.69496E-02   5.30178E-06   8.83103E-01   4.99424E-02 
    1.60763E-07   0.00000E+00   7.10855E-03   6.17069E-07   9.31994E-01 
    2.82248E-02   1.07471E-06   3.26705E-02   9.47730E-02   9.05227E-01
   1.05300E+03   6.69501E-02   5.30797E-06   8.82628E-01   5.04169E-02 
    1.57286E-07   0.00000E+00   6.84957E-03   5.96217E-07   9.32251E-01 
    2.80863E-02   1.07899E-06   3.28119E-02   9.93608E-02   9.00639E-01
   1.04300E+03   6.69506E-02   5.31375E-06   8.82140E-01   5.09040E-02 
    1.53823E-07   0.00000E+00   6.59520E-03   5.75711E-07   9.32508E-01 
    2.79439E-02   1.08323E-06   3.29507E-02   1.03829E-01   8.96171E-01
   1.03832E+03   6.69509E-02   5.31632E-06   8.81907E-01   5.11363E-02 
    1.52208E-07   0.00000E+00   6.47775E-03   5.66234E-07   9.32630E-01 
    2.78759E-02   1.08520E-06   3.30148E-02   1.05879E-01   8.94121E-01

 Phase Region for:
     BCC_A2                        
     CEMENTITE                     
     FCC_A1#1                      
 col-1=T, col-2=W(BCC_A2,C), col-3=W(BCC_A2,CR), col-4=W(BCC_A2,FE),
   col-5=W(BCC_A2,MN), col-6=W(BCC_A2,NI), col-7=W(BCC_A2,SI),
   col-8=W(CEMENTITE,C), col-9=W(CEMENTITE,CR), col-10=W(CEMENTITE,FE),
   col-11=W(CEMENTITE,MN), col-12=W(CEMENTITE,NI), col-13=W(CEMENTITE,SI),
   col-14=W(FCC_A1#1,C), col-15=W(FCC_A1#1,CR), col-16=W(FCC_A1#1,FE),
   col-17=W(FCC_A1#1,MN), col-18=W(FCC_A1#1,NI), col-19=W(FCC_A1#1,SI),
   col-20=NP(BCC_A2), col-21=NP(CEMENTITE), col-22=NP(FCC_A1#1),
   1.03832E+03   1.74530E-04   3.35603E-07   9.46456E-01   1.20126E-02 
    5.17996E-07   4.13562E-02   6.69509E-02   5.31632E-06   8.81907E-01 
    5.11364E-02   1.52209E-07   0.00000E+00   6.47774E-03   5.66233E-07 
    9.32630E-01   2.78760E-02   1.08520E-06   3.30148E-02   2.93710E-06 
    1.05879E-01   8.94118E-01
   1.03300E+03   1.64715E-04   3.16817E-07   9.46729E-01   1.27673E-02 
    5.69610E-07   4.03377E-02   6.69559E-02   5.12173E-06   8.77422E-01 
    5.56166E-02   1.65418E-07   0.00000E+00   6.35942E-03   5.33256E-07 
    9.31514E-01   2.98745E-02   1.21605E-06   3.22506E-02   1.52004E-01 
    1.26530E-01   7.21466E-01
   1.02300E+03   1.46895E-04   2.87522E-07   9.46815E-01   1.43638E-02 
    6.98955E-07   3.86736E-02   6.69665E-02   4.82574E-06   8.67755E-01 
    6.52739E-02   1.98974E-07   0.00000E+00   6.13122E-03   4.81163E-07 
    9.28716E-01   3.41100E-02   1.55025E-06   3.10409E-02   4.12744E-01 
    1.60549E-01   4.26707E-01
   1.01300E+03   1.29953E-04   2.64594E-07   9.46358E-01   1.61739E-02 
    8.96539E-07   3.73366E-02   6.69790E-02   4.60489E-06   8.56475E-01 
    7.65412E-02   2.50836E-07   0.00000E+00   5.89339E-03   4.39487E-07 
    9.25049E-01   3.89313E-02   2.07312E-06   3.01238E-02   6.38359E-01 
    1.88264E-01   1.73377E-01
   1.00498E+03   1.17093E-04   2.49823E-07   9.45646E-01   1.77530E-02 
    1.14756E-06   3.64827E-02   6.69902E-02   4.47158E-06   8.46330E-01 
    8.66750E-02   3.17156E-07   0.00000E+00   5.69549E-03   4.11974E-07 
    9.21561E-01   4.31600E-02   2.75023E-06   2.95805E-02   7.93851E-01 
    2.06149E-01   0.00000E+00

 Phase Region for:
     BCC_A2                        
     CEMENTITE                     
 col-1=T, col-2=W(BCC_A2,C), col-3=W(BCC_A2,CR), col-4=W(BCC_A2,FE),
   col-5=W(BCC_A2,MN), col-6=W(BCC_A2,NI), col-7=W(BCC_A2,SI),
   col-8=W(CEMENTITE,C), col-9=W(CEMENTITE,CR), col-10=W(CEMENTITE,FE),
   col-11=W(CEMENTITE,MN), col-12=W(CEMENTITE,NI), col-13=W(CEMENTITE,SI),
   col-14=NP(BCC_A2), col-15=NP(CEMENTITE),
   1.00498E+03   1.17093E-04   2.49823E-07   9.45646E-01   1.77530E-02 
    1.14756E-06   3.64827E-02   6.69902E-02   4.47158E-06   8.46330E-01 
    8.66750E-02   3.17156E-07   0.00000E+00   7.93851E-01   2.06149E-01  NONE
   1.00300E+03   1.14375E-04   2.48026E-07   9.45740E-01   1.76599E-02 
    1.14754E-06   3.64842E-02   6.69907E-02   4.47913E-06   8.45911E-01 
    8.70932E-02   3.17389E-07   0.00000E+00   7.93812E-01   2.06188E-01  NONE
   9.93000E+02   1.01482E-04   2.38953E-07   9.46234E-01   1.71717E-02 
    1.14739E-06   3.64909E-02   6.69931E-02   4.51744E-06   8.43712E-01 
    8.92903E-02   3.18793E-07   0.00000E+00   7.93628E-01   2.06372E-01  NONE
   9.83000E+02   8.98494E-05   2.29843E-07   9.46763E-01   1.66483E-02 
    1.14713E-06   3.64969E-02   6.69957E-02   4.55624E-06   8.41347E-01 
    9.16520E-02   3.20634E-07   0.00000E+00   7.93463E-01   2.06537E-01  NONE
   9.73000E+02   7.93734E-05   2.20667E-07   9.47337E-01   1.60798E-02 
    1.14672E-06   3.65023E-02   6.69986E-02   4.59563E-06   8.38773E-01 
    9.42239E-02   3.23068E-07   0.00000E+00   7.93313E-01   2.06687E-01  NONE
   9.63000E+02   6.99195E-05   2.11014E-07   9.48064E-01   1.53581E-02 
    1.14584E-06   3.65071E-02   6.70022E-02   4.63753E-06   8.35488E-01 
    9.75048E-02   3.27603E-07   0.00000E+00   7.93179E-01   2.06821E-01  NONE
   9.53000E+02   6.14994E-05   2.01579E-07   9.48767E-01   1.46589E-02 
    1.14499E-06   3.65112E-02   6.70057E-02   4.67866E-06   8.32306E-01 
    1.00683E-01   3.31965E-07   0.00000E+00   7.93059E-01   2.06941E-01  NONE
   9.43000E+02   5.40083E-05   1.92357E-07   9.49449E-01   1.39812E-02 
    1.14416E-06   3.65149E-02   6.70091E-02   4.71905E-06   8.29222E-01 
    1.03764E-01   3.36172E-07   0.00000E+00   7.92952E-01   2.07048E-01  NONE
   9.33000E+02   4.73512E-05   1.83342E-07   9.50109E-01   1.33242E-02 
    1.14335E-06   3.65182E-02   6.70124E-02   4.75869E-06   8.26232E-01 
    1.06751E-01   3.40240E-07   0.00000E+00   7.92857E-01   2.07143E-01  NONE
   9.23000E+02   4.14424E-05   1.74533E-07   9.50749E-01   1.26871E-02 
    1.14255E-06   3.65210E-02   6.70157E-02   4.79758E-06   8.23331E-01 
    1.09649E-01   3.44184E-07   0.00000E+00   7.92773E-01   2.07227E-01  NONE
   9.13000E+02   3.62047E-05   1.65927E-07   9.51370E-01   1.20692E-02 
    1.14177E-06   3.65235E-02   6.70188E-02   4.83571E-06   8.20516E-01 
    1.12460E-01   3.48016E-07   0.00000E+00   7.92699E-01   2.07301E-01  NONE
   9.03000E+02   3.15683E-05   1.57526E-07   9.51972E-01   1.14699E-02 
    1.14101E-06   3.65257E-02   6.70218E-02   4.87306E-06   8.17785E-01 
    1.15188E-01   3.51748E-07   0.00000E+00   7.92633E-01   2.07367E-01  NONE
   8.93000E+02   2.74703E-05   1.49332E-07   9.52555E-01   1.08887E-02 
    1.14026E-06   3.65275E-02   6.70247E-02   4.90960E-06   8.15136E-01 
    1.17834E-01   3.55389E-07   0.00000E+00   7.92574E-01   2.07426E-01  NONE
   8.83000E+02   2.38538E-05   1.41347E-07   9.53121E-01   1.03252E-02 
    1.13952E-06   3.65292E-02   6.70276E-02   4.94531E-06   8.12566E-01 
    1.20401E-01   3.58950E-07   0.00000E+00   7.92523E-01   2.07477E-01  NONE
   8.73000E+02   2.06677E-05   1.33574E-07   9.53668E-01   9.77905E-03 
    1.13879E-06   3.65306E-02   6.70303E-02   4.98017E-06   8.10074E-01 
    1.22890E-01   3.62438E-07   0.00000E+00   7.92478E-01   2.07522E-01  NONE
   8.63000E+02   1.78656E-05   1.26016E-07   9.54199E-01   9.25002E-03 
    1.13807E-06   3.65318E-02   6.70330E-02   5.01414E-06   8.07659E-01 
    1.25303E-01   3.65859E-07   0.00000E+00   7.92438E-01   2.07562E-01  NONE
   8.53000E+02   1.54061E-05   1.18679E-07   9.54713E-01   8.73789E-03 
    1.13736E-06   3.65328E-02   6.70356E-02   5.04720E-06   8.05319E-01 
    1.27640E-01   3.69220E-07   0.00000E+00   7.92403E-01   2.07597E-01  NONE
   8.43000E+02   1.32514E-05   1.11566E-07   9.55209E-01   8.24248E-03 
    1.13666E-06   3.65337E-02   6.70381E-02   5.07931E-06   8.03055E-01 
    1.29901E-01   3.72526E-07   0.00000E+00   7.92372E-01   2.07628E-01  NONE
   8.33000E+02   1.13678E-05   1.04681E-07   9.55689E-01   7.76367E-03 
    1.13596E-06   3.65344E-02   6.70405E-02   5.11046E-06   8.00866E-01 
    1.32088E-01   3.75780E-07   0.00000E+00   7.92345E-01   2.07655E-01  NONE
   8.23000E+02   9.72482E-06   9.80290E-08   9.56153E-01   7.30137E-03 
    1.13528E-06   3.65351E-02   6.70428E-02   5.14061E-06   7.98751E-01 
    1.34201E-01   3.78986E-07   0.00000E+00   7.92322E-01   2.07678E-01  NONE
   8.13000E+02   8.29510E-06   9.16127E-08   9.56599E-01   6.85550E-03 
    1.13460E-06   3.65356E-02   6.70451E-02   5.16974E-06   7.96710E-01 
    1.36239E-01   3.82148E-07   0.00000E+00   7.92302E-01   2.07698E-01  NONE
   8.03000E+02   7.05400E-06   8.54360E-08   9.57030E-01   6.42602E-03 
    1.13393E-06   3.65360E-02   6.70473E-02   5.19782E-06   7.94743E-01 
    1.38204E-01   3.85267E-07   0.00000E+00   7.92284E-01   2.07716E-01  NONE
   7.93000E+02   5.97946E-06   7.95018E-08   9.57444E-01   6.01288E-03 
    1.13327E-06   3.65363E-02   6.70494E-02   5.22484E-06   7.92851E-01 
    1.40094E-01   3.88344E-07   0.00000E+00   7.92269E-01   2.07731E-01  NONE
   7.83000E+02   5.05166E-06   7.38125E-08   9.57841E-01   5.61602E-03 
    1.13261E-06   3.65366E-02   6.70514E-02   5.25078E-06   7.91032E-01 
    1.41911E-01   3.91381E-07   0.00000E+00   7.92255E-01   2.07745E-01  NONE
   7.73000E+02   4.25287E-06   6.83702E-08   9.58222E-01   5.23540E-03 
    1.13196E-06   3.65368E-02   6.70533E-02   5.27562E-06   7.89286E-01 
    1.43655E-01   3.94378E-07   0.00000E+00   7.92244E-01   2.07756E-01  NONE
   7.63000E+02   3.56724E-06   6.31758E-08   9.58587E-01   4.87095E-03 
    1.13132E-06   3.65370E-02   6.70551E-02   5.29936E-06   7.87615E-01 
    1.45325E-01   3.97335E-07   0.00000E+00   7.92234E-01   2.07766E-01  NONE
   7.53000E+02   2.98062E-06   5.82300E-08   9.58936E-01   4.52260E-03 
    1.13069E-06   3.65371E-02   6.70569E-02   5.32199E-06   7.86016E-01 
    1.46921E-01   4.00251E-07   0.00000E+00   7.92226E-01   2.07774E-01  NONE
   7.43000E+02   2.48040E-06   5.35325E-08   9.59269E-01   4.19025E-03 
    1.13006E-06   3.65371E-02   6.70586E-02   5.34350E-06   7.84490E-01 
    1.48445E-01   4.03125E-07   0.00000E+00   7.92219E-01   2.07781E-01  NONE
   7.33000E+02   2.05538E-06   4.90821E-08   9.59586E-01   3.87378E-03 
    1.12945E-06   3.65372E-02   6.70602E-02   5.36389E-06   7.83037E-01 
    1.49897E-01   4.05956E-07   0.00000E+00   7.92213E-01   2.07787E-01  NONE
   7.23000E+02   1.69559E-06   4.48770E-08   9.59887E-01   3.57304E-03 
    1.12884E-06   3.65372E-02   6.70617E-02   5.38318E-06   7.81656E-01 
    1.51277E-01   4.08742E-07   0.00000E+00   7.92208E-01   2.07792E-01  NONE
   7.13000E+02   1.39223E-06   4.09146E-08   9.60172E-01   3.28785E-03 
    1.12824E-06   3.65372E-02   6.70632E-02   5.40137E-06   7.80345E-01 
    1.52586E-01   4.11481E-07   0.00000E+00   7.92203E-01   2.07797E-01  NONE
   7.03000E+02   1.13752E-06   3.71914E-08   9.60443E-01   3.01802E-03 
    1.12766E-06   3.65372E-02   6.70646E-02   5.41847E-06   7.79105E-01 
    1.53824E-01   4.14169E-07   0.00000E+00   7.92200E-01   2.07800E-01  NONE
   6.93000E+02   9.24593E-07   3.37033E-08   9.60697E-01   2.76330E-03 
    1.12708E-06   3.65371E-02   6.70658E-02   5.43450E-06   7.77934E-01 
    1.54994E-01   4.16804E-07   0.00000E+00   7.92197E-01   2.07803E-01  NONE
   6.83000E+02   7.47426E-07   3.04451E-08   9.60938E-01   2.52343E-03 
    1.12652E-06   3.65371E-02   6.70671E-02   5.44949E-06   7.76831E-01 
    1.56096E-01   4.19382E-07   0.00000E+00   7.92194E-01   2.07806E-01  NONE
   6.73000E+02   6.00739E-07   2.74114E-08   9.61163E-01   2.29809E-03 
    1.12597E-06   3.65370E-02   6.70682E-02   5.46345E-06   7.75795E-01 
    1.57131E-01   4.21898E-07   0.00000E+00   7.92192E-01   2.07808E-01  NONE
