
 Phase Region for:
     CEMENTITE                     
     FCC_A1#1                      
 col-1=T, col-2=X(CEMENTITE,C), col-3=X(CEMENTITE,CR), col-4=X(CEMENTITE,FE),
   col-5=X(CEMENTITE,MN), col-6=X(CEMENTITE,NI), col-7=X(CEMENTITE,SI),
   col-8=X(FCC_A1#1,C), col-9=X(FCC_A1#1,CR), col-10=X(FCC_A1#1,FE),
   col-11=X(FCC_A1#1,MN), col-12=X(FCC_A1#1,NI), col-13=X(FCC_A1#1,SI),
   col-14=NP(CEMENTITE), col-15=NP(FCC_A1#1),
   1.17300E+03   2.50000E-01   5.92685E-02   6.87646E-01   1.07309E-06 
    3.08474E-03   0.00000E+00   4.09874E-02   1.09707E-02   8.80916E-01 
    9.37252E-07   2.15339E-02   4.55908E-02   8.41701E-02   9.15830E-01
   1.18300E+03   2.50000E-01   5.91421E-02   6.87709E-01   1.06697E-06 
    3.14780E-03   0.00000E+00   4.22891E-02   1.12822E-02   8.79707E-01 
    9.38618E-07   2.14137E-02   4.53069E-02   7.84310E-02   9.21569E-01
   1.19300E+03   2.50000E-01   5.90140E-02   6.87774E-01   1.06106E-06 
    3.21113E-03   0.00000E+00   4.36116E-02   1.15970E-02   8.78480E-01 
    9.39898E-07   2.12924E-02   4.50185E-02   7.25258E-02   9.27474E-01
   1.20300E+03   2.50000E-01   5.88841E-02   6.87840E-01   1.05535E-06 
    3.27474E-03   0.00000E+00   4.49549E-02   1.19149E-02   8.77234E-01 
    9.41093E-07   2.11702E-02   4.47254E-02   6.64493E-02   9.33551E-01
   1.21300E+03   2.50000E-01   5.87527E-02   6.87908E-01   1.04984E-06 
    3.33862E-03   0.00000E+00   4.63192E-02   1.22358E-02   8.75969E-01 
    9.42206E-07   2.10470E-02   4.44278E-02   6.01962E-02   9.39804E-01
   1.22300E+03   2.50000E-01   5.86199E-02   6.87976E-01   1.04452E-06 
    3.40275E-03   0.00000E+00   4.77044E-02   1.25597E-02   8.74686E-01 
    9.43240E-07   2.09229E-02   4.41257E-02   5.37609E-02   9.46239E-01
   1.23300E+03   2.50000E-01   5.84857E-02   6.88046E-01   1.03939E-06 
    3.46714E-03   0.00000E+00   4.91106E-02   1.28865E-02   8.73385E-01 
    9.44198E-07   2.07980E-02   4.38190E-02   4.71375E-02   9.52863E-01
   1.24300E+03   2.50000E-01   5.83503E-02   6.88117E-01   1.03446E-06 
    3.53176E-03   0.00000E+00   5.05378E-02   1.32162E-02   8.72065E-01 
    9.45082E-07   2.06721E-02   4.35077E-02   4.03196E-02   9.59680E-01
   1.25300E+03   2.50000E-01   5.82139E-02   6.88188E-01   1.02971E-06 
    3.59662E-03   0.00000E+00   5.19860E-02   1.35486E-02   8.70727E-01 
    9.45894E-07   2.05455E-02   4.31918E-02   3.33007E-02   9.66699E-01
   1.26300E+03   2.50000E-01   5.80764E-02   6.88261E-01   1.02514E-06 
    3.66170E-03   0.00000E+00   5.34554E-02   1.38837E-02   8.69371E-01 
    9.46638E-07   2.04179E-02   4.28713E-02   2.60737E-02   9.73926E-01
   1.27300E+03   2.50000E-01   5.79382E-02   6.88334E-01   1.02075E-06 
    3.72700E-03   0.00000E+00   5.49459E-02   1.42214E-02   8.67996E-01 
    9.47317E-07   2.02896E-02   4.25462E-02   1.86314E-02   9.81369E-01
   1.28300E+03   2.50000E-01   5.77992E-02   6.88407E-01   1.01654E-06 
    3.79251E-03   0.00000E+00   5.64577E-02   1.45618E-02   8.66603E-01 
    9.47933E-07   2.01605E-02   4.22164E-02   1.09658E-02   9.89034E-01
   1.29300E+03   2.50000E-01   5.76595E-02   6.88481E-01   1.01251E-06 
    3.85823E-03   0.00000E+00   5.79908E-02   1.49047E-02   8.65191E-01 
    9.48489E-07   2.00307E-02   4.18820E-02   3.06880E-03   9.96931E-01
   1.29681E+03   2.50000E-01   5.76063E-02   6.88509E-01   1.01102E-06 
    3.88329E-03   0.00000E+00   5.85800E-02   1.50359E-02   8.64649E-01 
    9.48685E-07   1.99810E-02   4.17535E-02   0.00000E+00   1.00000E+00

 Phase Region for:
     FCC_A1#1                      
 col-1=T, col-2=X(FCC_A1#1,C), col-3=X(FCC_A1#1,CR), col-4=X(FCC_A1#1,FE),
   col-5=X(FCC_A1#1,MN), col-6=X(FCC_A1#1,NI), col-7=X(FCC_A1#1,SI),
   col-8=NP(FCC_A1#1),
   1.29681E+03   5.85800E-02   1.50359E-02   8.64649E-01   9.48685E-07 
    1.99810E-02   4.17535E-02   1.00000E+00
   1.30300E+03   5.85800E-02   1.50359E-02   8.64649E-01   9.48685E-07 
    1.99810E-02   4.17535E-02   1.00000E+00
   1.31300E+03   5.85800E-02   1.50359E-02   8.64649E-01   9.48685E-07 
    1.99810E-02   4.17535E-02   1.00000E+00
   1.32300E+03   5.85800E-02   1.50359E-02   8.64649E-01   9.48685E-07 
    1.99810E-02   4.17535E-02   1.00000E+00
   1.33300E+03   5.85800E-02   1.50359E-02   8.64649E-01   9.48685E-07 
    1.99810E-02   4.17535E-02   1.00000E+00
   1.34300E+03   5.85800E-02   1.50359E-02   8.64649E-01   9.48685E-07 
    1.99810E-02   4.17535E-02   1.00000E+00
   1.35300E+03   5.85800E-02   1.50359E-02   8.64649E-01   9.48685E-07 
    1.99810E-02   4.17535E-02   1.00000E+00
   1.36300E+03   5.85800E-02   1.50359E-02   8.64649E-01   9.48685E-07 
    1.99810E-02   4.17535E-02   1.00000E+00
   1.37300E+03   5.85800E-02   1.50359E-02   8.64649E-01   9.48685E-07 
    1.99810E-02   4.17535E-02   1.00000E+00
   1.38300E+03   5.85800E-02   1.50359E-02   8.64649E-01   9.48685E-07 
    1.99810E-02   4.17535E-02   1.00000E+00
   1.39300E+03   5.85800E-02   1.50359E-02   8.64649E-01   9.48685E-07 
    1.99810E-02   4.17535E-02   1.00000E+00
   1.40300E+03   5.85800E-02   1.50359E-02   8.64649E-01   9.48685E-07 
    1.99810E-02   4.17535E-02   1.00000E+00
   1.41300E+03   5.85800E-02   1.50359E-02   8.64649E-01   9.48685E-07 
    1.99810E-02   4.17535E-02   1.00000E+00
   1.42300E+03   5.85800E-02   1.50359E-02   8.64649E-01   9.48685E-07 
    1.99810E-02   4.17535E-02   1.00000E+00
   1.43300E+03   5.85800E-02   1.50359E-02   8.64649E-01   9.48685E-07 
    1.99810E-02   4.17535E-02   1.00000E+00
   1.44300E+03   5.85800E-02   1.50359E-02   8.64649E-01   9.48685E-07 
    1.99810E-02   4.17535E-02   1.00000E+00
   1.45300E+03   5.85800E-02   1.50359E-02   8.64649E-01   9.48685E-07 
    1.99810E-02   4.17535E-02   1.00000E+00
   1.46300E+03   5.85800E-02   1.50359E-02   8.64649E-01   9.48685E-07 
    1.99810E-02   4.17535E-02   1.00000E+00
   1.47300E+03   5.85800E-02   1.50359E-02   8.64649E-01   9.48685E-07 
    1.99810E-02   4.17535E-02   1.00000E+00

 Phase Region for:
     CEMENTITE                     
     FCC_A1#1                      
 col-1=T, col-2=X(CEMENTITE,C), col-3=X(CEMENTITE,CR), col-4=X(CEMENTITE,FE),
   col-5=X(CEMENTITE,MN), col-6=X(CEMENTITE,NI), col-7=X(CEMENTITE,SI),
   col-8=X(FCC_A1#1,C), col-9=X(FCC_A1#1,CR), col-10=X(FCC_A1#1,FE),
   col-11=X(FCC_A1#1,MN), col-12=X(FCC_A1#1,NI), col-13=X(FCC_A1#1,SI),
   col-14=NP(CEMENTITE), col-15=NP(FCC_A1#1),
   1.17300E+03   2.50000E-01   5.92685E-02   6.87646E-01   1.07309E-06 
    3.08474E-03   0.00000E+00   4.09874E-02   1.09707E-02   8.80916E-01 
    9.37252E-07   2.15339E-02   4.55908E-02   8.41701E-02   9.15830E-01
   1.16300E+03   2.50000E-01   5.93931E-02   6.87584E-01   1.07942E-06 
    3.02198E-03   0.00000E+00   3.97067E-02   1.06625E-02   8.82107E-01 
    9.35795E-07   2.16532E-02   4.58702E-02   8.97478E-02   9.10252E-01
   1.15300E+03   2.50000E-01   5.95156E-02   6.87524E-01   1.08596E-06 
    2.95953E-03   0.00000E+00   3.84468E-02   1.03576E-02   8.83278E-01 
    9.34247E-07   2.17713E-02   4.61450E-02   9.51688E-02   9.04831E-01
   1.14300E+03   2.50000E-01   5.96361E-02   6.87465E-01   1.09272E-06 
    2.89738E-03   0.00000E+00   3.72077E-02   1.00563E-02   8.84431E-01 
    9.32604E-07   2.18885E-02   4.64153E-02   1.00437E-01   8.99563E-01
   1.13300E+03   2.50000E-01   5.97545E-02   6.87409E-01   1.09970E-06 
    2.83556E-03   0.00000E+00   3.59895E-02   9.75848E-03   8.85566E-01 
    9.30863E-07   2.20045E-02   4.66810E-02   1.05558E-01   8.94442E-01
   1.12300E+03   2.50000E-01   5.98706E-02   6.87354E-01   1.10691E-06 
    2.77406E-03   0.00000E+00   3.47922E-02   9.46434E-03   8.86681E-01 
    9.29023E-07   2.21194E-02   4.69422E-02   1.10534E-01   8.89466E-01
   1.11300E+03   2.50000E-01   5.99844E-02   6.87302E-01   1.11434E-06 
    2.71291E-03   0.00000E+00   3.36158E-02   9.17395E-03   8.87777E-01 
    9.27081E-07   2.22331E-02   4.71988E-02   1.15370E-01   8.84630E-01
   1.10300E+03   2.50000E-01   6.00958E-02   6.87251E-01   1.12202E-06 
    2.65211E-03   0.00000E+00   3.24603E-02   8.88741E-03   8.88855E-01 
    9.25033E-07   2.23456E-02   4.74508E-02   1.20069E-01   8.79931E-01
   1.09300E+03   2.50000E-01   6.02049E-02   6.87202E-01   1.12994E-06 
    2.59167E-03   0.00000E+00   3.13257E-02   8.60480E-03   8.89913E-01 
    9.22878E-07   2.24569E-02   4.76983E-02   1.24635E-01   8.75365E-01
   1.08300E+03   2.50000E-01   6.03114E-02   6.87156E-01   1.13811E-06 
    2.53160E-03   0.00000E+00   3.02120E-02   8.32622E-03   8.90953E-01 
    9.20614E-07   2.25670E-02   4.79412E-02   1.29070E-01   8.70930E-01
   1.07300E+03   2.50000E-01   6.04154E-02   6.87112E-01   1.14653E-06 
    2.47191E-03   0.00000E+00   2.91192E-02   8.05176E-03   8.91973E-01 
    9.18236E-07   2.26758E-02   4.81796E-02   1.33379E-01   8.66621E-01
   1.06300E+03   2.50000E-01   6.05168E-02   6.87069E-01   1.15521E-06 
    2.41262E-03   0.00000E+00   2.80475E-02   7.78151E-03   8.92973E-01 
    9.15744E-07   2.27833E-02   4.84134E-02   1.37563E-01   8.62437E-01
   1.05300E+03   2.50000E-01   6.06156E-02   6.87030E-01   1.16415E-06 
    2.35373E-03   0.00000E+00   2.69967E-02   7.51555E-03   8.93955E-01 
    9.13135E-07   2.28895E-02   4.86426E-02   1.41627E-01   8.58373E-01
   1.04300E+03   2.50000E-01   6.07117E-02   6.86992E-01   1.17337E-06 
    2.29525E-03   0.00000E+00   2.59670E-02   7.25397E-03   8.94917E-01 
    9.10405E-07   2.29942E-02   4.88672E-02   1.45572E-01   8.54428E-01
   1.03594E+03   2.50000E-01   6.07780E-02   6.86967E-01   1.18004E-06 
    2.25425E-03   0.00000E+00   2.52531E-02   7.07209E-03   8.95584E-01 
    9.08405E-07   2.30673E-02   4.90229E-02   1.48286E-01   8.51714E-01

 Phase Region for:
     BCC_A2                        
     CEMENTITE                     
     FCC_A1#1                      
 col-1=T, col-2=X(BCC_A2,C), col-3=X(BCC_A2,CR), col-4=X(BCC_A2,FE),
   col-5=X(BCC_A2,MN), col-6=X(BCC_A2,NI), col-7=X(BCC_A2,SI),
   col-8=X(CEMENTITE,C), col-9=X(CEMENTITE,CR), col-10=X(CEMENTITE,FE),
   col-11=X(CEMENTITE,MN), col-12=X(CEMENTITE,NI), col-13=X(CEMENTITE,SI),
   col-14=X(FCC_A1#1,C), col-15=X(FCC_A1#1,CR), col-16=X(FCC_A1#1,FE),
   col-17=X(FCC_A1#1,MN), col-18=X(FCC_A1#1,NI), col-19=X(FCC_A1#1,SI),
   col-20=NP(BCC_A2), col-21=NP(CEMENTITE), col-22=NP(FCC_A1#1),
   1.03594E+03   7.54546E-04   4.34574E-03   9.19101E-01   3.33207E-07 
    1.16317E-02   6.41668E-02   2.50000E-01   6.07780E-02   6.86967E-01 
    1.18004E-06   2.25425E-03   0.00000E+00   2.52531E-02   7.07208E-03 
    8.95584E-01   9.08407E-07   2.30674E-02   4.90229E-02   2.42867E-06 
    1.48287E-01   8.51711E-01
   1.03300E+03   7.35492E-04   4.22977E-03   9.19679E-01   3.41727E-07 
    1.21272E-02   6.32282E-02   2.50000E-01   6.00861E-02   6.87565E-01 
    1.23098E-06   2.34812E-03   0.00000E+00   2.50237E-02   6.88585E-03 
    8.95555E-01   9.46155E-07   2.42587E-02   4.82756E-02   6.96424E-02 
    1.56673E-01   7.73684E-01
   1.02300E+03   6.71391E-04   3.88174E-03   9.20994E-01   3.71372E-07 
    1.39746E-02   6.04782E-02   2.50000E-01   5.81475E-02   6.89150E-01 
    1.41653E-06   2.70113E-03   0.00000E+00   2.41576E-02   6.31646E-03 
    8.94542E-01   1.08773E-06   2.88418E-02   4.61412E-02   2.77296E-01 
    1.81255E-01   5.41449E-01
   1.01300E+03   6.08899E-04   3.59565E-03   9.21396E-01   4.00594E-07 
    1.60207E-02   5.83782E-02   2.50000E-01   5.67928E-02   6.90109E-01 
    1.61681E-06   3.09703E-03   0.00000E+00   2.31642E-02   5.83357E-03 
    8.92179E-01   1.24853E-06   3.42179E-02   4.46043E-02   4.40452E-01 
    1.99926E-01   3.59622E-01
   1.00300E+03   5.49025E-04   3.35816E-03   9.21074E-01   4.27609E-07 
    1.81818E-02   5.68363E-02   2.50000E-01   5.59232E-02   6.90554E-01 
    1.82626E-06   3.52052E-03   0.00000E+00   2.20651E-02   5.41993E-03 
    8.88627E-01   1.42682E-06   4.03065E-02   4.35806E-02   5.63829E-01 
    2.13422E-01   2.22749E-01
   9.93000E+02   4.92880E-04   3.15386E-03   9.20261E-01   4.49291E-07 
    2.03614E-02   5.57302E-02   2.50000E-01   5.54386E-02   6.90599E-01 
    2.04405E-06   3.96079E-03   0.00000E+00   2.08815E-02   5.05917E-03 
    8.83994E-01   1.62468E-06   4.70631E-02   4.30003E-02   6.54615E-01 
    2.22790E-01   1.22596E-01
   9.83000E+02   4.40942E-04   2.97357E-03   9.19106E-01   4.65690E-07 
    2.25210E-02   5.49580E-02   2.50000E-01   5.52383E-02   6.90347E-01 
    2.27090E-06   4.41208E-03   0.00000E+00   1.96376E-02   4.73594E-03 
    8.78370E-01   1.84567E-06   5.44972E-02   4.27572E-02   7.20592E-01 
    2.29097E-01   5.03105E-02
   9.73291E+02   3.94431E-04   2.81857E-03   9.17760E-01   4.79148E-07 
    2.45816E-02   5.44452E-02   2.50000E-01   5.52289E-02   6.89922E-01 
    2.49338E-06   4.84616E-03   0.00000E+00   1.84056E-02   4.44780E-03 
    8.72193E-01   2.07871E-06   6.22491E-02   4.27021E-02   7.66890E-01 
    2.33110E-01   0.00000E+00

 Phase Region for:
     BCC_A2                        
     CEMENTITE                     
 col-1=T, col-2=X(BCC_A2,C), col-3=X(BCC_A2,CR), col-4=X(BCC_A2,FE),
   col-5=X(BCC_A2,MN), col-6=X(BCC_A2,NI), col-7=X(BCC_A2,SI),
   col-8=X(CEMENTITE,C), col-9=X(CEMENTITE,CR), col-10=X(CEMENTITE,FE),
   col-11=X(CEMENTITE,MN), col-12=X(CEMENTITE,NI), col-13=X(CEMENTITE,SI),
   col-14=NP(BCC_A2), col-15=NP(CEMENTITE),
   9.73291E+02   3.94431E-04   2.81857E-03   9.17760E-01   4.79148E-07 
    2.45816E-02   5.44452E-02   2.50000E-01   5.52289E-02   6.89922E-01 
    2.49338E-06   4.84616E-03   0.00000E+00   7.66890E-01   2.33110E-01  NONE
   9.73000E+02   3.93121E-04   2.81473E-03   9.17765E-01   4.78511E-07 
    2.45815E-02   5.44455E-02   2.50000E-01   5.52406E-02   6.89910E-01 
    2.49544E-06   4.84682E-03   0.00000E+00   7.66886E-01   2.33114E-01  NONE
   9.63000E+02   3.50312E-04   2.68420E-03   9.17932E-01   4.56873E-07 
    2.45783E-02   5.44548E-02   2.50000E-01   5.56402E-02   6.89489E-01 
    2.56543E-06   4.86843E-03   0.00000E+00   7.66754E-01   2.33246E-01  NONE
   9.53000E+02   3.11640E-04   2.55685E-03   9.18092E-01   4.35834E-07 
    2.45754E-02   5.44632E-02   2.50000E-01   5.60315E-02   6.89078E-01 
    2.63348E-06   4.88781E-03   0.00000E+00   7.66636E-01   2.33364E-01  NONE
   9.43000E+02   2.76748E-04   2.43271E-03   9.18246E-01   4.15385E-07 
    2.45729E-02   5.44709E-02   2.50000E-01   5.64146E-02   6.88678E-01 
    2.69960E-06   4.90508E-03   0.00000E+00   7.66528E-01   2.33472E-01  NONE
   9.33000E+02   2.45310E-04   2.31178E-03   9.18394E-01   3.95521E-07 
    2.45708E-02   5.44777E-02   2.50000E-01   5.67891E-02   6.88288E-01 
    2.76384E-06   4.92035E-03   0.00000E+00   7.66432E-01   2.33568E-01  NONE
   9.23000E+02   2.17022E-04   2.19407E-03   9.18536E-01   3.76235E-07 
    2.45689E-02   5.44839E-02   2.50000E-01   5.71550E-02   6.87909E-01 
    2.82622E-06   4.93371E-03   0.00000E+00   7.66345E-01   2.33655E-01  NONE
   9.13000E+02   1.91610E-04   2.07960E-03   9.18672E-01   3.57520E-07 
    2.45674E-02   5.44894E-02   2.50000E-01   5.75119E-02   6.87540E-01 
    2.88675E-06   4.94526E-03   0.00000E+00   7.66267E-01   2.33733E-01  NONE
   9.03000E+02   1.68816E-04   1.96841E-03   9.18802E-01   3.39372E-07 
    2.45662E-02   5.44944E-02   2.50000E-01   5.78597E-02   6.87182E-01 
    2.94547E-06   4.95506E-03   0.00000E+00   7.66197E-01   2.33803E-01  NONE
   8.93000E+02   1.48406E-04   1.86051E-03   9.18927E-01   3.21786E-07 
    2.45653E-02   5.44988E-02   2.50000E-01   5.81982E-02   6.86836E-01 
    3.00239E-06   4.96320E-03   0.00000E+00   7.66135E-01   2.33865E-01  NONE
   8.83000E+02   1.30163E-04   1.75593E-03   9.19046E-01   3.04756E-07 
    2.45647E-02   5.45028E-02   2.50000E-01   5.85273E-02   6.86500E-01 
    3.05752E-06   4.96972E-03   0.00000E+00   7.66079E-01   2.33921E-01  NONE
   8.73000E+02   1.13889E-04   1.65469E-03   9.19160E-01   2.88279E-07 
    2.45645E-02   5.45064E-02   2.50000E-01   5.88466E-02   6.86176E-01 
    3.11088E-06   4.97468E-03   0.00000E+00   7.66029E-01   2.33971E-01  NONE
   8.63000E+02   9.93996E-05   1.55682E-03   9.19269E-01   2.72350E-07 
    2.45646E-02   5.45095E-02   2.50000E-01   5.91561E-02   6.85863E-01 
    3.16248E-06   4.97811E-03   0.00000E+00   7.65984E-01   2.34016E-01  NONE
   8.53000E+02   8.65262E-05   1.46234E-03   9.19374E-01   2.56967E-07 
    2.45650E-02   5.45123E-02   2.50000E-01   5.94556E-02   6.85561E-01 
    3.21233E-06   4.98006E-03   0.00000E+00   7.65945E-01   2.34055E-01  NONE
   8.43000E+02   7.51141E-05   1.37127E-03   9.19473E-01   2.42124E-07 
    2.45657E-02   5.45148E-02   2.50000E-01   5.97449E-02   6.85271E-01 
    3.26045E-06   4.98056E-03   0.00000E+00   7.65910E-01   2.34090E-01  NONE
   8.33000E+02   6.50209E-05   1.28361E-03   9.19567E-01   2.27820E-07 
    2.45668E-02   5.45170E-02   2.50000E-01   6.00239E-02   6.84993E-01 
    3.30685E-06   4.97962E-03   0.00000E+00   7.65879E-01   2.34121E-01  NONE
   8.23000E+02   5.61160E-05   1.19938E-03   9.19657E-01   2.14050E-07 
    2.45682E-02   5.45190E-02   2.50000E-01   6.02926E-02   6.84727E-01 
    3.35153E-06   4.97726E-03   0.00000E+00   7.65852E-01   2.34148E-01  NONE
   8.13000E+02   4.82797E-05   1.11857E-03   9.19742E-01   2.00810E-07 
    2.45700E-02   5.45207E-02   2.50000E-01   6.05508E-02   6.84472E-01 
    3.39451E-06   4.97348E-03   0.00000E+00   7.65828E-01   2.34172E-01  NONE
   8.03000E+02   4.14025E-05   1.04118E-03   9.19823E-01   1.88096E-07 
    2.45721E-02   5.45222E-02   2.50000E-01   6.07985E-02   6.84230E-01 
    3.43579E-06   4.96830E-03   0.00000E+00   7.65807E-01   2.34193E-01  NONE
   7.93000E+02   3.53840E-05   9.67203E-04   9.19899E-01   1.75903E-07 
    2.45746E-02   5.45235E-02   2.50000E-01   6.10357E-02   6.83999E-01 
    3.47540E-06   4.96171E-03   0.00000E+00   7.65788E-01   2.34212E-01  NONE
   7.83000E+02   3.01328E-05   8.96620E-04   9.19971E-01   1.64227E-07 
    2.45775E-02   5.45246E-02   2.50000E-01   6.12623E-02   6.83780E-01 
    3.51335E-06   4.95370E-03   0.00000E+00   7.65772E-01   2.34228E-01  NONE
   7.73000E+02   2.55654E-05   8.29405E-04   9.20039E-01   1.53062E-07 
    2.45807E-02   5.45256E-02   2.50000E-01   6.14785E-02   6.83574E-01 
    3.54965E-06   4.94426E-03   0.00000E+00   7.65758E-01   2.34242E-01  NONE
   7.63000E+02   2.16059E-05   7.65526E-04   9.20102E-01   1.42402E-07 
    2.45844E-02   5.45265E-02   2.50000E-01   6.16841E-02   6.83379E-01 
    3.58432E-06   4.93336E-03   0.00000E+00   7.65746E-01   2.34254E-01  NONE
   7.53000E+02   1.81852E-05   7.04946E-04   9.20161E-01   1.32240E-07 
    2.45884E-02   5.45273E-02   2.50000E-01   6.18794E-02   6.83196E-01 
    3.61738E-06   4.92099E-03   0.00000E+00   7.65736E-01   2.34264E-01  NONE
   7.43000E+02   1.52408E-05   6.47617E-04   9.20216E-01   1.22570E-07 
    2.45929E-02   5.45279E-02   2.50000E-01   6.20644E-02   6.83025E-01 
    3.64886E-06   4.90712E-03   0.00000E+00   7.65727E-01   2.34273E-01  NONE
   7.33000E+02   1.27160E-05   5.93486E-04   9.20267E-01   1.13382E-07 
    2.45978E-02   5.45284E-02   2.50000E-01   6.22393E-02   6.82865E-01 
    3.67877E-06   4.89171E-03   0.00000E+00   7.65719E-01   2.34281E-01  NONE
   7.23000E+02   1.05598E-05   5.42494E-04   9.20315E-01   1.04668E-07 
    2.46032E-02   5.45289E-02   2.50000E-01   6.24043E-02   6.82717E-01 
    3.70715E-06   4.87472E-03   0.00000E+00   7.65712E-01   2.34288E-01  NONE
   7.13000E+02   8.72618E-06   4.94572E-04   9.20358E-01   9.64204E-08 
    2.46090E-02   5.45293E-02   2.50000E-01   6.25594E-02   6.82581E-01 
    3.73402E-06   4.85612E-03   0.00000E+00   7.65707E-01   2.34293E-01  NONE
   7.03000E+02   7.17381E-06   4.49649E-04   9.20398E-01   8.86277E-08 
    2.46153E-02   5.45297E-02   2.50000E-01   6.27049E-02   6.82455E-01 
    3.75941E-06   4.83585E-03   0.00000E+00   7.65702E-01   2.34298E-01  NONE
   6.93000E+02   5.86574E-06   4.07645E-04   9.20434E-01   8.12799E-08 
    2.46222E-02   5.45299E-02   2.50000E-01   6.28411E-02   6.82341E-01 
    3.78336E-06   4.81387E-03   0.00000E+00   7.65698E-01   2.34302E-01  NONE
   6.83000E+02   4.76897E-06   3.68473E-04   9.20467E-01   7.43657E-08 
    2.46295E-02   5.45302E-02   2.50000E-01   6.29683E-02   6.82238E-01 
    3.80590E-06   4.79011E-03   0.00000E+00   7.65694E-01   2.34306E-01  NONE
   6.73000E+02   3.85417E-06   3.32045E-04   9.20496E-01   6.78734E-08 
    2.46374E-02   5.45304E-02   2.50000E-01   6.30865E-02   6.82145E-01 
    3.82707E-06   4.76452E-03   0.00000E+00   7.65692E-01   2.34308E-01  NONE
