
 Phase Region for:
     CEMENTITE                     
     FCC_A1#1                      
 col-1=T, col-2=X(CEMENTITE,C), col-3=X(CEMENTITE,CR), col-4=X(CEMENTITE,FE),
   col-5=X(CEMENTITE,MN), col-6=X(CEMENTITE,NI), col-7=X(CEMENTITE,SI),
   col-8=X(FCC_A1#1,C), col-9=X(FCC_A1#1,CR), col-10=X(FCC_A1#1,FE),
   col-11=X(FCC_A1#1,MN), col-12=X(FCC_A1#1,NI), col-13=X(FCC_A1#1,SI),
   col-14=NP(CEMENTITE), col-15=NP(FCC_A1#1),
   1.17300E+03   2.50000E-01   1.79461E-01   5.65698E-01   8.42027E-07 
    4.83995E-03   0.00000E+00   2.92355E-02   3.02757E-02   8.42017E-01 
    9.63707E-07   5.03901E-02   4.80804E-02   1.32611E-01   8.67389E-01
   1.18300E+03   2.50000E-01   1.78927E-01   5.66115E-01   8.38369E-07 
    4.95716E-03   0.00000E+00   3.03612E-02   3.11150E-02   8.40547E-01 
    9.63624E-07   5.01406E-02   4.78352E-02   1.28165E-01   8.71835E-01
   1.19300E+03   2.50000E-01   1.78404E-01   5.66520E-01   8.34858E-07 
    5.07536E-03   0.00000E+00   3.15130E-02   3.19639E-02   8.39051E-01 
    9.63462E-07   4.98870E-02   4.75844E-02   1.23569E-01   8.76431E-01
   1.20300E+03   2.50000E-01   1.77893E-01   5.66911E-01   8.31490E-07 
    5.19454E-03   0.00000E+00   3.26911E-02   3.28222E-02   8.37529E-01 
    9.63223E-07   4.96293E-02   4.73278E-02   1.18818E-01   8.81182E-01
   1.21300E+03   2.50000E-01   1.77396E-01   5.67289E-01   8.28261E-07 
    5.31467E-03   0.00000E+00   3.38953E-02   3.36902E-02   8.35980E-01 
    9.62908E-07   4.93676E-02   4.70655E-02   1.13907E-01   8.86093E-01
   1.22300E+03   2.50000E-01   1.76911E-01   5.67652E-01   8.25169E-07 
    5.43571E-03   0.00000E+00   3.51260E-02   3.45678E-02   8.34406E-01 
    9.62519E-07   4.91020E-02   4.67975E-02   1.08832E-01   8.91168E-01
   1.23300E+03   2.50000E-01   1.76440E-01   5.68001E-01   8.22210E-07 
    5.55764E-03   0.00000E+00   3.63831E-02   3.54549E-02   8.32805E-01 
    9.62057E-07   4.88324E-02   4.65237E-02   1.03588E-01   8.96412E-01
   1.24300E+03   2.50000E-01   1.75984E-01   5.68335E-01   8.19381E-07 
    5.68043E-03   0.00000E+00   3.76668E-02   3.63518E-02   8.31177E-01 
    9.61525E-07   4.85590E-02   4.62441E-02   9.81686E-02   9.01831E-01
   1.25300E+03   2.50000E-01   1.75543E-01   5.68652E-01   8.16680E-07 
    5.80406E-03   0.00000E+00   3.89770E-02   3.72584E-02   8.29523E-01 
    9.60923E-07   4.82818E-02   4.59588E-02   9.25692E-02   9.07431E-01
   1.26300E+03   2.50000E-01   1.75117E-01   5.68954E-01   8.14105E-07 
    5.92850E-03   0.00000E+00   4.03139E-02   3.81749E-02   8.27842E-01 
    9.60254E-07   4.80009E-02   4.56676E-02   8.67837E-02   9.13216E-01
   1.27300E+03   2.50000E-01   1.74708E-01   5.69238E-01   8.11651E-07 
    6.05371E-03   0.00000E+00   4.16775E-02   3.91015E-02   8.26133E-01 
    9.59520E-07   4.77163E-02   4.53706E-02   8.08061E-02   9.19194E-01
   1.28300E+03   2.50000E-01   1.74316E-01   5.69504E-01   8.09318E-07 
    6.17967E-03   0.00000E+00   4.30679E-02   4.00381E-02   8.24397E-01 
    9.58721E-07   4.74280E-02   4.50678E-02   7.46301E-02   9.25370E-01
   1.29300E+03   2.50000E-01   1.73941E-01   5.69752E-01   8.07103E-07 
    6.30634E-03   0.00000E+00   4.44851E-02   4.09852E-02   8.22633E-01 
    9.57860E-07   4.71363E-02   4.47592E-02   6.82489E-02   9.31751E-01
   1.30300E+03   2.50000E-01   1.73585E-01   5.69980E-01   8.05005E-07 
    6.43370E-03   0.00000E+00   4.59291E-02   4.19428E-02   8.20841E-01 
    9.56938E-07   4.68410E-02   4.44447E-02   6.16556E-02   9.38344E-01
   1.31300E+03   2.50000E-01   1.73249E-01   5.70189E-01   8.03021E-07 
    6.56171E-03   0.00000E+00   4.74001E-02   4.29112E-02   8.19021E-01 
    9.55958E-07   4.65423E-02   4.41243E-02   5.48428E-02   9.45157E-01
   1.32300E+03   2.50000E-01   1.72932E-01   5.70377E-01   8.01150E-07 
    6.69034E-03   0.00000E+00   4.88980E-02   4.38907E-02   8.17172E-01 
    9.54922E-07   4.62403E-02   4.37981E-02   4.78027E-02   9.52197E-01
   1.33300E+03   2.50000E-01   1.72637E-01   5.70543E-01   7.99390E-07 
    6.81956E-03   0.00000E+00   5.04229E-02   4.48817E-02   8.15294E-01 
    9.53830E-07   4.59349E-02   4.34660E-02   4.05273E-02   9.59473E-01
   1.34300E+03   2.50000E-01   1.72363E-01   5.70686E-01   7.97739E-07 
    6.94934E-03   0.00000E+00   5.19748E-02   4.58845E-02   8.13385E-01 
    9.52685E-07   4.56263E-02   4.31280E-02   3.30079E-02   9.66992E-01
   1.35300E+03   2.50000E-01   1.72113E-01   5.70807E-01   7.96198E-07 
    7.07963E-03   0.00000E+00   5.35538E-02   4.68995E-02   8.11447E-01 
    9.51490E-07   4.53146E-02   4.27841E-02   2.52356E-02   9.74764E-01
   1.36300E+03   2.50000E-01   1.71887E-01   5.70902E-01   7.94764E-07 
    7.21040E-03   0.00000E+00   5.51599E-02   4.79271E-02   8.09478E-01 
    9.50245E-07   4.49997E-02   4.24343E-02   1.72006E-02   9.82799E-01
   1.37300E+03   2.50000E-01   1.71685E-01   5.70972E-01   7.93436E-07 
    7.34161E-03   0.00000E+00   5.67930E-02   4.89680E-02   8.07478E-01 
    9.48954E-07   4.46817E-02   4.20786E-02   8.89305E-03   9.91107E-01
   1.38300E+03   2.50000E-01   1.71510E-01   5.71016E-01   7.92215E-07 
    7.47323E-03   0.00000E+00   5.84533E-02   5.00226E-02   8.05445E-01 
    9.47618E-07   4.43608E-02   4.17170E-02   3.02215E-04   9.99698E-01
   1.38335E+03   2.50000E-01   1.71505E-01   5.71017E-01   7.92175E-07 
    7.47779E-03   0.00000E+00   5.85112E-02   5.00593E-02   8.05374E-01 
    9.47571E-07   4.43497E-02   4.17044E-02   0.00000E+00   1.00000E+00

 Phase Region for:
     FCC_A1#1                      
 col-1=T, col-2=X(FCC_A1#1,C), col-3=X(FCC_A1#1,CR), col-4=X(FCC_A1#1,FE),
   col-5=X(FCC_A1#1,MN), col-6=X(FCC_A1#1,NI), col-7=X(FCC_A1#1,SI),
   col-8=NP(FCC_A1#1),
   1.38335E+03   5.85112E-02   5.00593E-02   8.05374E-01   9.47571E-07 
    4.43497E-02   4.17044E-02   1.00000E+00
   1.39300E+03   5.85112E-02   5.00593E-02   8.05374E-01   9.47571E-07 
    4.43497E-02   4.17044E-02   1.00000E+00
   1.40300E+03   5.85112E-02   5.00593E-02   8.05374E-01   9.47571E-07 
    4.43497E-02   4.17044E-02   1.00000E+00
   1.41300E+03   5.85112E-02   5.00593E-02   8.05374E-01   9.47571E-07 
    4.43497E-02   4.17044E-02   1.00000E+00
   1.42300E+03   5.85112E-02   5.00593E-02   8.05374E-01   9.47571E-07 
    4.43497E-02   4.17044E-02   1.00000E+00
   1.43300E+03   5.85112E-02   5.00593E-02   8.05374E-01   9.47571E-07 
    4.43497E-02   4.17044E-02   1.00000E+00
   1.44300E+03   5.85112E-02   5.00593E-02   8.05374E-01   9.47571E-07 
    4.43497E-02   4.17044E-02   1.00000E+00
   1.45300E+03   5.85112E-02   5.00593E-02   8.05374E-01   9.47571E-07 
    4.43497E-02   4.17044E-02   1.00000E+00
   1.46300E+03   5.85112E-02   5.00593E-02   8.05374E-01   9.47571E-07 
    4.43497E-02   4.17044E-02   1.00000E+00
   1.47300E+03   5.85112E-02   5.00593E-02   8.05374E-01   9.47571E-07 
    4.43497E-02   4.17044E-02   1.00000E+00

 Phase Region for:
     CEMENTITE                     
     FCC_A1#1                      
 col-1=T, col-2=X(CEMENTITE,C), col-3=X(CEMENTITE,CR), col-4=X(CEMENTITE,FE),
   col-5=X(CEMENTITE,MN), col-6=X(CEMENTITE,NI), col-7=X(CEMENTITE,SI),
   col-8=X(FCC_A1#1,C), col-9=X(FCC_A1#1,CR), col-10=X(FCC_A1#1,FE),
   col-11=X(FCC_A1#1,MN), col-12=X(FCC_A1#1,NI), col-13=X(FCC_A1#1,SI),
   col-14=NP(CEMENTITE), col-15=NP(FCC_A1#1),
   1.17300E+03   2.50000E-01   1.79461E-01   5.65698E-01   8.42027E-07 
    4.83995E-03   0.00000E+00   2.92355E-02   3.02757E-02   8.42017E-01 
    9.63707E-07   5.03901E-02   4.80804E-02   1.32611E-01   8.67389E-01
   1.16300E+03   2.50000E-01   1.80006E-01   5.65269E-01   8.45836E-07 
    4.72376E-03   0.00000E+00   2.81358E-02   2.94461E-02   8.43462E-01 
    9.63709E-07   5.06355E-02   4.83199E-02   1.36910E-01   8.63090E-01
   1.15300E+03   2.50000E-01   1.80562E-01   5.64829E-01   8.49800E-07 
    4.60861E-03   0.00000E+00   2.70619E-02   2.86260E-02   8.44881E-01 
    9.63628E-07   5.08766E-02   4.85538E-02   1.41068E-01   8.58932E-01
   1.14300E+03   2.50000E-01   1.81128E-01   5.64377E-01   8.53923E-07 
    4.49454E-03   0.00000E+00   2.60137E-02   2.78157E-02   8.46274E-01 
    9.63464E-07   5.11135E-02   4.87821E-02   1.45087E-01   8.54913E-01
   1.13300E+03   2.50000E-01   1.81703E-01   5.63914E-01   8.58209E-07 
    4.38156E-03   0.00000E+00   2.49912E-02   2.70151E-02   8.47642E-01 
    9.63214E-07   5.13461E-02   4.90048E-02   1.48972E-01   8.51028E-01
   1.12300E+03   2.50000E-01   1.82287E-01   5.63442E-01   8.62663E-07 
    4.26970E-03   0.00000E+00   2.39941E-02   2.62243E-02   8.48984E-01 
    9.62876E-07   5.15744E-02   4.92219E-02   1.52727E-01   8.47273E-01
   1.11300E+03   2.50000E-01   1.82880E-01   5.62960E-01   8.67291E-07 
    4.15898E-03   0.00000E+00   2.30223E-02   2.54434E-02   8.50301E-01 
    9.62449E-07   5.17983E-02   4.94336E-02   1.56354E-01   8.43646E-01
   1.10300E+03   2.50000E-01   1.83481E-01   5.62469E-01   8.72097E-07 
    4.04942E-03   0.00000E+00   2.20757E-02   2.46725E-02   8.51593E-01 
    9.61932E-07   5.20178E-02   4.96397E-02   1.59858E-01   8.40142E-01
   1.09300E+03   2.50000E-01   1.84089E-01   5.61969E-01   8.77088E-07 
    3.94105E-03   0.00000E+00   2.11541E-02   2.39117E-02   8.52860E-01 
    9.61321E-07   5.22329E-02   4.98404E-02   1.63242E-01   8.36758E-01
   1.08300E+03   2.50000E-01   1.84704E-01   5.61461E-01   8.82268E-07 
    3.83389E-03   0.00000E+00   2.02572E-02   2.31611E-02   8.54101E-01 
    9.60617E-07   5.24436E-02   5.00358E-02   1.66508E-01   8.33492E-01
   1.07300E+03   2.50000E-01   1.85325E-01   5.60946E-01   8.87644E-07 
    3.72795E-03   0.00000E+00   1.93850E-02   2.24209E-02   8.55318E-01 
    9.59816E-07   5.26498E-02   5.02257E-02   1.69660E-01   8.30340E-01
   1.06300E+03   2.50000E-01   1.85952E-01   5.60424E-01   8.93222E-07 
    3.62326E-03   0.00000E+00   1.85371E-02   2.16911E-02   8.56509E-01 
    9.58917E-07   5.28515E-02   5.04104E-02   1.72702E-01   8.27298E-01
   1.05300E+03   2.50000E-01   1.86585E-01   5.59895E-01   8.99009E-07 
    3.51984E-03   0.00000E+00   1.77135E-02   2.09718E-02   8.57675E-01 
    9.57917E-07   5.30487E-02   5.05898E-02   1.75635E-01   8.24365E-01
   1.04300E+03   2.50000E-01   1.87222E-01   5.59360E-01   9.05012E-07 
    3.41770E-03   0.00000E+00   1.69139E-02   2.02633E-02   8.58817E-01 
    9.56816E-07   5.32414E-02   5.07639E-02   1.78464E-01   8.21536E-01
   1.03300E+03   2.50000E-01   1.87863E-01   5.58819E-01   9.11238E-07 
    3.31687E-03   0.00000E+00   1.61379E-02   1.95656E-02   8.59933E-01 
    9.55611E-07   5.34296E-02   5.09329E-02   1.81189E-01   8.18811E-01
   1.02300E+03   2.50000E-01   1.88508E-01   5.58274E-01   9.17695E-07 
    3.21737E-03   0.00000E+00   1.53855E-02   1.88788E-02   8.61025E-01 
    9.54299E-07   5.36132E-02   5.10968E-02   1.83815E-01   8.16185E-01
   1.01300E+03   2.50000E-01   1.89156E-01   5.57724E-01   9.24392E-07 
    3.11921E-03   0.00000E+00   1.46564E-02   1.82032E-02   8.62092E-01 
    9.52879E-07   5.37923E-02   5.12556E-02   1.86344E-01   8.13656E-01
   1.00334E+03   2.50000E-01   1.89784E-01   5.57189E-01   9.31094E-07 
    3.02570E-03   0.00000E+00   1.39740E-02   1.75614E-02   8.63098E-01 
    9.51403E-07   5.39610E-02   5.14042E-02   1.88696E-01   8.11304E-01

 Phase Region for:
     BCC_A2                        
     CEMENTITE                     
     FCC_A1#1                      
 col-1=T, col-2=X(BCC_A2,C), col-3=X(BCC_A2,CR), col-4=X(BCC_A2,FE),
   col-5=X(BCC_A2,MN), col-6=X(BCC_A2,NI), col-7=X(BCC_A2,SI),
   col-8=X(CEMENTITE,C), col-9=X(CEMENTITE,CR), col-10=X(CEMENTITE,FE),
   col-11=X(CEMENTITE,MN), col-12=X(CEMENTITE,NI), col-13=X(CEMENTITE,SI),
   col-14=X(FCC_A1#1,C), col-15=X(FCC_A1#1,CR), col-16=X(FCC_A1#1,FE),
   col-17=X(FCC_A1#1,MN), col-18=X(FCC_A1#1,NI), col-19=X(FCC_A1#1,SI),
   col-20=NP(BCC_A2), col-21=NP(CEMENTITE), col-22=NP(FCC_A1#1),
   1.00334E+03   3.54877E-04   1.26369E-02   8.99959E-01   2.93094E-07 
    2.33586E-02   6.36906E-02   2.50000E-01   1.89784E-01   5.57189E-01 
    9.31094E-07   3.02570E-03   0.00000E+00   1.39740E-02   1.75614E-02 
    8.63098E-01   9.51404E-07   5.39610E-02   5.14042E-02   1.31097E-06 
    1.88696E-01   8.11302E-01
   1.00300E+03   3.53588E-04   1.26103E-02   8.99994E-01   2.93334E-07 
    2.34116E-02   6.36306E-02   2.50000E-01   1.89747E-01   5.57220E-01 
    9.33751E-07   3.03221E-03   0.00000E+00   1.39481E-02   1.75237E-02 
    8.63018E-01   9.54437E-07   5.41507E-02   5.13585E-02   4.47074E-03 
    1.89043E-01   8.06487E-01
   9.93000E+02   3.17199E-04   1.18642E-02   9.00817E-01   2.99580E-07 
    2.49754E-02   6.20261E-02   2.50000E-01   1.88865E-01   5.57908E-01 
    1.01337E-06   3.22604E-03   0.00000E+00   1.31752E-02   1.64582E-02 
    8.60219E-01   1.04818E-06   5.99828E-02   5.01632E-02   1.25181E-01 
    1.98229E-01   6.76590E-01
   9.83000E+02   2.83681E-04   1.11607E-02   9.01402E-01   3.02152E-07 
    2.65056E-02   6.06475E-02   2.50000E-01   1.88385E-01   5.58188E-01 
    1.09685E-06   3.42559E-03   0.00000E+00   1.23721E-02   1.54576E-02 
    8.56544E-01   1.15290E-06   6.63905E-02   4.92350E-02   2.27795E-01 
    2.05754E-01   5.66452E-01
   9.73000E+02   2.52938E-04   1.05004E-02   9.01733E-01   3.02173E-07 
    2.80231E-02   5.94900E-02   2.50000E-01   1.88252E-01   5.58115E-01 
    1.18479E-06   3.63189E-03   0.00000E+00   1.15461E-02   1.45104E-02 
    8.51938E-01   1.27129E-06   7.34670E-02   4.85368E-02   3.15127E-01 
    2.11881E-01   4.72992E-01
   9.63000E+02   2.24689E-04   9.89403E-03   9.01760E-01   3.02037E-07 
    2.95523E-02   5.85689E-02   2.50000E-01   1.88405E-01   5.57755E-01 
    1.27529E-06   3.83854E-03   0.00000E+00   1.07120E-02   1.36118E-02 
    8.46511E-01   1.40274E-06   8.11525E-02   4.80117E-02   3.88423E-01 
    2.16779E-01   3.94797E-01
   9.53000E+02   1.98930E-04   9.33227E-03   9.01576E-01   3.01269E-07 
    3.10556E-02   5.78365E-02   2.50000E-01   1.88793E-01   5.57166E-01 
    1.36683E-06   4.04027E-03   0.00000E+00   9.88222E-03   1.27584E-02 
    8.40345E-01   1.54702E-06   8.93893E-02   4.76237E-02   4.49281E-01 
    2.20640E-01   3.30080E-01
   9.43000E+02   1.75596E-04   8.80732E-03   9.01258E-01   2.99581E-07 
    3.25061E-02   5.72526E-02   2.50000E-01   1.89367E-01   5.56398E-01 
    1.45824E-06   4.23329E-03   0.00000E+00   9.06705E-03   1.19467E-02 
    8.33508E-01   1.70431E-06   9.81343E-02   4.73421E-02   4.99530E-01 
    2.23654E-01   2.76815E-01
   9.33000E+02   1.54574E-04   8.31306E-03   9.00862E-01   2.96819E-07 
    3.38853E-02   5.67849E-02   2.50000E-01   1.90084E-01   5.55499E-01 
    1.54858E-06   4.41493E-03   0.00000E+00   8.27499E-03   1.11738E-02 
    8.26051E-01   1.87506E-06   1.07355E-01   4.71429E-02   5.40922E-01 
    2.25995E-01   2.33082E-01
   9.23000E+02   1.35721E-04   7.84479E-03   9.00431E-01   2.92913E-07 
    3.51801E-02   5.64084E-02   2.50000E-01   1.90909E-01   5.54506E-01 
    1.63708E-06   4.58337E-03   0.00000E+00   7.51275E-03   1.04377E-02 
    8.18013E-01   2.05995E-06   1.17027E-01   4.70077E-02   5.74999E-01 
    2.27807E-01   1.97194E-01
   9.13000E+02   1.18881E-04   7.39899E-03   8.99996E-01   2.87855E-07 
    3.63821E-02   5.61034E-02   2.50000E-01   1.91811E-01   5.53450E-01 
    1.72306E-06   4.73739E-03   0.00000E+00   6.78553E-03   9.73667E-03 
    8.09424E-01   2.25985E-06   1.27128E-01   4.69232E-02   6.03066E-01 
    2.29206E-01   1.67729E-01
   9.03000E+02   1.03887E-04   6.97303E-03   8.99582E-01   2.81686E-07 
    3.74856E-02   5.58550E-02   2.50000E-01   1.92767E-01   5.52355E-01 
    1.80598E-06   4.87621E-03   0.00000E+00   6.09713E-03   9.06933E-03 
    8.00308E-01   2.47572E-06   1.37643E-01   4.68797E-02   6.26206E-01 
    2.30285E-01   1.43509E-01
   8.93000E+02   9.05785E-05   6.56495E-03   8.99205E-01   2.74463E-07 
    3.84872E-02   5.56516E-02   2.50000E-01   1.93757E-01   5.51242E-01 
    1.88531E-06   4.99939E-03   0.00000E+00   5.45048E-03   8.43490E-03 
    7.90689E-01   2.70859E-06   1.48552E-01   4.68709E-02   6.45301E-01 
    2.31117E-01   1.23582E-01
   8.83000E+02   7.87969E-05   6.17334E-03   8.98878E-01   2.66274E-07 
    3.93851E-02   5.54840E-02   2.50000E-01   1.94767E-01   5.50125E-01 
    1.96060E-06   5.10673E-03   0.00000E+00   4.84735E-03   7.83238E-03 
    7.80583E-01   2.95948E-06   1.59841E-01   4.68926E-02   6.61075E-01 
    2.31759E-01   1.07166E-01
   8.73000E+02   6.83930E-05   5.79716E-03   8.98610E-01   2.57218E-07 
    4.01787E-02   5.53454E-02   2.50000E-01   1.95783E-01   5.49016E-01 
    2.03145E-06   5.19819E-03   0.00000E+00   4.28869E-03   7.26079E-03 
    7.70009E-01   3.22930E-06   1.71496E-01   4.69426E-02   6.74115E-01 
    2.32254E-01   9.36311E-02
   8.63000E+02   5.92274E-05   5.43567E-03   8.98407E-01   2.47403E-07 
    4.08679E-02   5.52301E-02   2.50000E-01   1.96797E-01   5.47927E-01 
    2.09750E-06   5.27387E-03   0.00000E+00   3.77463E-03   6.71903E-03 
    7.58979E-01   3.51876E-06   1.83504E-01   4.70197E-02   6.84899E-01 
    2.32638E-01   8.24635E-02
   8.53000E+02   5.11711E-05   5.08835E-03   8.98273E-01   2.36942E-07 
    4.14535E-02   5.51336E-02   2.50000E-01   1.97799E-01   5.46864E-01 
    2.15842E-06   5.33395E-03   0.00000E+00   3.30461E-03   6.20581E-03 
    7.47504E-01   3.82821E-06   1.95857E-01   4.71240E-02   6.93818E-01 
    2.32935E-01   7.32473E-02
   8.43000E+02   4.41055E-05   4.75481E-03   8.98212E-01   2.25954E-07 
    4.19363E-02   5.50526E-02   2.50000E-01   1.98785E-01   5.45834E-01 
    2.21394E-06   5.37866E-03   0.00000E+00   2.87747E-03   5.71961E-03 
    7.35589E-01   4.15757E-06   2.08553E-01   4.72562E-02   7.01191E-01 
    2.33166E-01   6.56437E-02
   8.33000E+02   3.79226E-05   4.43480E-03   8.98226E-01   2.14559E-07 
    4.23174E-02   5.49839E-02   2.50000E-01   1.99748E-01   5.44841E-01 
    2.26386E-06   5.40827E-03   0.00000E+00   2.49154E-03   5.25870E-03 
    7.23233E-01   4.50606E-06   2.21595E-01   4.74178E-02   7.07277E-01 
    2.33346E-01   5.93767E-02
   8.23000E+02   3.25241E-05   4.12813E-03   8.98316E-01   2.02876E-07 
    4.25977E-02   5.49254E-02   2.50000E-01   2.00685E-01   5.43889E-01 
    2.30805E-06   5.42306E-03   0.00000E+00   2.14478E-03   4.82116E-03 
    7.10426E-01   4.87203E-06   2.34993E-01   4.76106E-02   7.12292E-01 
    2.33487E-01   5.42205E-02
   8.13000E+02   2.78212E-05   3.83466E-03   8.98484E-01   1.91027E-07 
    4.27782E-02   5.48749E-02   2.50000E-01   2.01593E-01   5.42981E-01 
    2.34649E-06   5.42329E-03   0.00000E+00   1.83488E-03   4.40490E-03 
    6.97149E-01   5.25266E-06   2.48769E-01   4.78370E-02   7.16412E-01 
    2.33598E-01   4.99900E-02
   8.03000E+02   2.37337E-05   3.55427E-03   8.98731E-01   1.79134E-07 
    4.28596E-02   5.48309E-02   2.50000E-01   2.02470E-01   5.42118E-01 
    2.37932E-06   5.40922E-03   0.00000E+00   1.55939E-03   4.00771E-03 
    6.83373E-01   5.64367E-06   2.62954E-01   4.80998E-02   7.19780E-01 
    2.33686E-01   4.65334E-02
   7.93000E+02   2.01898E-05   3.28687E-03   8.99059E-01   1.67318E-07 
    4.28421E-02   5.47917E-02   2.50000E-01   2.03314E-01   5.41303E-01 
    2.40691E-06   5.38107E-03   0.00000E+00   1.31580E-03   3.62732E-03 
    6.69061E-01   6.03886E-06   2.77588E-01   4.84025E-02   7.22518E-01 
    2.33756E-01   4.37253E-02
   7.83000E+02   1.71246E-05   3.03236E-03   8.99468E-01   1.55703E-07 
    4.27260E-02   5.47562E-02   2.50000E-01   2.04123E-01   5.40536E-01 
    2.42989E-06   5.33905E-03   0.00000E+00   1.10166E-03   3.26154E-03 
    6.54165E-01   6.42968E-06   2.92717E-01   4.87489E-02   7.24725E-01 
    2.33813E-01   4.14624E-02
   7.73000E+02   1.44804E-05   2.79061E-03   8.99961E-01   1.44410E-07 
    4.25110E-02   5.47231E-02   2.50000E-01   2.04896E-01   5.39818E-01 
    2.44931E-06   5.28334E-03   0.00000E+00   9.14620E-04   2.90836E-03 
    6.38635E-01   6.80469E-06   3.08392E-01   4.91433E-02   7.26483E-01 
    2.33858E-01   3.96593E-02
   7.63000E+02   1.22054E-05   2.56152E-03   9.00538E-01   1.33560E-07 
    4.21966E-02   5.46916E-02   2.50000E-01   2.05634E-01   5.39149E-01 
    2.46664E-06   5.21410E-03   0.00000E+00   7.52491E-04   2.56627E-03 
    6.22427E-01   7.14901E-06   3.24657E-01   4.95903E-02   7.27859E-01 
    2.33894E-01   3.82464E-02
   7.53000E+02   1.02535E-05   2.34492E-03   9.01202E-01   1.23267E-07 
    4.17823E-02   5.46605E-02   2.50000E-01   2.06336E-01   5.38530E-01 
    2.48391E-06   5.13150E-03   0.00000E+00   6.13258E-04   2.23456E-03 
    6.05517E-01   7.44409E-06   3.41533E-01   5.00940E-02   7.28909E-01 
    2.33924E-01   3.71672E-02
   7.43000E+02   8.58377E-06   2.14064E-03   9.01954E-01   1.13630E-07 
    4.12677E-02   5.46293E-02   2.50000E-01   2.07002E-01   5.37960E-01 
    2.50364E-06   5.03577E-03   0.00000E+00   4.95049E-04   1.91375E-03 
    5.87925E-01   7.66783E-06   3.59001E-01   5.06573E-02   7.29675E-01 
    2.33948E-01   3.63776E-02
   7.33000E+02   7.15969E-06   1.94849E-03   9.02794E-01   1.04731E-07 
    4.06528E-02   5.45973E-02   2.50000E-01   2.07631E-01   5.37439E-01 
    2.52881E-06   4.92718E-03   0.00000E+00   3.96056E-04   1.60601E-03 
    5.69731E-01   7.79580E-06   3.76979E-01   5.12800E-02   7.30188E-01 
    2.33967E-01   3.58447E-02
   7.23000E+02   5.94899E-06   1.76823E-03   9.03723E-01   9.66206E-08 
    3.99384E-02   5.45641E-02   2.50000E-01   2.08224E-01   5.36967E-01 
    2.56272E-06   4.80616E-03   0.00000E+00   3.14408E-04   1.31511E-03 
    5.51085E-01   7.80330E-06   3.95320E-01   5.19576E-02   7.30473E-01 
    2.33983E-01   3.55438E-02
   7.13000E+02   4.92309E-06   1.59960E-03   9.04740E-01   8.93229E-08 
    3.91262E-02   5.45297E-02   2.50000E-01   2.08780E-01   5.36544E-01 
    2.60893E-06   4.67324E-03   0.00000E+00   2.48054E-04   1.04569E-03 
    5.32177E-01   7.66729E-06   4.13841E-01   5.26802E-02   7.30550E-01 
    2.33995E-01   3.54544E-02
   7.03000E+02   4.05680E-06   1.44233E-03   9.05841E-01   8.28501E-08 
    3.82182E-02   5.44940E-02   2.50000E-01   2.09300E-01   5.36169E-01 
    2.67167E-06   4.52902E-03   0.00000E+00   1.94721E-04   8.01923E-04 
    5.13156E-01   7.36540E-06   4.32407E-01   5.34335E-02   7.30441E-01 
    2.34005E-01   3.55538E-02
   6.93000E+02   3.32798E-06   1.29611E-03   9.07027E-01   7.72376E-08 
    3.72160E-02   5.44574E-02   2.50000E-01   2.09782E-01   5.35841E-01 
    2.75733E-06   4.37405E-03   0.00000E+00   1.51991E-04   5.85935E-04 
    4.93997E-01   6.86765E-06   4.51058E-01   5.42007E-02   7.30178E-01 
    2.34013E-01   3.58087E-02
   6.83000E+02   2.71722E-06   1.16060E-03   9.08298E-01   7.26058E-08 
    3.61179E-02   5.44202E-02   2.50000E-01   2.10229E-01   5.35559E-01 
    2.87768E-06   4.20852E-03   0.00000E+00   1.17427E-04   3.97099E-04 
    4.74297E-01   6.11500E-06   4.70220E-01   5.49623E-02   7.29815E-01 
    2.34020E-01   3.61648E-02
   6.73000E+02   2.20866E-06   1.03525E-03   9.09787E-01   7.43774E-08 
    3.47944E-02   5.43809E-02   2.50000E-01   2.10652E-01   5.35327E-01 
    3.28534E-06   4.01763E-03   0.00000E+00   7.49191E-05   1.30846E-04 
    4.36035E-01   3.51172E-06   5.07959E-01   5.57975E-02   7.30555E-01 
    2.34028E-01   3.54167E-02
