
 Phase Region for:
     CEMENTITE                     
     FCC_A1#2                      
 col-1=T, col-2=W(CEMENTITE,C), col-3=W(CEMENTITE,CR), col-4=W(CEMENTITE,FE),
   col-5=W(CEMENTITE,MN), col-6=W(CEMENTITE,NI), col-7=W(CEMENTITE,SI),
   col-8=W(FCC_A1#2,C), col-9=W(FCC_A1#2,CR), col-10=W(FCC_A1#2,FE),
   col-11=W(FCC_A1#2,MN), col-12=W(FCC_A1#2,NI), col-13=W(FCC_A1#2,SI),
   col-14=NP(CEMENTITE), col-15=NP(FCC_A1#2),
   1.17300E+03   6.74616E-02   1.11719E-01   7.95639E-01   2.19562E-02 
    3.22439E-03   0.00000E+00   9.60592E-03   1.60619E-02   9.27900E-01 
    1.44986E-02   2.38913E-02   8.04203E-03   7.98567E-02   9.20143E-01
   1.18300E+03   6.74604E-02   1.11533E-01   7.95878E-01   2.18372E-02 
    3.29196E-03   0.00000E+00   9.90277E-03   1.65650E-02   9.27206E-01 
    1.45447E-02   2.37808E-02   8.00078E-03   7.41499E-02   9.25850E-01
   1.19300E+03   6.74590E-02   1.11340E-01   7.96119E-01   2.17220E-02 
    3.35994E-03   0.00000E+00   1.02047E-02   1.70747E-02   9.26503E-01 
    1.45900E-02   2.36692E-02   7.95883E-03   6.82855E-02   9.31715E-01
   1.20300E+03   6.74577E-02   1.11141E-01   7.96362E-01   2.16104E-02 
    3.42833E-03   0.00000E+00   1.05116E-02   1.75909E-02   9.25790E-01 
    1.46344E-02   2.35565E-02   7.91617E-03   6.22590E-02   9.37741E-01
   1.21300E+03   6.74564E-02   1.10937E-01   7.96607E-01   2.15024E-02 
    3.49711E-03   0.00000E+00   1.08237E-02   1.81136E-02   9.25069E-01 
    1.46780E-02   2.34428E-02   7.87280E-03   5.60654E-02   9.43935E-01
   1.22300E+03   6.74550E-02   1.10728E-01   7.96853E-01   2.13979E-02 
    3.56628E-03   0.00000E+00   1.11408E-02   1.86425E-02   9.24339E-01 
    1.47208E-02   2.33281E-02   7.82872E-03   4.96996E-02   9.50300E-01
   1.23300E+03   6.74536E-02   1.10513E-01   7.97100E-01   2.12969E-02 
    3.63582E-03   0.00000E+00   1.14632E-02   1.91776E-02   9.23600E-01 
    1.47628E-02   2.32124E-02   7.78392E-03   4.31563E-02   9.56844E-01
   1.24300E+03   6.74522E-02   1.10294E-01   7.97349E-01   2.11993E-02 
    3.70574E-03   0.00000E+00   1.17907E-02   1.97188E-02   9.22852E-01 
    1.48041E-02   2.30957E-02   7.73839E-03   3.64298E-02   9.63570E-01
   1.25300E+03   6.74507E-02   1.10071E-01   7.97597E-01   2.11051E-02 
    3.77601E-03   0.00000E+00   1.21235E-02   2.02659E-02   9.22096E-01 
    1.48447E-02   2.29780E-02   7.69213E-03   2.95141E-02   9.70486E-01
   1.26300E+03   6.74493E-02   1.09843E-01   7.97846E-01   2.10143E-02 
    3.84664E-03   0.00000E+00   1.24615E-02   2.08190E-02   9.21330E-01 
    1.48847E-02   2.28593E-02   7.64513E-03   2.24030E-02   9.77597E-01
   1.27300E+03   6.74478E-02   1.09613E-01   7.98095E-01   2.09267E-02 
    3.91760E-03   0.00000E+00   1.28049E-02   2.13778E-02   9.20556E-01 
    1.49241E-02   2.27397E-02   7.59740E-03   1.50897E-02   9.84910E-01
   1.28300E+03   6.74463E-02   1.09378E-01   7.98344E-01   2.08424E-02 
    3.98890E-03   0.00000E+00   1.31536E-02   2.19424E-02   9.19773E-01 
    1.49630E-02   2.26191E-02   7.54891E-03   7.56748E-03   9.92433E-01
   1.29278E+03   6.74449E-02   1.09147E-01   7.98586E-01   2.07631E-02 
    4.05896E-03   0.00000E+00   1.35000E-02   2.25002E-02   9.18998E-01 
    1.50005E-02   2.25003E-02   7.50075E-03   0.00000E+00   1.00000E+00

 Phase Region for:
     FCC_A1#2                      
 col-1=T, col-2=W(FCC_A1#2,C), col-3=W(FCC_A1#2,CR), col-4=W(FCC_A1#2,FE),
   col-5=W(FCC_A1#2,MN), col-6=W(FCC_A1#2,NI), col-7=W(FCC_A1#2,SI),
   col-8=NP(FCC_A1#2),
   1.29278E+03   1.35000E-02   2.25002E-02   9.18998E-01   1.50005E-02 
    2.25003E-02   7.50075E-03   1.00000E+00
   1.29300E+03   1.35000E-02   2.25002E-02   9.18998E-01   1.50005E-02 
    2.25003E-02   7.50075E-03   1.00000E+00
   1.30300E+03   1.35000E-02   2.25002E-02   9.18998E-01   1.50005E-02 
    2.25002E-02   7.50075E-03   1.00000E+00
   1.31300E+03   1.35000E-02   2.25002E-02   9.18998E-01   1.50005E-02 
    2.25003E-02   7.50075E-03   1.00000E+00
   1.32300E+03   1.35000E-02   2.25003E-02   9.18998E-01   1.50005E-02 
    2.25003E-02   7.50075E-03   1.00000E+00
   1.33300E+03   1.35000E-02   2.25002E-02   9.18998E-01   1.50005E-02 
    2.25003E-02   7.50075E-03   1.00000E+00
   1.34300E+03   1.35000E-02   2.25002E-02   9.18998E-01   1.50005E-02 
    2.25003E-02   7.50075E-03   1.00000E+00
   1.35300E+03   1.35000E-02   2.25002E-02   9.18998E-01   1.50005E-02 
    2.25003E-02   7.50075E-03   1.00000E+00
   1.36300E+03   1.35000E-02   2.25002E-02   9.18998E-01   1.50005E-02 
    2.25003E-02   7.50075E-03   1.00000E+00
   1.37300E+03   1.35000E-02   2.25002E-02   9.18998E-01   1.50005E-02 
    2.25003E-02   7.50075E-03   1.00000E+00
   1.38300E+03   1.35000E-02   2.25002E-02   9.18998E-01   1.50005E-02 
    2.25003E-02   7.50075E-03   1.00000E+00
   1.39300E+03   1.35000E-02   2.25002E-02   9.18998E-01   1.50005E-02 
    2.25003E-02   7.50075E-03   1.00000E+00
   1.40300E+03   1.35000E-02   2.25002E-02   9.18998E-01   1.50005E-02 
    2.25003E-02   7.50075E-03   1.00000E+00
   1.41300E+03   1.35000E-02   2.25002E-02   9.18998E-01   1.50005E-02 
    2.25003E-02   7.50075E-03   1.00000E+00
   1.42300E+03   1.35000E-02   2.25002E-02   9.18998E-01   1.50005E-02 
    2.25003E-02   7.50075E-03   1.00000E+00
   1.43300E+03   1.35000E-02   2.25002E-02   9.18998E-01   1.50005E-02 
    2.25003E-02   7.50075E-03   1.00000E+00
   1.44300E+03   1.35000E-02   2.25002E-02   9.18998E-01   1.50005E-02 
    2.25003E-02   7.50075E-03   1.00000E+00
   1.45300E+03   1.35000E-02   2.25002E-02   9.18998E-01   1.50005E-02 
    2.25003E-02   7.50075E-03   1.00000E+00
   1.46300E+03   1.35000E-02   2.25002E-02   9.18998E-01   1.50005E-02 
    2.25003E-02   7.50075E-03   1.00000E+00
   1.47300E+03   1.35000E-02   2.25003E-02   9.18998E-01   1.50005E-02 
    2.25003E-02   7.50075E-03   1.00000E+00

 Phase Region for:
     CEMENTITE                     
     FCC_A1#2                      
 col-1=T, col-2=W(CEMENTITE,C), col-3=W(CEMENTITE,CR), col-4=W(CEMENTITE,FE),
   col-5=W(CEMENTITE,MN), col-6=W(CEMENTITE,NI), col-7=W(CEMENTITE,SI),
   col-8=W(FCC_A1#2,C), col-9=W(FCC_A1#2,CR), col-10=W(FCC_A1#2,FE),
   col-11=W(FCC_A1#2,MN), col-12=W(FCC_A1#2,NI), col-13=W(FCC_A1#2,SI),
   col-14=NP(CEMENTITE), col-15=NP(FCC_A1#2),
   1.17300E+03   6.74616E-02   1.11719E-01   7.95639E-01   2.19562E-02 
    3.22439E-03   0.00000E+00   9.60592E-03   1.60619E-02   9.27900E-01 
    1.44986E-02   2.38913E-02   8.04203E-03   7.98567E-02   9.20143E-01
   1.16300E+03   6.74629E-02   1.11899E-01   7.95402E-01   2.20789E-02 
    3.15724E-03   0.00000E+00   9.31408E-03   1.55656E-02   9.28586E-01 
    1.44514E-02   2.40007E-02   8.08259E-03   8.54106E-02   9.14589E-01
   1.15300E+03   6.74641E-02   1.12072E-01   7.95168E-01   2.22055E-02 
    3.09051E-03   0.00000E+00   9.02721E-03   1.50762E-02   9.29262E-01 
    1.44033E-02   2.41090E-02   8.12245E-03   9.08156E-02   9.09184E-01
   1.14300E+03   6.74653E-02   1.12238E-01   7.94937E-01   2.23360E-02 
    3.02423E-03   0.00000E+00   8.74529E-03   1.45938E-02   9.29929E-01 
    1.43542E-02   2.42162E-02   8.16162E-03   9.60759E-02   9.03924E-01
   1.13300E+03   6.74664E-02   1.12397E-01   7.94708E-01   2.24704E-02 
    2.95839E-03   0.00000E+00   8.46830E-03   1.41185E-02   9.30587E-01 
    1.43040E-02   2.43223E-02   8.20010E-03   1.01195E-01   8.98805E-01
   1.12300E+03   6.74675E-02   1.12548E-01   7.94483E-01   2.26089E-02 
    2.89300E-03   0.00000E+00   8.19621E-03   1.36506E-02   9.31235E-01 
    1.42528E-02   2.44272E-02   8.23790E-03   1.06178E-01   8.93822E-01
   1.11300E+03   6.74686E-02   1.12691E-01   7.94260E-01   2.27515E-02 
    2.82808E-03   0.00000E+00   7.92899E-03   1.31901E-02   9.31875E-01 
    1.42004E-02   2.45309E-02   8.27503E-03   1.11026E-01   8.88974E-01
   1.10300E+03   6.74697E-02   1.12827E-01   7.94041E-01   2.28984E-02 
    2.76363E-03   0.00000E+00   7.66662E-03   1.27371E-02   9.32504E-01 
    1.41468E-02   2.46335E-02   8.31148E-03   1.15745E-01   8.84255E-01
   1.09300E+03   6.74707E-02   1.12955E-01   7.93825E-01   2.30495E-02 
    2.69966E-03   0.00000E+00   7.40908E-03   1.22919E-02   9.33125E-01 
    1.40921E-02   2.47349E-02   8.34726E-03   1.20337E-01   8.79663E-01
   1.08300E+03   6.74716E-02   1.13075E-01   7.93613E-01   2.32050E-02 
    2.63618E-03   0.00000E+00   7.15634E-03   1.18544E-02   9.33736E-01 
    1.40362E-02   2.48350E-02   8.38236E-03   1.24804E-01   8.75196E-01
   1.07300E+03   6.74726E-02   1.13186E-01   7.93403E-01   2.33650E-02 
    2.57320E-03   0.00000E+00   6.90839E-03   1.14249E-02   9.34337E-01 
    1.39790E-02   2.49339E-02   8.41681E-03   1.29151E-01   8.70849E-01
   1.06300E+03   6.74735E-02   1.13289E-01   7.93197E-01   2.35295E-02 
    2.51072E-03   0.00000E+00   6.66520E-03   1.10034E-02   9.34929E-01 
    1.39205E-02   2.50316E-02   8.45059E-03   1.33381E-01   8.66619E-01
   1.05300E+03   6.74743E-02   1.13384E-01   7.92995E-01   2.36987E-02 
    2.44875E-03   0.00000E+00   6.42675E-03   1.05901E-02   9.35511E-01 
    1.38606E-02   2.51280E-02   8.48371E-03   1.37495E-01   8.62505E-01
   1.04300E+03   6.74751E-02   1.13470E-01   7.92795E-01   2.38726E-02 
    2.38731E-03   0.00000E+00   6.19303E-03   1.01851E-02   9.36083E-01 
    1.37994E-02   2.52231E-02   8.51618E-03   1.41496E-01   8.58504E-01
   1.03300E+03   6.74759E-02   1.13547E-01   7.92599E-01   2.40513E-02 
    2.32640E-03   0.00000E+00   5.96400E-03   9.78845E-03   9.36646E-01 
    1.37368E-02   2.53169E-02   8.54799E-03   1.45387E-01   8.54613E-01
   1.02300E+03   6.74767E-02   1.13617E-01   7.92406E-01   2.42351E-02 
    2.26604E-03   0.00000E+00   5.73966E-03   9.40026E-03   9.37199E-01 
    1.36728E-02   2.54094E-02   8.57915E-03   1.49171E-01   8.50829E-01
   1.01300E+03   6.74774E-02   1.13677E-01   7.92215E-01   2.44238E-02 
    2.20622E-03   0.00000E+00   5.51998E-03   9.02062E-03   9.37742E-01 
    1.36074E-02   2.55005E-02   8.60966E-03   1.52850E-01   8.47150E-01
   1.00300E+03   6.74780E-02   1.13730E-01   7.92028E-01   2.46178E-02 
    2.14696E-03   0.00000E+00   5.30495E-03   8.64961E-03   9.38275E-01 
    1.35404E-02   2.55903E-02   8.63953E-03   1.56426E-01   8.43574E-01
   9.93000E+02   6.74787E-02   1.13774E-01   7.91842E-01   2.48170E-02 
    2.08826E-03   0.00000E+00   5.09455E-03   8.28731E-03   9.38799E-01 
    1.34719E-02   2.56788E-02   8.66875E-03   1.59901E-01   8.40099E-01
   9.86920E+02   6.74790E-02   1.13797E-01   7.91731E-01   2.49407E-02 
    2.05286E-03   0.00000E+00   4.96889E-03   8.07133E-03   9.39112E-01 
    1.34295E-02   2.57319E-02   8.68621E-03   1.61965E-01   8.38035E-01

 Phase Region for:
     BCC_A2                        
     CEMENTITE                     
     FCC_A1#2                      
 col-1=T, col-2=W(BCC_A2,C), col-3=W(BCC_A2,CR), col-4=W(BCC_A2,FE),
   col-5=W(BCC_A2,MN), col-6=W(BCC_A2,NI), col-7=W(BCC_A2,SI),
   col-8=W(CEMENTITE,C), col-9=W(CEMENTITE,CR), col-10=W(CEMENTITE,FE),
   col-11=W(CEMENTITE,MN), col-12=W(CEMENTITE,NI), col-13=W(CEMENTITE,SI),
   col-14=W(FCC_A1#2,C), col-15=W(FCC_A1#2,CR), col-16=W(FCC_A1#2,FE),
   col-17=W(FCC_A1#2,MN), col-18=W(FCC_A1#2,NI), col-19=W(FCC_A1#2,SI),
   col-20=NP(BCC_A2), col-21=NP(CEMENTITE), col-22=NP(FCC_A1#2),
   9.86920E+02   1.04707E-04   4.69816E-03   9.69633E-01   3.61145E-03 
    1.05232E-02   1.14291E-02   6.74790E-02   1.13796E-01   7.91731E-01 
    2.49408E-02   2.05287E-03   0.00000E+00   4.96889E-03   8.07132E-03 
    9.39112E-01   1.34295E-02   2.57319E-02   8.68620E-03   2.69503E-06 
    1.61965E-01   8.38032E-01
   9.83000E+02   1.00631E-04   4.49836E-03   9.69386E-01   3.73055E-03 
    1.12133E-02   1.10713E-02   6.74694E-02   1.11592E-01   7.92162E-01 
    2.65702E-02   2.20698E-03   0.00000E+00   4.90189E-03   7.73734E-03 
    9.36592E-01   1.43185E-02   2.79908E-02   8.45950E-03   9.92711E-02 
    1.72517E-01   7.28212E-01
   9.73000E+02   9.02953E-05   4.08846E-03   9.68346E-01   4.01254E-03 
    1.30485E-02   1.04147E-02   6.74520E-02   1.07428E-01   7.91806E-01 
    3.06983E-02   2.61604E-03   0.00000E+00   4.69903E-03   7.02470E-03 
    9.29083E-01   1.67009E-02   3.43992E-02   8.09314E-03   3.00176E-01 
    1.93748E-01   5.06076E-01
   9.63000E+02   8.04034E-05   3.77846E-03   9.66969E-01   4.24567E-03 
    1.49144E-02   1.00116E-02   6.74423E-02   1.04847E-01   7.90021E-01 
    3.46578E-02   3.03186E-03   0.00000E+00   4.46444E-03   6.45512E-03 
    9.20330E-01   1.91924E-02   4.16239E-02   7.93425E-03   4.41354E-01 
    2.08338E-01   3.50308E-01
   9.53000E+02   7.12189E-05   3.53009E-03   9.65471E-01   4.42116E-03 
    1.67437E-02   9.76255E-03   6.74375E-02   1.03318E-01   7.87434E-01 
    3.83705E-02   3.44043E-03   0.00000E+00   4.21162E-03   5.97612E-03 
    9.10584E-01   2.17596E-02   4.95692E-02   7.89925E-03   5.40356E-01 
    2.18206E-01   2.41438E-01
   9.43000E+02   6.28462E-05   3.32012E-03   9.63975E-01   4.53925E-03 
    1.84950E-02   9.60773E-03   6.74358E-02   1.02475E-01   7.84441E-01 
    4.18146E-02   3.83317E-03   0.00000E+00   3.94944E-03   5.55502E-03 
    8.99973E-01   2.43973E-02   5.81876E-02   7.93744E-03   6.10238E-01 
    2.24847E-01   1.64915E-01
   9.33000E+02   5.52989E-05   3.13475E-03   9.62551E-01   4.60419E-03 
    2.01434E-02   9.51134E-03   6.74362E-02   1.02084E-01   7.81281E-01 
    4.49939E-02   4.20488E-03   0.00000E+00   3.68360E-03   5.17231E-03 
    8.88545E-01   2.71161E-02   6.74655E-02   8.01798E-03   6.59958E-01 
    2.29309E-01   1.10733E-01
   9.23000E+02   4.85443E-05   2.96574E-03   9.61238E-01   4.62165E-03 
    2.16742E-02   9.45170E-03   6.74379E-02   1.01995E-01   7.78093E-01 
    4.79217E-02   4.55231E-03   0.00000E+00   3.41794E-03   4.81646E-03 
    8.76298E-01   2.99350E-02   7.74113E-02   8.12148E-03   6.95546E-01 
    2.32297E-01   7.21568E-02
   9.13000E+02   4.25286E-05   2.80808E-03   9.60058E-01   4.59759E-03 
    2.30789E-02   9.41535E-03   6.74404E-02   1.02108E-01   7.74964E-01 
    5.06138E-02   4.87344E-03   0.00000E+00   3.15518E-03   4.48072E-03 
    8.63203E-01   3.28779E-02   8.80476E-02   8.23513E-03   7.21082E-01 
    2.34284E-01   4.46332E-02
   9.03000E+02   3.71897E-05   2.65869E-03   9.59020E-01   4.53775E-03 
    2.43526E-02   9.39377E-03   6.74434E-02   1.02359E-01   7.71945E-01 
    5.30858E-02   5.16696E-03   0.00000E+00   2.89746E-03   4.16120E-03 
    8.49216E-01   3.59715E-02   9.94040E-02   8.34999E-03   7.39368E-01 
    2.35590E-01   2.50413E-02
   8.93000E+02   3.24641E-05   2.51563E-03   9.58130E-01   4.44749E-03 
    2.54933E-02   9.38143E-03   6.74468E-02   1.02701E-01   7.69068E-01 
    5.53520E-02   5.43206E-03   0.00000E+00   2.64663E-03   3.85583E-03 
    8.34283E-01   3.92435E-02   1.11511E-01   8.45951E-03   7.52364E-01 
    2.36433E-01   1.12037E-02
   8.83000E+02   2.82903E-05   2.37773E-03   9.57387E-01   4.33170E-03 
    2.65006E-02   9.37473E-03   6.74503E-02   1.03105E-01   7.66351E-01 
    5.74255E-02   5.66834E-03   0.00000E+00   2.40438E-03   3.56367E-03 
    8.18358E-01   4.27211E-02   1.24394E-01   8.55864E-03   7.61466E-01 
    2.36960E-01   1.57361E-03
   8.80934E+02   2.74915E-05   2.34982E-03   9.57252E-01   4.30502E-03 
    2.66922E-02   9.37382E-03   6.74510E-02   1.03193E-01   7.65811E-01 
    5.78308E-02   5.71354E-03   0.00000E+00   2.35556E-03   3.50493E-03 
    8.14941E-01   4.34674E-02   1.27153E-01   8.57744E-03   7.62960E-01 
    2.37040E-01   0.00000E+00

 Phase Region for:
     BCC_A2                        
     CEMENTITE                     
 col-1=T, col-2=W(BCC_A2,C), col-3=W(BCC_A2,CR), col-4=W(BCC_A2,FE),
   col-5=W(BCC_A2,MN), col-6=W(BCC_A2,NI), col-7=W(BCC_A2,SI),
   col-8=W(CEMENTITE,C), col-9=W(CEMENTITE,CR), col-10=W(CEMENTITE,FE),
   col-11=W(CEMENTITE,MN), col-12=W(CEMENTITE,NI), col-13=W(CEMENTITE,SI),
   col-14=NP(BCC_A2), col-15=NP(CEMENTITE),
   8.80934E+02   2.74915E-05   2.34982E-03   9.57252E-01   4.30502E-03 
    2.66922E-02   9.37382E-03   6.74510E-02   1.03193E-01   7.65811E-01 
    5.78308E-02   5.71354E-03   0.00000E+00   7.62960E-01   2.37040E-01  NONE
   8.73000E+02   2.46999E-05   2.24090E-03   9.57550E-01   4.12021E-03 
    2.66903E-02   9.37411E-03   6.74539E-02   1.03617E-01   7.64641E-01 
    5.85642E-02   5.72380E-03   0.00000E+00   7.62920E-01   2.37080E-01  NONE
   8.63000E+02   2.15390E-05   2.10757E-03   9.57914E-01   3.89411E-03 
    2.66880E-02   9.37442E-03   6.74574E-02   1.04137E-01   7.63208E-01 
    5.94620E-02   5.73554E-03   0.00000E+00   7.62876E-01   2.37124E-01  NONE
   8.53000E+02   1.87395E-05   1.97868E-03   9.58266E-01   3.67554E-03 
    2.66860E-02   9.37469E-03   6.74609E-02   1.04641E-01   7.61822E-01 
    6.03304E-02   5.74600E-03   0.00000E+00   7.62837E-01   2.37163E-01  NONE
   8.43000E+02   1.62647E-05   1.85429E-03   9.58606E-01   3.46446E-03 
    2.66842E-02   9.37492E-03   6.74642E-02   1.05129E-01   7.60482E-01 
    6.11697E-02   5.75520E-03   0.00000E+00   7.62802E-01   2.37198E-01  NONE
   8.33000E+02   1.40812E-05   1.73446E-03   9.58933E-01   3.26082E-03 
    2.66827E-02   9.37511E-03   6.74674E-02   1.05600E-01   7.59190E-01 
    6.19799E-02   5.76315E-03   0.00000E+00   7.62771E-01   2.37229E-01  NONE
   8.23000E+02   1.21589E-05   1.61922E-03   9.59247E-01   3.06457E-03 
    2.66814E-02   9.37527E-03   6.74705E-02   1.06054E-01   7.57945E-01 
    6.27611E-02   5.76986E-03   0.00000E+00   7.62744E-01   2.37256E-01  NONE
   8.13000E+02   1.04700E-05   1.50861E-03   9.59550E-01   2.87566E-03 
    2.66803E-02   9.37540E-03   6.74735E-02   1.06491E-01   7.56747E-01 
    6.35136E-02   5.77533E-03   0.00000E+00   7.62720E-01   2.37280E-01  NONE
   8.03000E+02   8.98983E-06   1.40264E-03   9.59839E-01   2.69406E-03 
    2.66795E-02   9.37551E-03   6.74763E-02   1.06910E-01   7.55597E-01 
    6.42375E-02   5.77954E-03   0.00000E+00   7.62699E-01   2.37301E-01  NONE
   7.93000E+02   7.69559E-06   1.30133E-03   9.60117E-01   2.51972E-03 
    2.66789E-02   9.37560E-03   6.74791E-02   1.07311E-01   7.54494E-01 
    6.49327E-02   5.78249E-03   0.00000E+00   7.62681E-01   2.37319E-01  NONE
   7.83000E+02   6.56686E-06   1.20466E-03   9.60382E-01   2.35258E-03 
    2.66787E-02   9.37566E-03   6.74817E-02   1.07695E-01   7.53439E-01 
    6.55997E-02   5.78415E-03   0.00000E+00   7.62665E-01   2.37335E-01  NONE
   7.73000E+02   5.58512E-06   1.11264E-03   9.60635E-01   2.19259E-03 
    2.66787E-02   9.37571E-03   6.74842E-02   1.08061E-01   7.52432E-01 
    6.62384E-02   5.78449E-03   0.00000E+00   7.62651E-01   2.37349E-01  NONE
   7.63000E+02   4.73365E-06   1.02521E-03   9.60876E-01   2.03969E-03 
    2.66790E-02   9.37574E-03   6.74866E-02   1.08409E-01   7.51472E-01 
    6.68491E-02   5.78347E-03   0.00000E+00   7.62639E-01   2.37361E-01  NONE
   7.53000E+02   3.99736E-06   9.42361E-04   9.61104E-01   1.89380E-03 
    2.66797E-02   9.37577E-03   6.74889E-02   1.08740E-01   7.50558E-01 
    6.74320E-02   5.78105E-03   0.00000E+00   7.62629E-01   2.37371E-01  NONE
   7.43000E+02   3.36269E-06   8.64023E-04   9.61321E-01   1.75485E-03 
    2.66807E-02   9.37578E-03   6.74911E-02   1.09052E-01   7.49692E-01 
    6.79875E-02   5.77718E-03   0.00000E+00   7.62620E-01   2.37380E-01  NONE
   7.33000E+02   2.81742E-06   7.90134E-04   9.61527E-01   1.62275E-03 
    2.66820E-02   9.37578E-03   6.74932E-02   1.09348E-01   7.48871E-01 
    6.85159E-02   5.77181E-03   0.00000E+00   7.62612E-01   2.37388E-01  NONE
   7.23000E+02   2.35060E-06   7.20618E-04   9.61720E-01   1.49738E-03 
    2.66837E-02   9.37578E-03   6.74951E-02   1.09626E-01   7.48096E-01 
    6.90175E-02   5.76488E-03   0.00000E+00   7.62606E-01   2.37394E-01  NONE
   7.13000E+02   1.95243E-06   6.55386E-04   9.61902E-01   1.37865E-03 
    2.66859E-02   9.37577E-03   6.74970E-02   1.09887E-01   7.47367E-01 
    6.94927E-02   5.75632E-03   0.00000E+00   7.62600E-01   2.37400E-01  NONE
   7.03000E+02   1.61414E-06   5.94338E-04   9.62073E-01   1.26643E-03 
    2.66884E-02   9.37576E-03   6.74987E-02   1.10132E-01   7.46681E-01 
    6.99420E-02   5.74606E-03   0.00000E+00   7.62596E-01   2.37404E-01  NONE
   6.93000E+02   1.32791E-06   5.37365E-04   9.62234E-01   1.16058E-03 
    2.66914E-02   9.37574E-03   6.75003E-02   1.10361E-01   7.46039E-01 
    7.03660E-02   5.73403E-03   0.00000E+00   7.62592E-01   2.37408E-01  NONE
   6.83000E+02   1.08679E-06   4.84347E-04   9.62383E-01   1.06097E-03 
    2.66948E-02   9.37572E-03   6.75019E-02   1.10574E-01   7.45439E-01 
    7.07651E-02   5.72013E-03   0.00000E+00   7.62588E-01   2.37412E-01  NONE
   6.75321E+02   9.28357E-07   4.46239E-04   9.62491E-01   9.88605E-04 
    2.66978E-02   9.37570E-03   6.75030E-02   1.10727E-01   7.45007E-01 
    7.10551E-02   5.70815E-03   0.00000E+00   7.62586E-01   2.37414E-01  NONE

 Phase Region for:
     BCC_A2                        
     CEMENTITE                     
     FCC_A1#2                      
 col-1=T, col-2=W(BCC_A2,C), col-3=W(BCC_A2,CR), col-4=W(BCC_A2,FE),
   col-5=W(BCC_A2,MN), col-6=W(BCC_A2,NI), col-7=W(BCC_A2,SI),
   col-8=W(CEMENTITE,C), col-9=W(CEMENTITE,CR), col-10=W(CEMENTITE,FE),
   col-11=W(CEMENTITE,MN), col-12=W(CEMENTITE,NI), col-13=W(CEMENTITE,SI),
   col-14=W(FCC_A1#2,C), col-15=W(FCC_A1#2,CR), col-16=W(FCC_A1#2,FE),
   col-17=W(FCC_A1#2,MN), col-18=W(FCC_A1#2,NI), col-19=W(FCC_A1#2,SI),
   col-20=NP(BCC_A2), col-21=NP(CEMENTITE), col-22=NP(FCC_A1#2),
   6.75321E+02   9.28356E-07   4.46238E-04   9.62491E-01   9.88604E-04 
    2.66977E-02   9.37570E-03   6.75030E-02   1.10727E-01   7.45007E-01 
    7.10551E-02   5.70815E-03   0.00000E+00   2.59917E-04   5.04815E-04 
    4.57114E-01   1.23088E-01   4.10560E-01   8.47324E-03   7.62586E-01 
    2.37414E-01   1.03121E-08
   6.73000E+02   8.85413E-07   4.34929E-04   9.62642E-01   9.64489E-04 
    2.65821E-02   9.37598E-03   6.75033E-02   1.10773E-01   7.45050E-01 
    7.09954E-02   5.67788E-03   0.00000E+00   2.54508E-04   4.92862E-04 
    4.54354E-01   1.23611E-01   4.12805E-01   8.48167E-03   7.62347E-01 
    2.37414E-01   2.39255E-04
