
 Phase Region for:
     CEMENTITE                     
     FCC_A1#2                      
 col-1=T, col-2=W(CEMENTITE,C), col-3=W(CEMENTITE,CR), col-4=W(CEMENTITE,FE),
   col-5=W(CEMENTITE,MN), col-6=W(CEMENTITE,NI), col-7=W(CEMENTITE,SI),
   col-8=W(FCC_A1#2,C), col-9=W(FCC_A1#2,CR), col-10=W(FCC_A1#2,FE),
   col-11=W(FCC_A1#2,MN), col-12=W(FCC_A1#2,NI), col-13=W(FCC_A1#2,SI),
   col-14=NP(CEMENTITE), col-15=NP(FCC_A1#2),
   1.17300E+03   6.69011E-02   4.72305E-06   9.07625E-01   2.05596E-02 
    4.90909E-03   0.00000E+00   1.00583E-02   7.60048E-07   9.19731E-01 
    1.46422E-02   2.36340E-02   3.19335E-02   6.98816E-02   9.30118E-01
   1.18300E+03   6.69007E-02   4.71408E-06   9.07674E-01   2.04207E-02 
    4.99999E-03   0.00000E+00   1.03733E-02   7.82537E-07   9.19661E-01 
    1.46831E-02   2.35249E-02   3.17565E-02   6.38383E-02   9.36162E-01
   1.19300E+03   6.69002E-02   4.70470E-06   9.07718E-01   2.02857E-02 
    5.09104E-03   0.00000E+00   1.06933E-02   8.05281E-07   9.19591E-01 
    1.47227E-02   2.34153E-02   3.15768E-02   5.76322E-02   9.42368E-01
   1.20300E+03   6.68998E-02   4.69492E-06   9.07759E-01   2.01545E-02 
    5.18222E-03   0.00000E+00   1.10181E-02   8.28271E-07   9.19521E-01 
    1.47610E-02   2.33051E-02   3.13943E-02   5.12583E-02   9.48742E-01
   1.21300E+03   6.68994E-02   4.68473E-06   9.07795E-01   2.00271E-02 
    5.27353E-03   0.00000E+00   1.13479E-02   8.51497E-07   9.19450E-01 
    1.47979E-02   2.31945E-02   3.12091E-02   4.47118E-02   9.55288E-01
   1.22300E+03   6.68989E-02   4.67413E-06   9.07828E-01   1.99033E-02 
    5.36496E-03   0.00000E+00   1.16826E-02   8.74951E-07   9.19378E-01 
    1.48336E-02   2.30835E-02   3.10211E-02   3.79874E-02   9.62013E-01
   1.23300E+03   6.68985E-02   4.66313E-06   9.07857E-01   1.97831E-02 
    5.45648E-03   0.00000E+00   1.20222E-02   8.98624E-07   9.19307E-01 
    1.48681E-02   2.29719E-02   3.08302E-02   3.10795E-02   9.68920E-01
   1.24300E+03   6.68981E-02   4.65173E-06   9.07883E-01   1.96665E-02 
    5.54808E-03   0.00000E+00   1.23668E-02   9.22506E-07   9.19234E-01 
    1.49015E-02   2.28600E-02   3.06366E-02   2.39822E-02   9.76018E-01
   1.25300E+03   6.68977E-02   4.63992E-06   9.07905E-01   1.95534E-02 
    5.63976E-03   0.00000E+00   1.27165E-02   9.46590E-07   9.19161E-01 
    1.49337E-02   2.27476E-02   3.04402E-02   1.66894E-02   9.83311E-01
   1.26300E+03   6.68972E-02   4.62772E-06   9.07923E-01   1.94438E-02 
    5.73151E-03   0.00000E+00   1.30712E-02   9.70866E-07   9.19087E-01 
    1.49648E-02   2.26349E-02   3.02409E-02   9.19445E-03   9.90806E-01
   1.27300E+03   6.68968E-02   4.61511E-06   9.07938E-01   1.93375E-02 
    5.82330E-03   0.00000E+00   1.34310E-02   9.95325E-07   9.19013E-01 
    1.49949E-02   2.25218E-02   3.00388E-02   1.49044E-03   9.98510E-01
   1.27490E+03   6.68967E-02   4.61267E-06   9.07940E-01   1.93176E-02 
    5.84078E-03   0.00000E+00   1.35000E-02   1.00000E-06   9.18998E-01 
    1.50005E-02   2.25003E-02   3.00000E-02   0.00000E+00   1.00000E+00

 Phase Region for:
     FCC_A1#2                      
 col-1=T, col-2=W(FCC_A1#2,C), col-3=W(FCC_A1#2,CR), col-4=W(FCC_A1#2,FE),
   col-5=W(FCC_A1#2,MN), col-6=W(FCC_A1#2,NI), col-7=W(FCC_A1#2,SI),
   col-8=NP(FCC_A1#2),
   1.27490E+03   1.35000E-02   1.00000E-06   9.18998E-01   1.50005E-02 
    2.25002E-02   3.00000E-02   1.00000E+00
   1.28300E+03   1.35000E-02   1.00000E-06   9.18998E-01   1.50005E-02 
    2.25003E-02   3.00000E-02   1.00000E+00
   1.29300E+03   1.35000E-02   1.00000E-06   9.18998E-01   1.50005E-02 
    2.25003E-02   3.00000E-02   1.00000E+00
   1.30300E+03   1.35000E-02   1.00000E-06   9.18998E-01   1.50005E-02 
    2.25003E-02   3.00000E-02   1.00000E+00
   1.31300E+03   1.35000E-02   1.00000E-06   9.18998E-01   1.50005E-02 
    2.25003E-02   3.00000E-02   1.00000E+00
   1.32300E+03   1.35000E-02   1.00000E-06   9.18998E-01   1.50005E-02 
    2.25003E-02   3.00000E-02   1.00000E+00
   1.33300E+03   1.35000E-02   1.00000E-06   9.18998E-01   1.50005E-02 
    2.25002E-02   3.00000E-02   1.00000E+00
   1.34300E+03   1.35000E-02   1.00000E-06   9.18998E-01   1.50005E-02 
    2.25003E-02   3.00000E-02   1.00000E+00
   1.35300E+03   1.35000E-02   1.00000E-06   9.18998E-01   1.50005E-02 
    2.25003E-02   3.00000E-02   1.00000E+00
   1.36300E+03   1.35000E-02   1.00000E-06   9.18998E-01   1.50005E-02 
    2.25003E-02   3.00000E-02   1.00000E+00
   1.37300E+03   1.35000E-02   1.00000E-06   9.18998E-01   1.50005E-02 
    2.25003E-02   3.00000E-02   1.00000E+00
   1.38300E+03   1.35000E-02   1.00000E-06   9.18998E-01   1.50005E-02 
    2.25003E-02   3.00000E-02   1.00000E+00
   1.39300E+03   1.35000E-02   1.00000E-06   9.18998E-01   1.50005E-02 
    2.25003E-02   3.00000E-02   1.00000E+00
   1.40300E+03   1.35000E-02   1.00000E-06   9.18998E-01   1.50005E-02 
    2.25003E-02   3.00000E-02   1.00000E+00
   1.41300E+03   1.35000E-02   1.00000E-06   9.18998E-01   1.50005E-02 
    2.25003E-02   3.00000E-02   1.00000E+00
   1.42300E+03   1.35000E-02   1.00000E-06   9.18998E-01   1.50005E-02 
    2.25003E-02   3.00000E-02   1.00000E+00
   1.43300E+03   1.35000E-02   1.00000E-06   9.18998E-01   1.50005E-02 
    2.25003E-02   3.00000E-02   1.00000E+00
   1.44300E+03   1.35000E-02   1.00000E-06   9.18998E-01   1.50005E-02 
    2.25003E-02   3.00000E-02   1.00000E+00
   1.45300E+03   1.35000E-02   1.00000E-06   9.18998E-01   1.50005E-02 
    2.25003E-02   3.00000E-02   1.00000E+00
   1.46300E+03   1.35000E-02   1.00000E-06   9.18998E-01   1.50005E-02 
    2.25002E-02   3.00000E-02   1.00000E+00
   1.47300E+03   1.35000E-02   1.00000E-06   9.18998E-01   1.50005E-02 
    2.25003E-02   3.00000E-02   1.00000E+00

 Phase Region for:
     CEMENTITE                     
     FCC_A1#2                      
 col-1=T, col-2=W(CEMENTITE,C), col-3=W(CEMENTITE,CR), col-4=W(CEMENTITE,FE),
   col-5=W(CEMENTITE,MN), col-6=W(CEMENTITE,NI), col-7=W(CEMENTITE,SI),
   col-8=W(FCC_A1#2,C), col-9=W(FCC_A1#2,CR), col-10=W(FCC_A1#2,FE),
   col-11=W(FCC_A1#2,MN), col-12=W(FCC_A1#2,NI), col-13=W(FCC_A1#2,SI),
   col-14=NP(CEMENTITE), col-15=NP(FCC_A1#2),
   1.17300E+03   6.69011E-02   4.72305E-06   9.07625E-01   2.05596E-02 
    4.90909E-03   0.00000E+00   1.00583E-02   7.60048E-07   9.19731E-01 
    1.46422E-02   2.36340E-02   3.19335E-02   6.98816E-02   9.30118E-01
   1.16300E+03   6.69016E-02   4.73162E-06   9.07573E-01   2.07024E-02 
    4.81835E-03   0.00000E+00   9.74807E-03   7.37821E-07   9.19801E-01 
    1.45999E-02   2.37426E-02   3.21078E-02   7.57665E-02   9.24234E-01
   1.15300E+03   6.69021E-02   4.73978E-06   9.07516E-01   2.08493E-02 
    4.72780E-03   0.00000E+00   9.44272E-03   7.15866E-07   9.19871E-01 
    1.45561E-02   2.38505E-02   3.22793E-02   8.14972E-02   9.18503E-01
   1.14300E+03   6.69025E-02   4.74754E-06   9.07455E-01   2.10003E-02 
    4.63744E-03   0.00000E+00   9.14222E-03   6.94191E-07   9.19940E-01 
    1.45109E-02   2.39579E-02   3.24481E-02   8.70778E-02   9.12922E-01
   1.13300E+03   6.69030E-02   4.75490E-06   9.07390E-01   2.11554E-02 
    4.54729E-03   0.00000E+00   8.84655E-03   6.72804E-07   9.20010E-01 
    1.44642E-02   2.40646E-02   3.26142E-02   9.25122E-02   9.07488E-01
   1.12300E+03   6.69034E-02   4.76187E-06   9.07320E-01   2.13149E-02 
    4.45737E-03   0.00000E+00   8.55572E-03   6.51713E-07   9.20080E-01 
    1.44159E-02   2.41707E-02   3.27775E-02   9.78039E-02   9.02196E-01
   1.11300E+03   6.69039E-02   4.76844E-06   9.07245E-01   2.14787E-02 
    4.36769E-03   0.00000E+00   8.26973E-03   6.30926E-07   9.20149E-01 
    1.43660E-02   2.42761E-02   3.29381E-02   1.02957E-01   8.97043E-01
   1.10300E+03   6.69044E-02   4.77463E-06   9.07166E-01   2.16470E-02 
    4.27827E-03   0.00000E+00   7.98857E-03   6.10451E-07   9.20219E-01 
    1.43146E-02   2.43808E-02   3.30961E-02   1.07973E-01   8.92027E-01
   1.09300E+03   6.69049E-02   4.78044E-06   9.07081E-01   2.18198E-02 
    4.18913E-03   0.00000E+00   7.71225E-03   5.90295E-07   9.20290E-01 
    1.42615E-02   2.44847E-02   3.32513E-02   1.12857E-01   8.87143E-01
   1.08300E+03   6.69054E-02   4.78587E-06   9.06992E-01   2.19973E-02 
    4.10028E-03   0.00000E+00   7.44077E-03   5.70465E-07   9.20360E-01 
    1.42067E-02   2.45879E-02   3.34037E-02   1.17611E-01   8.82389E-01
   1.07300E+03   6.69058E-02   4.79093E-06   9.06898E-01   2.21796E-02 
    4.01174E-03   0.00000E+00   7.17414E-03   5.50968E-07   9.20432E-01 
    1.41501E-02   2.46902E-02   3.35535E-02   1.22239E-01   8.77761E-01
   1.06300E+03   6.69063E-02   4.79563E-06   9.06799E-01   2.23667E-02 
    3.92353E-03   0.00000E+00   6.91236E-03   5.31811E-07   9.20503E-01 
    1.40919E-02   2.47917E-02   3.37005E-02   1.26741E-01   8.73259E-01
   1.05300E+03   6.69068E-02   4.79998E-06   9.06694E-01   2.25589E-02 
    3.83568E-03   0.00000E+00   6.65546E-03   5.12999E-07   9.20575E-01 
    1.40318E-02   2.48923E-02   3.38448E-02   1.31122E-01   8.68878E-01
   1.04300E+03   6.69073E-02   4.80400E-06   9.06584E-01   2.27561E-02 
    3.74820E-03   0.00000E+00   6.40343E-03   4.94539E-07   9.20648E-01 
    1.39700E-02   2.49920E-02   3.39863E-02   1.35384E-01   8.64616E-01
   1.03300E+03   6.69078E-02   4.80768E-06   9.06468E-01   2.29586E-02 
    3.66111E-03   0.00000E+00   6.15629E-03   4.76435E-07   9.20721E-01 
    1.39062E-02   2.50907E-02   3.41251E-02   1.39529E-01   8.60471E-01
   1.02924E+03   6.69080E-02   4.80898E-06   9.06423E-01   2.30361E-02 
    3.62848E-03   0.00000E+00   6.06468E-03   4.69725E-07   9.20749E-01 
    1.38818E-02   2.51275E-02   3.41765E-02   1.41057E-01   8.58943E-01

 Phase Region for:
     BCC_A2                        
     CEMENTITE                     
     FCC_A1#2                      
 col-1=T, col-2=W(BCC_A2,C), col-3=W(BCC_A2,CR), col-4=W(BCC_A2,FE),
   col-5=W(BCC_A2,MN), col-6=W(BCC_A2,NI), col-7=W(BCC_A2,SI),
   col-8=W(CEMENTITE,C), col-9=W(CEMENTITE,CR), col-10=W(CEMENTITE,FE),
   col-11=W(CEMENTITE,MN), col-12=W(CEMENTITE,NI), col-13=W(CEMENTITE,SI),
   col-14=W(FCC_A1#2,C), col-15=W(FCC_A1#2,CR), col-16=W(FCC_A1#2,FE),
   col-17=W(FCC_A1#2,MN), col-18=W(FCC_A1#2,NI), col-19=W(FCC_A1#2,SI),
   col-20=NP(BCC_A2), col-21=NP(CEMENTITE), col-22=NP(FCC_A1#2),
   1.02924E+03   1.60929E-04   2.82171E-07   9.39508E-01   5.22378E-03 
    1.17581E-02   4.33493E-02   6.69080E-02   4.80898E-06   9.06423E-01 
    2.30361E-02   3.62848E-03   0.00000E+00   6.06468E-03   4.69724E-07 
    9.20749E-01   1.38818E-02   2.51276E-02   3.41765E-02   1.87643E-06 
    1.41057E-01   8.58941E-01
   1.02300E+03   1.50709E-04   2.68221E-07   9.39405E-01   5.41770E-03 
    1.25480E-02   4.24779E-02   6.69091E-02   4.70080E-06   9.04644E-01 
    2.45983E-02   3.84350E-03   0.00000E+00   5.90873E-03   4.44357E-07 
    9.18459E-01   1.47381E-02   2.73935E-02   3.35004E-02   1.11133E-01 
    1.56175E-01   7.32693E-01
   1.01300E+03   1.35258E-04   2.48931E-07   9.38952E-01   5.71357E-03 
    1.39052E-02   4.12938E-02   6.69107E-02   4.56599E-06   9.01657E-01 
    2.72074E-02   4.22024E-03   0.00000E+00   5.65521E-03   4.08727E-07 
    9.14081E-01   1.61868E-02   3.14803E-02   3.25960E-02   2.64520E-01 
    1.76332E-01   5.59148E-01
   1.00300E+03   1.20950E-04   2.32638E-07   9.38207E-01   5.97742E-03 
    1.53467E-02   4.03478E-02   6.69124E-02   4.46997E-06   8.98558E-01 
    2.98958E-02   4.62967E-03   0.00000E+00   5.39707E-03   3.77996E-07 
    9.08872E-01   1.77093E-02   3.61302E-02   3.18912E-02   3.89303E-01 
    1.92020E-01   4.18677E-01
   9.93000E+02   1.07792E-04   2.18614E-07   9.37254E-01   6.19590E-03 
    1.68366E-02   3.96052E-02   6.69140E-02   4.40444E-06   8.95406E-01 
    3.26124E-02   5.06296E-03   0.00000E+00   5.13508E-03   3.50991E-07 
    9.02888E-01   1.92858E-02   4.13364E-02   3.13545E-02   4.88777E-01 
    2.03953E-01   3.07270E-01
   9.83000E+02   9.57758E-05   2.06284E-07   9.36176E-01   6.35912E-03 
    1.83394E-02   3.90293E-02   6.69155E-02   4.36259E-06   8.92247E-01 
    3.53209E-02   5.51181E-03   0.00000E+00   4.87042E-03   3.26808E-07 
    8.96177E-01   2.09049E-02   4.70940E-02   3.09533E-02   5.66851E-01 
    2.12854E-01   2.20294E-01
   9.73000E+02   8.49019E-05   1.95087E-07   9.35089E-01   6.44000E-03 
    1.98007E-02   3.85854E-02   6.69170E-02   4.33968E-06   8.89078E-01 
    3.80302E-02   5.97093E-03   0.00000E+00   4.60381E-03   3.04785E-07 
    8.88719E-01   2.25825E-02   5.34208E-02   3.06738E-02   6.27060E-01 
    2.19357E-01   1.53583E-01
   9.63000E+02   7.51348E-05   1.84618E-07   9.34068E-01   6.42368E-03 
    2.11871E-02   3.82463E-02   6.69186E-02   4.33169E-06   8.85851E-01 
    4.07843E-02   6.44197E-03   0.00000E+00   4.33549E-03   2.84338E-07 
    8.80392E-01   2.43598E-02   6.04116E-02   3.05007E-02   6.72962E-01 
    2.24030E-01   1.03009E-01
   9.53000E+02   6.63211E-05   1.75022E-07   9.33014E-01   6.37729E-03 
    2.25517E-02   3.79903E-02   6.69200E-02   4.33320E-06   8.82692E-01 
    4.34685E-02   6.91481E-03   0.00000E+00   4.06826E-03   2.65030E-07 
    8.71325E-01   2.61825E-02   6.80655E-02   3.03585E-02   7.08306E-01 
    2.27384E-01   6.43099E-02
   9.43000E+02   5.84062E-05   1.66100E-07   9.31974E-01   6.29907E-03 
    2.38719E-02   3.77964E-02   6.69213E-02   4.34192E-06   8.79640E-01 
    4.60519E-02   7.38198E-03   0.00000E+00   3.80326E-03   2.46674E-07 
    8.61530E-01   2.80463E-02   7.63900E-02   3.02307E-02   7.35163E-01 
    2.29740E-01   3.50966E-02
   9.33000E+02   5.13260E-05   1.57708E-07   9.30979E-01   6.18988E-03 
    2.51303E-02   3.76490E-02   6.69226E-02   4.35604E-06   8.76722E-01 
    4.85139E-02   7.83731E-03   0.00000E+00   3.54142E-03   2.29144E-07 
    8.50996E-01   2.99545E-02   8.54031E-02   3.01050E-02   7.55290E-01 
    2.31354E-01   1.33560E-02
   9.24834E+02   4.61165E-05   1.51176E-07   9.30217E-01   6.07936E-03 
    2.61024E-02   3.75550E-02   6.69235E-02   4.37057E-06   8.74450E-01 
    5.04251E-02   8.19670E-03   0.00000E+00   3.33056E-03   2.15389E-07 
    8.41828E-01   3.15518E-02   9.32912E-02   2.99978E-02   7.67739E-01 
    2.32261E-01   0.00000E+00

 Phase Region for:
     BCC_A2                        
     CEMENTITE                     
 col-1=T, col-2=W(BCC_A2,C), col-3=W(BCC_A2,CR), col-4=W(BCC_A2,FE),
   col-5=W(BCC_A2,MN), col-6=W(BCC_A2,NI), col-7=W(BCC_A2,SI),
   col-8=W(CEMENTITE,C), col-9=W(CEMENTITE,CR), col-10=W(CEMENTITE,FE),
   col-11=W(CEMENTITE,MN), col-12=W(CEMENTITE,NI), col-13=W(CEMENTITE,SI),
   col-14=NP(BCC_A2), col-15=NP(CEMENTITE),
   9.24834E+02   4.61165E-05   1.51176E-07   9.30217E-01   6.07936E-03 
    2.61024E-02   3.75550E-02   6.69235E-02   4.37057E-06   8.74450E-01 
    5.04251E-02   8.19670E-03   0.00000E+00   7.67739E-01   2.32261E-01  NONE
   9.23000E+02   4.50508E-05   1.49767E-07   9.30278E-01   6.02200E-03 
    2.60993E-02   3.75556E-02   6.69237E-02   4.37590E-06   8.74212E-01 
    5.06502E-02   8.21012E-03   0.00000E+00   7.67724E-01   2.32276E-01  NONE
   9.13000E+02   3.96124E-05   1.42209E-07   9.30603E-01   5.71557E-03 
    2.60827E-02   3.75585E-02   6.69248E-02   4.40461E-06   8.72937E-01 
    5.18528E-02   8.28142E-03   0.00000E+00   7.67649E-01   2.32351E-01  NONE
   9.03000E+02   3.47579E-05   1.34853E-07   9.30918E-01   5.41953E-03 
    2.60667E-02   3.75611E-02   6.69259E-02   4.43264E-06   8.71705E-01 
    5.30148E-02   8.34967E-03   0.00000E+00   7.67582E-01   2.32418E-01  NONE
   8.93000E+02   3.04317E-05   1.27701E-07   9.31221E-01   5.13361E-03 
    2.60513E-02   3.75634E-02   6.69269E-02   4.45997E-06   8.70516E-01 
    5.41374E-02   8.41505E-03   0.00000E+00   7.67523E-01   2.32477E-01  NONE
   8.83000E+02   2.65831E-05   1.20753E-07   9.31514E-01   4.85757E-03 
    2.60364E-02   3.75654E-02   6.69279E-02   4.48659E-06   8.69368E-01 
    5.52216E-02   8.47774E-03   0.00000E+00   7.67470E-01   2.32530E-01  NONE
   8.73000E+02   2.31658E-05   1.14012E-07   9.31796E-01   4.59120E-03 
    2.60221E-02   3.75672E-02   6.69289E-02   4.51250E-06   8.68261E-01 
    5.62682E-02   8.53787E-03   0.00000E+00   7.67423E-01   2.32577E-01  NONE
   8.63000E+02   2.01373E-05   1.07479E-07   9.32068E-01   4.33430E-03 
    2.60083E-02   3.75687E-02   6.69298E-02   4.53767E-06   8.67192E-01 
    5.72779E-02   8.59557E-03   0.00000E+00   7.67381E-01   2.32619E-01  NONE
   8.53000E+02   1.74591E-05   1.01155E-07   9.32331E-01   4.08670E-03 
    2.59949E-02   3.75701E-02   6.69307E-02   4.56209E-06   8.66162E-01 
    5.82514E-02   8.65095E-03   0.00000E+00   7.67344E-01   2.32656E-01  NONE
   8.43000E+02   1.50957E-05   9.50423E-08   9.32583E-01   3.84825E-03 
    2.59821E-02   3.75713E-02   6.69316E-02   4.58574E-06   8.65170E-01 
    5.91893E-02   8.70409E-03   0.00000E+00   7.67312E-01   2.32688E-01  NONE
   8.33000E+02   1.30150E-05   8.91428E-08   9.32826E-01   3.61881E-03 
    2.59697E-02   3.75724E-02   6.69324E-02   4.60861E-06   8.64216E-01 
    6.00922E-02   8.75506E-03   0.00000E+00   7.67283E-01   2.32717E-01  NONE
   8.23000E+02   1.11875E-05   8.34578E-08   9.33059E-01   3.39823E-03 
    2.59578E-02   3.75733E-02   6.69332E-02   4.63070E-06   8.63298E-01 
    6.09606E-02   8.80392E-03   0.00000E+00   7.67258E-01   2.32742E-01  NONE
   8.13000E+02   9.58658E-06   7.79883E-08   9.33284E-01   3.18641E-03 
    2.59463E-02   3.75741E-02   6.69340E-02   4.65198E-06   8.62416E-01 
    6.17948E-02   8.85071E-03   0.00000E+00   7.67236E-01   2.32764E-01  NONE
   8.03000E+02   8.18791E-06   7.27353E-08   9.33498E-01   2.98321E-03 
    2.59353E-02   3.75747E-02   6.69348E-02   4.67246E-06   8.61570E-01 
    6.25954E-02   8.89546E-03   0.00000E+00   7.67216E-01   2.32784E-01  NONE
   7.93000E+02   6.96938E-06   6.76994E-08   9.33704E-01   2.78852E-03 
    2.59248E-02   3.75753E-02   6.69355E-02   4.69212E-06   8.60759E-01 
    6.33627E-02   8.93820E-03   0.00000E+00   7.67200E-01   2.32800E-01  NONE
   7.83000E+02   5.91096E-06   6.28806E-08   9.33901E-01   2.60222E-03 
    2.59148E-02   3.75758E-02   6.69361E-02   4.71096E-06   8.59983E-01 
    6.40973E-02   8.97892E-03   0.00000E+00   7.67185E-01   2.32815E-01  NONE
   7.73000E+02   4.99450E-06   5.82785E-08   9.34089E-01   2.42420E-03 
    2.59052E-02   3.75762E-02   6.69368E-02   4.72898E-06   8.59241E-01 
    6.47995E-02   9.01762E-03   0.00000E+00   7.67172E-01   2.32828E-01  NONE
   7.63000E+02   4.20357E-06   5.38925E-08   9.34269E-01   2.25433E-03 
    2.58961E-02   3.75766E-02   6.69374E-02   4.74617E-06   8.58534E-01 
    6.54697E-02   9.05429E-03   0.00000E+00   7.67161E-01   2.32839E-01  NONE
   7.53000E+02   3.52335E-06   4.97212E-08   9.34440E-01   2.09249E-03 
    2.58875E-02   3.75769E-02   6.69380E-02   4.76254E-06   8.57860E-01 
    6.61085E-02   9.08889E-03   0.00000E+00   7.67152E-01   2.32848E-01  NONE
   7.43000E+02   2.94049E-06   4.57627E-08   9.34602E-01   1.93854E-03 
    2.58794E-02   3.75771E-02   6.69386E-02   4.77809E-06   8.57219E-01 
    6.67164E-02   9.12140E-03   0.00000E+00   7.67144E-01   2.32856E-01  NONE
   7.33000E+02   2.44297E-06   4.20149E-08   9.34756E-01   1.79235E-03 
    2.58718E-02   3.75773E-02   6.69391E-02   4.79283E-06   8.56611E-01 
    6.72938E-02   9.15177E-03   0.00000E+00   7.67137E-01   2.32863E-01  NONE
   7.23000E+02   2.02003E-06   3.84749E-08   9.34902E-01   1.65377E-03 
    2.58647E-02   3.75775E-02   6.69396E-02   4.80676E-06   8.56034E-01 
    6.78413E-02   9.17994E-03   0.00000E+00   7.67131E-01   2.32869E-01  NONE
   7.13000E+02   1.66202E-06   3.51392E-08   9.35040E-01   1.52263E-03 
    2.58583E-02   3.75776E-02   6.69401E-02   4.81990E-06   8.55490E-01 
    6.83596E-02   9.20584E-03   0.00000E+00   7.67126E-01   2.32874E-01  NONE
   7.03000E+02   1.36033E-06   3.20041E-08   9.35170E-01   1.39879E-03 
    2.58524E-02   3.75777E-02   6.69406E-02   4.83226E-06   8.54976E-01 
    6.88491E-02   9.22941E-03   0.00000E+00   7.67122E-01   2.32878E-01  NONE
   6.93000E+02   1.10731E-06   2.90653E-08   9.35292E-01   1.28206E-03 
    2.58470E-02   3.75778E-02   6.69410E-02   4.84385E-06   8.54493E-01 
    6.93107E-02   9.25056E-03   0.00000E+00   7.67119E-01   2.32881E-01  NONE
   6.83000E+02   8.96179E-07   2.63179E-08   9.35407E-01   1.17227E-03 
    2.58424E-02   3.75779E-02   6.69415E-02   4.85470E-06   8.54040E-01 
    6.97449E-02   9.26920E-03   0.00000E+00   7.67116E-01   2.32884E-01  NONE
   6.73000E+02   7.20923E-07   2.37566E-08   9.35514E-01   1.06922E-03 
    2.58383E-02   3.75779E-02   6.69419E-02   4.86482E-06   8.53615E-01 
    7.01526E-02   9.28522E-03   0.00000E+00   7.67113E-01   2.32887E-01  NONE
