
 Phase Region for:
     CEMENTITE                     
     FCC_A1#1                      
 col-1=T, col-2=X(CEMENTITE,C), col-3=X(CEMENTITE,CR), col-4=X(CEMENTITE,FE),
   col-5=X(CEMENTITE,MN), col-6=X(CEMENTITE,NI), col-7=X(CEMENTITE,SI),
   col-8=X(FCC_A1#1,C), col-9=X(FCC_A1#1,CR), col-10=X(FCC_A1#1,FE),
   col-11=X(FCC_A1#1,MN), col-12=X(FCC_A1#1,NI), col-13=X(FCC_A1#1,SI),
   col-14=NP(CEMENTITE), col-15=NP(FCC_A1#1),
   1.17300E+03   2.50000E-01   5.07602E-06   7.13090E-01   3.69051E-02 
    1.42010E-07   0.00000E+00   5.41496E-02   9.02832E-07   9.24505E-01 
    2.13416E-02   9.29274E-07   1.95068E-06   2.88587E-02   9.71141E-01
   1.18300E+03   2.50000E-01   5.06710E-06   7.13297E-01   3.66982E-02 
    1.44396E-07   0.00000E+00   5.54166E-02   9.30035E-07   9.23133E-01 
    2.14471E-02   9.24126E-07   1.93806E-06   2.25353E-02   9.77465E-01
   1.19300E+03   2.50000E-01   5.05691E-06   7.13499E-01   3.64957E-02 
    1.46782E-07   0.00000E+00   5.66929E-02   9.57337E-07   9.21753E-01 
    2.15504E-02   9.18972E-07   1.92535E-06   1.60817E-02   9.83918E-01
   1.20300E+03   2.50000E-01   5.04548E-06   7.13697E-01   3.62975E-02 
    1.49169E-07   0.00000E+00   5.79785E-02   9.84711E-07   9.20366E-01 
    2.16517E-02   9.13814E-07   1.91254E-06   9.49422E-03   9.90506E-01
   1.21300E+03   2.50000E-01   5.03281E-06   7.13891E-01   3.61037E-02 
    1.51555E-07   0.00000E+00   5.92734E-02   1.01213E-06   9.18972E-01 
    2.17510E-02   9.08651E-07   1.89964E-06   2.76901E-03   9.97231E-01
   1.21706E+03   2.50000E-01   5.02732E-06   7.13969E-01   3.60263E-02 
    1.52523E-07   0.00000E+00   5.98016E-02   1.02326E-06   9.18404E-01 
    2.17908E-02   9.06554E-07   1.89438E-06   0.00000E+00   1.00000E+00

 Phase Region for:
     FCC_A1#1                      
 col-1=T, col-2=X(FCC_A1#1,C), col-3=X(FCC_A1#1,CR), col-4=X(FCC_A1#1,FE),
   col-5=X(FCC_A1#1,MN), col-6=X(FCC_A1#1,NI), col-7=X(FCC_A1#1,SI),
   col-8=NP(FCC_A1#1),
   1.21706E+03   5.98016E-02   1.02326E-06   9.18404E-01   2.17908E-02 
    9.06554E-07   1.89438E-06   1.00000E+00
   1.22300E+03   5.98016E-02   1.02326E-06   9.18404E-01   2.17908E-02 
    9.06554E-07   1.89438E-06   1.00000E+00
   1.23300E+03   5.98016E-02   1.02326E-06   9.18404E-01   2.17908E-02 
    9.06554E-07   1.89438E-06   1.00000E+00
   1.24300E+03   5.98016E-02   1.02326E-06   9.18404E-01   2.17908E-02 
    9.06554E-07   1.89438E-06   1.00000E+00
   1.25300E+03   5.98016E-02   1.02326E-06   9.18404E-01   2.17908E-02 
    9.06554E-07   1.89438E-06   1.00000E+00
   1.26300E+03   5.98016E-02   1.02326E-06   9.18404E-01   2.17908E-02 
    9.06554E-07   1.89438E-06   1.00000E+00
   1.27300E+03   5.98016E-02   1.02326E-06   9.18404E-01   2.17908E-02 
    9.06554E-07   1.89438E-06   1.00000E+00
   1.28300E+03   5.98016E-02   1.02326E-06   9.18404E-01   2.17908E-02 
    9.06554E-07   1.89438E-06   1.00000E+00
   1.29300E+03   5.98016E-02   1.02326E-06   9.18404E-01   2.17908E-02 
    9.06554E-07   1.89438E-06   1.00000E+00
   1.30300E+03   5.98016E-02   1.02326E-06   9.18404E-01   2.17908E-02 
    9.06554E-07   1.89438E-06   1.00000E+00
   1.31300E+03   5.98016E-02   1.02326E-06   9.18404E-01   2.17908E-02 
    9.06554E-07   1.89438E-06   1.00000E+00
   1.32300E+03   5.98016E-02   1.02326E-06   9.18404E-01   2.17908E-02 
    9.06554E-07   1.89438E-06   1.00000E+00
   1.33300E+03   5.98016E-02   1.02326E-06   9.18404E-01   2.17908E-02 
    9.06554E-07   1.89438E-06   1.00000E+00
   1.34300E+03   5.98016E-02   1.02326E-06   9.18404E-01   2.17908E-02 
    9.06554E-07   1.89438E-06   1.00000E+00
   1.35300E+03   5.98016E-02   1.02326E-06   9.18404E-01   2.17908E-02 
    9.06554E-07   1.89438E-06   1.00000E+00
   1.36300E+03   5.98016E-02   1.02326E-06   9.18404E-01   2.17908E-02 
    9.06554E-07   1.89438E-06   1.00000E+00
   1.37300E+03   5.98016E-02   1.02326E-06   9.18404E-01   2.17908E-02 
    9.06554E-07   1.89438E-06   1.00000E+00
   1.38300E+03   5.98016E-02   1.02326E-06   9.18404E-01   2.17908E-02 
    9.06554E-07   1.89438E-06   1.00000E+00
   1.39300E+03   5.98016E-02   1.02326E-06   9.18404E-01   2.17908E-02 
    9.06554E-07   1.89438E-06   1.00000E+00
   1.40300E+03   5.98016E-02   1.02326E-06   9.18404E-01   2.17908E-02 
    9.06554E-07   1.89438E-06   1.00000E+00
   1.41300E+03   5.98016E-02   1.02326E-06   9.18404E-01   2.17908E-02 
    9.06554E-07   1.89438E-06   1.00000E+00
   1.42300E+03   5.98016E-02   1.02326E-06   9.18404E-01   2.17908E-02 
    9.06554E-07   1.89438E-06   1.00000E+00
   1.43300E+03   5.98016E-02   1.02326E-06   9.18404E-01   2.17908E-02 
    9.06554E-07   1.89438E-06   1.00000E+00
   1.44300E+03   5.98016E-02   1.02326E-06   9.18404E-01   2.17908E-02 
    9.06554E-07   1.89438E-06   1.00000E+00
   1.45300E+03   5.98016E-02   1.02326E-06   9.18404E-01   2.17908E-02 
    9.06554E-07   1.89438E-06   1.00000E+00
   1.46300E+03   5.98016E-02   1.02326E-06   9.18404E-01   2.17908E-02 
    9.06554E-07   1.89438E-06   1.00000E+00
   1.47300E+03   5.98016E-02   1.02326E-06   9.18404E-01   2.17908E-02 
    9.06554E-07   1.89438E-06   1.00000E+00

 Phase Region for:
     CEMENTITE                     
     FCC_A1#1                      
 col-1=T, col-2=X(CEMENTITE,C), col-3=X(CEMENTITE,CR), col-4=X(CEMENTITE,FE),
   col-5=X(CEMENTITE,MN), col-6=X(CEMENTITE,NI), col-7=X(CEMENTITE,SI),
   col-8=X(FCC_A1#1,C), col-9=X(FCC_A1#1,CR), col-10=X(FCC_A1#1,FE),
   col-11=X(FCC_A1#1,MN), col-12=X(FCC_A1#1,NI), col-13=X(FCC_A1#1,SI),
   col-14=NP(CEMENTITE), col-15=NP(FCC_A1#1),
   1.17300E+03   2.50000E-01   5.07602E-06   7.13090E-01   3.69051E-02 
    1.42010E-07   0.00000E+00   5.41496E-02   9.02832E-07   9.24505E-01 
    2.13416E-02   9.29274E-07   1.95068E-06   2.88587E-02   9.71141E-01
   1.16300E+03   2.50000E-01   5.08367E-06   7.12878E-01   3.71165E-02 
    1.39624E-07   0.00000E+00   5.28919E-02   8.75754E-07   9.25870E-01 
    2.12340E-02   9.34416E-07   1.96321E-06   3.50555E-02   9.64945E-01
   1.15300E+03   2.50000E-01   5.09006E-06   7.12662E-01   3.73324E-02 
    1.37240E-07   0.00000E+00   5.16434E-02   8.48828E-07   9.27229E-01 
    2.11241E-02   9.39553E-07   1.97564E-06   4.11288E-02   9.58871E-01
   1.14300E+03   2.50000E-01   5.09516E-06   7.12442E-01   3.75529E-02 
    1.34856E-07   0.00000E+00   5.04042E-02   8.22080E-07   9.28580E-01 
    2.10120E-02   9.44683E-07   1.98798E-06   4.70819E-02   9.52918E-01
   1.13300E+03   2.50000E-01   5.09899E-06   7.12217E-01   3.77780E-02 
    1.32475E-07   0.00000E+00   4.91743E-02   7.95536E-07   9.29924E-01 
    2.08975E-02   9.49806E-07   2.00023E-06   5.29177E-02   9.47082E-01
   1.12300E+03   2.50000E-01   5.10155E-06   7.11987E-01   3.80079E-02 
    1.30095E-07   0.00000E+00   4.79538E-02   7.69221E-07   9.31262E-01 
    2.07806E-02   9.54921E-07   2.01239E-06   5.86390E-02   9.41361E-01
   1.11300E+03   2.50000E-01   5.10285E-06   7.11752E-01   3.82424E-02 
    1.27718E-07   0.00000E+00   4.67426E-02   7.43162E-07   9.32592E-01 
    2.06612E-02   9.60029E-07   2.02445E-06   6.42484E-02   9.35752E-01
   1.10300E+03   2.50000E-01   5.10289E-06   7.11513E-01   3.84818E-02 
    1.25344E-07   0.00000E+00   4.55409E-02   7.17383E-07   9.33916E-01 
    2.05393E-02   9.65128E-07   2.03642E-06   6.97485E-02   9.30252E-01
   1.09300E+03   2.50000E-01   5.10168E-06   7.11269E-01   3.87261E-02 
    1.22972E-07   0.00000E+00   4.43486E-02   6.91908E-07   9.35233E-01 
    2.04148E-02   9.70218E-07   2.04830E-06   7.51414E-02   9.24859E-01
   1.08300E+03   2.50000E-01   5.09924E-06   7.11019E-01   3.89754E-02 
    1.20605E-07   0.00000E+00   4.31660E-02   6.66762E-07   9.36543E-01 
    2.02877E-02   9.75297E-07   2.06008E-06   8.04296E-02   9.19570E-01
   1.07300E+03   2.50000E-01   5.09559E-06   7.10765E-01   3.92296E-02 
    1.18241E-07   0.00000E+00   4.19931E-02   6.41968E-07   9.37845E-01 
    2.01579E-02   9.80365E-07   2.07176E-06   8.56149E-02   9.14385E-01
   1.06300E+03   2.50000E-01   5.09076E-06   7.10506E-01   3.94890E-02 
    1.15881E-07   0.00000E+00   4.08300E-02   6.17547E-07   9.39141E-01 
    2.00254E-02   9.85421E-07   2.08334E-06   9.06995E-02   9.09301E-01
   1.05300E+03   2.50000E-01   5.08476E-06   7.10241E-01   3.97535E-02 
    1.13527E-07   0.00000E+00   3.96768E-02   5.93521E-07   9.40429E-01 
    1.98901E-02   9.90464E-07   2.09483E-06   9.56850E-02   9.04315E-01
   1.04300E+03   2.50000E-01   5.07762E-06   7.09972E-01   4.00232E-02 
    1.11178E-07   0.00000E+00   3.85337E-02   5.69910E-07   9.41711E-01 
    1.97520E-02   9.95493E-07   2.10621E-06   1.00573E-01   8.99427E-01
   1.03300E+03   2.50000E-01   5.06937E-06   7.09697E-01   4.02977E-02 
    1.08835E-07   0.00000E+00   3.74010E-02   5.46736E-07   9.42984E-01 
    1.96111E-02   1.00051E-06   2.11750E-06   1.05365E-01   8.94635E-01
   1.02300E+03   2.50000E-01   5.06005E-06   7.09417E-01   4.05782E-02 
    1.06498E-07   0.00000E+00   3.62786E-02   5.24012E-07   9.44251E-01 
    1.94672E-02   1.00550E-06   2.12867E-06   1.10064E-01   8.89936E-01
   1.01300E+03   2.50000E-01   5.04969E-06   7.09131E-01   4.08641E-02 
    1.04168E-07   0.00000E+00   3.51669E-02   5.01758E-07   9.45509E-01 
    1.93204E-02   1.01048E-06   2.13975E-06   1.14669E-01   8.85331E-01
   1.00300E+03   2.50000E-01   5.03833E-06   7.08839E-01   4.11556E-02 
    1.01845E-07   0.00000E+00   3.40660E-02   4.79990E-07   9.46760E-01 
    1.91705E-02   1.01544E-06   2.15071E-06   1.19183E-01   8.80817E-01
   9.93000E+02   2.50000E-01   5.02601E-06   7.08542E-01   4.14527E-02 
    9.95293E-08   0.00000E+00   3.29761E-02   4.58721E-07   9.48003E-01 
    1.90177E-02   1.02038E-06   2.16157E-06   1.23606E-01   8.76394E-01
   9.83000E+02   2.50000E-01   5.01278E-06   7.08239E-01   4.17555E-02 
    9.72223E-08   0.00000E+00   3.18976E-02   4.37965E-07   9.49237E-01 
    1.88617E-02   1.02529E-06   2.17231E-06   1.27940E-01   8.72060E-01
   9.82237E+02   2.50000E-01   5.01173E-06   7.08216E-01   4.17789E-02 
    9.70465E-08   0.00000E+00   3.18158E-02   4.36401E-07   9.49331E-01 
    1.88497E-02   1.02567E-06   2.17312E-06   1.28267E-01   8.71733E-01

 Phase Region for:
     BCC_A2                        
     CEMENTITE                     
     FCC_A1#1                      
 col-1=T, col-2=X(BCC_A2,C), col-3=X(BCC_A2,CR), col-4=X(BCC_A2,FE),
   col-5=X(BCC_A2,MN), col-6=X(BCC_A2,NI), col-7=X(BCC_A2,SI),
   col-8=X(CEMENTITE,C), col-9=X(CEMENTITE,CR), col-10=X(CEMENTITE,FE),
   col-11=X(CEMENTITE,MN), col-12=X(CEMENTITE,NI), col-13=X(CEMENTITE,SI),
   col-14=X(FCC_A1#1,C), col-15=X(FCC_A1#1,CR), col-16=X(FCC_A1#1,FE),
   col-17=X(FCC_A1#1,MN), col-18=X(FCC_A1#1,NI), col-19=X(FCC_A1#1,SI),
   col-20=NP(BCC_A2), col-21=NP(CEMENTITE), col-22=NP(FCC_A1#1),
   9.82237E+02   6.53111E-04   2.06918E-07   9.94430E-01   4.91270E-03 
    4.25848E-07   3.53332E-06   2.50000E-01   5.01171E-06   7.08216E-01 
    4.17791E-02   9.70473E-08   0.00000E+00   3.18158E-02   4.36399E-07 
    9.49331E-01   1.88498E-02   1.02568E-06   2.17311E-06   1.15606E-05 
    1.28269E-01   8.71720E-01
   9.73000E+02   5.53840E-04   1.59001E-07   9.92126E-01   7.31603E-03 
    9.44191E-07   2.54401E-06   2.50000E-01   3.89497E-06   6.86863E-01 
    6.31333E-02   2.12951E-07   0.00000E+00   3.04680E-02   3.31826E-07 
    9.41012E-01   2.85156E-02   2.47785E-06   1.69811E-06   6.88637E-01 
    2.27455E-01   8.39086E-02
   9.71350E+02   5.37557E-04   1.55173E-07   9.91726E-01   7.73240E-03 
    1.11109E-06   2.48466E-06   2.50000E-01   3.80927E-06   6.83087E-01 
    6.69089E-02   2.50139E-07   0.00000E+00   3.02290E-02   3.23246E-07 
    9.39541E-01   3.02250E-02   2.96110E-06   1.68208E-06   7.62433E-01 
    2.37567E-01   0.00000E+00

 Phase Region for:
     BCC_A2                        
     CEMENTITE                     
 col-1=T, col-2=X(BCC_A2,C), col-3=X(BCC_A2,CR), col-4=X(BCC_A2,FE),
   col-5=X(BCC_A2,MN), col-6=X(BCC_A2,NI), col-7=X(BCC_A2,SI),
   col-8=X(CEMENTITE,C), col-9=X(CEMENTITE,CR), col-10=X(CEMENTITE,FE),
   col-11=X(CEMENTITE,MN), col-12=X(CEMENTITE,NI), col-13=X(CEMENTITE,SI),
   col-14=NP(BCC_A2), col-15=NP(CEMENTITE),
   9.71350E+02   5.37557E-04   1.55173E-07   9.91726E-01   7.73240E-03 
    1.11109E-06   2.48466E-06   2.50000E-01   3.80927E-06   6.83087E-01 
    6.69089E-02   2.50139E-07   0.00000E+00   7.62433E-01   2.37567E-01  NONE
   9.63000E+02   4.89286E-04   1.49015E-07   9.92101E-01   7.40560E-03 
    1.11072E-06   2.48514E-06   2.50000E-01   3.82675E-06   6.82076E-01 
    6.79201E-02   2.51850E-07   0.00000E+00   7.62286E-01   2.37714E-01  NONE
   9.53000E+02   4.36632E-04   1.41812E-07   9.92532E-01   7.02776E-03 
    1.11028E-06   2.48566E-06   2.50000E-01   3.84734E-06   6.80906E-01 
    6.90897E-02   2.53836E-07   0.00000E+00   7.62125E-01   2.37875E-01  NONE
   9.43000E+02   3.89111E-04   1.34797E-07   9.92943E-01   6.66407E-03 
    1.10984E-06   2.48613E-06   2.50000E-01   3.86754E-06   6.79780E-01 
    7.02162E-02   2.55756E-07   0.00000E+00   7.61980E-01   2.38020E-01  NONE
   9.33000E+02   3.46255E-04   1.27969E-07   9.93336E-01   6.31401E-03 
    1.10941E-06   2.48656E-06   2.50000E-01   3.88733E-06   6.78695E-01 
    7.13011E-02   2.57617E-07   0.00000E+00   7.61849E-01   2.38151E-01  NONE
   9.23000E+02   3.07643E-04   1.21329E-07   9.93712E-01   5.97711E-03 
    1.10898E-06   2.48695E-06   2.50000E-01   3.90670E-06   6.77650E-01 
    7.23461E-02   2.59420E-07   0.00000E+00   7.61731E-01   2.38269E-01  NONE
   9.13000E+02   2.72888E-04   1.14878E-07   9.94070E-01   5.65294E-03 
    1.10855E-06   2.48729E-06   2.50000E-01   3.92563E-06   6.76644E-01 
    7.33523E-02   2.61170E-07   0.00000E+00   7.61625E-01   2.38375E-01  NONE
   9.03000E+02   2.41640E-04   1.08617E-07   9.94414E-01   5.34110E-03 
    1.10812E-06   2.48760E-06   2.50000E-01   3.94410E-06   6.75675E-01 
    7.43211E-02   2.62868E-07   0.00000E+00   7.61530E-01   2.38470E-01  NONE
   8.93000E+02   2.13578E-04   1.02548E-07   9.94741E-01   5.04126E-03 
    1.10770E-06   2.48788E-06   2.50000E-01   3.96209E-06   6.74742E-01 
    7.52534E-02   2.64519E-07   0.00000E+00   7.61444E-01   2.38556E-01  NONE
   8.83000E+02   1.88411E-04   9.66715E-08   9.95055E-01   4.75308E-03 
    1.10728E-06   2.48813E-06   2.50000E-01   3.97960E-06   6.73845E-01 
    7.61503E-02   2.66123E-07   0.00000E+00   7.61368E-01   2.38632E-01  NONE
   8.73000E+02   1.65872E-04   9.09891E-08   9.95354E-01   4.47627E-03 
    1.10687E-06   2.48836E-06   2.50000E-01   3.99661E-06   6.72983E-01 
    7.70126E-02   2.67682E-07   0.00000E+00   7.61299E-01   2.38701E-01  NONE
   8.63000E+02   1.45718E-04   8.55017E-08   9.95640E-01   4.21055E-03 
    1.10646E-06   2.48856E-06   2.50000E-01   4.01310E-06   6.72155E-01 
    7.78411E-02   2.69198E-07   0.00000E+00   7.61237E-01   2.38763E-01  NONE
   8.53000E+02   1.27724E-04   8.02104E-08   9.95913E-01   3.95568E-03 
    1.10606E-06   2.48874E-06   2.50000E-01   4.02906E-06   6.71359E-01 
    7.86365E-02   2.70671E-07   0.00000E+00   7.61183E-01   2.38817E-01  NONE
   8.43000E+02   1.11688E-04   7.51158E-08   9.96173E-01   3.71140E-03 
    1.10566E-06   2.48890E-06   2.50000E-01   4.04449E-06   6.70596E-01 
    7.93996E-02   2.72102E-07   0.00000E+00   7.61134E-01   2.38866E-01  NONE
   8.33000E+02   9.74238E-05   7.02184E-08   9.96421E-01   3.47749E-03 
    1.10528E-06   2.48904E-06   2.50000E-01   4.05937E-06   6.69865E-01 
    8.01310E-02   2.73492E-07   0.00000E+00   7.61090E-01   2.38910E-01  NONE
   8.23000E+02   8.47597E-05   6.55183E-08   9.96658E-01   3.25373E-03 
    1.10489E-06   2.48917E-06   2.50000E-01   4.07369E-06   6.69164E-01 
    8.08313E-02   2.74840E-07   0.00000E+00   7.61052E-01   2.38948E-01  NONE
   8.13000E+02   7.35402E-05   6.10154E-08   9.96883E-01   3.03990E-03 
    1.10452E-06   2.48928E-06   2.50000E-01   4.08746E-06   6.68494E-01 
    8.15012E-02   2.76148E-07   0.00000E+00   7.61018E-01   2.38982E-01  NONE
   8.03000E+02   6.36228E-05   5.67091E-08   9.97097E-01   2.83580E-03 
    1.10416E-06   2.48938E-06   2.50000E-01   4.10066E-06   6.67855E-01 
    8.21411E-02   2.77413E-07   0.00000E+00   7.60987E-01   2.39013E-01  NONE
   7.93000E+02   5.48770E-05   5.25985E-08   9.97300E-01   2.64120E-03 
    1.10380E-06   2.48946E-06   2.50000E-01   4.11330E-06   6.67244E-01 
    8.27517E-02   2.78637E-07   0.00000E+00   7.60961E-01   2.39039E-01  NONE
   7.83000E+02   4.71839E-05   4.86823E-08   9.97493E-01   2.45592E-03 
    1.10346E-06   2.48954E-06   2.50000E-01   4.12536E-06   6.66662E-01 
    8.33337E-02   2.79818E-07   0.00000E+00   7.60937E-01   2.39063E-01  NONE
   7.73000E+02   4.04346E-05   4.49587E-08   9.97676E-01   2.27972E-03 
    1.10312E-06   2.48961E-06   2.50000E-01   4.13687E-06   6.66108E-01 
    8.38875E-02   2.80954E-07   0.00000E+00   7.60917E-01   2.39083E-01  NONE
   7.63000E+02   3.45301E-05   4.14256E-08   9.97849E-01   2.11242E-03 
    1.10280E-06   2.48967E-06   2.50000E-01   4.14780E-06   6.65582E-01 
    8.44137E-02   2.82046E-07   0.00000E+00   7.60899E-01   2.39101E-01  NONE
   7.53000E+02   2.93800E-05   3.80804E-08   9.98013E-01   1.95379E-03 
    1.10249E-06   2.48972E-06   2.50000E-01   4.15818E-06   6.65082E-01 
    8.49131E-02   2.83092E-07   0.00000E+00   7.60883E-01   2.39117E-01  NONE
