
 Phase Region for:
     CEMENTITE                     
     FCC_A1#1                      
 col-1=T, col-2=W(CEMENTITE,C), col-3=W(CEMENTITE,CR), col-4=W(CEMENTITE,FE),
   col-5=W(CEMENTITE,MN), col-6=W(CEMENTITE,NI), col-7=W(CEMENTITE,SI),
   col-8=W(FCC_A1#1,C), col-9=W(FCC_A1#1,CR), col-10=W(FCC_A1#1,FE),
   col-11=W(FCC_A1#1,MN), col-12=W(FCC_A1#1,NI), col-13=W(FCC_A1#1,SI),
   col-14=NP(CEMENTITE), col-15=NP(FCC_A1#1),
   1.17300E+03   6.75781E-02   1.32014E-01   7.69281E-01   3.00624E-02 
    1.06435E-03   0.00000E+00   8.42680E-03   2.04298E-02   9.16637E-01 
    2.17908E-02   8.10456E-03   2.46111E-02   1.00393E-01   8.99607E-01
   1.18300E+03   6.75763E-02   1.31701E-01   7.69765E-01   2.98703E-02 
    1.08732E-03   0.00000E+00   8.71720E-03   2.10050E-02   9.15871E-01 
    2.18484E-02   8.06799E-03   2.44903E-02   9.51139E-02   9.04886E-01
   1.19300E+03   6.75745E-02   1.31392E-01   7.70239E-01   2.96845E-02 
    1.11042E-03   0.00000E+00   9.01333E-03   2.15873E-02   9.15097E-01 
    2.19042E-02   8.03097E-03   2.43671E-02   8.96765E-02   9.10324E-01
   1.20300E+03   6.75727E-02   1.31086E-01   7.70703E-01   2.95049E-02 
    1.13367E-03   0.00000E+00   9.31522E-03   2.21768E-02   9.14315E-01 
    2.19582E-02   7.99351E-03   2.42416E-02   8.40763E-02   9.15924E-01
   1.21300E+03   6.75709E-02   1.30784E-01   7.71157E-01   2.93312E-02 
    1.15706E-03   0.00000E+00   9.62290E-03   2.27734E-02   9.13524E-01 
    2.20104E-02   7.95562E-03   2.41136E-02   7.83085E-02   9.21691E-01
   1.22300E+03   6.75692E-02   1.30487E-01   7.71600E-01   2.91635E-02 
    1.18057E-03   0.00000E+00   9.93642E-03   2.33771E-02   9.12725E-01 
    2.20611E-02   7.91730E-03   2.39832E-02   7.23680E-02   9.27632E-01
   1.23300E+03   6.75675E-02   1.30195E-01   7.72032E-01   2.90015E-02 
    1.20421E-03   0.00000E+00   1.02558E-02   2.39881E-02   9.11917E-01 
    2.21102E-02   7.87856E-03   2.38503E-02   6.62492E-02   9.33751E-01
   1.24300E+03   6.75658E-02   1.29907E-01   7.72454E-01   2.88452E-02 
    1.22796E-03   0.00000E+00   1.05811E-02   2.46063E-02   9.11101E-01 
    2.21577E-02   7.83940E-03   2.37150E-02   5.99466E-02   9.40053E-01
   1.25300E+03   6.75642E-02   1.29626E-01   7.72863E-01   2.86945E-02 
    1.25184E-03   0.00000E+00   1.09124E-02   2.52317E-02   9.10275E-01 
    2.22038E-02   7.79983E-03   2.35771E-02   5.34540E-02   9.46546E-01
   1.26300E+03   6.75626E-02   1.29351E-01   7.73261E-01   2.85492E-02 
    1.27582E-03   0.00000E+00   1.12497E-02   2.58646E-02   9.09441E-01 
    2.22485E-02   7.75986E-03   2.34368E-02   4.67651E-02   9.53235E-01
   1.27300E+03   6.75610E-02   1.29083E-01   7.73647E-01   2.84093E-02 
    1.29992E-03   0.00000E+00   1.15930E-02   2.65049E-02   9.08597E-01 
    2.22918E-02   7.71948E-03   2.32939E-02   3.98733E-02   9.60127E-01
   1.28300E+03   6.75595E-02   1.28821E-01   7.74020E-01   2.82747E-02 
    1.32411E-03   0.00000E+00   1.19425E-02   2.71528E-02   9.07744E-01 
    2.23339E-02   7.67871E-03   2.31485E-02   3.27715E-02   9.67229E-01
   1.29300E+03   6.75580E-02   1.28568E-01   7.74380E-01   2.81454E-02 
    1.34840E-03   0.00000E+00   1.22981E-02   2.78084E-02   9.06881E-01 
    2.23747E-02   7.63754E-03   2.30005E-02   2.54522E-02   9.74548E-01
   1.30300E+03   6.75566E-02   1.28323E-01   7.74727E-01   2.80211E-02 
    1.37279E-03   0.00000E+00   1.26599E-02   2.84719E-02   9.06008E-01 
    2.24144E-02   7.59599E-03   2.28499E-02   1.79075E-02   9.82092E-01
   1.31300E+03   6.75552E-02   1.28086E-01   7.75059E-01   2.79020E-02 
    1.39726E-03   0.00000E+00   1.30280E-02   2.91435E-02   9.05125E-01 
    2.24531E-02   7.55405E-03   2.26967E-02   1.01292E-02   9.89871E-01
   1.32300E+03   6.75539E-02   1.27859E-01   7.75377E-01   2.77879E-02 
    1.42181E-03   0.00000E+00   1.34024E-02   2.98234E-02   9.04231E-01 
    2.24907E-02   7.51172E-03   2.25409E-02   2.10824E-03   9.97892E-01
   1.32558E+03   6.75536E-02   1.27802E-01   7.75457E-01   2.77593E-02 
    1.42815E-03   0.00000E+00   1.35000E-02   3.00000E-02   9.03999E-01 
    2.25003E-02   7.50075E-03   2.25002E-02   0.00000E+00   1.00000E+00

 Phase Region for:
     FCC_A1#1                      
 col-1=T, col-2=W(FCC_A1#1,C), col-3=W(FCC_A1#1,CR), col-4=W(FCC_A1#1,FE),
   col-5=W(FCC_A1#1,MN), col-6=W(FCC_A1#1,NI), col-7=W(FCC_A1#1,SI),
   col-8=NP(FCC_A1#1),
   1.32558E+03   1.35000E-02   3.00000E-02   9.03999E-01   2.25003E-02 
    7.50075E-03   2.25002E-02   1.00000E+00
   1.33300E+03   1.35000E-02   3.00000E-02   9.03999E-01   2.25003E-02 
    7.50075E-03   2.25002E-02   1.00000E+00
   1.34300E+03   1.35000E-02   3.00000E-02   9.03999E-01   2.25003E-02 
    7.50075E-03   2.25002E-02   1.00000E+00
   1.35300E+03   1.35000E-02   3.00000E-02   9.03999E-01   2.25003E-02 
    7.50075E-03   2.25002E-02   1.00000E+00
   1.36300E+03   1.35000E-02   3.00000E-02   9.03999E-01   2.25003E-02 
    7.50075E-03   2.25002E-02   1.00000E+00
   1.37300E+03   1.35000E-02   3.00000E-02   9.03999E-01   2.25003E-02 
    7.50075E-03   2.25002E-02   1.00000E+00
   1.38300E+03   1.35000E-02   3.00000E-02   9.03999E-01   2.25003E-02 
    7.50075E-03   2.25002E-02   1.00000E+00
   1.39300E+03   1.35000E-02   3.00000E-02   9.03999E-01   2.25003E-02 
    7.50075E-03   2.25002E-02   1.00000E+00
   1.40300E+03   1.35000E-02   3.00000E-02   9.03999E-01   2.25003E-02 
    7.50075E-03   2.25002E-02   1.00000E+00
   1.41300E+03   1.35000E-02   3.00000E-02   9.03999E-01   2.25003E-02 
    7.50075E-03   2.25002E-02   1.00000E+00
   1.42300E+03   1.35000E-02   3.00000E-02   9.03999E-01   2.25003E-02 
    7.50075E-03   2.25002E-02   1.00000E+00
   1.43300E+03   1.35000E-02   3.00000E-02   9.03999E-01   2.25003E-02 
    7.50075E-03   2.25002E-02   1.00000E+00
   1.44300E+03   1.35000E-02   3.00000E-02   9.03999E-01   2.25003E-02 
    7.50075E-03   2.25002E-02   1.00000E+00
   1.45300E+03   1.35000E-02   3.00000E-02   9.03999E-01   2.25003E-02 
    7.50075E-03   2.25002E-02   1.00000E+00
   1.46300E+03   1.35000E-02   3.00000E-02   9.03999E-01   2.25003E-02 
    7.50075E-03   2.25002E-02   1.00000E+00
   1.47300E+03   1.35000E-02   3.00000E-02   9.03999E-01   2.25003E-02 
    7.50075E-03   2.25002E-02   1.00000E+00

 Phase Region for:
     CEMENTITE                     
     FCC_A1#1                      
 col-1=T, col-2=W(CEMENTITE,C), col-3=W(CEMENTITE,CR), col-4=W(CEMENTITE,FE),
   col-5=W(CEMENTITE,MN), col-6=W(CEMENTITE,NI), col-7=W(CEMENTITE,SI),
   col-8=W(FCC_A1#1,C), col-9=W(FCC_A1#1,CR), col-10=W(FCC_A1#1,FE),
   col-11=W(FCC_A1#1,MN), col-12=W(FCC_A1#1,NI), col-13=W(FCC_A1#1,SI),
   col-14=NP(CEMENTITE), col-15=NP(FCC_A1#1),
   1.17300E+03   6.75781E-02   1.32014E-01   7.69281E-01   3.00624E-02 
    1.06435E-03   0.00000E+00   8.42680E-03   2.04298E-02   9.16637E-01 
    2.17908E-02   8.10456E-03   2.46111E-02   1.00393E-01   8.99607E-01
   1.16300E+03   6.75800E-02   1.32330E-01   7.68788E-01   3.02608E-02 
    1.04153E-03   0.00000E+00   8.14208E-03   1.98618E-02   9.17395E-01 
    2.17314E-02   8.14069E-03   2.47294E-02   1.05519E-01   8.94481E-01
   1.15300E+03   6.75819E-02   1.32648E-01   7.68285E-01   3.04658E-02 
    1.01887E-03   0.00000E+00   7.86303E-03   1.93010E-02   9.18144E-01 
    2.16700E-02   8.17636E-03   2.48455E-02   1.10496E-01   8.89504E-01
   1.14300E+03   6.75838E-02   1.32968E-01   7.67774E-01   3.06776E-02 
    9.96356E-04   0.00000E+00   7.58959E-03   1.87474E-02   9.18886E-01 
    2.16066E-02   8.21157E-03   2.49591E-02   1.15327E-01   8.84673E-01
   1.13300E+03   6.75857E-02   1.33291E-01   7.67253E-01   3.08962E-02 
    9.74008E-04   0.00000E+00   7.32176E-03   1.82010E-02   9.19619E-01 
    2.15412E-02   8.24630E-03   2.50705E-02   1.20017E-01   8.79983E-01
   1.12300E+03   6.75876E-02   1.33615E-01   7.66724E-01   3.11218E-02 
    9.51825E-04   0.00000E+00   7.05948E-03   1.76620E-02   9.20345E-01 
    2.14736E-02   8.28057E-03   2.51795E-02   1.24570E-01   8.75430E-01
   1.11300E+03   6.75896E-02   1.33940E-01   7.66186E-01   3.13546E-02 
    9.29811E-04   0.00000E+00   6.80274E-03   1.71304E-02   9.21062E-01 
    2.14039E-02   8.31435E-03   2.52862E-02   1.28988E-01   8.71012E-01
   1.10300E+03   6.75915E-02   1.34266E-01   7.65640E-01   3.15949E-02 
    9.07971E-04   0.00000E+00   6.55149E-03   1.66062E-02   9.21772E-01 
    2.13320E-02   8.34765E-03   2.53906E-02   1.33275E-01   8.66725E-01
   1.09300E+03   6.75935E-02   1.34593E-01   7.65085E-01   3.18427E-02 
    8.86309E-04   0.00000E+00   6.30573E-03   1.60895E-02   9.22474E-01 
    2.12577E-02   8.38045E-03   2.54927E-02   1.37436E-01   8.62564E-01
   1.08300E+03   6.75954E-02   1.34920E-01   7.64522E-01   3.20982E-02 
    8.64829E-04   0.00000E+00   6.06540E-03   1.55804E-02   9.23168E-01 
    2.11812E-02   8.41276E-03   2.55926E-02   1.41471E-01   8.58529E-01
   1.07300E+03   6.75974E-02   1.35247E-01   7.63951E-01   3.23618E-02 
    8.43535E-04   0.00000E+00   5.83049E-03   1.50790E-02   9.23854E-01 
    2.11022E-02   8.44456E-03   2.56902E-02   1.45386E-01   8.54614E-01
   1.06300E+03   6.75994E-02   1.35574E-01   7.63371E-01   3.26335E-02 
    8.22431E-04   0.00000E+00   5.60097E-03   1.45853E-02   9.24532E-01 
    2.10207E-02   8.47585E-03   2.57855E-02   1.49182E-01   8.50818E-01
   1.05300E+03   6.76014E-02   1.35900E-01   7.62783E-01   3.29137E-02 
    8.01521E-04   0.00000E+00   5.37680E-03   1.40994E-02   9.25202E-01 
    2.09367E-02   8.50662E-03   2.58786E-02   1.52863E-01   8.47137E-01
   1.04300E+03   6.76034E-02   1.36226E-01   7.62188E-01   3.32024E-02 
    7.80810E-04   0.00000E+00   5.15796E-03   1.36214E-02   9.25864E-01 
    2.08501E-02   8.53688E-03   2.59695E-02   1.56430E-01   8.43570E-01
   1.03300E+03   6.76054E-02   1.36550E-01   7.61584E-01   3.35001E-02 
    7.60300E-04   0.00000E+00   4.94442E-03   1.31514E-02   9.26519E-01 
    2.07609E-02   8.56660E-03   2.60582E-02   1.59888E-01   8.40112E-01
   1.03282E+03   6.76054E-02   1.36556E-01   7.61573E-01   3.35056E-02 
    7.59931E-04   0.00000E+00   4.94061E-03   1.31430E-02   9.26530E-01 
    2.07592E-02   8.56714E-03   2.60598E-02   1.59949E-01   8.40051E-01

 Phase Region for:
     BCC_A2                        
     CEMENTITE                     
     FCC_A1#1                      
 col-1=T, col-2=W(BCC_A2,C), col-3=W(BCC_A2,CR), col-4=W(BCC_A2,FE),
   col-5=W(BCC_A2,MN), col-6=W(BCC_A2,NI), col-7=W(BCC_A2,SI),
   col-8=W(CEMENTITE,C), col-9=W(CEMENTITE,CR), col-10=W(CEMENTITE,FE),
   col-11=W(CEMENTITE,MN), col-12=W(CEMENTITE,NI), col-13=W(CEMENTITE,SI),
   col-14=W(FCC_A1#1,C), col-15=W(FCC_A1#1,CR), col-16=W(FCC_A1#1,FE),
   col-17=W(FCC_A1#1,MN), col-18=W(FCC_A1#1,NI), col-19=W(FCC_A1#1,SI),
   col-20=NP(BCC_A2), col-21=NP(CEMENTITE), col-22=NP(FCC_A1#1),
   1.03282E+03   1.33501E-04   8.60167E-03   9.46276E-01   8.64323E-03 
    4.05105E-03   3.22945E-02   6.76054E-02   1.36556E-01   7.61573E-01 
    3.35056E-02   7.59932E-04   0.00000E+00   4.94060E-03   1.31430E-02 
    9.26530E-01   2.07593E-02   8.56715E-03   2.60597E-02   2.53365E-06 
    1.59949E-01   8.40048E-01
   1.02300E+03   1.20866E-04   7.96026E-03   9.46846E-01   9.45455E-03 
    4.70061E-03   3.09179E-02   6.75911E-02   1.32575E-01   7.60273E-01 
    3.86813E-02   8.79969E-04   0.00000E+00   4.79629E-03   1.21812E-02 
    9.24248E-01   2.34623E-02   1.03159E-02   2.49961E-02   2.29190E-01 
    1.83071E-01   5.87739E-01
   1.01300E+03   1.08308E-04   7.41777E-03   9.46821E-01   1.03029E-02 
    5.50675E-03   2.98433E-02   6.75821E-02   1.29571E-01   7.57385E-01 
    4.44328E-02   1.02938E-03   0.00000E+00   4.62439E-03   1.13355E-02 
    9.20756E-01   2.64837E-02   1.25932E-02   2.42075E-02   4.19694E-01 
    2.01756E-01   3.78550E-01
   1.00300E+03   9.63010E-05   6.96788E-03   9.46314E-01   1.11044E-02 
    6.45638E-03   2.90608E-02   6.75781E-02   1.27559E-01   7.53252E-01 
    5.04053E-02   1.20581E-03   0.00000E+00   4.43073E-03   1.06048E-02 
    9.16201E-01   2.96519E-02   1.54362E-02   2.36753E-02   5.67333E-01 
    2.15658E-01   2.17009E-01
   9.93000E+02   8.50620E-05   6.58815E-03   9.45483E-01   1.17959E-02 
    7.53488E-03   2.85129E-02   6.75783E-02   1.26391E-01   7.48276E-01 
    5.63481E-02   1.40698E-03   0.00000E+00   4.22076E-03   9.96330E-03 
    9.10729E-01   3.28526E-02   1.88923E-02   2.33424E-02   6.76959E-01 
    2.25420E-01   9.76205E-02
   9.83000E+02   7.47298E-05   6.25691E-03   9.44496E-01   1.23190E-02 
    8.71104E-03   2.81421E-02   6.75815E-02   1.25905E-01   7.42783E-01 
    6.21020E-02   1.62879E-03   0.00000E+00   3.99979E-03   9.38770E-03 
    9.04442E-01   3.60231E-02   2.29869E-02   2.31606E-02   7.55078E-01 
    2.31883E-01   1.30393E-02
   9.80992E+02   7.27618E-05   6.19293E-03   9.44320E-01   1.23803E-02 
    8.94710E-03   2.80865E-02   6.75826E-02   1.25891E-01   7.41590E-01 
    6.32618E-02   1.67509E-03   0.00000E+00   3.95386E-03   9.27950E-03 
    9.03057E-01   3.66747E-02   2.38844E-02   2.31503E-02   7.67172E-01 
    2.32828E-01   0.00000E+00

 Phase Region for:
     BCC_A2                        
     CEMENTITE                     
 col-1=T, col-2=W(BCC_A2,C), col-3=W(BCC_A2,CR), col-4=W(BCC_A2,FE),
   col-5=W(BCC_A2,MN), col-6=W(BCC_A2,NI), col-7=W(BCC_A2,SI),
   col-8=W(CEMENTITE,C), col-9=W(CEMENTITE,CR), col-10=W(CEMENTITE,FE),
   col-11=W(CEMENTITE,MN), col-12=W(CEMENTITE,NI), col-13=W(CEMENTITE,SI),
   col-14=NP(BCC_A2), col-15=NP(CEMENTITE),
   9.80992E+02   7.27618E-05   6.19293E-03   9.44320E-01   1.23803E-02 
    8.94710E-03   2.80865E-02   6.75826E-02   1.25891E-01   7.41590E-01 
    6.32618E-02   1.67509E-03   0.00000E+00   7.67172E-01   2.32828E-01  NONE
   9.73000E+02   6.56915E-05   5.97010E-03   9.44981E-01   1.19490E-02 
    8.94514E-03   2.80888E-02   6.75887E-02   1.26748E-01   7.38996E-01 
    6.49814E-02   1.68542E-03   0.00000E+00   7.67074E-01   2.32926E-01  NONE
   9.63000E+02   5.77315E-05   5.69685E-03   9.45788E-01   1.14233E-02 
    8.94278E-03   2.80913E-02   6.75962E-02   1.27804E-01   7.35825E-01 
    6.70777E-02   1.69752E-03   0.00000E+00   7.66963E-01   2.33037E-01  NONE
   9.53000E+02   5.06619E-05   5.42968E-03   9.46573E-01   1.09125E-02 
    8.94054E-03   2.80935E-02   6.76036E-02   1.28841E-01   7.32732E-01 
    6.91149E-02   1.70880E-03   0.00000E+00   7.66865E-01   2.33135E-01  NONE
   9.43000E+02   4.43897E-05   5.16856E-03   9.47337E-01   1.04161E-02 
    8.93841E-03   2.80953E-02   6.76108E-02   1.29858E-01   7.29716E-01 
    7.10956E-02   1.71931E-03   0.00000E+00   7.66778E-01   2.33222E-01  NONE
   9.33000E+02   3.88313E-05   4.91348E-03   9.48081E-01   9.93362E-03 
    8.93637E-03   2.80969E-02   6.76178E-02   1.30855E-01   7.26776E-01 
    7.30217E-02   1.72915E-03   0.00000E+00   7.66701E-01   2.33299E-01  NONE
   9.23000E+02   3.39115E-05   4.66448E-03   9.48804E-01   9.46452E-03 
    8.93442E-03   2.80983E-02   6.76247E-02   1.31832E-01   7.23910E-01 
    7.48952E-02   1.73836E-03   0.00000E+00   7.66632E-01   2.33368E-01  NONE
   9.13000E+02   2.95627E-05   4.42162E-03   9.49508E-01   9.00848E-03 
    8.93255E-03   2.80994E-02   6.76314E-02   1.32788E-01   7.21117E-01 
    7.67174E-02   1.74701E-03   0.00000E+00   7.66572E-01   2.33428E-01  NONE
   9.03000E+02   2.57239E-05   4.18498E-03   9.50193E-01   8.56518E-03 
    8.93076E-03   2.81003E-02   6.76380E-02   1.33722E-01   7.18396E-01 
    7.84896E-02   1.75514E-03   0.00000E+00   7.66519E-01   2.33481E-01  NONE
   8.93000E+02   2.23404E-05   3.95468E-03   9.50859E-01   8.13439E-03 
    8.92905E-03   2.81010E-02   6.76444E-02   1.34633E-01   7.15747E-01 
    8.02128E-02   1.76279E-03   0.00000E+00   7.66472E-01   2.33528E-01  NONE
   8.83000E+02   1.93629E-05   3.73084E-03   9.51505E-01   7.71591E-03 
    8.92740E-03   2.81016E-02   6.76506E-02   1.35521E-01   7.13171E-01 
    8.18877E-02   1.77000E-03   0.00000E+00   7.66431E-01   2.33569E-01  NONE
   8.73000E+02   1.67470E-05   3.51356E-03   9.52132E-01   7.30959E-03 
    8.92582E-03   2.81021E-02   6.76567E-02   1.36385E-01   7.10667E-01 
    8.35148E-02   1.77681E-03   0.00000E+00   7.66394E-01   2.33606E-01  NONE
   8.63000E+02   1.44527E-05   3.30298E-03   9.52740E-01   6.91535E-03 
    8.92431E-03   2.81024E-02   6.76625E-02   1.37224E-01   7.08235E-01 
    8.50945E-02   1.78325E-03   0.00000E+00   7.66363E-01   2.33637E-01  NONE
   8.53000E+02   1.24442E-05   3.09923E-03   9.53330E-01   6.53311E-03 
    8.92286E-03   2.81027E-02   6.76683E-02   1.38038E-01   7.05878E-01 
    8.66269E-02   1.78933E-03   0.00000E+00   7.66335E-01   2.33665E-01  NONE
   8.43000E+02   1.06893E-05   2.90241E-03   9.53900E-01   6.16284E-03 
    8.92147E-03   2.81028E-02   6.76738E-02   1.38825E-01   7.03594E-01 
    8.81121E-02   1.79507E-03   0.00000E+00   7.66310E-01   2.33690E-01  NONE
   8.33000E+02   9.15901E-06   2.71265E-03   9.54451E-01   5.80453E-03 
    8.92014E-03   2.81029E-02   6.76791E-02   1.39586E-01   7.01384E-01 
    8.95501E-02   1.80049E-03   0.00000E+00   7.66289E-01   2.33711E-01  NONE
   8.23000E+02   7.82742E-06   2.53004E-03   9.54982E-01   5.45820E-03 
    8.91887E-03   2.81029E-02   6.76843E-02   1.40319E-01   6.99251E-01 
    9.09408E-02   1.80560E-03   0.00000E+00   7.66271E-01   2.33729E-01  NONE
   8.13000E+02   6.67127E-06   2.35465E-03   9.55494E-01   5.12385E-03 
    8.91767E-03   2.81029E-02   6.76892E-02   1.41024E-01   6.97193E-01 
    9.22839E-02   1.81040E-03   0.00000E+00   7.66255E-01   2.33745E-01  NONE
   8.03000E+02   5.66977E-06   2.18657E-03   9.55987E-01   4.80151E-03 
    8.91653E-03   2.81028E-02   6.76940E-02   1.41700E-01   6.95211E-01 
    9.35794E-02   1.81490E-03   0.00000E+00   7.66241E-01   2.33759E-01  NONE
   7.93000E+02   4.80432E-06   2.02583E-03   9.56460E-01   4.49122E-03 
    8.91545E-03   2.81027E-02   6.76986E-02   1.42348E-01   6.93307E-01 
    9.48270E-02   1.81910E-03   0.00000E+00   7.66229E-01   2.33771E-01  NONE
   7.83000E+02   4.05834E-06   1.87246E-03   9.56913E-01   4.19299E-03 
    8.91445E-03   2.81026E-02   6.77030E-02   1.42967E-01   6.91480E-01 
    9.60266E-02   1.82300E-03   0.00000E+00   7.66218E-01   2.33782E-01  NONE
   7.73000E+02   3.41704E-06   1.72648E-03   9.57347E-01   3.90684E-03 
    8.91351E-03   2.81024E-02   6.77072E-02   1.43557E-01   6.89732E-01 
    9.71781E-02   1.82658E-03   0.00000E+00   7.66210E-01   2.33790E-01  NONE
   7.63000E+02   2.86727E-06   1.58786E-03   9.57762E-01   3.63277E-03 
    8.91265E-03   2.81022E-02   6.77111E-02   1.44117E-01   6.88061E-01 
    9.82813E-02   1.82985E-03   0.00000E+00   7.66202E-01   2.33798E-01  NONE
   7.53000E+02   2.39735E-06   1.45656E-03   9.58156E-01   3.37077E-03 
    8.91187E-03   2.81020E-02   6.77149E-02   1.44649E-01   6.86467E-01 
    9.93364E-02   1.83278E-03   0.00000E+00   7.66195E-01   2.33805E-01  NONE
   7.43000E+02   1.99692E-06   1.33251E-03   9.58532E-01   3.12079E-03 
    8.91118E-03   2.81018E-02   6.77185E-02   1.45151E-01   6.84952E-01 
    1.00343E-01   1.83536E-03   0.00000E+00   7.66190E-01   2.33810E-01  NONE
   7.33000E+02   1.65681E-06   1.21565E-03   9.58888E-01   2.88278E-03 
    8.91057E-03   2.81016E-02   6.77219E-02   1.45625E-01   6.83513E-01 
    1.01302E-01   1.83759E-03   0.00000E+00   7.66185E-01   2.33815E-01  NONE
   7.23000E+02   1.36892E-06   1.10584E-03   9.59225E-01   2.65666E-03 
    8.91006E-03   2.81014E-02   6.77251E-02   1.46070E-01   6.82152E-01 
    1.02214E-01   1.83943E-03   0.00000E+00   7.66181E-01   2.33819E-01  NONE
   7.13000E+02   1.12611E-06   1.00296E-03   9.59543E-01   2.44232E-03 
    8.90965E-03   2.81012E-02   6.77282E-02   1.46488E-01   6.80865E-01 
    1.03078E-01   1.84086E-03   0.00000E+00   7.66178E-01   2.33822E-01  NONE
   7.03000E+02   9.22104E-07   9.06860E-04   9.59842E-01   2.23961E-03 
    8.90935E-03   2.81010E-02   6.77310E-02   1.46878E-01   6.79654E-01 
    1.03895E-01   1.84186E-03   0.00000E+00   7.66175E-01   2.33825E-01  NONE
   6.93000E+02   7.51394E-07   8.17359E-04   9.60124E-01   2.04837E-03 
    8.90916E-03   2.81008E-02   6.77336E-02   1.47242E-01   6.78515E-01 
    1.04666E-01   1.84241E-03   0.00000E+00   7.66173E-01   2.33827E-01  NONE
   6.83000E+02   6.09154E-07   7.34267E-04   9.60387E-01   1.86841E-03 
    8.90910E-03   2.81006E-02   6.77361E-02   1.47580E-01   6.77449E-01 
    1.05392E-01   1.84248E-03   0.00000E+00   7.66171E-01   2.33829E-01  NONE
   6.73000E+02   4.91174E-07   6.57374E-04   9.60633E-01   1.69950E-03 
    8.90916E-03   2.81004E-02   6.77384E-02   1.47893E-01   6.76453E-01 
    1.06074E-01   1.84203E-03   0.00000E+00   7.66169E-01   2.33831E-01  NONE
