
 Phase Region for:
     CEMENTITE                     
     FCC_A1#1                      
 col-1=T, col-2=W(CEMENTITE,C), col-3=W(CEMENTITE,CR), col-4=W(CEMENTITE,FE),
   col-5=W(CEMENTITE,MN), col-6=W(CEMENTITE,NI), col-7=W(CEMENTITE,SI),
   col-8=W(FCC_A1#1,C), col-9=W(FCC_A1#1,CR), col-10=W(FCC_A1#1,FE),
   col-11=W(FCC_A1#1,MN), col-12=W(FCC_A1#1,NI), col-13=W(FCC_A1#1,SI),
   col-14=NP(CEMENTITE), col-15=NP(FCC_A1#1),
   1.17300E+03   6.69260E-02   5.13216E-06   8.82392E-01   4.50594E-02 
    5.61741E-03   0.00000E+00   1.06718E-02   7.81256E-07   9.13039E-01 
    2.92028E-02   3.12907E-02   1.57946E-02   5.88630E-02   9.41137E-01
   1.18300E+03   6.69253E-02   5.12672E-06   8.82520E-01   4.48215E-02 
    5.72772E-03   0.00000E+00   1.09810E-02   8.05424E-07   9.12865E-01 
    2.93012E-02   3.11444E-02   1.57078E-02   5.27176E-02   9.47282E-01
   1.19300E+03   6.69247E-02   5.12062E-06   8.82642E-01   4.45896E-02 
    5.83832E-03   0.00000E+00   1.12941E-02   8.29863E-07   9.12690E-01 
    2.93976E-02   3.09976E-02   1.56199E-02   4.64240E-02   9.53576E-01
   1.20300E+03   6.69241E-02   5.11387E-06   8.82758E-01   4.43637E-02 
    5.94918E-03   0.00000E+00   1.16113E-02   8.54559E-07   9.12515E-01 
    2.94922E-02   3.08503E-02   1.55308E-02   3.99780E-02   9.60022E-01
   1.21300E+03   6.69235E-02   5.10646E-06   8.82868E-01   4.41435E-02 
    6.06030E-03   0.00000E+00   1.19323E-02   8.79501E-07   9.12339E-01 
    2.95850E-02   3.07025E-02   1.54407E-02   3.33754E-02   9.66625E-01
   1.22300E+03   6.69229E-02   5.09839E-06   8.82971E-01   4.39291E-02 
    6.17164E-03   0.00000E+00   1.22574E-02   9.04675E-07   9.12162E-01 
    2.96760E-02   3.05542E-02   1.53494E-02   2.66117E-02   9.73388E-01
   1.23300E+03   6.69223E-02   5.08966E-06   8.83069E-01   4.37203E-02 
    6.28319E-03   0.00000E+00   1.25865E-02   9.30070E-07   9.11985E-01 
    2.97654E-02   3.04055E-02   1.52570E-02   1.96821E-02   9.80318E-01
   1.24300E+03   6.69217E-02   5.08029E-06   8.83161E-01   4.35170E-02 
    6.39493E-03   0.00000E+00   1.29197E-02   9.55674E-07   9.11806E-01 
    2.98532E-02   3.02564E-02   1.51635E-02   1.25816E-02   9.87418E-01
   1.25300E+03   6.69212E-02   5.07026E-06   8.83248E-01   4.33192E-02 
    6.50684E-03   0.00000E+00   1.32568E-02   9.81473E-07   9.11627E-01 
    2.99394E-02   3.01069E-02   1.50688E-02   5.30479E-03   9.94695E-01
   1.26014E+03   6.69207E-02   5.06272E-06   8.83306E-01   4.31814E-02 
    6.58681E-03   0.00000E+00   1.35000E-02   1.00000E-06   9.11498E-01 
    3.00000E-02   3.00000E-02   1.50005E-02   0.00000E+00   1.00000E+00

 Phase Region for:
     FCC_A1#1                      
 col-1=T, col-2=W(FCC_A1#1,C), col-3=W(FCC_A1#1,CR), col-4=W(FCC_A1#1,FE),
   col-5=W(FCC_A1#1,MN), col-6=W(FCC_A1#1,NI), col-7=W(FCC_A1#1,SI),
   col-8=NP(FCC_A1#1),
   1.26014E+03   1.35000E-02   1.00000E-06   9.11499E-01   3.00000E-02 
    3.00000E-02   1.50005E-02   1.00000E+00
   1.26300E+03   1.35000E-02   1.00000E-06   9.11498E-01   3.00000E-02 
    3.00000E-02   1.50005E-02   1.00000E+00
   1.27300E+03   1.35000E-02   1.00000E-06   9.11498E-01   3.00000E-02 
    3.00000E-02   1.50005E-02   1.00000E+00
   1.28300E+03   1.35000E-02   1.00000E-06   9.11498E-01   3.00000E-02 
    3.00000E-02   1.50005E-02   1.00000E+00
   1.29300E+03   1.35000E-02   1.00000E-06   9.11498E-01   3.00000E-02 
    3.00000E-02   1.50005E-02   1.00000E+00
   1.30300E+03   1.35000E-02   1.00000E-06   9.11499E-01   3.00000E-02 
    3.00000E-02   1.50005E-02   1.00000E+00
   1.31300E+03   1.35000E-02   1.00000E-06   9.11498E-01   3.00000E-02 
    3.00000E-02   1.50005E-02   1.00000E+00
   1.32300E+03   1.35000E-02   1.00000E-06   9.11498E-01   3.00000E-02 
    3.00000E-02   1.50005E-02   1.00000E+00
   1.33300E+03   1.35000E-02   1.00000E-06   9.11499E-01   3.00000E-02 
    3.00000E-02   1.50005E-02   1.00000E+00
   1.34300E+03   1.35000E-02   1.00000E-06   9.11498E-01   3.00000E-02 
    3.00000E-02   1.50005E-02   1.00000E+00
   1.35300E+03   1.35000E-02   1.00000E-06   9.11499E-01   3.00000E-02 
    3.00000E-02   1.50005E-02   1.00000E+00
   1.36300E+03   1.35000E-02   1.00000E-06   9.11498E-01   3.00000E-02 
    3.00000E-02   1.50005E-02   1.00000E+00
   1.37300E+03   1.35000E-02   1.00000E-06   9.11498E-01   3.00000E-02 
    3.00000E-02   1.50005E-02   1.00000E+00
   1.38300E+03   1.35000E-02   1.00000E-06   9.11499E-01   3.00000E-02 
    3.00000E-02   1.50005E-02   1.00000E+00
   1.39300E+03   1.35000E-02   1.00000E-06   9.11498E-01   3.00000E-02 
    3.00000E-02   1.50005E-02   1.00000E+00
   1.40300E+03   1.35000E-02   1.00000E-06   9.11499E-01   3.00000E-02 
    3.00000E-02   1.50005E-02   1.00000E+00
   1.41300E+03   1.35000E-02   1.00000E-06   9.11498E-01   3.00000E-02 
    3.00000E-02   1.50005E-02   1.00000E+00
   1.42300E+03   1.35000E-02   1.00000E-06   9.11498E-01   3.00000E-02 
    3.00000E-02   1.50005E-02   1.00000E+00
   1.43300E+03   1.35000E-02   1.00000E-06   9.11499E-01   3.00000E-02 
    3.00000E-02   1.50005E-02   1.00000E+00
   1.44300E+03   1.35000E-02   1.00000E-06   9.11499E-01   3.00000E-02 
    3.00000E-02   1.50005E-02   1.00000E+00
   1.45300E+03   1.35000E-02   1.00000E-06   9.11498E-01   3.00000E-02 
    3.00000E-02   1.50005E-02   1.00000E+00
   1.46300E+03   1.35000E-02   1.00000E-06   9.11498E-01   3.00000E-02 
    3.00000E-02   1.50005E-02   1.00000E+00
   1.47300E+03   1.35000E-02   1.00000E-06   9.11498E-01   3.00000E-02 
    3.00000E-02   1.50005E-02   1.00000E+00

 Phase Region for:
     CEMENTITE                     
     FCC_A1#1                      
 col-1=T, col-2=W(CEMENTITE,C), col-3=W(CEMENTITE,CR), col-4=W(CEMENTITE,FE),
   col-5=W(CEMENTITE,MN), col-6=W(CEMENTITE,NI), col-7=W(CEMENTITE,SI),
   col-8=W(FCC_A1#1,C), col-9=W(FCC_A1#1,CR), col-10=W(FCC_A1#1,FE),
   col-11=W(FCC_A1#1,MN), col-12=W(FCC_A1#1,NI), col-13=W(FCC_A1#1,SI),
   col-14=NP(CEMENTITE), col-15=NP(FCC_A1#1),
   1.17300E+03   6.69260E-02   5.13216E-06   8.82392E-01   4.50594E-02 
    5.61741E-03   0.00000E+00   1.06718E-02   7.81256E-07   9.13039E-01 
    2.92028E-02   3.12907E-02   1.57946E-02   5.88630E-02   9.41137E-01
   1.16300E+03   6.69266E-02   5.13694E-06   8.82258E-01   4.53033E-02 
    5.50741E-03   0.00000E+00   1.03665E-02   7.57369E-07   9.13213E-01 
    2.91025E-02   3.14365E-02   1.58803E-02   6.48639E-02   9.35136E-01
   1.15300E+03   6.69272E-02   5.14107E-06   8.82116E-01   4.55535E-02 
    5.39773E-03   0.00000E+00   1.00652E-02   7.33777E-07   9.13387E-01 
    2.90001E-02   3.15816E-02   1.59649E-02   7.07240E-02   9.29276E-01
   1.14300E+03   6.69279E-02   5.14455E-06   8.81969E-01   4.58100E-02 
    5.28842E-03   0.00000E+00   9.76790E-03   7.10490E-07   9.13561E-01 
    2.88956E-02   3.17262E-02   1.60483E-02   7.64466E-02   9.23553E-01
   1.13300E+03   6.69285E-02   5.14739E-06   8.81814E-01   4.60728E-02 
    5.17947E-03   0.00000E+00   9.47451E-03   6.87521E-07   9.13735E-01 
    2.87890E-02   3.18701E-02   1.61307E-02   8.20350E-02   9.17965E-01
   1.12300E+03   6.69292E-02   5.14960E-06   8.81653E-01   4.63423E-02 
    5.07093E-03   0.00000E+00   9.18509E-03   6.64880E-07   9.13909E-01 
    2.86802E-02   3.20133E-02   1.62119E-02   8.74923E-02   9.12508E-01
   1.11300E+03   6.69298E-02   5.15118E-06   8.81484E-01   4.66183E-02 
    4.96281E-03   0.00000E+00   8.89963E-03   6.42579E-07   9.14083E-01 
    2.85691E-02   3.21557E-02   1.62921E-02   9.28214E-02   9.07179E-01
   1.10300E+03   6.69305E-02   5.15215E-06   8.81308E-01   4.69012E-02 
    4.85513E-03   0.00000E+00   8.61817E-03   6.20627E-07   9.14257E-01 
    2.84558E-02   3.22974E-02   1.63711E-02   9.80249E-02   9.01975E-01
   1.09300E+03   6.69311E-02   5.15251E-06   8.81125E-01   4.71910E-02 
    4.74793E-03   0.00000E+00   8.34071E-03   5.99035E-07   9.14431E-01 
    2.83400E-02   3.24383E-02   1.64489E-02   1.03106E-01   8.96894E-01
   1.08300E+03   6.69318E-02   5.15229E-06   8.80934E-01   4.74879E-02 
    4.64122E-03   0.00000E+00   8.06726E-03   5.77812E-07   9.14606E-01 
    2.82219E-02   3.25784E-02   1.65257E-02   1.08066E-01   8.91934E-01
   1.07300E+03   6.69325E-02   5.15148E-06   8.80735E-01   4.77920E-02 
    4.53503E-03   0.00000E+00   7.79787E-03   5.56968E-07   9.14781E-01 
    2.81013E-02   3.27175E-02   1.66013E-02   1.12907E-01   8.87093E-01
   1.06300E+03   6.69332E-02   5.15012E-06   8.80529E-01   4.81034E-02 
    4.42939E-03   0.00000E+00   7.53253E-03   5.36511E-07   9.14957E-01 
    2.79782E-02   3.28557E-02   1.66758E-02   1.17633E-01   8.82367E-01
   1.05300E+03   6.69339E-02   5.14821E-06   8.80314E-01   4.84224E-02 
    4.32433E-03   0.00000E+00   7.27130E-03   5.16450E-07   9.15134E-01 
    2.78525E-02   3.29930E-02   1.67491E-02   1.22245E-01   8.77755E-01
   1.04300E+03   6.69346E-02   5.14577E-06   8.80091E-01   4.87490E-02 
    4.21987E-03   0.00000E+00   7.01419E-03   4.96792E-07   9.15311E-01 
    2.77243E-02   3.31292E-02   1.68212E-02   1.26745E-01   8.73255E-01
   1.03300E+03   6.69353E-02   5.14284E-06   8.79860E-01   4.90835E-02 
    4.11604E-03   0.00000E+00   6.76123E-03   4.77544E-07   9.15488E-01 
    2.75934E-02   3.32642E-02   1.68922E-02   1.31134E-01   8.68866E-01
   1.02300E+03   6.69360E-02   5.13941E-06   8.79620E-01   4.94260E-02 
    4.01286E-03   0.00000E+00   6.51247E-03   4.58712E-07   9.15667E-01 
    2.74598E-02   3.33982E-02   1.69620E-02   1.35415E-01   8.64585E-01
   1.01300E+03   6.69367E-02   5.13553E-06   8.79371E-01   4.97768E-02 
    3.91038E-03   0.00000E+00   6.26793E-03   4.40302E-07   9.15847E-01 
    2.73234E-02   3.35309E-02   1.70307E-02   1.39589E-01   8.60411E-01
   1.00300E+03   6.69374E-02   5.13121E-06   8.79113E-01   5.01359E-02 
    3.80861E-03   0.00000E+00   6.02767E-03   4.22319E-07   9.16027E-01 
    2.71843E-02   3.36624E-02   1.70981E-02   1.43658E-01   8.56342E-01
   9.93000E+02   6.69382E-02   5.12648E-06   8.78845E-01   5.05037E-02 
    3.70758E-03   0.00000E+00   5.79170E-03   4.04768E-07   9.16209E-01 
    2.70424E-02   3.37926E-02   1.71643E-02   1.47622E-01   8.52378E-01
   9.83000E+02   6.69389E-02   5.12136E-06   8.78568E-01   5.08802E-02 
    3.60733E-03   0.00000E+00   5.56009E-03   3.87652E-07   9.16391E-01 
    2.68976E-02   3.39214E-02   1.72293E-02   1.51484E-01   8.48516E-01
   9.73000E+02   6.69397E-02   5.11588E-06   8.78282E-01   5.12658E-02 
    3.50788E-03   0.00000E+00   5.33287E-03   3.70974E-07   9.16575E-01 
    2.67500E-02   3.40488E-02   1.72930E-02   1.55244E-01   8.44756E-01
   9.67007E+02   6.69401E-02   5.11244E-06   8.78105E-01   5.15013E-02 
    3.44868E-03   0.00000E+00   5.19882E-03   3.61190E-07   9.16686E-01 
    2.66601E-02   3.41244E-02   1.73306E-02   1.57449E-01   8.42551E-01

 Phase Region for:
     BCC_A2                        
     CEMENTITE                     
     FCC_A1#1                      
 col-1=T, col-2=W(BCC_A2,C), col-3=W(BCC_A2,CR), col-4=W(BCC_A2,FE),
   col-5=W(BCC_A2,MN), col-6=W(BCC_A2,NI), col-7=W(BCC_A2,SI),
   col-8=W(CEMENTITE,C), col-9=W(CEMENTITE,CR), col-10=W(CEMENTITE,FE),
   col-11=W(CEMENTITE,MN), col-12=W(CEMENTITE,NI), col-13=W(CEMENTITE,SI),
   col-14=W(FCC_A1#1,C), col-15=W(FCC_A1#1,CR), col-16=W(FCC_A1#1,FE),
   col-17=W(FCC_A1#1,MN), col-18=W(FCC_A1#1,NI), col-19=W(FCC_A1#1,SI),
   col-20=NP(BCC_A2), col-21=NP(CEMENTITE), col-22=NP(FCC_A1#1),
   9.67007E+02   9.34179E-05   2.07630E-07   9.58797E-01   6.81674E-03 
    1.23492E-02   2.19429E-02   6.69401E-02   5.11244E-06   8.78105E-01 
    5.15014E-02   3.44868E-03   0.00000E+00   5.19882E-03   3.61189E-07 
    9.16686E-01   2.66601E-02   3.41244E-02   1.73306E-02   1.91799E-06 
    1.57449E-01   8.42549E-01
   9.63000E+02   8.90350E-05   1.99813E-07   9.58542E-01   6.93031E-03 
    1.28883E-02   2.15501E-02   6.69422E-02   5.02720E-06   8.75600E-01 
    5.38468E-02   3.60548E-03   0.00000E+00   5.09769E-03   3.46346E-07 
    9.13439E-01   2.79143E-02   3.64609E-02   1.70877E-02   7.31179E-02 
    1.66327E-01   7.60555E-01
   9.53000E+02   7.86771E-05   1.83381E-07   9.57694E-01   7.18213E-03 
    1.42563E-02   2.07886E-02   6.69473E-02   4.86351E-06   8.69385E-01 
    5.96553E-02   4.00792E-03   0.00000E+00   4.83554E-03   3.14200E-07 
    9.04529E-01   3.11463E-02   4.28399E-02   1.66494E-02   2.25732E-01 
    1.84475E-01   5.89793E-01
   9.43000E+02   6.92281E-05   1.70155E-07   9.56673E-01   7.37465E-03 
    1.56214E-02   2.02616E-02   6.69522E-02   4.75309E-06   8.63339E-01 
    6.52872E-02   4.41634E-03   0.00000E+00   4.56444E-03   2.87226E-07 
    8.94602E-01   3.44794E-02   4.99714E-02   1.63827E-02   3.42700E-01 
    1.97911E-01   4.59389E-01
   9.33000E+02   6.07151E-05   1.59074E-07   9.55593E-01   7.49992E-03 
    1.69508E-02   1.98951E-02   6.69569E-02   4.67994E-06   8.57560E-01 
    7.06573E-02   4.82139E-03   0.00000E+00   4.28918E-03   2.63789E-07 
    8.83762E-01   3.78855E-02   5.78405E-02   1.62227E-02   4.32207E-01 
    2.07796E-01   3.59997E-01
   9.23000E+02   5.31106E-05   1.49448E-07   9.54530E-01   7.55741E-03 
    1.82219E-02   1.96376E-02   6.69612E-02   4.63289E-06   8.52095E-01 
    7.57228E-02   5.21635E-03   0.00000E+00   4.01315E-03   2.42825E-07 
    8.72047E-01   4.13605E-02   6.64543E-02   1.61245E-02   5.00930E-01 
    2.15064E-01   2.84006E-01
   9.13000E+02   4.63574E-05   1.40834E-07   9.53529E-01   7.55069E-03 
    1.94188E-02   1.94546E-02   6.69652E-02   4.60431E-06   8.46969E-01 
    8.04654E-02   5.59621E-03   0.00000E+00   3.73874E-03   2.23662E-07 
    8.59451E-01   4.49157E-02   7.58370E-02   1.60576E-02   5.53967E-01 
    2.20419E-01   2.25614E-01
   9.03000E+02   4.03853E-05   1.32943E-07   9.52621E-01   7.48544E-03 
    2.05300E-02   1.93230E-02   6.69689E-02   4.58895E-06   8.42188E-01 
    8.48811E-02   5.95706E-03   0.00000E+00   3.46771E-03   2.05876E-07 
    8.45932E-01   4.85737E-02   8.60250E-02   1.60014E-02   5.95118E-01 
    2.24374E-01   1.80508E-01
   8.93000E+02   3.51205E-05   1.25587E-07   9.51822E-01   7.36824E-03 
    2.15472E-02   1.92272E-02   6.69724E-02   4.58312E-06   8.37754E-01 
    8.89732E-02   6.29574E-03   0.00000E+00   3.20152E-03   1.89208E-07 
    8.31430E-01   5.23640E-02   9.70621E-02   1.59417E-02   6.27197E-01 
    2.27303E-01   1.45500E-01
   8.83000E+02   3.04903E-05   1.18640E-07   9.51142E-01   7.20597E-03 
    2.24642E-02   1.91568E-02   6.69755E-02   4.58425E-06   8.33661E-01 
    9.27495E-02   6.60962E-03   0.00000E+00   2.94149E-03   1.73503E-07 
    8.15875E-01   5.63205E-02   1.08994E-01   1.58689E-02   6.52297E-01 
    2.29478E-01   1.18225E-01
   8.73000E+02   2.64264E-05   1.12021E-07   9.50587E-01   7.00539E-03 
    2.32767E-02   1.91045E-02   6.69784E-02   4.59046E-06   8.29900E-01 
    9.62199E-02   6.89656E-03   0.00000E+00   2.68899E-03   1.58678E-07 
    7.99197E-01   6.04779E-02   1.21860E-01   1.57762E-02   6.71984E-01 
    2.31095E-01   9.69205E-02
   8.63000E+02   2.28655E-05   1.05674E-07   9.50156E-01   6.77299E-03 
    2.39823E-02   1.90654E-02   6.69811E-02   4.60037E-06   8.26463E-01 
    9.93960E-02   7.15483E-03   0.00000E+00   2.44556E-03   1.44698E-07 
    7.81347E-01   6.48671E-02   1.35681E-01   1.56592E-02   6.87445E-01 
    2.32300E-01   8.02558E-02
   8.53000E+02   1.97501E-05   9.95640E-08   9.49849E-01   6.51485E-03 
    2.45801E-02   1.90361E-02   6.69836E-02   4.61295E-06   8.23339E-01 
    1.02290E-01   7.38324E-03   0.00000E+00   2.21294E-03   1.31563E-07 
    7.62316E-01   6.95093E-02   1.50446E-01   1.55155E-02   6.99583E-01 
    2.33197E-01   6.72199E-02
   8.43000E+02   1.70282E-05   9.36685E-08   9.49661E-01   6.23668E-03 
    2.50709E-02   1.90142E-02   6.69858E-02   4.62742E-06   8.20514E-01 
    1.04915E-01   7.58108E-03   0.00000E+00   1.99309E-03   1.19293E-07 
    7.42162E-01   7.44077E-02   1.66092E-01   1.53450E-02   7.09097E-01 
    2.33867E-01   5.70360E-02
   8.33000E+02   1.46533E-05   8.79736E-08   9.49586E-01   5.94374E-03 
    2.54576E-02   1.89980E-02   6.69879E-02   4.64318E-06   8.17974E-01 
    1.07285E-01   7.74827E-03   0.00000E+00   1.78804E-03   1.07920E-07 
    7.21039E-01   7.95398E-02   1.82483E-01   1.51501E-02   7.16531E-01 
    2.34367E-01   4.91020E-02
   8.23000E+02   1.25838E-05   8.24722E-08   9.49616E-01   5.64085E-03 
    2.57447E-02   1.89862E-02   6.69898E-02   4.65976E-06   8.15704E-01 
    1.09416E-01   7.88532E-03   0.00000E+00   1.59960E-03   9.74716E-08 
    6.99199E-01   8.48520E-02   1.99413E-01   1.49353E-02   7.22313E-01 
    2.34741E-01   4.29459E-02
   8.13000E+02   1.07829E-05   7.71613E-08   9.49740E-01   5.33241E-03 
    2.59385E-02   1.89778E-02   6.69916E-02   4.67680E-06   8.13685E-01 
    1.11325E-01   7.99332E-03   0.00000E+00   1.42905E-03   8.79583E-08 
    6.76985E-01   9.02630E-02   2.16615E-01   1.47077E-02   7.26784E-01 
    2.35022E-01   3.81941E-02
   8.03000E+02   9.21794E-06   7.20407E-08   9.49950E-01   5.02228E-03 
    2.60463E-02   1.89721E-02   6.69932E-02   4.69400E-06   8.11899E-01 
    1.13029E-01   8.07384E-03   0.00000E+00   1.27686E-03   7.93644E-08 
    6.54774E-01   9.56749E-02   2.33799E-01   1.44753E-02   7.30218E-01 
    2.35234E-01   3.45486E-02
   7.93000E+02   7.86000E-06   6.71118E-08   9.50233E-01   4.71383E-03 
    2.60763E-02   1.89686E-02   6.69947E-02   4.71113E-06   8.10326E-01 
    1.14546E-01   8.12874E-03   0.00000E+00   1.14255E-03   7.16453E-08 
    6.32923E-01   1.00990E-01   2.50698E-01   1.42459E-02   7.32835E-01 
    2.35394E-01   3.17707E-02
   7.83000E+02   6.68368E-06   6.23770E-08   9.50580E-01   4.40987E-03 
    2.60365E-02   1.89667E-02   6.69961E-02   4.72801E-06   8.08948E-01 
    1.15891E-01   8.16002E-03   0.00000E+00   1.02491E-03   6.47330E-08 
    6.11718E-01   1.06127E-01   2.67104E-01   1.40264E-02   7.34811E-01 
    2.35518E-01   2.96708E-02
   7.73000E+02   5.66663E-06   5.78387E-08   9.50981E-01   4.11266E-03 
    2.59346E-02   1.89661E-02   6.69974E-02   4.74449E-06   8.07746E-01 
    1.17082E-01   8.16967E-03   0.00000E+00   9.22214E-04   5.85465E-08 
    5.91348E-01   1.11027E-01   2.82881E-01   1.38217E-02   7.36287E-01 
    2.35614E-01   2.80997E-02
   7.63000E+02   4.78914E-06   5.34991E-08   9.51427E-01   3.82402E-03 
    2.57778E-02   1.89665E-02   6.69986E-02   4.76049E-06   8.06706E-01 
    1.18131E-01   8.15952E-03   0.00000E+00   8.32574E-04   5.30022E-08 
    5.71914E-01   1.15656E-01   2.97962E-01   1.36349E-02   7.37369E-01 
    2.35689E-01   2.69413E-02
   7.53000E+02   4.03385E-06   4.93600E-08   9.51911E-01   3.54530E-03 
    2.55722E-02   1.89678E-02   6.69997E-02   4.77591E-06   8.05815E-01 
    1.19049E-01   8.13124E-03   0.00000E+00   7.54135E-04   4.80207E-08 
    5.53448E-01   1.20000E-01   3.12331E-01   1.34675E-02   7.38143E-01 
    2.35750E-01   2.61066E-02
   7.43000E+02   3.38545E-06   4.54222E-08   9.52426E-01   3.27755E-03 
    2.53231E-02   1.89698E-02   6.70007E-02   4.79071E-06   8.05061E-01 
    1.19847E-01   8.08625E-03   0.00000E+00   6.85218E-04   4.35311E-08 
    5.35930E-01   1.24060E-01   3.26005E-01   1.33203E-02   7.38674E-01 
    2.35799E-01   2.55272E-02
   7.33000E+02   2.83039E-06   4.16861E-08   9.52968E-01   3.02148E-03 
    2.50350E-02   1.89722E-02   6.70017E-02   4.80483E-06   8.04434E-01 
    1.20534E-01   8.02580E-03   0.00000E+00   6.24365E-04   3.94720E-08 
    5.19317E-01   1.27844E-01   3.39022E-01   1.31930E-02   7.39009E-01 
    2.35839E-01   2.51513E-02
   7.23000E+02   2.35672E-06   3.81511E-08   9.53533E-01   2.77761E-03 
    2.47118E-02   1.89750E-02   6.70026E-02   4.81826E-06   8.03925E-01 
    1.21117E-01   7.95095E-03   0.00000E+00   5.70345E-04   3.57914E-08 
    5.03548E-01   1.31367E-01   3.51430E-01   1.30850E-02   7.39188E-01 
    2.35873E-01   2.49390E-02
   7.13000E+02   1.95387E-06   3.48158E-08   9.54117E-01   2.54622E-03 
    2.43565E-02   1.89781E-02   6.70034E-02   4.83099E-06   8.03528E-01 
    1.21601E-01   7.86258E-03   0.00000E+00   5.22135E-04   3.24454E-08 
    4.88557E-01   1.34647E-01   3.63279E-01   1.29957E-02   7.39239E-01 
    2.35902E-01   2.48595E-02
   7.03000E+02   1.61250E-06   3.16780E-08   9.54718E-01   2.32749E-03 
    2.39719E-02   1.89814E-02   6.70042E-02   4.84299E-06   8.03234E-01 
    1.21995E-01   7.76144E-03   0.00000E+00   4.78852E-04   2.93952E-08 
    4.74277E-01   1.37697E-01   3.74623E-01   1.29245E-02   7.39185E-01 
    2.35926E-01   2.48889E-02
   6.93000E+02   1.32435E-06   2.87348E-08   9.55332E-01   2.12142E-03 
    2.35602E-02   1.89848E-02   6.70049E-02   4.85427E-06   8.03040E-01 
    1.22302E-01   7.64824E-03   0.00000E+00   4.39845E-04   2.66121E-08 
    4.60649E-01   1.40539E-01   3.85502E-01   1.28701E-02   7.39045E-01 
    2.35947E-01   2.50086E-02
   6.83000E+02   1.08214E-06   2.59825E-08   9.55959E-01   1.92792E-03 
    2.31234E-02   1.89883E-02   6.70055E-02   4.86484E-06   8.02938E-01 
    1.22528E-01   7.52354E-03   0.00000E+00   4.04517E-04   2.40686E-08 
    4.47613E-01   1.43189E-01   3.95962E-01   1.28319E-02   7.38831E-01 
    2.35965E-01   2.52039E-02
   6.73000E+02   8.79458E-07   2.34169E-08   9.56597E-01   1.74684E-03 
    2.26632E-02   1.89917E-02   6.70061E-02   4.87471E-06   8.02925E-01 
    1.22676E-01   7.38787E-03   0.00000E+00   3.72389E-04   2.17422E-08 
    4.35117E-01   1.45660E-01   4.06041E-01   1.28092E-02   7.38557E-01 
    2.35981E-01   2.54628E-02
