
 Phase Region for:
     CEMENTITE                     
     FCC_A1#2                      
 col-1=T, col-2=X(CEMENTITE,C), col-3=X(CEMENTITE,CR), col-4=X(CEMENTITE,FE),
   col-5=X(CEMENTITE,MN), col-6=X(CEMENTITE,NI), col-7=X(CEMENTITE,SI),
   col-8=X(FCC_A1#2,C), col-9=X(FCC_A1#2,CR), col-10=X(FCC_A1#2,FE),
   col-11=X(FCC_A1#2,MN), col-12=X(FCC_A1#2,NI), col-13=X(FCC_A1#2,SI),
   col-14=NP(CEMENTITE), col-15=NP(FCC_A1#2),
   1.17300E+03   2.50000E-01   6.43226E-02   6.81668E-01   1.30790E-06 
    4.00774E-03   0.00000E+00   4.82029E-02   1.04939E-02   9.11975E-01 
    9.30542E-07   2.93250E-02   2.06988E-06   8.89177E-02   9.11082E-01
   1.18300E+03   2.50000E-01   6.42776E-02   6.81638E-01   1.30181E-06 
    4.08311E-03   0.00000E+00   4.94849E-02   1.08399E-02   9.10515E-01 
    9.33491E-07   2.91573E-02   2.05673E-06   8.30924E-02   9.16908E-01
   1.19300E+03   2.50000E-01   6.42243E-02   6.81616E-01   1.29589E-06 
    4.15873E-03   0.00000E+00   5.07827E-02   1.11902E-02   9.09035E-01 
    9.36370E-07   2.89887E-02   2.04342E-06   7.71194E-02   9.22881E-01
   1.20300E+03   2.50000E-01   6.41627E-02   6.81601E-01   1.29014E-06 
    4.23460E-03   0.00000E+00   5.20962E-02   1.15446E-02   9.07537E-01 
    9.39179E-07   2.88192E-02   2.02995E-06   7.09942E-02   9.29006E-01
   1.21300E+03   2.50000E-01   6.40929E-02   6.81595E-01   1.28456E-06 
    4.31071E-03   0.00000E+00   5.34255E-02   1.19029E-02   9.06020E-01 
    9.41923E-07   2.86488E-02   2.01631E-06   6.47120E-02   9.35288E-01
   1.22300E+03   2.50000E-01   6.40149E-02   6.81597E-01   1.27915E-06 
    4.38706E-03   0.00000E+00   5.47706E-02   1.22648E-02   9.04484E-01 
    9.44602E-07   2.84776E-02   2.00251E-06   5.82679E-02   9.41732E-01
   1.23300E+03   2.50000E-01   6.39289E-02   6.81606E-01   1.27390E-06 
    4.46364E-03   0.00000E+00   5.61317E-02   1.26303E-02   9.02930E-01 
    9.47221E-07   2.83054E-02   1.98855E-06   5.16566E-02   9.48343E-01
   1.24300E+03   2.50000E-01   6.38350E-02   6.81623E-01   1.26882E-06 
    4.54046E-03   0.00000E+00   5.75086E-02   1.29990E-02   9.01357E-01 
    9.49780E-07   2.81325E-02   1.97443E-06   4.48726E-02   9.55127E-01
   1.25300E+03   2.50000E-01   6.37332E-02   6.81648E-01   1.26390E-06 
    4.61751E-03   0.00000E+00   5.89016E-02   1.33709E-02   8.99766E-01 
    9.52282E-07   2.79587E-02   1.96014E-06   3.79103E-02   9.62090E-01
   1.26300E+03   2.50000E-01   6.36238E-02   6.81680E-01   1.25914E-06 
    4.69479E-03   0.00000E+00   6.03107E-02   1.37458E-02   8.98156E-01 
    9.54731E-07   2.77842E-02   1.94569E-06   3.07634E-02   9.69237E-01
   1.27300E+03   2.50000E-01   6.35067E-02   6.81720E-01   1.25454E-06 
    4.77229E-03   0.00000E+00   6.17360E-02   1.41233E-02   8.96529E-01 
    9.57128E-07   2.76088E-02   1.93107E-06   2.34257E-02   9.76574E-01
   1.28300E+03   2.50000E-01   6.33822E-02   6.81767E-01   1.25011E-06 
    4.85002E-03   0.00000E+00   6.31775E-02   1.45035E-02   8.94883E-01 
    9.59477E-07   2.74327E-02   1.91628E-06   1.58905E-02   9.84110E-01
   1.29300E+03   2.50000E-01   6.32504E-02   6.81820E-01   1.24583E-06 
    4.92796E-03   0.00000E+00   6.46354E-02   1.48860E-02   8.93220E-01 
    9.61780E-07   2.72558E-02   1.90133E-06   8.15052E-03   9.91849E-01
   1.30300E+03   2.50000E-01   6.31114E-02   6.81881E-01   1.24172E-06 
    5.00613E-03   0.00000E+00   6.61097E-02   1.52707E-02   8.91538E-01 
    9.64041E-07   2.70782E-02   1.88621E-06   1.98393E-04   9.99802E-01
   1.30325E+03   2.50000E-01   6.31078E-02   6.81883E-01   1.24162E-06 
    5.00805E-03   0.00000E+00   6.61462E-02   1.52802E-02   8.91497E-01 
    9.64096E-07   2.70739E-02   1.88583E-06   0.00000E+00   1.00000E+00

 Phase Region for:
     FCC_A1#2                      
 col-1=T, col-2=X(FCC_A1#2,C), col-3=X(FCC_A1#2,CR), col-4=X(FCC_A1#2,FE),
   col-5=X(FCC_A1#2,MN), col-6=X(FCC_A1#2,NI), col-7=X(FCC_A1#2,SI),
   col-8=NP(FCC_A1#2),
   1.30325E+03   6.61462E-02   1.52802E-02   8.91497E-01   9.64096E-07 
    2.70739E-02   1.88583E-06   1.00000E+00
   1.31300E+03   6.61462E-02   1.52802E-02   8.91497E-01   9.64096E-07 
    2.70739E-02   1.88583E-06   1.00000E+00
   1.32300E+03   6.61462E-02   1.52802E-02   8.91497E-01   9.64096E-07 
    2.70739E-02   1.88583E-06   1.00000E+00
   1.33300E+03   6.61462E-02   1.52802E-02   8.91497E-01   9.64096E-07 
    2.70739E-02   1.88583E-06   1.00000E+00
   1.34300E+03   6.61462E-02   1.52802E-02   8.91497E-01   9.64096E-07 
    2.70739E-02   1.88583E-06   1.00000E+00
   1.35300E+03   6.61462E-02   1.52802E-02   8.91497E-01   9.64096E-07 
    2.70739E-02   1.88583E-06   1.00000E+00
   1.36300E+03   6.61462E-02   1.52802E-02   8.91497E-01   9.64096E-07 
    2.70739E-02   1.88583E-06   1.00000E+00
   1.37300E+03   6.61462E-02   1.52802E-02   8.91497E-01   9.64096E-07 
    2.70739E-02   1.88583E-06   1.00000E+00
   1.38300E+03   6.61462E-02   1.52802E-02   8.91497E-01   9.64096E-07 
    2.70739E-02   1.88583E-06   1.00000E+00
   1.39300E+03   6.61462E-02   1.52802E-02   8.91497E-01   9.64096E-07 
    2.70739E-02   1.88583E-06   1.00000E+00
   1.40300E+03   6.61462E-02   1.52802E-02   8.91497E-01   9.64096E-07 
    2.70739E-02   1.88583E-06   1.00000E+00
   1.41300E+03   6.61462E-02   1.52802E-02   8.91497E-01   9.64096E-07 
    2.70739E-02   1.88583E-06   1.00000E+00
   1.42300E+03   6.61462E-02   1.52802E-02   8.91497E-01   9.64096E-07 
    2.70739E-02   1.88583E-06   1.00000E+00
   1.43300E+03   6.61462E-02   1.52802E-02   8.91497E-01   9.64096E-07 
    2.70739E-02   1.88583E-06   1.00000E+00
   1.44300E+03   6.61462E-02   1.52802E-02   8.91497E-01   9.64096E-07 
    2.70739E-02   1.88583E-06   1.00000E+00
   1.45300E+03   6.61462E-02   1.52802E-02   8.91497E-01   9.64096E-07 
    2.70739E-02   1.88583E-06   1.00000E+00
   1.46300E+03   6.61462E-02   1.52802E-02   8.91497E-01   9.64096E-07 
    2.70739E-02   1.88583E-06   1.00000E+00
   1.47300E+03   6.61462E-02   1.52802E-02   8.91497E-01   9.64096E-07 
    2.70739E-02   1.88583E-06   1.00000E+00

 Phase Region for:
     CEMENTITE                     
     FCC_A1#2                      
 col-1=T, col-2=X(CEMENTITE,C), col-3=X(CEMENTITE,CR), col-4=X(CEMENTITE,FE),
   col-5=X(CEMENTITE,MN), col-6=X(CEMENTITE,NI), col-7=X(CEMENTITE,SI),
   col-8=X(FCC_A1#2,C), col-9=X(FCC_A1#2,CR), col-10=X(FCC_A1#2,FE),
   col-11=X(FCC_A1#2,MN), col-12=X(FCC_A1#2,NI), col-13=X(FCC_A1#2,SI),
   col-14=NP(CEMENTITE), col-15=NP(FCC_A1#2),
   1.17300E+03   2.50000E-01   6.43226E-02   6.81668E-01   1.30790E-06 
    4.00774E-03   0.00000E+00   4.82029E-02   1.04939E-02   9.11975E-01 
    9.30542E-07   2.93250E-02   2.06988E-06   8.89177E-02   9.11082E-01
   1.16300E+03   2.50000E-01   6.43591E-02   6.81707E-01   1.31416E-06 
    3.93262E-03   0.00000E+00   4.69365E-02   1.01522E-02   9.13416E-01 
    9.27520E-07   2.94917E-02   2.08287E-06   9.45995E-02   9.05400E-01
   1.15300E+03   2.50000E-01   6.43873E-02   6.81754E-01   1.32060E-06 
    3.85777E-03   0.00000E+00   4.56858E-02   9.81523E-03   9.14838E-01 
    9.24422E-07   2.96575E-02   2.09570E-06   1.00142E-01   8.99858E-01
   1.14300E+03   2.50000E-01   6.44070E-02   6.81808E-01   1.32721E-06 
    3.78317E-03   0.00000E+00   4.44506E-02   9.48301E-03   9.16241E-01 
    9.21247E-07   2.98223E-02   2.10837E-06   1.05549E-01   8.94451E-01
   1.13300E+03   2.50000E-01   6.44183E-02   6.81872E-01   1.33400E-06 
    3.70885E-03   0.00000E+00   4.32311E-02   9.15573E-03   9.17624E-01 
    9.17992E-07   2.99860E-02   2.12088E-06   1.10825E-01   8.89175E-01
   1.12300E+03   2.50000E-01   6.44211E-02   6.81943E-01   1.34097E-06 
    3.63481E-03   0.00000E+00   4.20271E-02   8.83357E-03   9.18988E-01 
    9.14655E-07   3.01487E-02   2.13323E-06   1.15972E-01   8.84028E-01
   1.11300E+03   2.50000E-01   6.44155E-02   6.82022E-01   1.34812E-06 
    3.56104E-03   0.00000E+00   4.08387E-02   8.51669E-03   9.20331E-01 
    9.11235E-07   3.03104E-02   2.14542E-06   1.20995E-01   8.79005E-01
   1.10300E+03   2.50000E-01   6.44016E-02   6.82109E-01   1.35545E-06 
    3.48756E-03   0.00000E+00   3.96658E-02   8.20524E-03   9.21655E-01 
    9.07729E-07   3.04710E-02   2.15745E-06   1.25897E-01   8.74103E-01
   1.09300E+03   2.50000E-01   6.43794E-02   6.82205E-01   1.36297E-06 
    3.41438E-03   0.00000E+00   3.85084E-02   7.89936E-03   9.22959E-01 
    9.04135E-07   3.06305E-02   2.16932E-06   1.30680E-01   8.69320E-01
   1.08300E+03   2.50000E-01   6.43489E-02   6.82308E-01   1.37068E-06 
    3.34149E-03   0.00000E+00   3.73666E-02   7.59919E-03   9.24242E-01 
    9.00451E-07   3.07888E-02   2.18103E-06   1.35349E-01   8.64651E-01
   1.07300E+03   2.50000E-01   6.43103E-02   6.82419E-01   1.37857E-06 
    3.26892E-03   0.00000E+00   3.62403E-02   7.30486E-03   9.25506E-01 
    8.96676E-07   3.09460E-02   2.19259E-06   1.39905E-01   8.60095E-01
   1.06300E+03   2.50000E-01   6.42637E-02   6.82538E-01   1.38666E-06 
    3.19666E-03   0.00000E+00   3.51295E-02   7.01650E-03   9.26749E-01 
    8.92807E-07   3.11020E-02   2.20398E-06   1.44351E-01   8.55649E-01
   1.05300E+03   2.50000E-01   6.42092E-02   6.82665E-01   1.39494E-06 
    3.12472E-03   0.00000E+00   3.40342E-02   6.73421E-03   9.27972E-01 
    8.88843E-07   3.12568E-02   2.21521E-06   1.48690E-01   8.51310E-01
   1.04300E+03   2.50000E-01   6.41470E-02   6.82798E-01   1.40342E-06 
    3.05312E-03   0.00000E+00   3.29545E-02   6.45811E-03   9.29174E-01 
    8.84783E-07   3.14104E-02   2.22629E-06   1.52925E-01   8.47075E-01
   1.03300E+03   2.50000E-01   6.40772E-02   6.82940E-01   1.41210E-06 
    2.98186E-03   0.00000E+00   3.18904E-02   6.18829E-03   9.30355E-01 
    8.80623E-07   3.15627E-02   2.23720E-06   1.57058E-01   8.42942E-01
   1.02300E+03   2.50000E-01   6.40000E-02   6.83088E-01   1.42098E-06 
    2.91095E-03   0.00000E+00   3.08419E-02   5.92483E-03   9.31516E-01 
    8.76363E-07   3.17137E-02   2.24796E-06   1.61091E-01   8.38909E-01
   1.01300E+03   2.50000E-01   6.39156E-02   6.83243E-01   1.43006E-06 
    2.84041E-03   0.00000E+00   2.98091E-02   5.66781E-03   9.32657E-01 
    8.72001E-07   3.18634E-02   2.25855E-06   1.65026E-01   8.34974E-01
   1.00300E+03   2.50000E-01   6.38242E-02   6.83404E-01   1.43935E-06 
    2.77024E-03   0.00000E+00   2.87919E-02   5.41731E-03   9.33776E-01 
    8.67536E-07   3.20117E-02   2.26898E-06   1.68865E-01   8.31135E-01
   9.93000E+02   2.50000E-01   6.37260E-02   6.83572E-01   1.44885E-06 
    2.70046E-03   0.00000E+00   2.77904E-02   5.17337E-03   9.34874E-01 
    8.62966E-07   3.21587E-02   2.27926E-06   1.72611E-01   8.27389E-01
   9.83000E+02   2.50000E-01   6.36214E-02   6.83746E-01   1.45856E-06 
    2.63108E-03   0.00000E+00   2.68048E-02   4.93604E-03   9.35952E-01 
    8.58289E-07   3.23042E-02   2.28937E-06   1.76265E-01   8.23735E-01
   9.73797E+02   2.50000E-01   6.35196E-02   6.83911E-01   1.46769E-06 
    2.56759E-03   0.00000E+00   2.59117E-02   4.72349E-03   9.36925E-01 
    8.53890E-07   3.24368E-02   2.29853E-06   1.79548E-01   8.20452E-01

 Phase Region for:
     BCC_A2                        
     CEMENTITE                     
     FCC_A1#2                      
 col-1=T, col-2=X(BCC_A2,C), col-3=X(BCC_A2,CR), col-4=X(BCC_A2,FE),
   col-5=X(BCC_A2,MN), col-6=X(BCC_A2,NI), col-7=X(BCC_A2,SI),
   col-8=X(CEMENTITE,C), col-9=X(CEMENTITE,CR), col-10=X(CEMENTITE,FE),
   col-11=X(CEMENTITE,MN), col-12=X(CEMENTITE,NI), col-13=X(CEMENTITE,SI),
   col-14=X(FCC_A1#2,C), col-15=X(FCC_A1#2,CR), col-16=X(FCC_A1#2,FE),
   col-17=X(FCC_A1#2,MN), col-18=X(FCC_A1#2,NI), col-19=X(FCC_A1#2,SI),
   col-20=NP(BCC_A2), col-21=NP(CEMENTITE), col-22=NP(FCC_A1#2),
   9.73797E+02   5.49834E-04   2.47064E-03   9.83270E-01   1.79558E-07 
    1.37055E-02   3.69192E-06   2.50000E-01   6.35195E-02   6.83911E-01 
    1.46769E-06   2.56760E-03   0.00000E+00   2.59117E-02   4.72349E-03 
    9.36925E-01   8.53891E-07   3.24369E-02   2.29852E-06   3.26728E-06 
    1.79548E-01   8.20449E-01
   9.73000E+02   5.45778E-04   2.44253E-03   9.83054E-01   1.81207E-07 
    1.39542E-02   3.62952E-06   2.50000E-01   6.30565E-02   6.84322E-01 
    1.48818E-06   2.62042E-03   0.00000E+00   2.58316E-02   4.66832E-03 
    9.36357E-01   8.68386E-07   3.31401E-02   2.26483E-06   2.55230E-02 
    1.82720E-01   7.91757E-01
   9.63000E+02   4.94445E-04   2.16916E-03   9.80287E-01   1.99194E-07 
    1.70457E-02   3.12025E-06   2.50000E-01   5.89279E-02   6.87793E-01 
    1.73053E-06   3.27755E-03   0.00000E+00   2.46988E-02   4.11926E-03 
    9.28852E-01   1.05352E-06   4.23273E-02   2.01150E-06   2.73763E-01 
    2.13375E-01   5.12861E-01
   9.53000E+02   4.44725E-04   1.98433E-03   9.77551E-01   2.12601E-07 
    2.00164E-02   2.87278E-06   2.50000E-01   5.66987E-02   6.89388E-01 
    1.94830E-06   3.91179E-03   0.00000E+00   2.34234E-02   3.73268E-03 
    9.20797E-01   1.24607E-06   5.20441E-02   1.92419E-06   4.30639E-01 
    2.32232E-01   3.37129E-01
   9.43000E+02   3.98235E-04   1.84394E-03   9.74936E-01   2.22243E-07 
    2.28191E-02   2.73648E-06   2.50000E-01   5.54343E-02   6.90049E-01 
    2.14664E-06   4.51411E-03   0.00000E+00   2.20796E-02   3.43017E-03 
    9.12299E-01   1.44961E-06   6.21876E-02   1.91293E-06   5.34236E-01 
    2.44162E-01   2.21602E-01
   9.33000E+02   3.55460E-04   1.72838E-03   9.72476E-01   2.28853E-07 
    2.54373E-02   2.65665E-06   2.50000E-01   5.47092E-02   6.90208E-01 
    2.33022E-06   5.08077E-03   0.00000E+00   2.07042E-02   3.17659E-03 
    9.03398E-01   1.66851E-06   7.27171E-02   1.94597E-06   6.05063E-01 
    2.51877E-01   1.43060E-01
   9.23000E+02   3.16444E-04   1.62793E-03   9.70186E-01   2.33017E-07 
    2.78670E-02   2.60910E-06   2.50000E-01   5.43081E-02   6.90079E-01 
    2.50268E-06   5.61014E-03   0.00000E+00   1.93188E-02   2.95453E-03 
    8.94107E-01   1.90747E-06   8.36152E-02   2.01019E-06   6.54722E-01 
    2.56929E-01   8.83487E-02
   9.13000E+02   2.81046E-04   1.53734E-03   9.68069E-01   2.35191E-07 
    3.01096E-02   2.58158E-06   2.50000E-01   5.41117E-02   6.89784E-01 
    2.66691E-06   6.10169E-03   0.00000E+00   1.79388E-02   2.75461E-03 
    8.84431E-01   2.17162E-06   9.48715E-02   2.09985E-06   6.90148E-01 
    2.60250E-01   4.96018E-02
   9.03000E+02   2.49053E-04   1.45356E-03   9.66125E-01   2.35738E-07 
    3.21694E-02   2.56731E-06   2.50000E-01   5.40491E-02   6.89393E-01 
    2.82523E-06   6.55541E-03   0.00000E+00   1.65763E-02   2.57149E-03 
    8.74372E-01   2.46661E-06   1.06475E-01   2.21275E-06   7.15695E-01 
    2.62421E-01   2.18843E-02
   8.93000E+02   2.20222E-04   1.37476E-03   9.64350E-01   2.34953E-07 
    3.40519E-02   2.56221E-06   2.50000E-01   5.40755E-02   6.88950E-01 
    2.97962E-06   6.97168E-03   0.00000E+00   1.52423E-02   2.40197E-03 
    8.63940E-01   2.79881E-06   1.18411E-01   2.34858E-06   7.34212E-01 
    2.63818E-01   1.96983E-03
   8.91804E+02   2.16975E-04   1.36561E-03   9.64149E-01   2.34782E-07 
    3.42655E-02   2.56208E-06   2.50000E-01   5.40831E-02   6.88895E-01 
    2.99790E-06   7.01897E-03   0.00000E+00   1.50853E-02   2.38251E-03 
    8.62668E-01   2.84134E-06   1.19859E-01   2.36639E-06   7.36054E-01 
    2.63946E-01   0.00000E+00

 Phase Region for:
     BCC_A2                        
     CEMENTITE                     
 col-1=T, col-2=X(BCC_A2,C), col-3=X(BCC_A2,CR), col-4=X(BCC_A2,FE),
   col-5=X(BCC_A2,MN), col-6=X(BCC_A2,NI), col-7=X(BCC_A2,SI),
   col-8=X(CEMENTITE,C), col-9=X(CEMENTITE,CR), col-10=X(CEMENTITE,FE),
   col-11=X(CEMENTITE,MN), col-12=X(CEMENTITE,NI), col-13=X(CEMENTITE,SI),
   col-14=NP(BCC_A2), col-15=NP(CEMENTITE),
   8.91804E+02   2.16975E-04   1.36561E-03   9.64149E-01   2.34782E-07 
    3.42655E-02   2.56208E-06   2.50000E-01   5.40831E-02   6.88895E-01 
    2.99790E-06   7.01897E-03   0.00000E+00   7.36054E-01   2.63946E-01  NONE
   8.83000E+02   1.94744E-04   1.29699E-03   9.64240E-01   2.23253E-07 
    3.42659E-02   2.56231E-06   2.50000E-01   5.42613E-02   6.88711E-01 
    3.02935E-06   7.02456E-03   0.00000E+00   7.35988E-01   2.64012E-01  NONE
   8.73000E+02   1.71882E-04   1.22152E-03   9.64337E-01   2.10632E-07 
    3.42667E-02   2.56255E-06   2.50000E-01   5.44581E-02   6.88510E-01 
    3.06381E-06   7.02927E-03   0.00000E+00   7.35921E-01   2.64079E-01  NONE
   8.63000E+02   1.51351E-04   1.14866E-03   9.64429E-01   1.98506E-07 
    3.42679E-02   2.56276E-06   2.50000E-01   5.46489E-02   6.88316E-01 
    3.09694E-06   7.03225E-03   0.00000E+00   7.35861E-01   2.64139E-01  NONE
   8.53000E+02   1.32949E-04   1.07843E-03   9.64516E-01   1.86862E-07 
    3.42694E-02   2.56295E-06   2.50000E-01   5.48336E-02   6.88130E-01 
    3.12877E-06   7.03354E-03   0.00000E+00   7.35806E-01   2.64194E-01  NONE
   8.43000E+02   1.16487E-04   1.01082E-03   9.64599E-01   1.75689E-07 
    3.42713E-02   2.56312E-06   2.50000E-01   5.50119E-02   6.87952E-01 
    3.15934E-06   7.03313E-03   0.00000E+00   7.35758E-01   2.64242E-01  NONE
   8.33000E+02   1.01792E-04   9.45837E-04   9.64676E-01   1.64979E-07 
    3.42737E-02   2.56327E-06   2.50000E-01   5.51840E-02   6.87782E-01 
    3.18867E-06   7.03103E-03   0.00000E+00   7.35715E-01   2.64285E-01  NONE
   8.23000E+02   8.87043E-05   8.83471E-04   9.64749E-01   1.54720E-07 
    3.42765E-02   2.56340E-06   2.50000E-01   5.53497E-02   6.87620E-01 
    3.21678E-06   7.02724E-03   0.00000E+00   7.35676E-01   2.64324E-01  NONE
   8.13000E+02   7.70744E-05   8.23713E-04   9.64817E-01   1.44903E-07 
    3.42797E-02   2.56352E-06   2.50000E-01   5.55089E-02   6.87466E-01 
    3.24370E-06   7.02175E-03   0.00000E+00   7.35642E-01   2.64358E-01  NONE
   8.03000E+02   6.67659E-05   7.66549E-04   9.64881E-01   1.35519E-07 
    3.42834E-02   2.56363E-06   2.50000E-01   5.56617E-02   6.87320E-01 
    3.26946E-06   7.01455E-03   0.00000E+00   7.35612E-01   2.64388E-01  NONE
   7.93000E+02   5.76523E-05   7.11960E-04   9.64940E-01   1.26558E-07 
    3.42876E-02   2.56372E-06   2.50000E-01   5.58080E-02   6.87183E-01 
    3.29407E-06   7.00561E-03   0.00000E+00   7.35585E-01   2.64415E-01  NONE
   7.83000E+02   4.96173E-05   6.59924E-04   9.64995E-01   1.18011E-07 
    3.42924E-02   2.56380E-06   2.50000E-01   5.59478E-02   6.87054E-01 
    3.31756E-06   6.99491E-03   0.00000E+00   7.35561E-01   2.64439E-01  NONE
   7.73000E+02   4.25536E-05   6.10414E-04   9.65047E-01   1.09868E-07 
    3.42976E-02   2.56387E-06   2.50000E-01   5.60812E-02   6.86933E-01 
    3.33995E-06   6.98242E-03   0.00000E+00   7.35540E-01   2.64460E-01  NONE
   7.63000E+02   3.63626E-05   5.63396E-04   9.65094E-01   1.02120E-07 
    3.43035E-02   2.56394E-06   2.50000E-01   5.62081E-02   6.86820E-01 
    3.36128E-06   6.96809E-03   0.00000E+00   7.35522E-01   2.64478E-01  NONE
   7.53000E+02   3.09539E-05   5.18835E-04   9.65138E-01   9.47585E-08 
    3.43099E-02   2.56399E-06   2.50000E-01   5.63287E-02   6.86716E-01 
    3.38155E-06   6.95188E-03   0.00000E+00   7.35506E-01   2.64494E-01  NONE
   7.43000E+02   2.62445E-05   4.76690E-04   9.65177E-01   8.77730E-08 
    3.43169E-02   2.56404E-06   2.50000E-01   5.64429E-02   6.86620E-01 
    3.40081E-06   6.93374E-03   0.00000E+00   7.35492E-01   2.64508E-01  NONE
   7.33000E+02   2.21584E-05   4.36914E-04   9.65214E-01   8.11541E-08 
    3.43246E-02   2.56408E-06   2.50000E-01   5.65510E-02   6.86532E-01 
    3.41906E-06   6.91362E-03   0.00000E+00   7.35480E-01   2.64520E-01  NONE
   7.23000E+02   1.86265E-05   3.99458E-04   9.65246E-01   7.48921E-08 
    3.43330E-02   2.56412E-06   2.50000E-01   5.66529E-02   6.86452E-01 
    3.43634E-06   6.89146E-03   0.00000E+00   7.35470E-01   2.64530E-01  NONE
   7.13000E+02   1.55855E-05   3.64268E-04   9.65275E-01   6.89773E-08 
    3.43420E-02   2.56415E-06   2.50000E-01   5.67488E-02   6.86381E-01 
    3.45267E-06   6.86719E-03   0.00000E+00   7.35461E-01   2.64539E-01  NONE
   7.03000E+02   1.29781E-05   3.31285E-04   9.65301E-01   6.33995E-08 
    3.43518E-02   2.56418E-06   2.50000E-01   5.68389E-02   6.86317E-01 
    3.46808E-06   6.84073E-03   0.00000E+00   7.35453E-01   2.64547E-01  NONE
   6.93000E+02   1.07521E-05   3.00448E-04   9.65324E-01   5.81488E-08 
    3.43624E-02   2.56420E-06   2.50000E-01   5.69232E-02   6.86261E-01 
    3.48259E-06   6.81202E-03   0.00000E+00   7.35447E-01   2.64553E-01  NONE
   6.83000E+02   8.86053E-06   2.71691E-04   9.65343E-01   5.32148E-08 
    3.43738E-02   2.56422E-06   2.50000E-01   5.70020E-02   6.86214E-01 
    3.49623E-06   6.78096E-03   0.00000E+00   7.35441E-01   2.64559E-01  NONE
   6.73000E+02   7.26094E-06   2.44945E-04   9.65359E-01   4.85873E-08 
    3.43860E-02   2.56424E-06   2.50000E-01   5.70753E-02   6.86174E-01 
    3.50904E-06   6.74747E-03   0.00000E+00   7.35436E-01   2.64564E-01  NONE
