
 Phase Region for:
     CEMENTITE                     
     FCC_A1#1                      
 col-1=T, col-2=W(CEMENTITE,C), col-3=W(CEMENTITE,CR), col-4=W(CEMENTITE,FE),
   col-5=W(CEMENTITE,MN), col-6=W(CEMENTITE,NI), col-7=W(CEMENTITE,SI),
   col-8=W(FCC_A1#1,C), col-9=W(FCC_A1#1,CR), col-10=W(FCC_A1#1,FE),
   col-11=W(FCC_A1#1,MN), col-12=W(FCC_A1#1,NI), col-13=W(FCC_A1#1,SI),
   col-14=NP(CEMENTITE), col-15=NP(FCC_A1#1),
   1.17300E+03   6.73400E-02   9.25355E-02   8.36202E-01   1.27245E-06 
    3.92076E-03   0.00000E+00   8.90867E-03   1.43495E-02   9.26959E-01 
    9.68292E-07   2.46625E-02   2.51188E-02   1.21165E-01   8.78835E-01
   1.18300E+03   6.73388E-02   9.23503E-02   8.36307E-01   1.26542E-06 
    4.00226E-03   0.00000E+00   9.20932E-03   1.47722E-02   9.26481E-01 
    9.70634E-07   2.45468E-02   2.49896E-02   1.15781E-01   8.84219E-01
   1.19300E+03   6.73377E-02   9.21645E-02   8.36412E-01   1.25862E-06 
    4.08417E-03   0.00000E+00   9.51574E-03   1.52004E-02   9.25995E-01 
    9.72900E-07   2.44300E-02   2.48580E-02   1.10236E-01   8.89764E-01
   1.20300E+03   6.73365E-02   9.19784E-02   8.36517E-01   1.25206E-06 
    4.16645E-03   0.00000E+00   9.82799E-03   1.56343E-02   9.25501E-01 
    9.75090E-07   2.43120E-02   2.47238E-02   1.04524E-01   8.95476E-01
   1.21300E+03   6.73353E-02   9.17921E-02   8.36622E-01   1.24574E-06 
    4.24910E-03   0.00000E+00   1.01461E-02   1.60737E-02   9.24999E-01 
    9.77209E-07   2.41930E-02   2.45871E-02   9.86413E-02   9.01359E-01
   1.22300E+03   6.73341E-02   9.16060E-02   8.36727E-01   1.23964E-06 
    4.33211E-03   0.00000E+00   1.04701E-02   1.65186E-02   9.24490E-01 
    9.79258E-07   2.40728E-02   2.44478E-02   9.25816E-02   9.07418E-01
   1.23300E+03   6.73329E-02   9.14201E-02   8.36830E-01   1.23377E-06 
    4.41546E-03   0.00000E+00   1.08001E-02   1.69691E-02   9.23972E-01 
    9.81239E-07   2.39516E-02   2.43060E-02   8.63391E-02   9.13661E-01
   1.24300E+03   6.73317E-02   9.12347E-02   8.36933E-01   1.22811E-06 
    4.49915E-03   0.00000E+00   1.11360E-02   1.74252E-02   9.23447E-01 
    9.83157E-07   2.38294E-02   2.41616E-02   7.99078E-02   9.20092E-01
   1.25300E+03   6.73305E-02   9.10501E-02   8.37035E-01   1.22268E-06 
    4.58316E-03   0.00000E+00   1.14780E-02   1.78867E-02   9.22914E-01 
    9.85013E-07   2.37061E-02   2.40146E-02   7.32811E-02   9.26719E-01
   1.26300E+03   6.73293E-02   9.08664E-02   8.37136E-01   1.21746E-06 
    4.66748E-03   0.00000E+00   1.18262E-02   1.83538E-02   9.22372E-01 
    9.86811E-07   2.35818E-02   2.38649E-02   6.64522E-02   9.33548E-01
   1.27300E+03   6.73282E-02   9.06840E-02   8.37235E-01   1.21245E-06 
    4.75210E-03   0.00000E+00   1.21805E-02   1.88264E-02   9.21823E-01 
    9.88553E-07   2.34566E-02   2.37126E-02   5.94138E-02   9.40586E-01
   1.28300E+03   6.73270E-02   9.05030E-02   8.37332E-01   1.20766E-06 
    4.83700E-03   0.00000E+00   1.25410E-02   1.93046E-02   9.21266E-01 
    9.90241E-07   2.33303E-02   2.35576E-02   5.21583E-02   9.47842E-01
   1.29300E+03   6.73258E-02   9.03237E-02   8.37427E-01   1.20307E-06 
    4.92218E-03   0.00000E+00   1.29078E-02   1.97883E-02   9.20700E-01 
    9.91880E-07   2.32031E-02   2.33999E-02   4.46775E-02   9.55322E-01
   1.30300E+03   6.73247E-02   9.01463E-02   8.37520E-01   1.19868E-06 
    5.00763E-03   0.00000E+00   1.32809E-02   2.02778E-02   9.20126E-01 
    9.93472E-07   2.30750E-02   2.32395E-02   3.69629E-02   9.63037E-01
   1.31300E+03   6.73235E-02   8.99712E-02   8.37611E-01   1.19451E-06 
    5.09334E-03   0.00000E+00   1.36605E-02   2.07730E-02   9.19543E-01 
    9.95021E-07   2.29459E-02   2.30763E-02   2.90053E-02   9.70995E-01
   1.32300E+03   6.73224E-02   8.97985E-02   8.37699E-01   1.19053E-06 
    5.17929E-03   0.00000E+00   1.40466E-02   2.12739E-02   9.18952E-01 
    9.96528E-07   2.28159E-02   2.29103E-02   2.07950E-02   9.79205E-01
   1.33300E+03   6.73213E-02   8.96286E-02   8.37783E-01   1.18676E-06 
    5.26548E-03   0.00000E+00   1.44392E-02   2.17808E-02   9.18353E-01 
    9.97998E-07   2.26850E-02   2.27414E-02   1.23216E-02   9.87678E-01
   1.34300E+03   6.73202E-02   8.94617E-02   8.37865E-01   1.18318E-06 
    5.35189E-03   0.00000E+00   1.48386E-02   2.22936E-02   9.17744E-01 
    9.99435E-07   2.25532E-02   2.25697E-02   3.57429E-03   9.96426E-01
   1.34700E+03   6.73197E-02   8.93959E-02   8.37897E-01   1.18181E-06 
    5.38648E-03   0.00000E+00   1.50000E-02   2.25002E-02   9.17498E-01 
    1.00000E-06   2.25002E-02   2.25003E-02   0.00000E+00   1.00000E+00

 Phase Region for:
     FCC_A1#1                      
 col-1=T, col-2=W(FCC_A1#1,C), col-3=W(FCC_A1#1,CR), col-4=W(FCC_A1#1,FE),
   col-5=W(FCC_A1#1,MN), col-6=W(FCC_A1#1,NI), col-7=W(FCC_A1#1,SI),
   col-8=NP(FCC_A1#1),
   1.34700E+03   1.50000E-02   2.25003E-02   9.17498E-01   1.00000E-06 
    2.25002E-02   2.25002E-02   1.00000E+00
   1.35300E+03   1.50000E-02   2.25002E-02   9.17498E-01   1.00000E-06 
    2.25002E-02   2.25002E-02   1.00000E+00
   1.36300E+03   1.50000E-02   2.25003E-02   9.17498E-01   1.00000E-06 
    2.25002E-02   2.25003E-02   1.00000E+00
   1.37300E+03   1.50000E-02   2.25002E-02   9.17498E-01   1.00000E-06 
    2.25002E-02   2.25003E-02   1.00000E+00
   1.38300E+03   1.50000E-02   2.25002E-02   9.17498E-01   1.00000E-06 
    2.25002E-02   2.25003E-02   1.00000E+00
   1.39300E+03   1.50000E-02   2.25002E-02   9.17498E-01   1.00000E-06 
    2.25002E-02   2.25002E-02   1.00000E+00
   1.40300E+03   1.50000E-02   2.25002E-02   9.17498E-01   1.00000E-06 
    2.25002E-02   2.25003E-02   1.00000E+00
   1.41300E+03   1.50000E-02   2.25002E-02   9.17498E-01   1.00000E-06 
    2.25002E-02   2.25003E-02   1.00000E+00
   1.42300E+03   1.50000E-02   2.25002E-02   9.17498E-01   1.00000E-06 
    2.25002E-02   2.25002E-02   1.00000E+00
   1.43300E+03   1.50000E-02   2.25002E-02   9.17498E-01   1.00000E-06 
    2.25002E-02   2.25002E-02   1.00000E+00
   1.44300E+03   1.50000E-02   2.25002E-02   9.17498E-01   1.00000E-06 
    2.25002E-02   2.25002E-02   1.00000E+00
   1.45300E+03   1.50000E-02   2.25002E-02   9.17498E-01   1.00000E-06 
    2.25002E-02   2.25002E-02   1.00000E+00
   1.46300E+03   1.50000E-02   2.25002E-02   9.17498E-01   1.00000E-06 
    2.25002E-02   2.25002E-02   1.00000E+00
   1.47300E+03   1.50000E-02   2.25002E-02   9.17498E-01   1.00000E-06 
    2.25002E-02   2.25002E-02   1.00000E+00

 Phase Region for:
     CEMENTITE                     
     FCC_A1#1                      
 col-1=T, col-2=W(CEMENTITE,C), col-3=W(CEMENTITE,CR), col-4=W(CEMENTITE,FE),
   col-5=W(CEMENTITE,MN), col-6=W(CEMENTITE,NI), col-7=W(CEMENTITE,SI),
   col-8=W(FCC_A1#1,C), col-9=W(FCC_A1#1,CR), col-10=W(FCC_A1#1,FE),
   col-11=W(FCC_A1#1,MN), col-12=W(FCC_A1#1,NI), col-13=W(FCC_A1#1,SI),
   col-14=NP(CEMENTITE), col-15=NP(FCC_A1#1),
   1.17300E+03   6.73400E-02   9.25355E-02   8.36202E-01   1.27245E-06 
    3.92076E-03   0.00000E+00   8.90867E-03   1.43495E-02   9.26959E-01 
    9.68292E-07   2.46625E-02   2.51188E-02   1.21165E-01   8.78835E-01
   1.16300E+03   6.73412E-02   9.27200E-02   8.36098E-01   1.27974E-06 
    3.83966E-03   0.00000E+00   8.61375E-03   1.39326E-02   9.27430E-01 
    9.65869E-07   2.47771E-02   2.52455E-02   1.26393E-01   8.73607E-01
   1.15300E+03   6.73424E-02   9.29036E-02   8.35994E-01   1.28727E-06 
    3.75897E-03   0.00000E+00   8.32454E-03   1.35214E-02   9.27893E-01 
    9.63364E-07   2.48904E-02   2.53698E-02   1.31469E-01   8.68531E-01
   1.14300E+03   6.73435E-02   9.30861E-02   8.35890E-01   1.29505E-06 
    3.67873E-03   0.00000E+00   8.04100E-03   1.31160E-02   9.28348E-01 
    9.60773E-07   2.50025E-02   2.54916E-02   1.36398E-01   8.63602E-01
   1.13300E+03   6.73447E-02   9.32673E-02   8.35788E-01   1.30310E-06 
    3.59892E-03   0.00000E+00   7.76308E-03   1.27163E-02   9.28795E-01 
    9.58095E-07   2.51135E-02   2.56110E-02   1.41183E-01   8.58817E-01
   1.12300E+03   6.73458E-02   9.34472E-02   8.35686E-01   1.31141E-06 
    3.51958E-03   0.00000E+00   7.49076E-03   1.23226E-02   9.29235E-01 
    9.55327E-07   2.52231E-02   2.57280E-02   1.45829E-01   8.54171E-01
   1.11300E+03   6.73470E-02   9.36254E-02   8.35586E-01   1.31999E-06 
    3.44071E-03   0.00000E+00   7.22401E-03   1.19348E-02   9.29666E-01 
    9.52466E-07   2.53315E-02   2.58426E-02   1.50339E-01   8.49661E-01
   1.10300E+03   6.73481E-02   9.38020E-02   8.35486E-01   1.32885E-06 
    3.36232E-03   0.00000E+00   6.96278E-03   1.15530E-02   9.30090E-01 
    9.49510E-07   2.54386E-02   2.59548E-02   1.54717E-01   8.45283E-01
   1.09300E+03   6.73492E-02   9.39766E-02   8.35388E-01   1.33800E-06 
    3.28444E-03   0.00000E+00   6.70706E-03   1.11773E-02   9.30506E-01 
    9.46456E-07   2.55443E-02   2.60646E-02   1.58966E-01   8.41034E-01
   1.08300E+03   6.73503E-02   9.41493E-02   8.35292E-01   1.34743E-06 
    3.20707E-03   0.00000E+00   6.45681E-03   1.08076E-02   9.30914E-01 
    9.43302E-07   2.56488E-02   2.61721E-02   1.63090E-01   8.36910E-01
   1.07300E+03   6.73514E-02   9.43199E-02   8.35197E-01   1.35716E-06 
    3.13023E-03   0.00000E+00   6.21200E-03   1.04442E-02   9.31314E-01 
    9.40045E-07   2.57518E-02   2.62773E-02   1.67091E-01   8.32909E-01
   1.06300E+03   6.73525E-02   9.44883E-02   8.35104E-01   1.36719E-06 
    3.05394E-03   0.00000E+00   5.97260E-03   1.00870E-02   9.31706E-01 
    9.36683E-07   2.58535E-02   2.63801E-02   1.70974E-01   8.29026E-01
   1.05300E+03   6.73536E-02   9.46543E-02   8.35013E-01   1.37754E-06 
    2.97820E-03   0.00000E+00   5.73859E-03   9.73611E-03   9.32090E-01 
    9.33213E-07   2.59537E-02   2.64806E-02   1.74739E-01   8.25261E-01
   1.04300E+03   6.73546E-02   9.48179E-02   8.34923E-01   1.38820E-06 
    2.90303E-03   0.00000E+00   5.50993E-03   9.39158E-03   9.32466E-01 
    9.29633E-07   2.60525E-02   2.65788E-02   1.78391E-01   8.21609E-01
   1.03950E+03   6.73550E-02   9.48746E-02   8.34892E-01   1.39201E-06 
    2.87686E-03   0.00000E+00   5.43116E-03   9.27251E-03   9.32596E-01 
    9.28353E-07   2.60868E-02   2.66126E-02   1.79643E-01   8.20357E-01

 Phase Region for:
     BCC_A2                        
     CEMENTITE                     
     FCC_A1#1                      
 col-1=T, col-2=W(BCC_A2,C), col-3=W(BCC_A2,CR), col-4=W(BCC_A2,FE),
   col-5=W(BCC_A2,MN), col-6=W(BCC_A2,NI), col-7=W(BCC_A2,SI),
   col-8=W(CEMENTITE,C), col-9=W(CEMENTITE,CR), col-10=W(CEMENTITE,FE),
   col-11=W(CEMENTITE,MN), col-12=W(CEMENTITE,NI), col-13=W(CEMENTITE,SI),
   col-14=W(FCC_A1#1,C), col-15=W(FCC_A1#1,CR), col-16=W(FCC_A1#1,FE),
   col-17=W(FCC_A1#1,MN), col-18=W(FCC_A1#1,NI), col-19=W(FCC_A1#1,SI),
   col-20=NP(BCC_A2), col-21=NP(CEMENTITE), col-22=NP(FCC_A1#1),
   1.03950E+03   1.63560E-04   5.77687E-03   9.46856E-01   3.43980E-07 
    1.30682E-02   3.41350E-02   6.73550E-02   9.48745E-02   8.34892E-01 
    1.39201E-06   2.87686E-03   0.00000E+00   5.43116E-03   9.27250E-03 
    9.32596E-01   9.28354E-07   2.60868E-02   2.66126E-02   2.27128E-06 
    1.79643E-01   8.20355E-01
   1.03300E+03   1.54199E-04   5.47431E-03   9.47019E-01   3.61309E-07 
    1.42521E-02   3.31005E-02   6.73455E-02   9.31181E-02   8.36402E-01 
    1.51756E-06   3.13301E-03   0.00000E+00   5.30807E-03   8.78976E-03 
    9.31134E-01   1.00828E-06   2.89943E-02   2.57734E-02   1.39267E-01 
    1.95624E-01   6.65109E-01
   1.02300E+03   1.40129E-04   5.06983E-03   9.46729E-01   3.88140E-07 
    1.62705E-02   3.17904E-02   6.73336E-02   9.10179E-02   8.38073E-01 
    1.72494E-06   3.57392E-03   0.00000E+00   5.09787E-03   8.12719E-03 
    9.27880E-01   1.14531E-06   3.41544E-02   2.47390E-02   3.19810E-01 
    2.15839E-01   4.64351E-01
   1.01300E+03   1.26607E-04   4.72878E-03   9.45890E-01   4.13624E-07 
    1.84599E-02   3.07944E-02   6.73249E-02   8.95805E-02   8.39035E-01 
    1.94375E-06   4.05724E-03   0.00000E+00   4.86488E-03   7.54977E-03 
    9.23502E-01   1.29760E-06   4.00908E-02   2.39915E-02   4.60881E-01 
    2.31045E-01   3.08074E-01
   1.00300E+03   1.13807E-04   4.43754E-03   9.44651E-01   4.36307E-07 
    2.07376E-02   3.00601E-02   6.73189E-02   8.86925E-02   8.39421E-01 
    2.16863E-06   4.56548E-03   0.00000E+00   4.61407E-03   7.04119E-03 
    9.18143E-01   1.46355E-06   4.67165E-02   2.34833E-02   5.67686E-01 
    2.42003E-01   1.90311E-01
   9.93000E+02   1.01891E-04   4.18145E-03   9.43169E-01   4.54143E-07 
    2.30177E-02   2.95291E-02   6.73150E-02   8.82407E-02   8.39356E-01 
    2.39809E-06   5.08571E-03   0.00000E+00   4.35021E-03   6.58622E-03 
    9.11913E-01   1.64418E-06   5.39744E-02   2.31742E-02   6.46736E-01 
    2.49618E-01   1.03646E-01
   9.83000E+02   9.09693E-05   3.94785E-03   9.41564E-01   4.65301E-07 
    2.52441E-02   2.91526E-02   6.73127E-02   8.81275E-02   8.38941E-01 
    2.63624E-06   5.61651E-03   0.00000E+00   4.07639E-03   6.17103E-03 
    9.04792E-01   1.84517E-06   6.19224E-02   2.30360E-02   7.04400E-01 
    2.54747E-01   4.08528E-02
   9.74144E+02   8.20596E-05   3.76063E-03   9.40058E-01   4.73162E-07 
    2.71825E-02   2.89167E-02   6.73116E-02   8.82131E-02   8.38391E-01 
    2.84742E-06   6.08132E-03   0.00000E+00   3.83172E-03   5.82738E-03 
    8.97915E-01   2.03618E-06   6.94386E-02   2.29849E-02   7.42203E-01 
    2.57797E-01   0.00000E+00

 Phase Region for:
     BCC_A2                        
     CEMENTITE                     
 col-1=T, col-2=W(BCC_A2,C), col-3=W(BCC_A2,CR), col-4=W(BCC_A2,FE),
   col-5=W(BCC_A2,MN), col-6=W(BCC_A2,NI), col-7=W(BCC_A2,SI),
   col-8=W(CEMENTITE,C), col-9=W(CEMENTITE,CR), col-10=W(CEMENTITE,FE),
   col-11=W(CEMENTITE,MN), col-12=W(CEMENTITE,NI), col-13=W(CEMENTITE,SI),
   col-14=NP(BCC_A2), col-15=NP(CEMENTITE),
   9.74144E+02   8.20596E-05   3.76063E-03   9.40058E-01   4.73162E-07 
    2.71825E-02   2.89167E-02   6.73116E-02   8.82131E-02   8.38391E-01 
    2.84742E-06   6.08132E-03   0.00000E+00   7.42203E-01   2.57797E-01  NONE
   9.73000E+02   8.09812E-05   3.74000E-03   9.40079E-01   4.70592E-07 
    2.71820E-02   2.89172E-02   6.73119E-02   8.82810E-02   8.38320E-01 
    2.85631E-06   6.08428E-03   0.00000E+00   7.42189E-01   2.57811E-01  NONE
   9.63000E+02   7.20707E-05   3.56226E-03   9.40267E-01   4.48506E-07 
    2.71776E-02   2.89207E-02   6.73148E-02   8.88682E-02   8.37706E-01 
    2.93270E-06   6.10849E-03   0.00000E+00   7.42069E-01   2.57931E-01  NONE
   9.53000E+02   6.40337E-05   3.38916E-03   9.40449E-01   4.27103E-07 
    2.71738E-02   2.89238E-02   6.73175E-02   8.94424E-02   8.37107E-01 
    3.00674E-06   6.12990E-03   0.00000E+00   7.41961E-01   2.58039E-01  NONE
   9.43000E+02   5.67934E-05   3.22067E-03   9.40625E-01   4.06368E-07 
    2.71704E-02   2.89266E-02   6.73203E-02   9.00033E-02   8.36525E-01 
    3.07847E-06   6.14866E-03   0.00000E+00   7.41864E-01   2.58136E-01  NONE
   9.33000E+02   5.02796E-05   3.05681E-03   9.40796E-01   3.86289E-07 
    2.71676E-02   2.89290E-02   6.73229E-02   9.05509E-02   8.35958E-01 
    3.14794E-06   6.16492E-03   0.00000E+00   7.41776E-01   2.58224E-01  NONE
   9.23000E+02   4.44277E-05   2.89757E-03   9.40961E-01   3.66853E-07 
    2.71652E-02   2.89312E-02   6.73255E-02   9.10848E-02   8.35408E-01 
    3.21521E-06   6.17880E-03   0.00000E+00   7.41698E-01   2.58302E-01  NONE
   9.13000E+02   3.91784E-05   2.74298E-03   9.41121E-01   3.48049E-07 
    2.71633E-02   2.89332E-02   6.73281E-02   9.16047E-02   8.34874E-01 
    3.28031E-06   6.19041E-03   0.00000E+00   7.41627E-01   2.58373E-01  NONE
   9.03000E+02   3.44770E-05   2.59304E-03   9.41275E-01   3.29865E-07 
    2.71618E-02   2.89349E-02   6.73305E-02   9.21106E-02   8.34356E-01 
    3.34329E-06   6.19986E-03   0.00000E+00   7.41564E-01   2.58436E-01  NONE
   8.93000E+02   3.02736E-05   2.44779E-03   9.41424E-01   3.12292E-07 
    2.71608E-02   2.89364E-02   6.73329E-02   9.26020E-02   8.33854E-01 
    3.40417E-06   6.20722E-03   0.00000E+00   7.41508E-01   2.58492E-01  NONE
   8.83000E+02   2.65221E-05   2.30724E-03   9.41568E-01   2.95320E-07 
    2.71603E-02   2.89377E-02   6.73353E-02   9.30788E-02   8.33370E-01 
    3.46300E-06   6.21257E-03   0.00000E+00   7.41457E-01   2.58543E-01  NONE
   8.73000E+02   2.31801E-05   2.17141E-03   9.41706E-01   2.78941E-07 
    2.71601E-02   2.89389E-02   6.73376E-02   9.35408E-02   8.32902E-01 
    3.51979E-06   6.21599E-03   0.00000E+00   7.41412E-01   2.58588E-01  NONE
   8.63000E+02   2.02089E-05   2.04032E-03   9.41839E-01   2.63147E-07 
    2.71604E-02   2.89399E-02   6.73398E-02   9.39878E-02   8.32451E-01 
    3.57458E-06   6.21751E-03   0.00000E+00   7.41372E-01   2.58628E-01  NONE
   8.53000E+02   1.75729E-05   1.91398E-03   9.41966E-01   2.47930E-07 
    2.71611E-02   2.89408E-02   6.73419E-02   9.44195E-02   8.32018E-01 
    3.62740E-06   6.21720E-03   0.00000E+00   7.41337E-01   2.58663E-01  NONE
   8.43000E+02   1.52392E-05   1.79240E-03   9.42088E-01   2.33283E-07 
    2.71623E-02   2.89415E-02   6.73440E-02   9.48358E-02   8.31601E-01 
    3.67826E-06   6.21508E-03   0.00000E+00   7.41306E-01   2.58694E-01  NONE
   8.33000E+02   1.31781E-05   1.67557E-03   9.42205E-01   2.19199E-07 
    2.71639E-02   2.89421E-02   6.73460E-02   9.52367E-02   8.31202E-01 
    3.72718E-06   6.21117E-03   0.00000E+00   7.41278E-01   2.58722E-01  NONE
   8.23000E+02   1.13621E-05   1.56350E-03   9.42316E-01   2.05670E-07 
    2.71659E-02   2.89427E-02   6.73479E-02   9.56220E-02   8.30821E-01 
    3.77420E-06   6.20551E-03   0.00000E+00   7.41254E-01   2.58746E-01  NONE
   8.13000E+02   9.76605E-06   1.45617E-03   9.42422E-01   1.92691E-07 
    2.71683E-02   2.89431E-02   6.73498E-02   9.59916E-02   8.30457E-01 
    3.81933E-06   6.19809E-03   0.00000E+00   7.41232E-01   2.58768E-01  NONE
   8.03000E+02   8.36712E-06   1.35356E-03   9.42523E-01   1.80254E-07 
    2.71712E-02   2.89435E-02   6.73516E-02   9.63456E-02   8.30110E-01 
    3.86260E-06   6.18893E-03   0.00000E+00   7.41214E-01   2.58786E-01  NONE
   7.93000E+02   7.14440E-06   1.25564E-03   9.42619E-01   1.68351E-07 
    2.71746E-02   2.89438E-02   6.73533E-02   9.66839E-02   8.29781E-01 
    3.90402E-06   6.17801E-03   0.00000E+00   7.41197E-01   2.58803E-01  NONE
   7.83000E+02   6.07884E-06   1.16237E-03   9.42709E-01   1.56975E-07 
    2.71784E-02   2.89441E-02   6.73549E-02   9.70066E-02   8.29469E-01 
    3.94363E-06   6.16533E-03   0.00000E+00   7.41183E-01   2.58817E-01  NONE
   7.73000E+02   5.15312E-06   1.07371E-03   9.42794E-01   1.46118E-07 
    2.71827E-02   2.89443E-02   6.73565E-02   9.73138E-02   8.29175E-01 
    3.98144E-06   6.15086E-03   0.00000E+00   7.41170E-01   2.58830E-01  NONE
   7.63000E+02   4.35150E-06   9.89591E-04   9.42874E-01   1.35771E-07 
    2.71875E-02   2.89445E-02   6.73580E-02   9.76057E-02   8.28898E-01 
    4.01749E-06   6.13459E-03   0.00000E+00   7.41160E-01   2.58840E-01  NONE
   7.53000E+02   3.65972E-06   9.09957E-04   9.42949E-01   1.25927E-07 
    2.71928E-02   2.89446E-02   6.73594E-02   9.78823E-02   8.28638E-01 
    4.05181E-06   6.11648E-03   0.00000E+00   7.41150E-01   2.58850E-01  NONE
   7.43000E+02   3.06489E-06   8.34729E-04   9.43019E-01   1.16575E-07 
    2.71985E-02   2.89447E-02   6.73608E-02   9.81439E-02   8.28395E-01 
    4.08442E-06   6.09649E-03   0.00000E+00   7.41142E-01   2.58858E-01  NONE
   7.33000E+02   2.55536E-06   7.63823E-04   9.43084E-01   1.07707E-07 
    2.72049E-02   2.89447E-02   6.73621E-02   9.83908E-02   8.28168E-01 
    4.11535E-06   6.07458E-03   0.00000E+00   7.41136E-01   2.58864E-01  NONE
   7.23000E+02   2.12062E-06   6.97146E-04   9.43144E-01   9.93103E-08 
    2.72117E-02   2.89448E-02   6.73633E-02   9.86232E-02   8.27959E-01 
    4.14465E-06   6.05071E-03   0.00000E+00   7.41130E-01   2.58870E-01  NONE
   7.13000E+02   1.75127E-06   6.34596E-04   9.43200E-01   9.13759E-08 
    2.72192E-02   2.89448E-02   6.73645E-02   9.88414E-02   8.27765E-01 
    4.17234E-06   6.02481E-03   0.00000E+00   7.41125E-01   2.58875E-01  NONE
   7.03000E+02   1.43884E-06   5.76064E-04   9.43250E-01   8.38919E-08 
    2.72272E-02   2.89448E-02   6.73656E-02   9.90457E-02   8.27588E-01 
    4.19847E-06   5.99683E-03   0.00000E+00   7.41121E-01   2.58879E-01  NONE
   6.93000E+02   1.17581E-06   5.21433E-04   9.43297E-01   7.68467E-08 
    2.72358E-02   2.89448E-02   6.73666E-02   9.92367E-02   8.27426E-01 
    4.22308E-06   5.96669E-03   0.00000E+00   7.41117E-01   2.58883E-01  NONE
   6.83000E+02   9.55435E-07   4.70579E-04   9.43339E-01   7.02278E-08 
    2.72450E-02   2.89447E-02   6.73676E-02   9.94145E-02   8.27279E-01 
    4.24620E-06   5.93434E-03   0.00000E+00   7.41114E-01   2.58886E-01  NONE
   6.73000E+02   7.71766E-07   4.23372E-04   9.43376E-01   6.40226E-08 
    2.72549E-02   2.89447E-02   6.73685E-02   9.95798E-02   8.27148E-01 
    4.26788E-06   5.89969E-03   0.00000E+00   7.41112E-01   2.58888E-01  NONE
