
 Phase Region for:
     CEMENTITE                     
     FCC_A1#1                      
 col-1=T, col-2=W(CEMENTITE,C), col-3=W(CEMENTITE,CR), col-4=W(CEMENTITE,FE),
   col-5=W(CEMENTITE,MN), col-6=W(CEMENTITE,NI), col-7=W(CEMENTITE,SI),
   col-8=W(FCC_A1#1,C), col-9=W(FCC_A1#1,CR), col-10=W(FCC_A1#1,FE),
   col-11=W(FCC_A1#1,MN), col-12=W(FCC_A1#1,NI), col-13=W(FCC_A1#1,SI),
   col-14=NP(CEMENTITE), col-15=NP(FCC_A1#1),
   1.17300E+03   6.68713E-02   4.22893E-06   9.26033E-01   1.28593E-06 
    7.09020E-03   0.00000E+00   9.95907E-03   6.86208E-07   9.24897E-01 
    9.72213E-07   3.22264E-02   3.29154E-02   1.01723E-01   8.98277E-01
   1.18300E+03   6.68709E-02   4.22015E-06   9.25903E-01   1.27786E-06 
    7.22060E-03   0.00000E+00   1.02754E-02   7.06696E-07   9.24916E-01 
    9.74691E-07   3.20748E-02   3.27325E-02   9.58727E-02   9.04127E-01
   1.19300E+03   6.68705E-02   4.21101E-06   9.25773E-01   1.27003E-06 
    7.35115E-03   0.00000E+00   1.05968E-02   7.27423E-07   9.24932E-01 
    9.77078E-07   3.19226E-02   3.25466E-02   8.98611E-02   9.10139E-01
   1.20300E+03   6.68700E-02   4.20152E-06   9.25643E-01   1.26242E-06 
    7.48184E-03   0.00000E+00   1.09233E-02   7.48378E-07   9.24947E-01 
    9.79375E-07   3.17698E-02   3.23578E-02   8.36834E-02   9.16317E-01
   1.21300E+03   6.68696E-02   4.19168E-06   9.25512E-01   1.25504E-06 
    7.61266E-03   0.00000E+00   1.12549E-02   7.69555E-07   9.24961E-01 
    9.81586E-07   3.16164E-02   3.21661E-02   7.73347E-02   9.22665E-01
   1.22300E+03   6.68692E-02   4.18148E-06   9.25382E-01   1.24787E-06 
    7.74359E-03   0.00000E+00   1.15917E-02   7.90945E-07   9.24973E-01 
    9.83712E-07   3.14625E-02   3.19713E-02   7.08096E-02   9.29190E-01
   1.23300E+03   6.68688E-02   4.17094E-06   9.25251E-01   1.24093E-06 
    7.87461E-03   0.00000E+00   1.19336E-02   8.12539E-07   9.24983E-01 
    9.85757E-07   3.13080E-02   3.17736E-02   6.41026E-02   9.35897E-01
   1.24300E+03   6.68684E-02   4.16003E-06   9.25121E-01   1.23419E-06 
    8.00571E-03   0.00000E+00   1.22807E-02   8.34330E-07   9.24992E-01 
    9.87722E-07   3.11531E-02   3.15728E-02   5.72079E-02   9.42792E-01
   1.25300E+03   6.68679E-02   4.14878E-06   9.24990E-01   1.22767E-06 
    8.13687E-03   0.00000E+00   1.26330E-02   8.56308E-07   9.24998E-01 
    9.89611E-07   3.09977E-02   3.13690E-02   5.01192E-02   9.49881E-01
   1.26300E+03   6.68675E-02   4.13717E-06   9.24859E-01   1.22135E-06 
    8.26809E-03   0.00000E+00   1.29906E-02   8.78465E-07   9.25003E-01 
    9.91425E-07   3.08419E-02   3.11622E-02   4.28299E-02   9.57170E-01
   1.27300E+03   6.68671E-02   4.12520E-06   9.24728E-01   1.21523E-06 
    8.39935E-03   0.00000E+00   1.33535E-02   9.00792E-07   9.25007E-01 
    9.93167E-07   3.06857E-02   3.09523E-02   3.53333E-02   9.64667E-01
   1.28300E+03   6.68666E-02   4.11288E-06   9.24597E-01   1.20932E-06 
    8.53064E-03   0.00000E+00   1.37217E-02   9.23280E-07   9.25008E-01 
    9.94841E-07   3.05291E-02   3.07394E-02   2.76219E-02   9.72378E-01
   1.29300E+03   6.68662E-02   4.10021E-06   9.24467E-01   1.20360E-06 
    8.66194E-03   0.00000E+00   1.40953E-02   9.45922E-07   9.25007E-01 
    9.96448E-07   3.03722E-02   3.05233E-02   1.96881E-02   9.80312E-01
   1.30300E+03   6.68658E-02   4.08718E-06   9.24336E-01   1.19808E-06 
    8.79325E-03   0.00000E+00   1.44743E-02   9.68707E-07   9.25005E-01 
    9.97992E-07   3.02150E-02   3.03041E-02   1.15236E-02   9.88476E-01
   1.31300E+03   6.68654E-02   4.07380E-06   9.24205E-01   1.19276E-06 
    8.92456E-03   0.00000E+00   1.48587E-02   9.91626E-07   9.25000E-01 
    9.99475E-07   3.00574E-02   3.00817E-02   3.11988E-03   9.96880E-01
   1.31664E+03   6.68652E-02   4.06884E-06   9.24157E-01   1.19086E-06 
    8.97235E-03   0.00000E+00   1.50000E-02   1.00000E-06   9.24998E-01 
    1.00000E-06   3.00000E-02   3.00000E-02   0.00000E+00   1.00000E+00

 Phase Region for:
     FCC_A1#1                      
 col-1=T, col-2=W(FCC_A1#1,C), col-3=W(FCC_A1#1,CR), col-4=W(FCC_A1#1,FE),
   col-5=W(FCC_A1#1,MN), col-6=W(FCC_A1#1,NI), col-7=W(FCC_A1#1,SI),
   col-8=NP(FCC_A1#1),
   1.31664E+03   1.50000E-02   1.00000E-06   9.24998E-01   1.00000E-06 
    3.00000E-02   3.00000E-02   1.00000E+00
   1.32300E+03   1.50000E-02   1.00000E-06   9.24998E-01   1.00000E-06 
    3.00000E-02   3.00000E-02   1.00000E+00
   1.33300E+03   1.50000E-02   1.00000E-06   9.24998E-01   1.00000E-06 
    3.00000E-02   3.00000E-02   1.00000E+00
   1.34300E+03   1.50000E-02   1.00000E-06   9.24998E-01   1.00000E-06 
    3.00000E-02   3.00000E-02   1.00000E+00
   1.35300E+03   1.50000E-02   1.00000E-06   9.24998E-01   1.00000E-06 
    3.00000E-02   3.00000E-02   1.00000E+00
   1.36300E+03   1.50000E-02   1.00000E-06   9.24998E-01   1.00000E-06 
    3.00000E-02   3.00000E-02   1.00000E+00
   1.37300E+03   1.50000E-02   1.00000E-06   9.24998E-01   1.00000E-06 
    3.00000E-02   3.00000E-02   1.00000E+00
   1.38300E+03   1.50000E-02   1.00000E-06   9.24998E-01   1.00000E-06 
    3.00000E-02   3.00000E-02   1.00000E+00
   1.39300E+03   1.50000E-02   1.00000E-06   9.24998E-01   1.00000E-06 
    3.00000E-02   3.00000E-02   1.00000E+00
   1.40300E+03   1.50000E-02   1.00000E-06   9.24998E-01   1.00000E-06 
    3.00000E-02   3.00000E-02   1.00000E+00
   1.41300E+03   1.50000E-02   1.00000E-06   9.24998E-01   1.00000E-06 
    3.00000E-02   3.00000E-02   1.00000E+00
   1.42300E+03   1.50000E-02   1.00000E-06   9.24998E-01   1.00000E-06 
    3.00000E-02   3.00000E-02   1.00000E+00
   1.43300E+03   1.50000E-02   1.00000E-06   9.24998E-01   1.00000E-06 
    3.00000E-02   3.00000E-02   1.00000E+00
   1.44300E+03   1.50000E-02   1.00000E-06   9.24998E-01   1.00000E-06 
    3.00000E-02   3.00000E-02   1.00000E+00
   1.45300E+03   1.50000E-02   1.00000E-06   9.24998E-01   1.00000E-06 
    3.00000E-02   3.00000E-02   1.00000E+00
   1.46300E+03   1.50000E-02   1.00000E-06   9.24998E-01   1.00000E-06 
    3.00000E-02   3.00000E-02   1.00000E+00
   1.47300E+03   1.50000E-02   1.00000E-06   9.24998E-01   1.00000E-06 
    3.00000E-02   3.00000E-02   1.00000E+00

 Phase Region for:
     CEMENTITE                     
     FCC_A1#1                      
 col-1=T, col-2=W(CEMENTITE,C), col-3=W(CEMENTITE,CR), col-4=W(CEMENTITE,FE),
   col-5=W(CEMENTITE,MN), col-6=W(CEMENTITE,NI), col-7=W(CEMENTITE,SI),
   col-8=W(FCC_A1#1,C), col-9=W(FCC_A1#1,CR), col-10=W(FCC_A1#1,FE),
   col-11=W(FCC_A1#1,MN), col-12=W(FCC_A1#1,NI), col-13=W(FCC_A1#1,SI),
   col-14=NP(CEMENTITE), col-15=NP(FCC_A1#1),
   1.17300E+03   6.68713E-02   4.22893E-06   9.26033E-01   1.28593E-06 
    7.09020E-03   0.00000E+00   9.95907E-03   6.86208E-07   9.24897E-01 
    9.72213E-07   3.22264E-02   3.29154E-02   1.01723E-01   8.98277E-01
   1.16300E+03   6.68717E-02   4.23737E-06   9.26163E-01   1.29423E-06 
    6.95998E-03   0.00000E+00   9.64781E-03   6.65964E-07   9.24878E-01 
    9.69641E-07   3.23773E-02   3.30954E-02   1.07416E-01   8.92584E-01
   1.15300E+03   6.68722E-02   4.24546E-06   9.26292E-01   1.30277E-06 
    6.82995E-03   0.00000E+00   9.34160E-03   6.45974E-07   9.24857E-01 
    9.66973E-07   3.25275E-02   3.32725E-02   1.12957E-01   8.87043E-01
   1.14300E+03   6.68726E-02   4.25320E-06   9.26422E-01   1.31156E-06 
    6.70014E-03   0.00000E+00   9.04044E-03   6.26245E-07   9.24834E-01 
    9.64206E-07   3.26769E-02   3.34467E-02   1.18350E-01   8.81650E-01
   1.13300E+03   6.68730E-02   4.26059E-06   9.26551E-01   1.32060E-06 
    6.57056E-03   0.00000E+00   8.74430E-03   6.06784E-07   9.24811E-01 
    9.61337E-07   3.28255E-02   3.36179E-02   1.23598E-01   8.76402E-01
   1.12300E+03   6.68734E-02   4.26765E-06   9.26680E-01   1.32989E-06 
    6.44123E-03   0.00000E+00   8.45320E-03   5.87599E-07   9.24786E-01 
    9.58366E-07   3.29733E-02   3.37862E-02   1.28705E-01   8.71295E-01
   1.11300E+03   6.68738E-02   4.27436E-06   9.26808E-01   1.33944E-06 
    6.31219E-03   0.00000E+00   8.16711E-03   5.68697E-07   9.24760E-01 
    9.55289E-07   3.31202E-02   3.39516E-02   1.33674E-01   8.66326E-01
   1.10300E+03   6.68743E-02   4.28075E-06   9.26937E-01   1.34926E-06 
    6.18344E-03   0.00000E+00   7.88605E-03   5.50084E-07   9.24732E-01 
    9.52104E-07   3.32662E-02   3.41141E-02   1.38509E-01   8.61491E-01
   1.09300E+03   6.68747E-02   4.28680E-06   9.27065E-01   1.35934E-06 
    6.05501E-03   0.00000E+00   7.61001E-03   5.31767E-07   9.24704E-01 
    9.48809E-07   3.34112E-02   3.42738E-02   1.43214E-01   8.56786E-01
   1.08300E+03   6.68751E-02   4.29253E-06   9.27192E-01   1.36971E-06 
    5.92694E-03   0.00000E+00   7.33899E-03   5.13753E-07   9.24674E-01 
    9.45401E-07   3.35552E-02   3.44305E-02   1.47790E-01   8.52210E-01
   1.07300E+03   6.68755E-02   4.29794E-06   9.27320E-01   1.38036E-06 
    5.79923E-03   0.00000E+00   7.07299E-03   4.96046E-07   9.24643E-01 
    9.41878E-07   3.36981E-02   3.45843E-02   1.52241E-01   8.47759E-01
   1.06300E+03   6.68759E-02   4.30305E-06   9.27446E-01   1.39129E-06 
    5.67193E-03   0.00000E+00   6.81201E-03   4.78654E-07   9.24612E-01 
    9.38239E-07   3.38399E-02   3.47351E-02   1.56570E-01   8.43430E-01
   1.05300E+03   6.68763E-02   4.30784E-06   9.27573E-01   1.40252E-06 
    5.54505E-03   0.00000E+00   6.55607E-03   4.61582E-07   9.24579E-01 
    9.34481E-07   3.39805E-02   3.48831E-02   1.60779E-01   8.39221E-01
   1.04300E+03   6.68767E-02   4.31234E-06   9.27699E-01   1.41406E-06 
    5.41863E-03   0.00000E+00   6.30518E-03   4.44833E-07   9.24545E-01 
    9.30601E-07   3.41200E-02   3.50282E-02   1.64870E-01   8.35130E-01
   1.04089E+03   6.68768E-02   4.31325E-06   9.27725E-01   1.41653E-06 
    5.39203E-03   0.00000E+00   6.25291E-03   4.41343E-07   9.24538E-01 
    9.29768E-07   3.41492E-02   3.50584E-02   1.65718E-01   8.34282E-01

 Phase Region for:
     BCC_A2                        
     CEMENTITE                     
     FCC_A1#1                      
 col-1=T, col-2=W(BCC_A2,C), col-3=W(BCC_A2,CR), col-4=W(BCC_A2,FE),
   col-5=W(BCC_A2,MN), col-6=W(BCC_A2,NI), col-7=W(BCC_A2,SI),
   col-8=W(CEMENTITE,C), col-9=W(CEMENTITE,CR), col-10=W(CEMENTITE,FE),
   col-11=W(CEMENTITE,MN), col-12=W(CEMENTITE,NI), col-13=W(CEMENTITE,SI),
   col-14=W(FCC_A1#1,C), col-15=W(FCC_A1#1,CR), col-16=W(FCC_A1#1,FE),
   col-17=W(FCC_A1#1,MN), col-18=W(FCC_A1#1,NI), col-19=W(FCC_A1#1,SI),
   col-20=NP(BCC_A2), col-21=NP(CEMENTITE), col-22=NP(FCC_A1#1),
   1.04089E+03   1.86312E-04   2.60215E-07   9.37987E-01   3.35512E-07 
    1.68758E-02   4.49506E-02   6.68768E-02   4.31325E-06   9.27725E-01 
    1.41653E-06   5.39204E-03   0.00000E+00   6.25291E-03   4.41343E-07 
    9.24538E-01   9.29768E-07   3.41493E-02   3.50584E-02   1.80710E-06 
    1.65718E-01   8.34280E-01
   1.03300E+03   1.72268E-04   2.44941E-07   9.37739E-01   3.50449E-07 
    1.82881E-02   4.37997E-02   6.68755E-02   4.21117E-06   9.27328E-01 
    1.53455E-06   5.79031E-03   0.00000E+00   6.04037E-03   4.13204E-07 
    9.21945E-01   1.00588E-06   3.78645E-02   3.41486E-02   1.33433E-01 
    1.84500E-01   6.82067E-01
   1.02300E+03   1.55547E-04   2.28185E-07   9.37076E-01   3.68448E-07 
    2.01961E-02   4.25714E-02   6.68737E-02   4.11290E-06   9.26781E-01 
    1.69144E-06   6.33962E-03   0.00000E+00   5.76622E-03   3.81867E-07 
    9.17907E-01   1.11026E-06   4.31295E-02   3.31953E-02   2.76754E-01 
    2.03887E-01   5.19359E-01
   1.01300E+03   1.40013E-04   2.13756E-07   9.36089E-01   3.84668E-07 
    2.21915E-02   4.15789E-02   6.68718E-02   4.04299E-06   9.26196E-01 
    1.85394E-06   6.92672E-03   0.00000E+00   5.48649E-03   3.54391E-07 
    9.13075E-01   1.22282E-06   4.89901E-02   3.24471E-02   3.93363E-01 
    2.18940E-01   3.87697E-01
   1.00300E+03   1.25662E-04   2.01133E-07   9.34859E-01   3.98442E-07 
    2.42247E-02   4.07903E-02   6.68699E-02   3.99556E-06   9.25586E-01 
    2.01970E-06   7.53819E-03   0.00000E+00   5.20195E-03   3.29936E-07 
    9.07510E-01   1.34303E-06   5.54098E-02   3.18770E-02   4.86573E-01 
    2.30383E-01   2.83043E-01
   9.93000E+02   1.12481E-04   1.89897E-07   9.33465E-01   4.09262E-07 
    2.62507E-02   4.01711E-02   6.68678E-02   3.96572E-06   9.24964E-01 
    2.18707E-06   8.16211E-03   0.00000E+00   4.91394E-03   3.07839E-07 
    9.01271E-01   1.47076E-06   6.23576E-02   3.14552E-02   5.60106E-01 
    2.38925E-01   2.00970E-01
   9.83000E+02   1.00443E-04   1.79714E-07   9.31978E-01   4.16765E-07 
    2.82311E-02   3.96895E-02   6.68658E-02   3.94956E-06   9.24339E-01 
    2.35512E-06   8.78903E-03   0.00000E+00   4.62396E-03   2.87592E-07 
    8.94404E-01   1.60643E-06   6.98158E-02   3.11545E-02   6.17524E-01 
    2.45195E-01   1.37281E-01
   9.73000E+02   8.96202E-05   1.70093E-07   9.30506E-01   4.17800E-07 
    3.00867E-02   3.93173E-02   6.68638E-02   3.94497E-06   9.23705E-01 
    2.52835E-06   9.42468E-03   0.00000E+00   4.33168E-03   2.68818E-07 
    8.86804E-01   1.75501E-06   7.78766E-02   3.09853E-02   6.61543E-01 
    2.49691E-01   8.87662E-02
   9.63000E+02   7.98214E-05   1.61115E-07   9.29018E-01   4.15670E-07 
    3.18679E-02   3.90336E-02   6.68617E-02   3.94823E-06   9.23071E-01 
    2.70338E-06   1.00611E-02   0.00000E+00   4.03942E-03   2.51133E-07 
    8.78511E-01   1.91575E-06   8.65582E-02   3.08890E-02   6.95519E-01 
    2.52894E-01   5.15872E-02
   9.53000E+02   7.09293E-05   1.52767E-07   9.27531E-01   4.11938E-07 
    3.35786E-02   3.88189E-02   6.68597E-02   3.95694E-06   9.22451E-01 
    2.87581E-06   1.06826E-02   0.00000E+00   3.74989E-03   2.34382E-07 
    8.69621E-01   2.08672E-06   9.57964E-02   3.08301E-02   7.21592E-01 
    2.55132E-01   2.32762E-02
   9.43000E+02   6.28887E-05   1.44928E-07   9.26082E-01   4.06526E-07 
    3.51973E-02   3.86572E-02   6.68577E-02   3.96973E-06   9.21854E-01 
    3.04409E-06   1.12809E-02   0.00000E+00   3.46481E-03   2.18474E-07 
    8.60167E-01   2.26823E-06   1.05568E-01   3.07971E-02   7.41328E-01 
    2.56650E-01   2.02191E-03
   9.41873E+02   6.20334E-05   1.44073E-07   9.25922E-01   4.05812E-07 
    3.53733E-02   3.86417E-02   6.68575E-02   3.97137E-06   9.21789E-01 
    3.06274E-06   1.13465E-02   0.00000E+00   3.43304E-03   2.16732E-07 
    8.59068E-01   2.28938E-06   1.06702E-01   3.07946E-02   7.43215E-01 
    2.56785E-01   0.00000E+00

 Phase Region for:
     BCC_A2                        
     CEMENTITE                     
 col-1=T, col-2=W(BCC_A2,C), col-3=W(BCC_A2,CR), col-4=W(BCC_A2,FE),
   col-5=W(BCC_A2,MN), col-6=W(BCC_A2,NI), col-7=W(BCC_A2,SI),
   col-8=W(CEMENTITE,C), col-9=W(CEMENTITE,CR), col-10=W(CEMENTITE,FE),
   col-11=W(CEMENTITE,MN), col-12=W(CEMENTITE,NI), col-13=W(CEMENTITE,SI),
   col-14=NP(BCC_A2), col-15=NP(CEMENTITE),
   9.41873E+02   6.20334E-05   1.44073E-07   9.25922E-01   4.05812E-07 
    3.53733E-02   3.86417E-02   6.68575E-02   3.97137E-06   9.21789E-01 
    3.06274E-06   1.13465E-02   0.00000E+00   7.43215E-01   2.56785E-01  NONE
   9.33000E+02   5.57830E-05   1.37710E-07   9.25943E-01   3.87267E-07 
    3.53552E-02   3.86454E-02   6.68573E-02   3.99220E-06   9.21718E-01 
    3.12622E-06   1.14172E-02   0.00000E+00   7.43132E-01   2.56868E-01  NONE
   9.23000E+02   4.93950E-05   1.30732E-07   9.25965E-01   3.67083E-07 
    3.53359E-02   3.86491E-02   6.68571E-02   4.01511E-06   9.21644E-01 
    3.19531E-06   1.14922E-02   0.00000E+00   7.43047E-01   2.56953E-01  NONE
   9.13000E+02   4.36453E-05   1.23957E-07   9.25986E-01   3.47638E-07 
    3.53176E-02   3.86525E-02   6.68568E-02   4.03742E-06   9.21573E-01 
    3.26187E-06   1.15626E-02   0.00000E+00   7.42970E-01   2.57030E-01  NONE
   9.03000E+02   3.84791E-05   1.17386E-07   9.26005E-01   3.28915E-07 
    3.53005E-02   3.86555E-02   6.68566E-02   4.05914E-06   9.21507E-01 
    3.32598E-06   1.16286E-02   0.00000E+00   7.42901E-01   2.57099E-01  NONE
   8.93000E+02   3.38456E-05   1.11017E-07   9.26023E-01   3.10894E-07 
    3.52843E-02   3.86582E-02   6.68564E-02   4.08025E-06   9.21446E-01 
    3.38769E-06   1.16904E-02   0.00000E+00   7.42839E-01   2.57161E-01  NONE
   8.83000E+02   2.96979E-05   1.04851E-07   9.26040E-01   2.93558E-07 
    3.52691E-02   3.86607E-02   6.68562E-02   4.10074E-06   9.21388E-01 
    3.44707E-06   1.17481E-02   0.00000E+00   7.42784E-01   2.57216E-01  NONE
   8.73000E+02   2.59924E-05   9.88863E-08   9.26056E-01   2.76892E-07 
    3.52549E-02   3.86628E-02   6.68561E-02   4.12062E-06   9.21334E-01 
    3.50417E-06   1.18020E-02   0.00000E+00   7.42735E-01   2.57265E-01  NONE
   8.63000E+02   2.26892E-05   9.31237E-08   9.26071E-01   2.60880E-07 
    3.52416E-02   3.86648E-02   6.68559E-02   4.13987E-06   9.21284E-01 
    3.55905E-06   1.18520E-02   0.00000E+00   7.42691E-01   2.57309E-01  NONE
   8.53000E+02   1.97511E-05   8.75628E-08   9.26084E-01   2.45508E-07 
    3.52292E-02   3.86665E-02   6.68557E-02   4.15850E-06   9.21238E-01 
    3.61176E-06   1.18984E-02   0.00000E+00   7.42651E-01   2.57349E-01  NONE
   8.43000E+02   1.71440E-05   8.22035E-08   9.26097E-01   2.30761E-07 
    3.52178E-02   3.86680E-02   6.68556E-02   4.17649E-06   9.21195E-01 
    3.66233E-06   1.19412E-02   0.00000E+00   7.42617E-01   2.57383E-01  NONE
   8.33000E+02   1.48362E-05   7.70453E-08   9.26108E-01   2.16626E-07 
    3.52073E-02   3.86694E-02   6.68555E-02   4.19384E-06   9.21156E-01 
    3.71083E-06   1.19804E-02   0.00000E+00   7.42586E-01   2.57414E-01  NONE
   8.23000E+02   1.27988E-05   7.20877E-08   9.26119E-01   2.03089E-07 
    3.51977E-02   3.86706E-02   6.68554E-02   4.21055E-06   9.21120E-01 
    3.75729E-06   1.20162E-02   0.00000E+00   7.42559E-01   2.57441E-01  NONE
   8.13000E+02   1.10050E-05   6.73300E-08   9.26128E-01   1.90139E-07 
    3.51890E-02   3.86716E-02   6.68553E-02   4.22662E-06   9.21088E-01 
    3.80176E-06   1.20485E-02   0.00000E+00   7.42535E-01   2.57465E-01  NONE
   8.03000E+02   9.43014E-06   6.27712E-08   9.26137E-01   1.77762E-07 
    3.51811E-02   3.86726E-02   6.68552E-02   4.24205E-06   9.21059E-01 
    3.84427E-06   1.20774E-02   0.00000E+00   7.42514E-01   2.57486E-01  NONE
   7.93000E+02   8.05176E-06   5.84102E-08   9.26144E-01   1.65946E-07 
    3.51743E-02   3.86734E-02   6.68551E-02   4.25683E-06   9.21034E-01 
    3.88488E-06   1.21030E-02   0.00000E+00   7.42495E-01   2.57505E-01  NONE
   7.83000E+02   6.84914E-06   5.42454E-08   9.26151E-01   1.54679E-07 
    3.51683E-02   3.86741E-02   6.68550E-02   4.27097E-06   9.21012E-01 
    3.92361E-06   1.21251E-02   0.00000E+00   7.42479E-01   2.57521E-01  NONE
   7.73000E+02   5.80338E-06   5.02750E-08   9.26156E-01   1.43948E-07 
    3.51632E-02   3.86747E-02   6.68549E-02   4.28447E-06   9.20993E-01 
    3.96052E-06   1.21438E-02   0.00000E+00   7.42466E-01   2.57534E-01  NONE
   7.63000E+02   4.89719E-06   4.64970E-08   9.26161E-01   1.33741E-07 
    3.51592E-02   3.86752E-02   6.68549E-02   4.29733E-06   9.20978E-01 
    3.99563E-06   1.21590E-02   0.00000E+00   7.42453E-01   2.57547E-01  NONE
   7.53000E+02   4.11484E-06   4.29090E-08   9.26164E-01   1.24046E-07 
    3.51560E-02   3.86757E-02   6.68549E-02   4.30956E-06   9.20966E-01 
    4.02900E-06   1.21707E-02   0.00000E+00   7.42443E-01   2.57557E-01  NONE
   7.43000E+02   3.44201E-06   3.95080E-08   9.26166E-01   1.14850E-07 
    3.51539E-02   3.86761E-02   6.68548E-02   4.32117E-06   9.20958E-01 
    4.06066E-06   1.21789E-02   0.00000E+00   7.42434E-01   2.57566E-01  NONE
   7.33000E+02   2.86572E-06   3.62912E-08   9.26168E-01   1.06140E-07 
    3.51528E-02   3.86764E-02   6.68548E-02   4.33217E-06   9.20953E-01 
    4.09065E-06   1.21835E-02   0.00000E+00   7.42426E-01   2.57574E-01  NONE
   7.23000E+02   2.37423E-06   3.32550E-08   9.26168E-01   9.79034E-08 
    3.51527E-02   3.86767E-02   6.68548E-02   4.34255E-06   9.20952E-01 
    4.11903E-06   1.21844E-02   0.00000E+00   7.42420E-01   2.57580E-01  NONE
   7.13000E+02   1.95694E-06   3.03957E-08   9.26167E-01   9.01272E-08 
    3.51537E-02   3.86769E-02   6.68548E-02   4.35235E-06   9.20955E-01 
    4.14583E-06   1.21814E-02   0.00000E+00   7.42414E-01   2.57586E-01  NONE
   7.03000E+02   1.60431E-06   2.77093E-08   9.26165E-01   8.27979E-08 
    3.51558E-02   3.86771E-02   6.68548E-02   4.36156E-06   9.20962E-01 
    4.17110E-06   1.21747E-02   0.00000E+00   7.42410E-01   2.57590E-01  NONE
   6.93000E+02   1.30781E-06   2.51914E-08   9.26162E-01   7.59019E-08 
    3.51590E-02   3.86773E-02   6.68549E-02   4.37020E-06   9.20973E-01 
    4.19488E-06   1.21639E-02   0.00000E+00   7.42406E-01   2.57594E-01  NONE
   6.83000E+02   1.05980E-06   2.28373E-08   9.26158E-01   6.94257E-08 
    3.51634E-02   3.86774E-02   6.68549E-02   4.37829E-06   9.20988E-01 
    4.21722E-06   1.21489E-02   0.00000E+00   7.42402E-01   2.57598E-01  NONE
   6.79074E+02   9.74171E-07   2.19567E-08   9.26156E-01   6.69946E-08 
    3.51654E-02   3.86775E-02   6.68550E-02   4.38131E-06   9.20995E-01 
    4.22561E-06   1.21419E-02   0.00000E+00   7.42401E-01   2.57599E-01  NONE

 Phase Region for:
     BCC_A2                        
     CEMENTITE                     
     FCC_A1#1                      
 col-1=T, col-2=W(BCC_A2,C), col-3=W(BCC_A2,CR), col-4=W(BCC_A2,FE),
   col-5=W(BCC_A2,MN), col-6=W(BCC_A2,NI), col-7=W(BCC_A2,SI),
   col-8=W(CEMENTITE,C), col-9=W(CEMENTITE,CR), col-10=W(CEMENTITE,FE),
   col-11=W(CEMENTITE,MN), col-12=W(CEMENTITE,NI), col-13=W(CEMENTITE,SI),
   col-14=W(FCC_A1#1,C), col-15=W(FCC_A1#1,CR), col-16=W(FCC_A1#1,FE),
   col-17=W(FCC_A1#1,MN), col-18=W(FCC_A1#1,NI), col-19=W(FCC_A1#1,SI),
   col-20=NP(BCC_A2), col-21=NP(CEMENTITE), col-22=NP(FCC_A1#1),
   6.79074E+02   9.74169E-07   2.19567E-08   9.26156E-01   6.69945E-08 
    3.51654E-02   3.86775E-02   6.68550E-02   4.38131E-06   9.20995E-01 
    4.22561E-06   1.21419E-02   0.00000E+00   3.81787E-05   3.14167E-09 
    4.22137E-01   3.22071E-06   5.42673E-01   3.51484E-02   7.42401E-01 
    2.57599E-01   2.29698E-08
   6.73000E+02   8.56541E-07   2.06084E-08   9.27052E-01   6.28251E-08 
    3.42636E-02   3.86839E-02   6.68560E-02   4.38615E-06   9.21317E-01 
    4.22244E-06   1.18183E-02   0.00000E+00   3.32996E-05   2.26112E-09 
    4.12567E-01   2.71595E-06   5.52124E-01   3.52725E-02   7.41012E-01 
    2.57600E-01   1.38808E-03
