
 Phase Region for:
     CEMENTITE                     
     FCC_A1#1                      
 col-1=T, col-2=W(CEMENTITE,C), col-3=W(CEMENTITE,CR), col-4=W(CEMENTITE,FE),
   col-5=W(CEMENTITE,MN), col-6=W(CEMENTITE,NI), col-7=W(CEMENTITE,SI),
   col-8=W(FCC_A1#1,C), col-9=W(FCC_A1#1,CR), col-10=W(FCC_A1#1,FE),
   col-11=W(FCC_A1#1,MN), col-12=W(FCC_A1#1,NI), col-13=W(FCC_A1#1,SI),
   col-14=NP(CEMENTITE), col-15=NP(FCC_A1#1),
   1.17300E+03   6.75500E-02   1.32119E-01   7.86539E-01   1.05465E-02 
    3.24515E-03   0.00000E+00   9.26848E-03   1.88621E-02   9.31782E-01 
    7.16856E-03   2.46004E-02   8.31884E-03   1.16183E-01   8.83817E-01
   1.18300E+03   6.75486E-02   1.31897E-01   7.86749E-01   1.04918E-02 
    3.31348E-03   0.00000E+00   9.56191E-03   1.94550E-02   9.31029E-01 
    7.19122E-03   2.44858E-02   8.27698E-03   1.10793E-01   8.89207E-01
   1.19300E+03   6.75472E-02   1.31671E-01   7.86961E-01   1.04389E-02 
    3.38222E-03   0.00000E+00   9.86062E-03   2.00561E-02   9.30265E-01 
    7.21339E-03   2.43701E-02   8.23436E-03   1.05250E-01   8.94750E-01
   1.20300E+03   6.75458E-02   1.31440E-01   7.87175E-01   1.03876E-02 
    3.45136E-03   0.00000E+00   1.01647E-02   2.06653E-02   9.29491E-01 
    7.23510E-03   2.42532E-02   8.19098E-03   9.95483E-02   9.00452E-01
   1.21300E+03   6.75443E-02   1.31205E-01   7.87392E-01   1.03381E-02 
    3.52091E-03   0.00000E+00   1.04741E-02   2.12826E-02   9.28705E-01 
    7.25636E-03   2.41350E-02   8.14683E-03   9.36841E-02   9.06316E-01
   1.22300E+03   6.75429E-02   1.30966E-01   7.87610E-01   1.02902E-02 
    3.59084E-03   0.00000E+00   1.07888E-02   2.19079E-02   9.27908E-01 
    7.27719E-03   2.40158E-02   8.10191E-03   8.76520E-02   9.12348E-01
   1.23300E+03   6.75414E-02   1.30724E-01   7.87830E-01   1.02439E-02 
    3.66115E-03   0.00000E+00   1.11091E-02   2.25410E-02   9.27101E-01 
    7.29760E-03   2.38954E-02   8.05621E-03   8.14466E-02   9.18553E-01
   1.24300E+03   6.75399E-02   1.30478E-01   7.88051E-01   1.01993E-02 
    3.73183E-03   0.00000E+00   1.14348E-02   2.31818E-02   9.26282E-01 
    7.31763E-03   2.37738E-02   8.00973E-03   7.50625E-02   9.24938E-01
   1.25300E+03   6.75384E-02   1.30230E-01   7.88272E-01   1.01563E-02 
    3.80288E-03   0.00000E+00   1.17660E-02   2.38303E-02   9.25453E-01 
    7.33729E-03   2.36512E-02   7.96246E-03   6.84936E-02   9.31506E-01
   1.26300E+03   6.75369E-02   1.29980E-01   7.88494E-01   1.01148E-02 
    3.87428E-03   0.00000E+00   1.21028E-02   2.44865E-02   9.24612E-01 
    7.35659E-03   2.35274E-02   7.91439E-03   6.17338E-02   9.38266E-01
   1.27300E+03   6.75354E-02   1.29728E-01   7.88716E-01   1.00749E-02 
    3.94602E-03   0.00000E+00   1.24452E-02   2.51502E-02   9.23761E-01 
    7.37557E-03   2.34026E-02   7.86552E-03   5.47766E-02   9.45223E-01
   1.28300E+03   6.75338E-02   1.29474E-01   7.88937E-01   1.00366E-02 
    4.01810E-03   0.00000E+00   1.27932E-02   2.58214E-02   9.22899E-01 
    7.39423E-03   2.32766E-02   7.81583E-03   4.76152E-02   9.52385E-01
   1.29300E+03   6.75323E-02   1.29220E-01   7.89157E-01   9.99973E-03 
    4.09051E-03   0.00000E+00   1.31470E-02   2.65002E-02   9.22025E-01 
    7.41260E-03   2.31496E-02   7.76533E-03   4.02422E-02   9.59758E-01
   1.30300E+03   6.75308E-02   1.28965E-01   7.89376E-01   9.96440E-03 
    4.16324E-03   0.00000E+00   1.35065E-02   2.71864E-02   9.21141E-01 
    7.43071E-03   2.30216E-02   7.71400E-03   3.26500E-02   9.67350E-01
   1.31300E+03   6.75292E-02   1.28711E-01   7.89593E-01   9.93057E-03 
    4.23628E-03   0.00000E+00   1.38719E-02   2.78801E-02   9.20245E-01 
    7.44857E-03   2.28925E-02   7.66183E-03   2.48304E-02   9.75170E-01
   1.32300E+03   6.75277E-02   1.28457E-01   7.89808E-01   9.89823E-03 
    4.30963E-03   0.00000E+00   1.42432E-02   2.85814E-02   9.19338E-01 
    7.46621E-03   2.27623E-02   7.60882E-03   1.67749E-02   9.83225E-01
   1.33300E+03   6.75262E-02   1.28204E-01   7.90020E-01   9.86736E-03 
    4.38327E-03   0.00000E+00   1.46204E-02   2.92902E-02   9.18420E-01 
    7.48365E-03   2.26312E-02   7.55496E-03   8.47438E-03   9.91526E-01
   1.34291E+03   6.75247E-02   1.27955E-01   7.90226E-01   9.83823E-03 
    4.45650E-03   0.00000E+00   1.50000E-02   3.00000E-02   9.17498E-01 
    7.50075E-03   2.25003E-02   7.50075E-03   0.00000E+00   1.00000E+00

 Phase Region for:
     FCC_A1#1                      
 col-1=T, col-2=W(FCC_A1#1,C), col-3=W(FCC_A1#1,CR), col-4=W(FCC_A1#1,FE),
   col-5=W(FCC_A1#1,MN), col-6=W(FCC_A1#1,NI), col-7=W(FCC_A1#1,SI),
   col-8=NP(FCC_A1#1),
   1.34291E+03   1.50000E-02   3.00000E-02   9.17498E-01   7.50075E-03 
    2.25003E-02   7.50075E-03   1.00000E+00
   1.34300E+03   1.50000E-02   3.00000E-02   9.17498E-01   7.50075E-03 
    2.25003E-02   7.50075E-03   1.00000E+00
   1.35300E+03   1.50000E-02   3.00000E-02   9.17498E-01   7.50075E-03 
    2.25003E-02   7.50075E-03   1.00000E+00
   1.36300E+03   1.50000E-02   3.00000E-02   9.17498E-01   7.50075E-03 
    2.25003E-02   7.50075E-03   1.00000E+00
   1.37300E+03   1.50000E-02   3.00000E-02   9.17498E-01   7.50075E-03 
    2.25003E-02   7.50075E-03   1.00000E+00
   1.38300E+03   1.50000E-02   3.00000E-02   9.17498E-01   7.50075E-03 
    2.25003E-02   7.50075E-03   1.00000E+00
   1.39300E+03   1.50000E-02   3.00000E-02   9.17498E-01   7.50075E-03 
    2.25003E-02   7.50075E-03   1.00000E+00
   1.40300E+03   1.50000E-02   3.00000E-02   9.17498E-01   7.50075E-03 
    2.25003E-02   7.50075E-03   1.00000E+00
   1.41300E+03   1.50000E-02   3.00000E-02   9.17498E-01   7.50075E-03 
    2.25003E-02   7.50075E-03   1.00000E+00
   1.42300E+03   1.50000E-02   3.00000E-02   9.17498E-01   7.50075E-03 
    2.25003E-02   7.50075E-03   1.00000E+00
   1.43300E+03   1.50000E-02   3.00000E-02   9.17498E-01   7.50075E-03 
    2.25003E-02   7.50075E-03   1.00000E+00
   1.44300E+03   1.50000E-02   3.00000E-02   9.17498E-01   7.50075E-03 
    2.25003E-02   7.50075E-03   1.00000E+00
   1.45300E+03   1.50000E-02   3.00000E-02   9.17498E-01   7.50075E-03 
    2.25003E-02   7.50075E-03   1.00000E+00
   1.46300E+03   1.50000E-02   3.00000E-02   9.17498E-01   7.50075E-03 
    2.25003E-02   7.50075E-03   1.00000E+00
   1.47300E+03   1.50000E-02   3.00000E-02   9.17498E-01   7.50075E-03 
    2.25003E-02   7.50075E-03   1.00000E+00

 Phase Region for:
     CEMENTITE                     
     FCC_A1#1                      
 col-1=T, col-2=W(CEMENTITE,C), col-3=W(CEMENTITE,CR), col-4=W(CEMENTITE,FE),
   col-5=W(CEMENTITE,MN), col-6=W(CEMENTITE,NI), col-7=W(CEMENTITE,SI),
   col-8=W(FCC_A1#1,C), col-9=W(FCC_A1#1,CR), col-10=W(FCC_A1#1,FE),
   col-11=W(FCC_A1#1,MN), col-12=W(FCC_A1#1,NI), col-13=W(FCC_A1#1,SI),
   col-14=NP(CEMENTITE), col-15=NP(FCC_A1#1),
   1.17300E+03   6.75500E-02   1.32119E-01   7.86539E-01   1.05465E-02 
    3.24515E-03   0.00000E+00   9.26848E-03   1.88621E-02   9.31782E-01 
    7.16856E-03   2.46004E-02   8.31884E-03   1.16183E-01   8.83817E-01
   1.16300E+03   6.75514E-02   1.32335E-01   7.86333E-01   1.06030E-02 
    3.17724E-03   0.00000E+00   8.98030E-03   1.82776E-02   9.32523E-01 
    7.14539E-03   2.47137E-02   8.35995E-03   1.21424E-01   8.78576E-01
   1.15300E+03   6.75527E-02   1.32546E-01   7.86130E-01   1.06612E-02 
    3.10977E-03   0.00000E+00   8.69733E-03   1.77016E-02   9.33253E-01 
    7.12171E-03   2.48258E-02   8.40032E-03   1.26520E-01   8.73480E-01
   1.14300E+03   6.75540E-02   1.32751E-01   7.85931E-01   1.07214E-02 
    3.04273E-03   0.00000E+00   8.41955E-03   1.71342E-02   9.33972E-01 
    7.09749E-03   2.49366E-02   8.43994E-03   1.31475E-01   8.68525E-01
   1.13300E+03   6.75553E-02   1.32950E-01   7.85735E-01   1.07833E-02 
    2.97615E-03   0.00000E+00   8.14692E-03   1.65756E-02   9.34680E-01 
    7.07271E-03   2.50461E-02   8.47883E-03   1.36294E-01   8.63706E-01
   1.12300E+03   6.75565E-02   1.33142E-01   7.85544E-01   1.08472E-02 
    2.91002E-03   0.00000E+00   7.87940E-03   1.60258E-02   9.35376E-01 
    7.04735E-03   2.51544E-02   8.51699E-03   1.40979E-01   8.59021E-01
   1.11300E+03   6.75577E-02   1.33328E-01   7.85356E-01   1.09131E-02 
    2.84435E-03   0.00000E+00   7.61698E-03   1.54850E-02   9.36061E-01 
    7.02141E-03   2.52614E-02   8.55442E-03   1.45534E-01   8.54466E-01
   1.10300E+03   6.75589E-02   1.33508E-01   7.85174E-01   1.09809E-02 
    2.77916E-03   0.00000E+00   7.35961E-03   1.49533E-02   9.36734E-01 
    6.99485E-03   2.53671E-02   8.59112E-03   1.49963E-01   8.50037E-01
   1.09300E+03   6.75600E-02   1.33680E-01   7.84995E-01   1.10507E-02 
    2.71445E-03   0.00000E+00   7.10726E-03   1.44308E-02   9.37396E-01 
    6.96767E-03   2.54714E-02   8.62711E-03   1.54269E-01   8.45731E-01
   1.08300E+03   6.75611E-02   1.33844E-01   7.84822E-01   1.11225E-02 
    2.65023E-03   0.00000E+00   6.85991E-03   1.39177E-02   9.38046E-01 
    6.93985E-03   2.55744E-02   8.66238E-03   1.58455E-01   8.41545E-01
   1.07300E+03   6.75622E-02   1.34002E-01   7.84653E-01   1.11965E-02 
    2.58652E-03   0.00000E+00   6.61753E-03   1.34141E-02   9.38684E-01 
    6.91136E-03   2.56760E-02   8.69695E-03   1.62524E-01   8.37476E-01
   1.06300E+03   6.75632E-02   1.34152E-01   7.84489E-01   1.12726E-02 
    2.52331E-03   0.00000E+00   6.38008E-03   1.29200E-02   9.39311E-01 
    6.88220E-03   2.57763E-02   8.73081E-03   1.66479E-01   8.33521E-01
   1.05300E+03   6.75642E-02   1.34294E-01   7.84330E-01   1.13509E-02 
    2.46062E-03   0.00000E+00   6.14754E-03   1.24356E-02   9.39925E-01 
    6.85234E-03   2.58752E-02   8.76397E-03   1.70323E-01   8.29677E-01
   1.04300E+03   6.75652E-02   1.34428E-01   7.84176E-01   1.14314E-02 
    2.39845E-03   0.00000E+00   5.91987E-03   1.19610E-02   9.40528E-01 
    6.82177E-03   2.59726E-02   8.79643E-03   1.74058E-01   8.25942E-01
   1.03300E+03   6.75661E-02   1.34555E-01   7.84028E-01   1.15142E-02 
    2.33683E-03   0.00000E+00   5.69705E-03   1.14963E-02   9.41119E-01 
    6.79047E-03   2.60687E-02   8.82820E-03   1.77686E-01   8.22314E-01
   1.02300E+03   6.75670E-02   1.34674E-01   7.83884E-01   1.15993E-02 
    2.27574E-03   0.00000E+00   5.47906E-03   1.10415E-02   9.41698E-01 
    6.75842E-03   2.61633E-02   8.85929E-03   1.81211E-01   8.18789E-01
   1.01300E+03   6.75678E-02   1.34784E-01   7.83746E-01   1.16868E-02 
    2.21522E-03   0.00000E+00   5.26586E-03   1.05968E-02   9.42266E-01 
    6.72561E-03   2.62565E-02   8.88969E-03   1.84635E-01   8.15365E-01
   1.00300E+03   6.75686E-02   1.34887E-01   7.83613E-01   1.17767E-02 
    2.15525E-03   0.00000E+00   5.05742E-03   1.01622E-02   9.42821E-01 
    6.69202E-03   2.63482E-02   8.91941E-03   1.87960E-01   8.12040E-01
   9.96317E+02   6.75691E-02   1.34951E-01   7.83527E-01   1.18381E-02 
    2.11550E-03   0.00000E+00   4.92076E-03   9.87749E-03   9.43185E-01 
    6.66913E-03   2.64087E-02   8.93889E-03   1.90127E-01   8.09873E-01

 Phase Region for:
     BCC_A2                        
     CEMENTITE                     
     FCC_A1#1                      
 col-1=T, col-2=W(BCC_A2,C), col-3=W(BCC_A2,CR), col-4=W(BCC_A2,FE),
   col-5=W(BCC_A2,MN), col-6=W(BCC_A2,NI), col-7=W(BCC_A2,SI),
   col-8=W(CEMENTITE,C), col-9=W(CEMENTITE,CR), col-10=W(CEMENTITE,FE),
   col-11=W(CEMENTITE,MN), col-12=W(CEMENTITE,NI), col-13=W(CEMENTITE,SI),
   col-14=W(FCC_A1#1,C), col-15=W(FCC_A1#1,CR), col-16=W(FCC_A1#1,FE),
   col-17=W(FCC_A1#1,MN), col-18=W(FCC_A1#1,NI), col-19=W(FCC_A1#1,SI),
   col-20=NP(BCC_A2), col-21=NP(CEMENTITE), col-22=NP(FCC_A1#1),
   9.96317E+02   1.12897E-04   5.85293E-03   9.68736E-01   1.86777E-03 
    1.14621E-02   1.19686E-02   6.75691E-02   1.34951E-01   7.83527E-01 
    1.18381E-02   2.11550E-03   0.00000E+00   4.92076E-03   9.87748E-03 
    9.43185E-01   6.66914E-03   2.64087E-02   8.93888E-03   2.82848E-06 
    1.90128E-01   8.09870E-01
   9.93000E+02   1.09461E-04   5.64269E-03   9.68563E-01   1.92103E-03 
    1.21548E-02   1.16089E-02   6.75596E-02   1.32969E-01   7.84687E-01 
    1.25229E-02   2.26122E-03   0.00000E+00   4.86796E-03   9.54006E-03 
    9.41397E-01   7.05956E-03   2.84400E-02   8.69530E-03   8.89755E-02 
    1.99352E-01   7.11673E-01
   9.83000E+02   9.90002E-05   5.12571E-03   9.67521E-01   2.07357E-03 
    1.43616E-02   1.08191E-02   6.75381E-02   1.28465E-01   7.86681E-01 
    1.45914E-02   2.72532E-03   0.00000E+00   4.67372E-03   8.67637E-03 
    9.34870E-01   8.31233E-03   3.52614E-02   8.20620E-03   3.02977E-01 
    2.21428E-01   4.75595E-01
   9.73000E+02   8.87854E-05   4.73479E-03   9.65999E-01   2.20278E-03 
    1.66359E-02   1.03383E-02   6.75250E-02   1.25698E-01   7.86984E-01 
    1.65892E-02   3.20402E-03   0.00000E+00   4.44181E-03   7.98400E-03 
    9.27003E-01   9.64513E-03   4.29520E-02   7.97368E-03   4.51072E-01 
    2.36358E-01   3.12570E-01
   9.63000E+02   7.91565E-05   4.42238E-03   9.64273E-01   2.30270E-03 
    1.88785E-02   1.00444E-02   6.75177E-02   1.24103E-01   7.86232E-01 
    1.84697E-02   3.67693E-03   0.00000E+00   4.18789E-03   7.40230E-03 
    9.18130E-01   1.10375E-02   5.13458E-02   7.89621E-03   5.52885E-01 
    2.46216E-01   2.00899E-01
   9.53000E+02   7.02741E-05   4.15889E-03   9.62503E-01   2.37321E-03 
    2.10307E-02   9.86371E-03   6.75140E-02   1.23272E-01   7.84859E-01 
    2.02225E-02   4.13196E-03   0.00000E+00   3.92257E-03   6.89214E-03 
    9.08438E-01   1.24871E-02   6.03474E-02   7.91278E-03   6.23281E-01 
    2.52662E-01   1.24057E-01
   9.43000E+02   6.21881E-05   3.92675E-03   9.60782E-01   2.41652E-03 
    2.30599E-02   9.75279E-03   6.75128E-02   1.22938E-01   7.83136E-01 
    2.18516E-02   4.56219E-03   0.00000E+00   3.65272E-03   6.43001E-03 
    8.98018E-01   1.40011E-02   6.99105E-02   7.98726E-03   6.72331E-01 
    2.56849E-01   7.08204E-02
   9.33000E+02   5.48888E-05   3.71550E-03   9.59160E-01   2.43561E-03 
    2.49481E-02   9.68582E-03   6.75131E-02   1.22930E-01   7.81228E-01 
    2.33658E-02   4.96372E-03   0.00000E+00   3.38292E-03   6.00196E-03 
    8.86908E-01   1.55912E-02   8.00182E-02   8.09765E-03   7.06682E-01 
    2.59538E-01   3.37796E-02
   9.23000E+02   4.83369E-05   3.51881E-03   9.57666E-01   2.43346E-03 
    2.66864E-02   9.64689E-03   6.75145E-02   1.23137E-01   7.79240E-01 
    2.47744E-02   5.33436E-03   0.00000E+00   3.11642E-03   5.59974E-03 
    8.75111E-01   1.72717E-02   9.06713E-02   8.22990E-03   7.30739E-01 
    2.61234E-01   8.02714E-03
   9.18941E+02   4.58790E-05   3.44217E-03   9.57100E-01   2.42719E-03 
    2.73481E-02   9.63665E-03   6.75153E-02   1.23265E-01   7.78427E-01 
    2.53179E-02   5.47569E-03   0.00000E+00   3.00977E-03   5.44268E-03 
    8.70124E-01   1.79831E-02   9.51529E-02   8.28757E-03   7.38282E-01 
    2.61718E-01   0.00000E+00

 Phase Region for:
     BCC_A2                        
     CEMENTITE                     
 col-1=T, col-2=W(BCC_A2,C), col-3=W(BCC_A2,CR), col-4=W(BCC_A2,FE),
   col-5=W(BCC_A2,MN), col-6=W(BCC_A2,NI), col-7=W(BCC_A2,SI),
   col-8=W(CEMENTITE,C), col-9=W(CEMENTITE,CR), col-10=W(CEMENTITE,FE),
   col-11=W(CEMENTITE,MN), col-12=W(CEMENTITE,NI), col-13=W(CEMENTITE,SI),
   col-14=NP(BCC_A2), col-15=NP(CEMENTITE),
   9.18941E+02   4.58790E-05   3.44217E-03   9.57100E-01   2.42719E-03 
    2.73481E-02   9.63665E-03   6.75153E-02   1.23265E-01   7.78427E-01 
    2.53179E-02   5.47569E-03   0.00000E+00   7.38282E-01   2.61718E-01  NONE
   9.13000E+02   4.26013E-05   3.33080E-03   9.57290E-01   2.35225E-03 
    2.73476E-02   9.63703E-03   6.75174E-02   1.23639E-01   7.77785E-01 
    2.55778E-02   5.48043E-03   0.00000E+00   7.38237E-01   2.61763E-01  NONE
   9.03000E+02   3.75479E-05   3.14775E-03   9.57601E-01   2.22946E-03 
    2.73470E-02   9.63761E-03   6.75209E-02   1.24256E-01   7.76732E-01 
    2.60039E-02   5.48716E-03   0.00000E+00   7.38168E-01   2.61832E-01  NONE
   8.93000E+02   3.30291E-05   2.97029E-03   9.57901E-01   2.11080E-03 
    2.73467E-02   9.63811E-03   6.75243E-02   1.24857E-01   7.75711E-01 
    2.64160E-02   5.49239E-03   0.00000E+00   7.38107E-01   2.61893E-01  NONE
   8.83000E+02   2.89945E-05   2.79848E-03   9.58191E-01   1.99619E-03 
    2.73466E-02   9.63855E-03   6.75276E-02   1.25440E-01   7.74722E-01 
    2.68142E-02   5.49617E-03   0.00000E+00   7.38052E-01   2.61948E-01  NONE
   8.73000E+02   2.53981E-05   2.63235E-03   9.58471E-01   1.88558E-03 
    2.73468E-02   9.63894E-03   6.75308E-02   1.26006E-01   7.73766E-01 
    2.71987E-02   5.49854E-03   0.00000E+00   7.38003E-01   2.61997E-01  NONE
   8.63000E+02   2.21979E-05   2.47197E-03   9.58740E-01   1.77891E-03 
    2.73473E-02   9.63927E-03   6.75340E-02   1.26553E-01   7.72843E-01 
    2.75699E-02   5.49954E-03   0.00000E+00   7.37959E-01   2.62041E-01  NONE
   8.53000E+02   1.93555E-05   2.31736E-03   9.59000E-01   1.67611E-03 
    2.73480E-02   9.63955E-03   6.75370E-02   1.27083E-01   7.71953E-01 
    2.79277E-02   5.49918E-03   0.00000E+00   7.37921E-01   2.62079E-01  NONE
   8.43000E+02   1.68356E-05   2.16856E-03   9.59249E-01   1.57715E-03 
    2.73490E-02   9.63979E-03   6.75399E-02   1.27594E-01   7.71097E-01 
    2.82724E-02   5.49748E-03   0.00000E+00   7.37886E-01   2.62114E-01  NONE
   8.33000E+02   1.46062E-05   2.02559E-03   9.59487E-01   1.48197E-03 
    2.73504E-02   9.63999E-03   6.75427E-02   1.28086E-01   7.70273E-01 
    2.86042E-02   5.49446E-03   0.00000E+00   7.37856E-01   2.62144E-01  NONE
   8.23000E+02   1.26380E-05   1.88846E-03   9.59716E-01   1.39052E-03 
    2.73520E-02   9.64016E-03   6.75454E-02   1.28559E-01   7.69483E-01 
    2.89231E-02   5.49011E-03   0.00000E+00   7.37829E-01   2.62171E-01  NONE
   8.13000E+02   1.09043E-05   1.75716E-03   9.59935E-01   1.30276E-03 
    2.73539E-02   9.64031E-03   6.75480E-02   1.29012E-01   7.68726E-01 
    2.92294E-02   5.48443E-03   0.00000E+00   7.37806E-01   2.62194E-01  NONE
   8.03000E+02   9.38077E-06   1.63169E-03   9.60144E-01   1.21864E-03 
    2.73562E-02   9.64042E-03   6.75505E-02   1.29447E-01   7.68002E-01 
    2.95231E-02   5.47741E-03   0.00000E+00   7.37785E-01   2.62215E-01  NONE
   7.93000E+02   8.04529E-06   1.51200E-03   9.60343E-01   1.13812E-03 
    2.73588E-02   9.64051E-03   6.75529E-02   1.29862E-01   7.67312E-01 
    2.98044E-02   5.46903E-03   0.00000E+00   7.37767E-01   2.62233E-01  NONE
   7.83000E+02   6.87769E-06   1.39807E-03   9.60532E-01   1.06115E-03 
    2.73618E-02   9.64059E-03   6.75552E-02   1.30258E-01   7.66654E-01 
    3.00734E-02   5.45927E-03   0.00000E+00   7.37751E-01   2.62249E-01  NONE
   7.73000E+02   5.85968E-06   1.28984E-03   9.60711E-01   9.87670E-04 
    2.73651E-02   9.64064E-03   6.75574E-02   1.30635E-01   7.66029E-01 
    3.03304E-02   5.44810E-03   0.00000E+00   7.37737E-01   2.62263E-01  NONE
   7.63000E+02   4.97468E-06   1.18725E-03   9.60881E-01   9.17632E-04 
    2.73688E-02   9.64069E-03   6.75595E-02   1.30992E-01   7.65437E-01 
    3.05754E-02   5.43548E-03   0.00000E+00   7.37725E-01   2.62275E-01  NONE
   7.53000E+02   4.20767E-06   1.09021E-03   9.61041E-01   8.50979E-04 
    2.73729E-02   9.64071E-03   6.75615E-02   1.31331E-01   7.64877E-01 
    3.08087E-02   5.42139E-03   0.00000E+00   7.37714E-01   2.62286E-01  NONE
   7.43000E+02   3.54506E-06   9.98633E-04   9.61192E-01   7.87651E-04 
    2.73773E-02   9.64073E-03   6.75634E-02   1.31651E-01   7.64349E-01 
    3.10305E-02   5.40576E-03   0.00000E+00   7.37705E-01   2.62295E-01  NONE
   7.33000E+02   2.97459E-06   9.12415E-04   9.61334E-01   7.27584E-04 
    2.73823E-02   9.64074E-03   6.75651E-02   1.31953E-01   7.63852E-01 
    3.12410E-02   5.38856E-03   0.00000E+00   7.37698E-01   2.62302E-01  NONE
   7.23000E+02   2.48520E-06   8.31438E-04   9.61467E-01   6.70712E-04 
    2.73877E-02   9.64074E-03   6.75668E-02   1.32237E-01   7.63386E-01 
    3.14403E-02   5.36974E-03   0.00000E+00   7.37691E-01   2.62309E-01  NONE
   7.13000E+02   2.06697E-06   7.55574E-04   9.61591E-01   6.16964E-04 
    2.73935E-02   9.64074E-03   6.75684E-02   1.32503E-01   7.62951E-01 
    3.16287E-02   5.34922E-03   0.00000E+00   7.37685E-01   2.62315E-01  NONE
   7.03000E+02   1.71097E-06   6.84685E-04   9.61707E-01   5.66265E-04 
    2.73998E-02   9.64073E-03   6.75699E-02   1.32752E-01   7.62545E-01 
    3.18065E-02   5.32696E-03   0.00000E+00   7.37680E-01   2.62320E-01  NONE
   6.93000E+02   1.40923E-06   6.18621E-04   9.61814E-01   5.18538E-04 
    2.74067E-02   9.64071E-03   6.75713E-02   1.32984E-01   7.62168E-01 
    3.19740E-02   5.30287E-03   0.00000E+00   7.37676E-01   2.62324E-01  NONE
   6.83000E+02   1.15462E-06   5.57225E-04   9.61913E-01   4.73700E-04 
    2.74140E-02   9.64069E-03   6.75727E-02   1.33200E-01   7.61819E-01 
    3.21314E-02   5.27690E-03   0.00000E+00   7.37673E-01   2.62327E-01  NONE
   6.73000E+02   9.40792E-07   5.00332E-04   9.62004E-01   4.31668E-04 
    2.74220E-02   9.64067E-03   6.75739E-02   1.33401E-01   7.61498E-01 
    3.22789E-02   5.24896E-03   0.00000E+00   7.37670E-01   2.62330E-01  NONE
