
 Phase Region for:
     CEMENTITE                     
     FCC_A1#1                      
 col-1=T, col-2=X(CEMENTITE,C), col-3=X(CEMENTITE,CR), col-4=X(CEMENTITE,FE),
   col-5=X(CEMENTITE,MN), col-6=X(CEMENTITE,NI), col-7=X(CEMENTITE,SI),
   col-8=X(FCC_A1#1,C), col-9=X(FCC_A1#1,CR), col-10=X(FCC_A1#1,FE),
   col-11=X(FCC_A1#1,MN), col-12=X(FCC_A1#1,NI), col-13=X(FCC_A1#1,SI),
   col-14=NP(CEMENTITE), col-15=NP(FCC_A1#1),
   1.17300E+03   2.50000E-01   1.07928E-01   6.30887E-01   7.77992E-03 
    3.40471E-03   0.00000E+00   3.84280E-02   1.88483E-02   8.73772E-01 
    7.02795E-03   3.00311E-02   3.18927E-02   1.26320E-01   8.73680E-01
   1.18300E+03   2.50000E-01   1.07739E-01   6.31041E-01   7.74112E-03 
    3.47901E-03   0.00000E+00   3.96825E-02   1.94026E-02   8.72311E-01 
    7.03776E-03   2.98630E-02   3.17036E-02   1.21109E-01   8.78891E-01
   1.19300E+03   2.50000E-01   1.07549E-01   6.31194E-01   7.70363E-03 
    3.55377E-03   0.00000E+00   4.09589E-02   1.99635E-02   8.70826E-01 
    7.04694E-03   2.96931E-02   3.15112E-02   1.15742E-01   8.84258E-01
   1.20300E+03   2.50000E-01   1.07359E-01   6.31345E-01   7.66743E-03 
    3.62899E-03   0.00000E+00   4.22570E-02   2.05310E-02   8.69320E-01 
    7.05550E-03   2.95214E-02   3.13155E-02   1.10217E-01   8.89783E-01
   1.21300E+03   2.50000E-01   1.07169E-01   6.31494E-01   7.63250E-03 
    3.70465E-03   0.00000E+00   4.35770E-02   2.11049E-02   8.67790E-01 
    7.06346E-03   2.93481E-02   3.11165E-02   1.04527E-01   8.95473E-01
   1.22300E+03   2.50000E-01   1.06979E-01   6.31642E-01   7.59882E-03 
    3.78075E-03   0.00000E+00   4.49189E-02   2.16852E-02   8.66238E-01 
    7.07085E-03   2.91730E-02   3.09142E-02   9.86676E-02   9.01332E-01
   1.23300E+03   2.50000E-01   1.06789E-01   6.31787E-01   7.56636E-03 
    3.85726E-03   0.00000E+00   4.62828E-02   2.22717E-02   8.64663E-01 
    7.07767E-03   2.89964E-02   3.07086E-02   9.26334E-02   9.07367E-01
   1.24300E+03   2.50000E-01   1.06601E-01   6.31930E-01   7.53512E-03 
    3.93419E-03   0.00000E+00   4.76686E-02   2.28645E-02   8.63065E-01 
    7.08395E-03   2.88181E-02   3.04997E-02   8.64186E-02   9.13581E-01
   1.25300E+03   2.50000E-01   1.06414E-01   6.32070E-01   7.50507E-03 
    4.01150E-03   0.00000E+00   4.90764E-02   2.34634E-02   8.61445E-01 
    7.08971E-03   2.86382E-02   3.02875E-02   8.00172E-02   9.19983E-01
   1.26300E+03   2.50000E-01   1.06228E-01   6.32207E-01   7.47619E-03 
    4.08920E-03   0.00000E+00   5.05064E-02   2.40685E-02   8.59801E-01 
    7.09495E-03   2.84568E-02   3.00720E-02   7.34229E-02   9.26577E-01
   1.27300E+03   2.50000E-01   1.06044E-01   6.32340E-01   7.44848E-03 
    4.16727E-03   0.00000E+00   5.19584E-02   2.46796E-02   8.58135E-01 
    7.09970E-03   2.82738E-02   2.98531E-02   6.66291E-02   9.33371E-01
   1.28300E+03   2.50000E-01   1.05863E-01   6.32470E-01   7.42191E-03 
    4.24570E-03   0.00000E+00   5.34327E-02   2.52968E-02   8.56446E-01 
    7.10398E-03   2.80894E-02   2.96308E-02   5.96288E-02   9.40371E-01
   1.29300E+03   2.50000E-01   1.05684E-01   6.32595E-01   7.39647E-03 
    4.32448E-03   0.00000E+00   5.49293E-02   2.59201E-02   8.54734E-01 
    7.10781E-03   2.79035E-02   2.94053E-02   5.24144E-02   9.47586E-01
   1.30300E+03   2.50000E-01   1.05508E-01   6.32716E-01   7.37216E-03 
    4.40359E-03   0.00000E+00   5.64482E-02   2.65495E-02   8.52999E-01 
    7.11120E-03   2.77162E-02   2.91763E-02   4.49781E-02   9.55022E-01
   1.31300E+03   2.50000E-01   1.05335E-01   6.32833E-01   7.34896E-03 
    4.48302E-03   0.00000E+00   5.79896E-02   2.71849E-02   8.51240E-01 
    7.11418E-03   2.75275E-02   2.89439E-02   3.73115E-02   9.62688E-01
   1.32300E+03   2.50000E-01   1.05167E-01   6.32944E-01   7.32686E-03 
    4.56277E-03   0.00000E+00   5.95535E-02   2.78266E-02   8.49458E-01 
    7.11676E-03   2.73374E-02   2.87082E-02   2.94060E-02   9.70594E-01
   1.33300E+03   2.50000E-01   1.05002E-01   6.33049E-01   7.30585E-03 
    4.64281E-03   0.00000E+00   6.11402E-02   2.84745E-02   8.47651E-01 
    7.11897E-03   2.71459E-02   2.84690E-02   2.12519E-02   9.78748E-01
   1.34300E+03   2.50000E-01   1.04843E-01   6.33148E-01   7.28594E-03 
    4.72314E-03   0.00000E+00   6.27496E-02   2.91287E-02   8.45821E-01 
    7.12082E-03   2.69531E-02   2.82264E-02   1.28395E-02   9.87160E-01
   1.35300E+03   2.50000E-01   1.04688E-01   6.33241E-01   7.26711E-03 
    4.80375E-03   0.00000E+00   6.43820E-02   2.97894E-02   8.43967E-01 
    7.12234E-03   2.67589E-02   2.79803E-02   4.15811E-03   9.95842E-01
   1.35768E+03   2.50000E-01   1.04618E-01   6.33282E-01   7.25867E-03 
    4.84156E-03   0.00000E+00   6.51538E-02   3.01009E-02   8.43091E-01 
    7.12294E-03   2.66676E-02   2.78640E-02   0.00000E+00   1.00000E+00

 Phase Region for:
     FCC_A1#1                      
 col-1=T, col-2=X(FCC_A1#1,C), col-3=X(FCC_A1#1,CR), col-4=X(FCC_A1#1,FE),
   col-5=X(FCC_A1#1,MN), col-6=X(FCC_A1#1,NI), col-7=X(FCC_A1#1,SI),
   col-8=NP(FCC_A1#1),
   1.35768E+03   6.51538E-02   3.01009E-02   8.43091E-01   7.12294E-03 
    2.66676E-02   2.78640E-02   1.00000E+00
   1.36300E+03   6.51538E-02   3.01009E-02   8.43091E-01   7.12294E-03 
    2.66676E-02   2.78640E-02   1.00000E+00
   1.37300E+03   6.51538E-02   3.01009E-02   8.43091E-01   7.12294E-03 
    2.66676E-02   2.78640E-02   1.00000E+00
   1.38300E+03   6.51538E-02   3.01009E-02   8.43091E-01   7.12294E-03 
    2.66676E-02   2.78640E-02   1.00000E+00
   1.39300E+03   6.51538E-02   3.01009E-02   8.43091E-01   7.12294E-03 
    2.66676E-02   2.78640E-02   1.00000E+00
   1.40300E+03   6.51538E-02   3.01009E-02   8.43091E-01   7.12294E-03 
    2.66676E-02   2.78640E-02   1.00000E+00
   1.41300E+03   6.51538E-02   3.01009E-02   8.43091E-01   7.12294E-03 
    2.66676E-02   2.78640E-02   1.00000E+00
   1.42300E+03   6.51538E-02   3.01009E-02   8.43091E-01   7.12294E-03 
    2.66676E-02   2.78640E-02   1.00000E+00
   1.43300E+03   6.51538E-02   3.01009E-02   8.43091E-01   7.12294E-03 
    2.66676E-02   2.78640E-02   1.00000E+00
   1.44300E+03   6.51538E-02   3.01009E-02   8.43091E-01   7.12294E-03 
    2.66676E-02   2.78640E-02   1.00000E+00
   1.45300E+03   6.51538E-02   3.01009E-02   8.43091E-01   7.12294E-03 
    2.66676E-02   2.78640E-02   1.00000E+00
   1.46300E+03   6.51538E-02   3.01009E-02   8.43091E-01   7.12294E-03 
    2.66676E-02   2.78640E-02   1.00000E+00
   1.47300E+03   6.51538E-02   3.01009E-02   8.43091E-01   7.12294E-03 
    2.66676E-02   2.78640E-02   1.00000E+00

 Phase Region for:
     CEMENTITE                     
     FCC_A1#1                      
 col-1=T, col-2=X(CEMENTITE,C), col-3=X(CEMENTITE,CR), col-4=X(CEMENTITE,FE),
   col-5=X(CEMENTITE,MN), col-6=X(CEMENTITE,NI), col-7=X(CEMENTITE,SI),
   col-8=X(FCC_A1#1,C), col-9=X(FCC_A1#1,CR), col-10=X(FCC_A1#1,FE),
   col-11=X(FCC_A1#1,MN), col-12=X(FCC_A1#1,NI), col-13=X(FCC_A1#1,SI),
   col-14=NP(CEMENTITE), col-15=NP(FCC_A1#1),
   1.17300E+03   2.50000E-01   1.07928E-01   6.30887E-01   7.77992E-03 
    3.40471E-03   0.00000E+00   3.84280E-02   1.88483E-02   8.73772E-01 
    7.02795E-03   3.00311E-02   3.18927E-02   1.26320E-01   8.73680E-01
   1.16300E+03   2.50000E-01   1.08117E-01   6.30732E-01   7.82007E-03 
    3.33089E-03   0.00000E+00   3.71953E-02   1.83008E-02   8.75211E-01 
    7.01750E-03   3.01974E-02   3.20785E-02   1.31381E-01   8.68619E-01
   1.15300E+03   2.50000E-01   1.08304E-01   6.30577E-01   7.86159E-03 
    3.25757E-03   0.00000E+00   3.59843E-02   1.77601E-02   8.76626E-01 
    7.00638E-03   3.03619E-02   3.22611E-02   1.36296E-01   8.63704E-01
   1.14300E+03   2.50000E-01   1.08490E-01   6.30421E-01   7.90449E-03 
    3.18475E-03   0.00000E+00   3.47950E-02   1.72264E-02   8.78019E-01 
    6.99458E-03   3.05244E-02   3.24403E-02   1.41069E-01   8.58931E-01
   1.13300E+03   2.50000E-01   1.08675E-01   6.30264E-01   7.94882E-03 
    3.11244E-03   0.00000E+00   3.36274E-02   1.66997E-02   8.79389E-01 
    6.98208E-03   3.06851E-02   3.26163E-02   1.45704E-01   8.54296E-01
   1.12300E+03   2.50000E-01   1.08858E-01   6.30107E-01   7.99460E-03 
    3.04067E-03   0.00000E+00   3.24815E-02   1.61803E-02   8.80736E-01 
    6.96887E-03   3.08438E-02   3.27891E-02   1.50205E-01   8.49795E-01
   1.11300E+03   2.50000E-01   1.09038E-01   6.29950E-01   8.04186E-03 
    2.96943E-03   0.00000E+00   3.13573E-02   1.56682E-02   8.82061E-01 
    6.95493E-03   3.10005E-02   3.29585E-02   1.54574E-01   8.45426E-01
   1.10300E+03   2.50000E-01   1.09217E-01   6.29794E-01   8.09064E-03 
    2.89874E-03   0.00000E+00   3.02546E-02   1.51636E-02   8.83362E-01 
    6.94024E-03   3.11552E-02   3.31248E-02   1.58816E-01   8.41184E-01
   1.09300E+03   2.50000E-01   1.09393E-01   6.29637E-01   8.14096E-03 
    2.82862E-03   0.00000E+00   2.91735E-02   1.46666E-02   8.84639E-01 
    6.92479E-03   3.13079E-02   3.32877E-02   1.62934E-01   8.37066E-01
   1.08300E+03   2.50000E-01   1.09567E-01   6.29481E-01   8.19286E-03 
    2.75908E-03   0.00000E+00   2.81140E-02   1.41773E-02   8.85894E-01 
    6.90855E-03   3.14585E-02   3.34474E-02   1.66931E-01   8.33069E-01
   1.07300E+03   2.50000E-01   1.09738E-01   6.29325E-01   8.24639E-03 
    2.69012E-03   0.00000E+00   2.70761E-02   1.36958E-02   8.87126E-01 
    6.89152E-03   3.16069E-02   3.36039E-02   1.70810E-01   8.29190E-01
   1.06300E+03   2.50000E-01   1.09906E-01   6.29170E-01   8.30156E-03 
    2.62176E-03   0.00000E+00   2.60596E-02   1.32223E-02   8.88334E-01 
    6.87367E-03   3.17533E-02   3.37571E-02   1.74574E-01   8.25426E-01
   1.05300E+03   2.50000E-01   1.10072E-01   6.29016E-01   8.35843E-03 
    2.55402E-03   0.00000E+00   2.50646E-02   1.27569E-02   8.89519E-01 
    6.85499E-03   3.18974E-02   3.39071E-02   1.78225E-01   8.21775E-01
   1.04300E+03   2.50000E-01   1.10234E-01   6.28862E-01   8.41703E-03 
    2.48689E-03   0.00000E+00   2.40910E-02   1.22997E-02   8.90681E-01 
    6.83547E-03   3.20393E-02   3.40539E-02   1.81767E-01   8.18233E-01
   1.03300E+03   2.50000E-01   1.10393E-01   6.28709E-01   8.47741E-03 
    2.42041E-03   0.00000E+00   2.31388E-02   1.18508E-02   8.91819E-01 
    6.81508E-03   3.21790E-02   3.41974E-02   1.85201E-01   8.14799E-01
   1.02300E+03   2.50000E-01   1.10548E-01   6.28557E-01   8.53961E-03 
    2.35457E-03   0.00000E+00   2.22080E-02   1.14103E-02   8.92934E-01 
    6.79380E-03   3.23164E-02   3.43377E-02   1.88531E-01   8.11469E-01
   1.01300E+03   2.50000E-01   1.10701E-01   6.28406E-01   8.60367E-03 
    2.28939E-03   0.00000E+00   2.12985E-02   1.09783E-02   8.94025E-01 
    6.77164E-03   3.24515E-02   3.44748E-02   1.91758E-01   8.08242E-01
   1.00300E+03   2.50000E-01   1.10849E-01   6.28256E-01   8.66964E-03 
    2.22489E-03   0.00000E+00   2.04102E-02   1.05550E-02   8.95093E-01 
    6.74855E-03   3.25842E-02   3.46087E-02   1.94885E-01   8.05115E-01
   1.00046E+03   2.50000E-01   1.10886E-01   6.28218E-01   8.68670E-03 
    2.20862E-03   0.00000E+00   2.01879E-02   1.04489E-02   8.95361E-01 
    6.74254E-03   3.26176E-02   3.46422E-02   1.95664E-01   8.04336E-01

 Phase Region for:
     BCC_A2                        
     CEMENTITE                     
     FCC_A1#1                      
 col-1=T, col-2=X(BCC_A2,C), col-3=X(BCC_A2,CR), col-4=X(BCC_A2,FE),
   col-5=X(BCC_A2,MN), col-6=X(BCC_A2,NI), col-7=X(BCC_A2,SI),
   col-8=X(CEMENTITE,C), col-9=X(CEMENTITE,CR), col-10=X(CEMENTITE,FE),
   col-11=X(CEMENTITE,MN), col-12=X(CEMENTITE,NI), col-13=X(CEMENTITE,SI),
   col-14=X(FCC_A1#1,C), col-15=X(FCC_A1#1,CR), col-16=X(FCC_A1#1,FE),
   col-17=X(FCC_A1#1,MN), col-18=X(FCC_A1#1,NI), col-19=X(FCC_A1#1,SI),
   col-20=NP(BCC_A2), col-21=NP(CEMENTITE), col-22=NP(FCC_A1#1),
   1.00046E+03   4.84095E-04   6.67549E-03   9.31690E-01   2.07060E-03 
    1.43584E-02   4.47209E-02   2.50000E-01   1.10886E-01   6.28218E-01 
    8.68671E-03   2.20862E-03   0.00000E+00   2.01879E-02   1.04489E-02 
    8.95361E-01   6.74255E-03   3.26176E-02   3.46422E-02   1.99026E-06 
    1.95664E-01   8.04334E-01
   9.93000E+02   4.49713E-04   6.27161E-03   9.32403E-01   2.12991E-03 
    1.56239E-02   4.31216E-02   2.50000E-01   1.09046E-01   6.29022E-01 
    9.50821E-03   2.42406E-03   0.00000E+00   1.95691E-02   9.83363E-03 
    8.92864E-01   7.40755E-03   3.67460E-02   3.35802E-02   1.37198E-01 
    2.09207E-01   6.53594E-01
   9.83000E+02   4.04859E-04   5.81208E-03   9.32637E-01   2.20841E-03 
    1.74223E-02   4.15154E-02   2.50000E-01   1.07220E-01   6.29404E-01 
    1.06455E-02   2.73098E-03   0.00000E+00   1.86347E-02   9.10002E-03 
    8.88278E-01   8.38798E-03   4.29974E-02   3.26018E-02   2.86410E-01 
    2.23630E-01   4.89960E-01
   9.73000E+02   3.62282E-04   5.42539E-03   9.32295E-01   2.27644E-03 
    1.92599E-02   4.03813E-02   2.50000E-01   1.06018E-01   6.29151E-01 
    1.17854E-02   3.04560E-03   0.00000E+00   1.76135E-02   8.45202E-03 
    8.82511E-01   9.44979E-03   4.99630E-02   3.20111E-02   4.00668E-01 
    2.34318E-01   3.65014E-01
   9.63000E+02   3.22620E-04   5.09163E-03   9.31599E-01   2.32859E-03 
    2.10746E-02   3.95839E-02   2.50000E-01   1.05299E-01   6.28442E-01 
    1.29013E-02   3.35737E-03   0.00000E+00   1.65393E-02   7.86940E-03 
    8.75765E-01   1.05797E-02   5.75550E-02   3.16912E-02   4.87055E-01 
    2.42066E-01   2.70879E-01
   9.53000E+02   2.86186E-04   4.79589E-03   9.30708E-01   2.36276E-03 
    2.28257E-02   3.90217E-02   2.50000E-01   1.04935E-01   6.27427E-01 
    1.39782E-02   3.65922E-03   0.00000E+00   1.54390E-02   7.33618E-03 
    8.68180E-01   1.17725E-02   6.57183E-02   3.15537E-02   5.52163E-01 
    2.47618E-01   2.00219E-01
   9.43000E+02   2.53052E-04   4.52771E-03   9.29730E-01   2.37876E-03 
    2.44874E-02   3.86234E-02   2.50000E-01   1.04829E-01   6.26217E-01 
    1.50081E-02   3.94653E-03   0.00000E+00   1.43330E-02   6.84101E-03 
    8.59839E-01   1.30282E-02   7.44231E-02   3.15360E-02   6.01286E-01 
    2.51570E-01   1.47144E-01
   9.33000E+02   2.23140E-04   4.27997E-03   9.28736E-01   2.37743E-03 
    2.60437E-02   3.83394E-02   2.50000E-01   1.04906E-01   6.24890E-01 
    1.59873E-02   4.21635E-03   0.00000E+00   1.32365E-02   6.37625E-03 
    8.50784E-01   1.43511E-02   8.36575E-02   3.15948E-02   6.38431E-01 
    2.54370E-01   1.07199E-01
   9.23000E+02   1.96282E-04   4.04781E-03   9.27774E-01   2.36012E-03 
    2.74853E-02   3.81360E-02   2.50000E-01   1.05114E-01   6.23505E-01 
    1.69141E-02   4.46682E-03   0.00000E+00   1.21609E-02   5.93695E-03 
    8.41034E-01   1.57476E-02   9.34208E-02   3.17000E-02   6.66569E-01 
    2.56342E-01   7.70893E-02
   9.13000E+02   1.72268E-04   3.82797E-03   9.26875E-01   2.32840E-03 
    2.88070E-02   3.79898E-02   2.50000E-01   1.05413E-01   6.22102E-01 
    1.77878E-02   4.69677E-03   0.00000E+00   1.11153E-02   5.51998E-03 
    8.30589E-01   1.72262E-02   1.03718E-01   3.18312E-02   6.87887E-01 
    2.57723E-01   5.43898E-02
   9.03000E+02   1.50869E-04   3.61824E-03   9.26056E-01   2.28394E-03 
    3.00061E-02   3.78846E-02   2.50000E-01   1.05776E-01   6.20710E-01 
    1.86086E-02   4.90550E-03   0.00000E+00   1.01069E-02   5.12345E-03 
    8.19441E-01   1.87968E-02   1.14558E-01   3.19739E-02   7.04008E-01 
    2.58682E-01   3.73101E-02
   8.93000E+02   1.31853E-04   3.41712E-03   9.25332E-01   2.22839E-03 
    3.10819E-02   3.78089E-02   2.50000E-01   1.06182E-01   6.19348E-01 
    1.93769E-02   5.09265E-03   0.00000E+00   9.14181E-03   4.74629E-03 
    8.07577E-01   2.04701E-02   1.25946E-01   3.21185E-02   7.16142E-01 
    2.59341E-01   2.45175E-02
   8.83000E+02   1.14996E-04   3.22360E-03   9.24708E-01   2.16334E-03 
    3.20351E-02   3.77547E-02   2.50000E-01   1.06615E-01   6.18034E-01 
    2.00933E-02   5.25811E-03   0.00000E+00   8.22533E-03   4.38794E-03 
    7.94989E-01   2.22565E-02   1.37883E-01   3.22583E-02   7.25201E-01 
    2.59788E-01   1.50110E-02
   8.73000E+02   1.00087E-04   3.03701E-03   9.24189E-01   2.09032E-03 
    3.28674E-02   3.77162E-02   2.50000E-01   1.07063E-01   6.16776E-01 
    2.07585E-02   5.40199E-03   0.00000E+00   7.36199E-03   4.04819E-03 
    7.81674E-01   2.41661E-02   1.50361E-01   3.23891E-02   7.31883E-01 
    2.60086E-01   8.03133E-03
   8.63000E+02   8.69268E-05   2.85694E-03   9.23775E-01   2.01076E-03 
    3.35813E-02   3.76893E-02   2.50000E-01   1.07518E-01   6.15584E-01 
    2.13732E-02   5.52454E-03   0.00000E+00   6.55561E-03   3.72701E-03 
    7.67642E-01   2.62068E-02   1.63360E-01   3.25085E-02   7.36722E-01 
    2.60280E-01   2.99734E-03
   8.54789E+02   7.73000E-05   2.71376E-03   9.23512E-01   1.94147E-03 
    3.40813E-02   3.76737E-02   2.50000E-01   1.07892E-01   6.14657E-01 
    2.18406E-02   5.60954E-03   0.00000E+00   5.93823E-03   3.47719E-03 
    7.55605E-01   2.79840E-02   1.74398E-01   3.25974E-02   7.39614E-01 
    2.60386E-01   0.00000E+00

 Phase Region for:
     BCC_A2                        
     CEMENTITE                     
 col-1=T, col-2=X(BCC_A2,C), col-3=X(BCC_A2,CR), col-4=X(BCC_A2,FE),
   col-5=X(BCC_A2,MN), col-6=X(BCC_A2,NI), col-7=X(BCC_A2,SI),
   col-8=X(CEMENTITE,C), col-9=X(CEMENTITE,CR), col-10=X(CEMENTITE,FE),
   col-11=X(CEMENTITE,MN), col-12=X(CEMENTITE,NI), col-13=X(CEMENTITE,SI),
   col-14=NP(BCC_A2), col-15=NP(CEMENTITE),
   8.54789E+02   7.73000E-05   2.71376E-03   9.23512E-01   1.94147E-03 
    3.40813E-02   3.76737E-02   2.50000E-01   1.07892E-01   6.14657E-01 
    2.18406E-02   5.60954E-03   0.00000E+00   7.39614E-01   2.60386E-01  NONE
   8.53000E+02   7.53637E-05   2.68274E-03   9.23565E-01   1.92123E-03 
    3.40816E-02   3.76740E-02   2.50000E-01   1.07978E-01   6.14515E-01 
    2.18977E-02   5.60944E-03   0.00000E+00   7.39608E-01   2.60392E-01  NONE
   8.43000E+02   6.53002E-05   2.51309E-03   9.23852E-01   1.81047E-03 
    3.40832E-02   3.76755E-02   2.50000E-01   1.08448E-01   6.13734E-01 
    2.22099E-02   5.60800E-03   0.00000E+00   7.39578E-01   2.60422E-01  NONE
   8.33000E+02   5.64302E-05   2.34984E-03   9.24128E-01   1.70372E-03 
    3.40853E-02   3.76769E-02   2.50000E-01   1.08901E-01   6.12983E-01 
    2.25110E-02   5.60507E-03   0.00000E+00   7.39552E-01   2.60448E-01  NONE
   8.23000E+02   4.86294E-05   2.19303E-03   9.24392E-01   1.60094E-03 
    3.40877E-02   3.76780E-02   2.50000E-01   1.09337E-01   6.12262E-01 
    2.28010E-02   5.60066E-03   0.00000E+00   7.39529E-01   2.60471E-01  NONE
   8.13000E+02   4.17853E-05   2.04267E-03   9.24644E-01   1.50209E-03 
    3.40906E-02   3.76791E-02   2.50000E-01   1.09755E-01   6.11570E-01 
    2.30800E-02   5.59478E-03   0.00000E+00   7.39508E-01   2.60492E-01  NONE
   8.03000E+02   3.57953E-05   1.89876E-03   9.24884E-01   1.40715E-03 
    3.40938E-02   3.76800E-02   2.50000E-01   1.10156E-01   6.10908E-01 
    2.33480E-02   5.58743E-03   0.00000E+00   7.39491E-01   2.60509E-01  NONE
   7.93000E+02   3.05666E-05   1.76130E-03   9.25114E-01   1.31607E-03 
    3.40975E-02   3.76808E-02   2.50000E-01   1.10540E-01   6.10276E-01 
    2.36052E-02   5.57860E-03   0.00000E+00   7.39475E-01   2.60525E-01  NONE
   7.83000E+02   2.60147E-05   1.63026E-03   9.25332E-01   1.22882E-03 
    3.41017E-02   3.76815E-02   2.50000E-01   1.10906E-01   6.09674E-01 
    2.38517E-02   5.56827E-03   0.00000E+00   7.39462E-01   2.60538E-01  NONE
   7.73000E+02   2.20636E-05   1.50560E-03   9.25539E-01   1.14536E-03 
    3.41063E-02   3.76821E-02   2.50000E-01   1.11255E-01   6.09101E-01 
    2.40876E-02   5.55642E-03   0.00000E+00   7.39450E-01   2.60550E-01  NONE
   7.63000E+02   1.86443E-05   1.38726E-03   9.25734E-01   1.06564E-03 
    3.41114E-02   3.76826E-02   2.50000E-01   1.11587E-01   6.08557E-01 
    2.43129E-02   5.54302E-03   0.00000E+00   7.39440E-01   2.60560E-01  NONE
   7.53000E+02   1.56947E-05   1.27517E-03   9.25919E-01   9.89620E-04 
    3.41171E-02   3.76830E-02   2.50000E-01   1.11901E-01   6.08043E-01 
    2.45278E-02   5.52802E-03   0.00000E+00   7.39431E-01   2.60569E-01  NONE
   7.43000E+02   1.31587E-05   1.16925E-03   9.26094E-01   9.17249E-04 
    3.41232E-02   3.76834E-02   2.50000E-01   1.12199E-01   6.07557E-01 
    2.47325E-02   5.51140E-03   0.00000E+00   7.39424E-01   2.60576E-01  NONE
   7.33000E+02   1.09860E-05   1.06939E-03   9.26258E-01   8.48470E-04 
    3.41299E-02   3.76837E-02   2.50000E-01   1.12479E-01   6.07101E-01 
    2.49271E-02   5.49310E-03   0.00000E+00   7.39417E-01   2.60583E-01  NONE
   7.29105E+02   1.02282E-05   1.03211E-03   9.26319E-01   8.22637E-04 
    3.41327E-02   3.76838E-02   2.50000E-01   1.12584E-01   6.06930E-01 
    2.50002E-02   5.48551E-03   0.00000E+00   7.39415E-01   2.60585E-01  NONE

 Phase Region for:
     BCC_A2                        
     CEMENTITE                     
     FCC_A1#1                      
 col-1=T, col-2=X(BCC_A2,C), col-3=X(BCC_A2,CR), col-4=X(BCC_A2,FE),
   col-5=X(BCC_A2,MN), col-6=X(BCC_A2,NI), col-7=X(BCC_A2,SI),
   col-8=X(CEMENTITE,C), col-9=X(CEMENTITE,CR), col-10=X(CEMENTITE,FE),
   col-11=X(CEMENTITE,MN), col-12=X(CEMENTITE,NI), col-13=X(CEMENTITE,SI),
   col-14=X(FCC_A1#1,C), col-15=X(FCC_A1#1,CR), col-16=X(FCC_A1#1,FE),
   col-17=X(FCC_A1#1,MN), col-18=X(FCC_A1#1,NI), col-19=X(FCC_A1#1,SI),
   col-20=NP(BCC_A2), col-21=NP(CEMENTITE), col-22=NP(FCC_A1#1),
   7.29105E+02   1.02281E-05   1.03210E-03   9.26319E-01   8.22636E-04 
    3.41327E-02   3.76838E-02   2.50000E-01   1.12584E-01   6.06930E-01 
    2.50002E-02   5.48551E-03   0.00000E+00   1.09259E-03   1.05907E-03 
    5.51160E-01   6.01949E-02   3.52461E-01   3.40325E-02   7.39415E-01 
    2.60585E-01   1.02689E-08
   7.23000E+02   9.14524E-06   9.74757E-04   9.26678E-01   7.77646E-04 
    3.38735E-02   3.76869E-02   2.50000E-01   1.12746E-01   6.06844E-01 
    2.49804E-02   5.42898E-03   0.00000E+00   1.00671E-03   9.93595E-04 
    5.42142E-01   6.15002E-02   3.60181E-01   3.41765E-02   7.38782E-01 
    2.60586E-01   6.32499E-04
   7.13000E+02   7.58696E-06   8.85511E-04   9.27296E-01   7.07208E-04 
    3.34128E-02   3.76914E-02   2.50000E-01   1.12999E-01   6.06751E-01 
    2.49203E-02   5.32933E-03   0.00000E+00   8.80622E-04   8.93245E-04 
    5.27749E-01   6.35046E-02   3.72534E-01   3.44384E-02   7.37723E-01 
    2.60587E-01   1.68977E-03
   7.03000E+02   6.26570E-06   8.01995E-04   9.27946E-01   6.40910E-04 
    3.29094E-02   3.76951E-02   2.50000E-01   1.13236E-01   6.06715E-01 
    2.48283E-02   5.22140E-03   0.00000E+00   7.70348E-04   8.00829E-04 
    5.13824E-01   6.53334E-02   3.84537E-01   3.47343E-02   7.36644E-01 
    2.60588E-01   2.76822E-03
   6.93000E+02   5.14980E-06   7.24074E-04   9.28628E-01   5.78809E-04 
    3.23656E-02   3.76978E-02   2.50000E-01   1.13456E-01   6.06731E-01 
    2.47072E-02   5.10570E-03   0.00000E+00   6.73624E-04   7.15687E-04 
    5.00358E-01   6.69772E-02   3.96210E-01   3.50658E-02   7.35547E-01 
    2.60590E-01   3.86336E-03
   6.83000E+02   4.21126E-06   6.51596E-04   9.29341E-01   5.20915E-04 
    3.17833E-02   3.76994E-02   2.50000E-01   1.13661E-01   6.06796E-01 
    2.45602E-02   4.98271E-03   0.00000E+00   5.88536E-04   6.37226E-04 
    4.87339E-01   6.84268E-02   4.07574E-01   3.54345E-02   7.34437E-01 
    2.60591E-01   4.97182E-03
   6.73000E+02   3.42538E-06   5.84397E-04   9.30082E-01   4.67191E-04 
    3.11639E-02   3.76995E-02   2.50000E-01   1.13852E-01   6.06905E-01 
    2.43905E-02   4.85288E-03   0.00000E+00   5.13473E-04   5.64914E-04 
    4.74755E-01   6.96719E-02   4.18653E-01   3.58423E-02   7.33316E-01 
    2.60593E-01   6.09101E-03
