
 Phase Region for:
     CEMENTITE                     
     FCC_A1#2                      
 col-1=T, col-2=W(CEMENTITE,C), col-3=W(CEMENTITE,CR), col-4=W(CEMENTITE,FE),
   col-5=W(CEMENTITE,MN), col-6=W(CEMENTITE,NI), col-7=W(CEMENTITE,SI),
   col-8=W(FCC_A1#2,C), col-9=W(FCC_A1#2,CR), col-10=W(FCC_A1#2,FE),
   col-11=W(FCC_A1#2,MN), col-12=W(FCC_A1#2,NI), col-13=W(FCC_A1#2,SI),
   col-14=NP(CEMENTITE), col-15=NP(FCC_A1#2),
   1.17300E+03   6.70778E-02   3.55159E-02   8.69201E-01   2.27650E-02 
    5.43979E-03   0.00000E+00   1.07109E-02   5.19342E-03   9.29593E-01 
    1.43610E-02   3.20228E-02   8.11851E-03   8.94293E-02   9.10571E-01
   1.18300E+03   6.70772E-02   3.54815E-02   8.69235E-01   2.26597E-02 
    5.54612E-03   0.00000E+00   1.10152E-02   5.35973E-03   9.29265E-01 
    1.44144E-02   3.18711E-02   8.07469E-03   8.35353E-02   9.16465E-01
   1.19300E+03   6.70765E-02   3.54430E-02   8.69270E-01   2.25572E-02 
    5.65279E-03   0.00000E+00   1.13236E-02   5.52813E-03   9.28932E-01 
    1.44670E-02   3.17188E-02   8.03027E-03   7.74966E-02   9.22503E-01
   1.20300E+03   6.70759E-02   3.54003E-02   8.69307E-01   2.24575E-02 
    5.75977E-03   0.00000E+00   1.16361E-02   5.69855E-03   9.28595E-01 
    1.45188E-02   3.15658E-02   7.98527E-03   7.13090E-02   9.28691E-01
   1.21300E+03   6.70752E-02   3.53535E-02   8.69344E-01   2.23607E-02 
    5.86705E-03   0.00000E+00   1.19527E-02   5.87090E-03   9.28255E-01 
    1.45698E-02   3.14122E-02   7.93967E-03   6.49681E-02   9.35032E-01
   1.22300E+03   6.70745E-02   3.53027E-02   8.69382E-01   2.22666E-02 
    5.97463E-03   0.00000E+00   1.22735E-02   6.04512E-03   9.27910E-01 
    1.46201E-02   3.12579E-02   7.89347E-03   5.84694E-02   9.41531E-01
   1.23300E+03   6.70737E-02   3.52477E-02   8.69421E-01   2.21752E-02 
    6.08248E-03   0.00000E+00   1.25985E-02   6.22112E-03   9.27561E-01 
    1.46696E-02   3.11030E-02   7.84667E-03   5.18079E-02   9.48192E-01
   1.24300E+03   6.70730E-02   3.51888E-02   8.69461E-01   2.20865E-02 
    6.19059E-03   0.00000E+00   1.29277E-02   6.39885E-03   9.27208E-01 
    1.47185E-02   3.09475E-02   7.79926E-03   4.49786E-02   9.55021E-01
   1.25300E+03   6.70722E-02   3.51259E-02   8.69502E-01   2.20004E-02 
    6.29895E-03   0.00000E+00   1.32611E-02   6.57822E-03   9.26851E-01 
    1.47667E-02   3.07915E-02   7.75123E-03   3.79760E-02   9.62024E-01
   1.26300E+03   6.70715E-02   3.50591E-02   8.69545E-01   2.19171E-02 
    6.40755E-03   0.00000E+00   1.35988E-02   6.75916E-03   9.26490E-01 
    1.48144E-02   3.06349E-02   7.70259E-03   3.07945E-02   9.69205E-01
   1.27300E+03   6.70707E-02   3.49884E-02   8.69588E-01   2.18363E-02 
    6.51637E-03   0.00000E+00   1.39408E-02   6.94160E-03   9.26125E-01 
    1.48614E-02   3.04777E-02   7.65333E-03   2.34281E-02   9.76572E-01
   1.28300E+03   6.70699E-02   3.49139E-02   8.69633E-01   2.17581E-02 
    6.62541E-03   0.00000E+00   1.42872E-02   7.12546E-03   9.25756E-01 
    1.49080E-02   3.03200E-02   7.60344E-03   1.58704E-02   9.84130E-01
   1.29300E+03   6.70690E-02   3.48357E-02   8.69678E-01   2.16826E-02 
    6.73465E-03   0.00000E+00   1.46379E-02   7.31068E-03   9.25383E-01 
    1.49540E-02   3.01618E-02   7.55291E-03   8.11462E-03   9.91885E-01
   1.30300E+03   6.70682E-02   3.47537E-02   8.69724E-01   2.16096E-02 
    6.84408E-03   0.00000E+00   1.49932E-02   7.49718E-03   9.25005E-01 
    1.49996E-02   3.00030E-02   7.50173E-03   1.53792E-04   9.99846E-01
   1.30319E+03   6.70682E-02   3.47521E-02   8.69725E-01   2.16082E-02 
    6.84617E-03   0.00000E+00   1.50000E-02   7.50075E-03   9.24998E-01 
    1.50005E-02   3.00000E-02   7.50075E-03   0.00000E+00   1.00000E+00

 Phase Region for:
     FCC_A1#2                      
 col-1=T, col-2=W(FCC_A1#2,C), col-3=W(FCC_A1#2,CR), col-4=W(FCC_A1#2,FE),
   col-5=W(FCC_A1#2,MN), col-6=W(FCC_A1#2,NI), col-7=W(FCC_A1#2,SI),
   col-8=NP(FCC_A1#2),
   1.30319E+03   1.50000E-02   7.50075E-03   9.24998E-01   1.50005E-02 
    3.00000E-02   7.50075E-03   1.00000E+00
   1.31300E+03   1.50000E-02   7.50075E-03   9.24998E-01   1.50005E-02 
    3.00000E-02   7.50075E-03   1.00000E+00
   1.32300E+03   1.50000E-02   7.50075E-03   9.24998E-01   1.50005E-02 
    3.00000E-02   7.50075E-03   1.00000E+00
   1.33300E+03   1.50000E-02   7.50075E-03   9.24998E-01   1.50005E-02 
    3.00000E-02   7.50075E-03   1.00000E+00
   1.34300E+03   1.50000E-02   7.50075E-03   9.24998E-01   1.50005E-02 
    3.00000E-02   7.50075E-03   1.00000E+00
   1.35300E+03   1.50000E-02   7.50075E-03   9.24998E-01   1.50005E-02 
    3.00000E-02   7.50075E-03   1.00000E+00
   1.36300E+03   1.50000E-02   7.50075E-03   9.24998E-01   1.50005E-02 
    3.00000E-02   7.50075E-03   1.00000E+00
   1.37300E+03   1.50000E-02   7.50075E-03   9.24998E-01   1.50005E-02 
    3.00000E-02   7.50075E-03   1.00000E+00
   1.38300E+03   1.50000E-02   7.50075E-03   9.24998E-01   1.50005E-02 
    3.00000E-02   7.50075E-03   1.00000E+00
   1.39300E+03   1.50000E-02   7.50075E-03   9.24998E-01   1.50005E-02 
    3.00000E-02   7.50075E-03   1.00000E+00
   1.40300E+03   1.50000E-02   7.50075E-03   9.24998E-01   1.50005E-02 
    3.00000E-02   7.50075E-03   1.00000E+00
   1.41300E+03   1.50000E-02   7.50075E-03   9.24998E-01   1.50005E-02 
    3.00000E-02   7.50075E-03   1.00000E+00
   1.42300E+03   1.50000E-02   7.50075E-03   9.24998E-01   1.50005E-02 
    3.00000E-02   7.50075E-03   1.00000E+00
   1.43300E+03   1.50000E-02   7.50075E-03   9.24998E-01   1.50005E-02 
    3.00000E-02   7.50075E-03   1.00000E+00
   1.44300E+03   1.50000E-02   7.50075E-03   9.24998E-01   1.50005E-02 
    3.00000E-02   7.50075E-03   1.00000E+00
   1.45300E+03   1.50000E-02   7.50075E-03   9.24998E-01   1.50005E-02 
    3.00000E-02   7.50075E-03   1.00000E+00
   1.46300E+03   1.50000E-02   7.50075E-03   9.24998E-01   1.50005E-02 
    3.00000E-02   7.50075E-03   1.00000E+00
   1.47300E+03   1.50000E-02   7.50075E-03   9.24998E-01   1.50005E-02 
    3.00000E-02   7.50075E-03   1.00000E+00

 Phase Region for:
     CEMENTITE                     
     FCC_A1#2                      
 col-1=T, col-2=W(CEMENTITE,C), col-3=W(CEMENTITE,CR), col-4=W(CEMENTITE,FE),
   col-5=W(CEMENTITE,MN), col-6=W(CEMENTITE,NI), col-7=W(CEMENTITE,SI),
   col-8=W(FCC_A1#2,C), col-9=W(FCC_A1#2,CR), col-10=W(FCC_A1#2,FE),
   col-11=W(FCC_A1#2,MN), col-12=W(FCC_A1#2,NI), col-13=W(FCC_A1#2,SI),
   col-14=NP(CEMENTITE), col-15=NP(FCC_A1#2),
   1.17300E+03   6.70778E-02   3.55159E-02   8.69201E-01   2.27650E-02 
    5.43979E-03   0.00000E+00   1.07109E-02   5.19342E-03   9.29593E-01 
    1.43610E-02   3.20228E-02   8.11851E-03   8.94293E-02   9.10571E-01
   1.16300E+03   6.70784E-02   3.55461E-02   8.69168E-01   2.28733E-02 
    5.33380E-03   0.00000E+00   1.04106E-02   5.02927E-03   9.29918E-01 
    1.43067E-02   3.21737E-02   8.16175E-03   9.51825E-02   9.04818E-01
   1.15300E+03   6.70790E-02   3.55722E-02   8.69136E-01   2.29844E-02 
    5.22817E-03   0.00000E+00   1.01144E-02   4.86735E-03   9.30238E-01 
    1.42515E-02   3.23239E-02   8.20440E-03   1.00799E-01   8.99201E-01
   1.14300E+03   6.70796E-02   3.55940E-02   8.69105E-01   2.30986E-02 
    5.12292E-03   0.00000E+00   9.82226E-03   4.70773E-03   9.30555E-01 
    1.41954E-02   3.24733E-02   8.24647E-03   1.06281E-01   8.93719E-01
   1.13300E+03   6.70801E-02   3.56117E-02   8.69074E-01   2.32157E-02 
    5.01807E-03   0.00000E+00   9.53413E-03   4.55047E-03   9.30867E-01 
    1.41383E-02   3.26219E-02   8.28796E-03   1.11634E-01   8.88366E-01
   1.12300E+03   6.70807E-02   3.56252E-02   8.69044E-01   2.33360E-02 
    4.91362E-03   0.00000E+00   9.25002E-03   4.39566E-03   9.31176E-01 
    1.40802E-02   3.27697E-02   8.32887E-03   1.16859E-01   8.83141E-01
   1.11300E+03   6.70812E-02   3.56347E-02   8.69015E-01   2.34593E-02 
    4.80960E-03   0.00000E+00   8.96992E-03   4.24334E-03   9.31480E-01 
    1.40211E-02   3.29166E-02   8.36920E-03   1.21961E-01   8.78039E-01
   1.10300E+03   6.70817E-02   3.56400E-02   8.68986E-01   2.35858E-02 
    4.70603E-03   0.00000E+00   8.69384E-03   4.09359E-03   9.31780E-01 
    1.39610E-02   3.30626E-02   8.40896E-03   1.26941E-01   8.73059E-01
   1.09300E+03   6.70822E-02   3.56413E-02   8.68958E-01   2.37155E-02 
    4.60292E-03   0.00000E+00   8.42177E-03   3.94646E-03   9.32076E-01 
    1.38998E-02   3.32078E-02   8.44813E-03   1.31804E-01   8.68196E-01
   1.08300E+03   6.70827E-02   3.56386E-02   8.68930E-01   2.38485E-02 
    4.50030E-03   0.00000E+00   8.15371E-03   3.80202E-03   9.32368E-01 
    1.38374E-02   3.33519E-02   8.48673E-03   1.36551E-01   8.63449E-01
   1.07300E+03   6.70831E-02   3.56320E-02   8.68902E-01   2.39847E-02 
    4.39817E-03   0.00000E+00   7.88967E-03   3.66031E-03   9.32656E-01 
    1.37740E-02   3.34951E-02   8.52474E-03   1.41184E-01   8.58816E-01
   1.06300E+03   6.70835E-02   3.56215E-02   8.68874E-01   2.41244E-02 
    4.29657E-03   0.00000E+00   7.62965E-03   3.52138E-03   9.32940E-01 
    1.37094E-02   3.36373E-02   8.56218E-03   1.45707E-01   8.54293E-01
   1.05300E+03   6.70839E-02   3.56072E-02   8.68846E-01   2.42674E-02 
    4.19551E-03   0.00000E+00   7.37366E-03   3.38529E-03   9.33220E-01 
    1.36436E-02   3.37784E-02   8.59904E-03   1.50121E-01   8.49879E-01
   1.04300E+03   6.70843E-02   3.55892E-02   8.68817E-01   2.44140E-02 
    4.09501E-03   0.00000E+00   7.12171E-03   3.25208E-03   9.33496E-01 
    1.35766E-02   3.39184E-02   8.63532E-03   1.54429E-01   8.45571E-01
   1.03300E+03   6.70847E-02   3.55677E-02   8.68788E-01   2.45641E-02 
    3.99509E-03   0.00000E+00   6.87381E-03   3.12179E-03   9.33768E-01 
    1.35084E-02   3.40573E-02   8.67101E-03   1.58633E-01   8.41367E-01
   1.02300E+03   6.70851E-02   3.55426E-02   8.68759E-01   2.47178E-02 
    3.89578E-03   0.00000E+00   6.62998E-03   2.99445E-03   9.34036E-01 
    1.34389E-02   3.41949E-02   8.70611E-03   1.62733E-01   8.37267E-01
   1.01300E+03   6.70855E-02   3.55142E-02   8.68728E-01   2.48751E-02 
    3.79710E-03   0.00000E+00   6.39023E-03   2.87010E-03   9.34299E-01 
    1.33682E-02   3.43314E-02   8.74063E-03   1.66733E-01   8.33267E-01
   1.00300E+03   6.70858E-02   3.54825E-02   8.68696E-01   2.50363E-02 
    3.69908E-03   0.00000E+00   6.15459E-03   2.74878E-03   9.34559E-01 
    1.32962E-02   3.44665E-02   8.77456E-03   1.70634E-01   8.29366E-01
   9.93000E+02   6.70861E-02   3.54477E-02   8.68663E-01   2.52012E-02 
    3.60173E-03   0.00000E+00   5.92306E-03   2.63049E-03   9.34815E-01 
    1.32228E-02   3.46004E-02   8.80789E-03   1.74437E-01   8.25563E-01
   9.83000E+02   6.70864E-02   3.54100E-02   8.68628E-01   2.53701E-02 
    3.50508E-03   0.00000E+00   5.69568E-03   2.51527E-03   9.35067E-01 
    1.31482E-02   3.47328E-02   8.84063E-03   1.78145E-01   8.21855E-01
   9.73000E+02   6.70867E-02   3.53694E-02   8.68592E-01   2.55429E-02 
    3.40916E-03   0.00000E+00   5.47247E-03   2.40312E-03   9.35316E-01 
    1.30721E-02   3.48639E-02   8.87276E-03   1.81758E-01   8.18242E-01
   9.71706E+02   6.70868E-02   3.53639E-02   8.68587E-01   2.55656E-02 
    3.39680E-03   0.00000E+00   5.44389E-03   2.38883E-03   9.35347E-01 
    1.30622E-02   3.48808E-02   8.87688E-03   1.82218E-01   8.17782E-01

 Phase Region for:
     BCC_A2                        
     CEMENTITE                     
     FCC_A1#2                      
 col-1=T, col-2=W(BCC_A2,C), col-3=W(BCC_A2,CR), col-4=W(BCC_A2,FE),
   col-5=W(BCC_A2,MN), col-6=W(BCC_A2,NI), col-7=W(BCC_A2,SI),
   col-8=W(CEMENTITE,C), col-9=W(CEMENTITE,CR), col-10=W(CEMENTITE,FE),
   col-11=W(CEMENTITE,MN), col-12=W(CEMENTITE,NI), col-13=W(CEMENTITE,SI),
   col-14=W(FCC_A1#2,C), col-15=W(FCC_A1#2,CR), col-16=W(FCC_A1#2,FE),
   col-17=W(FCC_A1#2,MN), col-18=W(FCC_A1#2,NI), col-19=W(FCC_A1#2,SI),
   col-20=NP(BCC_A2), col-21=NP(CEMENTITE), col-22=NP(FCC_A1#2),
   9.71706E+02   1.06856E-04   1.30964E-03   9.70112E-01   3.03159E-03 
    1.35368E-02   1.19033E-02   6.70868E-02   3.53639E-02   8.68587E-01 
    2.55656E-02   3.39680E-03   0.00000E+00   5.44389E-03   2.38883E-03 
    9.35347E-01   1.30622E-02   3.48808E-02   8.87687E-03   2.34033E-06 
    1.82219E-01   8.17779E-01
   9.63000E+02   9.70958E-05   1.19560E-03   9.69035E-01   3.18142E-03 
    1.53101E-02   1.11811E-02   6.70814E-02   3.39447E-02   8.66586E-01 
    2.85021E-02   3.88536E-03   0.00000E+00   5.22568E-03   2.17058E-03 
    9.28006E-01   1.47828E-02   4.13535E-02   8.46182E-03   1.77473E-01 
    2.03885E-01   6.18642E-01
   9.53000E+02   8.64968E-05   1.09610E-03   9.67502E-01   3.31818E-03 
    1.73541E-02   1.06434E-02   6.70778E-02   3.28752E-02   8.63902E-01 
    3.16926E-02   4.45253E-03   0.00000E+00   4.95051E-03   1.97130E-03 
    9.18422E-01   1.68485E-02   4.95903E-02   8.21767E-03   3.26927E-01 
    2.21718E-01   4.51355E-01
   9.43000E+02   7.67341E-05   1.01767E-03   9.65855E-01   3.41299E-03 
    1.93362E-02   1.03014E-02   6.70759E-02   3.22023E-02   8.61069E-01 
    3.46452E-02   5.00783E-03   0.00000E+00   4.65995E-03   1.80727E-03 
    9.07842E-01   1.89910E-02   5.85718E-02   8.12759E-03   4.34017E-01 
    2.34071E-01   3.31912E-01
   9.33000E+02   6.78648E-05   9.52377E-04   9.64219E-01   3.46726E-03 
    2.12135E-02   1.00803E-02   6.70751E-02   3.17860E-02   8.58244E-01 
    3.73554E-02   5.53965E-03   0.00000E+00   4.36136E-03   1.66580E-03 
    8.96391E-01   2.12120E-02   6.82391E-02   8.13105E-03   5.11429E-01 
    2.42638E-01   2.45933E-01
   9.23000E+02   5.98738E-05   8.95558E-04   9.62662E-01   3.48481E-03 
    2.29620E-02   9.93544E-03   6.70750E-02   3.15385E-02   8.55510E-01 
    3.98350E-02   6.04104E-03   0.00000E+00   4.05958E-03   1.53945E-03 
    8.84111E-01   2.35250E-02   7.85737E-02   8.19162E-03   5.68007E-01 
    2.48607E-01   1.83386E-01
   9.13000E+02   5.27125E-05   8.44436E-04   9.61224E-01   3.47012E-03 
    2.45687E-02   9.83986E-03   6.70754E-02   3.14042E-02   8.52913E-01 
    4.21001E-02   6.50778E-03   0.00000E+00   3.75807E-03   1.42386E-03 
    8.71002E-01   2.59492E-02   8.95805E-02   8.28652E-03   6.09775E-01 
    2.52786E-01   1.37439E-01
   9.03000E+02   4.63183E-05   7.97312E-04   9.59925E-01   3.42764E-03 
    2.60273E-02   9.77665E-03   6.70760E-02   3.13471E-02   8.50473E-01 
    4.41666E-02   6.93727E-03   0.00000E+00   3.45956E-03   1.31642E-03 
    8.57039E-01   2.85070E-02   1.01277E-01   8.40076E-03   6.40855E-01 
    2.55720E-01   1.03424E-01
   8.93000E+02   4.06246E-05   7.53124E-04   9.58775E-01   3.36155E-03 
    2.73351E-02   9.73500E-03   6.70768E-02   3.13435E-02   8.48203E-01 
    4.60488E-02   7.32793E-03   0.00000E+00   3.16649E-03   1.21560E-03 
    8.42187E-01   3.12218E-02   1.13685E-01   8.52390E-03   6.64105E-01 
    2.57785E-01   7.81104E-02
   8.83000E+02   3.55660E-05   7.11195E-04   9.57777E-01   3.27565E-03 
    2.84925E-02   9.70777E-03   6.70777E-02   3.13770E-02   8.46107E-01 
    4.77592E-02   7.67892E-03   0.00000E+00   2.88118E-03   1.12055E-03 
    8.26411E-01   3.41170E-02   1.26822E-01   8.64824E-03   6.81544E-01 
    2.59236E-01   5.92200E-02
   8.73000E+02   3.10800E-05   6.71094E-04   9.56933E-01   3.17340E-03 
    2.95015E-02   9.69020E-03   6.70787E-02   3.14362E-02   8.44187E-01 
    4.93085E-02   7.98994E-03   0.00000E+00   2.60600E-03   1.03080E-03 
    8.09691E-01   3.72130E-02   1.40691E-01   8.76786E-03   6.94625E-01 
    2.60255E-01   4.51201E-02
   8.63000E+02   2.71087E-05   6.32546E-04   9.56238E-01   3.05794E-03 
    3.03658E-02   9.67906E-03   6.70798E-02   3.15129E-02   8.42440E-01 
    5.07062E-02   8.26117E-03   0.00000E+00   2.34332E-03   9.46168E-04 
    7.92035E-01   4.05249E-02   1.55272E-01   8.87813E-03   7.04411E-01 
    2.60968E-01   3.46204E-02
   8.53000E+02   2.35986E-05   5.95378E-04   9.55686E-01   2.93209E-03 
    3.10905E-02   9.67213E-03   6.70808E-02   3.16012E-02   8.40864E-01 
    5.19609E-02   8.49325E-03   0.00000E+00   2.09552E-03   8.66619E-04 
    7.73492E-01   4.40583E-02   1.70512E-01   8.97553E-03   7.11693E-01 
    2.61467E-01   2.68398E-02
   8.43000E+02   2.05009E-05   5.59490E-04   9.55272E-01   2.79842E-03 
    3.16820E-02   9.66794E-03   6.70819E-02   3.16968E-02   8.39454E-01 
    5.30805E-02   8.68723E-03   0.00000E+00   1.86481E-03   7.92209E-04 
    7.54166E-01   4.78054E-02   1.86314E-01   9.05765E-03   7.17066E-01 
    2.61816E-01   2.11182E-02
   8.33000E+02   1.77716E-05   5.24826E-04   9.54985E-01   2.65925E-03 
    3.21476E-02   9.66548E-03   6.70830E-02   3.17965E-02   8.38203E-01 
    5.40726E-02   8.84459E-03   0.00000E+00   1.65300E-03   7.23012E-04 
    7.34222E-01   5.17419E-02   2.02537E-01   9.12335E-03   7.20985E-01 
    2.62059E-01   1.69561E-02
   8.23000E+02   1.53705E-05   4.91363E-04   9.54817E-01   2.51664E-03 
    3.24959E-02   9.66410E-03   6.70841E-02   3.18979E-02   8.37107E-01 
    5.49443E-02   8.96717E-03   0.00000E+00   1.46129E-03   6.59059E-04 
    7.13878E-01   5.58270E-02   2.19002E-01   9.17281E-03   7.23795E-01 
    2.62231E-01   1.39743E-02
   8.13000E+02   1.32617E-05   4.59095E-04   9.54756E-01   2.37241E-03 
    3.27360E-02   9.66338E-03   6.70851E-02   3.19992E-02   8.36156E-01 
    5.57027E-02   9.05711E-03   0.00000E+00   1.29009E-03   6.00297E-04 
    6.93387E-01   6.00062E-02   2.35509E-01   9.20750E-03   7.25764E-01 
    2.62352E-01   1.18840E-02
   8.03000E+02   1.14129E-05   4.28032E-04   9.54792E-01   2.22818E-03 
    3.28775E-02   9.66307E-03   6.70861E-02   3.20994E-02   8.35343E-01 
    5.63547E-02   9.11672E-03   0.00000E+00   1.13893E-03   5.46565E-04 
    6.73006E-01   6.42180E-02   2.51860E-01   9.22989E-03   7.27094E-01 
    2.62439E-01   1.04666E-02
   7.93000E+02   9.79509E-06   3.98186E-04   9.54914E-01   2.08532E-03 
    3.29296E-02   9.66300E-03   6.70871E-02   3.21973E-02   8.34660E-01 
    5.69069E-02   9.14834E-03   0.00000E+00   1.00660E-03   4.97584E-04 
    6.52962E-01   6.84003E-02   2.67891E-01   9.24321E-03   7.27939E-01 
    2.62503E-01   9.55734E-03
   7.83000E+02   8.38223E-06   3.69572E-04   9.55113E-01   1.94499E-03 
    3.29015E-02   9.66308E-03   6.70881E-02   3.22923E-02   8.34100E-01 
    5.73655E-02   9.15429E-03   0.00000E+00   8.91430E-04   4.53033E-04 
    6.33440E-01   7.25012E-02   2.83463E-01   9.25067E-03   7.28416E-01 
    2.62551E-01   9.03302E-03
   7.73000E+02   7.15110E-06   3.42202E-04   9.55378E-01   1.80814E-03 
    3.28011E-02   9.66325E-03   6.70890E-02   3.23841E-02   8.33654E-01 
    5.77364E-02   9.13675E-03   0.00000E+00   7.91452E-04   4.12526E-04 
    6.14568E-01   7.64782E-02   2.98494E-01   9.25542E-03   7.28610E-01 
    2.62588E-01   8.80201E-03
   7.63000E+02   6.08089E-06   3.16087E-04   9.55703E-01   1.67554E-03 
    3.26360E-02   9.66347E-03   6.70899E-02   3.24723E-02   8.33315E-01 
    5.80253E-02   9.09768E-03   0.00000E+00   7.04670E-04   3.75673E-04 
    5.96419E-01   8.03015E-02   3.12939E-01   9.26019E-03   7.28587E-01 
    2.62617E-01   8.79636E-03
   7.53000E+02   5.15296E-06   2.91232E-04   9.56080E-01   1.54780E-03 
    3.24125E-02   9.66369E-03   6.70907E-02   3.25566E-02   8.33076E-01 
    5.82374E-02   9.03883E-03   0.00000E+00   6.29203E-04   3.42103E-04 
    5.79026E-01   8.39529E-02   3.26783E-01   9.26722E-03   7.28395E-01 
    2.62639E-01   8.96560E-03
   7.43000E+02   4.35066E-06   2.67637E-04   9.56503E-01   1.42539E-03 
    3.21362E-02   9.66388E-03   6.70915E-02   3.26370E-02   8.32932E-01 
    5.83773E-02   8.96175E-03   0.00000E+00   5.63366E-04   3.11473E-04 
    5.62387E-01   8.74229E-02   3.40037E-01   9.27828E-03   7.28070E-01 
    2.62658E-01   9.27210E-03
   7.33000E+02   3.65905E-06   2.45297E-04   9.56967E-01   1.30864E-03 
    3.18117E-02   9.66402E-03   6.70923E-02   3.27132E-02   8.32877E-01 
    5.84496E-02   8.86779E-03   0.00000E+00   5.05699E-04   2.83477E-04 
    5.46481E-01   9.07092E-02   3.52726E-01   9.29469E-03   7.27639E-01 
    2.62673E-01   9.68764E-03
   7.23000E+02   3.06480E-06   2.24203E-04   9.57468E-01   1.19777E-03 
    3.14433E-02   9.66407E-03   6.70930E-02   3.27854E-02   8.32905E-01 
    5.84585E-02   8.75812E-03   0.00000E+00   4.54964E-04   2.57847E-04 
    5.31275E-01   9.38138E-02   3.64881E-01   9.31746E-03   7.27123E-01 
    2.62686E-01   1.01908E-02
   7.13000E+02   2.55597E-06   2.04340E-04   9.58002E-01   1.09295E-03 
    3.10341E-02   9.66399E-03   6.70937E-02   3.28535E-02   8.33011E-01 
    5.84078E-02   8.63378E-03   0.00000E+00   4.10123E-04   2.34349E-04 
    5.16725E-01   9.67418E-02   3.76541E-01   9.34735E-03   7.26538E-01 
    2.62697E-01   1.07653E-02
   7.03000E+02   2.12190E-06   1.85690E-04   9.58567E-01   9.94218E-04 
    3.05873E-02   9.66375E-03   6.70944E-02   3.29175E-02   8.33191E-01 
    5.83011E-02   8.49568E-03   0.00000E+00   3.70311E-04   2.12779E-04 
    5.02790E-01   9.95004E-02   3.87742E-01   9.38487E-03   7.25895E-01 
    2.62706E-01   1.13984E-02
   6.93000E+02   1.75305E-06   1.68229E-04   9.59160E-01   9.01587E-04 
    3.01052E-02   9.66331E-03   6.70950E-02   3.29775E-02   8.33441E-01 
    5.81420E-02   8.34463E-03   0.00000E+00   3.34810E-04   1.92962E-04 
    4.89425E-01   1.02097E-01   3.98520E-01   9.43045E-03   7.25205E-01 
    2.62715E-01   1.20801E-02
   6.83000E+02   1.44096E-06   1.51930E-04   9.59779E-01   8.15000E-04 
    2.95901E-02   9.66263E-03   6.70955E-02   3.30336E-02   8.33756E-01 
    5.79336E-02   8.18137E-03   0.00000E+00   3.03026E-04   1.74743E-04 
    4.76587E-01   1.04541E-01   4.08910E-01   9.48436E-03   7.24476E-01 
    2.62722E-01   1.28026E-02
   6.73000E+02   1.17808E-06   1.36763E-04   9.60422E-01   7.34358E-04 
    2.90438E-02   9.66168E-03   6.70961E-02   3.30858E-02   8.34132E-01 
    5.76793E-02   8.00660E-03   0.00000E+00   2.74462E-04   1.57989E-04 
    4.64237E-01   1.06840E-01   4.18944E-01   9.54683E-03   7.23712E-01 
    2.62728E-01   1.35595E-02
