
 Phase Region for:
     CEMENTITE                     
     FCC_A1#2                      
 col-1=T, col-2=X(CEMENTITE,C), col-3=X(CEMENTITE,CR), col-4=X(CEMENTITE,FE),
   col-5=X(CEMENTITE,MN), col-6=X(CEMENTITE,NI), col-7=X(CEMENTITE,SI),
   col-8=X(FCC_A1#2,C), col-9=X(FCC_A1#2,CR), col-10=X(FCC_A1#2,FE),
   col-11=X(FCC_A1#2,MN), col-12=X(FCC_A1#2,NI), col-13=X(FCC_A1#2,SI),
   col-14=NP(CEMENTITE), col-15=NP(FCC_A1#2),
   1.17300E+03   2.50000E-01   3.76933E-06   7.29105E-01   1.72458E-02 
    3.64500E-03   0.00000E+00   4.51827E-02   7.04356E-07   8.73374E-01 
    1.38438E-02   2.16177E-02   4.59808E-02   9.58283E-02   9.04172E-01
   1.18300E+03   2.50000E-01   3.76337E-06   7.29136E-01   1.71466E-02 
    3.71377E-03   0.00000E+00   4.65055E-02   7.24739E-07   8.72440E-01 
    1.38755E-02   2.14948E-02   4.56838E-02   8.99510E-02   9.10049E-01
   1.19300E+03   2.50000E-01   3.75706E-06   7.29164E-01   1.70500E-02 
    3.78266E-03   0.00000E+00   4.78446E-02   7.45314E-07   8.71494E-01 
    1.39059E-02   2.13715E-02   4.53832E-02   8.39226E-02   9.16077E-01
   1.20300E+03   2.50000E-01   3.75040E-06   7.29188E-01   1.69561E-02 
    3.85167E-03   0.00000E+00   4.92000E-02   7.66068E-07   8.70538E-01 
    1.39349E-02   2.12478E-02   4.50789E-02   7.77390E-02   9.22261E-01
   1.21300E+03   2.50000E-01   3.74340E-06   7.29211E-01   1.68648E-02 
    3.92077E-03   0.00000E+00   5.05717E-02   7.86993E-07   8.69570E-01 
    1.39626E-02   2.11236E-02   4.47710E-02   7.13956E-02   9.28604E-01
   1.22300E+03   2.50000E-01   3.73604E-06   7.29230E-01   1.67760E-02 
    3.98996E-03   0.00000E+00   5.19596E-02   8.08079E-07   8.68592E-01 
    1.39889E-02   2.09991E-02   4.44594E-02   6.48876E-02   9.35112E-01
   1.23300E+03   2.50000E-01   3.72833E-06   7.29247E-01   1.66897E-02 
    4.05922E-03   0.00000E+00   5.33638E-02   8.29315E-07   8.67603E-01 
    1.40140E-02   2.08742E-02   4.41442E-02   5.82102E-02   9.41790E-01
   1.24300E+03   2.50000E-01   3.72027E-06   7.29262E-01   1.66059E-02 
    4.12855E-03   0.00000E+00   5.47841E-02   8.50692E-07   8.66603E-01 
    1.40379E-02   2.07490E-02   4.38253E-02   5.13579E-02   9.48642E-01
   1.25300E+03   2.50000E-01   3.71186E-06   7.29274E-01   1.65245E-02 
    4.19795E-03   0.00000E+00   5.62207E-02   8.72199E-07   8.65592E-01 
    1.40606E-02   2.06235E-02   4.35028E-02   4.43252E-02   9.55675E-01
   1.26300E+03   2.50000E-01   3.70311E-06   7.29283E-01   1.64455E-02 
    4.26739E-03   0.00000E+00   5.76735E-02   8.93825E-07   8.64569E-01 
    1.40821E-02   2.04977E-02   4.31766E-02   3.71063E-02   9.62894E-01
   1.27300E+03   2.50000E-01   3.69401E-06   7.29291E-01   1.63689E-02 
    4.33686E-03   0.00000E+00   5.91425E-02   9.15562E-07   8.63536E-01 
    1.41025E-02   2.03716E-02   4.28468E-02   2.96947E-02   9.70305E-01
   1.28300E+03   2.50000E-01   3.68457E-06   7.29295E-01   1.62946E-02 
    4.40637E-03   0.00000E+00   6.06279E-02   9.37399E-07   8.62491E-01 
    1.41218E-02   2.02452E-02   4.25134E-02   2.20840E-02   9.77916E-01
   1.29300E+03   2.50000E-01   3.67479E-06   7.29298E-01   1.62227E-02 
    4.47590E-03   0.00000E+00   6.21296E-02   9.59326E-07   8.61435E-01 
    1.41401E-02   2.01186E-02   4.21763E-02   1.42671E-02   9.85733E-01
   1.30300E+03   2.50000E-01   3.66466E-06   7.29298E-01   1.61531E-02 
    4.54545E-03   0.00000E+00   6.36478E-02   9.81332E-07   8.60367E-01 
    1.41573E-02   1.99918E-02   4.18354E-02   6.23670E-03   9.93763E-01
   1.31058E+03   2.50000E-01   3.65675E-06   7.29296E-01   1.61018E-02 
    4.59818E-03   0.00000E+00   6.48100E-02   9.98067E-07   8.59549E-01 
    1.41698E-02   1.98954E-02   4.15745E-02   0.00000E+00   1.00000E+00

 Phase Region for:
     FCC_A1#2                      
 col-1=T, col-2=X(FCC_A1#2,C), col-3=X(FCC_A1#2,CR), col-4=X(FCC_A1#2,FE),
   col-5=X(FCC_A1#2,MN), col-6=X(FCC_A1#2,NI), col-7=X(FCC_A1#2,SI),
   col-8=NP(FCC_A1#2),
   1.31058E+03   6.48100E-02   9.98067E-07   8.59549E-01   1.41698E-02 
    1.98954E-02   4.15745E-02   1.00000E+00
   1.31300E+03   6.48100E-02   9.98067E-07   8.59549E-01   1.41698E-02 
    1.98954E-02   4.15745E-02   1.00000E+00
   1.32300E+03   6.48100E-02   9.98067E-07   8.59549E-01   1.41698E-02 
    1.98954E-02   4.15745E-02   1.00000E+00
   1.33300E+03   6.48100E-02   9.98067E-07   8.59549E-01   1.41698E-02 
    1.98954E-02   4.15745E-02   1.00000E+00
   1.34300E+03   6.48100E-02   9.98067E-07   8.59549E-01   1.41698E-02 
    1.98954E-02   4.15745E-02   1.00000E+00
   1.35300E+03   6.48100E-02   9.98067E-07   8.59549E-01   1.41698E-02 
    1.98954E-02   4.15745E-02   1.00000E+00
   1.36300E+03   6.48100E-02   9.98067E-07   8.59549E-01   1.41698E-02 
    1.98954E-02   4.15745E-02   1.00000E+00
   1.37300E+03   6.48100E-02   9.98067E-07   8.59549E-01   1.41698E-02 
    1.98954E-02   4.15745E-02   1.00000E+00
   1.38300E+03   6.48100E-02   9.98067E-07   8.59549E-01   1.41698E-02 
    1.98954E-02   4.15745E-02   1.00000E+00
   1.39300E+03   6.48100E-02   9.98067E-07   8.59549E-01   1.41698E-02 
    1.98954E-02   4.15745E-02   1.00000E+00
   1.40300E+03   6.48100E-02   9.98067E-07   8.59549E-01   1.41698E-02 
    1.98954E-02   4.15745E-02   1.00000E+00
   1.41300E+03   6.48100E-02   9.98067E-07   8.59549E-01   1.41698E-02 
    1.98954E-02   4.15745E-02   1.00000E+00
   1.42300E+03   6.48100E-02   9.98067E-07   8.59549E-01   1.41698E-02 
    1.98954E-02   4.15745E-02   1.00000E+00
   1.43300E+03   6.48100E-02   9.98067E-07   8.59549E-01   1.41698E-02 
    1.98954E-02   4.15745E-02   1.00000E+00
   1.44300E+03   6.48100E-02   9.98067E-07   8.59549E-01   1.41698E-02 
    1.98954E-02   4.15745E-02   1.00000E+00
   1.45300E+03   6.48100E-02   9.98067E-07   8.59549E-01   1.41698E-02 
    1.98954E-02   4.15745E-02   1.00000E+00
   1.46300E+03   6.48100E-02   9.98067E-07   8.59549E-01   1.41698E-02 
    1.98954E-02   4.15745E-02   1.00000E+00
   1.47300E+03   6.48100E-02   9.98067E-07   8.59549E-01   1.41698E-02 
    1.98954E-02   4.15745E-02   1.00000E+00

 Phase Region for:
     CEMENTITE                     
     FCC_A1#2                      
 col-1=T, col-2=X(CEMENTITE,C), col-3=X(CEMENTITE,CR), col-4=X(CEMENTITE,FE),
   col-5=X(CEMENTITE,MN), col-6=X(CEMENTITE,NI), col-7=X(CEMENTITE,SI),
   col-8=X(FCC_A1#2,C), col-9=X(FCC_A1#2,CR), col-10=X(FCC_A1#2,FE),
   col-11=X(FCC_A1#2,MN), col-12=X(FCC_A1#2,NI), col-13=X(FCC_A1#2,SI),
   col-14=NP(CEMENTITE), col-15=NP(FCC_A1#2),
   1.17300E+03   2.50000E-01   3.76933E-06   7.29105E-01   1.72458E-02 
    3.64500E-03   0.00000E+00   4.51827E-02   7.04356E-07   8.73374E-01 
    1.38438E-02   2.16177E-02   4.59808E-02   9.58283E-02   9.04172E-01
   1.16300E+03   2.50000E-01   3.77494E-06   7.29072E-01   1.73478E-02 
    3.57636E-03   0.00000E+00   4.38763E-02   6.84173E-07   8.74298E-01 
    1.38105E-02   2.17401E-02   4.62741E-02   1.01559E-01   8.98441E-01
   1.15300E+03   2.50000E-01   3.78020E-06   7.29036E-01   1.74525E-02 
    3.50787E-03   0.00000E+00   4.25865E-02   6.64200E-07   8.75211E-01 
    1.37758E-02   2.18620E-02   4.65636E-02   1.07146E-01   8.92854E-01
   1.14300E+03   2.50000E-01   3.78512E-06   7.28997E-01   1.75600E-02 
    3.43953E-03   0.00000E+00   4.13132E-02   6.44448E-07   8.76114E-01 
    1.37396E-02   2.19833E-02   4.68495E-02   1.12594E-01   8.87406E-01
   1.13300E+03   2.50000E-01   3.78970E-06   7.28954E-01   1.76704E-02 
    3.37136E-03   0.00000E+00   4.00566E-02   6.24924E-07   8.77005E-01 
    1.37019E-02   2.21041E-02   4.71316E-02   1.17905E-01   8.82095E-01
   1.12300E+03   2.50000E-01   3.79393E-06   7.28909E-01   1.77837E-02 
    3.30337E-03   0.00000E+00   3.88167E-02   6.05640E-07   8.77886E-01 
    1.36625E-02   2.22243E-02   4.74099E-02   1.23084E-01   8.76916E-01
   1.11300E+03   2.50000E-01   3.79784E-06   7.28861E-01   1.78999E-02 
    3.23558E-03   0.00000E+00   3.75938E-02   5.86603E-07   8.78756E-01 
    1.36216E-02   2.23438E-02   4.76845E-02   1.28133E-01   8.71867E-01
   1.10300E+03   2.50000E-01   3.80141E-06   7.28809E-01   1.80192E-02 
    3.16800E-03   0.00000E+00   3.63878E-02   5.67823E-07   8.79615E-01 
    1.35790E-02   2.24627E-02   4.79552E-02   1.33055E-01   8.66945E-01
   1.09300E+03   2.50000E-01   3.80465E-06   7.28754E-01   1.81416E-02 
    3.10065E-03   0.00000E+00   3.51990E-02   5.49309E-07   8.80463E-01 
    1.35347E-02   2.25808E-02   4.82221E-02   1.37853E-01   8.62147E-01
   1.08300E+03   2.50000E-01   3.80757E-06   7.28696E-01   1.82671E-02 
    3.03353E-03   0.00000E+00   3.40275E-02   5.31068E-07   8.81300E-01 
    1.34887E-02   2.26982E-02   4.84851E-02   1.42530E-01   8.57470E-01
   1.07300E+03   2.50000E-01   3.81018E-06   7.28634E-01   1.83959E-02 
    2.96666E-03   0.00000E+00   3.28734E-02   5.13110E-07   8.82126E-01 
    1.34410E-02   2.28148E-02   4.87442E-02   1.47087E-01   8.52913E-01
   1.06300E+03   2.50000E-01   3.81249E-06   7.28568E-01   1.85279E-02 
    2.90007E-03   0.00000E+00   3.17369E-02   4.95441E-07   8.82941E-01 
    1.33915E-02   2.29306E-02   4.89993E-02   1.51528E-01   8.48472E-01
   1.05300E+03   2.50000E-01   3.81449E-06   7.28499E-01   1.86633E-02 
    2.83375E-03   0.00000E+00   3.06182E-02   4.78069E-07   8.83745E-01 
    1.33401E-02   2.30455E-02   4.92505E-02   1.55855E-01   8.44145E-01
   1.04300E+03   2.50000E-01   3.81621E-06   7.28426E-01   1.88021E-02 
    2.76774E-03   0.00000E+00   2.95174E-02   4.61001E-07   8.84538E-01 
    1.32870E-02   2.31595E-02   4.94976E-02   1.60070E-01   8.39930E-01
   1.03300E+03   2.50000E-01   3.81764E-06   7.28350E-01   1.89443E-02 
    2.70205E-03   0.00000E+00   2.84348E-02   4.44244E-07   8.85320E-01 
    1.32319E-02   2.32726E-02   4.97406E-02   1.64174E-01   8.35826E-01
   1.02300E+03   2.50000E-01   3.81880E-06   7.28269E-01   1.90902E-02 
    2.63669E-03   0.00000E+00   2.73704E-02   4.27804E-07   8.86090E-01 
    1.31750E-02   2.33846E-02   4.99796E-02   1.68170E-01   8.31830E-01
   1.01300E+03   2.50000E-01   3.81971E-06   7.28185E-01   1.92397E-02 
    2.57168E-03   0.00000E+00   2.63246E-02   4.11687E-07   8.86849E-01 
    1.31162E-02   2.34956E-02   5.02144E-02   1.72059E-01   8.27941E-01
   1.00976E+03   2.50000E-01   3.81994E-06   7.28157E-01   1.92890E-02 
    2.55068E-03   0.00000E+00   2.59896E-02   4.06532E-07   8.87092E-01 
    1.30967E-02   2.35313E-02   5.02896E-02   1.73297E-01   8.26703E-01

 Phase Region for:
     BCC_A2                        
     CEMENTITE                     
     FCC_A1#2                      
 col-1=T, col-2=X(BCC_A2,C), col-3=X(BCC_A2,CR), col-4=X(BCC_A2,FE),
   col-5=X(BCC_A2,MN), col-6=X(BCC_A2,NI), col-7=X(BCC_A2,SI),
   col-8=X(CEMENTITE,C), col-9=X(CEMENTITE,CR), col-10=X(CEMENTITE,FE),
   col-11=X(CEMENTITE,MN), col-12=X(CEMENTITE,NI), col-13=X(CEMENTITE,SI),
   col-14=X(FCC_A1#2,C), col-15=X(FCC_A1#2,CR), col-16=X(FCC_A1#2,FE),
   col-17=X(FCC_A1#2,MN), col-18=X(FCC_A1#2,NI), col-19=X(FCC_A1#2,SI),
   col-20=NP(BCC_A2), col-21=NP(CEMENTITE), col-22=NP(FCC_A1#2),
   1.00976E+03   6.34788E-04   2.41471E-07   9.18812E-01   4.49299E-03 
    1.06282E-02   6.54319E-02   2.50000E-01   3.81994E-06   7.28156E-01 
    1.92890E-02   2.55069E-03   0.00000E+00   2.59896E-02   4.06532E-07 
    8.87092E-01   1.30967E-02   2.35313E-02   5.02895E-02   2.03094E-06 
    1.73298E-01   8.26700E-01
   1.00300E+03   5.91871E-04   2.28019E-07   9.19547E-01   4.66973E-03 
    1.15391E-02   6.36524E-02   2.50000E-01   3.72842E-06   7.26413E-01 
    2.08278E-02   2.75505E-03   0.00000E+00   2.53094E-02   3.82400E-07 
    8.85342E-01   1.41041E-02   2.62448E-02   4.89993E-02   1.28392E-01 
    1.89924E-01   6.81684E-01
   9.93000E+02   5.31341E-04   2.11048E-07   9.20050E-01   4.90521E-03 
    1.29845E-02   6.15291E-02   2.50000E-01   3.62567E-06   7.23734E-01 
    2.31755E-02   3.08714E-03   0.00000E+00   2.42425E-02   3.51335E-07 
    8.81699E-01   1.56901E-02   3.08296E-02   4.75384E-02   2.86577E-01 
    2.09794E-01   5.03629E-01
   9.83000E+02   4.75232E-04   1.96475E-07   9.20105E-01   5.05295E-03 
    1.44722E-02   5.98942E-02   2.50000E-01   3.55526E-06   7.20963E-01 
    2.55836E-02   3.44979E-03   0.00000E+00   2.31066E-02   3.24633E-07 
    8.76802E-01   1.73922E-02   3.61212E-02   4.65776E-02   4.10342E-01 
    2.24731E-01   3.64927E-01
   9.73000E+02   4.23301E-04   1.84022E-07   9.19717E-01   5.15374E-03 
    1.60046E-02   5.87007E-02   2.50000E-01   3.50921E-06   7.18160E-01 
    2.80006E-02   3.83579E-03   0.00000E+00   2.19193E-02   3.01070E-07 
    8.70769E-01   1.91926E-02   4.21389E-02   4.59799E-02   5.05663E-01 
    2.35708E-01   2.58629E-01
   9.63000E+02   3.75633E-04   1.73260E-07   9.19003E-01   5.21968E-03 
    1.75496E-02   5.78515E-02   2.50000E-01   3.48134E-06   7.15414E-01 
    3.03502E-02   4.23214E-03   0.00000E+00   2.07019E-02   2.79838E-07 
    8.63801E-01   2.10496E-02   4.88270E-02   4.56200E-02   5.77717E-01 
    2.43573E-01   1.78710E-01
   9.53000E+02   3.32316E-04   1.63708E-07   9.18106E-01   5.24588E-03 
    1.90685E-02   5.72469E-02   2.50000E-01   3.46679E-06   7.12775E-01 
    3.25928E-02   4.62923E-03   0.00000E+00   1.94699E-02   2.60344E-07 
    8.56017E-01   2.29462E-02   5.61534E-02   4.54136E-02   6.31599E-01 
    2.49110E-01   1.19291E-01
   9.43000E+02   2.93242E-04   1.55032E-07   9.17126E-01   5.23241E-03 
    2.05340E-02   5.68141E-02   2.50000E-01   3.46184E-06   7.10269E-01 
    3.47078E-02   5.01991E-03   0.00000E+00   1.82351E-02   2.42175E-07 
    8.47481E-01   2.48785E-02   6.41062E-02   4.52990E-02   6.71639E-01 
    2.52952E-01   7.54096E-02
   9.33000E+02   2.58182E-04   1.47001E-07   9.16131E-01   5.18196E-03 
    2.19271E-02   5.65019E-02   2.50000E-01   3.46378E-06   7.07911E-01 
    3.66863E-02   5.39880E-03   0.00000E+00   1.70063E-02   2.25058E-07 
    8.38219E-01   2.68519E-02   7.26893E-02   4.52333E-02   7.01229E-01 
    2.55578E-01   4.31937E-02
   9.23000E+02   2.26848E-04   1.39459E-07   9.15165E-01   5.09851E-03 
    2.32342E-02   5.62749E-02   2.50000E-01   3.47064E-06   7.05709E-01 
    3.85262E-02   5.76171E-03   0.00000E+00   1.57906E-02   2.08821E-07 
    8.28227E-01   2.88778E-02   8.19174E-02   4.51870E-02   7.22937E-01 
    2.57338E-01   1.97249E-02
   9.13000E+02   1.98931E-04   1.32300E-07   9.14260E-01   4.98649E-03 
    2.44457E-02   5.61090E-02   2.50000E-01   3.48100E-06   7.03662E-01 
    4.02293E-02   6.10533E-03   0.00000E+00   1.45940E-02   1.93360E-07 
    8.17480E-01   3.09722E-02   9.18127E-02   4.51406E-02   7.38686E-01 
    2.58487E-01   2.82725E-03
   9.10935E+02   1.93563E-04   1.30862E-07   9.14082E-01   4.96021E-03 
    2.46832E-02   5.60807E-02   2.50000E-01   3.48347E-06   7.03259E-01 
    4.05643E-02   6.17362E-03   0.00000E+00   1.43498E-02   1.90258E-07 
    8.15164E-01   3.14149E-02   9.39411E-02   4.51298E-02   7.41334E-01 
    2.58666E-01   0.00000E+00

 Phase Region for:
     BCC_A2                        
     CEMENTITE                     
 col-1=T, col-2=X(BCC_A2,C), col-3=X(BCC_A2,CR), col-4=X(BCC_A2,FE),
   col-5=X(BCC_A2,MN), col-6=X(BCC_A2,NI), col-7=X(BCC_A2,SI),
   col-8=X(CEMENTITE,C), col-9=X(CEMENTITE,CR), col-10=X(CEMENTITE,FE),
   col-11=X(CEMENTITE,MN), col-12=X(CEMENTITE,NI), col-13=X(CEMENTITE,SI),
   col-14=NP(BCC_A2), col-15=NP(CEMENTITE),
   9.10935E+02   1.93563E-04   1.30862E-07   9.14082E-01   4.96021E-03 
    2.46832E-02   5.60807E-02   2.50000E-01   3.48347E-06   7.03259E-01 
    4.05643E-02   6.17362E-03   0.00000E+00   7.41334E-01   2.58666E-01  NONE
   9.03000E+02   1.74804E-04   1.25424E-07   9.14318E-01   4.74958E-03 
    2.46730E-02   5.60849E-02   2.50000E-01   3.49833E-06   7.02630E-01 
    4.11601E-02   6.20679E-03   0.00000E+00   7.41278E-01   2.58722E-01  NONE
   8.93000E+02   1.53437E-04   1.18746E-07   9.14603E-01   4.49302E-03 
    2.46607E-02   5.60897E-02   2.50000E-01   3.51663E-06   7.01864E-01 
    4.18860E-02   6.24676E-03   0.00000E+00   7.41215E-01   2.58785E-01  NONE
   8.83000E+02   1.34381E-04   1.12263E-07   9.14877E-01   4.24608E-03 
    2.46488E-02   5.60940E-02   2.50000E-01   3.53445E-06   7.01127E-01 
    4.25849E-02   6.28479E-03   0.00000E+00   7.41158E-01   2.58842E-01  NONE
   8.73000E+02   1.17417E-04   1.05977E-07   9.15139E-01   4.00849E-03 
    2.46374E-02   5.60978E-02   2.50000E-01   3.55178E-06   7.00418E-01 
    4.32576E-02   6.32095E-03   0.00000E+00   7.41108E-01   2.58892E-01  NONE
   8.63000E+02   1.02343E-04   9.98896E-08   9.15390E-01   3.78000E-03 
    2.46265E-02   5.61012E-02   2.50000E-01   3.56861E-06   6.99736E-01 
    4.39047E-02   6.35533E-03   0.00000E+00   7.41063E-01   2.58937E-01  NONE
   8.53000E+02   8.89753E-05   9.40017E-08   9.15630E-01   3.56040E-03 
    2.46161E-02   5.61042E-02   2.50000E-01   3.58492E-06   6.99081E-01 
    4.45270E-02   6.38797E-03   0.00000E+00   7.41024E-01   2.58976E-01  NONE
   8.43000E+02   7.71462E-05   8.83147E-08   9.15860E-01   3.34947E-03 
    2.46061E-02   5.61068E-02   2.50000E-01   3.60072E-06   6.98453E-01 
    4.51249E-02   6.41893E-03   0.00000E+00   7.40989E-01   2.59011E-01  NONE
   8.33000E+02   6.67019E-05   8.28296E-08   9.16080E-01   3.14703E-03 
    2.45966E-02   5.61092E-02   2.50000E-01   3.61599E-06   6.97849E-01 
    4.56989E-02   6.44824E-03   0.00000E+00   7.40958E-01   2.59042E-01  NONE
   8.23000E+02   5.75019E-05   7.75473E-08   9.16291E-01   2.95288E-03 
    2.45876E-02   5.61112E-02   2.50000E-01   3.63073E-06   6.97271E-01 
    4.62497E-02   6.47594E-03   0.00000E+00   7.40930E-01   2.59070E-01  NONE
   8.13000E+02   4.94183E-05   7.24686E-08   9.16492E-01   2.76687E-03 
    2.45791E-02   5.61131E-02   2.50000E-01   3.64492E-06   6.96717E-01 
    4.67776E-02   6.50203E-03   0.00000E+00   7.40907E-01   2.59093E-01  NONE
   8.03000E+02   4.23343E-05   6.75937E-08   9.16683E-01   2.58883E-03 
    2.45710E-02   5.61146E-02   2.50000E-01   3.65857E-06   6.96187E-01 
    4.72831E-02   6.52654E-03   0.00000E+00   7.40886E-01   2.59114E-01  NONE
   7.93000E+02   3.61434E-05   6.29226E-08   9.16866E-01   2.41860E-03 
    2.45634E-02   5.61160E-02   2.50000E-01   3.67167E-06   6.95680E-01 
    4.77666E-02   6.54947E-03   0.00000E+00   7.40867E-01   2.59133E-01  NONE
   7.83000E+02   3.07489E-05   5.84549E-08   9.17040E-01   2.25603E-03 
    2.45564E-02   5.61172E-02   2.50000E-01   3.68422E-06   6.95197E-01 
    4.82286E-02   6.57081E-03   0.00000E+00   7.40851E-01   2.59149E-01  NONE
   7.73000E+02   2.60628E-05   5.41900E-08   9.17205E-01   2.10096E-03 
    2.45498E-02   5.61183E-02   2.50000E-01   3.69622E-06   6.94736E-01 
    4.86694E-02   6.59054E-03   0.00000E+00   7.40837E-01   2.59163E-01  NONE
   7.63000E+02   2.20053E-05   5.01266E-08   9.17362E-01   1.95324E-03 
    2.45437E-02   5.61192E-02   2.50000E-01   3.70766E-06   6.94298E-01 
    4.90895E-02   6.60865E-03   0.00000E+00   7.40825E-01   2.59175E-01  NONE
   7.53000E+02   1.85040E-05   4.62630E-08   9.17511E-01   1.81271E-03 
    2.45382E-02   5.61200E-02   2.50000E-01   3.71856E-06   6.93882E-01 
    4.94893E-02   6.62512E-03   0.00000E+00   7.40815E-01   2.59185E-01  NONE
   7.43000E+02   1.54937E-05   4.25973E-08   9.17651E-01   1.67923E-03 
    2.45333E-02   5.61207E-02   2.50000E-01   3.72891E-06   6.93487E-01 
    4.98691E-02   6.63991E-03   0.00000E+00   7.40806E-01   2.59194E-01  NONE
   7.33000E+02   1.29152E-05   3.91270E-08   9.17784E-01   1.55263E-03 
    2.45289E-02   5.61212E-02   2.50000E-01   3.73872E-06   6.93114E-01 
    5.02295E-02   6.65298E-03   0.00000E+00   7.40798E-01   2.59202E-01  NONE
   7.23000E+02   1.07156E-05   3.58491E-08   9.17910E-01   1.43275E-03 
    2.45251E-02   5.61217E-02   2.50000E-01   3.74799E-06   6.92761E-01 
    5.05709E-02   6.66429E-03   0.00000E+00   7.40792E-01   2.59208E-01  NONE
   7.13000E+02   8.84691E-06   3.27603E-08   9.18028E-01   1.31943E-03 
    2.45219E-02   5.61222E-02   2.50000E-01   3.75674E-06   6.92429E-01 
    5.08937E-02   6.67378E-03   0.00000E+00   7.40786E-01   2.59214E-01  NONE
   7.03000E+02   7.26653E-06   2.98567E-08   9.18138E-01   1.21249E-03 
    2.45193E-02   5.61225E-02   2.50000E-01   3.76497E-06   6.92116E-01 
    5.11984E-02   6.68139E-03   0.00000E+00   7.40782E-01   2.59218E-01  NONE
   6.93000E+02   5.93621E-06   2.71342E-08   9.18242E-01   1.11175E-03 
    2.45175E-02   5.61228E-02   2.50000E-01   3.77270E-06   6.91824E-01 
    5.14855E-02   6.68707E-03   0.00000E+00   7.40778E-01   2.59222E-01  NONE
   6.83000E+02   4.82191E-06   2.45882E-08   9.18339E-01   1.01706E-03 
    2.45162E-02   5.61231E-02   2.50000E-01   3.77992E-06   6.91550E-01 
    5.17555E-02   6.69073E-03   0.00000E+00   7.40774E-01   2.59226E-01  NONE
   6.73000E+02   3.89342E-06   2.22138E-08   9.18429E-01   9.28205E-04 
    2.45158E-02   5.61233E-02   2.50000E-01   3.78667E-06   6.91295E-01 
    5.20089E-02   6.69231E-03   0.00000E+00   7.40772E-01   2.59228E-01  NONE
