
 Phase Region for:
     CEMENTITE                     
     FCC_A1#2                      
 col-1=T, col-2=X(CEMENTITE,C), col-3=X(CEMENTITE,CR), col-4=X(CEMENTITE,FE),
   col-5=X(CEMENTITE,MN), col-6=X(CEMENTITE,NI), col-7=X(CEMENTITE,SI),
   col-8=X(FCC_A1#2,C), col-9=X(FCC_A1#2,CR), col-10=X(FCC_A1#2,FE),
   col-11=X(FCC_A1#2,MN), col-12=X(FCC_A1#2,NI), col-13=X(FCC_A1#2,SI),
   col-14=NP(CEMENTITE), col-15=NP(FCC_A1#2),
   1.17300E+03   2.50000E-01   1.06985E-01   6.25292E-01   1.68982E-02 
    8.24716E-04   0.00000E+00   3.99131E-02   1.95985E-02   8.87548E-01 
    1.38655E-02   7.45419E-03   3.16203E-02   1.19793E-01   8.80207E-01
   1.18300E+03   2.50000E-01   1.06767E-01   6.25590E-01   1.68005E-02 
    8.42185E-04   0.00000E+00   4.11766E-02   2.01522E-02   8.85933E-01 
    1.38964E-02   7.41206E-03   3.14301E-02   1.14467E-01   8.85533E-01
   1.19300E+03   2.50000E-01   1.06548E-01   6.25887E-01   1.67058E-02 
    8.59759E-04   0.00000E+00   4.24607E-02   2.07117E-02   8.84295E-01 
    1.39258E-02   7.36951E-03   3.12369E-02   1.08988E-01   8.91012E-01
   1.20300E+03   2.50000E-01   1.06328E-01   6.26180E-01   1.66143E-02 
    8.77436E-04   0.00000E+00   4.37654E-02   2.12766E-02   8.82637E-01 
    1.39538E-02   7.32655E-03   3.10405E-02   1.03351E-01   8.96649E-01
   1.21300E+03   2.50000E-01   1.06108E-01   6.26471E-01   1.65258E-02 
    8.95213E-04   0.00000E+00   4.50908E-02   2.18470E-02   8.80958E-01 
    1.39805E-02   7.28318E-03   3.08410E-02   9.75514E-02   9.02449E-01
   1.22300E+03   2.50000E-01   1.05888E-01   6.26759E-01   1.64403E-02 
    9.13087E-04   0.00000E+00   4.64368E-02   2.24227E-02   8.79257E-01 
    1.40058E-02   7.23942E-03   3.06384E-02   9.15841E-02   9.08416E-01
   1.23300E+03   2.50000E-01   1.05668E-01   6.27043E-01   1.63577E-02 
    9.31054E-04   0.00000E+00   4.78035E-02   2.30036E-02   8.77535E-01 
    1.40299E-02   7.19526E-03   3.04327E-02   8.54438E-02   9.14556E-01
   1.24300E+03   2.50000E-01   1.05449E-01   6.27324E-01   1.62780E-02 
    9.49113E-04   0.00000E+00   4.91910E-02   2.35897E-02   8.75792E-01 
    1.40527E-02   7.15073E-03   3.02239E-02   7.91251E-02   9.20875E-01
   1.25300E+03   2.50000E-01   1.05230E-01   6.27602E-01   1.62011E-02 
    9.67259E-04   0.00000E+00   5.05991E-02   2.41808E-02   8.74028E-01 
    1.40743E-02   7.10582E-03   3.00120E-02   7.26219E-02   9.27378E-01
   1.26300E+03   2.50000E-01   1.05013E-01   6.27875E-01   1.61271E-02 
    9.85492E-04   0.00000E+00   5.20280E-02   2.47770E-02   8.72243E-01 
    1.40948E-02   7.06054E-03   2.97969E-02   6.59282E-02   9.34072E-01
   1.27300E+03   2.50000E-01   1.04797E-01   6.28144E-01   1.60557E-02 
    1.00381E-03   0.00000E+00   5.34778E-02   2.53781E-02   8.70436E-01 
    1.41142E-02   7.01491E-03   2.95787E-02   5.90375E-02   9.40963E-01
   1.28300E+03   2.50000E-01   1.04583E-01   6.28408E-01   1.59871E-02 
    1.02220E-03   0.00000E+00   5.49485E-02   2.59841E-02   8.68609E-01 
    1.41325E-02   6.96891E-03   2.93573E-02   5.19427E-02   9.48057E-01
   1.29300E+03   2.50000E-01   1.04371E-01   6.28667E-01   1.59212E-02 
    1.04067E-03   0.00000E+00   5.64401E-02   2.65951E-02   8.66760E-01 
    1.41497E-02   6.92258E-03   2.91328E-02   4.46368E-02   9.55363E-01
   1.30300E+03   2.50000E-01   1.04162E-01   6.28921E-01   1.58580E-02 
    1.05922E-03   0.00000E+00   5.79527E-02   2.72110E-02   8.64889E-01 
    1.41660E-02   6.87589E-03   2.89052E-02   3.71119E-02   9.62888E-01
   1.31300E+03   2.50000E-01   1.03955E-01   6.29169E-01   1.57973E-02 
    1.07783E-03   0.00000E+00   5.94865E-02   2.78318E-02   8.62997E-01 
    1.41814E-02   6.82888E-03   2.86743E-02   2.93600E-02   9.70640E-01
   1.32300E+03   2.50000E-01   1.03752E-01   6.29412E-01   1.57393E-02 
    1.09651E-03   0.00000E+00   6.10415E-02   2.84575E-02   8.61083E-01 
    1.41958E-02   6.78153E-03   2.84403E-02   2.13723E-02   9.78628E-01
   1.33300E+03   2.50000E-01   1.03553E-01   6.29648E-01   1.56839E-02 
    1.11526E-03   0.00000E+00   6.26178E-02   2.90883E-02   8.59148E-01 
    1.42094E-02   6.73385E-03   2.82030E-02   1.31398E-02   9.86860E-01
   1.34300E+03   2.50000E-01   1.03358E-01   6.29877E-01   1.56310E-02 
    1.13407E-03   0.00000E+00   6.42156E-02   2.97242E-02   8.57190E-01 
    1.42222E-02   6.68586E-03   2.79625E-02   4.65257E-03   9.95347E-01
   1.34835E+03   2.50000E-01   1.03255E-01   6.29997E-01   1.56038E-02 
    1.14417E-03   0.00000E+00   6.50800E-02   3.00668E-02   8.56132E-01 
    1.42288E-02   6.66003E-03   2.78324E-02   0.00000E+00   1.00000E+00

 Phase Region for:
     FCC_A1#2                      
 col-1=T, col-2=X(FCC_A1#2,C), col-3=X(FCC_A1#2,CR), col-4=X(FCC_A1#2,FE),
   col-5=X(FCC_A1#2,MN), col-6=X(FCC_A1#2,NI), col-7=X(FCC_A1#2,SI),
   col-8=NP(FCC_A1#2),
   1.34835E+03   6.50800E-02   3.00668E-02   8.56132E-01   1.42288E-02 
    6.66003E-03   2.78324E-02   1.00000E+00
   1.35300E+03   6.50800E-02   3.00668E-02   8.56132E-01   1.42288E-02 
    6.66003E-03   2.78324E-02   1.00000E+00
   1.36300E+03   6.50800E-02   3.00668E-02   8.56132E-01   1.42288E-02 
    6.66003E-03   2.78324E-02   1.00000E+00
   1.37300E+03   6.50800E-02   3.00668E-02   8.56132E-01   1.42288E-02 
    6.66003E-03   2.78324E-02   1.00000E+00
   1.38300E+03   6.50800E-02   3.00668E-02   8.56132E-01   1.42288E-02 
    6.66003E-03   2.78324E-02   1.00000E+00
   1.39300E+03   6.50800E-02   3.00668E-02   8.56132E-01   1.42288E-02 
    6.66003E-03   2.78324E-02   1.00000E+00
   1.40300E+03   6.50800E-02   3.00668E-02   8.56132E-01   1.42288E-02 
    6.66003E-03   2.78324E-02   1.00000E+00
   1.41300E+03   6.50800E-02   3.00668E-02   8.56132E-01   1.42288E-02 
    6.66003E-03   2.78324E-02   1.00000E+00
   1.42300E+03   6.50800E-02   3.00668E-02   8.56132E-01   1.42288E-02 
    6.66003E-03   2.78324E-02   1.00000E+00
   1.43300E+03   6.50800E-02   3.00668E-02   8.56132E-01   1.42288E-02 
    6.66003E-03   2.78324E-02   1.00000E+00
   1.44300E+03   6.50800E-02   3.00668E-02   8.56132E-01   1.42288E-02 
    6.66003E-03   2.78324E-02   1.00000E+00
   1.45300E+03   6.50800E-02   3.00668E-02   8.56132E-01   1.42288E-02 
    6.66003E-03   2.78324E-02   1.00000E+00
   1.46300E+03   6.50800E-02   3.00668E-02   8.56132E-01   1.42288E-02 
    6.66003E-03   2.78324E-02   1.00000E+00
   1.47300E+03   6.50800E-02   3.00668E-02   8.56132E-01   1.42288E-02 
    6.66003E-03   2.78324E-02   1.00000E+00

 Phase Region for:
     CEMENTITE                     
     FCC_A1#2                      
 col-1=T, col-2=X(CEMENTITE,C), col-3=X(CEMENTITE,CR), col-4=X(CEMENTITE,FE),
   col-5=X(CEMENTITE,MN), col-6=X(CEMENTITE,NI), col-7=X(CEMENTITE,SI),
   col-8=X(FCC_A1#2,C), col-9=X(FCC_A1#2,CR), col-10=X(FCC_A1#2,FE),
   col-11=X(FCC_A1#2,MN), col-12=X(FCC_A1#2,NI), col-13=X(FCC_A1#2,SI),
   col-14=NP(CEMENTITE), col-15=NP(FCC_A1#2),
   1.17300E+03   2.50000E-01   1.06985E-01   6.25292E-01   1.68982E-02 
    8.24716E-04   0.00000E+00   3.99131E-02   1.95985E-02   8.87548E-01 
    1.38655E-02   7.45419E-03   3.16203E-02   1.19793E-01   8.80207E-01
   1.16300E+03   2.50000E-01   1.07202E-01   6.24991E-01   1.69992E-02 
    8.07355E-04   0.00000E+00   3.86702E-02   1.90505E-02   8.89143E-01 
    1.38331E-02   7.49589E-03   3.18074E-02   1.24969E-01   8.75031E-01
   1.15300E+03   2.50000E-01   1.07418E-01   6.24689E-01   1.71034E-02 
    7.90105E-04   0.00000E+00   3.74480E-02   1.85085E-02   8.90716E-01 
    1.37993E-02   7.53715E-03   3.19913E-02   1.30001E-01   8.69999E-01
   1.14300E+03   2.50000E-01   1.07632E-01   6.24385E-01   1.72109E-02 
    7.72969E-04   0.00000E+00   3.62463E-02   1.79725E-02   8.92267E-01 
    1.37638E-02   7.57797E-03   3.21722E-02   1.34892E-01   8.65108E-01
   1.13300E+03   2.50000E-01   1.07843E-01   6.24079E-01   1.73219E-02 
    7.55949E-04   0.00000E+00   3.50652E-02   1.74427E-02   8.93797E-01 
    1.37268E-02   7.61833E-03   3.23500E-02   1.39646E-01   8.60354E-01
   1.12300E+03   2.50000E-01   1.08053E-01   6.23771E-01   1.74363E-02 
    7.39049E-04   0.00000E+00   3.39048E-02   1.69192E-02   8.95305E-01 
    1.36880E-02   7.65823E-03   3.25246E-02   1.44266E-01   8.55734E-01
   1.11300E+03   2.50000E-01   1.08261E-01   6.23463E-01   1.75543E-02 
    7.22271E-04   0.00000E+00   3.27649E-02   1.64023E-02   8.96791E-01 
    1.36477E-02   7.69766E-03   3.26962E-02   1.48756E-01   8.51244E-01
   1.10300E+03   2.50000E-01   1.08465E-01   6.23153E-01   1.76759E-02 
    7.05617E-04   0.00000E+00   3.16456E-02   1.58919E-02   8.98256E-01 
    1.36055E-02   7.73661E-03   3.28647E-02   1.53120E-01   8.46880E-01
   1.09300E+03   2.50000E-01   1.08668E-01   6.22842E-01   1.78012E-02 
    6.89092E-04   0.00000E+00   3.05470E-02   1.53884E-02   8.99698E-01 
    1.35617E-02   7.77507E-03   3.30300E-02   1.57359E-01   8.42641E-01
   1.08300E+03   2.50000E-01   1.08867E-01   6.22530E-01   1.79303E-02 
    6.72696E-04   0.00000E+00   2.94690E-02   1.48919E-02   9.01118E-01 
    1.35160E-02   7.81304E-03   3.31923E-02   1.61478E-01   8.38522E-01
   1.07300E+03   2.50000E-01   1.09063E-01   6.22218E-01   1.80633E-02 
    6.56434E-04   0.00000E+00   2.84115E-02   1.44024E-02   9.02516E-01 
    1.34685E-02   7.85050E-03   3.33514E-02   1.65480E-01   8.34520E-01
   1.06300E+03   2.50000E-01   1.09255E-01   6.21904E-01   1.82002E-02 
    6.40307E-04   0.00000E+00   2.73747E-02   1.39202E-02   9.03891E-01 
    1.34190E-02   7.88745E-03   3.35075E-02   1.69366E-01   8.30634E-01
   1.05300E+03   2.50000E-01   1.09444E-01   6.21590E-01   1.83412E-02 
    6.24319E-04   0.00000E+00   2.63585E-02   1.34455E-02   9.05244E-01 
    1.33677E-02   7.92388E-03   3.36604E-02   1.73141E-01   8.26859E-01
   1.04300E+03   2.50000E-01   1.09630E-01   6.21275E-01   1.84863E-02 
    6.08472E-04   0.00000E+00   2.53630E-02   1.29782E-02   9.06574E-01 
    1.33144E-02   7.95978E-03   3.38103E-02   1.76805E-01   8.23195E-01
   1.03300E+03   2.50000E-01   1.09812E-01   6.20960E-01   1.86357E-02 
    5.92769E-04   0.00000E+00   2.43880E-02   1.25188E-02   9.07882E-01 
    1.32591E-02   7.99514E-03   3.39570E-02   1.80363E-01   8.19637E-01
   1.02484E+03   2.50000E-01   1.09957E-01   6.20702E-01   1.87608E-02 
    5.80058E-04   0.00000E+00   2.36073E-02   1.21494E-02   9.08933E-01 
    1.32124E-02   8.02360E-03   3.40745E-02   1.83189E-01   8.16811E-01

 Phase Region for:
     BCC_A2                        
     CEMENTITE                     
     FCC_A1#2                      
 col-1=T, col-2=X(BCC_A2,C), col-3=X(BCC_A2,CR), col-4=X(BCC_A2,FE),
   col-5=X(BCC_A2,MN), col-6=X(BCC_A2,NI), col-7=X(BCC_A2,SI),
   col-8=X(CEMENTITE,C), col-9=X(CEMENTITE,CR), col-10=X(CEMENTITE,FE),
   col-11=X(CEMENTITE,MN), col-12=X(CEMENTITE,NI), col-13=X(CEMENTITE,SI),
   col-14=X(FCC_A1#2,C), col-15=X(FCC_A1#2,CR), col-16=X(FCC_A1#2,FE),
   col-17=X(FCC_A1#2,MN), col-18=X(FCC_A1#2,NI), col-19=X(FCC_A1#2,SI),
   col-20=NP(BCC_A2), col-21=NP(CEMENTITE), col-22=NP(FCC_A1#2),
   1.02484E+03   6.33363E-04   7.62113E-03   9.38405E-01   5.05793E-03 
    3.85859E-03   4.44243E-02   2.50000E-01   1.09957E-01   6.20702E-01 
    1.87609E-02   5.80059E-04   0.00000E+00   2.36073E-02   1.21494E-02 
    9.08933E-01   1.32124E-02   8.02362E-03   3.40745E-02   3.30497E-06 
    1.83189E-01   8.16807E-01
   1.02300E+03   6.23274E-04   7.47649E-03   9.38922E-01   5.17376E-03 
    4.01053E-03   4.37935E-02   2.50000E-01   1.09018E-01   6.20938E-01 
    1.94407E-02   6.03652E-04   0.00000E+00   2.35289E-02   1.19357E-02 
    9.08915E-01   1.36318E-02   8.39846E-03   3.35898E-02   5.95609E-02 
    1.89496E-01   7.50943E-01
   1.01300E+03   5.66751E-04   6.79561E-03   9.40841E-01   5.83433E-03 
    4.99000E-03   4.09726E-02   2.50000E-01   1.04744E-01   6.21058E-01 
    2.34415E-02   7.56188E-04   0.00000E+00   2.29600E-02   1.09034E-02 
    9.07587E-01   1.61412E-02   1.08924E-02   3.15161E-02   3.40753E-01 
    2.19127E-01   4.40120E-01
   1.00300E+03   5.09152E-04   6.27369E-03   9.41431E-01   6.46700E-03 
    6.21180E-03   3.91075E-02   2.50000E-01   1.01926E-01   6.19431E-01 
    2.76949E-02   9.47837E-04   0.00000E+00   2.21621E-02   1.00765E-02 
    9.04316E-01   1.89066E-02   1.42158E-02   3.03226E-02   5.45765E-01 
    2.40238E-01   2.13998E-01
   9.93000E+02   4.52961E-04   5.86335E-03   9.41121E-01   6.96155E-03 
    7.62218E-03   3.79794E-02   2.50000E-01   1.00359E-01   6.16525E-01 
    3.19427E-02   1.17363E-03   0.00000E+00   2.11785E-02   9.40649E-03 
    8.99340E-01   2.18108E-02   1.84226E-02   2.98416E-02   6.83764E-01 
    2.53791E-01   6.24451E-02
   9.87090E+02   4.21324E-04   5.66204E-03   9.40623E-01   7.20223E-03 
    8.52757E-03   3.75643E-02   2.50000E-01   9.98629E-02   6.14494E-01 
    3.43244E-02   1.31895E-03   0.00000E+00   2.05437E-02   9.05924E-03 
    8.95821E-01   2.35159E-02   2.13064E-02   2.97541E-02   7.40929E-01 
    2.59071E-01   0.00000E+00

 Phase Region for:
     BCC_A2                        
     CEMENTITE                     
 col-1=T, col-2=X(BCC_A2,C), col-3=X(BCC_A2,CR), col-4=X(BCC_A2,FE),
   col-5=X(BCC_A2,MN), col-6=X(BCC_A2,NI), col-7=X(BCC_A2,SI),
   col-8=X(CEMENTITE,C), col-9=X(CEMENTITE,CR), col-10=X(CEMENTITE,FE),
   col-11=X(CEMENTITE,MN), col-12=X(CEMENTITE,NI), col-13=X(CEMENTITE,SI),
   col-14=NP(BCC_A2), col-15=NP(CEMENTITE),
   9.87090E+02   4.21324E-04   5.66204E-03   9.40623E-01   7.20223E-03 
    8.52757E-03   3.75643E-02   2.50000E-01   9.98629E-02   6.14494E-01 
    3.43244E-02   1.31895E-03   0.00000E+00   7.40929E-01   2.59071E-01  NONE
   9.83000E+02   4.01287E-04   5.55488E-03   9.40885E-01   7.06489E-03 
    8.52708E-03   3.75673E-02   2.50000E-01   1.00148E-01   6.13820E-01 
    3.47108E-02   1.32200E-03   0.00000E+00   7.40869E-01   2.59131E-01  NONE
   9.73000E+02   3.55888E-04   5.29727E-03   9.41510E-01   6.73679E-03 
    8.52594E-03   3.75741E-02   2.50000E-01   1.00834E-01   6.12203E-01 
    3.56338E-02   1.32902E-03   0.00000E+00   7.40735E-01   2.59265E-01  NONE
   9.63000E+02   3.15193E-04   5.04586E-03   9.42115E-01   6.41929E-03 
    8.52486E-03   3.75802E-02   2.50000E-01   1.01508E-01   6.10630E-01 
    3.65269E-02   1.33545E-03   0.00000E+00   7.40614E-01   2.59386E-01  NONE
   9.53000E+02   2.78749E-04   4.80061E-03   9.42699E-01   6.11202E-03 
    8.52385E-03   3.75857E-02   2.50000E-01   1.02168E-01   6.09100E-01 
    3.73912E-02   1.34134E-03   0.00000E+00   7.40506E-01   2.59494E-01  NONE
   9.43000E+02   2.46144E-04   4.56155E-03   9.43264E-01   5.81462E-03 
    8.52290E-03   3.75906E-02   2.50000E-01   1.02813E-01   6.07612E-01 
    3.82278E-02   1.34672E-03   0.00000E+00   7.40409E-01   2.59591E-01  NONE
   9.33000E+02   2.17005E-04   4.32868E-03   9.43811E-01   5.52679E-03 
    8.52201E-03   3.75950E-02   2.50000E-01   1.03444E-01   6.06166E-01 
    3.90376E-02   1.35164E-03   0.00000E+00   7.40323E-01   2.59677E-01  NONE
   9.23000E+02   1.90993E-04   4.10207E-03   9.44339E-01   5.24826E-03 
    8.52118E-03   3.75989E-02   2.50000E-01   1.04061E-01   6.04762E-01 
    3.98215E-02   1.35611E-03   0.00000E+00   7.40246E-01   2.59754E-01  NONE
   9.13000E+02   1.67804E-04   3.88176E-03   9.44849E-01   4.97878E-03 
    8.52042E-03   3.76024E-02   2.50000E-01   1.04662E-01   6.03398E-01 
    4.05800E-02   1.36018E-03   0.00000E+00   7.40177E-01   2.59823E-01  NONE
   9.03000E+02   1.47158E-04   3.66782E-03   9.45342E-01   4.71816E-03 
    8.51972E-03   3.76055E-02   2.50000E-01   1.05247E-01   6.02075E-01 
    4.13138E-02   1.36386E-03   0.00000E+00   7.40116E-01   2.59884E-01  NONE
   8.93000E+02   1.28802E-04   3.46032E-03   9.45817E-01   4.46620E-03 
    8.51909E-03   3.76083E-02   2.50000E-01   1.05817E-01   6.00792E-01 
    4.20235E-02   1.36717E-03   0.00000E+00   7.40061E-01   2.59939E-01  NONE
   8.83000E+02   1.12508E-04   3.25933E-03   9.46276E-01   4.22275E-03 
    8.51851E-03   3.76107E-02   2.50000E-01   1.06370E-01   5.99550E-01 
    4.27095E-02   1.37012E-03   0.00000E+00   7.40013E-01   2.59987E-01  NONE
   8.73000E+02   9.80667E-05   3.06492E-03   9.46718E-01   3.98766E-03 
    8.51801E-03   3.76129E-02   2.50000E-01   1.06906E-01   5.98349E-01 
    4.33721E-02   1.37275E-03   0.00000E+00   7.39970E-01   2.60030E-01  NONE
   8.63000E+02   8.52900E-05   2.87715E-03   9.47144E-01   3.76083E-03 
    8.51756E-03   3.76148E-02   2.50000E-01   1.07425E-01   5.97188E-01 
    4.40118E-02   1.37504E-03   0.00000E+00   7.39933E-01   2.60067E-01  NONE
   8.53000E+02   7.40060E-05   2.69609E-03   9.47554E-01   3.54214E-03 
    8.51719E-03   3.76165E-02   2.50000E-01   1.07927E-01   5.96067E-01 
    4.46287E-02   1.37702E-03   0.00000E+00   7.39899E-01   2.60101E-01  NONE
   8.43000E+02   6.40593E-05   2.52178E-03   9.47948E-01   3.33150E-03 
    8.51689E-03   3.76180E-02   2.50000E-01   1.08411E-01   5.94987E-01 
    4.52232E-02   1.37869E-03   0.00000E+00   7.39870E-01   2.60130E-01  NONE
   8.33000E+02   5.53089E-05   2.35425E-03   9.48326E-01   3.12881E-03 
    8.51666E-03   3.76193E-02   2.50000E-01   1.08877E-01   5.93948E-01 
    4.57954E-02   1.38006E-03   0.00000E+00   7.39844E-01   2.60156E-01  NONE
   8.23000E+02   4.76271E-05   2.19354E-03   9.48688E-01   2.93399E-03 
    8.51650E-03   3.76205E-02   2.50000E-01   1.09324E-01   5.92949E-01 
    4.63457E-02   1.38113E-03   0.00000E+00   7.39821E-01   2.60179E-01  NONE
   8.13000E+02   4.08983E-05   2.03966E-03   9.49035E-01   2.74697E-03 
    8.51642E-03   3.76215E-02   2.50000E-01   1.09754E-01   5.91990E-01 
    4.68741E-02   1.38189E-03   0.00000E+00   7.39801E-01   2.60199E-01  NONE
   8.03000E+02   3.50181E-05   1.89260E-03   9.49366E-01   2.56765E-03 
    8.51643E-03   3.76224E-02   2.50000E-01   1.10165E-01   5.91072E-01 
    4.73809E-02   1.38235E-03   0.00000E+00   7.39784E-01   2.60216E-01  NONE
   7.93000E+02   2.98920E-05   1.75234E-03   9.49682E-01   2.39597E-03 
    8.51652E-03   3.76232E-02   2.50000E-01   1.10557E-01   5.90194E-01 
    4.78664E-02   1.38251E-03   0.00000E+00   7.39769E-01   2.60231E-01  NONE
   7.83000E+02   2.54349E-05   1.61886E-03   9.49983E-01   2.23182E-03 
    8.51670E-03   3.76238E-02   2.50000E-01   1.10931E-01   5.89356E-01 
    4.83307E-02   1.38235E-03   0.00000E+00   7.39755E-01   2.60245E-01  NONE
   7.73000E+02   2.15699E-05   1.49209E-03   9.50270E-01   2.07513E-03 
    8.51698E-03   3.76244E-02   2.50000E-01   1.11287E-01   5.88558E-01 
    4.87740E-02   1.38188E-03   0.00000E+00   7.39744E-01   2.60256E-01  NONE
   7.63000E+02   1.82280E-05   1.37197E-03   9.50542E-01   1.92579E-03 
    8.51736E-03   3.76249E-02   2.50000E-01   1.11624E-01   5.87798E-01 
    4.91967E-02   1.38108E-03   0.00000E+00   7.39734E-01   2.60266E-01  NONE
   7.53000E+02   1.53472E-05   1.25841E-03   9.50799E-01   1.78370E-03 
    8.51784E-03   3.76254E-02   2.50000E-01   1.11943E-01   5.87078E-01 
    4.95990E-02   1.37994E-03   0.00000E+00   7.39725E-01   2.60275E-01  NONE
   7.43000E+02   1.28717E-05   1.15132E-03   9.51043E-01   1.64875E-03 
    8.51843E-03   3.76257E-02   2.50000E-01   1.12244E-01   5.86396E-01 
    4.99812E-02   1.37846E-03   0.00000E+00   7.39718E-01   2.60282E-01  NONE
   7.33000E+02   1.07516E-05   1.05057E-03   9.51273E-01   1.52080E-03 
    8.51914E-03   3.76260E-02   2.50000E-01   1.12528E-01   5.85752E-01 
    5.03436E-02   1.37662E-03   0.00000E+00   7.39712E-01   2.60288E-01  NONE
   7.23000E+02   8.94240E-06   9.56019E-04   9.51489E-01   1.39973E-03 
    8.51997E-03   3.76263E-02   2.50000E-01   1.12794E-01   5.85145E-01 
    5.06867E-02   1.37440E-03   0.00000E+00   7.39707E-01   2.60293E-01  NONE
   7.13000E+02   7.40423E-06   8.67529E-04   9.51692E-01   1.28540E-03 
    8.52093E-03   3.76265E-02   2.50000E-01   1.13044E-01   5.84574E-01 
    5.10107E-02   1.37179E-03   0.00000E+00   7.39702E-01   2.60298E-01  NONE
   7.03000E+02   6.10168E-06   7.84931E-04   9.51883E-01   1.17765E-03 
    8.52203E-03   3.76267E-02   2.50000E-01   1.13277E-01   5.84038E-01 
    5.13162E-02   1.36878E-03   0.00000E+00   7.39698E-01   2.60302E-01  NONE
   6.93000E+02   5.00327E-06   7.08048E-04   9.52060E-01   1.07633E-03 
    8.52327E-03   3.76269E-02   2.50000E-01   1.13494E-01   5.83537E-01 
    5.16035E-02   1.36535E-03   0.00000E+00   7.39695E-01   2.60305E-01  NONE
   6.83000E+02   4.08111E-06   6.36693E-04   9.52226E-01   9.81249E-04 
    8.52466E-03   3.76270E-02   2.50000E-01   1.13695E-01   5.83070E-01 
    5.18731E-02   1.36148E-03   0.00000E+00   7.39692E-01   2.60308E-01  NONE
   6.73000E+02   3.31056E-06   5.70665E-04   9.52380E-01   8.92245E-04 
    8.52621E-03   3.76272E-02   2.50000E-01   1.13882E-01   5.82635E-01 
    5.21256E-02   1.35714E-03   0.00000E+00   7.39690E-01   2.60310E-01  NONE
