
 Phase Region for:
     CEMENTITE                     
     FCC_A1#1                      
 col-1=T, col-2=X(CEMENTITE,C), col-3=X(CEMENTITE,CR), col-4=X(CEMENTITE,FE),
   col-5=X(CEMENTITE,MN), col-6=X(CEMENTITE,NI), col-7=X(CEMENTITE,SI),
   col-8=X(FCC_A1#1,C), col-9=X(FCC_A1#1,CR), col-10=X(FCC_A1#1,FE),
   col-11=X(FCC_A1#1,MN), col-12=X(FCC_A1#1,NI), col-13=X(FCC_A1#1,SI),
   col-14=NP(CEMENTITE), col-15=NP(FCC_A1#1),
   1.17300E+03   2.50000E-01   8.68619E-02   6.44831E-01   1.50235E-02 
    3.28408E-03   0.00000E+00   3.65901E-02   1.54864E-02   8.46167E-01 
    1.39054E-02   2.46966E-02   6.31546E-02   1.29675E-01   8.70325E-01
   1.18300E+03   2.50000E-01   8.67071E-02   6.45012E-01   1.49287E-02 
    3.35231E-03   0.00000E+00   3.78475E-02   1.59289E-02   8.44955E-01 
    1.39255E-02   2.45608E-02   6.27825E-02   1.24516E-01   8.75484E-01
   1.19300E+03   2.50000E-01   8.65542E-02   6.45188E-01   1.48369E-02 
    3.42086E-03   0.00000E+00   3.91286E-02   1.63770E-02   8.43724E-01 
    1.39439E-02   2.44234E-02   6.24034E-02   1.19198E-01   8.80802E-01
   1.20300E+03   2.50000E-01   8.64033E-02   6.45359E-01   1.47482E-02 
    3.48973E-03   0.00000E+00   4.04335E-02   1.68306E-02   8.42473E-01 
    1.39609E-02   2.42846E-02   6.20172E-02   1.13713E-01   8.86287E-01
   1.21300E+03   2.50000E-01   8.62548E-02   6.45524E-01   1.46625E-02 
    3.55891E-03   0.00000E+00   4.17624E-02   1.72898E-02   8.41203E-01 
    1.39762E-02   2.41444E-02   6.16240E-02   1.08057E-01   8.91943E-01
   1.22300E+03   2.50000E-01   8.61089E-02   6.45683E-01   1.45797E-02 
    3.62838E-03   0.00000E+00   4.31152E-02   1.77544E-02   8.39914E-01 
    1.39901E-02   2.40027E-02   6.12237E-02   1.02225E-01   8.97775E-01
   1.23300E+03   2.50000E-01   8.59658E-02   6.45836E-01   1.44998E-02 
    3.69812E-03   0.00000E+00   4.44920E-02   1.82246E-02   8.38605E-01 
    1.40025E-02   2.38597E-02   6.08162E-02   9.62102E-02   9.03790E-01
   1.24300E+03   2.50000E-01   8.58258E-02   6.45983E-01   1.44227E-02 
    3.76813E-03   0.00000E+00   4.58930E-02   1.87002E-02   8.37276E-01 
    1.40136E-02   2.37154E-02   6.04016E-02   9.00065E-02   9.09994E-01
   1.25300E+03   2.50000E-01   8.56891E-02   6.46124E-01   1.43484E-02 
    3.83840E-03   0.00000E+00   4.73183E-02   1.91814E-02   8.35928E-01 
    1.40232E-02   2.35697E-02   5.99798E-02   8.36073E-02   9.16393E-01
   1.26300E+03   2.50000E-01   8.55562E-02   6.46258E-01   1.42769E-02 
    3.90890E-03   0.00000E+00   4.87679E-02   1.96682E-02   8.34559E-01 
    1.40315E-02   2.34226E-02   5.95508E-02   7.70058E-02   9.22994E-01
   1.27300E+03   2.50000E-01   8.54271E-02   6.46385E-01   1.42080E-02 
    3.97964E-03   0.00000E+00   5.02420E-02   2.01606E-02   8.33170E-01 
    1.40385E-02   2.32744E-02   5.91146E-02   7.01946E-02   9.29805E-01
   1.28300E+03   2.50000E-01   8.53024E-02   6.46505E-01   1.41418E-02 
    4.05059E-03   0.00000E+00   5.17407E-02   2.06587E-02   8.31760E-01 
    1.40442E-02   2.31248E-02   5.86711E-02   6.31659E-02   9.36834E-01
   1.29300E+03   2.50000E-01   8.51822E-02   6.46618E-01   1.40783E-02 
    4.12174E-03   0.00000E+00   5.32642E-02   2.11625E-02   8.30330E-01 
    1.40487E-02   2.29740E-02   5.82203E-02   5.59116E-02   9.44088E-01
   1.30300E+03   2.50000E-01   8.50670E-02   6.46723E-01   1.40173E-02 
    4.19309E-03   0.00000E+00   5.48124E-02   2.16722E-02   8.28879E-01 
    1.40521E-02   2.28220E-02   5.77621E-02   4.84228E-02   9.51577E-01
   1.31300E+03   2.50000E-01   8.49570E-02   6.46819E-01   1.39590E-02 
    4.26462E-03   0.00000E+00   5.63857E-02   2.21879E-02   8.27407E-01 
    1.40543E-02   2.26689E-02   5.72965E-02   4.06904E-02   9.59310E-01
   1.32300E+03   2.50000E-01   8.48527E-02   6.46908E-01   1.39031E-02 
    4.33631E-03   0.00000E+00   5.79842E-02   2.27096E-02   8.25913E-01 
    1.40554E-02   2.25145E-02   5.68235E-02   3.27046E-02   9.67295E-01
   1.33300E+03   2.50000E-01   8.47543E-02   6.46988E-01   1.38498E-02 
    4.40816E-03   0.00000E+00   5.96079E-02   2.32376E-02   8.24397E-01 
    1.40554E-02   2.23590E-02   5.63429E-02   2.44549E-02   9.75545E-01
   1.34300E+03   2.50000E-01   8.46624E-02   6.47058E-01   1.37991E-02 
    4.48014E-03   0.00000E+00   6.12572E-02   2.37720E-02   8.22859E-01 
    1.40545E-02   2.22023E-02   5.58549E-02   1.59304E-02   9.84070E-01
   1.35300E+03   2.50000E-01   8.45773E-02   6.47120E-01   1.37508E-02 
    4.55226E-03   0.00000E+00   6.29322E-02   2.43129E-02   8.21299E-01 
    1.40525E-02   2.20445E-02   5.53592E-02   7.11911E-03   9.92881E-01
   1.36084E+03   2.50000E-01   8.45156E-02   6.47161E-01   1.37147E-02 
    4.60890E-03   0.00000E+00   6.42640E-02   2.47420E-02   8.20059E-01 
    1.40504E-02   2.19200E-02   5.49651E-02   0.00000E+00   1.00000E+00

 Phase Region for:
     FCC_A1#1                      
 col-1=T, col-2=X(FCC_A1#1,C), col-3=X(FCC_A1#1,CR), col-4=X(FCC_A1#1,FE),
   col-5=X(FCC_A1#1,MN), col-6=X(FCC_A1#1,NI), col-7=X(FCC_A1#1,SI),
   col-8=NP(FCC_A1#1),
   1.36084E+03   6.42640E-02   2.47420E-02   8.20059E-01   1.40504E-02 
    2.19200E-02   5.49651E-02   1.00000E+00
   1.36300E+03   6.42640E-02   2.47420E-02   8.20059E-01   1.40504E-02 
    2.19200E-02   5.49651E-02   1.00000E+00
   1.37300E+03   6.42640E-02   2.47420E-02   8.20059E-01   1.40504E-02 
    2.19200E-02   5.49651E-02   1.00000E+00
   1.38300E+03   6.42640E-02   2.47420E-02   8.20059E-01   1.40504E-02 
    2.19200E-02   5.49651E-02   1.00000E+00
   1.39300E+03   6.42640E-02   2.47420E-02   8.20059E-01   1.40504E-02 
    2.19200E-02   5.49651E-02   1.00000E+00
   1.40300E+03   6.42640E-02   2.47420E-02   8.20059E-01   1.40504E-02 
    2.19200E-02   5.49651E-02   1.00000E+00
   1.41300E+03   6.42640E-02   2.47420E-02   8.20059E-01   1.40504E-02 
    2.19200E-02   5.49651E-02   1.00000E+00
   1.42300E+03   6.42640E-02   2.47420E-02   8.20059E-01   1.40504E-02 
    2.19200E-02   5.49651E-02   1.00000E+00
   1.43300E+03   6.42640E-02   2.47420E-02   8.20059E-01   1.40504E-02 
    2.19200E-02   5.49651E-02   1.00000E+00
   1.44300E+03   6.42640E-02   2.47420E-02   8.20059E-01   1.40504E-02 
    2.19200E-02   5.49651E-02   1.00000E+00
   1.45300E+03   6.42640E-02   2.47420E-02   8.20059E-01   1.40504E-02 
    2.19200E-02   5.49651E-02   1.00000E+00
   1.46300E+03   6.42640E-02   2.47420E-02   8.20059E-01   1.40504E-02 
    2.19200E-02   5.49651E-02   1.00000E+00
   1.47300E+03   6.42640E-02   2.47420E-02   8.20059E-01   1.40504E-02 
    2.19200E-02   5.49651E-02   1.00000E+00

 Phase Region for:
     CEMENTITE                     
     FCC_A1#1                      
 col-1=T, col-2=X(CEMENTITE,C), col-3=X(CEMENTITE,CR), col-4=X(CEMENTITE,FE),
   col-5=X(CEMENTITE,MN), col-6=X(CEMENTITE,NI), col-7=X(CEMENTITE,SI),
   col-8=X(FCC_A1#1,C), col-9=X(FCC_A1#1,CR), col-10=X(FCC_A1#1,FE),
   col-11=X(FCC_A1#1,MN), col-12=X(FCC_A1#1,NI), col-13=X(FCC_A1#1,SI),
   col-14=NP(CEMENTITE), col-15=NP(FCC_A1#1),
   1.17300E+03   2.50000E-01   8.68619E-02   6.44831E-01   1.50235E-02 
    3.28408E-03   0.00000E+00   3.65901E-02   1.54864E-02   8.46167E-01 
    1.39054E-02   2.46966E-02   6.31546E-02   1.29675E-01   8.70325E-01
   1.16300E+03   2.50000E-01   8.70183E-02   6.44644E-01   1.51215E-02 
    3.21620E-03   0.00000E+00   3.53564E-02   1.50494E-02   8.47360E-01 
    1.38837E-02   2.48310E-02   6.35197E-02   1.34677E-01   8.65323E-01
   1.15300E+03   2.50000E-01   8.71761E-02   6.44453E-01   1.52227E-02 
    3.14867E-03   0.00000E+00   3.41463E-02   1.46181E-02   8.48534E-01 
    1.38603E-02   2.49638E-02   6.38778E-02   1.39528E-01   8.60472E-01
   1.14300E+03   2.50000E-01   8.73351E-02   6.44256E-01   1.53272E-02 
    3.08150E-03   0.00000E+00   3.29596E-02   1.41924E-02   8.49689E-01 
    1.38352E-02   2.50950E-02   6.42290E-02   1.44233E-01   8.55767E-01
   1.13300E+03   2.50000E-01   8.74952E-02   6.44055E-01   1.54351E-02 
    3.01472E-03   0.00000E+00   3.17965E-02   1.37724E-02   8.50825E-01 
    1.38083E-02   2.52247E-02   6.45732E-02   1.48795E-01   8.51205E-01
   1.12300E+03   2.50000E-01   8.76560E-02   6.43849E-01   1.55464E-02 
    2.94832E-03   0.00000E+00   3.06567E-02   1.33582E-02   8.51942E-01 
    1.37797E-02   2.53527E-02   6.49105E-02   1.53218E-01   8.46782E-01
   1.11300E+03   2.50000E-01   8.78175E-02   6.43639E-01   1.56613E-02 
    2.88234E-03   0.00000E+00   2.95402E-02   1.29498E-02   8.53041E-01 
    1.37492E-02   2.54791E-02   6.52409E-02   1.57506E-01   8.42494E-01
   1.10300E+03   2.50000E-01   8.79795E-02   6.43424E-01   1.57798E-02 
    2.81677E-03   0.00000E+00   2.84470E-02   1.25473E-02   8.54121E-01 
    1.37169E-02   2.56038E-02   6.55644E-02   1.61663E-01   8.38337E-01
   1.09300E+03   2.50000E-01   8.81418E-02   6.43205E-01   1.59019E-02 
    2.75163E-03   0.00000E+00   2.73769E-02   1.21508E-02   8.55182E-01 
    1.36827E-02   2.57268E-02   6.58811E-02   1.65693E-01   8.34307E-01
   1.08300E+03   2.50000E-01   8.83041E-02   6.42981E-01   1.60278E-02 
    2.68693E-03   0.00000E+00   2.63299E-02   1.17603E-02   8.56224E-01 
    1.36465E-02   2.58481E-02   6.61909E-02   1.69598E-01   8.30402E-01
   1.07300E+03   2.50000E-01   8.84665E-02   6.42753E-01   1.61576E-02 
    2.62269E-03   0.00000E+00   2.53060E-02   1.13758E-02   8.57248E-01 
    1.36084E-02   2.59676E-02   6.64939E-02   1.73382E-01   8.26618E-01
   1.06300E+03   2.50000E-01   8.86287E-02   6.42521E-01   1.62914E-02 
    2.55892E-03   0.00000E+00   2.43051E-02   1.09975E-02   8.58254E-01 
    1.35683E-02   2.60853E-02   6.67902E-02   1.77048E-01   8.22952E-01
   1.05300E+03   2.50000E-01   8.87907E-02   6.42284E-01   1.64292E-02 
    2.49564E-03   0.00000E+00   2.33270E-02   1.06254E-02   8.59241E-01 
    1.35261E-02   2.62012E-02   6.70796E-02   1.80599E-01   8.19401E-01
   1.04300E+03   2.50000E-01   8.89521E-02   6.42044E-01   1.65712E-02 
    2.43285E-03   0.00000E+00   2.23718E-02   1.02596E-02   8.60209E-01 
    1.34818E-02   2.63152E-02   6.73623E-02   1.84038E-01   8.15962E-01
   1.03808E+03   2.50000E-01   8.90314E-02   6.41924E-01   1.66426E-02 
    2.40215E-03   0.00000E+00   2.19104E-02   1.00820E-02   8.60679E-01 
    1.34593E-02   2.63706E-02   6.74988E-02   1.85688E-01   8.14312E-01

 Phase Region for:
     BCC_A2                        
     CEMENTITE                     
     FCC_A1#1                      
 col-1=T, col-2=X(BCC_A2,C), col-3=X(BCC_A2,CR), col-4=X(BCC_A2,FE),
   col-5=X(BCC_A2,MN), col-6=X(BCC_A2,NI), col-7=X(BCC_A2,SI),
   col-8=X(CEMENTITE,C), col-9=X(CEMENTITE,CR), col-10=X(CEMENTITE,FE),
   col-11=X(CEMENTITE,MN), col-12=X(CEMENTITE,NI), col-13=X(CEMENTITE,SI),
   col-14=X(FCC_A1#1,C), col-15=X(FCC_A1#1,CR), col-16=X(FCC_A1#1,FE),
   col-17=X(FCC_A1#1,MN), col-18=X(FCC_A1#1,NI), col-19=X(FCC_A1#1,SI),
   col-20=NP(BCC_A2), col-21=NP(CEMENTITE), col-22=NP(FCC_A1#1),
   1.03808E+03   6.16462E-04   6.78132E-03   8.89950E-01   5.44729E-03 
    1.25858E-02   8.46193E-02   2.50000E-01   8.90313E-02   6.41924E-01 
    1.66427E-02   2.40216E-03   0.00000E+00   2.19104E-02   1.00820E-02 
    8.60679E-01   1.34593E-02   2.63707E-02   6.74988E-02   1.53363E-06 
    1.85688E-01   8.14310E-01
   1.03300E+03   5.85371E-04   6.56816E-03   8.90634E-01   5.57223E-03 
    1.31332E-02   8.35070E-02   2.50000E-01   8.82170E-02   6.41873E-01 
    1.74149E-02   2.49502E-03   0.00000E+00   2.14709E-02   9.74780E-03 
    8.60135E-01   1.40299E-02   2.79868E-02   6.66298E-02   7.52717E-02 
    1.94134E-01   7.30595E-01
   1.02300E+03   5.26965E-04   6.18300E-03   8.91630E-01   5.80843E-03 
    1.42752E-02   8.15760E-02   2.50000E-01   8.69113E-02   6.41403E-01 
    1.89949E-02   2.69056E-03   0.00000E+00   2.05788E-02   9.13335E-03 
    8.58430E-01   1.52140E-02   3.15057E-02   6.51384E-02   2.07548E-01 
    2.08555E-01   5.83897E-01
   1.01300E+03   4.72376E-04   5.83721E-03   8.92216E-01   6.02216E-03 
    1.54833E-02   7.99692E-02   2.50000E-01   8.59595E-02   6.40509E-01 
    2.06319E-02   2.89985E-03   0.00000E+00   1.96546E-02   8.56914E-03 
    8.55911E-01   1.64675E-02   3.54775E-02   6.39201E-02   3.19215E-01 
    2.20246E-01   4.60539E-01
   1.00300E+03   4.21759E-04   5.52388E-03   8.92466E-01   6.20310E-03 
    1.67318E-02   7.86534E-02   2.50000E-01   8.53115E-02   6.39269E-01 
    2.23005E-02   3.11876E-03   0.00000E+00   1.87049E-02   8.04724E-03 
    8.52623E-01   1.77783E-02   3.99028E-02   6.29439E-02   4.11729E-01 
    2.29520E-01   3.58751E-01
   9.93000E+02   3.75190E-04   5.23670E-03   8.92462E-01   6.34295E-03 
    1.79948E-02   7.75882E-02   2.50000E-01   8.49180E-02   6.37758E-01 
    2.39810E-02   3.34337E-03   0.00000E+00   1.77374E-02   7.56040E-03 
    8.48608E-01   1.91387E-02   4.47827E-02   6.21731E-02   4.87247E-01 
    2.36742E-01   2.76012E-01
   9.83000E+02   3.32662E-04   4.97020E-03   8.92281E-01   6.43551E-03 
    1.92481E-02   7.67330E-02   2.50000E-01   8.47337E-02   6.36035E-01 
    2.56606E-02   3.57031E-03   0.00000E+00   1.67597E-02   7.10239E-03 
    8.43895E-01   2.05467E-02   5.01245E-02   6.15714E-02   5.48168E-01 
    2.42278E-01   2.09554E-01
   9.73000E+02   2.94079E-04   4.71983E-03   8.91989E-01   6.47626E-03 
    2.04697E-02   7.60509E-02   2.50000E-01   8.47189E-02   6.34151E-01 
    2.73330E-02   3.79697E-03   0.00000E+00   1.57784E-02   6.66801E-03 
    8.38496E-01   2.20060E-02   5.59457E-02   6.11059E-02   5.96825E-01 
    2.46463E-01   1.56712E-01
   9.63000E+02   2.59486E-04   4.47442E-03   8.91769E-01   6.40811E-03 
    2.15806E-02   7.55086E-02   2.50000E-01   8.48674E-02   6.32045E-01 
    2.90622E-02   4.02500E-03   0.00000E+00   1.47919E-02   6.25293E-03 
    8.32219E-01   2.35801E-02   6.23308E-02   6.08253E-02   6.34622E-01 
    2.49544E-01   1.15834E-01
   9.53000E+02   2.28397E-04   4.24131E-03   8.91485E-01   6.30490E-03 
    2.26579E-02   7.50827E-02   2.50000E-01   8.51120E-02   6.29849E-01 
    3.07860E-02   4.25305E-03   0.00000E+00   1.38123E-02   5.85169E-03 
    8.25153E-01   2.52372E-02   6.93479E-02   6.05978E-02   6.64695E-01 
    2.51837E-01   8.34677E-02
   9.43000E+02   2.00532E-04   4.02062E-03   8.91143E-01   6.18253E-03 
    2.37045E-02   7.47490E-02   2.50000E-01   8.54239E-02   6.27634E-01 
    3.24650E-02   4.47680E-03   0.00000E+00   1.28466E-02   5.46334E-03 
    8.17348E-01   2.69599E-02   7.70047E-02   6.03772E-02   6.88499E-01 
    2.53524E-01   5.79769E-02
   9.33000E+02   1.75659E-04   3.81039E-03   8.90782E-01   6.03997E-03 
    2.47046E-02   7.44874E-02   2.50000E-01   8.57866E-02   6.25437E-01 
    3.40831E-02   4.69307E-03   0.00000E+00   1.18990E-02   5.08759E-03 
    8.08793E-01   2.87503E-02   8.53208E-02   6.01489E-02   7.07097E-01 
    2.54743E-01   3.81606E-02
   9.23000E+02   1.53535E-04   3.60915E-03   8.90432E-01   5.87779E-03 
    2.56457E-02   7.42822E-02   2.50000E-01   8.61866E-02   6.23285E-01 
    3.56288E-02   4.89916E-03   0.00000E+00   1.09734E-02   4.72449E-03 
    7.99463E-01   3.06153E-02   9.43214E-02   5.99022E-02   7.21430E-01 
    2.55605E-01   2.29654E-02
   9.13000E+02   1.33915E-04   3.41582E-03   8.90113E-01   5.69757E-03 
    2.65176E-02   7.41217E-02   2.50000E-01   8.66129E-02   6.21200E-01 
    3.70943E-02   5.09281E-03   0.00000E+00   1.00731E-02   4.37433E-03 
    7.89322E-01   3.25658E-02   1.04035E-01   5.96297E-02   7.32300E-01 
    2.56200E-01   1.14994E-02
   9.03000E+02   1.16562E-04   3.22960E-03   8.89843E-01   5.50150E-03 
    2.73121E-02   7.39970E-02   2.50000E-01   8.70564E-02   6.19197E-01 
    3.84748E-02   5.27210E-03   0.00000E+00   9.20160E-03   4.03761E-03 
    7.78328E-01   3.46158E-02   1.14490E-01   5.93270E-02   7.40380E-01 
    2.56599E-01   3.02098E-03
   8.98478E+02   1.09398E-04   3.14756E-03   8.89740E-01   5.40829E-03 
    2.76441E-02   7.39504E-02   2.50000E-01   8.72606E-02   6.18321E-01 
    3.90704E-02   5.34801E-03   0.00000E+00   8.81789E-03   3.88992E-03 
    7.73065E-01   3.55797E-02   1.19468E-01   5.91796E-02   7.43269E-01 
    2.56731E-01   0.00000E+00

 Phase Region for:
     BCC_A2                        
     CEMENTITE                     
 col-1=T, col-2=X(BCC_A2,C), col-3=X(BCC_A2,CR), col-4=X(BCC_A2,FE),
   col-5=X(BCC_A2,MN), col-6=X(BCC_A2,NI), col-7=X(BCC_A2,SI),
   col-8=X(CEMENTITE,C), col-9=X(CEMENTITE,CR), col-10=X(CEMENTITE,FE),
   col-11=X(CEMENTITE,MN), col-12=X(CEMENTITE,NI), col-13=X(CEMENTITE,SI),
   col-14=NP(BCC_A2), col-15=NP(CEMENTITE),
   8.98478E+02   1.09398E-04   3.14756E-03   8.89740E-01   5.40829E-03 
    2.76441E-02   7.39504E-02   2.50000E-01   8.72606E-02   6.18321E-01 
    3.90704E-02   5.34801E-03   0.00000E+00   7.43269E-01   2.56731E-01  NONE
   8.93000E+02   1.01406E-04   3.04967E-03   8.90008E-01   5.24853E-03 
    2.76398E-02   7.39528E-02   2.50000E-01   8.75362E-02   6.17572E-01 
    3.95298E-02   5.36237E-03   0.00000E+00   7.43246E-01   2.56754E-01  NONE
   8.83000E+02   8.81400E-05   2.87527E-03   8.90483E-01   4.96468E-03 
    2.76324E-02   7.39567E-02   2.50000E-01   8.80280E-02   6.16239E-01 
    4.03460E-02   5.38715E-03   0.00000E+00   7.43206E-01   2.56794E-01  NONE
   8.73000E+02   7.64330E-05   2.70645E-03   8.90941E-01   4.69067E-03 
    2.76255E-02   7.39602E-02   2.50000E-01   8.85049E-02   6.14951E-01 
    4.11341E-02   5.41017E-03   0.00000E+00   7.43171E-01   2.56829E-01  NONE
   8.63000E+02   6.61217E-05   2.54326E-03   8.91382E-01   4.42633E-03 
    2.76190E-02   7.39632E-02   2.50000E-01   8.89669E-02   6.13707E-01 
    4.18945E-02   5.43152E-03   0.00000E+00   7.43141E-01   2.56859E-01  NONE
   8.53000E+02   5.70579E-05   2.38573E-03   8.91807E-01   4.17147E-03 
    2.76130E-02   7.39659E-02   2.50000E-01   8.94135E-02   6.12507E-01 
    4.26279E-02   5.45129E-03   0.00000E+00   7.43114E-01   2.56886E-01  NONE
   8.43000E+02   4.91075E-05   2.23390E-03   8.92215E-01   3.92595E-03 
    2.76074E-02   7.39683E-02   2.50000E-01   8.98446E-02   6.11351E-01 
    4.33345E-02   5.46954E-03   0.00000E+00   7.43090E-01   2.56910E-01  NONE
   8.33000E+02   4.21492E-05   2.08781E-03   8.92608E-01   3.68961E-03 
    2.76022E-02   7.39703E-02   2.50000E-01   9.02601E-02   6.10239E-01 
    4.40148E-02   5.48633E-03   0.00000E+00   7.43069E-01   2.56931E-01  NONE
   8.23000E+02   3.60734E-05   1.94748E-03   8.92985E-01   3.46236E-03 
    2.75974E-02   7.39721E-02   2.50000E-01   9.06597E-02   6.09169E-01 
    4.46692E-02   5.50170E-03   0.00000E+00   7.43051E-01   2.56949E-01  NONE
   8.13000E+02   3.07812E-05   1.81293E-03   8.93345E-01   3.24407E-03 
    2.75931E-02   7.39737E-02   2.50000E-01   9.10433E-02   6.08143E-01 
    4.52978E-02   5.51568E-03   0.00000E+00   7.43036E-01   2.56964E-01  NONE
   8.03000E+02   2.61833E-05   1.68417E-03   8.93691E-01   3.03463E-03 
    2.75891E-02   7.39750E-02   2.50000E-01   9.14109E-02   6.07160E-01 
    4.59012E-02   5.52830E-03   0.00000E+00   7.43022E-01   2.56978E-01  NONE
   7.93000E+02   2.21994E-05   1.56119E-03   8.94021E-01   2.83395E-03 
    2.75856E-02   7.39762E-02   2.50000E-01   9.17623E-02   6.06219E-01 
    4.64794E-02   5.53956E-03   0.00000E+00   7.43010E-01   2.56990E-01  NONE
   7.83000E+02   1.87573E-05   1.44398E-03   8.94336E-01   2.64192E-03 
    2.75825E-02   7.39772E-02   2.50000E-01   9.20976E-02   6.05320E-01 
    4.70328E-02   5.54948E-03   0.00000E+00   7.43000E-01   2.57000E-01  NONE
   7.73000E+02   1.57921E-05   1.33250E-03   8.94635E-01   2.45845E-03 
    2.75798E-02   7.39781E-02   2.50000E-01   9.24168E-02   6.04463E-01 
    4.75617E-02   5.55804E-03   0.00000E+00   7.42991E-01   2.57009E-01  NONE
   7.63000E+02   1.32457E-05   1.22670E-03   8.94920E-01   2.28342E-03 
    2.75775E-02   7.39789E-02   2.50000E-01   9.27199E-02   6.03648E-01 
    4.80664E-02   5.56523E-03   0.00000E+00   7.42983E-01   2.57017E-01  NONE
   7.53000E+02   1.10663E-05   1.12653E-03   8.95191E-01   2.11671E-03 
    2.75757E-02   7.39795E-02   2.50000E-01   9.30072E-02   6.02875E-01 
    4.85471E-02   5.57103E-03   0.00000E+00   7.42977E-01   2.57023E-01  NONE
   7.43000E+02   9.20730E-06   1.03191E-03   8.95446E-01   1.95822E-03 
    2.75743E-02   7.39801E-02   2.50000E-01   9.32787E-02   6.02142E-01 
    4.90043E-02   5.57540E-03   0.00000E+00   7.42971E-01   2.57029E-01  NONE
   7.33000E+02   7.62744E-06   9.42756E-04   8.95688E-01   1.80780E-03 
    2.75735E-02   7.39805E-02   2.50000E-01   9.35347E-02   6.01449E-01 
    4.94382E-02   5.57832E-03   0.00000E+00   7.42967E-01   2.57033E-01  NONE
   7.23233E+02   6.31866E-06   8.60857E-04   8.95910E-01   1.66854E-03 
    2.75731E-02   7.39809E-02   2.50000E-01   9.37701E-02   6.00810E-01 
    4.98400E-02   5.57971E-03   0.00000E+00   7.42963E-01   2.57037E-01  NONE

 Phase Region for:
     BCC_A2                        
     CEMENTITE                     
     FCC_A1#1                      
 col-1=T, col-2=X(BCC_A2,C), col-3=X(BCC_A2,CR), col-4=X(BCC_A2,FE),
   col-5=X(BCC_A2,MN), col-6=X(BCC_A2,NI), col-7=X(BCC_A2,SI),
   col-8=X(CEMENTITE,C), col-9=X(CEMENTITE,CR), col-10=X(CEMENTITE,FE),
   col-11=X(CEMENTITE,MN), col-12=X(CEMENTITE,NI), col-13=X(CEMENTITE,SI),
   col-14=X(FCC_A1#1,C), col-15=X(FCC_A1#1,CR), col-16=X(FCC_A1#1,FE),
   col-17=X(FCC_A1#1,MN), col-18=X(FCC_A1#1,NI), col-19=X(FCC_A1#1,SI),
   col-20=NP(BCC_A2), col-21=NP(CEMENTITE), col-22=NP(FCC_A1#1),
   7.23233E+02   6.31864E-06   8.60856E-04   8.95910E-01   1.66854E-03 
    2.75731E-02   7.39809E-02   2.50000E-01   9.37701E-02   6.00810E-01 
    4.98400E-02   5.57971E-03   0.00000E+00   1.03921E-03   6.74476E-04 
    4.86118E-01   8.49167E-02   3.72626E-01   5.46258E-02   7.42963E-01 
    2.57037E-01   1.18494E-08
   7.23000E+02   6.29042E-06   8.58943E-04   8.95927E-01   1.66492E-03 
    2.75611E-02   7.39816E-02   2.50000E-01   9.37756E-02   6.00806E-01 
    4.98415E-02   5.57728E-03   0.00000E+00   1.03628E-03   6.72778E-04 
    4.85770E-01   8.49664E-02   3.72925E-01   5.46296E-02   7.42935E-01 
    2.57037E-01   2.76401E-05
   7.13000E+02   5.17962E-06   7.79584E-04   8.96659E-01   1.51457E-03 
    2.70298E-02   7.40119E-02   2.50000E-01   9.40062E-02   6.00640E-01 
    4.98844E-02   5.46900E-03   0.00000E+00   9.18632E-04   6.03330E-04 
    4.71131E-01   8.69988E-02   3.85523E-01   5.48248E-02   7.41759E-01 
    2.57036E-01   1.20524E-03
   7.03000E+02   4.24485E-06   7.05407E-04   8.97407E-01   1.37379E-03 
    2.64680E-02   7.40412E-02   2.50000E-01   9.42215E-02   6.00540E-01 
    4.98862E-02   5.35271E-03   0.00000E+00   8.14826E-04   5.40069E-04 
    4.56986E-01   8.88433E-02   3.97736E-01   5.50794E-02   7.40596E-01 
    2.57036E-01   2.36851E-03
   6.93000E+02   3.46141E-06   6.36282E-04   8.98171E-01   1.24243E-03 
    2.58779E-02   7.40692E-02   2.50000E-01   9.44219E-02   6.00499E-01 
    4.98506E-02   5.22894E-03   0.00000E+00   7.22928E-04   4.82398E-04 
    4.43308E-01   9.05016E-02   4.09593E-01   5.53922E-02   7.39447E-01 
    2.57035E-01   3.51716E-03
   6.83000E+02   2.80768E-06   5.72065E-04   8.98948E-01   1.12030E-03 
    2.52615E-02   7.40955E-02   2.50000E-01   9.46079E-02   6.00513E-01 
    4.97809E-02   5.09817E-03   0.00000E+00   6.41319E-04   4.29802E-04 
    4.30068E-01   9.19759E-02   4.21123E-01   5.57620E-02   7.38313E-01 
    2.57036E-01   4.65102E-03
   6.73000E+02   2.26471E-06   5.12600E-04   8.99737E-01   1.00713E-03 
    2.46207E-02   7.41201E-02   2.50000E-01   9.47800E-02   6.00578E-01 
    4.96809E-02   4.96089E-03   0.00000E+00   5.68643E-04   3.81833E-04 
    4.17240E-01   9.32678E-02   4.32353E-01   5.61883E-02   7.37194E-01 
    2.57036E-01   5.76990E-03
