
 Phase Region for:
     CEMENTITE                     
     FCC_A1#2                      
 col-1=T, col-2=W(CEMENTITE,C), col-3=W(CEMENTITE,CR), col-4=W(CEMENTITE,FE),
   col-5=W(CEMENTITE,MN), col-6=W(CEMENTITE,NI), col-7=W(CEMENTITE,SI),
   col-8=W(FCC_A1#2,C), col-9=W(FCC_A1#2,CR), col-10=W(FCC_A1#2,FE),
   col-11=W(FCC_A1#2,MN), col-12=W(FCC_A1#2,NI), col-13=W(FCC_A1#2,SI),
   col-14=NP(CEMENTITE), col-15=NP(FCC_A1#2),
   1.17300E+03   6.70830E-02   3.09988E-02   8.70148E-01   3.17699E-02 
    2.01031E-07   0.00000E+00   9.77037E-03   5.14132E-03   9.30505E-01 
    2.15695E-02   1.08022E-06   3.30123E-02   1.04895E-01   8.95105E-01
   1.18300E+03   6.70825E-02   3.09407E-02   8.70430E-01   3.15465E-02 
    2.04706E-07   0.00000E+00   1.00818E-02   5.28731E-03   9.30151E-01 
    2.16460E-02   1.07510E-06   3.28329E-02   9.91864E-02   9.00814E-01
   1.19300E+03   6.70819E-02   3.08815E-02   8.70707E-01   3.13295E-02 
    2.08389E-07   0.00000E+00   1.03985E-02   5.43502E-03   9.29795E-01 
    2.17202E-02   1.06994E-06   3.26506E-02   9.33195E-02   9.06681E-01
   1.20300E+03   6.70814E-02   3.08212E-02   8.70978E-01   3.11189E-02 
    2.12080E-07   0.00000E+00   1.07202E-02   5.58441E-03   9.29437E-01 
    2.17920E-02   1.06475E-06   3.24652E-02   8.72894E-02   9.12711E-01
   1.21300E+03   6.70809E-02   3.07599E-02   8.71245E-01   3.09145E-02 
    2.15779E-07   0.00000E+00   1.10472E-02   5.73545E-03   9.29078E-01 
    2.18616E-02   1.05952E-06   3.22769E-02   8.10910E-02   9.18909E-01
   1.22300E+03   6.70804E-02   3.06976E-02   8.71506E-01   3.07162E-02 
    2.19484E-07   0.00000E+00   1.13794E-02   5.88813E-03   9.28717E-01 
    2.19291E-02   1.05426E-06   3.20856E-02   7.47191E-02   9.25281E-01
   1.23300E+03   6.70798E-02   3.06343E-02   8.71762E-01   3.05240E-02 
    2.23195E-07   0.00000E+00   1.17169E-02   6.04241E-03   9.28354E-01 
    2.19944E-02   1.04897E-06   3.18912E-02   6.81680E-02   9.31832E-01
   1.24300E+03   6.70793E-02   3.05700E-02   8.72013E-01   3.03377E-02 
    2.26911E-07   0.00000E+00   1.20596E-02   6.19827E-03   9.27990E-01 
    2.20578E-02   1.04365E-06   3.16938E-02   6.14319E-02   9.38568E-01
   1.25300E+03   6.70788E-02   3.05049E-02   8.72259E-01   3.01573E-02 
    2.30633E-07   0.00000E+00   1.24077E-02   6.35568E-03   9.27623E-01 
    2.21191E-02   1.03830E-06   3.14933E-02   5.45045E-02   9.45495E-01
   1.26300E+03   6.70783E-02   3.04389E-02   8.72500E-01   2.99826E-02 
    2.34359E-07   0.00000E+00   1.27612E-02   6.51464E-03   9.27255E-01 
    2.21786E-02   1.03291E-06   3.12897E-02   4.73793E-02   9.52621E-01
   1.27300E+03   6.70777E-02   3.03721E-02   8.72736E-01   2.98137E-02 
    2.38090E-07   0.00000E+00   1.31200E-02   6.67511E-03   9.26885E-01 
    2.22362E-02   1.02750E-06   3.10830E-02   4.00493E-02   9.59951E-01
   1.28300E+03   6.70772E-02   3.03045E-02   8.72968E-01   2.96504E-02 
    2.41824E-07   0.00000E+00   1.34844E-02   6.83709E-03   9.26512E-01 
    2.22922E-02   1.02207E-06   3.08731E-02   3.25071E-02   9.67493E-01
   1.29300E+03   6.70767E-02   3.02362E-02   8.73194E-01   2.94926E-02 
    2.45561E-07   0.00000E+00   1.38543E-02   7.00054E-03   9.26138E-01 
    2.23464E-02   1.01660E-06   3.06600E-02   2.47450E-02   9.75255E-01
   1.30300E+03   6.70762E-02   3.01671E-02   8.73416E-01   2.93403E-02 
    2.49300E-07   0.00000E+00   1.42297E-02   7.16547E-03   9.25761E-01 
    2.23991E-02   1.01110E-06   3.04438E-02   1.67547E-02   9.83245E-01
   1.31300E+03   6.70757E-02   3.00973E-02   8.73633E-01   2.91935E-02 
    2.53042E-07   0.00000E+00   1.46108E-02   7.33186E-03   9.25382E-01 
    2.24502E-02   1.00558E-06   3.02242E-02   8.52741E-03   9.91473E-01
   1.32300E+03   6.70752E-02   3.00269E-02   8.73846E-01   2.90520E-02 
    2.56785E-07   0.00000E+00   1.49976E-02   7.49969E-03   9.25000E-01 
    2.24999E-02   1.00003E-06   3.00014E-02   5.39570E-05   9.99946E-01
   1.32306E+03   6.70752E-02   3.00264E-02   8.73847E-01   2.90512E-02 
    2.56808E-07   0.00000E+00   1.50000E-02   7.50075E-03   9.24998E-01 
    2.25002E-02   1.00000E-06   3.00000E-02   0.00000E+00   1.00000E+00

 Phase Region for:
     FCC_A1#2                      
 col-1=T, col-2=W(FCC_A1#2,C), col-3=W(FCC_A1#2,CR), col-4=W(FCC_A1#2,FE),
   col-5=W(FCC_A1#2,MN), col-6=W(FCC_A1#2,NI), col-7=W(FCC_A1#2,SI),
   col-8=NP(FCC_A1#2),
   1.32306E+03   1.50000E-02   7.50075E-03   9.24998E-01   2.25002E-02 
    1.00000E-06   3.00000E-02   1.00000E+00
   1.33300E+03   1.50000E-02   7.50075E-03   9.24998E-01   2.25002E-02 
    1.00000E-06   3.00000E-02   1.00000E+00
   1.34300E+03   1.50000E-02   7.50075E-03   9.24998E-01   2.25003E-02 
    1.00000E-06   3.00000E-02   1.00000E+00
   1.35300E+03   1.50000E-02   7.50075E-03   9.24998E-01   2.25002E-02 
    1.00000E-06   3.00000E-02   1.00000E+00
   1.36300E+03   1.50000E-02   7.50075E-03   9.24998E-01   2.25003E-02 
    1.00000E-06   3.00000E-02   1.00000E+00
   1.37300E+03   1.50000E-02   7.50075E-03   9.24998E-01   2.25002E-02 
    1.00000E-06   3.00000E-02   1.00000E+00
   1.38300E+03   1.50000E-02   7.50075E-03   9.24998E-01   2.25002E-02 
    1.00000E-06   3.00000E-02   1.00000E+00
   1.39300E+03   1.50000E-02   7.50075E-03   9.24998E-01   2.25002E-02 
    1.00000E-06   3.00000E-02   1.00000E+00
   1.40300E+03   1.50000E-02   7.50075E-03   9.24998E-01   2.25003E-02 
    1.00000E-06   3.00000E-02   1.00000E+00
   1.41300E+03   1.50000E-02   7.50075E-03   9.24998E-01   2.25003E-02 
    1.00000E-06   3.00000E-02   1.00000E+00
   1.42300E+03   1.50000E-02   7.50075E-03   9.24998E-01   2.25002E-02 
    1.00000E-06   3.00000E-02   1.00000E+00
   1.43300E+03   1.50000E-02   7.50075E-03   9.24998E-01   2.25003E-02 
    1.00000E-06   3.00000E-02   1.00000E+00
   1.44300E+03   1.50000E-02   7.50075E-03   9.24998E-01   2.25002E-02 
    1.00000E-06   3.00000E-02   1.00000E+00
   1.45300E+03   1.50000E-02   7.50075E-03   9.24998E-01   2.25003E-02 
    1.00000E-06   3.00000E-02   1.00000E+00
   1.46300E+03   1.50000E-02   7.50075E-03   9.24998E-01   2.25002E-02 
    1.00000E-06   3.00000E-02   1.00000E+00
   1.47300E+03   1.50000E-02   7.50075E-03   9.24998E-01   2.25003E-02 
    1.00000E-06   3.00000E-02   1.00000E+00

 Phase Region for:
     CEMENTITE                     
     FCC_A1#2                      
 col-1=T, col-2=W(CEMENTITE,C), col-3=W(CEMENTITE,CR), col-4=W(CEMENTITE,FE),
   col-5=W(CEMENTITE,MN), col-6=W(CEMENTITE,NI), col-7=W(CEMENTITE,SI),
   col-8=W(FCC_A1#2,C), col-9=W(FCC_A1#2,CR), col-10=W(FCC_A1#2,FE),
   col-11=W(FCC_A1#2,MN), col-12=W(FCC_A1#2,NI), col-13=W(FCC_A1#2,SI),
   col-14=NP(CEMENTITE), col-15=NP(FCC_A1#2),
   1.17300E+03   6.70830E-02   3.09988E-02   8.70148E-01   3.17699E-02 
    2.01031E-07   0.00000E+00   9.77037E-03   5.14132E-03   9.30505E-01 
    2.15695E-02   1.08022E-06   3.30123E-02   1.04895E-01   8.95105E-01
   1.16300E+03   6.70836E-02   3.10558E-02   8.69861E-01   3.19999E-02 
    1.97364E-07   0.00000E+00   9.46400E-03   4.99706E-03   9.30859E-01 
    2.14905E-02   1.08531E-06   3.31887E-02   1.10449E-01   8.89551E-01
   1.15300E+03   6.70841E-02   3.11116E-02   8.69568E-01   3.22366E-02 
    1.93707E-07   0.00000E+00   9.16273E-03   4.85458E-03   9.31210E-01 
    2.14091E-02   1.09036E-06   3.33622E-02   1.15854E-01   8.84146E-01
   1.14300E+03   6.70846E-02   3.11663E-02   8.69269E-01   3.24801E-02 
    1.90060E-07   0.00000E+00   8.86653E-03   4.71390E-03   9.31561E-01 
    2.13250E-02   1.09538E-06   3.35328E-02   1.21113E-01   8.78887E-01
   1.13300E+03   6.70852E-02   3.12197E-02   8.68964E-01   3.27305E-02 
    1.86424E-07   0.00000E+00   8.57538E-03   4.57506E-03   9.31910E-01 
    2.12384E-02   1.10035E-06   3.37004E-02   1.26231E-01   8.73769E-01
   1.12300E+03   6.70857E-02   3.12719E-02   8.68654E-01   3.29881E-02 
    1.82799E-07   0.00000E+00   8.28929E-03   4.43807E-03   9.32257E-01 
    2.11490E-02   1.10529E-06   3.38652E-02   1.31210E-01   8.68790E-01
   1.11300E+03   6.70863E-02   3.13229E-02   8.68338E-01   3.32528E-02 
    1.79186E-07   0.00000E+00   8.00822E-03   4.30299E-03   9.32604E-01 
    2.10569E-02   1.11018E-06   3.40270E-02   1.36055E-01   8.63945E-01
   1.10300E+03   6.70868E-02   3.13727E-02   8.68015E-01   3.35249E-02 
    1.75585E-07   0.00000E+00   7.73217E-03   4.16983E-03   9.32949E-01 
    2.09619E-02   1.11503E-06   3.41860E-02   1.40769E-01   8.59231E-01
   1.09300E+03   6.70874E-02   3.14211E-02   8.67687E-01   3.38045E-02 
    1.71997E-07   0.00000E+00   7.46114E-03   4.03864E-03   9.33293E-01 
    2.08641E-02   1.11984E-06   3.43420E-02   1.45355E-01   8.54645E-01
   1.08300E+03   6.70879E-02   3.14683E-02   8.67352E-01   3.40918E-02 
    1.68423E-07   0.00000E+00   7.19511E-03   3.90943E-03   9.33636E-01 
    2.07634E-02   1.12460E-06   3.44952E-02   1.49816E-01   8.50184E-01
   1.07300E+03   6.70885E-02   3.15143E-02   8.67010E-01   3.43870E-02 
    1.64863E-07   0.00000E+00   6.93408E-03   3.78225E-03   9.33977E-01 
    2.06596E-02   1.12932E-06   3.46455E-02   1.54154E-01   8.45846E-01
   1.06300E+03   6.70890E-02   3.15589E-02   8.66662E-01   3.46901E-02 
    1.61319E-07   0.00000E+00   6.67805E-03   3.65712E-03   9.34318E-01 
    2.05528E-02   1.13399E-06   3.47929E-02   1.58373E-01   8.41627E-01
   1.05928E+03   6.70892E-02   3.15752E-02   8.66530E-01   3.48050E-02 
    1.60003E-07   0.00000E+00   6.58400E-03   3.61106E-03   9.34445E-01 
    2.05122E-02   1.13572E-06   3.48471E-02   1.59914E-01   8.40086E-01

 Phase Region for:
     BCC_A2                        
     CEMENTITE                     
     FCC_A1#2                      
 col-1=T, col-2=W(BCC_A2,C), col-3=W(BCC_A2,CR), col-4=W(BCC_A2,FE),
   col-5=W(BCC_A2,MN), col-6=W(BCC_A2,NI), col-7=W(BCC_A2,SI),
   col-8=W(CEMENTITE,C), col-9=W(CEMENTITE,CR), col-10=W(CEMENTITE,FE),
   col-11=W(CEMENTITE,MN), col-12=W(CEMENTITE,NI), col-13=W(CEMENTITE,SI),
   col-14=W(FCC_A1#2,C), col-15=W(FCC_A1#2,CR), col-16=W(FCC_A1#2,FE),
   col-17=W(FCC_A1#2,MN), col-18=W(FCC_A1#2,NI), col-19=W(FCC_A1#2,SI),
   col-20=NP(BCC_A2), col-21=NP(CEMENTITE), col-22=NP(FCC_A1#2),
   1.05928E+03   2.05860E-04   2.18047E-03   9.44737E-01   9.20500E-03 
    5.80949E-07   4.36715E-02   6.70892E-02   3.15752E-02   8.66530E-01 
    3.48051E-02   1.60003E-07   0.00000E+00   6.58399E-03   3.61106E-03 
    9.34445E-01   2.05122E-02   1.13572E-06   3.48471E-02   3.03341E-06 
    1.59914E-01   8.40083E-01
   1.05300E+03   1.93799E-04   2.05473E-03   9.45542E-01   9.90157E-03 
    6.56736E-07   4.23069E-02   6.70880E-02   3.05040E-02   8.63893E-01 
    3.85150E-02   1.78622E-07   0.00000E+00   6.46298E-03   3.40151E-03 
    9.34057E-01   2.22988E-02   1.30831E-06   3.37787E-02   1.86612E-01 
    1.84979E-01   6.28409E-01
   1.04300E+03   1.75080E-04   1.88221E-03   9.46358E-01   1.12160E-02 
    8.32119E-07   4.03677E-02   6.70887E-02   2.90624E-02   8.58240E-01 
    4.56085E-02   2.22199E-07   0.00000E+00   6.26418E-03   3.10953E-03 
    9.32663E-01   2.56672E-02   1.71278E-06   3.22944E-02   4.64390E-01 
    2.20849E-01   3.14761E-01
   1.03300E+03   1.56951E-04   1.74046E-03   9.46554E-01   1.27900E-02 
    1.13287E-06   3.87576E-02   6.70927E-02   2.79226E-02   8.50709E-01 
    5.42753E-02   2.97581E-07   0.00000E+00   6.05412E-03   2.86362E-03 
    9.30267E-01   2.97004E-02   2.41763E-06   3.11125E-02   7.11537E-01 
    2.51049E-01   3.74139E-02
   1.03153E+03   1.54337E-04   1.72196E-03   9.46530E-01   1.30428E-02 
    1.19568E-06   3.85494E-02   6.70935E-02   2.77786E-02   8.49441E-01 
    5.56865E-02   3.13370E-07   0.00000E+00   6.02208E-03   2.83095E-03 
    9.29831E-01   3.03487E-02   2.56603E-06   3.09648E-02   7.45012E-01 
    2.54988E-01   0.00000E+00

 Phase Region for:
     BCC_A2                        
     CEMENTITE                     
 col-1=T, col-2=W(BCC_A2,C), col-3=W(BCC_A2,CR), col-4=W(BCC_A2,FE),
   col-5=W(BCC_A2,MN), col-6=W(BCC_A2,NI), col-7=W(BCC_A2,SI),
   col-8=W(CEMENTITE,C), col-9=W(CEMENTITE,CR), col-10=W(CEMENTITE,FE),
   col-11=W(CEMENTITE,MN), col-12=W(CEMENTITE,NI), col-13=W(CEMENTITE,SI),
   col-14=NP(BCC_A2), col-15=NP(CEMENTITE),
   1.03153E+03   1.54337E-04   1.72196E-03   9.46530E-01   1.30428E-02 
    1.19568E-06   3.85494E-02   6.70935E-02   2.77786E-02   8.49441E-01 
    5.56865E-02   3.13370E-07   0.00000E+00   7.45012E-01   2.54988E-01  NONE
   1.02300E+03   1.40211E-04   1.66933E-03   9.46871E-01   1.27614E-02 
    1.19580E-06   3.85573E-02   6.70954E-02   2.79445E-02   8.48317E-01 
    5.66427E-02   3.13555E-07   0.00000E+00   7.44823E-01   2.55177E-01  NONE
   1.01300E+03   1.25074E-04   1.60766E-03   9.47286E-01   1.24143E-02 
    1.19586E-06   3.85656E-02   6.70977E-02   2.81406E-02   8.46936E-01 
    5.78251E-02   3.14007E-07   0.00000E+00   7.44621E-01   2.55379E-01  NONE
   1.00300E+03   1.11367E-04   1.54602E-03   9.47722E-01   1.20467E-02 
    1.19582E-06   3.85731E-02   6.71001E-02   2.83382E-02   8.45481E-01 
    5.90804E-02   3.14755E-07   0.00000E+00   7.44438E-01   2.55562E-01  NONE
   9.93000E+02   9.89806E-05   1.48437E-03   9.48179E-01   1.16564E-02 
    1.19566E-06   3.85798E-02   6.71025E-02   2.85375E-02   8.43943E-01 
    6.04167E-02   3.15852E-07   0.00000E+00   7.44272E-01   2.55728E-01  NONE
   9.83000E+02   8.78114E-05   1.42265E-03   9.48662E-01   1.12404E-02 
    1.19537E-06   3.85858E-02   6.71051E-02   2.87384E-02   8.42313E-01 
    6.18436E-02   3.17367E-07   0.00000E+00   7.44123E-01   2.55877E-01  NONE
   9.73000E+02   7.77637E-05   1.35905E-03   9.49223E-01   1.07480E-02 
    1.19469E-06   3.85911E-02   6.71080E-02   2.89474E-02   8.40405E-01 
    6.35389E-02   3.20165E-07   0.00000E+00   7.43989E-01   2.56011E-01  NONE
   9.63000E+02   6.87607E-05   1.29484E-03   9.49828E-01   1.02114E-02 
    1.19374E-06   3.85958E-02   6.71111E-02   2.91598E-02   8.38339E-01 
    6.53894E-02   3.23824E-07   0.00000E+00   7.43869E-01   2.56131E-01  NONE
   9.53000E+02   6.07077E-05   1.23239E-03   9.50410E-01   9.69559E-03 
    1.19284E-06   3.86000E-02   6.71141E-02   2.93673E-02   8.36350E-01 
    6.71679E-02   3.27308E-07   0.00000E+00   7.43762E-01   2.56238E-01  NONE
   9.43000E+02   5.35120E-05   1.17166E-03   9.50970E-01   9.19963E-03 
    1.19197E-06   3.86036E-02   6.71170E-02   2.95697E-02   8.34435E-01 
    6.88783E-02   3.30631E-07   0.00000E+00   7.43666E-01   2.56334E-01  NONE
   9.33000E+02   4.70897E-05   1.11261E-03   9.51510E-01   8.72255E-03 
    1.19113E-06   3.86068E-02   6.71198E-02   2.97672E-02   8.32589E-01 
    7.05237E-02   3.33809E-07   0.00000E+00   7.43580E-01   2.56420E-01  NONE
   9.23000E+02   4.13646E-05   1.05524E-03   9.52029E-01   8.26353E-03 
    1.19032E-06   3.86097E-02   6.71225E-02   2.99598E-02   8.30810E-01 
    7.21073E-02   3.36851E-07   0.00000E+00   7.43504E-01   2.56496E-01  NONE
   9.13000E+02   3.62678E-05   9.99507E-04   9.52529E-01   7.82184E-03 
    1.18953E-06   3.86122E-02   6.71251E-02   3.01474E-02   8.29096E-01 
    7.36315E-02   3.39770E-07   0.00000E+00   7.43436E-01   2.56564E-01  NONE
   9.03000E+02   3.17366E-05   9.45422E-04   9.53010E-01   7.39681E-03 
    1.18878E-06   3.86144E-02   6.71277E-02   3.03300E-02   8.27443E-01 
    7.50987E-02   3.42574E-07   0.00000E+00   7.43376E-01   2.56624E-01  NONE
   8.93000E+02   2.77144E-05   8.92977E-04   9.53474E-01   6.98786E-03 
    1.18804E-06   3.86163E-02   6.71301E-02   3.05075E-02   8.25851E-01 
    7.65109E-02   3.45272E-07   0.00000E+00   7.43322E-01   2.56678E-01  NONE
   8.83000E+02   2.41497E-05   8.42174E-04   9.53920E-01   6.59448E-03 
    1.18733E-06   3.86180E-02   6.71325E-02   3.06799E-02   8.24317E-01 
    7.78698E-02   3.47871E-07   0.00000E+00   7.43275E-01   2.56725E-01  NONE
   8.73000E+02   2.09959E-05   7.93018E-04   9.54349E-01   6.21621E-03 
    1.18665E-06   3.86194E-02   6.71347E-02   3.08472E-02   8.22841E-01 
    7.91772E-02   3.50378E-07   0.00000E+00   7.43233E-01   2.56767E-01  NONE
   8.63000E+02   1.82106E-05   7.45514E-04   9.54762E-01   5.85264E-03 
    1.18598E-06   3.86206E-02   6.71369E-02   3.10091E-02   8.21419E-01 
    8.04343E-02   3.52797E-07   0.00000E+00   7.43196E-01   2.56804E-01  NONE
   8.53000E+02   1.57556E-05   6.99668E-04   9.55158E-01   5.50341E-03 
    1.18533E-06   3.86217E-02   6.71390E-02   3.11657E-02   8.20053E-01 
    8.16423E-02   3.55133E-07   0.00000E+00   7.43163E-01   2.56837E-01  NONE
   8.43000E+02   1.35960E-05   6.55488E-04   9.55539E-01   5.16818E-03 
    1.18470E-06   3.86226E-02   6.71411E-02   3.13170E-02   8.18739E-01 
    8.28024E-02   3.57391E-07   0.00000E+00   7.43134E-01   2.56866E-01  NONE
   8.33000E+02   1.17005E-05   6.12977E-04   9.55904E-01   4.84666E-03 
    1.18409E-06   3.86234E-02   6.71430E-02   3.14627E-02   8.17478E-01 
    8.39156E-02   3.59573E-07   0.00000E+00   7.43109E-01   2.56891E-01  NONE
   8.23000E+02   1.00404E-05   5.72140E-04   9.56254E-01   4.53855E-03 
    1.18350E-06   3.86240E-02   6.71449E-02   3.16030E-02   8.16269E-01 
    8.49828E-02   3.61682E-07   0.00000E+00   7.43087E-01   2.56913E-01  NONE
   8.13000E+02   8.59009E-06   5.32978E-04   9.56589E-01   4.24362E-03 
    1.18292E-06   3.86246E-02   6.71467E-02   3.17377E-02   8.15110E-01 
    8.60048E-02   3.63720E-07   0.00000E+00   7.43068E-01   2.56932E-01  NONE
   8.03000E+02   7.32623E-06   4.95491E-04   9.56909E-01   3.96159E-03 
    1.18236E-06   3.86250E-02   6.71484E-02   3.18669E-02   8.14002E-01 
    8.69825E-02   3.65689E-07   0.00000E+00   7.43051E-01   2.56949E-01  NONE
   7.93000E+02   6.22780E-06   4.59675E-04   9.57215E-01   3.69225E-03 
    1.18183E-06   3.86254E-02   6.71501E-02   3.19904E-02   8.12942E-01 
    8.79167E-02   3.67588E-07   0.00000E+00   7.43036E-01   2.56964E-01  NONE
   7.83000E+02   5.27584E-06   4.25521E-04   9.57507E-01   3.43534E-03 
    1.18131E-06   3.86256E-02   6.71516E-02   3.21084E-02   8.11932E-01 
    8.88080E-02   3.69420E-07   0.00000E+00   7.43024E-01   2.56976E-01  NONE
   7.73000E+02   4.45327E-06   3.93022E-04   9.57785E-01   3.19063E-03 
    1.18080E-06   3.86259E-02   6.71531E-02   3.22208E-02   8.10968E-01 
    8.96573E-02   3.71183E-07   0.00000E+00   7.43013E-01   2.56987E-01  NONE
   7.63000E+02   3.74472E-06   3.62161E-04   9.58049E-01   2.95790E-03 
    1.18032E-06   3.86260E-02   6.71546E-02   3.23276E-02   8.10052E-01 
    9.04654E-02   3.72877E-07   0.00000E+00   7.43003E-01   2.56997E-01  NONE
   7.53000E+02   3.13642E-06   3.32922E-04   9.58300E-01   2.73690E-03 
    1.17986E-06   3.86262E-02   6.71559E-02   3.24289E-02   8.09182E-01 
    9.12330E-02   3.74501E-07   0.00000E+00   7.42995E-01   2.57005E-01  NONE
   7.43000E+02   2.61600E-06   3.05282E-04   9.58537E-01   2.52737E-03 
    1.17941E-06   3.86263E-02   6.71572E-02   3.25248E-02   8.08357E-01 
    9.19610E-02   3.76055E-07   0.00000E+00   7.42988E-01   2.57012E-01  NONE
   7.33000E+02   2.17240E-06   2.79216E-04   9.58762E-01   2.32908E-03 
    1.17899E-06   3.86263E-02   6.71584E-02   3.26153E-02   8.07576E-01 
    9.26501E-02   3.77536E-07   0.00000E+00   7.42982E-01   2.57018E-01  NONE
   7.23000E+02   1.79575E-06   2.54696E-04   9.58974E-01   2.14176E-03 
    1.17858E-06   3.86263E-02   6.71595E-02   3.27005E-02   8.06838E-01 
    9.33014E-02   3.78941E-07   0.00000E+00   7.42977E-01   2.57023E-01  NONE
   7.13000E+02   1.47726E-06   2.31688E-04   9.59174E-01   1.96513E-03 
    1.17820E-06   3.86263E-02   6.71606E-02   3.27805E-02   8.06143E-01 
    9.39156E-02   3.80270E-07   0.00000E+00   7.42973E-01   2.57027E-01  NONE
   7.03000E+02   1.20910E-06   2.10155E-04   9.59362E-01   1.79891E-03 
    1.17784E-06   3.86263E-02   6.71616E-02   3.28554E-02   8.05489E-01 
    9.44938E-02   3.81518E-07   0.00000E+00   7.42969E-01   2.57031E-01  NONE
   6.93000E+02   9.84350E-07   1.90059E-04   9.59539E-01   1.64282E-03 
    1.17751E-06   3.86263E-02   6.71626E-02   3.29254E-02   8.04875E-01 
    9.50368E-02   3.82683E-07   0.00000E+00   7.42966E-01   2.57034E-01  NONE
   6.83000E+02   7.96894E-07   1.71356E-04   9.59704E-01   1.49654E-03 
    1.17719E-06   3.86263E-02   6.71635E-02   3.29905E-02   8.04300E-01 
    9.55459E-02   3.83762E-07   0.00000E+00   7.42964E-01   2.57036E-01  NONE
   6.73000E+02   6.41340E-07   1.54000E-04   9.59858E-01   1.35978E-03 
    1.17691E-06   3.86262E-02   6.71643E-02   3.30510E-02   8.03762E-01 
    9.60219E-02   3.84749E-07   0.00000E+00   7.42962E-01   2.57038E-01  NONE
