
 Phase Region for:
     CEMENTITE                     
     FCC_A1#1                      
 col-1=T, col-2=W(CEMENTITE,C), col-3=W(CEMENTITE,CR), col-4=W(CEMENTITE,FE),
   col-5=W(CEMENTITE,MN), col-6=W(CEMENTITE,NI), col-7=W(CEMENTITE,SI),
   col-8=W(FCC_A1#1,C), col-9=W(FCC_A1#1,CR), col-10=W(FCC_A1#1,FE),
   col-11=W(FCC_A1#1,MN), col-12=W(FCC_A1#1,NI), col-13=W(FCC_A1#1,SI),
   col-14=NP(CEMENTITE), col-15=NP(FCC_A1#1),
   1.17300E+03   6.70700E-02   3.17423E-02   8.66650E-01   3.00009E-02 
    4.53658E-03   0.00000E+00   9.50682E-03   4.94337E-03   9.06281E-01 
    2.17090E-02   2.43953E-02   3.31649E-02   1.09790E-01   8.90210E-01
   1.18300E+03   6.70693E-02   3.16997E-02   8.66804E-01   2.98038E-02 
    4.62364E-03   0.00000E+00   9.81766E-03   5.09228E-03   9.06051E-01 
    2.17733E-02   2.42795E-02   3.29858E-02   1.04140E-01   8.95860E-01
   1.19300E+03   6.70686E-02   3.16561E-02   8.66952E-01   2.96124E-02 
    4.71096E-03   0.00000E+00   1.01339E-02   5.24329E-03   9.05821E-01 
    2.18356E-02   2.41628E-02   3.28037E-02   9.83292E-02   9.01671E-01
   1.20300E+03   6.70679E-02   3.16114E-02   8.67096E-01   2.94266E-02 
    4.79851E-03   0.00000E+00   1.04555E-02   5.39636E-03   9.05589E-01 
    2.18957E-02   2.40453E-02   3.26184E-02   9.23521E-02   9.07648E-01
   1.21300E+03   6.70672E-02   3.15657E-02   8.67235E-01   2.92462E-02 
    4.88629E-03   0.00000E+00   1.07826E-02   5.55149E-03   9.05355E-01 
    2.19538E-02   2.39270E-02   3.24300E-02   8.62039E-02   9.13796E-01
   1.22300E+03   6.70665E-02   3.15191E-02   8.67369E-01   2.90713E-02 
    4.97429E-03   0.00000E+00   1.11151E-02   5.70864E-03   9.05120E-01 
    2.20100E-02   2.38079E-02   3.22384E-02   7.98791E-02   9.20121E-01
   1.23300E+03   6.70658E-02   3.14715E-02   8.67499E-01   2.89016E-02 
    5.06248E-03   0.00000E+00   1.14531E-02   5.86779E-03   9.04883E-01 
    2.20642E-02   2.36882E-02   3.20437E-02   7.33720E-02   9.26628E-01
   1.24300E+03   6.70651E-02   3.14230E-02   8.67624E-01   2.87372E-02 
    5.15087E-03   0.00000E+00   1.17967E-02   6.02894E-03   9.04644E-01 
    2.21165E-02   2.35677E-02   3.18457E-02   6.66766E-02   9.33323E-01
   1.25300E+03   6.70644E-02   3.13736E-02   8.67745E-01   2.85780E-02 
    5.23943E-03   0.00000E+00   1.21459E-02   6.19206E-03   9.04404E-01 
    2.21671E-02   2.34465E-02   3.16446E-02   5.97865E-02   9.40214E-01
   1.26300E+03   6.70637E-02   3.13234E-02   8.67861E-01   2.84239E-02 
    5.32815E-03   0.00000E+00   1.25007E-02   6.35714E-03   9.04162E-01 
    2.22159E-02   2.33246E-02   3.14402E-02   5.26949E-02   9.47305E-01
   1.27300E+03   6.70629E-02   3.12724E-02   8.67973E-01   2.82748E-02 
    5.41702E-03   0.00000E+00   1.28612E-02   6.52417E-03   9.03917E-01 
    2.22630E-02   2.32021E-02   3.12325E-02   4.53947E-02   9.54605E-01
   1.28300E+03   6.70622E-02   3.12207E-02   8.68080E-01   2.81307E-02 
    5.50604E-03   0.00000E+00   1.32274E-02   6.69313E-03   9.03671E-01 
    2.23085E-02   2.30789E-02   3.10215E-02   3.78783E-02   9.62122E-01
   1.29300E+03   6.70615E-02   3.11682E-02   8.68184E-01   2.79915E-02 
    5.59518E-03   0.00000E+00   1.35994E-02   6.86401E-03   9.03422E-01 
    2.23525E-02   2.29551E-02   3.08071E-02   3.01377E-02   9.69862E-01
   1.30300E+03   6.70608E-02   3.11151E-02   8.68283E-01   2.78571E-02 
    5.68443E-03   0.00000E+00   1.39772E-02   7.03681E-03   9.03171E-01 
    2.23950E-02   2.28306E-02   3.05894E-02   2.21646E-02   9.77835E-01
   1.31300E+03   6.70601E-02   3.10613E-02   8.68377E-01   2.77275E-02 
    5.77379E-03   0.00000E+00   1.43609E-02   7.21153E-03   9.02918E-01 
    2.24361E-02   2.27056E-02   3.03683E-02   1.39499E-02   9.86050E-01
   1.32300E+03   6.70594E-02   3.10070E-02   8.68468E-01   2.76027E-02 
    5.86325E-03   0.00000E+00   1.47506E-02   7.38815E-03   9.02662E-01 
    2.24758E-02   2.25799E-02   3.01437E-02   5.48409E-03   9.94516E-01
   1.32932E+03   6.70590E-02   3.09723E-02   8.68523E-01   2.75263E-02 
    5.91982E-03   0.00000E+00   1.50000E-02   7.50075E-03   9.02499E-01 
    2.25002E-02   2.25003E-02   3.00000E-02   0.00000E+00   1.00000E+00

 Phase Region for:
     FCC_A1#1                      
 col-1=T, col-2=W(FCC_A1#1,C), col-3=W(FCC_A1#1,CR), col-4=W(FCC_A1#1,FE),
   col-5=W(FCC_A1#1,MN), col-6=W(FCC_A1#1,NI), col-7=W(FCC_A1#1,SI),
   col-8=NP(FCC_A1#1),
   1.32932E+03   1.50000E-02   7.50075E-03   9.02499E-01   2.25002E-02 
    2.25003E-02   3.00000E-02   1.00000E+00
   1.33300E+03   1.50000E-02   7.50075E-03   9.02499E-01   2.25002E-02 
    2.25003E-02   3.00000E-02   1.00000E+00
   1.34300E+03   1.50000E-02   7.50075E-03   9.02499E-01   2.25003E-02 
    2.25003E-02   3.00000E-02   1.00000E+00
   1.35300E+03   1.50000E-02   7.50075E-03   9.02499E-01   2.25002E-02 
    2.25003E-02   3.00000E-02   1.00000E+00
   1.36300E+03   1.50000E-02   7.50075E-03   9.02499E-01   2.25002E-02 
    2.25002E-02   3.00000E-02   1.00000E+00
   1.37300E+03   1.50000E-02   7.50075E-03   9.02499E-01   2.25003E-02 
    2.25002E-02   3.00000E-02   1.00000E+00
   1.38300E+03   1.50000E-02   7.50075E-03   9.02499E-01   2.25002E-02 
    2.25002E-02   3.00000E-02   1.00000E+00
   1.39300E+03   1.50000E-02   7.50075E-03   9.02499E-01   2.25002E-02 
    2.25003E-02   3.00000E-02   1.00000E+00
   1.40300E+03   1.50000E-02   7.50075E-03   9.02499E-01   2.25003E-02 
    2.25003E-02   3.00000E-02   1.00000E+00
   1.41300E+03   1.50000E-02   7.50075E-03   9.02499E-01   2.25002E-02 
    2.25003E-02   3.00000E-02   1.00000E+00
   1.42300E+03   1.50000E-02   7.50075E-03   9.02499E-01   2.25003E-02 
    2.25003E-02   3.00000E-02   1.00000E+00
   1.43300E+03   1.50000E-02   7.50075E-03   9.02499E-01   2.25003E-02 
    2.25003E-02   3.00000E-02   1.00000E+00
   1.44300E+03   1.50000E-02   7.50075E-03   9.02499E-01   2.25002E-02 
    2.25002E-02   3.00000E-02   1.00000E+00
   1.45300E+03   1.50000E-02   7.50075E-03   9.02499E-01   2.25003E-02 
    2.25002E-02   3.00000E-02   1.00000E+00
   1.46300E+03   1.50000E-02   7.50075E-03   9.02499E-01   2.25002E-02 
    2.25002E-02   3.00000E-02   1.00000E+00
   1.47300E+03   1.50000E-02   7.50075E-03   9.02499E-01   2.25002E-02 
    2.25002E-02   3.00000E-02   1.00000E+00

 Phase Region for:
     CEMENTITE                     
     FCC_A1#1                      
 col-1=T, col-2=W(CEMENTITE,C), col-3=W(CEMENTITE,CR), col-4=W(CEMENTITE,FE),
   col-5=W(CEMENTITE,MN), col-6=W(CEMENTITE,NI), col-7=W(CEMENTITE,SI),
   col-8=W(FCC_A1#1,C), col-9=W(FCC_A1#1,CR), col-10=W(FCC_A1#1,FE),
   col-11=W(FCC_A1#1,MN), col-12=W(FCC_A1#1,NI), col-13=W(FCC_A1#1,SI),
   col-14=NP(CEMENTITE), col-15=NP(FCC_A1#1),
   1.17300E+03   6.70700E-02   3.17423E-02   8.66650E-01   3.00009E-02 
    4.53658E-03   0.00000E+00   9.50682E-03   4.94337E-03   9.06281E-01 
    2.17090E-02   2.43953E-02   3.31649E-02   1.09790E-01   8.90210E-01
   1.16300E+03   6.70708E-02   3.17837E-02   8.66492E-01   3.02038E-02 
    4.44979E-03   0.00000E+00   9.20133E-03   4.79656E-03   9.06509E-01 
    2.16424E-02   2.45104E-02   3.33408E-02   1.15284E-01   8.84716E-01
   1.15300E+03   6.70715E-02   3.18241E-02   8.66329E-01   3.04126E-02 
    4.36328E-03   0.00000E+00   8.90118E-03   4.65190E-03   9.06735E-01 
    2.15735E-02   2.46245E-02   3.35137E-02   1.20626E-01   8.79374E-01
   1.14300E+03   6.70722E-02   3.18633E-02   8.66160E-01   3.06274E-02 
    4.27707E-03   0.00000E+00   8.60632E-03   4.50939E-03   9.06961E-01 
    2.15024E-02   2.47378E-02   3.36835E-02   1.25819E-01   8.74181E-01
   1.13300E+03   6.70729E-02   3.19014E-02   8.65986E-01   3.08483E-02 
    4.19117E-03   0.00000E+00   8.31676E-03   4.36907E-03   9.07185E-01 
    2.14288E-02   2.48501E-02   3.38503E-02   1.30869E-01   8.69131E-01
   1.12300E+03   6.70736E-02   3.19383E-02   8.65807E-01   3.10754E-02 
    4.10559E-03   0.00000E+00   8.03246E-03   4.23096E-03   9.07408E-01 
    2.13529E-02   2.49615E-02   3.40141E-02   1.35779E-01   8.64221E-01
   1.11300E+03   6.70743E-02   3.19741E-02   8.65622E-01   3.13088E-02 
    4.02036E-03   0.00000E+00   7.75341E-03   4.09508E-03   9.07630E-01 
    2.12745E-02   2.50719E-02   3.41748E-02   1.40553E-01   8.59447E-01
   1.10300E+03   6.70750E-02   3.20087E-02   8.65432E-01   3.15488E-02 
    3.93548E-03   0.00000E+00   7.47960E-03   3.96145E-03   9.07852E-01 
    2.11935E-02   2.51813E-02   3.43324E-02   1.45193E-01   8.54807E-01
   1.09300E+03   6.70757E-02   3.20421E-02   8.65236E-01   3.17953E-02 
    3.85098E-03   0.00000E+00   7.21102E-03   3.83010E-03   9.08072E-01 
    2.11100E-02   2.52896E-02   3.44871E-02   1.49704E-01   8.50296E-01
   1.08300E+03   6.70764E-02   3.20743E-02   8.65034E-01   3.20486E-02 
    3.76687E-03   0.00000E+00   6.94764E-03   3.70105E-03   9.08292E-01 
    2.10238E-02   2.53969E-02   3.46388E-02   1.54088E-01   8.45912E-01
   1.07300E+03   6.70772E-02   3.21053E-02   8.64826E-01   3.23088E-02 
    3.68316E-03   0.00000E+00   6.68948E-03   3.57433E-03   9.08511E-01 
    2.09350E-02   2.55031E-02   3.47874E-02   1.58348E-01   8.41652E-01
   1.06300E+03   6.70779E-02   3.21352E-02   8.64611E-01   3.25761E-02 
    3.59988E-03   0.00000E+00   6.43650E-03   3.44995E-03   9.08729E-01 
    2.08434E-02   2.56082E-02   3.49331E-02   1.62487E-01   8.37513E-01
   1.05300E+03   6.70786E-02   3.21640E-02   8.64390E-01   3.28505E-02 
    3.51704E-03   0.00000E+00   6.18871E-03   3.32793E-03   9.08946E-01 
    2.07491E-02   2.57121E-02   3.50758E-02   1.66508E-01   8.33492E-01
   1.04300E+03   6.70793E-02   3.21916E-02   8.64162E-01   3.31323E-02 
    3.43465E-03   0.00000E+00   5.94611E-03   3.20829E-03   9.09164E-01 
    2.06519E-02   2.58148E-02   3.52154E-02   1.70413E-01   8.29587E-01
   1.03300E+03   6.70800E-02   3.22181E-02   8.63927E-01   3.34216E-02 
    3.35274E-03   0.00000E+00   5.70868E-03   3.09106E-03   9.09380E-01 
    2.05518E-02   2.59163E-02   3.53521E-02   1.74206E-01   8.25794E-01
   1.02423E+03   6.70807E-02   3.22405E-02   8.63716E-01   3.36817E-02 
    3.28131E-03   0.00000E+00   5.50470E-03   2.99022E-03   9.09570E-01 
    2.04617E-02   2.60042E-02   3.54696E-02   1.77440E-01   8.22560E-01

 Phase Region for:
     BCC_A2                        
     CEMENTITE                     
     FCC_A1#1                      
 col-1=T, col-2=W(BCC_A2,C), col-3=W(BCC_A2,CR), col-4=W(BCC_A2,FE),
   col-5=W(BCC_A2,MN), col-6=W(BCC_A2,NI), col-7=W(BCC_A2,SI),
   col-8=W(CEMENTITE,C), col-9=W(CEMENTITE,CR), col-10=W(CEMENTITE,FE),
   col-11=W(CEMENTITE,MN), col-12=W(CEMENTITE,NI), col-13=W(CEMENTITE,SI),
   col-14=W(FCC_A1#1,C), col-15=W(FCC_A1#1,CR), col-16=W(FCC_A1#1,FE),
   col-17=W(FCC_A1#1,MN), col-18=W(FCC_A1#1,NI), col-19=W(FCC_A1#1,SI),
   col-20=NP(BCC_A2), col-21=NP(CEMENTITE), col-22=NP(FCC_A1#1),
   1.02423E+03   1.37309E-04   1.89169E-03   9.33858E-01   7.93455E-03 
    1.17630E-02   4.44153E-02   6.70807E-02   3.22405E-02   8.63716E-01 
    3.36817E-02   3.28131E-03   0.00000E+00   5.50470E-03   2.99022E-03 
    9.09570E-01   2.04617E-02   2.60043E-02   3.54696E-02   1.60921E-06 
    1.77440E-01   8.22558E-01
   1.02300E+03   1.35512E-04   1.87518E-03   9.33861E-01   7.97851E-03 
    1.18931E-02   4.42566E-02   6.70804E-02   3.21333E-02   8.63412E-01 
    3.40611E-02   3.31355E-03   0.00000E+00   5.47642E-03   2.96162E-03 
    9.09147E-01   2.06638E-02   2.64066E-02   3.53450E-02   1.96062E-02 
    1.79918E-01   8.00475E-01
   1.01300E+03   1.21472E-04   1.75119E-03   9.33714E-01   8.32204E-03 
    1.30051E-02   4.30866E-02   6.70793E-02   3.13828E-02   8.60715E-01 
    3.72305E-02   3.59241E-03   0.00000E+00   5.24391E-03   2.74456E-03 
    9.05255E-01   2.23633E-02   2.99608E-02   3.44321E-02   1.65817E-01 
    1.97981E-01   6.36202E-01
   1.00300E+03   1.08467E-04   1.64304E-03   9.33303E-01   8.62744E-03 
    1.41983E-02   4.21202E-02   6.70792E-02   3.08242E-02   8.57695E-01 
    4.05044E-02   3.89771E-03   0.00000E+00   5.00724E-03   2.55138E-03 
    9.00582E-01   2.41440E-02   3.40292E-02   3.36865E-02   2.88874E-01 
    2.12547E-01   4.98579E-01
   9.93000E+02   9.65023E-05   1.54748E-03   9.32695E-01   8.87814E-03 
    1.54478E-02   4.13354E-02   6.70798E-02   3.04246E-02   8.54446E-01 
    4.38249E-02   4.22427E-03   0.00000E+00   4.76708E-03   2.37738E-03 
    8.95159E-01   2.59837E-02   3.86247E-02   3.30879E-02   3.90398E-01 
    2.24039E-01   3.85563E-01
   9.83000E+02   8.55710E-05   1.46175E-03   9.31959E-01   9.06083E-03 
    1.67269E-02   4.07058E-02   6.70811E-02   3.01547E-02   8.51051E-01 
    4.71470E-02   4.56665E-03   0.00000E+00   4.52450E-03   2.21861E-03 
    8.89018E-01   2.78681E-02   4.37586E-02   3.26124E-02   4.72812E-01 
    2.32938E-01   2.94250E-01
   9.73000E+02   7.56493E-05   1.38359E-03   9.31161E-01   9.16575E-03 
    1.80088E-02   4.02051E-02   6.70827E-02   2.99893E-02   8.47567E-01 
    5.04416E-02   4.91984E-03   0.00000E+00   4.28064E-03   2.07190E-03 
    8.82171E-01   2.97928E-02   4.94471E-02   3.22364E-02   5.38838E-01 
    2.39717E-01   2.21445E-01
   9.63000E+02   6.67426E-05   1.30921E-03   9.30484E-01   9.11771E-03 
    1.92167E-02   3.98059E-02   6.70849E-02   2.99158E-02   8.43930E-01 
    5.37867E-02   5.28300E-03   0.00000E+00   4.03539E-03   1.93485E-03 
    8.74489E-01   3.18167E-02   5.57502E-02   3.19740E-02   5.90535E-01 
    2.44762E-01   1.64702E-01
   9.53000E+02   5.87421E-05   1.23946E-03   9.29816E-01   8.99548E-03 
    2.03969E-02   3.94936E-02   6.70873E-02   2.99056E-02   8.40230E-01 
    5.71214E-02   5.65534E-03   0.00000E+00   3.79042E-03   1.80463E-03 
    8.65956E-01   3.39260E-02   6.27578E-02   3.17654E-02   6.31427E-01 
    2.48526E-01   1.20047E-01
   9.43000E+02   5.15686E-05   1.17447E-03   9.29119E-01   8.84122E-03 
    2.15629E-02   3.92508E-02   6.70899E-02   2.99402E-02   8.36590E-01 
    6.03507E-02   6.02953E-03   0.00000E+00   3.54746E-03   1.68007E-03 
    8.56633E-01   3.60849E-02   7.04839E-02   3.15705E-02   6.63688E-01 
    2.51307E-01   8.50054E-02
   9.33000E+02   4.51662E-05   1.11330E-03   9.28433E-01   8.65311E-03 
    2.26943E-02   3.90614E-02   6.70924E-02   3.00095E-02   8.33057E-01 
    6.34410E-02   6.39964E-03   0.00000E+00   3.30741E-03   1.56058E-03 
    8.46510E-01   3.82936E-02   7.89513E-02   3.13768E-02   6.88828E-01 
    2.53326E-01   5.78463E-02
   9.23000E+02   3.94738E-05   1.05526E-03   9.27785E-01   8.43233E-03 
    2.37744E-02   3.89131E-02   6.70950E-02   3.01050E-02   8.29669E-01 
    6.63702E-02   6.76048E-03   0.00000E+00   3.07106E-03   1.44577E-03 
    8.35557E-01   4.05610E-02   8.81908E-02   3.11748E-02   7.08179E-01 
    2.54766E-01   3.70551E-02
   9.13000E+02   3.44287E-05   9.99829E-04   9.27198E-01   8.18181E-03 
    2.47892E-02   3.87965E-02   6.70975E-02   3.02202E-02   8.26450E-01 
    6.91253E-02   7.10744E-03   0.00000E+00   2.83914E-03   1.33547E-03 
    8.23726E-01   4.29021E-02   9.82386E-02   3.09582E-02   7.22869E-01 
    2.55771E-01   2.13602E-02
   9.03000E+02   2.99695E-05   9.46646E-04   9.26686E-01   7.90547E-03 
    2.57270E-02   3.87050E-02   6.70999E-02   3.03496E-02   8.23414E-01 
    7.16999E-02   7.43640E-03   0.00000E+00   2.61240E-03   1.22963E-03 
    8.10964E-01   4.53375E-02   1.09134E-01   3.07223E-02   7.33829E-01 
    2.56455E-01   9.71604E-03
   8.93000E+02   2.60372E-05   8.95442E-04   9.26259E-01   7.60764E-03 
    2.65780E-02   3.86336E-02   6.71022E-02   3.04889E-02   8.20572E-01 
    7.40927E-02   7.74375E-03   0.00000E+00   2.39164E-03   1.12833E-03 
    7.97208E-01   4.78908E-02   1.20916E-01   3.04647E-02   7.41824E-01 
    2.56904E-01   1.27215E-03
   8.91145E+02   2.53611E-05   8.86144E-04   9.26190E-01   7.55038E-03 
    2.67257E-02   3.86222E-02   6.71027E-02   3.05156E-02   8.20067E-01 
    7.45167E-02   7.79814E-03   0.00000E+00   2.35142E-03   1.11005E-03 
    7.94542E-01   4.83796E-02   1.23202E-01   3.04145E-02   7.43033E-01 
    2.56967E-01   0.00000E+00

 Phase Region for:
     BCC_A2                        
     CEMENTITE                     
 col-1=T, col-2=W(BCC_A2,C), col-3=W(BCC_A2,CR), col-4=W(BCC_A2,FE),
   col-5=W(BCC_A2,MN), col-6=W(BCC_A2,NI), col-7=W(BCC_A2,SI),
   col-8=W(CEMENTITE,C), col-9=W(CEMENTITE,CR), col-10=W(CEMENTITE,FE),
   col-11=W(CEMENTITE,MN), col-12=W(CEMENTITE,NI), col-13=W(CEMENTITE,SI),
   col-14=NP(BCC_A2), col-15=NP(CEMENTITE),
   8.91145E+02   2.53611E-05   8.86144E-04   9.26190E-01   7.55038E-03 
    2.67257E-02   3.86222E-02   6.71027E-02   3.05156E-02   8.20067E-01 
    7.45167E-02   7.79814E-03   0.00000E+00   7.43033E-01   2.56967E-01  NONE
   8.83000E+02   2.26416E-05   8.45803E-04   9.26587E-01   7.20878E-03 
    2.67122E-02   3.86235E-02   6.71045E-02   3.06525E-02   8.18698E-01 
    7.56975E-02   7.84736E-03   0.00000E+00   7.42997E-01   2.57003E-01  NONE
   8.73000E+02   1.96570E-05   7.97650E-04   9.27058E-01   6.80382E-03 
    2.66961E-02   3.86248E-02   6.71067E-02   3.08164E-02   8.17074E-01 
    7.70977E-02   7.90552E-03   0.00000E+00   7.42957E-01   2.57043E-01  NONE
   8.63000E+02   1.70246E-05   7.51024E-04   9.27511E-01   6.41433E-03 
    2.66807E-02   3.86260E-02   6.71088E-02   3.09754E-02   8.15510E-01 
    7.84449E-02   7.96132E-03   0.00000E+00   7.42922E-01   2.57078E-01  NONE
   8.53000E+02   1.47076E-05   7.05938E-04   9.27947E-01   6.03990E-03 
    2.66657E-02   3.86270E-02   6.71108E-02   3.11295E-02   8.14004E-01 
    7.97405E-02   8.01489E-03   0.00000E+00   7.42891E-01   2.57109E-01  NONE
   8.43000E+02   1.26724E-05   6.62402E-04   9.28366E-01   5.68014E-03 
    2.66514E-02   3.86278E-02   6.71127E-02   3.12785E-02   8.12557E-01 
    8.09858E-02   8.06634E-03   0.00000E+00   7.42864E-01   2.57136E-01  NONE
   8.33000E+02   1.08886E-05   6.20427E-04   9.28768E-01   5.33471E-03 
    2.66375E-02   3.86285E-02   6.71146E-02   3.14225E-02   8.11165E-01 
    8.21819E-02   8.11577E-03   0.00000E+00   7.42840E-01   2.57160E-01  NONE
   8.23000E+02   9.32892E-06   5.80023E-04   9.29154E-01   5.00330E-03 
    2.66241E-02   3.86291E-02   6.71164E-02   3.15613E-02   8.09829E-01 
    8.33300E-02   8.16324E-03   0.00000E+00   7.42819E-01   2.57181E-01  NONE
   8.13000E+02   7.96841E-06   5.41197E-04   9.29524E-01   4.68562E-03 
    2.66112E-02   3.86296E-02   6.71182E-02   3.16949E-02   8.08547E-01 
    8.44308E-02   8.20882E-03   0.00000E+00   7.42801E-01   2.57199E-01  NONE
   8.03000E+02   6.78474E-06   5.03955E-04   9.29879E-01   4.38142E-03 
    2.65989E-02   3.86300E-02   6.71198E-02   3.18232E-02   8.07319E-01 
    8.54854E-02   8.25254E-03   0.00000E+00   7.42785E-01   2.57215E-01  NONE
   7.93000E+02   5.75772E-06   4.68299E-04   9.30218E-01   4.09045E-03 
    2.65870E-02   3.86304E-02   6.71214E-02   3.19462E-02   8.06143E-01 
    8.64945E-02   8.29445E-03   0.00000E+00   7.42772E-01   2.57228E-01  NONE
   7.83000E+02   4.86918E-06   4.34228E-04   9.30542E-01   3.81246E-03 
    2.65755E-02   3.86306E-02   6.71229E-02   3.20639E-02   8.05020E-01 
    8.74588E-02   8.33455E-03   0.00000E+00   7.42760E-01   2.57240E-01  NONE
   7.73000E+02   4.10276E-06   4.01739E-04   9.30851E-01   3.54723E-03 
    2.65646E-02   3.86308E-02   6.71244E-02   3.21763E-02   8.03947E-01 
    8.83792E-02   8.37286E-03   0.00000E+00   7.42750E-01   2.57250E-01  NONE
   7.63000E+02   3.44377E-06   3.70823E-04   9.31146E-01   3.29452E-03 
    2.65542E-02   3.86310E-02   6.71258E-02   3.22833E-02   8.02925E-01 
    8.92565E-02   8.40936E-03   0.00000E+00   7.42741E-01   2.57259E-01  NONE
   7.53000E+02   2.87906E-06   3.41470E-04   9.31426E-01   3.05409E-03 
    2.65443E-02   3.86311E-02   6.71271E-02   3.23850E-02   8.01953E-01 
    9.00913E-02   8.44403E-03   0.00000E+00   7.42733E-01   2.57267E-01  NONE
   7.43000E+02   2.39685E-06   3.13663E-04   9.31692E-01   2.82572E-03 
    2.65349E-02   3.86312E-02   6.71283E-02   3.24815E-02   8.01029E-01 
    9.08845E-02   8.47685E-03   0.00000E+00   7.42727E-01   2.57273E-01  NONE
   7.33000E+02   1.98662E-06   2.87385E-04   9.31944E-01   2.60916E-03 
    2.65260E-02   3.86312E-02   6.71295E-02   3.25727E-02   8.00153E-01 
    9.16369E-02   8.50778E-03   0.00000E+00   7.42721E-01   2.57279E-01  NONE
   7.23000E+02   1.63898E-06   2.62611E-04   9.32183E-01   2.40416E-03 
    2.65176E-02   3.86312E-02   6.71306E-02   3.26587E-02   7.99325E-01 
    9.23493E-02   8.53677E-03   0.00000E+00   7.42717E-01   2.57283E-01  NONE
   7.13000E+02   1.34562E-06   2.39316E-04   9.32408E-01   2.21045E-03 
    2.65099E-02   3.86312E-02   6.71317E-02   3.27397E-02   7.98542E-01 
    9.30227E-02   8.56375E-03   0.00000E+00   7.42713E-01   2.57287E-01  NONE
   7.10753E+02   1.28639E-06   2.34281E-04   9.32457E-01   2.16845E-03 
    2.65082E-02   3.86312E-02   6.71319E-02   3.27572E-02   7.98373E-01 
    9.31687E-02   8.56954E-03   0.00000E+00   7.42712E-01   2.57288E-01  NONE

 Phase Region for:
     BCC_A2                        
     CEMENTITE                     
     FCC_A1#1                      
 col-1=T, col-2=W(BCC_A2,C), col-3=W(BCC_A2,CR), col-4=W(BCC_A2,FE),
   col-5=W(BCC_A2,MN), col-6=W(BCC_A2,NI), col-7=W(BCC_A2,SI),
   col-8=W(CEMENTITE,C), col-9=W(CEMENTITE,CR), col-10=W(CEMENTITE,FE),
   col-11=W(CEMENTITE,MN), col-12=W(CEMENTITE,NI), col-13=W(CEMENTITE,SI),
   col-14=W(FCC_A1#1,C), col-15=W(FCC_A1#1,CR), col-16=W(FCC_A1#1,FE),
   col-17=W(FCC_A1#1,MN), col-18=W(FCC_A1#1,NI), col-19=W(FCC_A1#1,SI),
   col-20=NP(BCC_A2), col-21=NP(CEMENTITE), col-22=NP(FCC_A1#1),
   7.10753E+02   1.28639E-06   2.34281E-04   9.32457E-01   2.16845E-03 
    2.65082E-02   3.86312E-02   6.71319E-02   3.27572E-02   7.98373E-01 
    9.31687E-02   8.56953E-03   0.00000E+00   2.96961E-04   1.73160E-04 
    4.64789E-01   1.06755E-01   4.01551E-01   2.64349E-02   7.42712E-01 
    2.57288E-01   1.11487E-08
   7.03000E+02   1.10208E-06   2.17265E-04   9.33038E-01   2.01423E-03 
    2.60837E-02   3.86455E-02   6.71327E-02   3.28172E-02   7.98331E-01 
    9.32665E-02   8.45215E-03   0.00000E+00   2.73338E-04   1.59459E-04 
    4.53557E-01   1.08389E-01   4.11146E-01   2.64760E-02   7.41854E-01 
    2.57286E-01   8.60049E-04
   6.93000E+02   8.98701E-07   1.96590E-04   9.33801E-01   1.82687E-03 
    2.55114E-02   3.86636E-02   6.71337E-02   3.28901E-02   7.98349E-01 
    9.33380E-02   8.28944E-03   0.00000E+00   2.45793E-04   1.43212E-04 
    4.39562E-01   1.10334E-01   4.23160E-01   2.65554E-02   7.40759E-01 
    2.57284E-01   1.95661E-03
   6.83000E+02   7.28920E-07   1.77318E-04   9.34575E-01   1.65225E-03 
    2.49135E-02   3.86811E-02   6.71346E-02   3.29579E-02   7.98441E-01 
    9.33523E-02   8.11468E-03   0.00000E+00   2.21132E-04   1.28422E-04 
    4.26080E-01   1.12106E-01   4.34801E-01   2.66636E-02   7.39678E-01 
    2.57283E-01   3.03882E-03
   6.73000E+02   5.87860E-07   1.59409E-04   9.35360E-01   1.49000E-03 
    2.42918E-02   3.86981E-02   6.71355E-02   3.30208E-02   7.98601E-01 
    9.33139E-02   7.92853E-03   0.00000E+00   1.98980E-04   1.14949E-04 
    4.13068E-01   1.13712E-01   4.46107E-01   2.67994E-02   7.38611E-01 
    2.57282E-01   4.10665E-03
