
 Phase Region for:
     CEMENTITE                     
     FCC_A1#1                      
 col-1=T, col-2=X(CEMENTITE,C), col-3=X(CEMENTITE,CR), col-4=X(CEMENTITE,FE),
   col-5=X(CEMENTITE,MN), col-6=X(CEMENTITE,NI), col-7=X(CEMENTITE,SI),
   col-8=X(FCC_A1#1,C), col-9=X(FCC_A1#1,CR), col-10=X(FCC_A1#1,FE),
   col-11=X(FCC_A1#1,MN), col-12=X(FCC_A1#1,NI), col-13=X(FCC_A1#1,SI),
   col-14=NP(CEMENTITE), col-15=NP(FCC_A1#1),
   1.17300E+03   2.50000E-01   5.25321E-02   6.53393E-01   4.40750E-02 
    1.17360E-07   0.00000E+00   5.00595E-02   9.25445E-03   9.13129E-01 
    2.75545E-02   9.69005E-07   2.04618E-06   7.99050E-02   9.20095E-01
   1.18300E+03   2.50000E-01   5.24545E-02   6.53728E-01   4.38171E-02 
    1.19493E-07   0.00000E+00   5.13517E-02   9.54035E-03   9.11423E-01 
    2.76818E-02   9.63331E-07   2.03296E-06   7.39199E-02   9.26080E-01
   1.19300E+03   2.50000E-01   5.23694E-02   6.54065E-01   4.35657E-02 
    1.21635E-07   0.00000E+00   5.26575E-02   9.82863E-03   9.09705E-01 
    2.78062E-02   9.57628E-07   2.01959E-06   6.77921E-02   9.32208E-01
   1.20300E+03   2.50000E-01   5.22769E-02   6.54402E-01   4.33205E-02 
    1.23786E-07   0.00000E+00   5.39768E-02   1.01191E-02   9.07974E-01 
    2.79276E-02   9.51898E-07   2.00609E-06   6.15178E-02   9.38482E-01
   1.21300E+03   2.50000E-01   5.21773E-02   6.54740E-01   4.30822E-02 
    1.25944E-07   0.00000E+00   5.53097E-02   1.04116E-02   9.06230E-01 
    2.80462E-02   9.46141E-07   1.99245E-06   5.50930E-02   9.44907E-01
   1.22300E+03   2.50000E-01   5.20706E-02   6.55080E-01   4.28495E-02 
    1.28112E-07   0.00000E+00   5.66561E-02   1.07059E-02   9.04473E-01 
    2.81620E-02   9.40358E-07   1.97867E-06   4.85124E-02   9.51488E-01
   1.23300E+03   2.50000E-01   5.19568E-02   6.55420E-01   4.26229E-02 
    1.30287E-07   0.00000E+00   5.80162E-02   1.10018E-02   9.02704E-01 
    2.82752E-02   9.34550E-07   1.96475E-06   4.17719E-02   9.58228E-01
   1.24300E+03   2.50000E-01   5.18363E-02   6.55761E-01   4.24024E-02 
    1.32471E-07   0.00000E+00   5.93898E-02   1.12992E-02   9.00922E-01 
    2.83858E-02   9.28717E-07   1.95070E-06   3.48665E-02   9.65134E-01
   1.25300E+03   2.50000E-01   5.17090E-02   6.56103E-01   4.21879E-02 
    1.34662E-07   0.00000E+00   6.07770E-02   1.15978E-02   8.99128E-01 
    2.84940E-02   9.22859E-07   1.93650E-06   2.77910E-02   9.72209E-01
   1.26300E+03   2.50000E-01   5.15752E-02   6.56445E-01   4.19793E-02 
    1.36861E-07   0.00000E+00   6.21779E-02   1.18976E-02   8.97322E-01 
    2.85997E-02   9.16978E-07   1.92216E-06   2.05399E-02   9.79460E-01
   1.27300E+03   2.50000E-01   5.14349E-02   6.56788E-01   4.17767E-02 
    1.39067E-07   0.00000E+00   6.35924E-02   1.21983E-02   8.95503E-01 
    2.87032E-02   9.11073E-07   1.90769E-06   1.31076E-02   9.86892E-01
   1.28300E+03   2.50000E-01   5.12884E-02   6.57132E-01   4.15799E-02 
    1.41280E-07   0.00000E+00   6.50206E-02   1.24997E-02   8.93673E-01 
    2.88044E-02   9.05146E-07   1.89307E-06   5.48800E-03   9.94512E-01
   1.29005E+03   2.50000E-01   5.11815E-02   6.57374E-01   4.14446E-02 
    1.42844E-07   0.00000E+00   6.60357E-02   1.27126E-02   8.92374E-01 
    2.88746E-02   9.00954E-07   1.88268E-06   0.00000E+00   1.00000E+00

 Phase Region for:
     FCC_A1#1                      
 col-1=T, col-2=X(FCC_A1#1,C), col-3=X(FCC_A1#1,CR), col-4=X(FCC_A1#1,FE),
   col-5=X(FCC_A1#1,MN), col-6=X(FCC_A1#1,NI), col-7=X(FCC_A1#1,SI),
   col-8=NP(FCC_A1#1),
   1.29005E+03   6.60357E-02   1.27126E-02   8.92374E-01   2.88746E-02 
    9.00954E-07   1.88268E-06   1.00000E+00
   1.29300E+03   6.60357E-02   1.27126E-02   8.92374E-01   2.88746E-02 
    9.00954E-07   1.88268E-06   1.00000E+00
   1.30300E+03   6.60357E-02   1.27126E-02   8.92374E-01   2.88746E-02 
    9.00954E-07   1.88268E-06   1.00000E+00
   1.31300E+03   6.60357E-02   1.27126E-02   8.92374E-01   2.88746E-02 
    9.00954E-07   1.88268E-06   1.00000E+00
   1.32300E+03   6.60357E-02   1.27126E-02   8.92374E-01   2.88746E-02 
    9.00954E-07   1.88268E-06   1.00000E+00
   1.33300E+03   6.60357E-02   1.27126E-02   8.92374E-01   2.88746E-02 
    9.00954E-07   1.88268E-06   1.00000E+00
   1.34300E+03   6.60357E-02   1.27126E-02   8.92374E-01   2.88746E-02 
    9.00954E-07   1.88268E-06   1.00000E+00
   1.35300E+03   6.60357E-02   1.27126E-02   8.92374E-01   2.88746E-02 
    9.00954E-07   1.88268E-06   1.00000E+00
   1.36300E+03   6.60357E-02   1.27126E-02   8.92374E-01   2.88746E-02 
    9.00954E-07   1.88268E-06   1.00000E+00
   1.37300E+03   6.60357E-02   1.27126E-02   8.92374E-01   2.88746E-02 
    9.00954E-07   1.88268E-06   1.00000E+00
   1.38300E+03   6.60357E-02   1.27126E-02   8.92374E-01   2.88746E-02 
    9.00954E-07   1.88268E-06   1.00000E+00
   1.39300E+03   6.60357E-02   1.27126E-02   8.92374E-01   2.88746E-02 
    9.00954E-07   1.88268E-06   1.00000E+00
   1.40300E+03   6.60357E-02   1.27126E-02   8.92374E-01   2.88746E-02 
    9.00954E-07   1.88268E-06   1.00000E+00
   1.41300E+03   6.60357E-02   1.27126E-02   8.92374E-01   2.88746E-02 
    9.00954E-07   1.88268E-06   1.00000E+00
   1.42300E+03   6.60357E-02   1.27126E-02   8.92374E-01   2.88746E-02 
    9.00954E-07   1.88268E-06   1.00000E+00
   1.43300E+03   6.60357E-02   1.27126E-02   8.92374E-01   2.88746E-02 
    9.00954E-07   1.88268E-06   1.00000E+00
   1.44300E+03   6.60357E-02   1.27126E-02   8.92374E-01   2.88746E-02 
    9.00954E-07   1.88268E-06   1.00000E+00
   1.45300E+03   6.60357E-02   1.27126E-02   8.92374E-01   2.88746E-02 
    9.00954E-07   1.88268E-06   1.00000E+00
   1.46300E+03   6.60357E-02   1.27126E-02   8.92374E-01   2.88746E-02 
    9.00954E-07   1.88268E-06   1.00000E+00
   1.47300E+03   6.60357E-02   1.27126E-02   8.92374E-01   2.88746E-02 
    9.00954E-07   1.88268E-06   1.00000E+00

 Phase Region for:
     CEMENTITE                     
     FCC_A1#1                      
 col-1=T, col-2=X(CEMENTITE,C), col-3=X(CEMENTITE,CR), col-4=X(CEMENTITE,FE),
   col-5=X(CEMENTITE,MN), col-6=X(CEMENTITE,NI), col-7=X(CEMENTITE,SI),
   col-8=X(FCC_A1#1,C), col-9=X(FCC_A1#1,CR), col-10=X(FCC_A1#1,FE),
   col-11=X(FCC_A1#1,MN), col-12=X(FCC_A1#1,NI), col-13=X(FCC_A1#1,SI),
   col-14=NP(CEMENTITE), col-15=NP(FCC_A1#1),
   1.17300E+03   2.50000E-01   5.25321E-02   6.53393E-01   4.40750E-02 
    1.17360E-07   0.00000E+00   5.00595E-02   9.25445E-03   9.13129E-01 
    2.75545E-02   9.69005E-07   2.04618E-06   7.99050E-02   9.20095E-01
   1.16300E+03   2.50000E-01   5.26023E-02   6.53058E-01   4.43393E-02 
    1.15236E-07   0.00000E+00   4.87809E-02   8.97112E-03   9.14821E-01 
    2.74240E-02   9.74650E-07   2.05927E-06   8.57515E-02   9.14248E-01
   1.15300E+03   2.50000E-01   5.26649E-02   6.52725E-01   4.46102E-02 
    1.13121E-07   0.00000E+00   4.75159E-02   8.69054E-03   9.16500E-01 
    2.72904E-02   9.80266E-07   2.07221E-06   9.14629E-02   9.08537E-01
   1.14300E+03   2.50000E-01   5.27198E-02   6.52392E-01   4.48877E-02 
    1.11015E-07   0.00000E+00   4.62647E-02   8.41289E-03   9.18166E-01 
    2.71536E-02   9.85851E-07   2.08502E-06   9.70429E-02   9.02957E-01
   1.13300E+03   2.50000E-01   5.27671E-02   6.52061E-01   4.51718E-02 
    1.08919E-07   0.00000E+00   4.50271E-02   8.13835E-03   9.19818E-01 
    2.70134E-02   9.91404E-07   2.09768E-06   1.02495E-01   8.97505E-01
   1.12300E+03   2.50000E-01   5.28067E-02   6.51730E-01   4.54627E-02 
    1.06833E-07   0.00000E+00   4.38033E-02   7.86711E-03   9.21457E-01 
    2.68698E-02   9.96925E-07   2.11021E-06   1.07821E-01   8.92179E-01
   1.11300E+03   2.50000E-01   5.28385E-02   6.51401E-01   4.57605E-02 
    1.04757E-07   0.00000E+00   4.25933E-02   7.59934E-03   9.23081E-01 
    2.67228E-02   1.00241E-06   2.12259E-06   1.13026E-01   8.86974E-01
   1.10300E+03   2.50000E-01   5.28626E-02   6.51072E-01   4.60651E-02 
    1.02691E-07   0.00000E+00   4.13972E-02   7.33522E-03   9.24692E-01 
    2.65722E-02   1.00787E-06   2.13483E-06   1.18112E-01   8.81888E-01
   1.09300E+03   2.50000E-01   5.28790E-02   6.50744E-01   4.63768E-02 
    1.00635E-07   0.00000E+00   4.02150E-02   7.07490E-03   9.26289E-01 
    2.64180E-02   1.01328E-06   2.14693E-06   1.23082E-01   8.76918E-01
   1.08300E+03   2.50000E-01   5.28878E-02   6.50417E-01   4.66955E-02 
    9.85900E-08   0.00000E+00   3.90468E-02   6.81856E-03   9.27871E-01 
    2.62601E-02   1.01867E-06   2.15889E-06   1.27938E-01   8.72062E-01
   1.07300E+03   2.50000E-01   5.28889E-02   6.50090E-01   4.70214E-02 
    9.65556E-08   0.00000E+00   3.78927E-02   6.56634E-03   9.29439E-01 
    2.60984E-02   1.02401E-06   2.17070E-06   1.32683E-01   8.67317E-01
   1.06300E+03   2.50000E-01   5.28824E-02   6.49763E-01   4.73545E-02 
    9.45320E-08   0.00000E+00   3.67527E-02   6.31841E-03   9.30993E-01 
    2.59330E-02   1.02932E-06   2.18236E-06   1.37320E-01   8.62680E-01
   1.05300E+03   2.50000E-01   5.28685E-02   6.49436E-01   4.76950E-02 
    9.25195E-08   0.00000E+00   3.56269E-02   6.07490E-03   9.32531E-01 
    2.57636E-02   1.03459E-06   2.19388E-06   1.41850E-01   8.58150E-01
   1.04300E+03   2.50000E-01   5.28472E-02   6.49110E-01   4.80428E-02 
    9.05182E-08   0.00000E+00   3.45155E-02   5.83594E-03   9.34055E-01 
    2.55903E-02   1.03981E-06   2.20526E-06   1.46276E-01   8.53724E-01
   1.03300E+03   2.50000E-01   5.28186E-02   6.48783E-01   4.83982E-02 
    8.85285E-08   0.00000E+00   3.34185E-02   5.60168E-03   9.35564E-01 
    2.54130E-02   1.04500E-06   2.21648E-06   1.50600E-01   8.49400E-01
   1.02300E+03   2.50000E-01   5.27829E-02   6.48456E-01   4.87611E-02 
    8.65503E-08   0.00000E+00   3.23361E-02   5.37223E-03   9.37057E-01 
    2.52316E-02   1.05014E-06   2.22756E-06   1.54824E-01   8.45176E-01
   1.01300E+03   2.50000E-01   5.27403E-02   6.48128E-01   4.91317E-02 
    8.45841E-08   0.00000E+00   3.12683E-02   5.14771E-03   9.38535E-01 
    2.50461E-02   1.05524E-06   2.23849E-06   1.58950E-01   8.41050E-01
   1.00300E+03   2.50000E-01   5.26909E-02   6.47799E-01   4.95101E-02 
    8.26300E-08   0.00000E+00   3.02152E-02   4.92821E-03   9.39997E-01 
    2.48565E-02   1.06029E-06   2.24927E-06   1.62980E-01   8.37020E-01
   9.93000E+02   2.50000E-01   5.26348E-02   6.47469E-01   4.98964E-02 
    8.06881E-08   0.00000E+00   2.91771E-02   4.71384E-03   9.41443E-01 
    2.46627E-02   1.06530E-06   2.25989E-06   1.66915E-01   8.33085E-01
   9.83106E+02   2.50000E-01   5.25731E-02   6.47140E-01   5.02864E-02 
    7.87791E-08   0.00000E+00   2.81647E-02   4.50685E-03   9.42858E-01 
    2.44667E-02   1.07021E-06   2.27025E-06   1.70717E-01   8.29283E-01

 Phase Region for:
     BCC_A2                        
     CEMENTITE                     
     FCC_A1#1                      
 col-1=T, col-2=X(BCC_A2,C), col-3=X(BCC_A2,CR), col-4=X(BCC_A2,FE),
   col-5=X(BCC_A2,MN), col-6=X(BCC_A2,NI), col-7=X(BCC_A2,SI),
   col-8=X(CEMENTITE,C), col-9=X(CEMENTITE,CR), col-10=X(CEMENTITE,FE),
   col-11=X(CEMENTITE,MN), col-12=X(CEMENTITE,NI), col-13=X(CEMENTITE,SI),
   col-14=X(FCC_A1#1,C), col-15=X(FCC_A1#1,CR), col-16=X(FCC_A1#1,FE),
   col-17=X(FCC_A1#1,MN), col-18=X(FCC_A1#1,NI), col-19=X(FCC_A1#1,SI),
   col-20=NP(BCC_A2), col-21=NP(CEMENTITE), col-22=NP(FCC_A1#1),
   9.83105E+02   5.44526E-04   2.29503E-03   9.90461E-01   6.69565E-03 
    4.28126E-07   3.34682E-06   2.50000E-01   5.25729E-02   6.47140E-01 
    5.02866E-02   7.87795E-08   0.00000E+00   2.81647E-02   4.50684E-03 
    9.42858E-01   2.44668E-02   1.07021E-06   2.27025E-06   6.99488E-06 
    1.70718E-01   8.29275E-01
   9.83000E+02   5.43769E-04   2.28933E-03   9.90445E-01   6.71802E-03 
    4.30477E-07   3.33449E-06   2.50000E-01   5.24575E-02   6.47063E-01 
    5.04790E-02   7.92401E-08   0.00000E+00   2.81586E-02   4.49590E-03 
    9.42786E-01   2.45560E-02   1.07698E-06   2.26331E-06   7.36253E-03 
    1.71656E-01   8.20981E-01
   9.73000E+02   4.68613E-04   1.93275E-03   9.88667E-01   8.92812E-03 
    7.58739E-07   2.68950E-06   2.50000E-01   4.53282E-02   6.35076E-01 
    6.95959E-02   1.42302E-07   0.00000E+00   2.73095E-02   3.79698E-03 
    9.35406E-01   3.34835E-02   2.06173E-06   1.94951E-06   5.38983E-01 
    2.38865E-01   2.22152E-01
   9.67181E+02   4.25497E-04   1.82285E-03   9.87512E-01   1.02359E-02 
    1.14543E-06   2.55413E-06   2.50000E-01   4.32462E-02   6.25618E-01 
    8.11354E-02   2.15459E-07   0.00000E+00   2.66722E-02   3.57248E-03 
    9.30850E-01   3.89003E-02   3.27386E-06   1.92827E-06   7.37112E-01 
    2.62888E-01   0.00000E+00

 Phase Region for:
     BCC_A2                        
     CEMENTITE                     
 col-1=T, col-2=X(BCC_A2,C), col-3=X(BCC_A2,CR), col-4=X(BCC_A2,FE),
   col-5=X(BCC_A2,MN), col-6=X(BCC_A2,NI), col-7=X(BCC_A2,SI),
   col-8=X(CEMENTITE,C), col-9=X(CEMENTITE,CR), col-10=X(CEMENTITE,FE),
   col-11=X(CEMENTITE,MN), col-12=X(CEMENTITE,NI), col-13=X(CEMENTITE,SI),
   col-14=NP(BCC_A2), col-15=NP(CEMENTITE),
   9.67181E+02   4.25497E-04   1.82285E-03   9.87512E-01   1.02359E-02 
    1.14543E-06   2.55413E-06   2.50000E-01   4.32462E-02   6.25618E-01 
    8.11354E-02   2.15459E-07   0.00000E+00   7.37112E-01   2.62888E-01  NONE
   9.63000E+02   4.05001E-04   1.78528E-03   9.87794E-01   1.00123E-02 
    1.14525E-06   2.55434E-06   2.50000E-01   4.33420E-02   6.24912E-01 
    8.17460E-02   2.16184E-07   0.00000E+00   7.37051E-01   2.62949E-01  NONE
   9.53000E+02   3.59598E-04   1.69707E-03   9.88447E-01   9.49239E-03 
    1.14482E-06   2.55481E-06   2.50000E-01   4.35679E-02   6.23266E-01 
    8.31656E-02   2.17871E-07   0.00000E+00   7.36917E-01   2.63083E-01  NONE
   9.43000E+02   3.18890E-04   1.61120E-03   9.89073E-01   8.99291E-03 
    1.14439E-06   2.55523E-06   2.50000E-01   4.37891E-02   6.21680E-01 
    8.45302E-02   2.19497E-07   0.00000E+00   7.36797E-01   2.63203E-01  NONE
   9.33000E+02   2.82413E-04   1.52766E-03   9.89673E-01   8.51292E-03 
    1.14396E-06   2.55560E-06   2.50000E-01   4.40056E-02   6.20152E-01 
    8.58422E-02   2.21067E-07   0.00000E+00   7.36689E-01   2.63311E-01  NONE
   9.23000E+02   2.49753E-04   1.44646E-03   9.90248E-01   8.05163E-03 
    1.14354E-06   2.55593E-06   2.50000E-01   4.42171E-02   6.18679E-01 
    8.71039E-02   2.22584E-07   0.00000E+00   7.36593E-01   2.63407E-01  NONE
   9.13000E+02   2.20535E-04   1.36764E-03   9.90800E-01   7.60833E-03 
    1.14312E-06   2.55623E-06   2.50000E-01   4.44235E-02   6.17259E-01 
    8.83171E-02   2.24053E-07   0.00000E+00   7.36507E-01   2.63493E-01  NONE
   9.03000E+02   1.94423E-04   1.29120E-03   9.91328E-01   7.18239E-03 
    1.14271E-06   2.55650E-06   2.50000E-01   4.46245E-02   6.15892E-01 
    8.94837E-02   2.25476E-07   0.00000E+00   7.36430E-01   2.63570E-01  NONE
   8.93000E+02   1.71111E-04   1.21716E-03   9.91835E-01   6.77324E-03 
    1.14230E-06   2.55674E-06   2.50000E-01   4.48200E-02   6.14575E-01 
    9.06050E-02   2.26856E-07   0.00000E+00   7.36361E-01   2.63639E-01  NONE
   8.83000E+02   1.50323E-04   1.14554E-03   9.92320E-01   6.38039E-03 
    1.14190E-06   2.55695E-06   2.50000E-01   4.50098E-02   6.13308E-01 
    9.16824E-02   2.28195E-07   0.00000E+00   7.36300E-01   2.63700E-01  NONE
   8.73000E+02   1.31810E-04   1.07636E-03   9.92785E-01   6.00338E-03 
    1.14150E-06   2.55714E-06   2.50000E-01   4.51939E-02   6.12089E-01 
    9.27172E-02   2.29495E-07   0.00000E+00   7.36245E-01   2.63755E-01  NONE
   8.63000E+02   1.15346E-04   1.00964E-03   9.93230E-01   5.64178E-03 
    1.14111E-06   2.55731E-06   2.50000E-01   4.53719E-02   6.10917E-01 
    9.37103E-02   2.30757E-07   0.00000E+00   7.36197E-01   2.63803E-01  NONE
   8.53000E+02   1.00725E-04   9.45385E-04   9.93655E-01   5.29522E-03 
    1.14072E-06   2.55746E-06   2.50000E-01   4.55440E-02   6.09793E-01 
    9.46629E-02   2.31983E-07   0.00000E+00   7.36154E-01   2.63846E-01  NONE
   8.43000E+02   8.77625E-05   8.83609E-04   9.94062E-01   4.96333E-03 
    1.14034E-06   2.55759E-06   2.50000E-01   4.57099E-02   6.08714E-01 
    9.55758E-02   2.33172E-07   0.00000E+00   7.36116E-01   2.63884E-01  NONE
   8.33000E+02   7.62893E-05   8.24316E-04   9.94450E-01   4.64578E-03 
    1.13997E-06   2.55771E-06   2.50000E-01   4.58695E-02   6.07680E-01 
    9.64498E-02   2.34327E-07   0.00000E+00   7.36082E-01   2.63918E-01  NONE
   8.23000E+02   6.61530E-05   7.67508E-04   9.94820E-01   4.34225E-03 
    1.13961E-06   2.55781E-06   2.50000E-01   4.60228E-02   6.06691E-01 
    9.72859E-02   2.35446E-07   0.00000E+00   7.36052E-01   2.63948E-01  NONE
   8.13000E+02   5.72152E-05   7.13181E-04   9.95173E-01   4.05244E-03 
    1.13925E-06   2.55790E-06   2.50000E-01   4.61698E-02   6.05745E-01 
    9.80847E-02   2.36531E-07   0.00000E+00   7.36026E-01   2.63974E-01  NONE
   8.03000E+02   4.93505E-05   6.61325E-04   9.95510E-01   3.77603E-03 
    1.13890E-06   2.55798E-06   2.50000E-01   4.63104E-02   6.04842E-01 
    9.88471E-02   2.37580E-07   0.00000E+00   7.36002E-01   2.63998E-01  NONE
   7.93000E+02   4.24453E-05   6.11928E-04   9.95829E-01   3.51273E-03 
    1.13856E-06   2.55805E-06   2.50000E-01   4.64445E-02   6.03982E-01 
    9.95737E-02   2.38593E-07   0.00000E+00   7.35982E-01   2.64018E-01  NONE
   7.83000E+02   3.63965E-05   5.64967E-04   9.96133E-01   3.26226E-03 
    1.13823E-06   2.55812E-06   2.50000E-01   4.65723E-02   6.03162E-01 
    1.00265E-01   2.39570E-07   0.00000E+00   7.35964E-01   2.64036E-01  NONE
   7.73000E+02   3.11111E-05   5.20419E-04   9.96420E-01   3.02431E-03 
    1.13792E-06   2.55817E-06   2.50000E-01   4.66938E-02   6.02383E-01 
    1.00923E-01   2.40509E-07   0.00000E+00   7.35949E-01   2.64051E-01  NONE
   7.63000E+02   2.65049E-05   4.78251E-04   9.96693E-01   2.79860E-03 
    1.13761E-06   2.55822E-06   2.50000E-01   4.68089E-02   6.01644E-01 
    1.01547E-01   2.41410E-07   0.00000E+00   7.35935E-01   2.64065E-01  NONE
   7.53000E+02   2.25018E-05   4.38427E-04   9.96951E-01   2.58482E-03 
    1.13731E-06   2.55826E-06   2.50000E-01   4.69179E-02   6.00944E-01 
    1.02138E-01   2.42270E-07   0.00000E+00   7.35923E-01   2.64077E-01  NONE
   7.43000E+02   1.90330E-05   4.00904E-04   9.97194E-01   2.38268E-03 
    1.13703E-06   2.55829E-06   2.50000E-01   4.70206E-02   6.00281E-01 
    1.02698E-01   2.43089E-07   0.00000E+00   7.35913E-01   2.64087E-01  NONE
   7.33000E+02   1.60366E-05   3.65635E-04   9.97423E-01   2.19185E-03 
    1.13677E-06   2.55832E-06   2.50000E-01   4.71173E-02   5.99656E-01 
    1.03226E-01   2.43865E-07   0.00000E+00   7.35904E-01   2.64096E-01  NONE
   7.23000E+02   1.34570E-05   3.32567E-04   9.97638E-01   2.01204E-03 
    1.13651E-06   2.55835E-06   2.50000E-01   4.72081E-02   5.99067E-01 
    1.03724E-01   2.44596E-07   0.00000E+00   7.35897E-01   2.64103E-01  NONE
   7.13000E+02   1.12439E-05   3.01643E-04   9.97841E-01   1.84290E-03 
    1.13627E-06   2.55837E-06   2.50000E-01   4.72931E-02   5.98514E-01 
    1.04193E-01   2.45280E-07   0.00000E+00   7.35890E-01   2.64110E-01  NONE
   7.03000E+02   9.35227E-06   2.72800E-04   9.98030E-01   1.68413E-03 
    1.13605E-06   2.55839E-06   2.50000E-01   4.73725E-02   5.97994E-01 
    1.04633E-01   2.45914E-07   0.00000E+00   7.35885E-01   2.64115E-01  NONE
   6.93000E+02   7.74190E-06   2.45973E-04   9.98207E-01   1.53537E-03 
    1.13585E-06   2.55841E-06   2.50000E-01   4.74464E-02   5.97508E-01 
    1.05046E-01   2.46496E-07   0.00000E+00   7.35880E-01   2.64120E-01  NONE
   6.83000E+02   6.37669E-06   2.21091E-04   9.98373E-01   1.39630E-03 
    1.13567E-06   2.55842E-06   2.50000E-01   4.75150E-02   5.97053E-01 
    1.05432E-01   2.47024E-07   0.00000E+00   7.35876E-01   2.64124E-01  NONE
   6.73000E+02   5.22446E-06   1.98082E-04   9.98526E-01   1.26656E-03 
    1.13550E-06   2.55844E-06   2.50000E-01   4.75785E-02   5.96629E-01 
    1.05792E-01   2.47494E-07   0.00000E+00   7.35872E-01   2.64128E-01  NONE
