
 Phase Region for:
     CEMENTITE                     
     FCC_A1#2                      
 col-1=T, col-2=X(CEMENTITE,C), col-3=X(CEMENTITE,CR), col-4=X(CEMENTITE,FE),
   col-5=X(CEMENTITE,MN), col-6=X(CEMENTITE,NI), col-7=X(CEMENTITE,SI),
   col-8=X(FCC_A1#2,C), col-9=X(FCC_A1#2,CR), col-10=X(FCC_A1#2,FE),
   col-11=X(FCC_A1#2,MN), col-12=X(FCC_A1#2,NI), col-13=X(FCC_A1#2,SI),
   col-14=NP(CEMENTITE), col-15=NP(FCC_A1#2),
   1.17300E+03   2.50000E-01   9.14340E-02   6.17741E-01   3.92571E-02 
    1.56767E-03   0.00000E+00   4.64049E-02   1.55663E-02   8.95471E-01 
    2.77663E-02   1.47894E-02   2.08355E-06   9.64166E-02   9.03583E-01
   1.18300E+03   2.50000E-01   9.13143E-02   6.18052E-01   3.90349E-02 
    1.59858E-03   0.00000E+00   4.76928E-02   1.60581E-02   8.93683E-01 
    2.78611E-02   1.47027E-02   2.07037E-06   9.06643E-02   9.09336E-01
   1.19300E+03   2.50000E-01   9.11861E-02   6.18365E-01   3.88188E-02 
    1.62967E-03   0.00000E+00   4.89974E-02   1.65553E-02   8.91877E-01 
    2.79532E-02   1.46153E-02   2.05701E-06   8.47621E-02   9.15238E-01
   1.20300E+03   2.50000E-01   9.10495E-02   6.18681E-01   3.86086E-02 
    1.66095E-03   0.00000E+00   5.03188E-02   1.70576E-02   8.90052E-01 
    2.80426E-02   1.45272E-02   2.04349E-06   7.87058E-02   9.21294E-01
   1.21300E+03   2.50000E-01   9.09048E-02   6.18998E-01   3.84044E-02 
    1.69241E-03   0.00000E+00   5.16568E-02   1.75647E-02   8.88209E-01 
    2.81293E-02   1.44386E-02   2.02980E-06   7.24906E-02   9.27509E-01
   1.22300E+03   2.50000E-01   9.07522E-02   6.19318E-01   3.82059E-02 
    1.72405E-03   0.00000E+00   5.30116E-02   1.80764E-02   8.86347E-01 
    2.82136E-02   1.43493E-02   2.01593E-06   6.61120E-02   9.33888E-01
   1.23300E+03   2.50000E-01   9.05920E-02   6.19639E-01   3.80133E-02 
    1.75586E-03   0.00000E+00   5.43830E-02   1.85925E-02   8.84468E-01 
    2.82953E-02   1.42594E-02   2.00190E-06   5.95648E-02   9.40435E-01
   1.24300E+03   2.50000E-01   9.04244E-02   6.19961E-01   3.78263E-02 
    1.78785E-03   0.00000E+00   5.57710E-02   1.91128E-02   8.82571E-01 
    2.83747E-02   1.41688E-02   1.98769E-06   5.28440E-02   9.47156E-01
   1.25300E+03   2.50000E-01   9.02497E-02   6.20285E-01   3.76449E-02 
    1.82000E-03   0.00000E+00   5.71757E-02   1.96370E-02   8.80656E-01 
    2.84518E-02   1.40778E-02   1.97332E-06   4.59440E-02   9.54056E-01
   1.26300E+03   2.50000E-01   9.00682E-02   6.20610E-01   3.74692E-02 
    1.85232E-03   0.00000E+00   5.85971E-02   2.01648E-02   8.78723E-01 
    2.85267E-02   1.39861E-02   1.95877E-06   3.88591E-02   9.61141E-01
   1.27300E+03   2.50000E-01   8.98802E-02   6.20936E-01   3.72989E-02 
    1.88480E-03   0.00000E+00   6.00351E-02   2.06961E-02   8.76774E-01 
    2.85994E-02   1.38939E-02   1.94406E-06   3.15832E-02   9.68417E-01
   1.28300E+03   2.50000E-01   8.96860E-02   6.21262E-01   3.71341E-02 
    1.91745E-03   0.00000E+00   6.14899E-02   2.12307E-02   8.74806E-01 
    2.86701E-02   1.38011E-02   1.92917E-06   2.41100E-02   9.75890E-01
   1.29300E+03   2.50000E-01   8.94859E-02   6.21589E-01   3.69747E-02 
    1.95025E-03   0.00000E+00   6.29613E-02   2.17684E-02   8.72822E-01 
    2.87388E-02   1.37078E-02   1.91411E-06   1.64327E-02   9.83567E-01
   1.30300E+03   2.50000E-01   8.92803E-02   6.21916E-01   3.68207E-02 
    1.98320E-03   0.00000E+00   6.44494E-02   2.23090E-02   8.70820E-01 
    2.88057E-02   1.36140E-02   1.89888E-06   8.54436E-03   9.91456E-01
   1.31300E+03   2.50000E-01   8.90694E-02   6.22242E-01   3.66720E-02 
    2.01630E-03   0.00000E+00   6.59544E-02   2.28522E-02   8.68801E-01 
    2.88708E-02   1.35196E-02   1.88348E-06   4.37373E-04   9.99563E-01
   1.31353E+03   2.50000E-01   8.90581E-02   6.22260E-01   3.66642E-02 
    2.01807E-03   0.00000E+00   6.60348E-02   2.28812E-02   8.68693E-01 
    2.88742E-02   1.35146E-02   1.88266E-06   0.00000E+00   1.00000E+00

 Phase Region for:
     FCC_A1#2                      
 col-1=T, col-2=X(FCC_A1#2,C), col-3=X(FCC_A1#2,CR), col-4=X(FCC_A1#2,FE),
   col-5=X(FCC_A1#2,MN), col-6=X(FCC_A1#2,NI), col-7=X(FCC_A1#2,SI),
   col-8=NP(FCC_A1#2),
   1.31353E+03   6.60348E-02   2.28812E-02   8.68693E-01   2.88742E-02 
    1.35146E-02   1.88266E-06   1.00000E+00
   1.32300E+03   6.60348E-02   2.28812E-02   8.68693E-01   2.88742E-02 
    1.35146E-02   1.88266E-06   1.00000E+00
   1.33300E+03   6.60348E-02   2.28812E-02   8.68693E-01   2.88742E-02 
    1.35146E-02   1.88266E-06   1.00000E+00
   1.34300E+03   6.60348E-02   2.28812E-02   8.68693E-01   2.88742E-02 
    1.35146E-02   1.88266E-06   1.00000E+00
   1.35300E+03   6.60348E-02   2.28812E-02   8.68693E-01   2.88742E-02 
    1.35146E-02   1.88266E-06   1.00000E+00
   1.36300E+03   6.60348E-02   2.28812E-02   8.68693E-01   2.88742E-02 
    1.35146E-02   1.88266E-06   1.00000E+00
   1.37300E+03   6.60348E-02   2.28812E-02   8.68693E-01   2.88742E-02 
    1.35146E-02   1.88266E-06   1.00000E+00
   1.38300E+03   6.60348E-02   2.28812E-02   8.68693E-01   2.88742E-02 
    1.35146E-02   1.88266E-06   1.00000E+00
   1.39300E+03   6.60348E-02   2.28812E-02   8.68693E-01   2.88742E-02 
    1.35146E-02   1.88266E-06   1.00000E+00
   1.40300E+03   6.60348E-02   2.28812E-02   8.68693E-01   2.88742E-02 
    1.35146E-02   1.88266E-06   1.00000E+00
   1.41300E+03   6.60348E-02   2.28812E-02   8.68693E-01   2.88742E-02 
    1.35146E-02   1.88266E-06   1.00000E+00
   1.42300E+03   6.60348E-02   2.28812E-02   8.68693E-01   2.88742E-02 
    1.35146E-02   1.88266E-06   1.00000E+00
   1.43300E+03   6.60348E-02   2.28812E-02   8.68693E-01   2.88742E-02 
    1.35146E-02   1.88266E-06   1.00000E+00
   1.44300E+03   6.60348E-02   2.28812E-02   8.68693E-01   2.88742E-02 
    1.35146E-02   1.88266E-06   1.00000E+00
   1.45300E+03   6.60348E-02   2.28812E-02   8.68693E-01   2.88742E-02 
    1.35146E-02   1.88266E-06   1.00000E+00
   1.46300E+03   6.60348E-02   2.28812E-02   8.68693E-01   2.88742E-02 
    1.35146E-02   1.88266E-06   1.00000E+00
   1.47300E+03   6.60348E-02   2.28812E-02   8.68693E-01   2.88742E-02 
    1.35146E-02   1.88266E-06   1.00000E+00

 Phase Region for:
     CEMENTITE                     
     FCC_A1#2                      
 col-1=T, col-2=X(CEMENTITE,C), col-3=X(CEMENTITE,CR), col-4=X(CEMENTITE,FE),
   col-5=X(CEMENTITE,MN), col-6=X(CEMENTITE,NI), col-7=X(CEMENTITE,SI),
   col-8=X(FCC_A1#2,C), col-9=X(FCC_A1#2,CR), col-10=X(FCC_A1#2,FE),
   col-11=X(FCC_A1#2,MN), col-12=X(FCC_A1#2,NI), col-13=X(FCC_A1#2,SI),
   col-14=NP(CEMENTITE), col-15=NP(FCC_A1#2),
   1.17300E+03   2.50000E-01   9.14340E-02   6.17741E-01   3.92571E-02 
    1.56767E-03   0.00000E+00   4.64049E-02   1.55663E-02   8.95471E-01 
    2.77663E-02   1.47894E-02   2.08355E-06   9.64166E-02   9.03583E-01
   1.16300E+03   2.50000E-01   9.15450E-02   6.17433E-01   3.94855E-02 
    1.53695E-03   0.00000E+00   4.51338E-02   1.50800E-02   8.97240E-01 
    2.76686E-02   1.48754E-02   2.09655E-06   1.02023E-01   8.97977E-01
   1.15300E+03   2.50000E-01   9.16470E-02   6.17127E-01   3.97200E-02 
    1.50642E-03   0.00000E+00   4.38794E-02   1.45995E-02   8.98990E-01 
    2.75680E-02   1.49608E-02   2.10939E-06   1.07488E-01   8.92512E-01
   1.14300E+03   2.50000E-01   9.17399E-02   6.16823E-01   3.99609E-02 
    1.47608E-03   0.00000E+00   4.26418E-02   1.41251E-02   9.00721E-01 
    2.74644E-02   1.50454E-02   2.12206E-06   1.12815E-01   8.87185E-01
   1.13300E+03   2.50000E-01   9.18237E-02   6.16522E-01   4.02081E-02 
    1.44594E-03   0.00000E+00   4.14211E-02   1.36570E-02   9.02433E-01 
    2.73577E-02   1.51293E-02   2.13455E-06   1.18007E-01   8.81993E-01
   1.12300E+03   2.50000E-01   9.18981E-02   6.16224E-01   4.04618E-02 
    1.41600E-03   0.00000E+00   4.02172E-02   1.31953E-02   9.04125E-01 
    2.72480E-02   1.52125E-02   2.14687E-06   1.23069E-01   8.76931E-01
   1.11300E+03   2.50000E-01   9.19630E-02   6.15929E-01   4.07221E-02 
    1.38626E-03   0.00000E+00   3.90301E-02   1.27405E-02   9.05797E-01 
    2.71350E-02   1.52949E-02   2.15902E-06   1.28003E-01   8.71997E-01
   1.10300E+03   2.50000E-01   9.20185E-02   6.15636E-01   4.09890E-02 
    1.35672E-03   0.00000E+00   3.78600E-02   1.22926E-02   9.07450E-01 
    2.70187E-02   1.53766E-02   2.17099E-06   1.32813E-01   8.67187E-01
   1.09300E+03   2.50000E-01   9.20644E-02   6.15346E-01   4.12626E-02 
    1.32738E-03   0.00000E+00   3.67068E-02   1.18519E-02   9.09082E-01 
    2.68992E-02   1.54575E-02   2.18279E-06   1.37501E-01   8.62499E-01
   1.08300E+03   2.50000E-01   9.21007E-02   6.15058E-01   4.15432E-02 
    1.29826E-03   0.00000E+00   3.55705E-02   1.14186E-02   9.10695E-01 
    2.67762E-02   1.55376E-02   2.19442E-06   1.42071E-01   8.57929E-01
   1.07300E+03   2.50000E-01   9.21274E-02   6.14773E-01   4.18306E-02 
    1.26934E-03   0.00000E+00   3.44513E-02   1.09928E-02   9.12287E-01 
    2.66498E-02   1.56169E-02   2.20588E-06   1.46526E-01   8.53474E-01
   1.06300E+03   2.50000E-01   9.21444E-02   6.14490E-01   4.21251E-02 
    1.24064E-03   0.00000E+00   3.33490E-02   1.05749E-02   9.13859E-01 
    2.65198E-02   1.56953E-02   2.21716E-06   1.50869E-01   8.49131E-01
   1.05300E+03   2.50000E-01   9.21519E-02   6.14210E-01   4.24263E-02 
    1.21217E-03   0.00000E+00   3.22639E-02   1.01650E-02   9.15410E-01 
    2.63864E-02   1.57730E-02   2.22826E-06   1.55101E-01   8.44899E-01
   1.04300E+03   2.50000E-01   9.21498E-02   6.13931E-01   4.27352E-02 
    1.18389E-03   0.00000E+00   3.11957E-02   9.76315E-03   9.16940E-01 
    2.62492E-02   1.58498E-02   2.23919E-06   1.59225E-01   8.40775E-01
   1.03300E+03   2.50000E-01   9.21383E-02   6.13654E-01   4.30515E-02 
    1.15584E-03   0.00000E+00   3.01447E-02   9.36964E-03   9.18449E-01 
    2.61083E-02   1.59257E-02   2.24995E-06   1.63245E-01   8.36755E-01
   1.02300E+03   2.50000E-01   9.21175E-02   6.13379E-01   4.33752E-02 
    1.12801E-03   0.00000E+00   2.91107E-02   8.98459E-03   9.19938E-01 
    2.59636E-02   1.60007E-02   2.26053E-06   1.67161E-01   8.32839E-01
   1.01300E+03   2.50000E-01   9.20874E-02   6.13106E-01   4.37065E-02 
    1.10041E-03   0.00000E+00   2.80940E-02   8.60813E-03   9.21406E-01 
    2.58152E-02   1.60749E-02   2.27094E-06   1.70977E-01   8.29023E-01
   1.00300E+03   2.50000E-01   9.20483E-02   6.12833E-01   4.40455E-02 
    1.07303E-03   0.00000E+00   2.70945E-02   8.24040E-03   9.22852E-01 
    2.56628E-02   1.61481E-02   2.28116E-06   1.74695E-01   8.25305E-01
   9.93000E+02   2.50000E-01   9.20002E-02   6.12562E-01   4.43924E-02 
    1.04589E-03   0.00000E+00   2.61122E-02   7.88151E-03   9.24277E-01 
    2.55065E-02   1.62204E-02   2.29122E-06   1.78316E-01   8.21684E-01
   9.83000E+02   2.50000E-01   9.19435E-02   6.12290E-01   4.47471E-02 
    1.01897E-03   0.00000E+00   2.51472E-02   7.53155E-03   9.25681E-01 
    2.53463E-02   1.62918E-02   2.30109E-06   1.81842E-01   8.18158E-01
   9.73000E+02   2.50000E-01   9.18783E-02   6.12019E-01   4.51100E-02 
    9.92294E-04   0.00000E+00   2.41995E-02   7.19063E-03   9.27063E-01 
    2.51820E-02   1.63623E-02   2.31079E-06   1.85276E-01   8.14724E-01
   9.70049E+02   2.50000E-01   9.18575E-02   6.11939E-01   4.52186E-02 
    9.84466E-04   0.00000E+00   2.39232E-02   7.09175E-03   9.27467E-01 
    2.51327E-02   1.63829E-02   2.31362E-06   1.86271E-01   8.13729E-01

 Phase Region for:
     BCC_A2                        
     CEMENTITE                     
     FCC_A1#2                      
 col-1=T, col-2=X(BCC_A2,C), col-3=X(BCC_A2,CR), col-4=X(BCC_A2,FE),
   col-5=X(BCC_A2,MN), col-6=X(BCC_A2,NI), col-7=X(BCC_A2,SI),
   col-8=X(CEMENTITE,C), col-9=X(CEMENTITE,CR), col-10=X(CEMENTITE,FE),
   col-11=X(CEMENTITE,MN), col-12=X(CEMENTITE,NI), col-13=X(CEMENTITE,SI),
   col-14=X(FCC_A1#2,C), col-15=X(FCC_A1#2,CR), col-16=X(FCC_A1#2,FE),
   col-17=X(FCC_A1#2,MN), col-18=X(FCC_A1#2,NI), col-19=X(FCC_A1#2,SI),
   col-20=NP(BCC_A2), col-21=NP(CEMENTITE), col-22=NP(FCC_A1#2),
   9.70049E+02   4.20189E-04   3.83807E-03   9.83633E-01   6.06222E-03 
    6.04327E-03   3.12305E-06   2.50000E-01   9.18574E-02   6.11939E-01 
    4.52187E-02   9.84469E-04   0.00000E+00   2.39232E-02   7.09174E-03 
    9.27467E-01   2.51328E-02   1.63829E-02   2.31362E-06   3.18805E-06 
    1.86272E-01   8.13725E-01
   9.63000E+02   3.85748E-04   3.55879E-03   9.82508E-01   6.54920E-03 
    6.99548E-03   2.89046E-06   2.50000E-01   8.78287E-02   6.10247E-01 
    5.07658E-02   1.15835E-03   0.00000E+00   2.33477E-02   6.57075E-03 
    9.21718E-01   2.84635E-02   1.98976E-02   2.21142E-06   1.92812E-01 
    2.07871E-01   5.99317E-01
   9.53000E+02   3.39338E-04   3.27071E-03   9.80891E-01   7.09821E-03 
    8.39786E-03   2.71167E-06   2.50000E-01   8.43398E-02   6.06290E-01 
    5.79566E-02   1.41346E-03   0.00000E+00   2.23943E-02   6.01340E-03 
    9.12833E-01   3.31295E-02   2.56278E-02   2.17581E-06   3.81605E-01 
    2.28715E-01   3.89680E-01
   9.43000E+02   2.97213E-04   3.05280E-03   9.79349E-01   7.47996E-03 
    9.81864E-03   2.62166E-06   2.50000E-01   8.23744E-02   6.01655E-01 
    6.42978E-02   1.67243E-03   0.00000E+00   2.13548E-02   5.57561E-03 
    9.03140E-01   3.77108E-02   3.22168E-02   2.20763E-06   5.05072E-01 
    2.41928E-01   2.53000E-01
   9.33000E+02   2.59713E-04   2.87278E-03   9.77935E-01   7.71042E-03 
    1.12200E-02   2.57640E-06   2.50000E-01   8.12800E-02   5.96956E-01 
    6.98347E-02   1.92964E-03   0.00000E+00   2.02717E-02   5.20305E-03 
    8.92607E-01   4.22504E-02   3.96657E-02   2.27647E-06   5.87210E-01 
    2.50358E-01   1.62432E-01
   9.23000E+02   2.26627E-04   2.71442E-03   9.76673E-01   7.81195E-03 
    1.25714E-02   2.55525E-06   2.50000E-01   8.07077E-02   5.92455E-01 
    7.46568E-02   2.18030E-03   0.00000E+00   1.91658E-02   4.86805E-03 
    8.81149E-01   4.68227E-02   4.79925E-02   2.36785E-06   6.42579E-01 
    2.55763E-01   1.01658E-01
   9.13000E+02   1.97554E-04   2.56919E-03   9.75575E-01   7.80719E-03 
    1.38489E-02   2.54752E-06   2.50000E-01   8.04604E-02   5.88259E-01 
    7.88607E-02   2.42034E-03   0.00000E+00   1.80475E-02   4.55593E-03 
    8.68645E-01   5.15150E-02   5.72336E-02   2.47374E-06   6.80190E-01 
    2.59228E-01   6.05818E-02
   9.03000E+02   1.72059E-04   2.43243E-03   9.74643E-01   7.71648E-03 
    1.50338E-02   2.54722E-06   2.50000E-01   8.04212E-02   5.84397E-01 
    8.25350E-02   2.64645E-03   0.00000E+00   1.69222E-02   4.25871E-03 
    8.54951E-01   5.64202E-02   6.74452E-02   2.58879E-06   7.05763E-01 
    2.61433E-01   3.28034E-02
   8.93000E+02   1.49721E-04   2.30156E-03   9.73876E-01   7.55724E-03 
    1.61125E-02   2.55081E-06   2.50000E-01   8.05171E-02   5.80872E-01 
    8.57553E-02   2.85594E-03   0.00000E+00   1.57932E-02   3.97201E-03 
    8.39898E-01   6.16335E-02   7.87005E-02   2.70845E-06   7.23031E-01 
    2.62812E-01   1.41567E-02
   8.83000E+02   1.30162E-04   2.17512E-03   9.73272E-01   7.34407E-03 
    1.70756E-02   2.55605E-06   2.50000E-01   8.07012E-02   5.77668E-01 
    8.85839E-02   3.04675E-03   0.00000E+00   1.46633E-02   3.69354E-03 
    8.23311E-01   6.72477E-02   9.10818E-02   2.82783E-06   7.34492E-01 
    2.63648E-01   1.85970E-03
   8.81019E+02   1.26586E-04   2.15053E-03   9.73172E-01   7.29653E-03 
    1.72521E-02   2.55715E-06   2.50000E-01   8.07452E-02   5.77070E-01 
    8.91023E-02   3.08219E-03   0.00000E+00   1.44397E-02   3.63926E-03 
    8.19828E-01   6.84150E-02   9.36752E-02   2.85096E-06   7.36233E-01 
    2.63767E-01   0.00000E+00

 Phase Region for:
     BCC_A2                        
     CEMENTITE                     
 col-1=T, col-2=X(BCC_A2,C), col-3=X(BCC_A2,CR), col-4=X(BCC_A2,FE),
   col-5=X(BCC_A2,MN), col-6=X(BCC_A2,NI), col-7=X(BCC_A2,SI),
   col-8=X(CEMENTITE,C), col-9=X(CEMENTITE,CR), col-10=X(CEMENTITE,FE),
   col-11=X(CEMENTITE,MN), col-12=X(CEMENTITE,NI), col-13=X(CEMENTITE,SI),
   col-14=NP(BCC_A2), col-15=NP(CEMENTITE),
   8.81019E+02   1.26586E-04   2.15053E-03   9.73172E-01   7.29653E-03 
    1.72521E-02   2.55715E-06   2.50000E-01   8.07452E-02   5.77070E-01 
    8.91023E-02   3.08219E-03   0.00000E+00   7.36233E-01   2.63767E-01  NONE
   8.73000E+02   1.13598E-04   2.04678E-03   9.73629E-01   6.96017E-03 
    1.72482E-02   2.55728E-06   2.50000E-01   8.10233E-02   5.75852E-01 
    9.00292E-02   3.09514E-03   0.00000E+00   7.36195E-01   2.63805E-01  NONE
   8.63000E+02   9.90762E-05   1.92135E-03   9.74179E-01   6.55505E-03 
    1.72434E-02   2.55743E-06   2.50000E-01   8.13605E-02   5.74383E-01 
    9.11460E-02   3.11082E-03   0.00000E+00   7.36152E-01   2.63848E-01  NONE
   8.53000E+02   8.62331E-05   1.80035E-03   9.74707E-01   6.16556E-03 
    1.72387E-02   2.55756E-06   2.50000E-01   8.16867E-02   5.72967E-01 
    9.22204E-02   3.12599E-03   0.00000E+00   7.36115E-01   2.63885E-01  NONE
   8.43000E+02   7.48924E-05   1.68381E-03   9.75213E-01   5.79138E-03 
    1.72341E-02   2.55768E-06   2.50000E-01   8.20016E-02   5.71605E-01 
    9.32531E-02   3.14066E-03   0.00000E+00   7.36081E-01   2.63919E-01  NONE
   8.33000E+02   6.48952E-05   1.57178E-03   9.75699E-01   5.43224E-03 
    1.72296E-02   2.55778E-06   2.50000E-01   8.23050E-02   5.70295E-01 
    9.42448E-02   3.15484E-03   0.00000E+00   7.36052E-01   2.63948E-01  NONE
   8.23000E+02   5.60981E-05   1.46428E-03   9.76164E-01   5.08787E-03 
    1.72252E-02   2.55787E-06   2.50000E-01   8.25968E-02   5.69038E-01 
    9.51963E-02   3.16854E-03   0.00000E+00   7.36026E-01   2.63974E-01  NONE
   8.13000E+02   4.83716E-05   1.36133E-03   9.76609E-01   4.75802E-03 
    1.72209E-02   2.55795E-06   2.50000E-01   8.28769E-02   5.67833E-01 
    9.61081E-02   3.18176E-03   0.00000E+00   7.36003E-01   2.63997E-01  NONE
   8.03000E+02   4.15993E-05   1.26293E-03   9.77034E-01   4.44247E-03 
    1.72167E-02   2.55802E-06   2.50000E-01   8.31450E-02   5.66680E-01 
    9.69809E-02   3.19448E-03   0.00000E+00   7.35983E-01   2.64017E-01  NONE
   7.93000E+02   3.56758E-05   1.16907E-03   9.77439E-01   4.14096E-03 
    1.72126E-02   2.55808E-06   2.50000E-01   8.34012E-02   5.65577E-01 
    9.78152E-02   3.20672E-03   0.00000E+00   7.35966E-01   2.64034E-01  NONE
   7.83000E+02   3.05065E-05   1.07974E-03   9.77825E-01   3.85327E-03 
    1.72087E-02   2.55813E-06   2.50000E-01   8.36454E-02   5.64525E-01 
    9.86116E-02   3.21844E-03   0.00000E+00   7.35950E-01   2.64050E-01  NONE
   7.73000E+02   2.60062E-05   9.94913E-04   9.78192E-01   3.57916E-03 
    1.72049E-02   2.55818E-06   2.50000E-01   8.38777E-02   5.63522E-01 
    9.93708E-02   3.22964E-03   0.00000E+00   7.35937E-01   2.64063E-01  NONE
   7.63000E+02   2.20982E-05   9.14535E-04   9.78541E-01   3.31838E-03 
    1.72013E-02   2.55822E-06   2.50000E-01   8.40981E-02   5.62568E-01 
    1.00093E-01   3.24030E-03   0.00000E+00   7.35926E-01   2.64074E-01  NONE
   7.53000E+02   1.87137E-05   8.38557E-04   9.78872E-01   3.07068E-03 
    1.71979E-02   2.55825E-06   2.50000E-01   8.43067E-02   5.61663E-01 
    1.00780E-01   3.25039E-03   0.00000E+00   7.35916E-01   2.64084E-01  NONE
   7.43000E+02   1.57909E-05   7.66911E-04   9.79184E-01   2.83581E-03 
    1.71947E-02   2.55828E-06   2.50000E-01   8.45036E-02   5.60805E-01 
    1.01431E-01   3.25990E-03   0.00000E+00   7.35907E-01   2.64093E-01  NONE
   7.33000E+02   1.32744E-05   6.99520E-04   9.79480E-01   2.61348E-03 
    1.71916E-02   2.55831E-06   2.50000E-01   8.46891E-02   5.59994E-01 
    1.02048E-01   3.26879E-03   0.00000E+00   7.35900E-01   2.64100E-01  NONE
   7.23000E+02   1.11147E-05   6.36295E-04   9.79758E-01   2.40341E-03 
    1.71888E-02   2.55833E-06   2.50000E-01   8.48632E-02   5.59229E-01 
    1.02631E-01   3.27704E-03   0.00000E+00   7.35893E-01   2.64107E-01  NONE
   7.13000E+02   9.26747E-06   5.77136E-04   9.80020E-01   2.20531E-03 
    1.71862E-02   2.55835E-06   2.50000E-01   8.50263E-02   5.58508E-01 
    1.03181E-01   3.28461E-03   0.00000E+00   7.35888E-01   2.64112E-01  NONE
   7.03000E+02   7.69320E-06   5.21933E-04   9.80265E-01   2.01886E-03 
    1.71838E-02   2.55836E-06   2.50000E-01   8.51786E-02   5.57831E-01 
    1.03699E-01   3.29145E-03   0.00000E+00   7.35883E-01   2.64117E-01  NONE
   6.93000E+02   6.35668E-06   4.70568E-04   9.80495E-01   1.84375E-03 
    1.71817E-02   2.55838E-06   2.50000E-01   8.53205E-02   5.57197E-01 
    1.04185E-01   3.29755E-03   0.00000E+00   7.35879E-01   2.64121E-01  NONE
   6.83000E+02   5.22659E-06   4.22913E-04   9.80710E-01   1.67965E-03 
    1.71798E-02   2.55839E-06   2.50000E-01   8.54522E-02   5.56604E-01 
    1.04641E-01   3.30284E-03   0.00000E+00   7.35876E-01   2.64124E-01  NONE
   6.73000E+02   4.27518E-06   3.78836E-04   9.80910E-01   1.52619E-03 
    1.71783E-02   2.55840E-06   2.50000E-01   8.55741E-02   5.56051E-01 
    1.05067E-01   3.30729E-03   0.00000E+00   7.35873E-01   2.64127E-01  NONE
