
 Phase Region for:
     CEMENTITE                     
     FCC_A1#1                      
 col-1=T, col-2=X(CEMENTITE,C), col-3=X(CEMENTITE,CR), col-4=X(CEMENTITE,FE),
   col-5=X(CEMENTITE,MN), col-6=X(CEMENTITE,NI), col-7=X(CEMENTITE,SI),
   col-8=X(FCC_A1#1,C), col-9=X(FCC_A1#1,CR), col-10=X(FCC_A1#1,FE),
   col-11=X(FCC_A1#1,MN), col-12=X(FCC_A1#1,NI), col-13=X(FCC_A1#1,SI),
   col-14=NP(CEMENTITE), col-15=NP(FCC_A1#1),
   1.17300E+03   2.50000E-01   5.50035E-02   6.58775E-01   3.23591E-02 
    3.86248E-03   0.00000E+00   4.01412E-02   9.63792E-03   8.45882E-01 
    2.77748E-02   2.95099E-02   4.70538E-02   1.17264E-01   8.82736E-01
   1.18300E+03   2.50000E-01   5.49442E-02   6.58939E-01   3.21740E-02 
    3.94305E-03   0.00000E+00   4.14279E-02   9.92354E-03   8.44714E-01 
    2.78262E-02   2.93425E-02   4.67653E-02   1.11818E-01   8.88182E-01
   1.19300E+03   2.50000E-01   5.48840E-02   6.59098E-01   3.19943E-02 
    4.02402E-03   0.00000E+00   4.27351E-02   1.02128E-02   8.43531E-01 
    2.78748E-02   2.91737E-02   4.64722E-02   1.06217E-01   8.93783E-01
   1.20300E+03   2.50000E-01   5.48231E-02   6.59252E-01   3.18200E-02 
    4.10538E-03   0.00000E+00   4.40627E-02   1.05058E-02   8.42333E-01 
    2.79207E-02   2.90035E-02   4.61745E-02   1.00455E-01   8.99545E-01
   1.21300E+03   2.50000E-01   5.47613E-02   6.59401E-01   3.16510E-02 
    4.18711E-03   0.00000E+00   4.54107E-02   1.08023E-02   8.41119E-01 
    2.79639E-02   2.88320E-02   4.58723E-02   9.45278E-02   9.05472E-01
   1.22300E+03   2.50000E-01   5.46990E-02   6.59545E-01   3.14872E-02 
    4.26919E-03   0.00000E+00   4.67791E-02   1.11024E-02   8.39889E-01 
    2.80044E-02   2.86592E-02   4.55655E-02   8.84305E-02   9.11569E-01
   1.23300E+03   2.50000E-01   5.46361E-02   6.59684E-01   3.13285E-02 
    4.35162E-03   0.00000E+00   4.81681E-02   1.14060E-02   8.38644E-01 
    2.80424E-02   2.84852E-02   4.52540E-02   8.21575E-02   9.17843E-01
   1.24300E+03   2.50000E-01   5.45729E-02   6.59818E-01   3.11748E-02 
    4.43438E-03   0.00000E+00   4.95775E-02   1.17131E-02   8.37384E-01 
    2.80780E-02   2.83099E-02   4.49380E-02   7.57030E-02   9.24297E-01
   1.25300E+03   2.50000E-01   5.45093E-02   6.59947E-01   3.10261E-02 
    4.51746E-03   0.00000E+00   5.10075E-02   1.20236E-02   8.36107E-01 
    2.81111E-02   2.81333E-02   4.46174E-02   6.90610E-02   9.30939E-01
   1.26300E+03   2.50000E-01   5.44456E-02   6.60071E-01   3.08823E-02 
    4.60083E-03   0.00000E+00   5.24580E-02   1.23375E-02   8.34815E-01 
    2.81419E-02   2.79557E-02   4.42922E-02   6.22251E-02   9.37775E-01
   1.27300E+03   2.50000E-01   5.43818E-02   6.60190E-01   3.07433E-02 
    4.68450E-03   0.00000E+00   5.39292E-02   1.26548E-02   8.33506E-01 
    2.81704E-02   2.77768E-02   4.39623E-02   5.51887E-02   9.44811E-01
   1.28300E+03   2.50000E-01   5.43182E-02   6.60304E-01   3.06092E-02 
    4.76844E-03   0.00000E+00   5.54211E-02   1.29755E-02   8.32182E-01 
    2.81967E-02   2.75969E-02   4.36278E-02   4.79445E-02   9.52055E-01
   1.29300E+03   2.50000E-01   5.42548E-02   6.60413E-01   3.04798E-02 
    4.85264E-03   0.00000E+00   5.69338E-02   1.32996E-02   8.30841E-01 
    2.82209E-02   2.74159E-02   4.32886E-02   4.04851E-02   9.59515E-01
   1.30300E+03   2.50000E-01   5.41918E-02   6.60516E-01   3.03551E-02 
    4.93708E-03   0.00000E+00   5.84673E-02   1.36270E-02   8.29484E-01 
    2.82431E-02   2.72338E-02   4.29448E-02   3.28025E-02   9.67198E-01
   1.31300E+03   2.50000E-01   5.41293E-02   6.60614E-01   3.02350E-02 
    5.02176E-03   0.00000E+00   6.00219E-02   1.39579E-02   8.28110E-01 
    2.82633E-02   2.70507E-02   4.25962E-02   2.48882E-02   9.75112E-01
   1.32300E+03   2.50000E-01   5.40675E-02   6.60706E-01   3.01196E-02 
    5.10666E-03   0.00000E+00   6.15975E-02   1.42921E-02   8.26719E-01 
    2.82816E-02   2.68665E-02   4.22430E-02   1.67332E-02   9.83267E-01
   1.33300E+03   2.50000E-01   5.40066E-02   6.60793E-01   3.00087E-02 
    5.19177E-03   0.00000E+00   6.31943E-02   1.46297E-02   8.25311E-01 
    2.82981E-02   2.66814E-02   4.18849E-02   8.32812E-03   9.91672E-01
   1.34262E+03   2.50000E-01   5.39490E-02   6.60871E-01   2.99064E-02 
    5.27379E-03   0.00000E+00   6.47501E-02   1.49577E-02   8.23941E-01 
    2.83124E-02   2.65024E-02   4.15361E-02   0.00000E+00   1.00000E+00

 Phase Region for:
     FCC_A1#1                      
 col-1=T, col-2=X(FCC_A1#1,C), col-3=X(FCC_A1#1,CR), col-4=X(FCC_A1#1,FE),
   col-5=X(FCC_A1#1,MN), col-6=X(FCC_A1#1,NI), col-7=X(FCC_A1#1,SI),
   col-8=NP(FCC_A1#1),
   1.34262E+03   6.47501E-02   1.49577E-02   8.23941E-01   2.83124E-02 
    2.65024E-02   4.15361E-02   1.00000E+00
   1.34300E+03   6.47501E-02   1.49577E-02   8.23941E-01   2.83124E-02 
    2.65024E-02   4.15361E-02   1.00000E+00
   1.35300E+03   6.47501E-02   1.49577E-02   8.23941E-01   2.83124E-02 
    2.65024E-02   4.15361E-02   1.00000E+00
   1.36300E+03   6.47501E-02   1.49577E-02   8.23941E-01   2.83124E-02 
    2.65024E-02   4.15361E-02   1.00000E+00
   1.37300E+03   6.47501E-02   1.49577E-02   8.23941E-01   2.83124E-02 
    2.65024E-02   4.15361E-02   1.00000E+00
   1.38300E+03   6.47501E-02   1.49577E-02   8.23941E-01   2.83124E-02 
    2.65024E-02   4.15361E-02   1.00000E+00
   1.39300E+03   6.47501E-02   1.49577E-02   8.23941E-01   2.83124E-02 
    2.65024E-02   4.15361E-02   1.00000E+00
   1.40300E+03   6.47501E-02   1.49577E-02   8.23941E-01   2.83124E-02 
    2.65024E-02   4.15361E-02   1.00000E+00
   1.41300E+03   6.47501E-02   1.49577E-02   8.23941E-01   2.83124E-02 
    2.65024E-02   4.15361E-02   1.00000E+00
   1.42300E+03   6.47501E-02   1.49577E-02   8.23941E-01   2.83124E-02 
    2.65024E-02   4.15361E-02   1.00000E+00
   1.43300E+03   6.47501E-02   1.49577E-02   8.23941E-01   2.83124E-02 
    2.65024E-02   4.15361E-02   1.00000E+00
   1.44300E+03   6.47501E-02   1.49577E-02   8.23941E-01   2.83124E-02 
    2.65024E-02   4.15361E-02   1.00000E+00
   1.45300E+03   6.47501E-02   1.49577E-02   8.23941E-01   2.83124E-02 
    2.65024E-02   4.15361E-02   1.00000E+00
   1.46300E+03   6.47501E-02   1.49577E-02   8.23941E-01   2.83124E-02 
    2.65024E-02   4.15361E-02   1.00000E+00
   1.47300E+03   6.47501E-02   1.49577E-02   8.23941E-01   2.83124E-02 
    2.65024E-02   4.15361E-02   1.00000E+00

 Phase Region for:
     CEMENTITE                     
     FCC_A1#1                      
 col-1=T, col-2=X(CEMENTITE,C), col-3=X(CEMENTITE,CR), col-4=X(CEMENTITE,FE),
   col-5=X(CEMENTITE,MN), col-6=X(CEMENTITE,NI), col-7=X(CEMENTITE,SI),
   col-8=X(FCC_A1#1,C), col-9=X(FCC_A1#1,CR), col-10=X(FCC_A1#1,FE),
   col-11=X(FCC_A1#1,MN), col-12=X(FCC_A1#1,NI), col-13=X(FCC_A1#1,SI),
   col-14=NP(CEMENTITE), col-15=NP(FCC_A1#1),
   1.17300E+03   2.50000E-01   5.50035E-02   6.58775E-01   3.23591E-02 
    3.86248E-03   0.00000E+00   4.01412E-02   9.63792E-03   8.45882E-01 
    2.77748E-02   2.95099E-02   4.70538E-02   1.17264E-01   8.82736E-01
   1.16300E+03   2.50000E-01   5.50617E-02   6.58606E-01   3.25498E-02 
    3.78233E-03   0.00000E+00   3.88748E-02   9.35604E-03   8.47035E-01 
    2.77205E-02   2.96759E-02   4.73377E-02   1.22559E-01   8.77441E-01
   1.15300E+03   2.50000E-01   5.51189E-02   6.58432E-01   3.27461E-02 
    3.70260E-03   0.00000E+00   3.76289E-02   9.07795E-03   8.48172E-01 
    2.76633E-02   2.98404E-02   4.76171E-02   1.27706E-01   8.72294E-01
   1.14300E+03   2.50000E-01   5.51749E-02   6.58254E-01   3.29481E-02 
    3.62332E-03   0.00000E+00   3.64035E-02   8.80371E-03   8.49295E-01 
    2.76030E-02   3.00033E-02   4.78919E-02   1.32711E-01   8.67289E-01
   1.13300E+03   2.50000E-01   5.52297E-02   6.58070E-01   3.31560E-02 
    3.54450E-03   0.00000E+00   3.51985E-02   8.53337E-03   8.50402E-01 
    2.75397E-02   3.01647E-02   4.81620E-02   1.37576E-01   8.62424E-01
   1.12300E+03   2.50000E-01   5.52832E-02   6.57881E-01   3.33699E-02 
    3.46615E-03   0.00000E+00   3.40140E-02   8.26698E-03   8.51494E-01 
    2.74733E-02   3.03245E-02   4.84276E-02   1.42306E-01   8.57694E-01
   1.11300E+03   2.50000E-01   5.53354E-02   6.57686E-01   3.35898E-02 
    3.38829E-03   0.00000E+00   3.28500E-02   8.00461E-03   8.52571E-01 
    2.74036E-02   3.04827E-02   4.86886E-02   1.46903E-01   8.53097E-01
   1.10300E+03   2.50000E-01   5.53863E-02   6.57487E-01   3.38160E-02 
    3.31094E-03   0.00000E+00   3.17066E-02   7.74632E-03   8.53632E-01 
    2.73307E-02   3.06391E-02   4.89450E-02   1.51372E-01   8.48628E-01
   1.09300E+03   2.50000E-01   5.54357E-02   6.57282E-01   3.40485E-02 
    3.23410E-03   0.00000E+00   3.05837E-02   7.49215E-03   8.54679E-01 
    2.72545E-02   3.07939E-02   4.91968E-02   1.55715E-01   8.44285E-01
   1.08300E+03   2.50000E-01   5.54838E-02   6.57071E-01   3.42874E-02 
    3.15779E-03   0.00000E+00   2.94815E-02   7.24216E-03   8.55711E-01 
    2.71748E-02   3.09468E-02   4.94439E-02   1.59935E-01   8.40065E-01
   1.07300E+03   2.50000E-01   5.55304E-02   6.56855E-01   3.45330E-02 
    3.08204E-03   0.00000E+00   2.83999E-02   6.99641E-03   8.56727E-01 
    2.70918E-02   3.10980E-02   4.96864E-02   1.64035E-01   8.35965E-01
   1.06300E+03   2.50000E-01   5.55755E-02   6.56632E-01   3.47853E-02 
    3.00685E-03   0.00000E+00   2.73391E-02   6.75495E-03   8.57729E-01 
    2.70052E-02   3.12473E-02   4.99242E-02   1.68018E-01   8.31982E-01
   1.05300E+03   2.50000E-01   5.56192E-02   6.56404E-01   3.50444E-02 
    2.93223E-03   0.00000E+00   2.62990E-02   6.51784E-03   8.58716E-01 
    2.69151E-02   3.13947E-02   5.01574E-02   1.71886E-01   8.28114E-01
   1.04300E+03   2.50000E-01   5.56614E-02   6.56170E-01   3.53106E-02 
    2.85822E-03   0.00000E+00   2.52798E-02   6.28512E-03   8.59688E-01 
    2.68213E-02   3.15402E-02   5.03860E-02   1.75642E-01   8.24358E-01
   1.03300E+03   2.50000E-01   5.57022E-02   6.55929E-01   3.55840E-02 
    2.78481E-03   0.00000E+00   2.42814E-02   6.05683E-03   8.60644E-01 
    2.67239E-02   3.16836E-02   5.06098E-02   1.79288E-01   8.20712E-01
   1.02300E+03   2.50000E-01   5.57416E-02   6.55682E-01   3.58648E-02 
    2.71203E-03   0.00000E+00   2.33039E-02   5.83303E-03   8.61586E-01 
    2.66227E-02   3.18251E-02   5.08290E-02   1.82827E-01   8.17173E-01
   1.01300E+03   2.50000E-01   5.57796E-02   6.55427E-01   3.61530E-02 
    2.63989E-03   0.00000E+00   2.23474E-02   5.61376E-03   8.62513E-01 
    2.65177E-02   3.19644E-02   5.10435E-02   1.86261E-01   8.13739E-01
   1.00300E+03   2.50000E-01   5.58162E-02   6.55166E-01   3.64490E-02 
    2.56841E-03   0.00000E+00   2.14119E-02   5.39904E-03   8.63425E-01 
    2.64089E-02   3.21016E-02   5.12532E-02   1.89591E-01   8.10409E-01
   9.93000E+02   2.50000E-01   5.58515E-02   6.54898E-01   3.67529E-02 
    2.49761E-03   0.00000E+00   2.04974E-02   5.18893E-03   8.64323E-01 
    2.62961E-02   3.22367E-02   5.14583E-02   1.92820E-01   8.07180E-01
   9.85231E+02   2.50000E-01   5.58780E-02   6.54684E-01   3.69945E-02 
    2.44308E-03   0.00000E+00   1.98015E-02   5.02887E-03   8.65009E-01 
    2.62058E-02   3.23401E-02   5.16143E-02   1.95260E-01   8.04740E-01

 Phase Region for:
     BCC_A2                        
     CEMENTITE                     
     FCC_A1#1                      
 col-1=T, col-2=X(BCC_A2,C), col-3=X(BCC_A2,CR), col-4=X(BCC_A2,FE),
   col-5=X(BCC_A2,MN), col-6=X(BCC_A2,NI), col-7=X(BCC_A2,SI),
   col-8=X(CEMENTITE,C), col-9=X(CEMENTITE,CR), col-10=X(CEMENTITE,FE),
   col-11=X(CEMENTITE,MN), col-12=X(CEMENTITE,NI), col-13=X(CEMENTITE,SI),
   col-14=X(FCC_A1#1,C), col-15=X(FCC_A1#1,CR), col-16=X(FCC_A1#1,FE),
   col-17=X(FCC_A1#1,MN), col-18=X(FCC_A1#1,NI), col-19=X(FCC_A1#1,SI),
   col-20=NP(BCC_A2), col-21=NP(CEMENTITE), col-22=NP(FCC_A1#1),
   9.85231E+02   3.91778E-04   3.29869E-03   9.10384E-01   8.56138E-03 
    1.27001E-02   6.46642E-02   2.50000E-01   5.58780E-02   6.54684E-01 
    3.69945E-02   2.44308E-03   0.00000E+00   1.98015E-02   5.02887E-03 
    8.65009E-01   2.62058E-02   3.23401E-02   5.16143E-02   1.47241E-06 
    1.95260E-01   8.04738E-01
   9.83000E+02   3.81957E-04   3.24727E-03   9.10591E-01   8.61251E-03 
    1.29267E-02   6.42402E-02   2.50000E-01   5.56303E-02   6.54150E-01 
    3.77331E-02   2.48653E-03   0.00000E+00   1.96028E-02   4.94383E-03 
    8.64162E-01   2.67049E-02   3.32740E-02   5.13122E-02   3.22338E-02 
    1.98643E-01   7.69123E-01
   9.73000E+02   3.40234E-04   3.02621E-03   9.11522E-01   8.70739E-03 
    1.39220E-02   6.24822E-02   2.50000E-01   5.46952E-02   6.51469E-01 
    4.11443E-02   2.69165E-03   0.00000E+00   1.86805E-02   4.58499E-03 
    8.59650E-01   2.90609E-02   3.78506E-02   5.01735E-02   1.62671E-01 
    2.12057E-01   6.25272E-01
   9.63000E+02   3.01521E-04   2.83188E-03   9.12015E-01   8.77426E-03 
    1.49628E-02   6.11147E-02   2.50000E-01   5.40114E-02   6.48403E-01 
    4.46743E-02   2.91124E-03   0.00000E+00   1.77164E-02   4.25729E-03 
    8.54002E-01   3.15969E-02   4.31011E-02   4.93267E-02   2.71605E-01 
    2.22847E-01   5.05548E-01
   9.53000E+02   2.65972E-04   2.66028E-03   9.12149E-01   8.81805E-03 
    1.60285E-02   6.00780E-02   2.50000E-01   5.35370E-02   6.45101E-01 
    4.82230E-02   3.13864E-03   0.00000E+00   1.67259E-02   3.95543E-03 
    8.47349E-01   3.42621E-02   4.90150E-02   4.86925E-02   3.60760E-01 
    2.31326E-01   4.07914E-01
   9.43000E+02   2.33699E-04   2.50610E-03   9.12053E-01   8.82347E-03 
    1.70915E-02   5.92922E-02   2.50000E-01   5.32304E-02   6.41683E-01 
    5.17180E-02   3.36846E-03   0.00000E+00   1.57224E-02   3.67462E-03 
    8.39780E-01   3.70262E-02   5.55942E-02   4.82021E-02   4.32897E-01 
    2.37892E-01   3.29211E-01
   9.33000E+02   2.04664E-04   2.36526E-03   9.11822E-01   8.78331E-03 
    1.81306E-02   5.86937E-02   2.50000E-01   5.30549E-02   6.38239E-01 
    5.51093E-02   3.59648E-03   0.00000E+00   1.47168E-02   3.41098E-03 
    8.31341E-01   3.98762E-02   6.28538E-02   4.78007E-02   4.90929E-01 
    2.42931E-01   2.66139E-01
   9.23000E+02   1.78726E-04   2.23473E-03   9.11527E-01   8.69561E-03 
    1.91295E-02   5.82344E-02   2.50000E-01   5.29804E-02   6.34837E-01 
    5.83631E-02   3.81923E-03   0.00000E+00   1.37175E-02   3.16168E-03 
    8.22042E-01   4.28121E-02   7.08205E-02   4.74464E-02   5.37493E-01 
    2.46779E-01   2.15728E-01
   9.13000E+02   1.55682E-04   2.11231E-03   9.11217E-01   8.56167E-03 
    2.00750E-02   5.78787E-02   2.50000E-01   5.29833E-02   6.31526E-01 
    6.14573E-02   4.03387E-03   0.00000E+00   1.27311E-02   2.92476E-03 
    8.11861E-01   4.58448E-02   7.95297E-02   4.71085E-02   5.74816E-01 
    2.49706E-01   1.75478E-01
   9.03000E+02   1.35300E-04   1.99643E-03   9.10926E-01   8.38480E-03 
    2.09568E-02   5.76007E-02   2.50000E-01   5.30449E-02   6.28339E-01 
    6.43781E-02   4.23796E-03   0.00000E+00   1.17630E-02   2.69899E-03 
    8.00758E-01   4.89928E-02   8.90231E-02   4.67646E-02   6.04718E-01 
    2.51928E-01   1.43354E-01
   8.93000E+02   1.17335E-04   1.88598E-03   9.10679E-01   8.16942E-03 
    2.17661E-02   5.73817E-02   2.50000E-01   5.31508E-02   6.25302E-01 
    6.71179E-02   4.42937E-03   0.00000E+00   1.08178E-02   2.48364E-03 
    7.88673E-01   5.22806E-02   9.93460E-02   4.63989E-02   6.28664E-01 
    2.53611E-01   1.17725E-01
   8.83000E+02   1.01550E-04   1.78017E-03   9.10494E-01   7.92053E-03 
    2.24962E-02   5.72078E-02   2.50000E-01   5.32899E-02   6.22431E-01 
    6.96733E-02   4.60630E-03   0.00000E+00   9.89999E-03   2.27844E-03 
    7.75542E-01   5.57364E-02   1.10542E-01   4.60006E-02   6.47825E-01 
    2.54884E-01   9.72910E-02
   8.73000E+02   8.77137E-05   1.67844E-03   9.10380E-01   7.64331E-03 
    2.31416E-02   5.70693E-02   2.50000E-01   5.34534E-02   6.19735E-01 
    7.20441E-02   4.76719E-03   0.00000E+00   9.01425E-03   2.08338E-03 
    7.61302E-01   5.93891E-02   1.22648E-01   4.55629E-02   6.63135E-01 
    2.55846E-01   8.10186E-02
   8.63000E+02   7.56136E-05   1.58042E-03   9.10344E-01   7.34294E-03 
    2.36985E-02   5.69587E-02   2.50000E-01   5.36343E-02   6.17222E-01 
    7.42327E-02   4.91080E-03   0.00000E+00   8.16562E-03   1.89874E-03 
    7.45907E-01   6.32646E-02   1.35681E-01   4.50828E-02   6.75343E-01 
    2.56572E-01   6.80847E-02
   8.53000E+02   6.50529E-05   1.48586E-03   9.10389E-01   7.02440E-03 
    2.41649E-02   5.68705E-02   2.50000E-01   5.38272E-02   6.14894E-01 
    7.62431E-02   5.03622E-03   0.00000E+00   7.35970E-03   1.72494E-03 
    7.29347E-01   6.73799E-02   1.49628E-01   4.45609E-02   6.85048E-01 
    2.57120E-01   5.78327E-02
   8.43000E+02   5.58530E-05   1.39460E-03   9.10516E-01   6.69245E-03 
    2.45403E-02   5.68006E-02   2.50000E-01   5.40278E-02   6.12748E-01 
    7.80810E-02   5.14288E-03   0.00000E+00   6.60245E-03   1.56248E-03 
    7.11668E-01   7.17370E-02   1.64428E-01   4.40022E-02   6.92731E-01 
    2.57532E-01   4.97369E-02
   8.33000E+02   4.78525E-05   1.30655E-03   9.10722E-01   6.35154E-03 
    2.48260E-02   5.67458E-02   2.50000E-01   5.42324E-02   6.10783E-01 
    7.97535E-02   5.23063E-03   0.00000E+00   5.89976E-03   1.41188E-03 
    6.92996E-01   7.63157E-02   1.79960E-01   4.34160E-02   6.98782E-01 
    2.57843E-01   4.33747E-02
   8.23000E+02   4.09070E-05   1.22166E-03   9.11003E-01   6.00576E-03 
    2.50252E-02   5.67033E-02   2.50000E-01   5.44383E-02   6.08993E-01 
    8.12690E-02   5.29970E-03   0.00000E+00   5.25663E-03   1.27349E-03 
    6.73543E-01   8.10702E-02   1.96041E-01   4.28156E-02   7.03517E-01 
    2.58078E-01   3.84052E-02
   8.13000E+02   3.48875E-05   1.13993E-03   9.11353E-01   5.65887E-03 
    2.51425E-02   5.66711E-02   2.50000E-01   5.46431E-02   6.07369E-01 
    8.26369E-02   5.35069E-03   0.00000E+00   4.67620E-03   1.14743E-03 
    6.53594E-01   8.59309E-02   2.12434E-01   4.22172E-02   7.07193E-01 
    2.58255E-01   3.45516E-02
   8.03000E+02   2.96796E-05   1.06137E-03   9.11764E-01   5.31417E-03 
    2.51838E-02   5.66474E-02   2.50000E-01   5.48450E-02   6.05903E-01 
    8.38675E-02   5.38450E-03   0.00000E+00   4.15904E-03   1.03344E-03 
    6.33473E-01   9.08134E-02   2.28883E-01   4.16376E-02   7.10021E-01 
    2.58390E-01   3.15883E-02
   7.93000E+02   2.51821E-05   9.85986E-04   9.12228E-01   4.97454E-03 
    2.51557E-02   5.66305E-02   2.50000E-01   5.50425E-02   6.04584E-01 
    8.49712E-02   5.40224E-03   0.00000E+00   3.70299E-03   9.30936E-04 
    6.13496E-01   9.56317E-02   2.45147E-01   4.10918E-02   7.12174E-01 
    2.58494E-01   2.93322E-02
   7.83000E+02   2.13055E-05   9.13818E-04   9.12738E-01   4.64237E-03 
    2.50650E-02   5.66193E-02   2.50000E-01   5.52345E-02   6.03402E-01 
    8.59583E-02   5.40511E-03   0.00000E+00   3.30362E-03   8.39041E-04 
    5.93924E-01   1.00311E-01   2.61031E-01   4.05916E-02   7.13791E-01 
    2.58574E-01   2.76352E-02
   7.73000E+02   1.79712E-05   8.44882E-04   9.13287E-01   4.31960E-03 
    2.49182E-02   5.66126E-02   2.50000E-01   5.54199E-02   6.02348E-01 
    8.68382E-02   5.39433E-03   0.00000E+00   2.95509E-03   7.56731E-04 
    5.74948E-01   1.04795E-01   2.76401E-01   4.01445E-02   7.14984E-01 
    2.58637E-01   2.63788E-02
   7.63000E+02   1.51100E-05   7.79193E-04   9.13867E-01   4.00775E-03 
    2.47214E-02   5.66095E-02   2.50000E-01   5.55981E-02   6.01411E-01 
    8.76196E-02   5.37104E-03   0.00000E+00   2.65106E-03   6.82944E-04 
    5.56684E-01   1.09047E-01   2.91180E-01   3.97545E-02   7.15843E-01 
    2.58687E-01   2.54699E-02
   7.53000E+02   1.26607E-05   7.16756E-04   9.14473E-01   3.70798E-03 
    2.44801E-02   5.66093E-02   2.50000E-01   5.57686E-02   6.00585E-01 
    8.83101E-02   5.33629E-03   0.00000E+00   2.38534E-03   6.16668E-04 
    5.39185E-01   1.13050E-01   3.05341E-01   3.94227E-02   7.16437E-01 
    2.58727E-01   2.48355E-02
   7.43000E+02   1.05699E-05   6.57566E-04   9.15101E-01   3.42113E-03 
    2.41989E-02   5.66112E-02   2.50000E-01   5.59311E-02   5.99861E-01 
    8.89168E-02   5.29098E-03   0.00000E+00   2.15212E-03   5.56958E-04 
    5.22456E-01   1.16793E-01   3.18893E-01   3.91486E-02   7.16821E-01 
    2.58760E-01   2.44190E-02
   7.33000E+02   8.79033E-06   6.01606E-04   9.15745E-01   3.14775E-03 
    2.38819E-02   5.66148E-02   2.50000E-01   5.60853E-02   5.99234E-01 
    8.94451E-02   5.23592E-03   0.00000E+00   1.94668E-03   5.03054E-04 
    5.06481E-01   1.20285E-01   3.31854E-01   3.89299E-02   7.17036E-01 
    2.58787E-01   2.41770E-02
   7.23000E+02   7.28047E-06   5.48846E-04   9.16403E-01   2.88822E-03 
    2.35325E-02   5.66197E-02   2.50000E-01   5.62311E-02   5.98697E-01 
    8.99005E-02   5.17181E-03   0.00000E+00   1.76478E-03   4.54256E-04 
    4.91220E-01   1.23532E-01   3.44265E-01   3.87643E-02   7.17115E-01 
    2.58809E-01   2.40756E-02
   7.13000E+02   6.00383E-06   4.99247E-04   9.17073E-01   2.64272E-03 
    2.31537E-02   5.66254E-02   2.50000E-01   5.63685E-02   5.98244E-01 
    9.02877E-02   5.09924E-03   0.00000E+00   1.60291E-03   4.09982E-04 
    4.76626E-01   1.26546E-01   3.56165E-01   3.86494E-02   7.17083E-01 
    2.58829E-01   2.40884E-02
   7.03000E+02   4.92836E-06   4.52756E-04   9.17752E-01   2.41128E-03 
    2.27479E-02   5.66316E-02   2.50000E-01   5.64976E-02   5.97873E-01 
    9.06110E-02   5.01874E-03   0.00000E+00   1.45818E-03   3.69740E-04 
    4.62650E-01   1.29341E-01   3.67598E-01   3.85826E-02   7.16960E-01 
    2.58845E-01   2.41949E-02
   6.93000E+02   4.02592E-06   4.09309E-04   9.18438E-01   2.19382E-03 
    2.23172E-02   5.66381E-02   2.50000E-01   5.66183E-02   5.97577E-01 
    9.08743E-02   4.93076E-03   0.00000E+00   1.32819E-03   3.33112E-04 
    4.49242E-01   1.31930E-01   3.78605E-01   3.85616E-02   7.16762E-01 
    2.58859E-01   2.43787E-02
   6.83000E+02   3.27184E-06   3.68834E-04   9.19130E-01   1.99016E-03 
    2.18636E-02   5.66445E-02   2.50000E-01   5.67309E-02   5.97352E-01 
    9.10815E-02   4.83573E-03   0.00000E+00   1.21094E-03   2.99739E-04 
    4.36356E-01   1.34327E-01   3.89223E-01   3.85842E-02   7.16502E-01 
    2.58872E-01   2.46267E-02
   6.73000E+02   2.64459E-06   3.31248E-04   9.19827E-01   1.80004E-03 
    2.13885E-02   5.66508E-02   2.50000E-01   5.68355E-02   5.97195E-01 
    9.12359E-02   4.73400E-03   0.00000E+00   1.10479E-03   2.69315E-04 
    4.23947E-01   1.36544E-01   3.99487E-01   3.86485E-02   7.16189E-01 
    2.58883E-01   2.49286E-02
