
 Phase Region for:
     CEMENTITE                     
     FCC_A1#1                      
 col-1=T, col-2=W(CEMENTITE,C), col-3=W(CEMENTITE,CR), col-4=W(CEMENTITE,FE),
   col-5=W(CEMENTITE,MN), col-6=W(CEMENTITE,NI), col-7=W(CEMENTITE,SI),
   col-8=W(FCC_A1#1,C), col-9=W(FCC_A1#1,CR), col-10=W(FCC_A1#1,FE),
   col-11=W(FCC_A1#1,MN), col-12=W(FCC_A1#1,NI), col-13=W(FCC_A1#1,SI),
   col-14=NP(CEMENTITE), col-15=NP(FCC_A1#1),
   1.17300E+03   6.75344E-02   1.22745E-01   7.67924E-01   3.85126E-02 
    3.28354E-03   0.00000E+00   8.27754E-03   1.81320E-02   8.94341E-01 
    2.89107E-02   2.49593E-02   2.53794E-02   1.32108E-01   8.67892E-01
   1.18300E+03   6.75329E-02   1.22537E-01   7.68291E-01   3.82842E-02 
    3.35515E-03   0.00000E+00   8.56538E-03   1.86654E-02   8.93682E-01 
    2.89853E-02   2.48453E-02   2.52563E-02   1.27069E-01   8.72931E-01
   1.19300E+03   6.75314E-02   1.22330E-01   7.68648E-01   3.80629E-02 
    3.42721E-03   0.00000E+00   8.85896E-03   1.92064E-02   8.93017E-01 
    2.90574E-02   2.47299E-02   2.51306E-02   1.21879E-01   8.78121E-01
   1.20300E+03   6.75299E-02   1.22127E-01   7.68995E-01   3.78487E-02 
    3.49971E-03   0.00000E+00   9.15833E-03   1.97549E-02   8.92344E-01 
    2.91272E-02   2.46132E-02   2.50024E-02   1.16532E-01   8.83468E-01
   1.21300E+03   6.75284E-02   1.21926E-01   7.69331E-01   3.76414E-02 
    3.57263E-03   0.00000E+00   9.46352E-03   2.03110E-02   8.91664E-01 
    2.91946E-02   2.44952E-02   2.48718E-02   1.11025E-01   8.88975E-01
   1.22300E+03   6.75270E-02   1.21730E-01   7.69657E-01   3.74408E-02 
    3.64596E-03   0.00000E+00   9.77458E-03   2.08747E-02   8.90976E-01 
    2.92598E-02   2.43759E-02   2.47386E-02   1.05352E-01   8.94648E-01
   1.23300E+03   6.75256E-02   1.21537E-01   7.69971E-01   3.72468E-02 
    3.71969E-03   0.00000E+00   1.00915E-02   2.14460E-02   8.90282E-01 
    2.93228E-02   2.42553E-02   2.46029E-02   9.95083E-02   9.00492E-01
   1.24300E+03   6.75242E-02   1.21348E-01   7.70274E-01   3.70594E-02 
    3.79380E-03   0.00000E+00   1.04145E-02   2.20250E-02   8.89579E-01 
    2.93837E-02   2.41334E-02   2.44646E-02   9.34878E-02   9.06512E-01
   1.25300E+03   6.75229E-02   1.21164E-01   7.70566E-01   3.68783E-02 
    3.86828E-03   0.00000E+00   1.07434E-02   2.26117E-02   8.88868E-01 
    2.94426E-02   2.40102E-02   2.43237E-02   8.72851E-02   9.12715E-01
   1.26300E+03   6.75215E-02   1.20985E-01   7.70846E-01   3.67036E-02 
    3.94311E-03   0.00000E+00   1.10783E-02   2.32063E-02   8.88150E-01 
    2.94995E-02   2.38859E-02   2.41803E-02   8.08940E-02   9.19106E-01
   1.27300E+03   6.75202E-02   1.20812E-01   7.71114E-01   3.65351E-02 
    4.01828E-03   0.00000E+00   1.14194E-02   2.38088E-02   8.87423E-01 
    2.95545E-02   2.37603E-02   2.40342E-02   7.43082E-02   9.25692E-01
   1.28300E+03   6.75190E-02   1.20645E-01   7.71370E-01   3.63728E-02 
    4.09377E-03   0.00000E+00   1.17666E-02   2.44193E-02   8.86687E-01 
    2.96077E-02   2.36335E-02   2.38855E-02   6.75207E-02   9.32479E-01
   1.29300E+03   6.75178E-02   1.20484E-01   7.71612E-01   3.62165E-02 
    4.16956E-03   0.00000E+00   1.21200E-02   2.50380E-02   8.85943E-01 
    2.96591E-02   2.35055E-02   2.37341E-02   6.05246E-02   9.39475E-01
   1.30300E+03   6.75166E-02   1.20330E-01   7.71841E-01   3.60662E-02 
    4.24565E-03   0.00000E+00   1.24797E-02   2.56650E-02   8.85190E-01 
    2.97089E-02   2.33763E-02   2.35801E-02   5.33121E-02   9.46688E-01
   1.31300E+03   6.75155E-02   1.20184E-01   7.72057E-01   3.59217E-02 
    4.32201E-03   0.00000E+00   1.28457E-02   2.63005E-02   8.84428E-01 
    2.97571E-02   2.32460E-02   2.34233E-02   4.58752E-02   9.54125E-01
   1.32300E+03   6.75144E-02   1.20046E-01   7.72258E-01   3.57832E-02 
    4.39863E-03   0.00000E+00   1.32181E-02   2.69446E-02   8.83655E-01 
    2.98038E-02   2.31145E-02   2.32637E-02   3.82056E-02   9.61794E-01
   1.33300E+03   6.75133E-02   1.19916E-01   7.72445E-01   3.56504E-02 
    4.47550E-03   0.00000E+00   1.35969E-02   2.75976E-02   8.82873E-01 
    2.98490E-02   2.29818E-02   2.31014E-02   3.02941E-02   9.69706E-01
   1.34300E+03   6.75124E-02   1.19795E-01   7.72616E-01   3.55234E-02 
    4.55259E-03   0.00000E+00   1.39823E-02   2.82598E-02   8.82081E-01 
    2.98930E-02   2.28481E-02   2.29363E-02   2.21313E-02   9.77869E-01
   1.35300E+03   6.75114E-02   1.19685E-01   7.72772E-01   3.54020E-02 
    4.62989E-03   0.00000E+00   1.43743E-02   2.89314E-02   8.81277E-01 
    2.99356E-02   2.27132E-02   2.27683E-02   1.37070E-02   9.86293E-01
   1.36300E+03   6.75105E-02   1.19584E-01   7.72911E-01   3.52863E-02 
    4.70739E-03   0.00000E+00   1.47730E-02   2.96127E-02   8.80462E-01 
    2.99771E-02   2.25772E-02   2.25975E-02   5.01046E-03   9.94990E-01
   1.36862E+03   6.75101E-02   1.19533E-01   7.72982E-01   3.52238E-02 
    4.75101E-03   0.00000E+00   1.50000E-02   3.00000E-02   8.79999E-01 
    3.00000E-02   2.25002E-02   2.25002E-02   0.00000E+00   1.00000E+00

 Phase Region for:
     FCC_A1#1                      
 col-1=T, col-2=W(FCC_A1#1,C), col-3=W(FCC_A1#1,CR), col-4=W(FCC_A1#1,FE),
   col-5=W(FCC_A1#1,MN), col-6=W(FCC_A1#1,NI), col-7=W(FCC_A1#1,SI),
   col-8=NP(FCC_A1#1),
   1.36862E+03   1.50000E-02   3.00000E-02   8.79999E-01   3.00000E-02 
    2.25002E-02   2.25002E-02   1.00000E+00
   1.37300E+03   1.50000E-02   3.00000E-02   8.79999E-01   3.00000E-02 
    2.25002E-02   2.25003E-02   1.00000E+00
   1.38300E+03   1.50000E-02   3.00000E-02   8.79999E-01   3.00000E-02 
    2.25002E-02   2.25003E-02   1.00000E+00
   1.39300E+03   1.50000E-02   3.00000E-02   8.79999E-01   3.00000E-02 
    2.25003E-02   2.25002E-02   1.00000E+00
   1.40300E+03   1.50000E-02   3.00000E-02   8.79999E-01   3.00000E-02 
    2.25002E-02   2.25002E-02   1.00000E+00
   1.41300E+03   1.50000E-02   3.00000E-02   8.79999E-01   3.00000E-02 
    2.25002E-02   2.25002E-02   1.00000E+00
   1.42300E+03   1.50000E-02   3.00000E-02   8.79999E-01   3.00000E-02 
    2.25002E-02   2.25002E-02   1.00000E+00
   1.43300E+03   1.50000E-02   3.00000E-02   8.79999E-01   3.00000E-02 
    2.25002E-02   2.25002E-02   1.00000E+00
   1.44300E+03   1.50000E-02   3.00000E-02   8.79999E-01   3.00000E-02 
    2.25002E-02   2.25002E-02   1.00000E+00
   1.45300E+03   1.50000E-02   3.00000E-02   8.79999E-01   3.00000E-02 
    2.25002E-02   2.25002E-02   1.00000E+00
   1.46300E+03   1.50000E-02   3.00000E-02   8.79999E-01   3.00000E-02 
    2.25002E-02   2.25002E-02   1.00000E+00
   1.47300E+03   1.50000E-02   3.00000E-02   8.79999E-01   3.00000E-02 
    2.25002E-02   2.25002E-02   1.00000E+00

 Phase Region for:
     CEMENTITE                     
     FCC_A1#1                      
 col-1=T, col-2=W(CEMENTITE,C), col-3=W(CEMENTITE,CR), col-4=W(CEMENTITE,FE),
   col-5=W(CEMENTITE,MN), col-6=W(CEMENTITE,NI), col-7=W(CEMENTITE,SI),
   col-8=W(FCC_A1#1,C), col-9=W(FCC_A1#1,CR), col-10=W(FCC_A1#1,FE),
   col-11=W(FCC_A1#1,MN), col-12=W(FCC_A1#1,NI), col-13=W(FCC_A1#1,SI),
   col-14=NP(CEMENTITE), col-15=NP(FCC_A1#1),
   1.17300E+03   6.75344E-02   1.22745E-01   7.67924E-01   3.85126E-02 
    3.28354E-03   0.00000E+00   8.27754E-03   1.81320E-02   8.94341E-01 
    2.89107E-02   2.49593E-02   2.53794E-02   1.32108E-01   8.67892E-01
   1.16300E+03   6.75359E-02   1.22956E-01   7.67547E-01   3.87483E-02 
    3.21241E-03   0.00000E+00   7.99541E-03   1.76062E-02   8.94993E-01 
    2.88336E-02   2.50719E-02   2.55002E-02   1.37000E-01   8.63000E-01
   1.15300E+03   6.75375E-02   1.23169E-01   7.67160E-01   3.89914E-02 
    3.14175E-03   0.00000E+00   7.71896E-03   1.70879E-02   8.95638E-01 
    2.87539E-02   2.51831E-02   2.56185E-02   1.41748E-01   8.58252E-01
   1.14300E+03   6.75390E-02   1.23383E-01   7.66764E-01   3.92422E-02 
    3.07159E-03   0.00000E+00   7.44814E-03   1.65773E-02   8.96276E-01 
    2.86716E-02   2.52929E-02   2.57344E-02   1.46357E-01   8.53643E-01
   1.13300E+03   6.75406E-02   1.23599E-01   7.66358E-01   3.95007E-02 
    3.00194E-03   0.00000E+00   7.18293E-03   1.60742E-02   8.96907E-01 
    2.85865E-02   2.54012E-02   2.58479E-02   1.50831E-01   8.49169E-01
   1.12300E+03   6.75422E-02   1.23816E-01   7.65942E-01   3.97671E-02 
    2.93281E-03   0.00000E+00   6.92329E-03   1.55788E-02   8.97532E-01 
    2.84986E-02   2.55081E-02   2.59590E-02   1.55173E-01   8.44827E-01
   1.11300E+03   6.75438E-02   1.24033E-01   7.65517E-01   4.00417E-02 
    2.86422E-03   0.00000E+00   6.66919E-03   1.50911E-02   8.98151E-01 
    2.84079E-02   2.56135E-02   2.60677E-02   1.59386E-01   8.40614E-01
   1.10300E+03   6.75454E-02   1.24251E-01   7.65083E-01   4.03246E-02 
    2.79617E-03   0.00000E+00   6.42060E-03   1.46111E-02   8.98763E-01 
    2.83142E-02   2.57175E-02   2.61740E-02   1.63475E-01   8.36525E-01
   1.09300E+03   6.75471E-02   1.24469E-01   7.64639E-01   4.06160E-02 
    2.72869E-03   0.00000E+00   6.17748E-03   1.41388E-02   8.99368E-01 
    2.82176E-02   2.58198E-02   2.62780E-02   1.67441E-01   8.32559E-01
   1.08300E+03   6.75487E-02   1.24688E-01   7.64186E-01   4.09161E-02 
    2.66178E-03   0.00000E+00   5.93980E-03   1.36744E-02   8.99968E-01 
    2.81179E-02   2.59207E-02   2.63796E-02   1.71288E-01   8.28712E-01
   1.07300E+03   6.75503E-02   1.24906E-01   7.63723E-01   4.12251E-02 
    2.59547E-03   0.00000E+00   5.70753E-03   1.32178E-02   9.00561E-01 
    2.80151E-02   2.60200E-02   2.64790E-02   1.75019E-01   8.24981E-01
   1.06300E+03   6.75520E-02   1.25124E-01   7.63252E-01   4.15432E-02 
    2.52975E-03   0.00000E+00   5.48065E-03   1.27692E-02   9.01147E-01 
    2.79090E-02   2.61177E-02   2.65760E-02   1.78636E-01   8.21364E-01
   1.05300E+03   6.75536E-02   1.25341E-01   7.62770E-01   4.18707E-02 
    2.46465E-03   0.00000E+00   5.25912E-03   1.23285E-02   9.01728E-01 
    2.77998E-02   2.62139E-02   2.66707E-02   1.82143E-01   8.17857E-01
   1.04300E+03   6.75553E-02   1.25557E-01   7.62279E-01   4.22077E-02 
    2.40018E-03   0.00000E+00   5.04291E-03   1.18957E-02   9.02303E-01 
    2.76871E-02   2.63084E-02   2.67631E-02   1.85541E-01   8.14459E-01
   1.03300E+03   6.75569E-02   1.25773E-01   7.61779E-01   4.25546E-02 
    2.33634E-03   0.00000E+00   4.83198E-03   1.14711E-02   9.02871E-01 
    2.75711E-02   2.64013E-02   2.68533E-02   1.88834E-01   8.11166E-01
   1.02300E+03   6.75586E-02   1.25988E-01   7.61269E-01   4.29116E-02 
    2.27316E-03   0.00000E+00   4.62632E-03   1.10545E-02   9.03434E-01 
    2.74516E-02   2.64925E-02   2.69412E-02   1.92024E-01   8.07976E-01
   1.01300E+03   6.75603E-02   1.26201E-01   7.60749E-01   4.32789E-02 
    2.21064E-03   0.00000E+00   4.42588E-03   1.06461E-02   9.03990E-01 
    2.73285E-02   2.65821E-02   2.70269E-02   1.95112E-01   8.04888E-01
   1.00300E+03   6.75619E-02   1.26414E-01   7.60219E-01   4.36568E-02 
    2.14880E-03   0.00000E+00   4.23064E-03   1.02459E-02   9.04541E-01 
    2.72019E-02   2.66700E-02   2.71103E-02   1.98102E-01   8.01898E-01
   9.99578E+02   6.75625E-02   1.26486E-01   7.60035E-01   4.37886E-02 
    2.12780E-03   0.00000E+00   4.16503E-03   1.01109E-02   9.04728E-01 
    2.71577E-02   2.66997E-02   2.71383E-02   1.99102E-01   8.00898E-01

 Phase Region for:
     BCC_A2                        
     CEMENTITE                     
     FCC_A1#1                      
 col-1=T, col-2=W(BCC_A2,C), col-3=W(BCC_A2,CR), col-4=W(BCC_A2,FE),
   col-5=W(BCC_A2,MN), col-6=W(BCC_A2,NI), col-7=W(BCC_A2,SI),
   col-8=W(CEMENTITE,C), col-9=W(CEMENTITE,CR), col-10=W(CEMENTITE,FE),
   col-11=W(CEMENTITE,MN), col-12=W(CEMENTITE,NI), col-13=W(CEMENTITE,SI),
   col-14=W(FCC_A1#1,C), col-15=W(FCC_A1#1,CR), col-16=W(FCC_A1#1,FE),
   col-17=W(FCC_A1#1,MN), col-18=W(FCC_A1#1,NI), col-19=W(FCC_A1#1,SI),
   col-20=NP(BCC_A2), col-21=NP(CEMENTITE), col-22=NP(FCC_A1#1),
   9.99578E+02   8.94345E-05   6.82637E-03   9.38939E-01   9.83268E-03 
    1.09786E-02   3.33344E-02   6.75625E-02   1.26486E-01   7.60035E-01 
    4.37887E-02   2.12780E-03   0.00000E+00   4.16503E-03   1.01109E-02 
    9.04728E-01   2.71577E-02   2.66998E-02   2.71383E-02   1.59573E-06 
    1.99103E-01   8.00896E-01
   9.93000E+02   8.29633E-05   6.53432E-03   9.39001E-01   1.00778E-02 
    1.16279E-02   3.26761E-02   6.75587E-02   1.25169E-01   7.58391E-01 
    4.66282E-02   2.25274E-03   0.00000E+00   4.04591E-03   9.65278E-03 
    9.01805E-01   2.87322E-02   2.91226E-02   2.66418E-02   9.92881E-02 
    2.08452E-01   6.92259E-01
   9.83000E+02   7.36766E-05   6.13241E-03   9.38887E-01   1.04001E-02 
    1.26627E-02   3.18445E-02   6.75553E-02   1.23617E-01   7.55305E-01 
    5.10678E-02   2.45510E-03   0.00000E+00   3.85612E-03   9.00879E-03 
    8.96600E-01   3.12410E-02   3.32613E-02   2.60329E-02   2.29104E-01 
    2.20354E-01   5.50542E-01
   9.73000E+02   6.51313E-05   5.76112E-03   9.38773E-01   1.05440E-02 
    1.36932E-02   3.11631E-02   6.75544E-02   1.22561E-01   7.51557E-01 
    5.56570E-02   2.67077E-03   0.00000E+00   3.65698E-03   8.41855E-03 
    8.90423E-01   3.39100E-02   3.79964E-02   2.55946E-02   3.35417E-01 
    2.29760E-01   4.34823E-01
   9.63000E+02   5.73093E-05   5.42625E-03   9.38502E-01   1.06208E-02 
    1.47540E-02   3.06393E-02   6.75556E-02   1.21900E-01   7.47305E-01 
    6.03406E-02   2.89856E-03   0.00000E+00   3.45180E-03   7.86885E-03 
    8.83276E-01   3.67285E-02   4.34002E-02   2.52744E-02   4.22042E-01 
    2.37101E-01   3.40857E-01
   9.53000E+02   5.02180E-05   5.12404E-03   9.38082E-01   1.06584E-02 
    1.58386E-02   3.02470E-02   6.75583E-02   1.21555E-01   7.42759E-01 
    6.49943E-02   3.13313E-03   0.00000E+00   3.24412E-03   7.35171E-03 
    8.75256E-01   3.96419E-02   4.94795E-02   2.50269E-02   4.91655E-01 
    2.42721E-01   2.65624E-01
   9.43000E+02   4.38513E-05   4.84668E-03   9.37590E-01   1.06435E-02 
    1.69237E-02   2.99519E-02   6.75621E-02   1.21459E-01   7.38071E-01 
    6.95383E-02   3.37000E-03   0.00000E+00   3.03647E-03   6.86105E-03 
    8.66406E-01   4.26243E-02   5.62505E-02   2.48222E-02   5.47042E-01 
    2.46963E-01   2.05995E-01
   9.33000E+02   3.81787E-05   4.58837E-03   9.37084E-01   1.05710E-02 
    1.79906E-02   2.97281E-02   6.75666E-02   1.21554E-01   7.33356E-01 
    7.39176E-02   3.60544E-03   0.00000E+00   2.83079E-03   6.39233E-03 
    8.56732E-01   4.56670E-02   6.37395E-02   2.46380E-02   5.90836E-01 
    2.50132E-01   1.59032E-01
   9.23000E+02   3.31550E-05   4.34494E-03   9.36601E-01   1.04405E-02 
    1.90233E-02   2.95566E-02   6.75717E-02   1.21796E-01   7.28700E-01 
    7.80959E-02   3.83622E-03   0.00000E+00   2.62854E-03   5.94244E-03 
    8.46215E-01   4.87750E-02   7.19818E-02   2.44575E-02   6.25304E-01 
    2.52479E-01   1.22217E-01
   9.13000E+02   2.87271E-05   4.11342E-03   9.36170E-01   1.02554E-02 
    2.00086E-02   2.94238E-02   6.75771E-02   1.22147E-01   7.24166E-01 
    8.20507E-02   4.05948E-03   0.00000E+00   2.43081E-03   5.50949E-03 
    8.34808E-01   5.19633E-02   8.10193E-02   2.42688E-02   6.52318E-01 
    2.54205E-01   9.34770E-02
   9.03000E+02   2.48392E-05   3.89174E-03   9.35809E-01   1.00205E-02 
    2.09346E-02   2.93198E-02   6.75827E-02   1.22579E-01   7.19796E-01 
    8.57692E-02   4.27260E-03   0.00000E+00   2.23846E-03   5.09251E-03 
    8.22452E-01   5.52552E-02   9.08987E-02   2.40635E-02   6.73391E-01 
    2.55465E-01   7.11436E-02
   8.93000E+02   2.14362E-05   3.67847E-03   9.35529E-01   9.74183E-03 
    2.17914E-02   2.92377E-02   6.75883E-02   1.23070E-01   7.15622E-01 
    8.92464E-02   4.47323E-03   0.00000E+00   2.05220E-03   4.69129E-03 
    8.09072E-01   5.86797E-02   1.01669E-01   2.38359E-02   6.89738E-01 
    2.56377E-01   5.38853E-02
   8.83000E+02   1.84653E-05   3.47266E-03   9.35340E-01   9.42583E-03 
    2.25702E-02   2.91725E-02   6.75939E-02   1.23601E-01   7.11663E-01 
    9.24824E-02   4.65926E-03   0.00000E+00   1.87270E-03   4.30613E-03 
    7.94590E-01   6.22696E-02   1.13379E-01   2.35822E-02   7.02326E-01 
    2.57032E-01   4.06422E-02
   8.73000E+02   1.58774E-05   3.27366E-03   9.35247E-01   9.07895E-03 
    2.32641E-02   2.91206E-02   6.75994E-02   1.24160E-01   7.07931E-01 
    9.54814E-02   4.82886E-03   0.00000E+00   1.70068E-03   3.93778E-03 
    7.78936E-01   6.60586E-02   1.26067E-01   2.33003E-02   7.11932E-01 
    2.57498E-01   3.05704E-02
   8.63000E+02   1.36277E-05   3.08109E-03   9.35250E-01   8.70745E-03 
    2.38678E-02   2.90795E-02   6.76049E-02   1.24735E-01   7.04430E-01 
    9.82502E-02   4.98051E-03   0.00000E+00   1.53691E-03   3.58733E-03 
    7.62056E-01   7.00767E-02   1.39753E-01   2.29899E-02   7.19177E-01 
    2.57826E-01   2.29962E-02
   8.53000E+02   1.16753E-05   2.89473E-03   9.35351E-01   8.31727E-03 
    2.43777E-02   2.90474E-02   6.76101E-02   1.25317E-01   7.01162E-01 
    1.00798E-01   5.11306E-03   0.00000E+00   1.38226E-03   3.25608E-03 
    7.43938E-01   7.43445E-02   1.54426E-01   2.26526E-02   7.24564E-01 
    2.58056E-01   1.73802E-02
   8.43000E+02   9.98380E-06   2.71446E-03   9.35547E-01   7.91390E-03 
    2.47925E-02   2.90226E-02   6.76152E-02   1.25900E-01   6.98124E-01 
    1.03135E-01   5.22580E-03   0.00000E+00   1.23769E-03   2.94546E-03 
    7.24637E-01   7.88656E-02   1.70022E-01   2.22920E-02   7.28496E-01 
    2.58215E-01   1.32894E-02
   8.33000E+02   8.52060E-06   2.54027E-03   9.35832E-01   7.50241E-03 
    2.51128E-02   2.90041E-02   6.76202E-02   1.26478E-01   6.95312E-01 
    1.05272E-01   5.31847E-03   0.00000E+00   1.10418E-03   2.65686E-03 
    7.04297E-01   8.36190E-02   1.86409E-01   2.19143E-02   7.31299E-01 
    2.58324E-01   1.03764E-02
   8.23000E+02   7.25683E-06   2.37219E-03   9.36201E-01   7.08737E-03 
    2.53415E-02   2.89908E-02   6.76249E-02   1.27046E-01   6.92717E-01 
    1.07222E-01   5.39127E-03   0.00000E+00   9.82520E-04   2.39134E-03 
    6.83161E-01   8.85539E-02   2.03383E-01   2.15281E-02   7.33237E-01 
    2.58400E-01   8.36325E-03
   8.13000E+02   6.16697E-06   2.21031E-03   9.36645E-01   6.67284E-03 
    2.54834E-02   2.89821E-02   6.76295E-02   1.27600E-01   6.90329E-01 
    1.08996E-01   5.44490E-03   0.00000E+00   8.73199E-04   2.14944E-03 
    6.61561E-01   9.35920E-02   2.20681E-01   2.11437E-02   7.34518E-01 
    2.58452E-01   7.02966E-03
   8.03000E+02   5.22859E-06   2.05470E-03   9.37156E-01   6.26237E-03 
    2.55448E-02   2.89771E-02   6.76338E-02   1.28138E-01   6.88140E-01 
    1.10607E-01   5.48038E-03   0.00000E+00   7.76212E-04   1.93089E-03 
    6.39868E-01   9.86381E-02   2.38015E-01   2.07715E-02   7.35308E-01 
    2.58488E-01   6.20381E-03
   7.93000E+02   4.42198E-06   1.90547E-03   9.37723E-01   5.85899E-03 
    2.55332E-02   2.89752E-02   6.76379E-02   1.28659E-01   6.86137E-01 
    1.12067E-01   5.49903E-03   0.00000E+00   6.91040E-04   1.73469E-03 
    6.18441E-01   1.03596E-01   2.55117E-01   2.04209E-02   7.35731E-01 
    2.58514E-01   5.75421E-03
   7.83000E+02   3.72988E-06   1.76271E-03   9.38336E-01   5.46520E-03 
    2.54560E-02   2.89759E-02   6.76418E-02   1.29159E-01   6.84311E-01 
    1.13387E-01   5.50224E-03   0.00000E+00   6.16736E-04   1.55917E-03 
    5.97569E-01   1.08383E-01   2.71773E-01   2.00987E-02   7.35884E-01 
    2.58533E-01   5.58227E-03
   7.73000E+02   3.13719E-06   1.62647E-03   9.38988E-01   5.08304E-03 
    2.53207E-02   2.89786E-02   6.76456E-02   1.29638E-01   6.82650E-01 
    1.14575E-01   5.49142E-03   0.00000E+00   5.52103E-04   1.40236E-03 
    5.77455E-01   1.12940E-01   2.87842E-01   1.98094E-02   7.35837E-01 
    2.58547E-01   5.61530E-03
   7.63000E+02   2.63071E-06   1.49681E-03   9.39669E-01   4.71410E-03 
    2.51341E-02   2.89830E-02   6.76491E-02   1.30095E-01   6.81146E-01 
    1.15642E-01   5.46786E-03   0.00000E+00   4.95867E-04   1.26214E-03 
    5.58211E-01   1.17228E-01   3.03248E-01   1.95549E-02   7.35641E-01 
    2.58558E-01   5.80035E-03
   7.53000E+02   2.19890E-06   1.37375E-03   9.40374E-01   4.35961E-03 
    2.49020E-02   2.89887E-02   6.76524E-02   1.30529E-01   6.79791E-01 
    1.16594E-01   5.43273E-03   0.00000E+00   4.46808E-04   1.13651E-03 
    5.39881E-01   1.21231E-01   3.17968E-01   1.93354E-02   7.35334E-01 
    2.58567E-01   6.09902E-03
   7.43000E+02   1.83168E-06   1.25729E-03   9.41095E-01   4.02046E-03 
    2.46295E-02   2.89955E-02   6.76555E-02   1.30941E-01   6.78576E-01 
    1.17440E-01   5.38704E-03   0.00000E+00   4.03831E-04   1.02367E-03 
    5.22458E-01   1.24948E-01   3.32017E-01   1.91501E-02   7.34943E-01 
    2.58574E-01   6.48343E-03
   7.33000E+02   1.52024E-06   1.14739E-03   9.41830E-01   3.69728E-03 
    2.43211E-02   2.90030E-02   6.76585E-02   1.31330E-01   6.77495E-01 
    1.18185E-01   5.33166E-03   0.00000E+00   3.65993E-04   9.22058E-04 
    5.05903E-01   1.28383E-01   3.45428E-01   1.89974E-02   7.34488E-01 
    2.58579E-01   6.93326E-03
   7.23000E+02   1.25688E-06   1.04399E-03   9.42573E-01   3.39046E-03 
    2.39803E-02   2.90111E-02   6.76612E-02   1.31696E-01   6.76541E-01 
    1.18834E-01   5.26730E-03   0.00000E+00   3.32484E-04   8.30286E-04 
    4.90161E-01   1.31550E-01   3.58251E-01   1.88758E-02   7.33983E-01 
    2.58584E-01   7.43353E-03
   7.13000E+02   1.03488E-06   9.46998E-04   9.43322E-01   3.10023E-03 
    2.36102E-02   2.90197E-02   6.76638E-02   1.32040E-01   6.75708E-01 
    1.19393E-01   5.19458E-03   0.00000E+00   3.02665E-04   7.47257E-04 
    4.75174E-01   1.34463E-01   3.70529E-01   1.87833E-02   7.33439E-01 
    2.58588E-01   7.97318E-03
   7.03000E+02   8.48390E-07   8.56308E-04   9.44075E-01   2.82662E-03 
    2.32132E-02   2.90285E-02   6.76661E-02   1.32361E-01   6.74991E-01 
    1.19867E-01   5.11404E-03   0.00000E+00   2.75987E-04   6.71995E-04 
    4.60879E-01   1.37140E-01   3.82315E-01   1.87184E-02   7.32865E-01 
    2.58591E-01   8.54382E-03
   6.93000E+02   6.92296E-07   7.71779E-04   9.44829E-01   2.56955E-03 
    2.27914E-02   2.90375E-02   6.76683E-02   1.32661E-01   6.74384E-01 
    1.20261E-01   5.02611E-03   0.00000E+00   2.52001E-04   6.03681E-04 
    4.47215E-01   1.39596E-01   3.93654E-01   1.86796E-02   7.32266E-01 
    2.58594E-01   9.13910E-03
   6.83000E+02   5.62158E-07   6.93251E-04   9.45584E-01   2.32883E-03 
    2.23467E-02   2.90466E-02   6.76704E-02   1.32939E-01   6.73882E-01 
    1.20578E-01   4.93118E-03   0.00000E+00   2.30339E-04   5.41618E-04 
    4.34127E-01   1.41847E-01   4.04589E-01   1.86654E-02   7.31649E-01 
    2.58597E-01   9.75410E-03
   6.73000E+02   4.54114E-07   6.20544E-04   9.46339E-01   2.10417E-03 
    2.18805E-02   2.90555E-02   6.76723E-02   1.33196E-01   6.73480E-01 
    1.20822E-01   4.82960E-03   0.00000E+00   2.10697E-04   4.85205E-04 
    4.21562E-01   1.43907E-01   4.15160E-01   1.86747E-02   7.31015E-01 
    2.58600E-01   1.03849E-02
