
 Phase Region for:
     CEMENTITE                     
     FCC_A1#1                      
 col-1=T, col-2=X(CEMENTITE,C), col-3=X(CEMENTITE,CR), col-4=X(CEMENTITE,FE),
   col-5=X(CEMENTITE,MN), col-6=X(CEMENTITE,NI), col-7=X(CEMENTITE,SI),
   col-8=X(FCC_A1#1,C), col-9=X(FCC_A1#1,CR), col-10=X(FCC_A1#1,FE),
   col-11=X(FCC_A1#1,MN), col-12=X(FCC_A1#1,NI), col-13=X(FCC_A1#1,SI),
   col-14=NP(CEMENTITE), col-15=NP(FCC_A1#1),
   1.17300E+03   2.50000E-01   1.66076E-01   5.52945E-01   2.72004E-02 
    3.77880E-03   0.00000E+00   2.90808E-02   2.73823E-02   8.11735E-01 
    2.82238E-02   3.83217E-02   6.52559E-02   1.58858E-01   8.41142E-01
   1.18300E+03   2.50000E-01   1.65691E-01   5.53405E-01   2.70377E-02 
    3.86664E-03   0.00000E+00   3.01854E-02   2.81463E-02   8.10357E-01 
    2.82484E-02   3.81330E-02   6.49297E-02   1.54631E-01   8.45369E-01
   1.19300E+03   2.50000E-01   1.65315E-01   5.53850E-01   2.68804E-02 
    3.95514E-03   0.00000E+00   3.13150E-02   2.89195E-02   8.08958E-01 
    2.82700E-02   3.79412E-02   6.45960E-02   1.50265E-01   8.49735E-01
   1.20300E+03   2.50000E-01   1.64950E-01   5.54278E-01   2.67283E-02 
    4.04428E-03   0.00000E+00   3.24695E-02   2.97019E-02   8.07538E-01 
    2.82886E-02   3.77466E-02   6.42550E-02   1.45755E-01   8.54245E-01
   1.21300E+03   2.50000E-01   1.64595E-01   5.54689E-01   2.65813E-02 
    4.13403E-03   0.00000E+00   3.36492E-02   3.04936E-02   8.06097E-01 
    2.83043E-02   3.75491E-02   6.39065E-02   1.41097E-01   8.58903E-01
   1.22300E+03   2.50000E-01   1.64253E-01   5.55084E-01   2.64393E-02 
    4.22437E-03   0.00000E+00   3.48542E-02   3.12946E-02   8.04635E-01 
    2.83171E-02   3.73487E-02   6.35506E-02   1.36286E-01   8.63714E-01
   1.23300E+03   2.50000E-01   1.63922E-01   5.55461E-01   2.63022E-02 
    4.31529E-03   0.00000E+00   3.60845E-02   3.21049E-02   8.03151E-01 
    2.83271E-02   3.71456E-02   6.31872E-02   1.31319E-01   8.68681E-01
   1.24300E+03   2.50000E-01   1.63604E-01   5.55820E-01   2.61698E-02 
    4.40675E-03   0.00000E+00   3.73401E-02   3.29246E-02   8.01645E-01 
    2.83344E-02   3.69396E-02   6.28163E-02   1.26190E-01   8.73810E-01
   1.25300E+03   2.50000E-01   1.63299E-01   5.56160E-01   2.60421E-02 
    4.49873E-03   0.00000E+00   3.86213E-02   3.37538E-02   8.00117E-01 
    2.83389E-02   3.67310E-02   6.24378E-02   1.20893E-01   8.79107E-01
   1.26300E+03   2.50000E-01   1.63008E-01   5.56482E-01   2.59189E-02 
    4.59121E-03   0.00000E+00   3.99281E-02   3.45926E-02   7.98567E-01 
    2.83408E-02   3.65196E-02   6.20518E-02   1.15425E-01   8.84575E-01
   1.27300E+03   2.50000E-01   1.62732E-01   5.56784E-01   2.58002E-02 
    4.68416E-03   0.00000E+00   4.12606E-02   3.54412E-02   7.96994E-01 
    2.83400E-02   3.63057E-02   6.16582E-02   1.09778E-01   8.90222E-01
   1.28300E+03   2.50000E-01   1.62470E-01   5.57066E-01   2.56859E-02 
    4.77756E-03   0.00000E+00   4.26188E-02   3.62998E-02   7.95399E-01 
    2.83368E-02   3.60891E-02   6.12570E-02   1.03948E-01   8.96052E-01
   1.29300E+03   2.50000E-01   1.62225E-01   5.57328E-01   2.55758E-02 
    4.87139E-03   0.00000E+00   4.40028E-02   3.71684E-02   7.93780E-01 
    2.83310E-02   3.58699E-02   6.08482E-02   9.79276E-02   9.02072E-01
   1.30300E+03   2.50000E-01   1.61996E-01   5.57568E-01   2.54700E-02 
    4.96561E-03   0.00000E+00   4.54127E-02   3.80474E-02   7.92137E-01 
    2.83228E-02   3.56483E-02   6.04318E-02   9.17110E-02   9.08289E-01
   1.31300E+03   2.50000E-01   1.61785E-01   5.57786E-01   2.53684E-02 
    5.06021E-03   0.00000E+00   4.68486E-02   3.89370E-02   7.90470E-01 
    2.83123E-02   3.54241E-02   6.00076E-02   8.52913E-02   9.14709E-01
   1.32300E+03   2.50000E-01   1.61592E-01   5.57982E-01   2.52708E-02 
    5.15515E-03   0.00000E+00   4.83104E-02   3.98375E-02   7.88779E-01 
    2.82994E-02   3.51975E-02   5.95758E-02   7.86614E-02   9.21339E-01
   1.33300E+03   2.50000E-01   1.61419E-01   5.58154E-01   2.51773E-02 
    5.25040E-03   0.00000E+00   4.97984E-02   4.07492E-02   7.87063E-01 
    2.82843E-02   3.49685E-02   5.91363E-02   7.18137E-02   9.28186E-01
   1.34300E+03   2.50000E-01   1.61265E-01   5.58301E-01   2.50877E-02 
    5.34594E-03   0.00000E+00   5.13125E-02   4.16724E-02   7.85322E-01 
    2.82670E-02   3.47371E-02   5.86891E-02   6.47405E-02   9.35259E-01
   1.35300E+03   2.50000E-01   1.61132E-01   5.58424E-01   2.50020E-02 
    5.44175E-03   0.00000E+00   5.28528E-02   4.26076E-02   7.83554E-01 
    2.82476E-02   3.45034E-02   5.82341E-02   5.74335E-02   9.42567E-01
   1.36300E+03   2.50000E-01   1.61022E-01   5.58520E-01   2.49201E-02 
    5.53778E-03   0.00000E+00   5.44193E-02   4.35552E-02   7.81761E-01 
    2.82261E-02   3.42675E-02   5.77714E-02   4.98839E-02   9.50116E-01
   1.37300E+03   2.50000E-01   1.60934E-01   5.58589E-01   2.48421E-02 
    5.63400E-03   0.00000E+00   5.60121E-02   4.45157E-02   7.79939E-01 
    2.82026E-02   3.40293E-02   5.73009E-02   4.20826E-02   9.57917E-01
   1.38300E+03   2.50000E-01   1.60871E-01   5.58631E-01   2.47678E-02 
    5.73039E-03   0.00000E+00   5.76313E-02   4.54896E-02   7.78090E-01 
    2.81772E-02   3.37889E-02   5.68226E-02   3.40199E-02   9.65980E-01
   1.39300E+03   2.50000E-01   1.60834E-01   5.58642E-01   2.46973E-02 
    5.82692E-03   0.00000E+00   5.92768E-02   4.64776E-02   7.76213E-01 
    2.81499E-02   3.35463E-02   5.63365E-02   2.56855E-02   9.74314E-01
   1.40300E+03   2.50000E-01   1.60823E-01   5.58623E-01   2.46304E-02 
    5.92354E-03   0.00000E+00   6.09487E-02   4.74803E-02   7.74306E-01 
    2.81208E-02   3.33016E-02   5.58427E-02   1.70689E-02   9.82931E-01
   1.41300E+03   2.50000E-01   1.60840E-01   5.58572E-01   2.45672E-02 
    6.02023E-03   0.00000E+00   6.26471E-02   4.84984E-02   7.72369E-01 
    2.80899E-02   3.30549E-02   5.53410E-02   8.15849E-03   9.91842E-01
   1.42187E+03   2.50000E-01   1.60881E-01   5.58499E-01   2.45142E-02 
    6.10600E-03   0.00000E+00   6.41756E-02   4.94149E-02   7.70624E-01 
    2.80612E-02   3.28343E-02   5.48895E-02   0.00000E+00   1.00000E+00

 Phase Region for:
     FCC_A1#1                      
 col-1=T, col-2=X(FCC_A1#1,C), col-3=X(FCC_A1#1,CR), col-4=X(FCC_A1#1,FE),
   col-5=X(FCC_A1#1,MN), col-6=X(FCC_A1#1,NI), col-7=X(FCC_A1#1,SI),
   col-8=NP(FCC_A1#1),
   1.42187E+03   6.41756E-02   4.94149E-02   7.70624E-01   2.80612E-02 
    3.28343E-02   5.48895E-02   1.00000E+00
   1.42300E+03   6.41756E-02   4.94149E-02   7.70624E-01   2.80612E-02 
    3.28343E-02   5.48895E-02   1.00000E+00
   1.43300E+03   6.41756E-02   4.94149E-02   7.70624E-01   2.80612E-02 
    3.28343E-02   5.48895E-02   1.00000E+00
   1.44300E+03   6.41756E-02   4.94149E-02   7.70624E-01   2.80612E-02 
    3.28343E-02   5.48895E-02   1.00000E+00
   1.45300E+03   6.41756E-02   4.94149E-02   7.70624E-01   2.80612E-02 
    3.28343E-02   5.48895E-02   1.00000E+00
   1.46300E+03   6.41756E-02   4.94149E-02   7.70624E-01   2.80612E-02 
    3.28343E-02   5.48895E-02   1.00000E+00
   1.47300E+03   6.41756E-02   4.94149E-02   7.70624E-01   2.80612E-02 
    3.28343E-02   5.48895E-02   1.00000E+00

 Phase Region for:
     CEMENTITE                     
     FCC_A1#1                      
 col-1=T, col-2=X(CEMENTITE,C), col-3=X(CEMENTITE,CR), col-4=X(CEMENTITE,FE),
   col-5=X(CEMENTITE,MN), col-6=X(CEMENTITE,NI), col-7=X(CEMENTITE,SI),
   col-8=X(FCC_A1#1,C), col-9=X(FCC_A1#1,CR), col-10=X(FCC_A1#1,FE),
   col-11=X(FCC_A1#1,MN), col-12=X(FCC_A1#1,NI), col-13=X(FCC_A1#1,SI),
   col-14=NP(CEMENTITE), col-15=NP(FCC_A1#1),
   1.17300E+03   2.50000E-01   1.66076E-01   5.52945E-01   2.72004E-02 
    3.77880E-03   0.00000E+00   2.90808E-02   2.73823E-02   8.11735E-01 
    2.82238E-02   3.83217E-02   6.52559E-02   1.58858E-01   8.41142E-01
   1.16300E+03   2.50000E-01   1.66471E-01   5.52469E-01   2.73685E-02 
    3.69164E-03   0.00000E+00   2.80010E-02   2.66275E-02   8.13093E-01 
    2.81961E-02   3.85076E-02   6.55749E-02   1.62950E-01   8.37050E-01
   1.15300E+03   2.50000E-01   1.66875E-01   5.51978E-01   2.75423E-02 
    3.60518E-03   0.00000E+00   2.69459E-02   2.58819E-02   8.14430E-01 
    2.81652E-02   3.86904E-02   6.58866E-02   1.66909E-01   8.33091E-01
   1.14300E+03   2.50000E-01   1.67287E-01   5.51472E-01   2.77219E-02 
    3.51943E-03   0.00000E+00   2.59153E-02   2.51456E-02   8.15747E-01 
    2.81311E-02   3.88701E-02   6.61910E-02   1.70740E-01   8.29260E-01
   1.13300E+03   2.50000E-01   1.67707E-01   5.50951E-01   2.79074E-02 
    3.43443E-03   0.00000E+00   2.49092E-02   2.44186E-02   8.17044E-01 
    2.80937E-02   3.90468E-02   6.64882E-02   1.74447E-01   8.25553E-01
   1.12300E+03   2.50000E-01   1.68135E-01   5.50416E-01   2.80990E-02 
    3.35019E-03   0.00000E+00   2.39274E-02   2.37010E-02   8.18320E-01 
    2.80530E-02   3.92204E-02   6.67782E-02   1.78032E-01   8.21968E-01
   1.11300E+03   2.50000E-01   1.68569E-01   5.49867E-01   2.82969E-02 
    3.26673E-03   0.00000E+00   2.29697E-02   2.29928E-02   8.19577E-01 
    2.80089E-02   3.93908E-02   6.70611E-02   1.81500E-01   8.18500E-01
   1.10300E+03   2.50000E-01   1.69011E-01   5.49304E-01   2.85013E-02 
    3.18407E-03   0.00000E+00   2.20360E-02   2.22941E-02   8.20814E-01 
    2.79614E-02   3.95581E-02   6.73369E-02   1.84852E-01   8.15148E-01
   1.09300E+03   2.50000E-01   1.69458E-01   5.48728E-01   2.87123E-02 
    3.10223E-03   0.00000E+00   2.11262E-02   2.16049E-02   8.22031E-01 
    2.79104E-02   3.97223E-02   6.76056E-02   1.88092E-01   8.11908E-01
   1.08300E+03   2.50000E-01   1.69911E-01   5.48138E-01   2.89302E-02 
    3.02122E-03   0.00000E+00   2.02401E-02   2.09254E-02   8.23228E-01 
    2.78558E-02   3.98832E-02   6.78674E-02   1.91224E-01   8.08776E-01
   1.07300E+03   2.50000E-01   1.70369E-01   5.47535E-01   2.91551E-02 
    2.94107E-03   0.00000E+00   1.93774E-02   2.02556E-02   8.24406E-01 
    2.77975E-02   4.00409E-02   6.81222E-02   1.94249E-01   8.05751E-01
   1.06300E+03   2.50000E-01   1.70831E-01   5.46920E-01   2.93872E-02 
    2.86178E-03   0.00000E+00   1.85381E-02   1.95957E-02   8.25565E-01 
    2.77355E-02   4.01954E-02   6.83701E-02   1.97171E-01   8.02829E-01
   1.05300E+03   2.50000E-01   1.71298E-01   5.46292E-01   2.96268E-02 
    2.78339E-03   0.00000E+00   1.77220E-02   1.89457E-02   8.26705E-01 
    2.76698E-02   4.03466E-02   6.86111E-02   1.99991E-01   8.00009E-01
   1.04300E+03   2.50000E-01   1.71769E-01   5.45651E-01   2.98742E-02 
    2.70590E-03   0.00000E+00   1.69288E-02   1.83058E-02   8.27825E-01 
    2.76003E-02   4.04946E-02   6.88454E-02   2.02714E-01   7.97286E-01
   1.03300E+03   2.50000E-01   1.72243E-01   5.44998E-01   3.01295E-02 
    2.62934E-03   0.00000E+00   1.61584E-02   1.76759E-02   8.28927E-01 
    2.75268E-02   4.06393E-02   6.90730E-02   2.05341E-01   7.94659E-01
   1.02300E+03   2.50000E-01   1.72720E-01   5.44333E-01   3.03930E-02 
    2.55371E-03   0.00000E+00   1.54106E-02   1.70564E-02   8.30009E-01 
    2.74493E-02   4.07807E-02   6.92939E-02   2.07874E-01   7.92126E-01
   1.01300E+03   2.50000E-01   1.73200E-01   5.43656E-01   3.06649E-02 
    2.47904E-03   0.00000E+00   1.46850E-02   1.64472E-02   8.31073E-01 
    2.73678E-02   4.09188E-02   6.95082E-02   2.10316E-01   7.89684E-01
   1.00300E+03   2.50000E-01   1.73682E-01   5.42967E-01   3.09456E-02 
    2.40533E-03   0.00000E+00   1.39817E-02   1.58485E-02   8.32118E-01 
    2.72821E-02   4.10536E-02   6.97160E-02   2.12670E-01   7.87330E-01
   1.00132E+03   2.50000E-01   1.73763E-01   5.42850E-01   3.09938E-02 
    2.39301E-03   0.00000E+00   1.38654E-02   1.57488E-02   8.32292E-01 
    2.72672E-02   4.10760E-02   6.97503E-02   2.13058E-01   7.86942E-01

 Phase Region for:
     BCC_A2                        
     CEMENTITE                     
     FCC_A1#1                      
 col-1=T, col-2=X(BCC_A2,C), col-3=X(BCC_A2,CR), col-4=X(BCC_A2,FE),
   col-5=X(BCC_A2,MN), col-6=X(BCC_A2,NI), col-7=X(BCC_A2,SI),
   col-8=X(CEMENTITE,C), col-9=X(CEMENTITE,CR), col-10=X(CEMENTITE,FE),
   col-11=X(CEMENTITE,MN), col-12=X(CEMENTITE,NI), col-13=X(CEMENTITE,SI),
   col-14=X(FCC_A1#1,C), col-15=X(FCC_A1#1,CR), col-16=X(FCC_A1#1,FE),
   col-17=X(FCC_A1#1,MN), col-18=X(FCC_A1#1,NI), col-19=X(FCC_A1#1,SI),
   col-20=NP(BCC_A2), col-21=NP(CEMENTITE), col-22=NP(FCC_A1#1),
   1.00132E+03   2.99031E-04   1.20416E-02   8.75560E-01   1.03867E-02 
    1.64653E-02   8.52478E-02   2.50000E-01   1.73763E-01   5.42850E-01 
    3.09938E-02   2.39301E-03   0.00000E+00   1.38653E-02   1.57487E-02 
    8.32292E-01   2.72673E-02   4.10761E-02   6.97503E-02   1.02040E-06 
    2.13058E-01   7.86941E-01
   9.93000E+02   2.70870E-04   1.15210E-02   8.76574E-01   1.05089E-02 
    1.71064E-02   8.40191E-02   2.50000E-01   1.73098E-01   5.41743E-01 
    3.26882E-02   2.47067E-03   0.00000E+00   1.32788E-02   1.50013E-02 
    8.30162E-01   2.86414E-02   4.41800E-02   6.87368E-02   8.09740E-02 
    2.19457E-01   6.99569E-01
   9.83000E+02   2.39656E-04   1.09274E-02   8.77617E-01   1.06174E-02 
    1.78860E-02   8.27122E-02   2.50000E-01   1.72556E-01   5.40075E-01 
    3.48013E-02   2.56753E-03   0.00000E+00   1.25681E-02   1.41377E-02 
    8.26967E-01   3.03908E-02   4.82853E-02   6.76509E-02   1.68245E-01 
    2.26093E-01   6.05662E-01
   9.73000E+02   2.11260E-04   1.03642E-02   8.78512E-01   1.06744E-02 
    1.86615E-02   8.15763E-02   2.50000E-01   1.72268E-01   5.38077E-01 
    3.69885E-02   2.66706E-03   0.00000E+00   1.18548E-02   1.33087E-02 
    8.23066E-01   3.22492E-02   5.28254E-02   6.66958E-02   2.45007E-01 
    2.31680E-01   5.23313E-01
   9.63000E+02   1.85577E-04   9.82684E-03   8.79305E-01   1.06703E-02 
    1.94184E-02   8.05935E-02   2.50000E-01   1.72203E-01   5.35785E-01 
    3.92442E-02   2.76822E-03   0.00000E+00   1.11426E-02   1.25101E-02 
    8.18431E-01   3.42243E-02   5.78371E-02   6.58549E-02   3.12028E-01 
    2.36342E-01   4.51630E-01
   9.53000E+02   1.62581E-04   9.29443E-03   8.80250E-01   1.05011E-02 
    2.00824E-02   7.97091E-02   2.50000E-01   1.72362E-01   5.33149E-01 
    4.16179E-02   2.87149E-03   0.00000E+00   1.04311E-02   1.17374E-02 
    8.12906E-01   3.63734E-02   6.33977E-02   6.51549E-02   3.69967E-01 
    2.40196E-01   3.89837E-01
   9.43000E+02   1.41984E-04   8.78384E-03   8.81112E-01   1.02830E-02 
    2.07235E-02   7.89555E-02   2.50000E-01   1.72682E-01   5.30250E-01 
    4.40897E-02   2.97776E-03   0.00000E+00   9.72552E-03   1.09840E-02 
    8.06432E-01   3.87079E-02   6.96270E-02   6.45234E-02   4.20638E-01 
    2.43394E-01   3.35968E-01
   9.33000E+02   1.23584E-04   8.30158E-03   8.81810E-01   1.00668E-02 
    2.13646E-02   7.83339E-02   2.50000E-01   1.73124E-01   5.27195E-01 
    4.65974E-02   3.08426E-03   0.00000E+00   9.03163E-03   1.02500E-02 
    7.99055E-01   4.11988E-02   7.65527E-02   6.39117E-02   4.64658E-01 
    2.46021E-01   2.89321E-01
   9.23000E+02   1.07241E-04   7.84360E-03   8.82399E-01   9.84127E-03 
    2.19884E-02   7.78207E-02   2.50000E-01   1.73663E-01   5.24042E-01 
    4.91058E-02   3.18867E-03   0.00000E+00   8.35303E-03   9.53605E-03 
    7.90759E-01   4.38412E-02   8.42078E-02   6.33023E-02   5.02544E-01 
    2.48157E-01   2.49299E-01
   9.13000E+02   9.27963E-05   7.40666E-03   8.82924E-01   9.59962E-03 
    2.25813E-02   7.73959E-02   2.50000E-01   1.74282E-01   5.20843E-01 
    5.15860E-02   3.28904E-03   0.00000E+00   7.69274E-03   8.84295E-03 
    7.81511E-01   4.66385E-02   9.26344E-02   6.26802E-02   5.34940E-01 
    2.49883E-01   2.15178E-01
   9.03000E+02   8.00870E-05   6.98829E-03   8.83418E-01   9.33822E-03 
    2.31320E-02   7.70432E-02   2.50000E-01   1.74961E-01   5.17642E-01 
    5.40133E-02   3.38371E-03   0.00000E+00   7.05337E-03   8.17178E-03 
    7.71261E-01   4.96003E-02   1.01880E-01   6.20332E-02   5.62513E-01 
    2.51268E-01   1.86219E-01
   8.93000E+02   6.89483E-05   6.58657E-03   8.83908E-01   9.05562E-03 
    2.36315E-02   7.67493E-02   2.50000E-01   1.75686E-01   5.14475E-01 
    5.63678E-02   3.47130E-03   0.00000E+00   6.43727E-03   7.52388E-03 
    7.59948E-01   5.27420E-02   1.11997E-01   6.13524E-02   5.85900E-01 
    2.52377E-01   1.61723E-01
   8.83000E+02   5.92206E-05   6.20008E-03   8.84413E-01   8.75202E-03 
    2.40723E-02   7.65037E-02   2.50000E-01   1.76444E-01   5.11373E-01 
    5.86326E-02   3.55062E-03   0.00000E+00   5.84672E-03   6.90094E-03 
    7.47506E-01   5.60822E-02   1.23032E-01   6.06322E-02   6.05680E-01 
    2.53260E-01   1.41060E-01
   8.73000E+02   5.07518E-05   5.82781E-03   8.84946E-01   8.42874E-03 
    2.44484E-02   7.62980E-02   2.50000E-01   1.77224E-01   5.08361E-01 
    6.07946E-02   3.62067E-03   0.00000E+00   5.28410E-03   6.30497E-03 
    7.33876E-01   5.96402E-02   1.35024E-01   5.98703E-02   6.22364E-01 
    2.53962E-01   1.23674E-01
   8.63000E+02   4.34001E-05   5.46900E-03   8.85519E-01   8.08793E-03 
    2.47555E-02   7.61255E-02   2.50000E-01   1.78017E-01   5.05460E-01 
    6.28430E-02   3.68067E-03   0.00000E+00   4.75200E-03   5.73824E-03 
    7.19021E-01   6.34317E-02   1.47989E-01   5.90685E-02   6.36398E-01 
    2.54519E-01   1.09084E-01
   8.53000E+02   3.70346E-05   5.12318E-03   8.86136E-01   7.73233E-03 
    2.49910E-02   7.59808E-02   2.50000E-01   1.78814E-01   5.02686E-01 
    6.47701E-02   3.73008E-03   0.00000E+00   4.25319E-03   5.20323E-03 
    7.02942E-01   6.74634E-02   1.61905E-01   5.82330E-02   6.48164E-01 
    2.54958E-01   9.68780E-02
   8.43000E+02   3.15362E-05   4.79002E-03   8.86800E-01   7.36505E-03 
    2.51538E-02   7.58596E-02   2.50000E-01   1.79610E-01   5.00050E-01 
    6.65709E-02   3.76858E-03   0.00000E+00   3.79051E-03   4.70238E-03 
    6.85707E-01   7.17260E-02   1.76700E-01   5.73748E-02   6.57987E-01 
    2.55305E-01   8.67082E-02
   8.33000E+02   2.67972E-05   4.46936E-03   8.87511E-01   6.98950E-03 
    2.52446E-02   7.57583E-02   2.50000E-01   1.80399E-01   4.97561E-01 
    6.82432E-02   3.79611E-03   0.00000E+00   3.36656E-03   4.23787E-03 
    6.67461E-01   7.61889E-02   1.92236E-01   5.65099E-02   6.66147E-01 
    2.55577E-01   7.82763E-02
   8.23000E+02   2.27209E-05   4.16114E-03   8.88267E-01   6.60920E-03 
    2.52659E-02   7.56738E-02   2.50000E-01   1.81176E-01   4.95223E-01 
    6.97877E-02   3.81285E-03   0.00000E+00   2.98317E-03   3.81116E-03 
    6.48438E-01   8.07977E-02   2.08312E-01   5.56579E-02   6.72884E-01 
    2.55790E-01   7.13260E-02
   8.13000E+02   1.92215E-05   3.86537E-03   8.89063E-01   6.22764E-03 
    2.52212E-02   7.56035E-02   2.50000E-01   1.81937E-01   4.93036E-01 
    7.12080E-02   3.81921E-03   0.00000E+00   2.64094E-03   3.42270E-03 
    6.28936E-01   8.54782E-02   2.24683E-01   5.48395E-02   6.78411E-01 
    2.55957E-01   6.56322E-02
   8.03000E+02   1.62229E-05   3.58209E-03   8.89893E-01   5.84818E-03 
    2.51154E-02   7.55454E-02   2.50000E-01   1.82677E-01   4.90997E-01 
    7.25100E-02   3.81578E-03   0.00000E+00   2.33892E-03   3.07173E-03 
    6.09278E-01   9.01461E-02   2.41091E-01   5.40744E-02   6.82917E-01 
    2.56087E-01   6.09953E-02
   7.93000E+02   1.36582E-05   3.31139E-03   8.90750E-01   5.47385E-03 
    2.49539E-02   7.54972E-02   2.50000E-01   1.83394E-01   4.89102E-01 
    7.37011E-02   3.80323E-03   0.00000E+00   2.07470E-03   2.75632E-03 
    5.89769E-01   9.47201E-02   2.57302E-01   5.33777E-02   6.86573E-01 
    2.56190E-01   5.72373E-02
   7.83000E+02   1.14688E-05   3.05331E-03   8.91628E-01   5.10728E-03 
    2.47422E-02   7.54573E-02   2.50000E-01   1.84084E-01   4.87344E-01 
    7.47896E-02   3.78231E-03   0.00000E+00   1.84481E-03   2.47372E-03 
    5.70654E-01   9.91323E-02   2.73136E-01   5.27595E-02   6.89527E-01 
    2.56271E-01   5.42024E-02
   7.73000E+02   9.60356E-06   2.80790E-03   8.92522E-01   4.75066E-03 
    2.44856E-02   7.54241E-02   2.50000E-01   1.84747E-01   4.85716E-01 
    7.57835E-02   3.75374E-03   0.00000E+00   1.64519E-03   2.22077E-03 
    5.52106E-01   1.03333E-01   2.88470E-01   5.22247E-02   6.91908E-01 
    2.56335E-01   5.17569E-02
   7.63000E+02   8.01791E-06   2.57517E-03   8.93426E-01   4.40578E-03 
    2.41891E-02   7.53962E-02   2.50000E-01   1.85379E-01   4.84211E-01 
    7.66910E-02   3.71818E-03   0.00000E+00   1.47165E-03   1.99408E-03 
    5.34223E-01   1.07290E-01   3.03246E-01   5.17745E-02   6.93825E-01 
    2.56387E-01   4.97880E-02
   7.53000E+02   6.67304E-06   2.35508E-03   8.94335E-01   4.07393E-03 
    2.38571E-02   7.53725E-02   2.50000E-01   1.85981E-01   4.82824E-01 
    7.75184E-02   3.67627E-03   0.00000E+00   1.32046E-03   1.79072E-03 
    5.17056E-01   1.10990E-01   3.17435E-01   5.14068E-02   6.95365E-01 
    2.56429E-01   4.82057E-02
   7.43000E+02   5.53522E-06   2.14754E-03   8.95245E-01   3.75614E-03 
    2.34935E-02   7.53520E-02   2.50000E-01   1.86550E-01   4.81549E-01 
    7.82718E-02   3.62854E-03   0.00000E+00   1.18817E-03   1.60787E-03 
    5.00609E-01   1.14427E-01   3.31049E-01   5.11185E-02   6.96600E-01 
    2.56464E-01   4.69361E-02
   7.33000E+02   4.57514E-06   1.95242E-03   8.96154E-01   3.45312E-03 
    2.31015E-02   7.53339E-02   2.50000E-01   1.87088E-01   4.80380E-01 
    7.89567E-02   3.57545E-03   0.00000E+00   1.07187E-03   1.44312E-03 
    4.84859E-01   1.17606E-01   3.44115E-01   5.09055E-02   6.97587E-01 
    2.56493E-01   4.59205E-02
   7.23000E+02   3.76735E-06   1.76954E-03   8.97060E-01   3.16532E-03 
    2.26840E-02   7.53174E-02   2.50000E-01   1.87593E-01   4.79312E-01 
    7.95778E-02   3.51740E-03   0.00000E+00   9.69102E-04   1.29439E-03 
    4.69772E-01   1.20534E-01   3.56667E-01   5.07638E-02   6.98370E-01 
    2.56517E-01   4.51126E-02
   7.13000E+02   3.08980E-06   1.59868E-03   8.97960E-01   2.89301E-03 
    2.22434E-02   7.53019E-02   2.50000E-01   1.88065E-01   4.78341E-01 
    8.01392E-02   3.45473E-03   0.00000E+00   8.77826E-04   1.15990E-03 
    4.55303E-01   1.23221E-01   3.68748E-01   5.06895E-02   6.98987E-01 
    2.56538E-01   4.44753E-02
   7.03000E+02   2.52335E-06   1.43956E-03   8.98853E-01   2.63629E-03 
    2.17816E-02   7.52870E-02   2.50000E-01   1.88506E-01   4.77461E-01 
    8.06448E-02   3.38774E-03   0.00000E+00   7.96361E-04   1.03814E-03 
    4.41407E-01   1.25681E-01   3.80398E-01   5.06792E-02   6.99465E-01 
    2.56555E-01   4.39793E-02
   6.93000E+02   2.05147E-06   1.29188E-03   8.99738E-01   2.39512E-03 
    2.13005E-02   7.52722E-02   2.50000E-01   1.88916E-01   4.76669E-01 
    8.10982E-02   3.31669E-03   0.00000E+00   7.23317E-04   9.27822E-04 
    4.28038E-01   1.27924E-01   3.91657E-01   5.07297E-02   6.99828E-01 
    2.56571E-01   4.36010E-02
   6.83000E+02   1.65985E-06   1.15527E-03   9.00615E-01   2.16934E-03 
    2.08016E-02   7.52571E-02   2.50000E-01   1.89296E-01   4.75960E-01 
    8.15028E-02   3.24180E-03   0.00000E+00   6.57544E-04   8.27819E-04 
    4.15151E-01   1.29963E-01   4.02562E-01   5.08385E-02   7.00095E-01 
    2.56584E-01   4.33211E-02
   6.73000E+02   1.33618E-06   1.02935E-03   9.01483E-01   1.95869E-03 
    2.02861E-02   7.52414E-02   2.50000E-01   1.89646E-01   4.75329E-01 
    8.18619E-02   3.16328E-03   0.00000E+00   5.98091E-04   7.37166E-04 
    4.02706E-01   1.31809E-01   4.13147E-01   5.10033E-02   7.00280E-01 
    2.56596E-01   4.31243E-02
