
 Phase Region for:
     FCC_A1#1                      
 col-1=T, col-2=W(FCC_A1#1,C), col-3=W(FCC_A1#1,CR), col-4=W(FCC_A1#1,FE),
   col-5=W(FCC_A1#1,MN), col-6=W(FCC_A1#1,NI), col-7=W(FCC_A1#1,SI),
   col-8=NP(FCC_A1#1),
   1.17300E+03   9.08408E-04   2.03531E-02   9.48016E-01   7.05720E-03 
    2.35952E-02   6.99922E-05   1.00000E+00
   1.18300E+03   9.08408E-04   2.03531E-02   9.48016E-01   7.05720E-03 
    2.35952E-02   6.99922E-05   1.00000E+00
   1.19300E+03   9.08408E-04   2.03531E-02   9.48016E-01   7.05720E-03 
    2.35952E-02   6.99922E-05   1.00000E+00
   1.20300E+03   9.08408E-04   2.03531E-02   9.48016E-01   7.05720E-03 
    2.35952E-02   6.99922E-05   1.00000E+00
   1.21300E+03   9.08408E-04   2.03531E-02   9.48016E-01   7.05720E-03 
    2.35952E-02   6.99922E-05   1.00000E+00
   1.22300E+03   9.08408E-04   2.03531E-02   9.48016E-01   7.05720E-03 
    2.35952E-02   6.99922E-05   1.00000E+00
   1.23300E+03   9.08408E-04   2.03531E-02   9.48016E-01   7.05720E-03 
    2.35952E-02   6.99922E-05   1.00000E+00
   1.24300E+03   9.08408E-04   2.03531E-02   9.48016E-01   7.05720E-03 
    2.35952E-02   6.99922E-05   1.00000E+00
   1.25300E+03   9.08408E-04   2.03531E-02   9.48016E-01   7.05720E-03 
    2.35952E-02   6.99922E-05   1.00000E+00
   1.26300E+03   9.08408E-04   2.03531E-02   9.48016E-01   7.05720E-03 
    2.35952E-02   6.99922E-05   1.00000E+00
   1.27300E+03   9.08408E-04   2.03531E-02   9.48016E-01   7.05720E-03 
    2.35952E-02   6.99922E-05   1.00000E+00
   1.28300E+03   9.08408E-04   2.03531E-02   9.48016E-01   7.05720E-03 
    2.35952E-02   6.99922E-05   1.00000E+00
   1.29300E+03   9.08408E-04   2.03531E-02   9.48016E-01   7.05720E-03 
    2.35952E-02   6.99922E-05   1.00000E+00
   1.30300E+03   9.08408E-04   2.03531E-02   9.48016E-01   7.05720E-03 
    2.35952E-02   6.99922E-05   1.00000E+00
   1.31300E+03   9.08408E-04   2.03531E-02   9.48016E-01   7.05720E-03 
    2.35952E-02   6.99922E-05   1.00000E+00
   1.32300E+03   9.08408E-04   2.03531E-02   9.48016E-01   7.05720E-03 
    2.35952E-02   6.99922E-05   1.00000E+00
   1.33300E+03   9.08408E-04   2.03531E-02   9.48016E-01   7.05720E-03 
    2.35952E-02   6.99922E-05   1.00000E+00
   1.34300E+03   9.08408E-04   2.03531E-02   9.48016E-01   7.05720E-03 
    2.35952E-02   6.99922E-05   1.00000E+00
   1.35300E+03   9.08408E-04   2.03531E-02   9.48016E-01   7.05720E-03 
    2.35952E-02   6.99922E-05   1.00000E+00
   1.36300E+03   9.08408E-04   2.03531E-02   9.48016E-01   7.05720E-03 
    2.35952E-02   6.99922E-05   1.00000E+00
   1.37300E+03   9.08408E-04   2.03531E-02   9.48016E-01   7.05720E-03 
    2.35952E-02   6.99922E-05   1.00000E+00
   1.38300E+03   9.08408E-04   2.03531E-02   9.48016E-01   7.05720E-03 
    2.35952E-02   6.99922E-05   1.00000E+00
   1.39300E+03   9.08408E-04   2.03531E-02   9.48016E-01   7.05720E-03 
    2.35952E-02   6.99922E-05   1.00000E+00
   1.40300E+03   9.08408E-04   2.03531E-02   9.48016E-01   7.05720E-03 
    2.35952E-02   6.99922E-05   1.00000E+00
   1.41300E+03   9.08408E-04   2.03531E-02   9.48016E-01   7.05720E-03 
    2.35952E-02   6.99922E-05   1.00000E+00
   1.42300E+03   9.08408E-04   2.03531E-02   9.48016E-01   7.05720E-03 
    2.35952E-02   6.99922E-05   1.00000E+00
   1.43300E+03   9.08408E-04   2.03531E-02   9.48016E-01   7.05720E-03 
    2.35952E-02   6.99922E-05   1.00000E+00
   1.44300E+03   9.08408E-04   2.03531E-02   9.48016E-01   7.05720E-03 
    2.35952E-02   6.99922E-05   1.00000E+00
   1.45300E+03   9.08408E-04   2.03531E-02   9.48016E-01   7.05720E-03 
    2.35952E-02   6.99922E-05   1.00000E+00
   1.46300E+03   9.08408E-04   2.03531E-02   9.48016E-01   7.05720E-03 
    2.35952E-02   6.99922E-05   1.00000E+00
   1.47300E+03   9.08408E-04   2.03531E-02   9.48016E-01   7.05720E-03 
    2.35952E-02   6.99922E-05   1.00000E+00

 Phase Region for:
     FCC_A1#1                      
 col-1=T, col-2=W(FCC_A1#1,C), col-3=W(FCC_A1#1,CR), col-4=W(FCC_A1#1,FE),
   col-5=W(FCC_A1#1,MN), col-6=W(FCC_A1#1,NI), col-7=W(FCC_A1#1,SI),
   col-8=NP(FCC_A1#1),
   1.17300E+03   9.08408E-04   2.03531E-02   9.48016E-01   7.05720E-03 
    2.35952E-02   6.99922E-05   1.00000E+00
   1.16300E+03   9.08408E-04   2.03531E-02   9.48016E-01   7.05720E-03 
    2.35952E-02   6.99922E-05   1.00000E+00
   1.15300E+03   9.08408E-04   2.03531E-02   9.48016E-01   7.05720E-03 
    2.35952E-02   6.99922E-05   1.00000E+00
   1.14300E+03   9.08408E-04   2.03531E-02   9.48016E-01   7.05720E-03 
    2.35952E-02   6.99922E-05   1.00000E+00
   1.13300E+03   9.08408E-04   2.03531E-02   9.48016E-01   7.05720E-03 
    2.35952E-02   6.99922E-05   1.00000E+00
   1.12300E+03   9.08408E-04   2.03531E-02   9.48016E-01   7.05720E-03 
    2.35952E-02   6.99922E-05   1.00000E+00
   1.11300E+03   9.08408E-04   2.03531E-02   9.48016E-01   7.05720E-03 
    2.35952E-02   6.99922E-05   1.00000E+00
   1.10300E+03   9.08408E-04   2.03531E-02   9.48016E-01   7.05720E-03 
    2.35952E-02   6.99922E-05   1.00000E+00
   1.09300E+03   9.08408E-04   2.03531E-02   9.48016E-01   7.05720E-03 
    2.35952E-02   6.99922E-05   1.00000E+00
   1.08300E+03   9.08408E-04   2.03531E-02   9.48016E-01   7.05720E-03 
    2.35952E-02   6.99922E-05   1.00000E+00
   1.07300E+03   9.08408E-04   2.03531E-02   9.48016E-01   7.05720E-03 
    2.35952E-02   6.99922E-05   1.00000E+00
   1.06300E+03   9.08408E-04   2.03531E-02   9.48016E-01   7.05720E-03 
    2.35952E-02   6.99922E-05   1.00000E+00
   1.05300E+03   9.08408E-04   2.03531E-02   9.48016E-01   7.05720E-03 
    2.35952E-02   6.99922E-05   1.00000E+00
   1.04300E+03   9.08408E-04   2.03531E-02   9.48016E-01   7.05720E-03 
    2.35952E-02   6.99922E-05   1.00000E+00
   1.04123E+03   9.08408E-04   2.03531E-02   9.48016E-01   7.05720E-03 
    2.35952E-02   6.99922E-05   1.00000E+00

 Phase Region for:
     BCC_A2                        
     FCC_A1#1                      
 col-1=T, col-2=W(BCC_A2,C), col-3=W(BCC_A2,CR), col-4=W(BCC_A2,FE),
   col-5=W(BCC_A2,MN), col-6=W(BCC_A2,NI), col-7=W(BCC_A2,SI),
   col-8=W(FCC_A1#1,C), col-9=W(FCC_A1#1,CR), col-10=W(FCC_A1#1,FE),
   col-11=W(FCC_A1#1,MN), col-12=W(FCC_A1#1,NI), col-13=W(FCC_A1#1,SI),
   col-14=NP(BCC_A2), col-15=NP(FCC_A1#1),
   1.04123E+03   2.64132E-05   1.62492E-02   9.70343E-01   2.65759E-03 
    1.06387E-02   8.47223E-05   9.08410E-04   2.03531E-02   9.48016E-01 
    7.05721E-03   2.35952E-02   6.99922E-05   1.76657E-06   9.99998E-01
   1.03300E+03   2.89560E-05   1.65078E-02   9.69335E-01   2.78025E-03 
    1.12664E-02   8.19641E-05   1.04479E-03   2.09494E-02   9.44710E-01 
    7.72044E-03   2.55071E-02   6.81357E-05   1.33859E-01   8.66141E-01
   1.02300E+03   3.21996E-05   1.67627E-02   9.68248E-01   2.89815E-03 
    1.19794E-02   7.91982E-05   1.23334E-03   2.16846E-02   9.40513E-01 
    8.59955E-03   2.79028E-02   6.65782E-05   2.69724E-01   7.30276E-01
   1.01300E+03   3.56877E-05   1.69827E-02   9.67231E-01   3.00468E-03 
    1.26688E-02   7.70734E-05   1.45261E-03   2.24548E-02   9.36034E-01 
    9.58423E-03   3.04085E-02   6.55766E-05   3.82939E-01   6.17061E-01
   1.00300E+03   3.93901E-05   1.71787E-02   9.66253E-01   3.11183E-03 
    1.33414E-02   7.55242E-05   1.70529E-03   2.32640E-02   9.31293E-01 
    1.06751E-02   3.29978E-02   6.49194E-05   4.76933E-01   5.23067E-01
   9.93000E+02   4.32387E-05   1.73491E-02   9.65331E-01   3.21645E-03 
    1.39861E-02   7.43939E-05   1.99319E-03   2.41196E-02   9.26306E-01 
    1.18729E-02   3.56435E-02   6.44731E-05   5.54663E-01   4.45337E-01
   9.83000E+02   4.71568E-05   1.74942E-02   9.64474E-01   3.31611E-03 
    1.45951E-02   7.35710E-05   2.31780E-03   2.50315E-02   9.21084E-01 
    1.31793E-02   3.83233E-02   6.41357E-05   6.18861E-01   3.81139E-01
   9.80881E+02   4.79884E-05   1.75219E-02   9.64301E-01   3.33641E-03 
    1.47191E-02   7.34280E-05   2.39143E-03   2.52330E-02   9.19947E-01 
    1.34704E-02   3.88940E-02   6.40703E-05   6.30962E-01   3.69038E-01

 Phase Region for:
     BCC_A2                        
     CEMENTITE                     
     FCC_A1#1                      
 col-1=T, col-2=W(BCC_A2,C), col-3=W(BCC_A2,CR), col-4=W(BCC_A2,FE),
   col-5=W(BCC_A2,MN), col-6=W(BCC_A2,NI), col-7=W(BCC_A2,SI),
   col-8=W(CEMENTITE,C), col-9=W(CEMENTITE,CR), col-10=W(CEMENTITE,FE),
   col-11=W(CEMENTITE,MN), col-12=W(CEMENTITE,NI), col-13=W(CEMENTITE,SI),
   col-14=W(FCC_A1#1,C), col-15=W(FCC_A1#1,CR), col-16=W(FCC_A1#1,FE),
   col-17=W(FCC_A1#1,MN), col-18=W(FCC_A1#1,NI), col-19=W(FCC_A1#1,SI),
   col-20=NP(BCC_A2), col-21=NP(CEMENTITE), col-22=NP(FCC_A1#1),
   9.80880E+02   4.79883E-05   1.75219E-02   9.64301E-01   3.33641E-03 
    1.47191E-02   7.34280E-05   6.88975E-02   4.01495E-01   5.10779E-01 
    1.72722E-02   1.55579E-03   0.00000E+00   2.39143E-03   2.52330E-02 
    9.19947E-01   1.34704E-02   3.88941E-02   6.40703E-05   6.30963E-01 
    6.94928E-08   3.69037E-01
   9.73000E+02   4.30586E-05   1.68917E-02   9.63408E-01   3.66629E-03 
    1.59190E-02   7.22896E-05   6.89068E-02   4.02897E-01   5.06722E-01 
    1.97895E-02   1.68427E-03   0.00000E+00   2.26563E-03   2.43044E-02 
    9.13608E-01   1.57668E-02   4.39898E-02   6.49114E-05   7.18771E-01 
    4.69802E-03   2.76531E-01
   9.63000E+02   3.70999E-05   1.62853E-02   9.62235E-01   4.07066E-03 
    1.73006E-02   7.13914E-05   6.89330E-02   4.07536E-01   4.98675E-01 
    2.30327E-02   1.82290E-03   0.00000E+00   2.09115E-03   2.33521E-02 
    9.04765E-01   1.89834E-02   5.07412E-02   6.66703E-05   7.99041E-01 
    8.86197E-03   1.92097E-01
   9.53000E+02   3.16170E-05   1.58274E-02   9.61103E-01   4.45116E-03 
    1.85162E-02   7.08880E-05   6.89716E-02   4.14677E-01   4.88142E-01 
    2.62751E-02   1.93402E-03   0.00000E+00   1.90881E-03   2.25774E-02 
    8.95082E-01   2.25442E-02   5.78186E-02   6.90013E-05   8.54993E-01 
    1.16218E-02   1.33386E-01
   9.43000E+02   2.66887E-05   1.54673E-02   9.60069E-01   4.80050E-03 
    1.95659E-02   7.06314E-05   6.90197E-02   4.23744E-01   4.75755E-01 
    2.94627E-02   2.01898E-03   0.00000E+00   1.72553E-03   2.19217E-02 
    8.84570E-01   2.64583E-02   6.52525E-02   7.17484E-05   8.94202E-01 
    1.34379E-02   9.23603E-02
   9.33000E+02   2.23372E-05   1.51704E-02   9.59169E-01   5.11279E-03 
    2.04552E-02   7.05269E-05   6.90753E-02   4.34316E-01   4.61982E-01 
    3.25461E-02   2.08000E-03   0.00000E+00   1.54607E-03   2.13441E-02 
    8.73202E-01   3.07394E-02   7.30938E-02   7.47884E-05   9.21709E-01 
    1.46243E-02   6.36668E-02
   9.23000E+02   1.85487E-05   1.49134E-02   9.58421E-01   5.38352E-03 
    2.11930E-02   7.05119E-05   6.91368E-02   4.46094E-01   4.47170E-01 
    3.54803E-02   2.11962E-03   0.00000E+00   1.37363E-03   2.08156E-02 
    8.60916E-01   3.54066E-02   8.14102E-02   7.80106E-05   9.40933E-01 
    1.53935E-02   4.36737E-02
   9.13000E+02   1.52884E-05   1.46803E-02   9.57835E-01   5.60947E-03 
    2.17892E-02   7.05444E-05   6.92030E-02   4.58862E-01   4.31570E-01 
    3.82241E-02   2.14039E-03   0.00000E+00   1.21027E-03   2.03155E-02 
    8.47625E-01   4.04854E-02   9.02826E-02   8.13034E-05   9.54236E-01 
    1.58879E-02   2.98757E-02
   9.03000E+02   1.25101E-05   1.44604E-02   9.57414E-01   5.78870E-03 
    2.22541E-02   7.05966E-05   6.92732E-02   4.72470E-01   4.15371E-01 
    4.07403E-02   2.14464E-03   0.00000E+00   1.05729E-03   1.98287E-02 
    8.33221E-01   4.60077E-02   9.98010E-02   8.45432E-05   9.63280E-01 
    1.62031E-02   2.05166E-02
   8.93000E+02   1.01632E-05   1.42465E-02   9.57155E-01   5.92035E-03 
    2.25973E-02   7.06504E-05   6.93468E-02   4.86811E-01   3.98712E-01 
    4.29957E-02   2.13447E-03   0.00000E+00   9.15508E-04   1.93442E-02 
    8.17585E-01   5.20094E-02   1.10059E-01   8.75865E-05   9.69251E-01 
    1.64027E-02   1.43465E-02
   8.83000E+02   8.19675E-06   1.40342E-02   9.57054E-01   6.00461E-03 
    2.28282E-02   7.06950E-05   6.94233E-02   5.01805E-01   3.81699E-01 
    4.49608E-02   2.11171E-03   0.00000E+00   7.85409E-04   1.88538E-02 
    8.00602E-01   5.85263E-02   1.21142E-01   9.02639E-05   9.73008E-01 
    1.65288E-02   1.04631E-02
   8.73000E+02   6.56168E-06   1.38204E-02   9.57104E-01   6.04262E-03 
    2.29555E-02   7.07258E-05   6.95025E-02   5.17392E-01   3.64416E-01 
    4.66111E-02   2.07799E-03   0.00000E+00   6.67286E-04   1.83523E-02 
    7.82187E-01   6.55852E-02   1.33115E-01   9.23815E-05   9.75183E-01 
    1.66091E-02   8.20746E-03
   8.63000E+02   5.21235E-06   1.36035E-02   9.57296E-01   6.03638E-03 
    2.29878E-02   7.07423E-05   6.95840E-02   5.33521E-01   3.46933E-01 
    4.79272E-02   2.03474E-03   0.00000E+00   5.61301E-04   1.78370E-02 
    7.62323E-01   7.31898E-02   1.45995E-01   9.37328E-05   9.76244E-01 
    1.66612E-02   7.09479E-03
   8.53000E+02   4.10719E-06   1.33830E-02   9.57620E-01   5.98875E-03 
    2.29337E-02   7.07480E-05   6.96676E-02   5.50143E-01   3.29311E-01 
    4.88958E-02   1.98328E-03   0.00000E+00   4.67491E-04   1.73088E-02 
    7.41107E-01   8.13031E-02   1.59719E-01   9.41290E-05   9.76535E-01 
    1.66964E-02   6.76833E-03
   8.43000E+02   3.20894E-06   1.31588E-02   9.58062E-01   5.90335E-03 
    2.28023E-02   7.07482E-05   6.97530E-02   5.67205E-01   3.11606E-01 
    4.95108E-02   1.92481E-03   0.00000E+00   3.85720E-04   1.67724E-02 
    7.18790E-01   8.98317E-02   1.74127E-01   9.34444E-05   9.76310E-01 
    1.67216E-02   6.96851E-03
   8.33000E+02   2.48470E-06   1.29312E-02   9.58608E-01   5.78447E-03 
    2.26028E-02   7.07490E-05   6.98399E-02   5.84647E-01   2.93878E-01 
    4.97741E-02   1.86046E-03   0.00000E+00   3.15586E-04   1.62357E-02 
    6.95773E-01   9.86246E-02   1.88959E-01   9.16636E-05   9.75748E-01 
    1.67407E-02   7.51109E-03
   8.23000E+02   1.90564E-06   1.27012E-02   9.59244E-01   5.63678E-03 
    2.23449E-02   7.07558E-05   6.99280E-02   6.02399E-01   2.76187E-01 
    4.96949E-02   1.79129E-03   0.00000E+00   2.56356E-04   1.57088E-02 
    6.72551E-01   1.07494E-01   2.03901E-01   8.88999E-05   9.74975E-01 
    1.67559E-02   8.26959E-03
   8.13000E+02   1.44677E-06   1.24697E-02   9.59955E-01   5.46512E-03 
    2.20378E-02   7.07719E-05   7.00169E-02   6.20376E-01   2.58600E-01 
    4.92889E-02   1.71823E-03   0.00000E+00   2.06989E-04   1.52016E-02 
    6.49608E-01   1.16251E-01   2.18647E-01   8.53684E-05   9.74072E-01 
    1.67684E-02   9.15992E-03
   8.03000E+02   1.08661E-06   1.22376E-02   9.60726E-01   5.27416E-03 
    2.16903E-02   7.07990E-05   7.01060E-02   6.38487E-01   2.41188E-01 
    4.85766E-02   1.64208E-03   0.00000E+00   1.66247E-04   1.47218E-02 
    6.27331E-01   1.24742E-01   2.32958E-01   8.13265E-05   9.73094E-01 
    1.67789E-02   1.01272E-02
   7.93000E+02   8.06797E-07   1.20063E-02   9.61544E-01   5.06816E-03 
    2.13101E-02   7.08370E-05   7.01951E-02   6.56632E-01   2.24028E-01 
    4.75812E-02   1.56352E-03   0.00000E+00   1.32851E-04   1.42746E-02 
    6.05969E-01   1.32862E-01   2.46685E-01   7.70170E-05   9.72077E-01 
    1.67877E-02   1.11354E-02
   7.83000E+02   5.91778E-07   1.17768E-02   9.62397E-01   4.85091E-03 
    2.09040E-02   7.08849E-05   7.02835E-02   6.74706E-01   2.07200E-01 
    4.63279E-02   1.48309E-03   0.00000E+00   1.05606E-04   1.38624E-02 
    5.85644E-01   1.40556E-01   2.59759E-01   7.26348E-05   9.71044E-01 
    1.67953E-02   1.21607E-02
   7.73000E+02   4.28480E-07   1.15505E-02   9.63275E-01   4.62565E-03 
    2.04777E-02   7.09415E-05   7.03708E-02   6.92602E-01   1.90783E-01 
    4.48427E-02   1.40123E-03   0.00000E+00   8.34573E-05   1.34860E-02 
    5.66385E-01   1.47805E-01   2.72172E-01   6.83194E-05   9.70012E-01 
    1.68017E-02   1.31866E-02
   7.63000E+02   3.06014E-07   1.13284E-02   9.64169E-01   4.39515E-03 
    2.00359E-02   7.10050E-05   7.04565E-02   7.10216E-01   1.74857E-01 
    4.31524E-02   1.31834E-03   0.00000E+00   6.55167E-05   1.31450E-02 
    5.48162E-01   1.54610E-01   2.83953E-01   6.41618E-05   9.68991E-01 
    1.68071E-02   1.42017E-02
   7.53000E+02   2.15398E-07   1.11117E-02   9.65073E-01   4.16173E-03 
    1.95826E-02   7.10739E-05   7.05400E-02   7.27445E-01   1.59496E-01 
    4.12843E-02   1.23479E-03   0.00000E+00   5.10444E-05   1.28387E-02 
    5.30913E-01   1.60989E-01   2.95147E-01   6.02161E-05   9.67990E-01 
    1.68116E-02   1.51981E-02
   7.43000E+02   1.49305E-07   1.09016E-02   9.65979E-01   3.92736E-03 
    1.91212E-02   7.11468E-05   7.06210E-02   7.44192E-01   1.44770E-01 
    3.92659E-02   1.15095E-03   0.00000E+00   3.94299E-05   1.25662E-02 
    5.14566E-01   1.66963E-01   3.05809E-01   5.65107E-05   9.67015E-01 
    1.68154E-02   1.61698E-02
   7.33000E+02   1.01830E-07   1.06990E-02   9.66882E-01   3.69370E-03 
    1.86543E-02   7.12224E-05   7.06991E-02   7.60368E-01   1.30741E-01 
    3.71252E-02   1.06723E-03   0.00000E+00   3.01684E-05   1.23264E-02 
    4.99044E-01   1.72556E-01   3.15991E-01   5.30573E-05   9.66069E-01 
    1.68185E-02   1.71127E-02
   7.23000E+02   6.82776E-08   1.05048E-02   9.67777E-01   3.46216E-03 
    1.81845E-02   7.12995E-05   7.07738E-02   7.75891E-01   1.17461E-01 
    3.48905E-02   9.84085E-04   0.00000E+00   2.28401E-05   1.21186E-02 
    4.84275E-01   1.77789E-01   3.25745E-01   4.98567E-05   9.65155E-01 
    1.68211E-02   1.80238E-02
   7.13000E+02   4.49694E-08   1.03197E-02   9.68661E-01   3.23396E-03 
    1.77137E-02   7.13772E-05   7.08448E-02   7.90692E-01   1.04971E-01 
    3.25897E-02   9.02019E-04   0.00000E+00   1.70939E-05   1.19422E-02 
    4.70192E-01   1.82683E-01   3.35119E-01   4.69035E-05   9.64276E-01 
    1.68232E-02   1.89010E-02
   7.03000E+02   2.90690E-08   1.01444E-02   9.69530E-01   3.01014E-03 
    1.72437E-02   7.14546E-05   7.09120E-02   8.04712E-01   9.33036E-02 
    3.02505E-02   8.21572E-04   0.00000E+00   1.26351E-05   1.17965E-02 
    4.56735E-01   1.87256E-01   3.44155E-01   4.41888E-05   9.63432E-01 
    1.68249E-02   1.97427E-02
   6.93000E+02   1.84271E-08   9.97928E-03   9.70382E-01   2.79162E-03 
    1.67759E-02   7.15309E-05   7.09750E-02   8.17906E-01   8.24763E-02 
    2.78997E-02   7.43311E-04   0.00000E+00   9.21569E-06   1.16815E-02 
    4.43850E-01   1.91525E-01   3.52892E-01   4.17018E-05   9.62626E-01 
    1.68262E-02   2.05480E-02
   6.83000E+02   1.14458E-08   9.82467E-03   9.71213E-01   2.57918E-03 
    1.63117E-02   7.16056E-05   7.10337E-02   8.30239E-01   7.24968E-02 
    2.55630E-02   6.67809E-04   0.00000E+00   6.62705E-06   1.15968E-02 
    4.31490E-01   1.95503E-01   3.61364E-01   3.94312E-05   9.61857E-01 
    1.68272E-02   2.13162E-02
   6.73000E+02   6.96082E-09   9.68071E-03   9.72022E-01   2.37352E-03 
    1.58520E-02   7.16780E-05   7.10882E-02   8.41690E-01   6.33616E-02 
    2.32644E-02   5.95617E-04   0.00000E+00   4.69476E-06   1.15425E-02 
    4.19614E-01   1.99200E-01   3.69602E-01   3.73657E-05   9.61125E-01 
    1.68280E-02   2.20472E-02
