
 Phase Region for:
     FCC_A1#1                      
 col-1=T, col-2=W(FCC_A1#1,C), col-3=W(FCC_A1#1,CR), col-4=W(FCC_A1#1,FE),
   col-5=W(FCC_A1#1,MN), col-6=W(FCC_A1#1,NI), col-7=W(FCC_A1#1,SI),
   col-8=NP(FCC_A1#1),
   1.17300E+03   5.38208E-03   2.14393E-02   9.27439E-01   1.62300E-02 
    1.80428E-02   1.14669E-02   1.00000E+00
   1.18300E+03   5.38208E-03   2.14393E-02   9.27439E-01   1.62300E-02 
    1.80428E-02   1.14669E-02   1.00000E+00
   1.19300E+03   5.38208E-03   2.14393E-02   9.27439E-01   1.62300E-02 
    1.80428E-02   1.14669E-02   1.00000E+00
   1.20300E+03   5.38208E-03   2.14393E-02   9.27439E-01   1.62300E-02 
    1.80428E-02   1.14669E-02   1.00000E+00
   1.21300E+03   5.38208E-03   2.14393E-02   9.27439E-01   1.62300E-02 
    1.80428E-02   1.14669E-02   1.00000E+00
   1.22300E+03   5.38208E-03   2.14393E-02   9.27439E-01   1.62300E-02 
    1.80428E-02   1.14669E-02   1.00000E+00
   1.23300E+03   5.38208E-03   2.14393E-02   9.27439E-01   1.62300E-02 
    1.80428E-02   1.14669E-02   1.00000E+00
   1.24300E+03   5.38208E-03   2.14393E-02   9.27439E-01   1.62300E-02 
    1.80428E-02   1.14669E-02   1.00000E+00
   1.25300E+03   5.38208E-03   2.14393E-02   9.27439E-01   1.62300E-02 
    1.80428E-02   1.14669E-02   1.00000E+00
   1.26300E+03   5.38208E-03   2.14393E-02   9.27439E-01   1.62300E-02 
    1.80428E-02   1.14669E-02   1.00000E+00
   1.27300E+03   5.38208E-03   2.14393E-02   9.27439E-01   1.62300E-02 
    1.80428E-02   1.14669E-02   1.00000E+00
   1.28300E+03   5.38208E-03   2.14393E-02   9.27439E-01   1.62300E-02 
    1.80428E-02   1.14669E-02   1.00000E+00
   1.29300E+03   5.38208E-03   2.14393E-02   9.27439E-01   1.62300E-02 
    1.80428E-02   1.14669E-02   1.00000E+00
   1.30300E+03   5.38208E-03   2.14393E-02   9.27439E-01   1.62300E-02 
    1.80428E-02   1.14669E-02   1.00000E+00
   1.31300E+03   5.38208E-03   2.14393E-02   9.27439E-01   1.62300E-02 
    1.80428E-02   1.14669E-02   1.00000E+00
   1.32300E+03   5.38208E-03   2.14393E-02   9.27439E-01   1.62300E-02 
    1.80428E-02   1.14669E-02   1.00000E+00
   1.33300E+03   5.38208E-03   2.14393E-02   9.27439E-01   1.62300E-02 
    1.80428E-02   1.14669E-02   1.00000E+00
   1.34300E+03   5.38208E-03   2.14393E-02   9.27439E-01   1.62300E-02 
    1.80428E-02   1.14669E-02   1.00000E+00
   1.35300E+03   5.38208E-03   2.14393E-02   9.27439E-01   1.62300E-02 
    1.80428E-02   1.14669E-02   1.00000E+00
   1.36300E+03   5.38208E-03   2.14393E-02   9.27439E-01   1.62300E-02 
    1.80428E-02   1.14669E-02   1.00000E+00
   1.37300E+03   5.38208E-03   2.14393E-02   9.27439E-01   1.62300E-02 
    1.80428E-02   1.14669E-02   1.00000E+00
   1.38300E+03   5.38208E-03   2.14393E-02   9.27439E-01   1.62300E-02 
    1.80428E-02   1.14669E-02   1.00000E+00
   1.39300E+03   5.38208E-03   2.14393E-02   9.27439E-01   1.62300E-02 
    1.80428E-02   1.14669E-02   1.00000E+00
   1.40300E+03   5.38208E-03   2.14393E-02   9.27439E-01   1.62300E-02 
    1.80428E-02   1.14669E-02   1.00000E+00
   1.41300E+03   5.38208E-03   2.14393E-02   9.27439E-01   1.62300E-02 
    1.80428E-02   1.14669E-02   1.00000E+00
   1.42300E+03   5.38208E-03   2.14393E-02   9.27439E-01   1.62300E-02 
    1.80428E-02   1.14669E-02   1.00000E+00
   1.43300E+03   5.38208E-03   2.14393E-02   9.27439E-01   1.62300E-02 
    1.80428E-02   1.14669E-02   1.00000E+00
   1.44300E+03   5.38208E-03   2.14393E-02   9.27439E-01   1.62300E-02 
    1.80428E-02   1.14669E-02   1.00000E+00
   1.45300E+03   5.38208E-03   2.14393E-02   9.27439E-01   1.62300E-02 
    1.80428E-02   1.14669E-02   1.00000E+00
   1.46300E+03   5.38208E-03   2.14393E-02   9.27439E-01   1.62300E-02 
    1.80428E-02   1.14669E-02   1.00000E+00
   1.47300E+03   5.38208E-03   2.14393E-02   9.27439E-01   1.62300E-02 
    1.80428E-02   1.14669E-02   1.00000E+00

 Phase Region for:
     FCC_A1#1                      
 col-1=T, col-2=W(FCC_A1#1,C), col-3=W(FCC_A1#1,CR), col-4=W(FCC_A1#1,FE),
   col-5=W(FCC_A1#1,MN), col-6=W(FCC_A1#1,NI), col-7=W(FCC_A1#1,SI),
   col-8=NP(FCC_A1#1),
   1.17300E+03   5.38208E-03   2.14393E-02   9.27439E-01   1.62300E-02 
    1.80428E-02   1.14669E-02   1.00000E+00
   1.16300E+03   5.38208E-03   2.14393E-02   9.27439E-01   1.62300E-02 
    1.80428E-02   1.14669E-02   1.00000E+00
   1.15300E+03   5.38208E-03   2.14393E-02   9.27439E-01   1.62300E-02 
    1.80428E-02   1.14669E-02   1.00000E+00
   1.14300E+03   5.38208E-03   2.14393E-02   9.27439E-01   1.62300E-02 
    1.80428E-02   1.14669E-02   1.00000E+00
   1.13300E+03   5.38208E-03   2.14393E-02   9.27439E-01   1.62300E-02 
    1.80428E-02   1.14669E-02   1.00000E+00
   1.12300E+03   5.38208E-03   2.14393E-02   9.27439E-01   1.62300E-02 
    1.80428E-02   1.14669E-02   1.00000E+00
   1.11300E+03   5.38208E-03   2.14393E-02   9.27439E-01   1.62300E-02 
    1.80428E-02   1.14669E-02   1.00000E+00
   1.10300E+03   5.38208E-03   2.14393E-02   9.27439E-01   1.62300E-02 
    1.80428E-02   1.14669E-02   1.00000E+00
   1.09300E+03   5.38208E-03   2.14393E-02   9.27439E-01   1.62300E-02 
    1.80428E-02   1.14669E-02   1.00000E+00
   1.08300E+03   5.38208E-03   2.14393E-02   9.27439E-01   1.62300E-02 
    1.80428E-02   1.14669E-02   1.00000E+00
   1.07300E+03   5.38208E-03   2.14393E-02   9.27439E-01   1.62300E-02 
    1.80428E-02   1.14669E-02   1.00000E+00
   1.06876E+03   5.38208E-03   2.14393E-02   9.27439E-01   1.62300E-02 
    1.80428E-02   1.14669E-02   1.00000E+00

 Phase Region for:
     CEMENTITE                     
     FCC_A1#1                      
 col-1=T, col-2=W(CEMENTITE,C), col-3=W(CEMENTITE,CR), col-4=W(CEMENTITE,FE),
   col-5=W(CEMENTITE,MN), col-6=W(CEMENTITE,NI), col-7=W(CEMENTITE,SI),
   col-8=W(FCC_A1#1,C), col-9=W(FCC_A1#1,CR), col-10=W(FCC_A1#1,FE),
   col-11=W(FCC_A1#1,MN), col-12=W(FCC_A1#1,NI), col-13=W(FCC_A1#1,SI),
   col-14=NP(CEMENTITE), col-15=NP(FCC_A1#1),
   1.06876E+03   6.79722E-02   2.13062E-01   6.93315E-01   2.42579E-02 
    1.39351E-03   0.00000E+00   5.38208E-03   2.14393E-02   9.27439E-01 
    1.62300E-02   1.80428E-02   1.14669E-02   4.39515E-08   1.00000E+00
   1.06300E+03   6.79759E-02   2.13761E-01   6.92516E-01   2.43771E-02 
    1.37074E-03   0.00000E+00   5.25376E-03   2.10450E-02   9.27921E-01 
    1.62133E-02   1.80770E-02   1.14904E-02   2.50634E-03   9.97494E-01
   1.05300E+03   6.79823E-02   2.14982E-01   6.91114E-01   2.45900E-02 
    1.33160E-03   0.00000E+00   5.03532E-03   2.03672E-02   9.28748E-01 
    1.61837E-02   1.81354E-02   1.15304E-02   6.74935E-03   9.93251E-01
   1.04300E+03   6.79887E-02   2.16212E-01   6.89696E-01   2.48108E-02 
    1.29298E-03   0.00000E+00   4.82255E-03   1.96986E-02   9.29564E-01 
    1.61533E-02   1.81925E-02   1.15694E-02   1.08541E-02   9.89146E-01
   1.03300E+03   6.79953E-02   2.17450E-01   6.88261E-01   2.50396E-02 
    1.25490E-03   0.00000E+00   4.61541E-03   1.90392E-02   9.30368E-01 
    1.61221E-02   1.82484E-02   1.16073E-02   1.48236E-02   9.85176E-01
   1.02300E+03   6.80018E-02   2.18694E-01   6.86810E-01   2.52768E-02 
    1.21735E-03   0.00000E+00   4.41387E-03   1.83894E-02   9.31159E-01 
    1.60901E-02   1.83030E-02   1.16442E-02   1.86609E-02   9.81339E-01
   1.01300E+03   6.80084E-02   2.19945E-01   6.85343E-01   2.55229E-02 
    1.18036E-03   0.00000E+00   4.21789E-03   1.77492E-02   9.31939E-01 
    1.60573E-02   1.83563E-02   1.16801E-02   2.23690E-02   9.77631E-01
   1.00459E+03   6.80140E-02   2.21002E-01   6.84097E-01   2.57369E-02 
    1.14966E-03   0.00000E+00   4.05731E-03   1.72182E-02   9.32586E-01 
    1.60289E-02   1.84001E-02   1.17094E-02   2.53904E-02   9.74610E-01

 Phase Region for:
     BCC_A2                        
     CEMENTITE                     
     FCC_A1#1                      
 col-1=T, col-2=W(BCC_A2,C), col-3=W(BCC_A2,CR), col-4=W(BCC_A2,FE),
   col-5=W(BCC_A2,MN), col-6=W(BCC_A2,NI), col-7=W(BCC_A2,SI),
   col-8=W(CEMENTITE,C), col-9=W(CEMENTITE,CR), col-10=W(CEMENTITE,FE),
   col-11=W(CEMENTITE,MN), col-12=W(CEMENTITE,NI), col-13=W(CEMENTITE,SI),
   col-14=W(FCC_A1#1,C), col-15=W(FCC_A1#1,CR), col-16=W(FCC_A1#1,FE),
   col-17=W(FCC_A1#1,MN), col-18=W(FCC_A1#1,NI), col-19=W(FCC_A1#1,SI),
   col-20=NP(BCC_A2), col-21=NP(CEMENTITE), col-22=NP(FCC_A1#1),
   1.00459E+03   9.42754E-05   1.12196E-02   9.60770E-01   5.31389E-03 
    7.93503E-03   1.46669E-02   6.80140E-02   2.21002E-01   6.84097E-01 
    2.57369E-02   1.14966E-03   0.00000E+00   4.05731E-03   1.72182E-02 
    9.32586E-01   1.60289E-02   1.84002E-02   1.17094E-02   2.79184E-06 
    2.53906E-02   9.74607E-01
   1.00300E+03   9.29428E-05   1.10077E-02   9.60875E-01   5.40009E-03 
    8.10180E-03   1.45225E-02   6.80054E-02   2.19109E-01   6.85155E-01 
    2.65506E-02   1.17976E-03   0.00000E+00   4.04685E-03   1.69280E-02 
    9.31990E-01   1.64816E-02   1.89407E-02   1.16125E-02   4.34405E-02 
    2.89326E-02   9.27627E-01
   9.93000E+02   8.42666E-05   9.87904E-03   9.61064E-01   5.97310E-03 
    9.20470E-03   1.37951E-02   6.79618E-02   2.09217E-01   6.89420E-01 
    3.20243E-02   1.37748E-03   0.00000E+00   3.94947E-03   1.53322E-02 
    9.27268E-01   1.95882E-02   2.26984E-02   1.11633E-02   2.77856E-01 
    4.83196E-02   6.73825E-01
   9.83000E+02   7.54035E-05   9.03976E-03   9.60654E-01   6.56205E-03 
    1.03551E-02   1.33138E-02   6.79348E-02   2.02587E-01   6.89969E-01 
    3.79285E-02   1.58067E-03   0.00000E+00   3.80565E-03   1.40757E-02 
    9.21102E-01   2.30624E-02   2.70220E-02   1.09318E-02   4.52208E-01 
    6.28827E-02   4.84909E-01
   9.73000E+02   6.67507E-05   8.40280E-03   9.59897E-01   7.12767E-03 
    1.15047E-02   1.30006E-02   6.79211E-02   1.98585E-01   6.87650E-01 
    4.40637E-02   1.78032E-03   0.00000E+00   3.62890E-03   1.30658E-02 
    9.13781E-01   2.68164E-02   3.18624E-02   1.08450E-02   5.79537E-01 
    7.34109E-02   3.47052E-01
   9.63000E+02   5.85944E-05   7.90086E-03   9.58977E-01   7.64393E-03 
    1.26205E-02   1.27986E-02   6.79173E-02   1.96534E-01   6.83293E-01 
    5.02854E-02   1.97082E-03   0.00000E+00   3.43167E-03   1.22240E-02 
    9.05517E-01   3.07864E-02   3.71931E-02   1.08480E-02   6.72047E-01 
    8.08580E-02   2.47095E-01
   9.53000E+02   5.10958E-05   7.48740E-03   9.58014E-01   8.09544E-03 
    1.36826E-02   1.26692E-02   6.79203E-02   1.95884E-01   6.77550E-01 
    5.64963E-02   2.14921E-03   0.00000E+00   3.22347E-03   1.14936E-02 
    8.96437E-01   3.49323E-02   4.30117E-02   1.09021E-02   7.39347E-01 
    8.60625E-02   1.74591E-01
   9.43000E+02   4.43218E-05   7.13169E-03   9.57084E-01   8.47418E-03 
    1.46796E-02   1.25867E-02   6.79283E-02   1.96234E-01   6.70892E-01 
    6.26310E-02   2.31415E-03   0.00000E+00   3.01102E-03   1.08364E-02 
    8.86602E-01   3.92339E-02   4.93360E-02   1.09805E-02   7.88467E-01 
    8.96728E-02   1.21860E-01
   9.33000E+02   3.82787E-05   6.81373E-03   9.56231E-01   8.77710E-03 
    1.56050E-02   1.25344E-02   6.79398E-02   1.97301E-01   6.63648E-01 
    6.86462E-02   2.46516E-03   0.00000E+00   2.79890E-03   1.02270E-02 
    8.76023E-01   4.36854E-02   5.62007E-02   1.10647E-02   8.24411E-01 
    9.21614E-02   8.34271E-02
   9.23000E+02   3.29375E-05   6.52046E-03   9.55486E-01   9.00415E-03 
    1.64554E-02   1.25014E-02   6.79537E-02   1.98884E-01   6.56049E-01 
    7.45105E-02   2.60221E-03   0.00000E+00   2.59022E-03   9.64933E-03 
    8.64674E-01   4.82933E-02   6.36519E-02   1.11416E-02   8.50717E-01 
    9.38641E-02   5.54192E-02
   9.13000E+02   2.82502E-05   6.24334E-03   9.54862E-01   9.15731E-03 
    1.72286E-02   1.24804E-02   6.79693E-02   2.00846E-01   6.48258E-01 
    8.02012E-02   2.72544E-03   0.00000E+00   2.38709E-03   9.09289E-03 
    8.52498E-01   5.30739E-02   7.17460E-02   1.12019E-02   8.69899E-01 
    9.50174E-02   3.50834E-02
   9.03000E+02   2.41600E-05   5.97678E-03   9.54369E-01   9.23989E-03 
    1.79230E-02   1.24670E-02   6.79861E-02   2.03086E-01   6.40392E-01 
    8.57012E-02   2.83501E-03   0.00000E+00   2.19094E-03   8.55131E-03 
    8.39420E-01   5.80517E-02   8.05475E-02   1.12385E-02   8.83770E-01 
    9.57876E-02   2.04422E-02
   8.93000E+02   2.06075E-05   5.71710E-03   9.54011E-01   9.25606E-03 
    1.85375E-02   1.24581E-02   6.80038E-02   2.05530E-01   6.32538E-01 
    9.09975E-02   2.93107E-03   0.00000E+00   2.00280E-03   8.02087E-03 
    8.25346E-01   6.32583E-02   9.01266E-02   1.12456E-02   8.93651E-01 
    9.62920E-02   1.00566E-02
   8.83000E+02   1.75344E-05   5.46196E-03   9.53787E-01   9.21058E-03 
    1.90708E-02   1.24518E-02   6.80220E-02   2.08125E-01   6.24759E-01 
    9.60804E-02   3.01373E-03   0.00000E+00   1.82341E-03   7.49987E-03 
    8.10171E-01   6.87308E-02   1.00556E-01   1.12190E-02   9.00523E-01 
    9.66133E-02   2.86406E-03
   8.77559E+02   1.60438E-05   5.32452E-03   9.53722E-01   9.16177E-03 
    1.93267E-02   1.24491E-02   6.80320E-02   2.09584E-01   6.20577E-01 
    9.87535E-02   3.05312E-03   0.00000E+00   1.72971E-03   7.22023E-03 
    8.01414E-01   7.18340E-02   1.06613E-01   1.11889E-02   9.03267E-01 
    9.67329E-02   0.00000E+00

 Phase Region for:
     BCC_A2                        
     CEMENTITE                     
 col-1=T, col-2=W(BCC_A2,C), col-3=W(BCC_A2,CR), col-4=W(BCC_A2,FE),
   col-5=W(BCC_A2,MN), col-6=W(BCC_A2,NI), col-7=W(BCC_A2,SI),
   col-8=W(CEMENTITE,C), col-9=W(CEMENTITE,CR), col-10=W(CEMENTITE,FE),
   col-11=W(CEMENTITE,MN), col-12=W(CEMENTITE,NI), col-13=W(CEMENTITE,SI),
   col-14=NP(BCC_A2), col-15=NP(CEMENTITE),
   8.77559E+02   1.60438E-05   5.32452E-03   9.53722E-01   9.16177E-03 
    1.93267E-02   1.24491E-02   6.80320E-02   2.09584E-01   6.20577E-01 
    9.87535E-02   3.05312E-03   0.00000E+00   9.03267E-01   9.67329E-02  NONE
   8.73000E+02   1.49204E-05   5.20627E-03   9.53973E-01   9.02948E-03 
    1.93269E-02   1.24491E-02   6.80405E-02   2.10950E-01   6.17666E-01 
    1.00292E-01   3.05143E-03   0.00000E+00   9.03248E-01   9.67515E-02  NONE
   8.63000E+02   1.26990E-05   4.94898E-03   9.54524E-01   8.73764E-03 
    1.93274E-02   1.24492E-02   6.80591E-02   2.13931E-01   6.11273E-01 
    1.03689E-01   3.04785E-03   0.00000E+00   9.03212E-01   9.67884E-02  NONE
   8.53000E+02   1.07782E-05   4.69482E-03   9.55074E-01   8.44361E-03 
    1.93277E-02   1.24493E-02   6.80775E-02   2.16886E-01   6.04877E-01 
    1.07115E-01   3.04451E-03   0.00000E+00   9.03180E-01   9.68203E-02  NONE
   8.43000E+02   9.12200E-06   4.44423E-03   9.55622E-01   8.14754E-03 
    1.93280E-02   1.24493E-02   6.80958E-02   2.19808E-01   5.98486E-01 
    1.10569E-01   3.04150E-03   0.00000E+00   9.03152E-01   9.68478E-02  NONE
   8.33000E+02   7.69790E-06   4.19765E-03   9.56167E-01   7.84966E-03 
    1.93282E-02   1.24493E-02   6.81140E-02   2.22691E-01   5.92108E-01 
    1.14049E-01   3.03890E-03   0.00000E+00   9.03129E-01   9.68714E-02  NONE
   8.23000E+02   6.47694E-06   3.95553E-03   9.56710E-01   7.55021E-03 
    1.93283E-02   1.24492E-02   6.81319E-02   2.25529E-01   5.85753E-01 
    1.17550E-01   3.03680E-03   0.00000E+00   9.03108E-01   9.68917E-02  NONE
   8.13000E+02   5.43323E-06   3.71833E-03   9.57249E-01   7.24949E-03 
    1.93283E-02   1.24492E-02   6.81496E-02   2.28316E-01   5.79430E-01 
    1.21069E-01   3.03526E-03   0.00000E+00   9.03091E-01   9.69090E-02  NONE
   8.03000E+02   4.54373E-06   3.48651E-03   9.57784E-01   6.94786E-03 
    1.93283E-02   1.24490E-02   6.81670E-02   2.31046E-01   5.73150E-01 
    1.24603E-01   3.03435E-03   0.00000E+00   9.03076E-01   9.69238E-02  NONE
   7.93000E+02   3.78799E-06   3.26051E-03   9.58313E-01   6.64570E-03 
    1.93281E-02   1.24489E-02   6.81842E-02   2.33712E-01   5.66924E-01 
    1.28145E-01   3.03414E-03   0.00000E+00   9.03064E-01   9.69363E-02  NONE
   7.83000E+02   3.14790E-06   3.04079E-03   9.58836E-01   6.34348E-03 
    1.93279E-02   1.24488E-02   6.82010E-02   2.36310E-01   5.60763E-01 
    1.31692E-01   3.03467E-03   0.00000E+00   9.03053E-01   9.69470E-02  NONE
   7.73000E+02   2.60750E-06   2.82777E-03   9.59352E-01   6.04170E-03 
    1.93276E-02   1.24486E-02   6.82174E-02   2.38833E-01   5.54679E-01 
    1.35235E-01   3.03597E-03   0.00000E+00   9.03044E-01   9.69559E-02  NONE
   7.63000E+02   2.15273E-06   2.62185E-03   9.59859E-01   5.74092E-03 
    1.93272E-02   1.24484E-02   6.82334E-02   2.41275E-01   5.48684E-01 
    1.38769E-01   3.03810E-03   0.00000E+00   9.03037E-01   9.69635E-02  NONE
   7.53000E+02   1.77129E-06   2.42340E-03   9.60358E-01   5.44175E-03 
    1.93267E-02   1.24483E-02   6.82490E-02   2.43633E-01   5.42790E-01 
    1.42287E-01   3.04106E-03   0.00000E+00   9.03030E-01   9.69698E-02  NONE
   7.47856E+02   1.60008E-06   2.32435E-03   9.60611E-01   5.28870E-03 
    1.93264E-02   1.24482E-02   6.82568E-02   2.44811E-01   5.39803E-01 
    1.44087E-01   3.04292E-03   0.00000E+00   9.03027E-01   9.69727E-02  NONE

 Phase Region for:
     BCC_A2                        
     CEMENTITE                     
     FCC_A1#1                      
 col-1=T, col-2=W(BCC_A2,C), col-3=W(BCC_A2,CR), col-4=W(BCC_A2,FE),
   col-5=W(BCC_A2,MN), col-6=W(BCC_A2,NI), col-7=W(BCC_A2,SI),
   col-8=W(CEMENTITE,C), col-9=W(CEMENTITE,CR), col-10=W(CEMENTITE,FE),
   col-11=W(CEMENTITE,MN), col-12=W(CEMENTITE,NI), col-13=W(CEMENTITE,SI),
   col-14=W(FCC_A1#1,C), col-15=W(FCC_A1#1,CR), col-16=W(FCC_A1#1,FE),
   col-17=W(FCC_A1#1,MN), col-18=W(FCC_A1#1,NI), col-19=W(FCC_A1#1,SI),
   col-20=NP(BCC_A2), col-21=NP(CEMENTITE), col-22=NP(FCC_A1#1),
   7.47856E+02   1.60007E-06   2.32435E-03   9.60611E-01   5.28869E-03 
    1.93264E-02   1.24482E-02   6.82568E-02   2.44811E-01   5.39802E-01 
    1.44087E-01   3.04292E-03   0.00000E+00   4.52577E-04   2.30097E-03 
    5.32774E-01   1.60233E-01   2.96203E-01   8.03635E-03   9.03027E-01 
    9.69727E-02   9.31064E-09
   7.43000E+02   1.45669E-06   2.23031E-03   9.61018E-01   5.11483E-03 
    1.91855E-02   1.24503E-02   6.82637E-02   2.45938E-01   5.37571E-01 
    1.45206E-01   3.02139E-03   0.00000E+00   4.34428E-04   2.19732E-03 
    5.24246E-01   1.62829E-01   3.02370E-01   7.92282E-03   9.02580E-01 
    9.69714E-02   4.48454E-04
   7.33000E+02   1.19819E-06   2.04289E-03   9.61855E-01   4.76197E-03 
    1.88836E-02   1.24550E-02   6.82774E-02   2.48184E-01   5.33162E-01 
    1.47402E-01   2.97541E-03   0.00000E+00   4.00368E-04   1.99712E-03 
    5.07423E-01   1.67863E-01   3.14611E-01   7.70457E-03   9.01683E-01 
    9.69693E-02   1.34821E-03
   7.23000E+02   9.82770E-07   1.86422E-03   9.62689E-01   4.41757E-03 
    1.85686E-02   1.24599E-02   6.82904E-02   2.50325E-01   5.29007E-01 
    1.49450E-01   2.92755E-03   0.00000E+00   3.70169E-04   1.81324E-03 
    4.91534E-01   1.72490E-01   3.26285E-01   7.50699E-03   9.00817E-01 
    9.69676E-02   2.21579E-03
   7.13000E+02   8.03686E-07   1.69462E-03   9.63513E-01   4.08318E-03 
    1.82430E-02   1.24650E-02   6.83027E-02   2.52357E-01   5.25110E-01 
    1.51352E-01   2.87816E-03   0.00000E+00   3.43219E-04   1.64411E-03 
    4.76503E-01   1.76733E-01   3.37447E-01   7.32954E-03   8.99982E-01 
    9.69663E-02   3.05171E-03
   7.03000E+02   6.55184E-07   1.53434E-03   9.64326E-01   3.76012E-03 
    1.79088E-02   1.24702E-02   6.83144E-02   2.54277E-01   5.21474E-01 
    1.53107E-01   2.82746E-03   0.00000E+00   3.19022E-04   1.48843E-03 
    4.62256E-01   1.80614E-01   3.48151E-01   7.17159E-03   8.99178E-01 
    9.69654E-02   3.85707E-03
   6.93000E+02   5.32361E-07   1.38355E-03   9.65123E-01   3.44953E-03 
    1.75675E-02   1.24754E-02   6.83253E-02   2.56083E-01   5.18102E-01 
    1.54714E-01   2.77561E-03   0.00000E+00   2.97169E-04   1.34508E-03 
    4.48726E-01   1.84154E-01   3.58445E-01   7.03245E-03   8.98402E-01 
    9.69647E-02   4.63341E-03
   6.83000E+02   4.31055E-07   1.24234E-03   9.65904E-01   3.15233E-03 
    1.72203E-02   1.24807E-02   6.83354E-02   2.57775E-01   5.14996E-01 
    1.56171E-01   2.72271E-03   0.00000E+00   2.77324E-04   1.21310E-03 
    4.35849E-01   1.87375E-01   3.68375E-01   6.91147E-03   8.97653E-01 
    9.69642E-02   5.38251E-03
   6.73000E+02   3.47735E-07   1.11073E-03   9.66666E-01   2.86928E-03 
    1.68681E-02   1.24858E-02   6.83449E-02   2.59351E-01   5.12157E-01 
    1.57478E-01   2.66877E-03   0.00000E+00   2.59210E-04   1.09167E-03 
    4.23567E-01   1.90295E-01   3.77979E-01   6.80805E-03   8.96930E-01 
    9.69638E-02   6.10632E-03
