
 Phase Region for:
     FCC_A1#2                      
 col-1=T, col-2=W(FCC_A1#2,C), col-3=W(FCC_A1#2,CR), col-4=W(FCC_A1#2,FE),
   col-5=W(FCC_A1#2,MN), col-6=W(FCC_A1#2,NI), col-7=W(FCC_A1#2,SI),
   col-8=NP(FCC_A1#2),
   1.17300E+03   6.16590E-04   1.77001E-02   9.26567E-01   1.08148E-02 
    2.94064E-02   1.48948E-02   1.00000E+00
   1.18300E+03   6.16590E-04   1.77001E-02   9.26567E-01   1.08148E-02 
    2.94064E-02   1.48948E-02   1.00000E+00
   1.19300E+03   6.16590E-04   1.77001E-02   9.26567E-01   1.08148E-02 
    2.94064E-02   1.48948E-02   1.00000E+00
   1.20300E+03   6.16590E-04   1.77001E-02   9.26567E-01   1.08148E-02 
    2.94064E-02   1.48948E-02   1.00000E+00
   1.21300E+03   6.16590E-04   1.77001E-02   9.26567E-01   1.08148E-02 
    2.94064E-02   1.48948E-02   1.00000E+00
   1.22300E+03   6.16590E-04   1.77001E-02   9.26567E-01   1.08148E-02 
    2.94064E-02   1.48948E-02   1.00000E+00
   1.23300E+03   6.16590E-04   1.77001E-02   9.26567E-01   1.08148E-02 
    2.94064E-02   1.48948E-02   1.00000E+00
   1.24300E+03   6.16590E-04   1.77001E-02   9.26567E-01   1.08148E-02 
    2.94064E-02   1.48948E-02   1.00000E+00
   1.25300E+03   6.16590E-04   1.77001E-02   9.26567E-01   1.08148E-02 
    2.94064E-02   1.48948E-02   1.00000E+00
   1.26300E+03   6.16590E-04   1.77001E-02   9.26567E-01   1.08148E-02 
    2.94064E-02   1.48948E-02   1.00000E+00
   1.27300E+03   6.16590E-04   1.77001E-02   9.26567E-01   1.08148E-02 
    2.94064E-02   1.48948E-02   1.00000E+00
   1.28300E+03   6.16590E-04   1.77001E-02   9.26567E-01   1.08148E-02 
    2.94064E-02   1.48948E-02   1.00000E+00
   1.29300E+03   6.16590E-04   1.77001E-02   9.26567E-01   1.08148E-02 
    2.94064E-02   1.48948E-02   1.00000E+00
   1.30300E+03   6.16590E-04   1.77001E-02   9.26567E-01   1.08148E-02 
    2.94064E-02   1.48948E-02   1.00000E+00
   1.31300E+03   6.16590E-04   1.77001E-02   9.26567E-01   1.08148E-02 
    2.94064E-02   1.48948E-02   1.00000E+00
   1.32300E+03   6.16590E-04   1.77001E-02   9.26567E-01   1.08148E-02 
    2.94064E-02   1.48948E-02   1.00000E+00
   1.33300E+03   6.16590E-04   1.77001E-02   9.26567E-01   1.08148E-02 
    2.94064E-02   1.48948E-02   1.00000E+00
   1.34300E+03   6.16590E-04   1.77001E-02   9.26567E-01   1.08148E-02 
    2.94064E-02   1.48948E-02   1.00000E+00
   1.35300E+03   6.16590E-04   1.77001E-02   9.26567E-01   1.08148E-02 
    2.94064E-02   1.48948E-02   1.00000E+00
   1.36300E+03   6.16590E-04   1.77001E-02   9.26567E-01   1.08148E-02 
    2.94064E-02   1.48948E-02   1.00000E+00
   1.37300E+03   6.16590E-04   1.77001E-02   9.26567E-01   1.08148E-02 
    2.94064E-02   1.48948E-02   1.00000E+00
   1.38300E+03   6.16590E-04   1.77001E-02   9.26567E-01   1.08148E-02 
    2.94064E-02   1.48948E-02   1.00000E+00
   1.39300E+03   6.16590E-04   1.77001E-02   9.26567E-01   1.08148E-02 
    2.94064E-02   1.48948E-02   1.00000E+00
   1.40300E+03   6.16590E-04   1.77001E-02   9.26567E-01   1.08148E-02 
    2.94064E-02   1.48948E-02   1.00000E+00
   1.41300E+03   6.16590E-04   1.77001E-02   9.26567E-01   1.08148E-02 
    2.94064E-02   1.48948E-02   1.00000E+00
   1.42300E+03   6.16590E-04   1.77001E-02   9.26567E-01   1.08148E-02 
    2.94064E-02   1.48948E-02   1.00000E+00
   1.43300E+03   6.16590E-04   1.77001E-02   9.26567E-01   1.08148E-02 
    2.94064E-02   1.48948E-02   1.00000E+00
   1.44300E+03   6.16590E-04   1.77001E-02   9.26567E-01   1.08148E-02 
    2.94064E-02   1.48948E-02   1.00000E+00
   1.45300E+03   6.16590E-04   1.77001E-02   9.26567E-01   1.08148E-02 
    2.94064E-02   1.48948E-02   1.00000E+00
   1.46300E+03   6.16590E-04   1.77001E-02   9.26567E-01   1.08148E-02 
    2.94064E-02   1.48948E-02   1.00000E+00
   1.47300E+03   6.16590E-04   1.77001E-02   9.26567E-01   1.08148E-02 
    2.94064E-02   1.48948E-02   1.00000E+00

 Phase Region for:
     FCC_A1#2                      
 col-1=T, col-2=W(FCC_A1#2,C), col-3=W(FCC_A1#2,CR), col-4=W(FCC_A1#2,FE),
   col-5=W(FCC_A1#2,MN), col-6=W(FCC_A1#2,NI), col-7=W(FCC_A1#2,SI),
   col-8=NP(FCC_A1#2),
   1.17300E+03   6.16590E-04   1.77001E-02   9.26567E-01   1.08148E-02 
    2.94064E-02   1.48948E-02   1.00000E+00
   1.16300E+03   6.16590E-04   1.77001E-02   9.26567E-01   1.08148E-02 
    2.94064E-02   1.48948E-02   1.00000E+00
   1.15300E+03   6.16590E-04   1.77001E-02   9.26567E-01   1.08148E-02 
    2.94064E-02   1.48948E-02   1.00000E+00
   1.14300E+03   6.16590E-04   1.77001E-02   9.26567E-01   1.08148E-02 
    2.94064E-02   1.48948E-02   1.00000E+00
   1.13300E+03   6.16590E-04   1.77001E-02   9.26567E-01   1.08148E-02 
    2.94064E-02   1.48948E-02   1.00000E+00
   1.12300E+03   6.16590E-04   1.77001E-02   9.26567E-01   1.08148E-02 
    2.94064E-02   1.48948E-02   1.00000E+00
   1.11300E+03   6.16590E-04   1.77001E-02   9.26567E-01   1.08148E-02 
    2.94064E-02   1.48948E-02   1.00000E+00
   1.10300E+03   6.16590E-04   1.77001E-02   9.26567E-01   1.08148E-02 
    2.94064E-02   1.48948E-02   1.00000E+00
   1.09300E+03   6.16590E-04   1.77001E-02   9.26567E-01   1.08148E-02 
    2.94064E-02   1.48948E-02   1.00000E+00
   1.08300E+03   6.16590E-04   1.77001E-02   9.26567E-01   1.08148E-02 
    2.94064E-02   1.48948E-02   1.00000E+00
   1.07300E+03   6.16590E-04   1.77001E-02   9.26567E-01   1.08148E-02 
    2.94064E-02   1.48948E-02   1.00000E+00
   1.06300E+03   6.16590E-04   1.77001E-02   9.26567E-01   1.08148E-02 
    2.94064E-02   1.48948E-02   1.00000E+00
   1.06202E+03   6.16590E-04   1.77001E-02   9.26567E-01   1.08148E-02 
    2.94064E-02   1.48948E-02   1.00000E+00

 Phase Region for:
     BCC_A2                        
     FCC_A1#2                      
 col-1=T, col-2=W(BCC_A2,C), col-3=W(BCC_A2,CR), col-4=W(BCC_A2,FE),
   col-5=W(BCC_A2,MN), col-6=W(BCC_A2,NI), col-7=W(BCC_A2,SI),
   col-8=W(FCC_A1#2,C), col-9=W(FCC_A1#2,CR), col-10=W(FCC_A1#2,FE),
   col-11=W(FCC_A1#2,MN), col-12=W(FCC_A1#2,NI), col-13=W(FCC_A1#2,SI),
   col-14=NP(BCC_A2), col-15=NP(FCC_A1#2),
   1.06202E+03   2.15191E-05   1.48602E-02   9.49739E-01   4.59479E-03 
    1.35736E-02   1.72111E-02   6.16591E-04   1.77001E-02   9.26567E-01 
    1.08148E-02   2.94064E-02   1.48948E-02   1.19235E-06   9.99999E-01
   1.05300E+03   2.26503E-05   1.50127E-02   9.49204E-01   4.72863E-03 
    1.40887E-02   1.69431E-02   6.84505E-04   1.80074E-02   9.23979E-01 
    1.15107E-02   3.11579E-02   1.46606E-02   1.02644E-01   8.97356E-01
   1.04300E+03   2.39975E-05   1.51718E-02   9.48585E-01   4.87406E-03 
    1.46640E-02   1.66811E-02   7.69735E-04   1.83535E-02   9.20877E-01 
    1.23501E-02   3.32163E-02   1.44331E-02   2.05367E-01   7.94633E-01
   1.03300E+03   2.54381E-05   1.53196E-02   9.47951E-01   5.01418E-03 
    1.52377E-02   1.64524E-02   8.66543E-04   1.87066E-02   9.17526E-01 
    1.32674E-02   3.53973E-02   1.42362E-02   2.97113E-01   7.02887E-01
   1.02300E+03   2.69664E-05   1.54554E-02   9.47314E-01   5.14660E-03 
    1.58036E-02   1.62530E-02   9.76171E-04   1.90690E-02   9.13915E-01 
    1.42715E-02   3.77021E-02   1.40665E-02   3.78671E-01   6.21329E-01
   1.01300E+03   2.85738E-05   1.55789E-02   9.46689E-01   5.26876E-03 
    1.63553E-02   1.60797E-02   1.09991E-03   1.94436E-02   9.10029E-01 
    1.53733E-02   4.01337E-02   1.39209E-02   4.50873E-01   5.49127E-01
   1.00300E+03   3.02420E-05   1.56873E-02   9.46105E-01   5.37150E-03 
    1.68794E-02   1.59268E-02   1.23873E-03   1.98357E-02   9.05837E-01 
    1.65904E-02   4.26981E-02   1.37998E-02   5.14428E-01   4.85572E-01
   9.93000E+02   3.19541E-05   1.57682E-02   9.45671E-01   5.41575E-03 
    1.73337E-02   1.57790E-02   1.39329E-03   2.02666E-02   9.01187E-01 
    1.79875E-02   4.54452E-02   1.37201E-02   5.70033E-01   4.29967E-01
   9.83000E+02   3.37832E-05   1.58532E-02   9.45179E-01   5.47548E-03 
    1.77980E-02   1.56601E-02   1.56925E-03   2.07191E-02   8.96144E-01 
    1.95425E-02   4.83816E-02   1.36438E-02   6.19807E-01   3.80193E-01
   9.73000E+02   3.56786E-05   1.59373E-02   9.44659E-01   5.54411E-03 
    1.82587E-02   1.55653E-02   1.76721E-03   2.11917E-02   8.90733E-01 
    2.12546E-02   5.14869E-02   1.35668E-02   6.63769E-01   3.36231E-01
   9.63000E+02   3.75901E-05   1.60175E-02   9.44133E-01   5.61647E-03 
    1.87053E-02   1.54902E-02   1.98765E-03   2.16845E-02   8.84972E-01 
    2.31243E-02   5.47465E-02   1.34850E-02   7.02245E-01   2.97755E-01
   9.62041E+02   3.77724E-05   1.60249E-02   9.44083E-01   5.62344E-03 
    1.87470E-02   1.54839E-02   2.00998E-03   2.17329E-02   8.84402E-01 
    2.33120E-02   5.50667E-02   1.34768E-02   7.05662E-01   2.94338E-01

 Phase Region for:
     BCC_A2                        
     CEMENTITE                     
     FCC_A1#2                      
 col-1=T, col-2=W(BCC_A2,C), col-3=W(BCC_A2,CR), col-4=W(BCC_A2,FE),
   col-5=W(BCC_A2,MN), col-6=W(BCC_A2,NI), col-7=W(BCC_A2,SI),
   col-8=W(CEMENTITE,C), col-9=W(CEMENTITE,CR), col-10=W(CEMENTITE,FE),
   col-11=W(CEMENTITE,MN), col-12=W(CEMENTITE,NI), col-13=W(CEMENTITE,SI),
   col-14=W(FCC_A1#2,C), col-15=W(FCC_A1#2,CR), col-16=W(FCC_A1#2,FE),
   col-17=W(FCC_A1#2,MN), col-18=W(FCC_A1#2,NI), col-19=W(FCC_A1#2,SI),
   col-20=NP(BCC_A2), col-21=NP(CEMENTITE), col-22=NP(FCC_A1#2),
   9.62041E+02   3.77724E-05   1.60249E-02   9.44083E-01   5.62345E-03 
    1.87471E-02   1.54838E-02   6.86699E-02   3.53658E-01   5.48195E-01 
    2.73618E-02   2.11516E-03   0.00000E+00   2.00998E-03   2.17328E-02 
    8.84402E-01   2.33120E-02   5.50668E-02   1.34768E-02   7.05663E-01 
    3.65568E-08   2.94337E-01
   9.53000E+02   3.26511E-05   1.56384E-02   9.43358E-01   5.93190E-03 
    1.96659E-02   1.53734E-02   6.87077E-02   3.60715E-01   5.38204E-01 
    3.01765E-02   2.19685E-03   0.00000E+00   1.83859E-03   2.10282E-02 
    8.76342E-01   2.63206E-02   6.09705E-02   1.35000E-02   7.59878E-01 
    2.86005E-03   2.37262E-01
   9.43000E+02   2.75757E-05   1.52909E-02   9.42578E-01   6.24614E-03 
    2.05707E-02   1.52872E-02   6.87570E-02   3.70021E-01   5.25683E-01 
    3.32715E-02   2.26672E-03   0.00000E+00   1.65221E-03   2.03294E-02 
    8.66743E-01   2.98928E-02   6.78433E-02   1.35393E-02   8.06122E-01 
    5.17304E-03   1.88704E-01
   9.33000E+02   2.31097E-05   1.50033E-02   9.41861E-01   6.52770E-03 
    2.13576E-02   1.52275E-02   6.88130E-02   3.80683E-01   5.11877E-01 
    3.63106E-02   2.31625E-03   0.00000E+00   1.47254E-03   1.96886E-02 
    8.56434E-01   3.37240E-02   7.51010E-02   1.35795E-02   8.41457E-01 
    6.83471E-03   1.51708E-01
   9.23000E+02   1.92232E-05   1.47574E-02   9.41235E-01   6.77336E-03 
    2.20291E-02   1.51863E-02   6.88748E-02   3.92523E-01   4.96997E-01 
    3.92583E-02   2.34705E-03   0.00000E+00   1.30200E-03   1.90856E-02 
    8.45401E-01   3.78210E-02   8.27807E-02   1.36099E-02   8.68570E-01 
    8.02925E-03   1.23401E-01
   9.13000E+02   1.58738E-05   1.45402E-02   9.40716E-01   6.98096E-03 
    2.25891E-02   1.51581E-02   6.89418E-02   4.05409E-01   4.81208E-01 
    4.20807E-02   2.36088E-03   0.00000E+00   1.14220E-03   1.85056E-02 
    8.33604E-01   4.21958E-02   9.09298E-02   1.36226E-02   8.89443E-01 
    8.88971E-03   1.01668E-01
   9.03000E+02   1.30125E-05   1.43423E-02   9.40314E-01   7.14918E-03 
    2.30422E-02   1.51390E-02   6.90133E-02   4.19244E-01   4.64638E-01 
    4.47452E-02   2.35946E-03   0.00000E+00   9.94124E-04   1.79383E-02 
    8.20988E-01   4.68650E-02   9.96035E-02   1.36113E-02   9.05551E-01 
    9.51149E-03   8.49379E-02
   8.93000E+02   1.05883E-05   1.41571E-02   9.40035E-01   7.27738E-03 
    2.33932E-02   1.51265E-02   6.90889E-02   4.33952E-01   4.47395E-01 
    4.72199E-02   2.34443E-03   0.00000E+00   8.58299E-04   1.73762E-02 
    8.07483E-01   5.18496E-02   1.08862E-01   1.35709E-02   9.17997E-01 
    9.96274E-03   7.20400E-02
   8.83000E+02   8.55064E-06   1.39798E-02   9.39880E-01   7.36549E-03 
    2.36470E-02   1.51190E-02   6.91684E-02   4.49476E-01   4.29565E-01 
    4.94739E-02   2.31732E-03   0.00000E+00   7.34920E-04   1.68143E-02 
    7.93010E-01   5.71744E-02   1.18770E-01   1.34973E-02   9.27617E-01 
    1.02920E-02   6.20914E-02
   8.73000E+02   6.85122E-06   1.38071E-02   9.39849E-01   7.41392E-03 
    2.38082E-02   1.51151E-02   6.92515E-02   4.65765E-01   4.11226E-01 
    5.14776E-02   2.27950E-03   0.00000E+00   6.23935E-04   1.62497E-02 
    7.77489E-01   6.28655E-02   1.29385E-01   1.33869E-02   9.35044E-01 
    1.05339E-02   5.44221E-02
   8.63000E+02   5.44496E-06   1.36366E-02   9.39939E-01   7.42350E-03 
    2.38816E-02   1.51142E-02   6.93378E-02   4.82775E-01   3.92452E-01 
    5.32027E-02   2.23220E-03   0.00000E+00   5.25106E-04   1.56816E-02 
    7.60850E-01   6.89472E-02   1.40758E-01   1.32373E-02   9.40767E-01 
    1.07128E-02   4.85206E-02
   8.53000E+02   4.29056E-06   1.34669E-02   9.40146E-01   7.39547E-03 
    2.38720E-02   1.51156E-02   6.94272E-02   5.00458E-01   3.73315E-01 
    5.46234E-02   2.17658E-03   0.00000E+00   4.38046E-04   1.51110E-02 
    7.43053E-01   7.54359E-02   1.52915E-01   1.30468E-02   9.45160E-01 
    1.08462E-02   4.39941E-02
   8.43000E+02   3.35071E-06   1.32969E-02   9.40465E-01   7.33146E-03 
    2.37844E-02   1.51192E-02   6.95193E-02   5.18762E-01   3.53888E-01 
    5.57172E-02   2.11367E-03   0.00000E+00   3.62239E-04   1.45411E-02 
    7.24108E-01   8.23323E-02   1.65841E-01   1.28152E-02   9.48512E-01 
    1.09465E-02   4.05416E-02
   8.33000E+02   2.59210E-06   1.31262E-02   9.40889E-01   7.23351E-03 
    2.36246E-02   1.51246E-02   6.96138E-02   5.37623E-01   3.34253E-01 
    5.64658E-02   2.04444E-03   0.00000E+00   2.97045E-04   1.39771E-02 
    7.04103E-01   8.96116E-02   1.79467E-01   1.25444E-02   9.51045E-01 
    1.10224E-02   3.79328E-02
   8.23000E+02   1.98530E-06   1.29545E-02   9.41409E-01   7.10407E-03 
    2.33987E-02   1.51316E-02   6.97103E-02   5.56967E-01   3.14496E-01 
    5.68569E-02   1.96983E-03   0.00000E+00   2.41693E-04   1.34262E-02 
    6.83222E-01   9.72160E-02   1.93655E-01   1.22385E-02   9.52927E-01 
    1.10801E-02   3.59925E-02
   8.13000E+02   1.50454E-06   1.27820E-02   9.42017E-01   6.94604E-03 
    2.31135E-02   1.51400E-02   6.98083E-02   5.76706E-01   2.94710E-01 
    5.68848E-02   1.89067E-03   0.00000E+00   1.95288E-04   1.28966E-02 
    6.61748E-01   1.05053E-01   2.08203E-01   1.19044E-02   9.54288E-01 
    1.11243E-02   3.45872E-02
   8.03000E+02   1.12749E-06   1.26089E-02   9.42702E-01   6.76262E-03 
    2.27762E-02   1.51496E-02   6.99075E-02   5.96736E-01   2.74998E-01 
    5.65515E-02   1.80777E-03   0.00000E+00   1.56826E-04   1.23962E-02 
    6.40026E-01   1.13004E-01   2.22866E-01   1.15507E-02   9.55228E-01 
    1.11582E-02   3.36137E-02
   7.93000E+02   8.34945E-07   1.24359E-02   9.43452E-01   6.55730E-03 
    2.23941E-02   1.51602E-02   7.00071E-02   6.16939E-01   2.55465E-01 
    5.58667E-02   1.72180E-03   0.00000E+00   1.25251E-04   1.19315E-02 
    6.18415E-01   1.20943E-01   2.37399E-01   1.11865E-02   9.55826E-01 
    1.11844E-02   3.29896E-02
   7.83000E+02   6.10552E-07   1.22636E-02   9.44256E-01   6.33361E-03 
    2.19743E-02   1.51716E-02   7.01066E-02   6.37190E-01   2.36223E-01 
    5.48468E-02   1.63341E-03   0.00000E+00   9.95148E-05   1.15065E-02 
    5.97233E-01   1.28752E-01   2.51589E-01   1.08207E-02   9.56148E-01 
    1.12046E-02   3.26473E-02
   7.73000E+02   4.40532E-07   1.20928E-02   9.45105E-01   6.09502E-03 
    2.15233E-02   1.51836E-02   7.02053E-02   6.57353E-01   2.17385E-01 
    5.35141E-02   1.54311E-03   0.00000E+00   7.86490E-05   1.11228E-02 
    5.76714E-01   1.36340E-01   2.65284E-01   1.04601E-02   9.56250E-01 
    1.12203E-02   3.25298E-02
   7.63000E+02   3.13387E-07   1.19247E-02   9.45987E-01   5.84477E-03 
    2.10472E-02   1.51962E-02   7.03026E-02   6.77291E-01   1.99060E-01 
    5.18955E-02   1.45137E-03   0.00000E+00   6.17990E-05   1.07803E-02 
    5.57009E-01   1.43644E-01   2.78395E-01   1.01098E-02   9.56178E-01 
    1.12327E-02   3.25890E-02
   7.53000E+02   2.19625E-07   1.17600E-02   9.46894E-01   5.58578E-03 
    2.05512E-02   1.52090E-02   7.03978E-02   6.96868E-01   1.81354E-01 
    5.00213E-02   1.35866E-03   0.00000E+00   4.82411E-05   1.04774E-02 
    5.38189E-01   1.50627E-01   2.90885E-01   9.77319E-03   9.55973E-01 
    1.12423E-02   3.27849E-02
   7.43000E+02   1.51505E-07   1.15998E-02   9.47817E-01   5.32068E-03 
    2.00399E-02   1.52222E-02   7.04903E-02   7.15953E-01   1.64367E-01 
    4.79245E-02   1.26541E-03   0.00000E+00   3.73756E-05   1.02120E-02 
    5.20269E-01   1.57273E-01   3.02756E-01   9.45199E-03   9.55665E-01 
    1.12499E-02   3.30846E-02
   7.33000E+02   1.02791E-07   1.14451E-02   9.48751E-01   5.05176E-03 
    1.95171E-02   1.52354E-02   7.05796E-02   7.34425E-01   1.48184E-01 
    4.56397E-02   1.17211E-03   0.00000E+00   2.87111E-05   9.98156E-03 
    5.03229E-01   1.63578E-01   3.14035E-01   9.14706E-03   9.55283E-01 
    1.12559E-02   3.34614E-02
   7.23000E+02   6.85363E-08   1.12965E-02   9.49687E-01   4.78102E-03 
    1.89863E-02   1.52487E-02   7.06652E-02   7.52175E-01   1.32878E-01 
    4.32025E-02   1.07931E-03   0.00000E+00   2.18447E-05   9.78395E-03 
    4.87025E-01   1.69549E-01   3.24761E-01   8.85862E-03   9.54845E-01 
    1.12606E-02   3.38940E-02
   7.13000E+02   4.48718E-08   1.11548E-02   9.50623E-01   4.51024E-03 
    1.84504E-02   1.52619E-02   7.07466E-02   7.69110E-01   1.18507E-01 
    4.06490E-02   9.87593E-04   0.00000E+00   1.64449E-05   9.61707E-03 
    4.71605E-01   1.75195E-01   3.34980E-01   8.58650E-03   9.54371E-01 
    1.12643E-02   3.43651E-02
   7.03000E+02   2.88254E-08   1.10205E-02   9.51552E-01   4.24095E-03 
    1.79116E-02   1.52751E-02   7.08234E-02   7.85152E-01   1.05112E-01 
    3.80149E-02   8.97627E-04   0.00000E+00   1.22371E-05   9.47914E-03 
    4.56911E-01   1.80529E-01   3.44738E-01   8.33034E-03   9.53872E-01 
    1.12671E-02   3.48612E-02
   6.93000E+02   1.81552E-08   1.08940E-02   9.52471E-01   3.97452E-03 
    1.73723E-02   1.52880E-02   7.08955E-02   8.00243E-01   9.27168E-02 
    3.53346E-02   8.10097E-04   0.00000E+00   8.99268E-06   9.36866E-03 
    4.42888E-01   1.85563E-01   3.54081E-01   8.08973E-03   9.53359E-01 
    1.12693E-02   3.53715E-02
   6.83000E+02   1.12028E-08   1.07755E-02   9.53377E-01   3.71218E-03 
    1.68340E-02   1.53007E-02   7.09626E-02   8.14342E-01   8.13282E-02 
    3.26411E-02   7.25700E-04   0.00000E+00   6.52060E-06   9.28436E-03 
    4.29483E-01   1.90309E-01   3.63053E-01   7.86423E-03   9.52842E-01 
    1.12710E-02   3.58874E-02
   6.73000E+02   6.76784E-09   1.06653E-02   9.54268E-01   3.45500E-03 
    1.62984E-02   1.53131E-02   7.10248E-02   8.27426E-01   7.09387E-02 
    2.99654E-02   6.45105E-04   0.00000E+00   4.66153E-06   9.22523E-03 
    4.16647E-01   1.94778E-01   3.71691E-01   7.65344E-03   9.52325E-01 
    1.12723E-02   3.64022E-02
