
 Phase Region for:
     FCC_A1#2                      
 col-1=T, col-2=W(FCC_A1#2,C), col-3=W(FCC_A1#2,CR), col-4=W(FCC_A1#2,FE),
   col-5=W(FCC_A1#2,MN), col-6=W(FCC_A1#2,NI), col-7=W(FCC_A1#2,SI),
   col-8=NP(FCC_A1#2),
   1.17300E+03   3.32525E-03   1.27522E-03   9.37429E-01   1.66988E-02 
    1.31105E-02   2.81610E-02   1.00000E+00
   1.18300E+03   3.32525E-03   1.27522E-03   9.37429E-01   1.66988E-02 
    1.31105E-02   2.81610E-02   1.00000E+00
   1.19300E+03   3.32525E-03   1.27522E-03   9.37429E-01   1.66988E-02 
    1.31105E-02   2.81610E-02   1.00000E+00
   1.20300E+03   3.32525E-03   1.27522E-03   9.37429E-01   1.66988E-02 
    1.31105E-02   2.81610E-02   1.00000E+00
   1.21300E+03   3.32525E-03   1.27522E-03   9.37429E-01   1.66988E-02 
    1.31105E-02   2.81610E-02   1.00000E+00
   1.22300E+03   3.32525E-03   1.27522E-03   9.37429E-01   1.66988E-02 
    1.31105E-02   2.81610E-02   1.00000E+00
   1.23300E+03   3.32525E-03   1.27522E-03   9.37429E-01   1.66988E-02 
    1.31105E-02   2.81610E-02   1.00000E+00
   1.24300E+03   3.32525E-03   1.27522E-03   9.37429E-01   1.66988E-02 
    1.31105E-02   2.81610E-02   1.00000E+00
   1.25300E+03   3.32525E-03   1.27522E-03   9.37429E-01   1.66988E-02 
    1.31105E-02   2.81610E-02   1.00000E+00
   1.26300E+03   3.32525E-03   1.27522E-03   9.37429E-01   1.66988E-02 
    1.31105E-02   2.81610E-02   1.00000E+00
   1.27300E+03   3.32525E-03   1.27522E-03   9.37429E-01   1.66988E-02 
    1.31105E-02   2.81610E-02   1.00000E+00
   1.28300E+03   3.32525E-03   1.27522E-03   9.37429E-01   1.66988E-02 
    1.31105E-02   2.81610E-02   1.00000E+00
   1.29300E+03   3.32525E-03   1.27522E-03   9.37429E-01   1.66988E-02 
    1.31105E-02   2.81610E-02   1.00000E+00
   1.30300E+03   3.32525E-03   1.27522E-03   9.37429E-01   1.66988E-02 
    1.31105E-02   2.81610E-02   1.00000E+00
   1.31300E+03   3.32525E-03   1.27522E-03   9.37429E-01   1.66988E-02 
    1.31105E-02   2.81610E-02   1.00000E+00
   1.32300E+03   3.32525E-03   1.27522E-03   9.37429E-01   1.66988E-02 
    1.31105E-02   2.81610E-02   1.00000E+00
   1.33300E+03   3.32525E-03   1.27522E-03   9.37429E-01   1.66988E-02 
    1.31105E-02   2.81610E-02   1.00000E+00
   1.34300E+03   3.32525E-03   1.27522E-03   9.37429E-01   1.66988E-02 
    1.31105E-02   2.81610E-02   1.00000E+00
   1.35300E+03   3.32525E-03   1.27522E-03   9.37429E-01   1.66988E-02 
    1.31105E-02   2.81610E-02   1.00000E+00
   1.36300E+03   3.32525E-03   1.27522E-03   9.37429E-01   1.66988E-02 
    1.31105E-02   2.81610E-02   1.00000E+00
   1.37300E+03   3.32525E-03   1.27522E-03   9.37429E-01   1.66988E-02 
    1.31105E-02   2.81610E-02   1.00000E+00
   1.38300E+03   3.32525E-03   1.27522E-03   9.37429E-01   1.66988E-02 
    1.31105E-02   2.81610E-02   1.00000E+00
   1.39300E+03   3.32525E-03   1.27522E-03   9.37429E-01   1.66988E-02 
    1.31105E-02   2.81610E-02   1.00000E+00
   1.40300E+03   3.32525E-03   1.27522E-03   9.37429E-01   1.66988E-02 
    1.31105E-02   2.81610E-02   1.00000E+00
   1.41300E+03   3.32525E-03   1.27522E-03   9.37429E-01   1.66988E-02 
    1.31105E-02   2.81610E-02   1.00000E+00
   1.42300E+03   3.32525E-03   1.27522E-03   9.37429E-01   1.66988E-02 
    1.31105E-02   2.81610E-02   1.00000E+00
   1.43300E+03   3.32525E-03   1.27522E-03   9.37429E-01   1.66988E-02 
    1.31105E-02   2.81610E-02   1.00000E+00
   1.44300E+03   3.32525E-03   1.27522E-03   9.37429E-01   1.66988E-02 
    1.31105E-02   2.81610E-02   1.00000E+00
   1.45300E+03   3.32525E-03   1.27522E-03   9.37429E-01   1.66988E-02 
    1.31105E-02   2.81610E-02   1.00000E+00
   1.46300E+03   3.32525E-03   1.27522E-03   9.37429E-01   1.66988E-02 
    1.31105E-02   2.81610E-02   1.00000E+00
   1.47300E+03   3.32525E-03   1.27522E-03   9.37429E-01   1.66988E-02 
    1.31105E-02   2.81610E-02   1.00000E+00

 Phase Region for:
     FCC_A1#2                      
 col-1=T, col-2=W(FCC_A1#2,C), col-3=W(FCC_A1#2,CR), col-4=W(FCC_A1#2,FE),
   col-5=W(FCC_A1#2,MN), col-6=W(FCC_A1#2,NI), col-7=W(FCC_A1#2,SI),
   col-8=NP(FCC_A1#2),
   1.17300E+03   3.32525E-03   1.27522E-03   9.37429E-01   1.66988E-02 
    1.31105E-02   2.81610E-02   1.00000E+00
   1.16300E+03   3.32525E-03   1.27522E-03   9.37429E-01   1.66988E-02 
    1.31105E-02   2.81610E-02   1.00000E+00
   1.15300E+03   3.32525E-03   1.27522E-03   9.37429E-01   1.66988E-02 
    1.31105E-02   2.81610E-02   1.00000E+00
   1.14300E+03   3.32525E-03   1.27522E-03   9.37429E-01   1.66988E-02 
    1.31105E-02   2.81610E-02   1.00000E+00
   1.13300E+03   3.32525E-03   1.27522E-03   9.37429E-01   1.66988E-02 
    1.31105E-02   2.81610E-02   1.00000E+00
   1.12300E+03   3.32525E-03   1.27522E-03   9.37429E-01   1.66988E-02 
    1.31105E-02   2.81610E-02   1.00000E+00
   1.11300E+03   3.32525E-03   1.27522E-03   9.37429E-01   1.66988E-02 
    1.31105E-02   2.81610E-02   1.00000E+00
   1.10300E+03   3.32525E-03   1.27522E-03   9.37429E-01   1.66988E-02 
    1.31105E-02   2.81610E-02   1.00000E+00
   1.09300E+03   3.32525E-03   1.27522E-03   9.37429E-01   1.66988E-02 
    1.31105E-02   2.81610E-02   1.00000E+00
   1.08799E+03   3.32525E-03   1.27522E-03   9.37429E-01   1.66988E-02 
    1.31105E-02   2.81610E-02   1.00000E+00

 Phase Region for:
     BCC_A2                        
     FCC_A1#2                      
 col-1=T, col-2=W(BCC_A2,C), col-3=W(BCC_A2,CR), col-4=W(BCC_A2,FE),
   col-5=W(BCC_A2,MN), col-6=W(BCC_A2,NI), col-7=W(BCC_A2,SI),
   col-8=W(FCC_A1#2,C), col-9=W(FCC_A1#2,CR), col-10=W(FCC_A1#2,FE),
   col-11=W(FCC_A1#2,MN), col-12=W(FCC_A1#2,NI), col-13=W(FCC_A1#2,SI),
   col-14=NP(BCC_A2), col-15=NP(FCC_A1#2),
   1.08799E+03   1.28006E-04   9.23848E-04   9.50507E-01   7.82657E-03 
    6.60228E-03   3.40120E-02   3.32525E-03   1.27522E-03   9.37429E-01 
    1.66988E-02   1.31105E-02   2.81610E-02   6.28894E-07   9.99999E-01
   1.08300E+03   1.27967E-04   9.24119E-04   9.50562E-01   7.86141E-03 
    6.65343E-03   3.38713E-02   3.42823E-03   1.28653E-03   9.37006E-01 
    1.69834E-02   1.33185E-02   2.79771E-02   3.10256E-02   9.68974E-01
   1.07300E+03   1.27934E-04   9.24478E-04   9.50663E-01   7.92776E-03 
    6.75753E-03   3.35991E-02   3.64758E-03   1.31058E-03   9.36095E-01 
    1.75830E-02   1.37510E-02   2.76128E-02   9.10385E-02   9.08961E-01
   1.06300E+03   1.27953E-04   9.24546E-04   9.50756E-01   7.98843E-03 
    6.86320E-03   3.33396E-02   3.88528E-03   1.33664E-03   9.35095E-01 
    1.82245E-02   1.42048E-02   2.72539E-02   1.48131E-01   8.51869E-01
   1.05300E+03   1.28008E-04   9.24267E-04   9.50843E-01   8.04214E-03 
    6.96973E-03   3.30926E-02   4.14261E-03   1.36494E-03   9.34000E-01 
    1.89118E-02   1.46804E-02   2.69003E-02   2.02291E-01   7.97709E-01
   1.04300E+03   1.28088E-04   9.23586E-04   9.50926E-01   8.08746E-03 
    7.07639E-03   3.28580E-02   4.42092E-03   1.39572E-03   9.32804E-01 
    1.96499E-02   1.51784E-02   2.65513E-02   2.53537E-01   7.46463E-01
   1.03300E+03   1.28180E-04   9.22445E-04   9.51009E-01   8.12283E-03 
    7.18241E-03   3.26351E-02   4.72167E-03   1.42931E-03   9.31498E-01 
    2.04446E-02   1.56998E-02   2.62068E-02   3.01916E-01   6.98084E-01
   1.02300E+03   1.28274E-04   9.20782E-04   9.51094E-01   8.14654E-03 
    7.28694E-03   3.24236E-02   5.04642E-03   1.46604E-03   9.30073E-01 
    2.13031E-02   1.62458E-02   2.58661E-02   3.47492E-01   6.52508E-01
   1.01300E+03   1.28362E-04   9.18532E-04   9.51185E-01   8.15662E-03 
    7.38908E-03   3.22227E-02   5.39685E-03   1.50635E-03   9.28516E-01 
    2.22342E-02   1.68180E-02   2.55290E-02   3.90352E-01   6.09648E-01
   1.00597E+03   1.28415E-04   9.16562E-04   9.51254E-01   8.15436E-03 
    7.45892E-03   3.20874E-02   5.65957E-03   1.53711E-03   9.27334E-01 
    2.29379E-02   1.72373E-02   2.52940E-02   4.18913E-01   5.81087E-01

 Phase Region for:
     BCC_A2                        
     CEMENTITE                     
     FCC_A1#2                      
 col-1=T, col-2=W(BCC_A2,C), col-3=W(BCC_A2,CR), col-4=W(BCC_A2,FE),
   col-5=W(BCC_A2,MN), col-6=W(BCC_A2,NI), col-7=W(BCC_A2,SI),
   col-8=W(CEMENTITE,C), col-9=W(CEMENTITE,CR), col-10=W(CEMENTITE,FE),
   col-11=W(CEMENTITE,MN), col-12=W(CEMENTITE,NI), col-13=W(CEMENTITE,SI),
   col-14=W(FCC_A1#2,C), col-15=W(FCC_A1#2,CR), col-16=W(FCC_A1#2,FE),
   col-17=W(FCC_A1#2,MN), col-18=W(FCC_A1#2,NI), col-19=W(FCC_A1#2,SI),
   col-20=NP(BCC_A2), col-21=NP(CEMENTITE), col-22=NP(FCC_A1#2),
   1.00597E+03   1.28415E-04   9.16561E-04   9.51254E-01   8.15436E-03 
    7.45892E-03   3.20873E-02   6.70207E-02   1.74086E-02   8.71528E-01 
    4.20644E-02   1.97851E-03   0.00000E+00   5.65957E-03   1.53711E-03 
    9.27334E-01   2.29380E-02   1.72373E-02   2.52940E-02   4.18915E-01 
    2.20853E-07   5.81085E-01
   1.00300E+03   1.24087E-04   8.81483E-04   9.51025E-01   8.41681E-03 
    7.73099E-03   3.18212E-02   6.70205E-02   1.69670E-02   8.69874E-01 
    4.40881E-02   2.04990E-03   0.00000E+00   5.59206E-03   1.47508E-03 
    9.25762E-01   2.39442E-02   1.81066E-02   2.51203E-02   4.69786E-01 
    6.28076E-03   5.23933E-01
   9.93000E+02   1.10048E-04   7.89405E-04   9.50044E-01   9.29232E-03 
    8.67390E-03   3.10906E-02   6.70222E-02   1.58864E-02   8.63557E-01 
    5.12365E-02   2.29798E-03   0.00000E+00   5.35381E-03   1.30929E-03 
    9.19853E-01   2.75015E-02   2.13026E-02   2.46803E-02   6.13756E-01 
    2.36649E-02   3.62579E-01
   9.83000E+02   9.70068E-05   7.24879E-04   9.48900E-01   1.00911E-02 
    9.61875E-03   3.05681E-02   6.70267E-02   1.52615E-02   8.56318E-01 
    5.88414E-02   2.55253E-03   0.00000E+00   5.10303E-03   1.19012E-03 
    9.13081E-01   3.12932E-02   2.48982E-02   2.44348E-02   7.20889E-01 
    3.60892E-02   2.43021E-01
   9.73000E+02   8.50609E-05   6.77260E-04   9.47738E-01   1.07675E-02 
    1.05293E-02   3.02025E-02   6.70333E-02   1.49392E-02   8.48290E-01 
    6.69288E-02   2.80913E-03   0.00000E+00   4.84418E-03   1.10002E-03 
    9.05472E-01   3.53373E-02   2.89035E-02   2.43428E-02   7.98929E-01 
    4.47248E-02   1.56346E-01
   9.63000E+02   7.42352E-05   6.40550E-04   9.46521E-01   1.13839E-02 
    1.14290E-02   2.99516E-02   6.70410E-02   1.47995E-02   8.39829E-01 
    7.52654E-02   3.06533E-03   0.00000E+00   4.58389E-03   1.02668E-03 
    8.97222E-01   3.95169E-02   3.33387E-02   2.43116E-02   8.56377E-01 
    5.07179E-02   9.29055E-02
   9.53000E+02   6.45258E-05   6.10896E-04   9.45318E-01   1.19226E-02 
    1.23058E-02   2.97783E-02   6.70495E-02   1.47864E-02   8.31104E-01 
    8.37417E-02   3.31826E-03   0.00000E+00   4.32506E-03   9.64134E-04 
    8.88393E-01   4.37882E-02   3.82233E-02   2.43066E-02   8.98340E-01 
    5.48075E-02   4.68529E-02
   9.43000E+02   5.58864E-05   5.85879E-04   9.44175E-01   1.23741E-02 
    1.31516E-02   2.96573E-02   6.70585E-02   1.48634E-02   8.22238E-01 
    9.22744E-02   3.56601E-03   0.00000E+00   4.06971E-03   9.08650E-04 
    8.79000E-01   4.81281E-02   4.35894E-02   2.43037E-02   9.28727E-01 
    5.75437E-02   1.37293E-02
   9.37593E+02   5.16365E-05   5.73708E-04   9.43593E-01   1.25802E-02 
    1.35940E-02   2.96074E-02   6.70635E-02   1.49339E-02   8.17417E-01 
    9.68886E-02   3.69731E-03   0.00000E+00   3.93355E-03   8.80705E-04 
    8.73682E-01   5.05003E-02   4.67066E-02   2.42968E-02   9.41395E-01 
    5.86046E-02   0.00000E+00

 Phase Region for:
     BCC_A2                        
     CEMENTITE                     
 col-1=T, col-2=W(BCC_A2,C), col-3=W(BCC_A2,CR), col-4=W(BCC_A2,FE),
   col-5=W(BCC_A2,MN), col-6=W(BCC_A2,NI), col-7=W(BCC_A2,SI),
   col-8=W(CEMENTITE,C), col-9=W(CEMENTITE,CR), col-10=W(CEMENTITE,FE),
   col-11=W(CEMENTITE,MN), col-12=W(CEMENTITE,NI), col-13=W(CEMENTITE,SI),
   col-14=NP(BCC_A2), col-15=NP(CEMENTITE),
   9.37593E+02   5.16365E-05   5.73708E-04   9.43593E-01   1.25802E-02 
    1.35940E-02   2.96074E-02   6.70635E-02   1.49339E-02   8.17417E-01 
    9.68886E-02   3.69731E-03   0.00000E+00   9.41395E-01   5.86046E-02  NONE
   9.33000E+02   4.84787E-05   5.65503E-04   9.43722E-01   1.24620E-02 
    1.35937E-02   2.96087E-02   6.70667E-02   1.50810E-02   8.15026E-01 
    9.91153E-02   3.71143E-03   0.00000E+00   9.41342E-01   5.86584E-02  NONE
   9.23000E+02   4.21754E-05   5.47585E-04   9.44005E-01   1.22009E-02 
    1.35930E-02   2.96113E-02   6.70736E-02   1.54039E-02   8.09746E-01 
    1.04035E-01   3.74158E-03   0.00000E+00   9.41234E-01   5.87657E-02  NONE
   9.13000E+02   3.65940E-05   5.29601E-04   9.44293E-01   1.19350E-02 
    1.35923E-02   2.96136E-02   6.70807E-02   1.57301E-02   8.04365E-01 
    1.09053E-01   3.77103E-03   0.00000E+00   9.41139E-01   5.88607E-02  NONE
   9.03000E+02   3.16636E-05   5.11556E-04   9.44586E-01   1.16640E-02 
    1.35914E-02   2.96156E-02   6.70879E-02   1.60595E-02   7.98882E-01 
    1.14171E-01   3.79991E-03   0.00000E+00   9.41055E-01   5.89446E-02  NONE
   8.93000E+02   2.73190E-05   4.93457E-04   9.44883E-01   1.13881E-02 
    1.35905E-02   2.96174E-02   6.70952E-02   1.63917E-02   7.93296E-01 
    1.19389E-01   3.82836E-03   0.00000E+00   9.40981E-01   5.90185E-02  NONE
   8.83000E+02   2.35005E-05   4.75318E-04   9.45186E-01   1.11072E-02 
    1.35896E-02   2.96189E-02   6.71027E-02   1.67263E-02   7.87607E-01 
    1.24708E-01   3.85652E-03   0.00000E+00   9.40917E-01   5.90835E-02  NONE
   8.73000E+02   2.01535E-05   4.57151E-04   9.45493E-01   1.08214E-02 
    1.35886E-02   2.96202E-02   6.71102E-02   1.70631E-02   7.81815E-01 
    1.30127E-01   3.88452E-03   0.00000E+00   9.40860E-01   5.91404E-02  NONE
   8.63000E+02   1.72280E-05   4.38974E-04   9.45804E-01   1.05306E-02 
    1.35875E-02   2.96213E-02   6.71179E-02   1.74016E-02   7.75921E-01 
    1.35647E-01   3.91246E-03   0.00000E+00   9.40810E-01   5.91902E-02  NONE
   8.53000E+02   1.46786E-05   4.20807E-04   9.46121E-01   1.02351E-02 
    1.35863E-02   2.96223E-02   6.71258E-02   1.77413E-02   7.69927E-01 
    1.41265E-01   3.94049E-03   0.00000E+00   9.40766E-01   5.92335E-02  NONE
   8.43000E+02   1.24637E-05   4.02670E-04   9.46442E-01   9.93490E-03 
    1.35851E-02   2.96231E-02   6.71337E-02   1.80816E-02   7.63836E-01 
    1.46980E-01   3.96870E-03   0.00000E+00   9.40729E-01   5.92712E-02  NONE
   8.33000E+02   1.05457E-05   3.84590E-04   9.46767E-01   9.63013E-03 
    1.35839E-02   2.96237E-02   6.71417E-02   1.84221E-02   7.57650E-01 
    1.52789E-01   3.99723E-03   0.00000E+00   9.40696E-01   5.93038E-02  NONE
   8.23000E+02   8.89036E-06   3.66593E-04   9.47097E-01   9.32100E-03 
    1.35825E-02   2.96243E-02   6.71498E-02   1.87621E-02   7.51375E-01 
    1.58687E-01   4.02617E-03   0.00000E+00   9.40668E-01   5.93320E-02  NONE
   8.13000E+02   7.46664E-06   3.48709E-04   9.47430E-01   9.00774E-03 
    1.35811E-02   2.96247E-02   6.71580E-02   1.91009E-02   7.45014E-01 
    1.64672E-01   4.05565E-03   0.00000E+00   9.40644E-01   5.93562E-02  NONE
   8.03000E+02   6.24659E-06   3.30969E-04   9.47767E-01   8.69063E-03 
    1.35797E-02   2.96250E-02   6.71663E-02   1.94379E-02   7.38574E-01 
    1.70736E-01   4.08576E-03   0.00000E+00   9.40623E-01   5.93769E-02  NONE
   7.93000E+02   5.20501E-06   3.13406E-04   9.48108E-01   8.37000E-03 
    1.35782E-02   2.96253E-02   6.71747E-02   1.97723E-02   7.32062E-01 
    1.76874E-01   4.11662E-03   0.00000E+00   9.40605E-01   5.93947E-02  NONE
   7.83000E+02   4.31923E-06   2.96057E-04   9.48451E-01   8.04623E-03 
    1.35766E-02   2.96255E-02   6.71831E-02   2.01034E-02   7.25487E-01 
    1.83078E-01   4.14833E-03   0.00000E+00   9.40590E-01   5.94097E-02  NONE
   7.73000E+02   3.56900E-06   2.78956E-04   9.48797E-01   7.71976E-03 
    1.35749E-02   2.96257E-02   6.71915E-02   2.04305E-02   7.18858E-01 
    1.89340E-01   4.18099E-03   0.00000E+00   9.40578E-01   5.94225E-02  NONE
   7.63000E+02   2.93621E-06   2.62142E-04   9.49145E-01   7.39111E-03 
    1.35732E-02   2.96257E-02   6.72000E-02   2.07526E-02   7.12184E-01 
    1.95648E-01   4.21468E-03   0.00000E+00   9.40567E-01   5.94332E-02  NONE
   7.53000E+02   2.40478E-06   2.45652E-04   9.49494E-01   7.06081E-03 
    1.35714E-02   2.96258E-02   6.72085E-02   2.10691E-02   7.05479E-01 
    2.01993E-01   4.24952E-03   0.00000E+00   9.40558E-01   5.94423E-02  NONE
   7.43000E+02   1.96045E-06   2.29525E-04   9.49844E-01   6.72951E-03 
    1.35695E-02   2.96258E-02   6.72169E-02   2.13791E-02   6.98756E-01 
    2.08363E-01   4.28559E-03   0.00000E+00   9.40550E-01   5.94498E-02  NONE
   7.33000E+02   1.59065E-06   2.13799E-04   9.50193E-01   6.39788E-03 
    1.35676E-02   2.96257E-02   6.72254E-02   2.16819E-02   6.92027E-01 
    2.14742E-01   4.32296E-03   0.00000E+00   9.40544E-01   5.94561E-02  NONE
   7.23000E+02   1.28431E-06   1.98511E-04   9.50542E-01   6.06668E-03 
    1.35655E-02   2.96257E-02   6.72338E-02   2.19767E-02   6.85310E-01 
    2.21118E-01   4.36172E-03   0.00000E+00   9.40539E-01   5.94613E-02  NONE
   7.13000E+02   1.03178E-06   1.83697E-04   9.50890E-01   5.73670E-03 
    1.35634E-02   2.96256E-02   6.72421E-02   2.22626E-02   6.78619E-01 
    2.27474E-01   4.40195E-03   0.00000E+00   9.40534E-01   5.94656E-02  NONE
   7.03000E+02   8.24634E-07   1.69393E-04   9.51234E-01   5.40882E-03 
    1.35612E-02   2.96255E-02   6.72503E-02   2.25391E-02   6.71974E-01 
    2.33793E-01   4.44369E-03   0.00000E+00   9.40531E-01   5.94691E-02  NONE
   6.93000E+02   6.55591E-07   1.55630E-04   9.51575E-01   5.08394E-03 
    1.35589E-02   2.96254E-02   6.72584E-02   2.28054E-02   6.65392E-01 
    2.40057E-01   4.48702E-03   0.00000E+00   9.40528E-01   5.94720E-02  NONE
   6.83000E+02   5.18362E-07   1.42438E-04   9.51912E-01   4.76302E-03 
    1.35566E-02   2.96253E-02   6.72664E-02   2.30609E-02   6.58893E-01 
    2.46247E-01   4.53197E-03   0.00000E+00   9.40526E-01   5.94744E-02  NONE
   6.73000E+02   4.07561E-07   1.29844E-04   9.52243E-01   4.44706E-03 
    1.35541E-02   2.96252E-02   6.72742E-02   2.33050E-02   6.52497E-01 
    2.52345E-01   4.57857E-03   0.00000E+00   9.40524E-01   5.94762E-02  NONE
