
 Phase Region for:
     CEMENTITE                     
     FCC_A1#2                      
 col-1=T, col-2=W(CEMENTITE,C), col-3=W(CEMENTITE,CR), col-4=W(CEMENTITE,FE),
   col-5=W(CEMENTITE,MN), col-6=W(CEMENTITE,NI), col-7=W(CEMENTITE,SI),
   col-8=W(FCC_A1#2,C), col-9=W(FCC_A1#2,CR), col-10=W(FCC_A1#2,FE),
   col-11=W(FCC_A1#2,MN), col-12=W(FCC_A1#2,NI), col-13=W(FCC_A1#2,SI),
   col-14=NP(CEMENTITE), col-15=NP(FCC_A1#2),
   1.17300E+03   6.72862E-02   7.04757E-02   8.19387E-01   4.17839E-02 
    1.06669E-03   0.00000E+00   9.55121E-03   1.10588E-02   9.23418E-01 
    2.77197E-02   7.17551E-03   2.10763E-02   6.29072E-02   9.37093E-01
   1.18300E+03   6.72852E-02   7.03357E-02   8.19776E-01   4.15144E-02 
    1.08852E-03   0.00000E+00   9.85410E-03   1.13776E-02   9.22853E-01 
    2.78073E-02   7.14235E-03   2.09658E-02   5.70541E-02   9.42946E-01
   1.19300E+03   6.72841E-02   7.01933E-02   8.20159E-01   4.12530E-02 
    1.11046E-03   0.00000E+00   1.01620E-02   1.17001E-02   9.22283E-01 
    2.78926E-02   7.10890E-03   2.08534E-02   5.10403E-02   9.48960E-01
   1.20300E+03   6.72830E-02   7.00488E-02   8.20536E-01   4.09997E-02 
    1.13252E-03   0.00000E+00   1.04750E-02   1.20263E-02   9.21709E-01 
    2.79759E-02   7.07516E-03   2.07392E-02   4.48613E-02   9.55139E-01
   1.21300E+03   6.72820E-02   6.99023E-02   8.20907E-01   4.07542E-02 
    1.15468E-03   0.00000E+00   1.07930E-02   1.23561E-02   9.21130E-01 
    2.80571E-02   7.04114E-03   2.06231E-02   3.85119E-02   9.61488E-01
   1.22300E+03   6.72809E-02   6.97540E-02   8.21272E-01   4.05164E-02 
    1.17694E-03   0.00000E+00   1.11161E-02   1.26894E-02   9.20546E-01 
    2.81364E-02   7.00685E-03   2.05051E-02   3.19871E-02   9.68013E-01
   1.23300E+03   6.72798E-02   6.96041E-02   8.21631E-01   4.02862E-02 
    1.19929E-03   0.00000E+00   1.14443E-02   1.30261E-02   9.19958E-01 
    2.82138E-02   6.97229E-03   2.03853E-02   2.52813E-02   9.74719E-01
   1.24300E+03   6.72788E-02   6.94527E-02   8.21983E-01   4.00634E-02 
    1.22175E-03   0.00000E+00   1.17778E-02   1.33664E-02   9.19365E-01 
    2.82895E-02   6.93746E-03   2.02636E-02   1.83888E-02   9.81611E-01
   1.25300E+03   6.72777E-02   6.93000E-02   8.22330E-01   3.98480E-02 
    1.24429E-03   0.00000E+00   1.21164E-02   1.37100E-02   9.18768E-01 
    2.83634E-02   6.90237E-03   2.01399E-02   1.13035E-02   9.88697E-01
   1.26300E+03   6.72766E-02   6.91462E-02   8.22670E-01   3.96398E-02 
    1.26692E-03   0.00000E+00   1.24602E-02   1.40571E-02   9.18166E-01 
    2.84357E-02   6.86702E-03   2.00144E-02   4.01887E-03   9.95981E-01
   1.26840E+03   6.72760E-02   6.90628E-02   8.22852E-01   3.95304E-02 
    1.27917E-03   0.00000E+00   1.26481E-02   1.42459E-02   9.17838E-01 
    2.84741E-02   6.84783E-03   1.99458E-02   0.00000E+00   1.00000E+00

 Phase Region for:
     FCC_A1#2                      
 col-1=T, col-2=W(FCC_A1#2,C), col-3=W(FCC_A1#2,CR), col-4=W(FCC_A1#2,FE),
   col-5=W(FCC_A1#2,MN), col-6=W(FCC_A1#2,NI), col-7=W(FCC_A1#2,SI),
   col-8=NP(FCC_A1#2),
   1.26840E+03   1.26481E-02   1.42459E-02   9.17838E-01   2.84741E-02 
    6.84783E-03   1.99458E-02   1.00000E+00
   1.27300E+03   1.26481E-02   1.42459E-02   9.17838E-01   2.84741E-02 
    6.84783E-03   1.99458E-02   1.00000E+00
   1.28300E+03   1.26481E-02   1.42459E-02   9.17838E-01   2.84741E-02 
    6.84783E-03   1.99458E-02   1.00000E+00
   1.29300E+03   1.26481E-02   1.42459E-02   9.17838E-01   2.84741E-02 
    6.84783E-03   1.99458E-02   1.00000E+00
   1.30300E+03   1.26481E-02   1.42459E-02   9.17838E-01   2.84741E-02 
    6.84783E-03   1.99458E-02   1.00000E+00
   1.31300E+03   1.26481E-02   1.42459E-02   9.17838E-01   2.84741E-02 
    6.84783E-03   1.99458E-02   1.00000E+00
   1.32300E+03   1.26481E-02   1.42459E-02   9.17838E-01   2.84741E-02 
    6.84783E-03   1.99458E-02   1.00000E+00
   1.33300E+03   1.26481E-02   1.42459E-02   9.17838E-01   2.84741E-02 
    6.84783E-03   1.99458E-02   1.00000E+00
   1.34300E+03   1.26481E-02   1.42459E-02   9.17838E-01   2.84741E-02 
    6.84783E-03   1.99458E-02   1.00000E+00
   1.35300E+03   1.26481E-02   1.42459E-02   9.17838E-01   2.84741E-02 
    6.84783E-03   1.99458E-02   1.00000E+00
   1.36300E+03   1.26481E-02   1.42459E-02   9.17838E-01   2.84741E-02 
    6.84783E-03   1.99458E-02   1.00000E+00
   1.37300E+03   1.26481E-02   1.42459E-02   9.17838E-01   2.84741E-02 
    6.84783E-03   1.99458E-02   1.00000E+00
   1.38300E+03   1.26481E-02   1.42459E-02   9.17838E-01   2.84741E-02 
    6.84783E-03   1.99458E-02   1.00000E+00
   1.39300E+03   1.26481E-02   1.42459E-02   9.17838E-01   2.84741E-02 
    6.84783E-03   1.99458E-02   1.00000E+00
   1.40300E+03   1.26481E-02   1.42459E-02   9.17838E-01   2.84741E-02 
    6.84783E-03   1.99458E-02   1.00000E+00
   1.41300E+03   1.26481E-02   1.42459E-02   9.17838E-01   2.84741E-02 
    6.84783E-03   1.99458E-02   1.00000E+00
   1.42300E+03   1.26481E-02   1.42459E-02   9.17838E-01   2.84741E-02 
    6.84783E-03   1.99458E-02   1.00000E+00
   1.43300E+03   1.26481E-02   1.42459E-02   9.17838E-01   2.84741E-02 
    6.84783E-03   1.99458E-02   1.00000E+00
   1.44300E+03   1.26481E-02   1.42459E-02   9.17838E-01   2.84741E-02 
    6.84783E-03   1.99458E-02   1.00000E+00
   1.45300E+03   1.26481E-02   1.42459E-02   9.17838E-01   2.84741E-02 
    6.84783E-03   1.99458E-02   1.00000E+00
   1.46300E+03   1.26481E-02   1.42459E-02   9.17838E-01   2.84741E-02 
    6.84783E-03   1.99458E-02   1.00000E+00
   1.47300E+03   1.26481E-02   1.42459E-02   9.17838E-01   2.84741E-02 
    6.84783E-03   1.99458E-02   1.00000E+00

 Phase Region for:
     CEMENTITE                     
     FCC_A1#2                      
 col-1=T, col-2=W(CEMENTITE,C), col-3=W(CEMENTITE,CR), col-4=W(CEMENTITE,FE),
   col-5=W(CEMENTITE,MN), col-6=W(CEMENTITE,NI), col-7=W(CEMENTITE,SI),
   col-8=W(FCC_A1#2,C), col-9=W(FCC_A1#2,CR), col-10=W(FCC_A1#2,FE),
   col-11=W(FCC_A1#2,MN), col-12=W(FCC_A1#2,NI), col-13=W(FCC_A1#2,SI),
   col-14=NP(CEMENTITE), col-15=NP(FCC_A1#2),
   1.17300E+03   6.72862E-02   7.04757E-02   8.19387E-01   4.17839E-02 
    1.06669E-03   0.00000E+00   9.55121E-03   1.10588E-02   9.23418E-01 
    2.77197E-02   7.17551E-03   2.10763E-02   6.29072E-02   9.37093E-01
   1.16300E+03   6.72873E-02   7.06134E-02   8.18993E-01   4.20617E-02 
    1.04497E-03   0.00000E+00   9.25332E-03   1.07437E-02   9.23980E-01 
    2.76299E-02   7.20837E-03   2.11851E-02   6.86042E-02   9.31396E-01
   1.15300E+03   6.72883E-02   7.07484E-02   8.18592E-01   4.23481E-02 
    1.02338E-03   0.00000E+00   8.96040E-03   1.04325E-02   9.24536E-01 
    2.75377E-02   7.24093E-03   2.12920E-02   7.41492E-02   9.25851E-01
   1.14300E+03   6.72894E-02   7.08807E-02   8.18185E-01   4.26430E-02 
    1.00190E-03   0.00000E+00   8.67244E-03   1.01252E-02   9.25089E-01 
    2.74432E-02   7.27317E-03   2.13970E-02   7.95462E-02   9.20454E-01
   1.13300E+03   6.72904E-02   7.10102E-02   8.17772E-01   4.29468E-02 
    9.80557E-04   0.00000E+00   8.38943E-03   9.82185E-03   9.25637E-01 
    2.73461E-02   7.30511E-03   2.15003E-02   8.47993E-02   9.15201E-01
   1.12300E+03   6.72915E-02   7.11368E-02   8.17353E-01   4.32596E-02 
    9.59343E-04   0.00000E+00   8.11134E-03   9.52254E-03   9.26181E-01 
    2.72465E-02   7.33672E-03   2.16018E-02   8.99119E-02   9.10088E-01
   1.11300E+03   6.72925E-02   7.12603E-02   8.16927E-01   4.35816E-02 
    9.38263E-04   0.00000E+00   7.83817E-03   9.22736E-03   9.26721E-01 
    2.71443E-02   7.36800E-03   2.17015E-02   9.48876E-02   9.05112E-01
   1.10300E+03   6.72936E-02   7.13807E-02   8.16495E-01   4.39131E-02 
    9.17322E-04   0.00000E+00   7.56990E-03   8.93637E-03   9.27256E-01 
    2.70394E-02   7.39895E-03   2.17994E-02   9.97297E-02   9.00270E-01
   1.09300E+03   6.72946E-02   7.14978E-02   8.16057E-01   4.42542E-02 
    8.96524E-04   0.00000E+00   7.30652E-03   8.64965E-03   9.27787E-01 
    2.69316E-02   7.42956E-03   2.18955E-02   1.04441E-01   8.95559E-01
   1.08300E+03   6.72956E-02   7.16117E-02   8.15612E-01   4.46051E-02 
    8.75871E-04   0.00000E+00   7.04803E-03   8.36727E-03   9.28314E-01 
    2.68211E-02   7.45981E-03   2.19898E-02   1.09026E-01   8.90974E-01
   1.07300E+03   6.72966E-02   7.17222E-02   8.15160E-01   4.49661E-02 
    8.55367E-04   0.00000E+00   6.79441E-03   8.08931E-03   9.28837E-01 
    2.67076E-02   7.48971E-03   2.20823E-02   1.13485E-01   8.86515E-01
   1.06300E+03   6.72976E-02   7.18293E-02   8.14701E-01   4.53374E-02 
    8.35018E-04   0.00000E+00   6.54566E-03   7.81585E-03   9.29355E-01 
    2.65911E-02   7.51925E-03   2.21730E-02   1.17823E-01   8.82177E-01
   1.05300E+03   6.72986E-02   7.19330E-02   8.14234E-01   4.57193E-02 
    8.14825E-04   0.00000E+00   6.30178E-03   7.54695E-03   9.29869E-01 
    2.64715E-02   7.54842E-03   2.22620E-02   1.22042E-01   8.77958E-01
   1.04300E+03   6.72996E-02   7.20333E-02   8.13760E-01   4.61119E-02 
    7.94793E-04   0.00000E+00   6.06275E-03   7.28269E-03   9.30379E-01 
    2.63488E-02   7.57720E-03   2.23492E-02   1.26144E-01   8.73856E-01
   1.03300E+03   6.73006E-02   7.21301E-02   8.13279E-01   4.65157E-02 
    7.74926E-04   0.00000E+00   5.82859E-03   7.02314E-03   9.30885E-01 
    2.62229E-02   7.60560E-03   2.24346E-02   1.30131E-01   8.69869E-01
   1.02300E+03   6.73016E-02   7.22234E-02   8.12789E-01   4.69308E-02 
    7.55227E-04   0.00000E+00   5.59927E-03   6.76836E-03   9.31387E-01 
    2.60937E-02   7.63361E-03   2.25183E-02   1.34007E-01   8.65993E-01
   1.01300E+03   6.73026E-02   7.23133E-02   8.12291E-01   4.73575E-02 
    7.35700E-04   0.00000E+00   5.37481E-03   6.51842E-03   9.31884E-01 
    2.59611E-02   7.66122E-03   2.26001E-02   1.37773E-01   8.62227E-01
   1.01249E+03   6.73026E-02   7.23178E-02   8.12265E-01   4.73795E-02 
    7.34715E-04   0.00000E+00   5.36357E-03   6.50589E-03   9.31909E-01 
    2.59543E-02   7.66261E-03   2.26042E-02   1.37961E-01   8.62039E-01

 Phase Region for:
     BCC_A2                        
     CEMENTITE                     
     FCC_A1#2                      
 col-1=T, col-2=W(BCC_A2,C), col-3=W(BCC_A2,CR), col-4=W(BCC_A2,FE),
   col-5=W(BCC_A2,MN), col-6=W(BCC_A2,NI), col-7=W(BCC_A2,SI),
   col-8=W(CEMENTITE,C), col-9=W(CEMENTITE,CR), col-10=W(CEMENTITE,FE),
   col-11=W(CEMENTITE,MN), col-12=W(CEMENTITE,NI), col-13=W(CEMENTITE,SI),
   col-14=W(FCC_A1#2,C), col-15=W(FCC_A1#2,CR), col-16=W(FCC_A1#2,FE),
   col-17=W(FCC_A1#2,MN), col-18=W(FCC_A1#2,NI), col-19=W(FCC_A1#2,SI),
   col-20=NP(BCC_A2), col-21=NP(CEMENTITE), col-22=NP(FCC_A1#2),
   1.01249E+03   1.25226E-04   3.98932E-03   9.54229E-01   9.89182E-03 
    3.38217E-03   2.83825E-02   6.73026E-02   7.23178E-02   8.12265E-01 
    4.73795E-02   7.34717E-04   0.00000E+00   5.36357E-03   6.50588E-03 
    9.31909E-01   2.59544E-02   7.66262E-03   2.26042E-02   2.66760E-06 
    1.37961E-01   8.62036E-01
   1.00300E+03   1.12867E-04   3.65174E-03   9.54394E-01   1.08141E-02 
    3.94255E-03   2.70852E-02   6.72955E-02   6.92994E-02   8.07781E-01 
    5.47675E-02   8.56759E-04   0.00000E+00   5.20125E-03   5.95499E-03 
    9.28451E-01   2.93998E-02   9.32351E-03   2.16697E-02   2.31457E-01 
    1.63773E-01   6.04770E-01
   9.93000E+02   1.00239E-04   3.37075E-03   9.54002E-01   1.17846E-02 
    4.66324E-03   2.60793E-02   6.72929E-02   6.70185E-02   8.01528E-01 
    6.31465E-02   1.01447E-03   0.00000E+00   5.00290E-03   5.47954E-03 
    9.23588E-01   3.33363E-02   1.15859E-02   2.10075E-02   4.26750E-01 
    1.84913E-01   3.88337E-01
   9.83000E+02   8.82982E-05   3.14343E-03   9.53323E-01   1.25707E-02 
    5.50058E-03   2.53739E-02   6.72946E-02   6.55453E-02   7.94096E-01 
    7.18609E-02   1.20304E-03   0.00000E+00   4.78008E-03   5.08960E-03 
    9.17531E-01   3.74882E-02   1.44649E-02   2.06465E-02   5.73981E-01 
    2.00193E-01   2.25825E-01
   9.73000E+02   7.72689E-05   2.95878E-03   9.52370E-01   1.32152E-02 
    6.46567E-03   2.49134E-02   6.72993E-02   6.46825E-02   7.86050E-01 
    8.05447E-02   1.42309E-03   0.00000E+00   4.54171E-03   4.75813E-03 
    9.10459E-01   4.17022E-02   1.80589E-02   2.04805E-02   6.81335E-01 
    2.10702E-01   1.07963E-01
   9.63000E+02   6.73070E-05   2.80391E-03   9.51253E-01   1.37042E-02 
    7.54917E-03   2.46221E-02   6.73055E-02   6.42635E-02   7.77940E-01 
    8.88186E-02   1.67199E-03   0.00000E+00   4.29578E-03   4.46490E-03 
    9.02568E-01   4.58205E-02   2.24315E-02   2.04195E-02   7.57076E-01 
    2.17571E-01   2.53528E-02
   9.58965E+02   6.36007E-05   2.74725E-03   9.50786E-01   1.38509E-02 
    8.01468E-03   2.45379E-02   6.73083E-02   6.41898E-02   7.74733E-01 
    9.19895E-02   1.77967E-03   0.00000E+00   4.19568E-03   4.35407E-03 
    8.99174E-01   4.74376E-02   2.44276E-02   2.04114E-02   7.80450E-01 
    2.19550E-01   0.00000E+00

 Phase Region for:
     BCC_A2                        
     CEMENTITE                     
 col-1=T, col-2=W(BCC_A2,C), col-3=W(BCC_A2,CR), col-4=W(BCC_A2,FE),
   col-5=W(BCC_A2,MN), col-6=W(BCC_A2,NI), col-7=W(BCC_A2,SI),
   col-8=W(CEMENTITE,C), col-9=W(CEMENTITE,CR), col-10=W(CEMENTITE,FE),
   col-11=W(CEMENTITE,MN), col-12=W(CEMENTITE,NI), col-13=W(CEMENTITE,SI),
   col-14=NP(BCC_A2), col-15=NP(CEMENTITE),
   9.58965E+02   6.36007E-05   2.74725E-03   9.50786E-01   1.38509E-02 
    8.01468E-03   2.45379E-02   6.73083E-02   6.41898E-02   7.74733E-01 
    9.19895E-02   1.77967E-03   0.00000E+00   7.80450E-01   2.19550E-01  NONE
   9.53000E+02   5.88735E-05   2.67219E-03   9.51240E-01   1.34770E-02 
    8.01286E-03   2.45394E-02   6.73116E-02   6.45000E-02   7.72806E-01 
    9.35930E-02   1.78919E-03   0.00000E+00   7.80383E-01   2.19617E-01  NONE
   9.43000E+02   5.16612E-05   2.54847E-03   9.51984E-01   1.28647E-02 
    8.00987E-03   2.45416E-02   6.73170E-02   6.50131E-02   7.69646E-01 
    9.62196E-02   1.80454E-03   0.00000E+00   7.80280E-01   2.19720E-01  NONE
   9.33000E+02   4.52611E-05   2.42739E-03   9.52707E-01   1.22700E-02 
    8.00697E-03   2.45435E-02   6.73223E-02   6.55175E-02   7.66570E-01 
    9.87714E-02   1.81919E-03   0.00000E+00   7.80190E-01   2.19810E-01  NONE
   9.23000E+02   3.95882E-05   2.30896E-03   9.53410E-01   1.16924E-02 
    8.00415E-03   2.45451E-02   6.73275E-02   6.60128E-02   7.63575E-01 
    1.01251E-01   1.83320E-03   0.00000E+00   7.80109E-01   2.19891E-01  NONE
   9.13000E+02   3.45660E-05   2.19323E-03   9.54093E-01   1.11312E-02 
    8.00141E-03   2.45465E-02   6.73325E-02   6.64987E-02   7.60660E-01 
    1.03662E-01   1.84663E-03   0.00000E+00   7.80038E-01   2.19962E-01  NONE
   9.03000E+02   3.01257E-05   2.08022E-03   9.54757E-01   1.05861E-02 
    7.99873E-03   2.45477E-02   6.73374E-02   6.69749E-02   7.57823E-01 
    1.06005E-01   1.85954E-03   0.00000E+00   7.79975E-01   2.20025E-01  NONE
   8.93000E+02   2.62055E-05   1.96998E-03   9.55402E-01   1.00567E-02 
    7.99612E-03   2.45487E-02   6.73422E-02   6.74408E-02   7.55063E-01 
    1.08282E-01   1.87196E-03   0.00000E+00   7.79920E-01   2.20080E-01  NONE
   8.83000E+02   2.27496E-05   1.86259E-03   9.56029E-01   9.54260E-03 
    7.99357E-03   2.45496E-02   6.73468E-02   6.78960E-02   7.52379E-01 
    1.10494E-01   1.88395E-03   0.00000E+00   7.79871E-01   2.20129E-01  NONE
   8.73000E+02   1.97079E-05   1.75809E-03   9.56637E-01   9.04366E-03 
    7.99108E-03   2.45503E-02   6.73514E-02   6.83402E-02   7.49771E-01 
    1.12642E-01   1.89552E-03   0.00000E+00   7.79828E-01   2.20172E-01  NONE
   8.63000E+02   1.70354E-05   1.65656E-03   9.57227E-01   8.55968E-03 
    7.98865E-03   2.45509E-02   6.73558E-02   6.87729E-02   7.47237E-01 
    1.14727E-01   1.90672E-03   0.00000E+00   7.79790E-01   2.20210E-01  NONE
   8.53000E+02   1.46914E-05   1.55806E-03   9.57799E-01   8.09054E-03 
    7.98627E-03   2.45514E-02   6.73601E-02   6.91936E-02   7.44779E-01 
    1.16750E-01   1.91756E-03   0.00000E+00   7.79757E-01   2.20243E-01  NONE
   8.43000E+02   1.26394E-05   1.46265E-03   9.58353E-01   7.63616E-03 
    7.98394E-03   2.45518E-02   6.73643E-02   6.96020E-02   7.42396E-01 
    1.18710E-01   1.92807E-03   0.00000E+00   7.79728E-01   2.20272E-01  NONE
   8.33000E+02   1.08467E-05   1.37042E-03   9.58888E-01   7.19648E-03 
    7.98166E-03   2.45521E-02   6.73683E-02   6.99976E-02   7.40088E-01 
    1.20608E-01   1.93826E-03   0.00000E+00   7.79702E-01   2.20298E-01  NONE
   8.23000E+02   9.28380E-06   1.28140E-03   9.59406E-01   6.77147E-03 
    7.97944E-03   2.45524E-02   6.73722E-02   7.03801E-02   7.37856E-01 
    1.22443E-01   1.94815E-03   0.00000E+00   7.79680E-01   2.20320E-01  NONE
   8.13000E+02   7.92423E-06   1.19566E-03   9.59905E-01   6.36112E-03 
    7.97727E-03   2.45526E-02   6.73759E-02   7.07492E-02   7.35701E-01 
    1.24216E-01   1.95774E-03   0.00000E+00   7.79661E-01   2.20339E-01  NONE
   8.03000E+02   6.74430E-06   1.11323E-03   9.60387E-01   5.96544E-03 
    7.97515E-03   2.45527E-02   6.73796E-02   7.11045E-02   7.33622E-01 
    1.25927E-01   1.96703E-03   0.00000E+00   7.79644E-01   2.20356E-01  NONE
   7.93000E+02   5.72277E-06   1.03417E-03   9.60850E-01   5.58443E-03 
    7.97309E-03   2.45528E-02   6.73830E-02   7.14458E-02   7.31621E-01 
    1.27575E-01   1.97604E-03   0.00000E+00   7.79630E-01   2.20370E-01  NONE
   7.83000E+02   4.84066E-06   9.58504E-04   9.61295E-01   5.21810E-03 
    7.97109E-03   2.45528E-02   6.73864E-02   7.17729E-02   7.29696E-01 
    1.29160E-01   1.98475E-03   0.00000E+00   7.79617E-01   2.20383E-01  NONE
   7.73000E+02   4.08098E-06   8.86245E-04   9.61721E-01   4.86643E-03 
    7.96915E-03   2.45528E-02   6.73896E-02   7.20857E-02   7.27850E-01 
    1.30682E-01   1.99317E-03   0.00000E+00   7.79606E-01   2.20394E-01  NONE
   7.63000E+02   3.42860E-06   8.17407E-04   9.62130E-01   4.52943E-03 
    7.96727E-03   2.45528E-02   6.73927E-02   7.23840E-02   7.26081E-01 
    1.32142E-01   2.00128E-03   0.00000E+00   7.79597E-01   2.20403E-01  NONE
   7.53000E+02   2.87004E-06   7.51990E-04   9.62520E-01   4.20704E-03 
    7.96546E-03   2.45528E-02   6.73956E-02   7.26677E-02   7.24389E-01 
    1.33538E-01   2.00907E-03   0.00000E+00   7.79589E-01   2.20411E-01  NONE
   7.43000E+02   2.39331E-06   6.89981E-04   9.62892E-01   3.89924E-03 
    7.96372E-03   2.45527E-02   6.73984E-02   7.29370E-02   7.22776E-01 
    1.34872E-01   2.01654E-03   0.00000E+00   7.79583E-01   2.20417E-01  NONE
   7.33000E+02   1.98777E-06   6.31358E-04   9.63246E-01   3.60592E-03 
    7.96205E-03   2.45526E-02   6.74010E-02   7.31918E-02   7.21240E-01 
    1.36144E-01   2.02367E-03   0.00000E+00   7.79577E-01   2.20423E-01  NONE
   7.23000E+02   1.64399E-06   5.76086E-04   9.63582E-01   3.32700E-03 
    7.96047E-03   2.45525E-02   6.74035E-02   7.34322E-02   7.19780E-01 
    1.37354E-01   2.03043E-03   0.00000E+00   7.79572E-01   2.20428E-01  NONE
   7.13000E+02   1.35365E-06   5.24120E-04   9.63901E-01   3.06235E-03 
    7.95897E-03   2.45524E-02   6.74059E-02   7.36584E-02   7.18397E-01 
    1.38502E-01   2.03681E-03   0.00000E+00   7.79568E-01   2.20432E-01  NONE
   7.03000E+02   1.10938E-06   4.75403E-04   9.64202E-01   2.81179E-03 
    7.95757E-03   2.45523E-02   6.74081E-02   7.38706E-02   7.17089E-01 
    1.39589E-01   2.04279E-03   0.00000E+00   7.79564E-01   2.20436E-01  NONE
   6.93000E+02   9.04723E-07   4.29868E-04   9.64486E-01   2.57513E-03 
    7.95626E-03   2.45522E-02   6.74102E-02   7.40691E-02   7.15856E-01 
    1.40616E-01   2.04833E-03   0.00000E+00   7.79561E-01   2.20439E-01  NONE
   6.83000E+02   7.34002E-07   3.87438E-04   9.64752E-01   2.35215E-03 
    7.95506E-03   2.45521E-02   6.74122E-02   7.42542E-02   7.14696E-01 
    1.41584E-01   2.05342E-03   0.00000E+00   7.79559E-01   2.20441E-01  NONE
   6.73000E+02   5.92247E-07   3.48027E-04   9.65003E-01   2.14259E-03 
    7.95398E-03   2.45520E-02   6.74141E-02   7.44262E-02   7.13608E-01 
    1.42494E-01   2.05802E-03   0.00000E+00   7.79557E-01   2.20443E-01  NONE
