
 Phase Region for:
     FCC_A1#2                      
 col-1=T, col-2=W(FCC_A1#2,C), col-3=W(FCC_A1#2,CR), col-4=W(FCC_A1#2,FE),
   col-5=W(FCC_A1#2,MN), col-6=W(FCC_A1#2,NI), col-7=W(FCC_A1#2,SI),
   col-8=NP(FCC_A1#2),
   1.17300E+03   3.09310E-03   2.57136E-02   9.32309E-01   1.88935E-02 
    5.17593E-03   1.48145E-02   1.00000E+00
   1.18300E+03   3.09310E-03   2.57136E-02   9.32309E-01   1.88935E-02 
    5.17593E-03   1.48145E-02   1.00000E+00
   1.19300E+03   3.09310E-03   2.57136E-02   9.32309E-01   1.88935E-02 
    5.17593E-03   1.48145E-02   1.00000E+00
   1.20300E+03   3.09310E-03   2.57136E-02   9.32309E-01   1.88935E-02 
    5.17593E-03   1.48145E-02   1.00000E+00
   1.21300E+03   3.09310E-03   2.57136E-02   9.32309E-01   1.88935E-02 
    5.17593E-03   1.48145E-02   1.00000E+00
   1.22300E+03   3.09310E-03   2.57136E-02   9.32309E-01   1.88935E-02 
    5.17593E-03   1.48145E-02   1.00000E+00
   1.23300E+03   3.09310E-03   2.57136E-02   9.32309E-01   1.88935E-02 
    5.17593E-03   1.48145E-02   1.00000E+00
   1.24300E+03   3.09310E-03   2.57136E-02   9.32309E-01   1.88935E-02 
    5.17593E-03   1.48145E-02   1.00000E+00
   1.25300E+03   3.09310E-03   2.57136E-02   9.32309E-01   1.88935E-02 
    5.17593E-03   1.48145E-02   1.00000E+00
   1.26300E+03   3.09310E-03   2.57136E-02   9.32309E-01   1.88935E-02 
    5.17593E-03   1.48145E-02   1.00000E+00
   1.27300E+03   3.09310E-03   2.57136E-02   9.32309E-01   1.88935E-02 
    5.17593E-03   1.48145E-02   1.00000E+00
   1.28300E+03   3.09310E-03   2.57136E-02   9.32309E-01   1.88935E-02 
    5.17593E-03   1.48145E-02   1.00000E+00
   1.29300E+03   3.09310E-03   2.57136E-02   9.32309E-01   1.88935E-02 
    5.17593E-03   1.48145E-02   1.00000E+00
   1.30300E+03   3.09310E-03   2.57136E-02   9.32309E-01   1.88935E-02 
    5.17593E-03   1.48145E-02   1.00000E+00
   1.31300E+03   3.09310E-03   2.57136E-02   9.32309E-01   1.88935E-02 
    5.17593E-03   1.48145E-02   1.00000E+00
   1.32300E+03   3.09310E-03   2.57136E-02   9.32309E-01   1.88935E-02 
    5.17593E-03   1.48145E-02   1.00000E+00
   1.33300E+03   3.09310E-03   2.57136E-02   9.32309E-01   1.88935E-02 
    5.17593E-03   1.48145E-02   1.00000E+00
   1.34300E+03   3.09310E-03   2.57136E-02   9.32309E-01   1.88935E-02 
    5.17593E-03   1.48145E-02   1.00000E+00
   1.35300E+03   3.09310E-03   2.57136E-02   9.32309E-01   1.88935E-02 
    5.17593E-03   1.48145E-02   1.00000E+00
   1.36300E+03   3.09310E-03   2.57136E-02   9.32309E-01   1.88935E-02 
    5.17593E-03   1.48145E-02   1.00000E+00
   1.37300E+03   3.09310E-03   2.57136E-02   9.32309E-01   1.88935E-02 
    5.17593E-03   1.48145E-02   1.00000E+00
   1.38300E+03   3.09310E-03   2.57136E-02   9.32309E-01   1.88935E-02 
    5.17593E-03   1.48145E-02   1.00000E+00
   1.39300E+03   3.09310E-03   2.57136E-02   9.32309E-01   1.88935E-02 
    5.17593E-03   1.48145E-02   1.00000E+00
   1.40300E+03   3.09310E-03   2.57136E-02   9.32309E-01   1.88935E-02 
    5.17593E-03   1.48145E-02   1.00000E+00
   1.41300E+03   3.09310E-03   2.57136E-02   9.32309E-01   1.88935E-02 
    5.17593E-03   1.48145E-02   1.00000E+00
   1.42300E+03   3.09310E-03   2.57136E-02   9.32309E-01   1.88935E-02 
    5.17593E-03   1.48145E-02   1.00000E+00
   1.43300E+03   3.09310E-03   2.57136E-02   9.32309E-01   1.88935E-02 
    5.17593E-03   1.48145E-02   1.00000E+00
   1.44300E+03   3.09310E-03   2.57136E-02   9.32309E-01   1.88935E-02 
    5.17593E-03   1.48145E-02   1.00000E+00
   1.45300E+03   3.09310E-03   2.57136E-02   9.32309E-01   1.88935E-02 
    5.17593E-03   1.48145E-02   1.00000E+00
   1.46300E+03   3.09310E-03   2.57136E-02   9.32309E-01   1.88935E-02 
    5.17593E-03   1.48145E-02   1.00000E+00
   1.47300E+03   3.09310E-03   2.57136E-02   9.32309E-01   1.88935E-02 
    5.17593E-03   1.48145E-02   1.00000E+00

 Phase Region for:
     FCC_A1#2                      
 col-1=T, col-2=W(FCC_A1#2,C), col-3=W(FCC_A1#2,CR), col-4=W(FCC_A1#2,FE),
   col-5=W(FCC_A1#2,MN), col-6=W(FCC_A1#2,NI), col-7=W(FCC_A1#2,SI),
   col-8=NP(FCC_A1#2),
   1.17300E+03   3.09310E-03   2.57136E-02   9.32309E-01   1.88935E-02 
    5.17593E-03   1.48145E-02   1.00000E+00
   1.16300E+03   3.09310E-03   2.57136E-02   9.32309E-01   1.88935E-02 
    5.17593E-03   1.48145E-02   1.00000E+00
   1.15300E+03   3.09310E-03   2.57136E-02   9.32309E-01   1.88935E-02 
    5.17593E-03   1.48145E-02   1.00000E+00
   1.14300E+03   3.09310E-03   2.57136E-02   9.32309E-01   1.88935E-02 
    5.17593E-03   1.48145E-02   1.00000E+00
   1.13300E+03   3.09310E-03   2.57136E-02   9.32309E-01   1.88935E-02 
    5.17593E-03   1.48145E-02   1.00000E+00
   1.12300E+03   3.09310E-03   2.57136E-02   9.32309E-01   1.88935E-02 
    5.17593E-03   1.48145E-02   1.00000E+00
   1.11300E+03   3.09310E-03   2.57136E-02   9.32309E-01   1.88935E-02 
    5.17593E-03   1.48145E-02   1.00000E+00
   1.10300E+03   3.09310E-03   2.57136E-02   9.32309E-01   1.88935E-02 
    5.17593E-03   1.48145E-02   1.00000E+00
   1.09300E+03   3.09310E-03   2.57136E-02   9.32309E-01   1.88935E-02 
    5.17593E-03   1.48145E-02   1.00000E+00
   1.08300E+03   3.09310E-03   2.57136E-02   9.32309E-01   1.88935E-02 
    5.17593E-03   1.48145E-02   1.00000E+00
   1.07300E+03   3.09310E-03   2.57136E-02   9.32309E-01   1.88935E-02 
    5.17593E-03   1.48145E-02   1.00000E+00
   1.06300E+03   3.09310E-03   2.57136E-02   9.32309E-01   1.88935E-02 
    5.17593E-03   1.48145E-02   1.00000E+00
   1.05300E+03   3.09310E-03   2.57136E-02   9.32309E-01   1.88935E-02 
    5.17593E-03   1.48145E-02   1.00000E+00
   1.04300E+03   3.09310E-03   2.57136E-02   9.32309E-01   1.88935E-02 
    5.17593E-03   1.48145E-02   1.00000E+00
   1.03912E+03   3.09310E-03   2.57136E-02   9.32309E-01   1.88935E-02 
    5.17593E-03   1.48145E-02   1.00000E+00

 Phase Region for:
     BCC_A2                        
     FCC_A1#2                      
 col-1=T, col-2=W(BCC_A2,C), col-3=W(BCC_A2,CR), col-4=W(BCC_A2,FE),
   col-5=W(BCC_A2,MN), col-6=W(BCC_A2,NI), col-7=W(BCC_A2,SI),
   col-8=W(FCC_A1#2,C), col-9=W(FCC_A1#2,CR), col-10=W(FCC_A1#2,FE),
   col-11=W(FCC_A1#2,MN), col-12=W(FCC_A1#2,NI), col-13=W(FCC_A1#2,SI),
   col-14=NP(BCC_A2), col-15=NP(FCC_A1#2),
   1.03912E+03   8.99683E-05   1.88347E-02   9.52711E-01   8.13054E-03 
    2.43655E-03   1.77971E-02   3.09310E-03   2.57136E-02   9.32309E-01 
    1.88935E-02   5.17593E-03   1.48145E-02   9.84252E-07   9.99999E-01
   1.03300E+03   9.15450E-05   1.88713E-02   9.52676E-01   8.23041E-03 
    2.48815E-03   1.76430E-02   3.28118E-03   2.61423E-02   9.31033E-01 
    1.95616E-02   5.34435E-03   1.46373E-02   5.84653E-02   9.41535E-01
   1.02418E+03   9.37596E-05   1.89124E-02   9.52630E-01   8.36247E-03 
    2.56184E-03   1.74391E-02   3.57223E-03   2.68001E-02   9.29063E-01 
    2.05758E-02   5.59352E-03   1.43952E-02   1.36550E-01   8.63450E-01

 Phase Region for:
     BCC_A2                        
     CEMENTITE                     
     FCC_A1#2                      
 col-1=T, col-2=W(BCC_A2,C), col-3=W(BCC_A2,CR), col-4=W(BCC_A2,FE),
   col-5=W(BCC_A2,MN), col-6=W(BCC_A2,NI), col-7=W(BCC_A2,SI),
   col-8=W(CEMENTITE,C), col-9=W(CEMENTITE,CR), col-10=W(CEMENTITE,FE),
   col-11=W(CEMENTITE,MN), col-12=W(CEMENTITE,NI), col-13=W(CEMENTITE,SI),
   col-14=W(FCC_A1#2,C), col-15=W(FCC_A1#2,CR), col-16=W(FCC_A1#2,FE),
   col-17=W(FCC_A1#2,MN), col-18=W(FCC_A1#2,NI), col-19=W(FCC_A1#2,SI),
   col-20=NP(BCC_A2), col-21=NP(CEMENTITE), col-22=NP(FCC_A1#2),
   1.02418E+03   9.37595E-05   1.89124E-02   9.52631E-01   8.36248E-03 
    2.56184E-03   1.74390E-02   6.84153E-02   3.00523E-01   6.00817E-01 
    2.99376E-02   3.07311E-04   0.00000E+00   3.57223E-03   2.68000E-02 
    9.29063E-01   2.05758E-02   5.59353E-03   1.43952E-02   1.36553E-01 
    2.06803E-07   8.63447E-01
   1.02300E+03   9.26983E-05   1.87015E-02   9.52748E-01   8.51189E-03 
    2.60825E-03   1.73381E-02   6.84097E-02   2.99223E-01   6.01328E-01 
    3.07257E-02   3.13411E-04   0.00000E+00   3.56627E-03   2.65342E-02 
    9.28817E-01   2.10362E-02   5.72427E-03   1.43218E-02   1.71075E-01 
    2.41164E-03   8.26513E-01
   1.01300E+03   8.34886E-05   1.71726E-02   9.53253E-01   9.82499E-03 
    3.02087E-03   1.66453E-02   6.83726E-02   2.90174E-01   6.03238E-01 
    3.78485E-02   3.67228E-04   0.00000E+00   3.48892E-03   2.45599E-02 
    9.25956E-01   2.51960E-02   6.94141E-03   1.38580E-02   4.19234E-01 
    1.99375E-02   5.60828E-01
   1.00300E+03   7.41079E-05   1.60277E-02   9.53071E-01   1.11821E-02 
    3.46296E-03   1.61820E-02   6.83529E-02   2.84488E-01   6.01105E-01 
    4.56302E-02   4.23692E-04   0.00000E+00   3.36854E-03   2.30114E-02 
    9.21879E-01   2.97565E-02   8.36506E-03   1.36192E-02   6.01372E-01 
    3.28497E-02   3.65778E-01
   9.93000E+02   6.48397E-05   1.51618E-02   9.52546E-01   1.24405E-02 
    3.90991E-03   1.58770E-02   6.83495E-02   2.82000E-01   5.95265E-01 
    5.39056E-02   4.80353E-04   0.00000E+00   3.21172E-03   2.18159E-02 
    9.16745E-01   3.46649E-02   9.99505E-03   1.35674E-02   7.31190E-01 
    4.18991E-02   2.26911E-01
   9.83000E+02   5.60736E-05   1.45018E-02   9.51761E-01   1.36286E-02 
    4.36369E-03   1.56889E-02   6.83586E-02   2.81935E-01   5.86648E-01 
    6.25223E-02   5.36532E-04   0.00000E+00   3.03199E-03   2.08601E-02 
    9.10788E-01   3.98412E-02   1.18512E-02   1.36278E-02   8.23789E-01 
    4.80799E-02   1.28132E-01
   9.73000E+02   4.80509E-05   1.39832E-02   9.50816E-01   1.47484E-02 
    4.82673E-03   1.55781E-02   6.83764E-02   2.83621E-01   5.76127E-01 
    7.12835E-02   5.91973E-04   0.00000E+00   2.84066E-03   2.00580E-02 
    9.04233E-01   4.51707E-02   1.39560E-02   1.37418E-02   8.90097E-01 
    5.22114E-02   5.76920E-02
   9.63000E+02   4.08583E-05   1.35569E-02   9.49818E-01   1.57723E-02 
    5.29663E-03   1.55154E-02   6.84008E-02   2.86625E-01   5.64268E-01 
    8.00591E-02   6.46489E-04   0.00000E+00   2.64487E-03   1.93563E-02 
    8.97194E-01   5.05898E-02   1.63364E-02   1.38787E-02   9.37379E-01 
    5.48944E-02   7.72660E-03
   9.61087E+02   3.95788E-05   1.34829E-02   9.49628E-01   1.59557E-02 
    5.38721E-03   1.55071E-02   6.84061E-02   2.87322E-01   5.61884E-01 
    8.17315E-02   6.56813E-04   0.00000E+00   2.60734E-03   1.92302E-02 
    8.95798E-01   5.16333E-02   1.68260E-02   1.39056E-02   9.44718E-01 
    5.52819E-02   0.00000E+00

 Phase Region for:
     BCC_A2                        
     CEMENTITE                     
 col-1=T, col-2=W(BCC_A2,C), col-3=W(BCC_A2,CR), col-4=W(BCC_A2,FE),
   col-5=W(BCC_A2,MN), col-6=W(BCC_A2,NI), col-7=W(BCC_A2,SI),
   col-8=W(CEMENTITE,C), col-9=W(CEMENTITE,CR), col-10=W(CEMENTITE,FE),
   col-11=W(CEMENTITE,MN), col-12=W(CEMENTITE,NI), col-13=W(CEMENTITE,SI),
   col-14=NP(BCC_A2), col-15=NP(CEMENTITE),
   9.61087E+02   3.95788E-05   1.34829E-02   9.49628E-01   1.59557E-02 
    5.38721E-03   1.55071E-02   6.84061E-02   2.87322E-01   5.61884E-01 
    8.17315E-02   6.56813E-04   0.00000E+00   9.44718E-01   5.52819E-02  NONE
   9.53000E+02   3.47082E-05   1.32108E-02   9.50054E-01   1.58052E-02 
    5.38762E-03   1.55079E-02   6.84370E-02   2.92840E-01   5.53194E-01 
    8.48760E-02   6.53035E-04   0.00000E+00   9.44634E-01   5.53661E-02  NONE
   9.43000E+02   2.94112E-05   1.28712E-02   9.50586E-01   1.56168E-02 
    5.38809E-03   1.55087E-02   6.84757E-02   2.99784E-01   5.42270E-01 
    8.88216E-02   6.48198E-04   0.00000E+00   9.44542E-01   5.54577E-02  NONE
   9.33000E+02   2.48307E-05   1.25280E-02   9.51124E-01   1.54258E-02 
    5.38851E-03   1.55093E-02   6.85152E-02   3.06859E-01   5.31150E-01 
    9.28326E-02   6.43215E-04   0.00000E+00   9.44463E-01   5.55369E-02  NONE
   9.23000E+02   2.08828E-05   1.21812E-02   9.51667E-01   1.52320E-02 
    5.38889E-03   1.55098E-02   6.85555E-02   3.14060E-01   5.19835E-01 
    9.69117E-02   6.38121E-04   0.00000E+00   9.44395E-01   5.56051E-02  NONE
   9.13000E+02   1.74922E-05   1.18308E-02   9.52217E-01   1.50354E-02 
    5.38924E-03   1.55101E-02   6.85963E-02   3.21384E-01   5.08325E-01 
    1.01061E-01   6.32953E-04   0.00000E+00   9.44336E-01   5.56637E-02  NONE
   9.03000E+02   1.45909E-05   1.14770E-02   9.52773E-01   1.48359E-02 
    5.38955E-03   1.55103E-02   6.86379E-02   3.28826E-01   4.96624E-01 
    1.05284E-01   6.27742E-04   0.00000E+00   9.44286E-01   5.57139E-02  NONE
   8.93000E+02   1.21180E-05   1.11200E-02   9.53334E-01   1.46333E-02 
    5.38983E-03   1.55104E-02   6.86801E-02   3.36379E-01   4.84736E-01 
    1.09583E-01   6.22520E-04   0.00000E+00   9.44243E-01   5.57566E-02  NONE
   8.83000E+02   1.00188E-05   1.07599E-02   9.53902E-01   1.44276E-02 
    5.39008E-03   1.55104E-02   6.87229E-02   3.44034E-01   4.72666E-01 
    1.13960E-01   6.17315E-04   0.00000E+00   9.44207E-01   5.57929E-02  NONE
   8.73000E+02   8.24443E-06   1.03973E-02   9.54475E-01   1.42186E-02 
    5.39030E-03   1.55104E-02   6.87662E-02   3.51781E-01   4.60423E-01 
    1.18417E-01   6.12152E-04   0.00000E+00   9.44176E-01   5.58236E-02  NONE
   8.63000E+02   6.75130E-06   1.00324E-02   9.55054E-01   1.40062E-02 
    5.39050E-03   1.55103E-02   6.88101E-02   3.59611E-01   4.48014E-01 
    1.22958E-01   6.07055E-04   0.00000E+00   9.44151E-01   5.58494E-02  NONE
   8.53000E+02   5.50066E-06   9.66568E-03   9.55638E-01   1.37903E-02 
    5.39068E-03   1.55101E-02   6.88543E-02   3.67510E-01   4.35450E-01 
    1.27584E-01   6.02045E-04   0.00000E+00   9.44129E-01   5.58710E-02  NONE
   8.43000E+02   4.45822E-06   9.29776E-03   9.56226E-01   1.35709E-02 
    5.39084E-03   1.55098E-02   6.88990E-02   3.75466E-01   4.22742E-01 
    1.32297E-01   5.97139E-04   0.00000E+00   9.44111E-01   5.58890E-02  NONE
   8.33000E+02   3.59369E-06   8.92919E-03   9.56819E-01   1.33477E-02 
    5.39098E-03   1.55095E-02   6.89439E-02   3.83462E-01   4.09903E-01 
    1.37098E-01   5.92350E-04   0.00000E+00   9.44096E-01   5.59039E-02  NONE
   8.23000E+02   2.88048E-06   8.56064E-03   9.57415E-01   1.31208E-02 
    5.39110E-03   1.55092E-02   6.89891E-02   3.91484E-01   3.96948E-01 
    1.41991E-01   5.87689E-04   0.00000E+00   9.44084E-01   5.59163E-02  NONE
   8.13000E+02   2.29530E-06   8.19280E-03   9.58015E-01   1.28901E-02 
    5.39120E-03   1.55089E-02   6.90344E-02   3.99514E-01   3.83894E-01 
    1.46975E-01   5.83162E-04   0.00000E+00   9.44074E-01   5.59264E-02  NONE
   8.03000E+02   1.81790E-06   7.82642E-03   9.58617E-01   1.26554E-02 
    5.39129E-03   1.55085E-02   6.90798E-02   4.07534E-01   3.70756E-01 
    1.52052E-01   5.78770E-04   0.00000E+00   9.44065E-01   5.59346E-02  NONE
   7.93000E+02   1.43071E-06   7.46229E-03   9.59220E-01   1.24169E-02 
    5.39137E-03   1.55081E-02   6.91251E-02   4.15526E-01   3.57553E-01 
    1.57222E-01   5.74510E-04   0.00000E+00   9.44059E-01   5.59413E-02  NONE
   7.83000E+02   1.11860E-06   7.10125E-03   9.59824E-01   1.21743E-02 
    5.39144E-03   1.55077E-02   6.91703E-02   4.23469E-01   3.44304E-01 
    1.62486E-01   5.70376E-04   0.00000E+00   9.44053E-01   5.59467E-02  NONE
   7.73000E+02   8.68622E-07   6.74411E-03   9.60428E-01   1.19278E-02 
    5.39150E-03   1.55073E-02   6.92153E-02   4.31344E-01   3.31031E-01 
    1.67843E-01   5.66352E-04   0.00000E+00   9.44049E-01   5.59510E-02  NONE
   7.63000E+02   6.69717E-07   6.39175E-03   9.61032E-01   1.16773E-02 
    5.39155E-03   1.55069E-02   6.92599E-02   4.39131E-01   3.17753E-01 
    1.73294E-01   5.62421E-04   0.00000E+00   9.44046E-01   5.59545E-02  NONE
   7.53000E+02   5.12539E-07   6.04502E-03   9.61633E-01   1.14229E-02 
    5.39160E-03   1.55065E-02   6.93041E-02   4.46810E-01   3.04493E-01 
    1.78835E-01   5.58556E-04   0.00000E+00   9.44043E-01   5.59572E-02  NONE
   7.43000E+02   3.89220E-07   5.70476E-03   9.62232E-01   1.11647E-02 
    5.39164E-03   1.55060E-02   6.93477E-02   4.54360E-01   2.91272E-01 
    1.84465E-01   5.54727E-04   0.00000E+00   9.44041E-01   5.59593E-02  NONE
   7.33000E+02   2.93187E-07   5.37179E-03   9.62828E-01   1.09028E-02 
    5.39169E-03   1.55056E-02   6.93907E-02   4.61762E-01   2.78114E-01 
    1.90182E-01   5.50895E-04   0.00000E+00   9.44039E-01   5.59610E-02  NONE
   7.23000E+02   2.18983E-07   5.04692E-03   9.63419E-01   1.06374E-02 
    5.39174E-03   1.55052E-02   6.94330E-02   4.68998E-01   2.65041E-01 
    1.95981E-01   5.47014E-04   0.00000E+00   9.44038E-01   5.59623E-02  NONE
   7.13000E+02   1.62110E-07   4.73090E-03   9.64004E-01   1.03685E-02 
    5.39179E-03   1.55048E-02   6.94745E-02   4.76049E-01   2.52074E-01 
    2.01859E-01   5.43033E-04   0.00000E+00   9.44037E-01   5.59632E-02  NONE
   7.03000E+02   1.18892E-07   4.42442E-03   9.64583E-01   1.00966E-02 
    5.39186E-03   1.55043E-02   6.95150E-02   4.82900E-01   2.39238E-01 
    2.07808E-01   5.38892E-04   0.00000E+00   9.44036E-01   5.59640E-02  NONE
   6.93000E+02   8.63421E-08   4.12813E-03   9.65154E-01   9.82180E-03 
    5.39193E-03   1.55039E-02   6.95546E-02   4.89534E-01   2.26555E-01 
    2.13823E-01   5.34523E-04   0.00000E+00   9.44035E-01   5.59645E-02  NONE
   6.83000E+02   6.20567E-08   3.84260E-03   9.65717E-01   9.54455E-03 
    5.39203E-03   1.55036E-02   6.95930E-02   4.95937E-01   2.14045E-01 
    2.19895E-01   5.29853E-04   0.00000E+00   9.44035E-01   5.59650E-02  NONE
   6.73000E+02   4.41161E-08   3.56835E-03   9.66271E-01   9.26522E-03 
    5.39214E-03   1.55032E-02   6.96303E-02   5.02098E-01   2.01732E-01 
    2.26015E-01   5.24799E-04   0.00000E+00   9.44035E-01   5.59653E-02  NONE
