
 Phase Region for:
     FCC_A1#1                      
 col-1=T, col-2=W(FCC_A1#1,C), col-3=W(FCC_A1#1,CR), col-4=W(FCC_A1#1,FE),
   col-5=W(FCC_A1#1,MN), col-6=W(FCC_A1#1,NI), col-7=W(FCC_A1#1,SI),
   col-8=NP(FCC_A1#1),
   1.17300E+03   4.60015E-03   2.25621E-02   9.42514E-01   3.68668E-03 
    2.22087E-02   4.42877E-03   1.00000E+00
   1.18300E+03   4.60015E-03   2.25621E-02   9.42514E-01   3.68668E-03 
    2.22087E-02   4.42877E-03   1.00000E+00
   1.19300E+03   4.60015E-03   2.25621E-02   9.42514E-01   3.68668E-03 
    2.22087E-02   4.42877E-03   1.00000E+00
   1.20300E+03   4.60015E-03   2.25621E-02   9.42514E-01   3.68668E-03 
    2.22087E-02   4.42877E-03   1.00000E+00
   1.21300E+03   4.60015E-03   2.25621E-02   9.42514E-01   3.68668E-03 
    2.22087E-02   4.42877E-03   1.00000E+00
   1.22300E+03   4.60015E-03   2.25621E-02   9.42514E-01   3.68668E-03 
    2.22087E-02   4.42877E-03   1.00000E+00
   1.23300E+03   4.60015E-03   2.25621E-02   9.42514E-01   3.68668E-03 
    2.22087E-02   4.42877E-03   1.00000E+00
   1.24300E+03   4.60015E-03   2.25621E-02   9.42514E-01   3.68668E-03 
    2.22087E-02   4.42877E-03   1.00000E+00
   1.25300E+03   4.60015E-03   2.25621E-02   9.42514E-01   3.68668E-03 
    2.22087E-02   4.42877E-03   1.00000E+00
   1.26300E+03   4.60015E-03   2.25621E-02   9.42514E-01   3.68668E-03 
    2.22087E-02   4.42877E-03   1.00000E+00
   1.27300E+03   4.60015E-03   2.25621E-02   9.42514E-01   3.68668E-03 
    2.22087E-02   4.42877E-03   1.00000E+00
   1.28300E+03   4.60015E-03   2.25621E-02   9.42514E-01   3.68668E-03 
    2.22087E-02   4.42877E-03   1.00000E+00
   1.29300E+03   4.60015E-03   2.25621E-02   9.42514E-01   3.68668E-03 
    2.22087E-02   4.42877E-03   1.00000E+00
   1.30300E+03   4.60015E-03   2.25621E-02   9.42514E-01   3.68668E-03 
    2.22087E-02   4.42877E-03   1.00000E+00
   1.31300E+03   4.60015E-03   2.25621E-02   9.42514E-01   3.68668E-03 
    2.22087E-02   4.42877E-03   1.00000E+00
   1.32300E+03   4.60015E-03   2.25621E-02   9.42514E-01   3.68668E-03 
    2.22087E-02   4.42877E-03   1.00000E+00
   1.33300E+03   4.60015E-03   2.25621E-02   9.42514E-01   3.68668E-03 
    2.22087E-02   4.42877E-03   1.00000E+00
   1.34300E+03   4.60015E-03   2.25621E-02   9.42514E-01   3.68668E-03 
    2.22087E-02   4.42877E-03   1.00000E+00
   1.35300E+03   4.60015E-03   2.25621E-02   9.42514E-01   3.68668E-03 
    2.22087E-02   4.42877E-03   1.00000E+00
   1.36300E+03   4.60015E-03   2.25621E-02   9.42514E-01   3.68668E-03 
    2.22087E-02   4.42877E-03   1.00000E+00
   1.37300E+03   4.60015E-03   2.25621E-02   9.42514E-01   3.68668E-03 
    2.22087E-02   4.42877E-03   1.00000E+00
   1.38300E+03   4.60015E-03   2.25621E-02   9.42514E-01   3.68668E-03 
    2.22087E-02   4.42877E-03   1.00000E+00
   1.39300E+03   4.60015E-03   2.25621E-02   9.42514E-01   3.68668E-03 
    2.22087E-02   4.42877E-03   1.00000E+00
   1.40300E+03   4.60015E-03   2.25621E-02   9.42514E-01   3.68668E-03 
    2.22087E-02   4.42877E-03   1.00000E+00
   1.41300E+03   4.60015E-03   2.25621E-02   9.42514E-01   3.68668E-03 
    2.22087E-02   4.42877E-03   1.00000E+00
   1.42300E+03   4.60015E-03   2.25621E-02   9.42514E-01   3.68668E-03 
    2.22087E-02   4.42877E-03   1.00000E+00
   1.43300E+03   4.60015E-03   2.25621E-02   9.42514E-01   3.68668E-03 
    2.22087E-02   4.42877E-03   1.00000E+00
   1.44300E+03   4.60015E-03   2.25621E-02   9.42514E-01   3.68668E-03 
    2.22087E-02   4.42877E-03   1.00000E+00
   1.45300E+03   4.60015E-03   2.25621E-02   9.42514E-01   3.68668E-03 
    2.22087E-02   4.42877E-03   1.00000E+00
   1.46300E+03   4.60015E-03   2.25621E-02   9.42514E-01   3.68668E-03 
    2.22087E-02   4.42877E-03   1.00000E+00
   1.47300E+03   4.60015E-03   2.25621E-02   9.42514E-01   3.68668E-03 
    2.22087E-02   4.42877E-03   1.00000E+00

 Phase Region for:
     FCC_A1#1                      
 col-1=T, col-2=W(FCC_A1#1,C), col-3=W(FCC_A1#1,CR), col-4=W(FCC_A1#1,FE),
   col-5=W(FCC_A1#1,MN), col-6=W(FCC_A1#1,NI), col-7=W(FCC_A1#1,SI),
   col-8=NP(FCC_A1#1),
   1.17300E+03   4.60015E-03   2.25621E-02   9.42514E-01   3.68668E-03 
    2.22087E-02   4.42877E-03   1.00000E+00
   1.16300E+03   4.60015E-03   2.25621E-02   9.42514E-01   3.68668E-03 
    2.22087E-02   4.42877E-03   1.00000E+00
   1.15300E+03   4.60015E-03   2.25621E-02   9.42514E-01   3.68668E-03 
    2.22087E-02   4.42877E-03   1.00000E+00
   1.14300E+03   4.60015E-03   2.25621E-02   9.42514E-01   3.68668E-03 
    2.22087E-02   4.42877E-03   1.00000E+00
   1.13300E+03   4.60015E-03   2.25621E-02   9.42514E-01   3.68668E-03 
    2.22087E-02   4.42877E-03   1.00000E+00
   1.12300E+03   4.60015E-03   2.25621E-02   9.42514E-01   3.68668E-03 
    2.22087E-02   4.42877E-03   1.00000E+00
   1.11300E+03   4.60015E-03   2.25621E-02   9.42514E-01   3.68668E-03 
    2.22087E-02   4.42877E-03   1.00000E+00
   1.10300E+03   4.60015E-03   2.25621E-02   9.42514E-01   3.68668E-03 
    2.22087E-02   4.42877E-03   1.00000E+00
   1.09300E+03   4.60015E-03   2.25621E-02   9.42514E-01   3.68668E-03 
    2.22087E-02   4.42877E-03   1.00000E+00
   1.08300E+03   4.60015E-03   2.25621E-02   9.42514E-01   3.68668E-03 
    2.22087E-02   4.42877E-03   1.00000E+00
   1.07300E+03   4.60015E-03   2.25621E-02   9.42514E-01   3.68668E-03 
    2.22087E-02   4.42877E-03   1.00000E+00
   1.06300E+03   4.60015E-03   2.25621E-02   9.42514E-01   3.68668E-03 
    2.22087E-02   4.42877E-03   1.00000E+00
   1.05300E+03   4.60015E-03   2.25621E-02   9.42514E-01   3.68668E-03 
    2.22087E-02   4.42877E-03   1.00000E+00
   1.04320E+03   4.60015E-03   2.25621E-02   9.42514E-01   3.68668E-03 
    2.22087E-02   4.42877E-03   1.00000E+00

 Phase Region for:
     CEMENTITE                     
     FCC_A1#1                      
 col-1=T, col-2=W(CEMENTITE,C), col-3=W(CEMENTITE,CR), col-4=W(CEMENTITE,FE),
   col-5=W(CEMENTITE,MN), col-6=W(CEMENTITE,NI), col-7=W(CEMENTITE,SI),
   col-8=W(FCC_A1#1,C), col-9=W(FCC_A1#1,CR), col-10=W(FCC_A1#1,FE),
   col-11=W(FCC_A1#1,MN), col-12=W(FCC_A1#1,NI), col-13=W(FCC_A1#1,SI),
   col-14=NP(CEMENTITE), col-15=NP(FCC_A1#1),
   1.04320E+03   6.82147E-02   2.66233E-01   6.58452E-01   5.60547E-03 
    1.49556E-03   0.00000E+00   4.60015E-03   2.25621E-02   9.42514E-01 
    3.68668E-03   2.22087E-02   4.42877E-03   3.99113E-08   1.00000E+00  NONE
   1.04300E+03   6.82148E-02   2.66267E-01   6.58417E-01   5.60643E-03 
    1.49468E-03   0.00000E+00   4.59607E-03   2.25465E-02   9.42532E-01 
    3.68656E-03   2.22100E-02   4.42905E-03   7.96094E-05   9.99920E-01  NONE
   1.03300E+03   6.82237E-02   2.68016E-01   6.56654E-01   5.65551E-03 
    1.45063E-03   0.00000E+00   4.39464E-03   2.17692E-02   9.43437E-01 
    3.68032E-03   2.22758E-02   4.44308E-03   3.99818E-03   9.96002E-01  NONE
   1.02300E+03   6.82326E-02   2.69778E-01   6.54876E-01   5.70646E-03 
    1.40721E-03   0.00000E+00   4.19904E-03   2.10038E-02   9.44327E-01 
    3.67395E-03   2.23398E-02   4.45669E-03   7.77944E-03   9.92221E-01  NONE
   1.01300E+03   6.82416E-02   2.71551E-01   6.53083E-01   5.75934E-03 
    1.36444E-03   0.00000E+00   4.00924E-03   2.02503E-02   9.45201E-01 
    3.66744E-03   2.24022E-02   4.46989E-03   1.14266E-02   9.88573E-01  NONE
   1.00922E+03   6.82450E-02   2.72225E-01   6.52401E-01   5.77988E-03 
    1.34843E-03   0.00000E+00   3.93893E-03   1.99683E-02   9.45528E-01 
    3.66493E-03   2.24254E-02   4.47478E-03   1.27723E-02   9.87228E-01  NONE

 Phase Region for:
     BCC_A2                        
     CEMENTITE                     
     FCC_A1#1                      
 col-1=T, col-2=W(BCC_A2,C), col-3=W(BCC_A2,CR), col-4=W(BCC_A2,FE),
   col-5=W(BCC_A2,MN), col-6=W(BCC_A2,NI), col-7=W(BCC_A2,SI),
   col-8=W(CEMENTITE,C), col-9=W(CEMENTITE,CR), col-10=W(CEMENTITE,FE),
   col-11=W(CEMENTITE,MN), col-12=W(CEMENTITE,NI), col-13=W(CEMENTITE,SI),
   col-14=W(FCC_A1#1,C), col-15=W(FCC_A1#1,CR), col-16=W(FCC_A1#1,FE),
   col-17=W(FCC_A1#1,MN), col-18=W(FCC_A1#1,NI), col-19=W(FCC_A1#1,SI),
   col-20=NP(BCC_A2), col-21=NP(CEMENTITE), col-22=NP(FCC_A1#1),
   1.00922E+03   9.75017E-05   1.28616E-02   9.69835E-01   1.11424E-03 
    1.01484E-02   5.94327E-03   6.82450E-02   2.72225E-01   6.52402E-01 
    5.77990E-03   1.34843E-03   0.00000E+00   3.93893E-03   1.99683E-02 
    9.45528E-01   3.66494E-03   2.24255E-02   4.47478E-03   3.73980E-06 
    1.27726E-02   9.87224E-01
   1.00300E+03   9.37549E-05   1.17295E-02   9.69954E-01   1.23066E-03 
    1.13861E-02   5.60615E-03   6.81866E-02   2.60350E-01   6.63091E-01 
    6.81128E-03   1.56019E-03   0.00000E+00   3.93949E-03   1.84200E-02 
    9.43296E-01   4.27469E-03   2.58347E-02   4.23501E-03   2.09086E-01 
    2.85362E-02   7.62378E-01
   9.93000E+02   8.66231E-05   1.03696E-02   9.69363E-01   1.43310E-03 
    1.35059E-02   5.24208E-03   6.81187E-02   2.46455E-01   6.74834E-01 
    8.66976E-03   1.92281E-03   0.00000E+00   3.87058E-03   1.64682E-02 
    9.38170E-01   5.42950E-03   3.20550E-02   4.00713E-03   4.60227E-01 
    4.82271E-02   4.91546E-01
   9.83000E+02   7.86731E-05   9.42008E-03   9.68156E-01   1.64505E-03 
    1.56779E-02   5.02204E-03   6.80781E-02   2.38046E-01   6.80860E-01 
    1.07250E-02   2.29017E-03   0.00000E+00   3.73257E-03   1.50207E-02 
    9.31499E-01   6.79868E-03   3.90387E-02   3.91066E-03   6.31456E-01 
    6.18730E-02   3.06671E-01
   9.73000E+02   7.05203E-05   8.73418E-03   9.66647E-01   1.85787E-03 
    1.78001E-02   4.89042E-03   6.80577E-02   2.33671E-01   6.82696E-01 
    1.29333E-02   2.64232E-03   0.00000E+00   3.54824E-03   1.39111E-02 
    9.23628E-01   8.38472E-03   4.66293E-02   3.89815E-03   7.47132E-01 
    7.09336E-02   1.81934E-01
   9.63000E+02   6.26013E-05   8.21210E-03   9.65043E-01   2.06531E-03 
    1.98033E-02   4.81338E-03   6.80513E-02   2.32068E-01   6.81648E-01 
    1.52656E-02   2.96688E-03   0.00000E+00   3.33651E-03   1.30181E-02 
    9.14793E-01   1.01957E-02   5.47162E-02   3.94013E-03   8.25142E-01 
    7.67737E-02   9.80841E-02
   9.53000E+02   5.51686E-05   7.79110E-03   9.63473E-01   2.26273E-03 
    2.16474E-02   4.77031E-03   6.80544E-02   2.32334E-01   6.78653E-01 
    1.77015E-02   3.25758E-03   0.00000E+00   3.11081E-03   1.22626E-02 
    9.05125E-01   1.22443E-02   6.32395E-02   4.01814E-03   8.77696E-01 
    8.04427E-02   4.18610E-02
   9.43000E+02   4.83450E-05   7.43257E-03   9.62012E-01   2.44637E-03 
    2.33122E-02   4.74847E-03   6.80639E-02   2.33857E-01   6.74344E-01 
    2.02229E-02   3.51211E-03   0.00000E+00   2.88007E-03   1.15943E-02 
    8.94679E-01   1.45457E-02   7.21804E-02   4.12017E-03   9.12904E-01 
    8.26782E-02   4.41744E-03
   9.41490E+02   4.73711E-05   7.38224E-03   9.61804E-01   2.47268E-03 
    2.35474E-02   4.74647E-03   6.80658E-02   2.34169E-01   6.73608E-01 
    2.06098E-02   3.54738E-03   0.00000E+00   2.84520E-03   1.14989E-02 
    8.93036E-01   1.49161E-02   7.35669E-02   4.13711E-03   9.17075E-01 
    8.29247E-02   0.00000E+00

 Phase Region for:
     BCC_A2                        
     CEMENTITE                     
 col-1=T, col-2=W(BCC_A2,C), col-3=W(BCC_A2,CR), col-4=W(BCC_A2,FE),
   col-5=W(BCC_A2,MN), col-6=W(BCC_A2,NI), col-7=W(BCC_A2,SI),
   col-8=W(CEMENTITE,C), col-9=W(CEMENTITE,CR), col-10=W(CEMENTITE,FE),
   col-11=W(CEMENTITE,MN), col-12=W(CEMENTITE,NI), col-13=W(CEMENTITE,SI),
   col-14=NP(BCC_A2), col-15=NP(CEMENTITE),
   9.41490E+02   4.73711E-05   7.38224E-03   9.61804E-01   2.47268E-03 
    2.35474E-02   4.74647E-03   6.80658E-02   2.34169E-01   6.73608E-01 
    2.06098E-02   3.54738E-03   0.00000E+00   9.17075E-01   8.29247E-02  NONE
   9.33000E+02   4.22920E-05   7.12799E-03   9.62112E-01   2.42114E-03 
    2.35498E-02   4.74674E-03   6.80833E-02   2.37533E-01   6.69541E-01 
    2.13135E-02   3.52971E-03   0.00000E+00   9.16989E-01   8.30110E-02  NONE
   9.23000E+02   3.69346E-05   6.82954E-03   9.62474E-01   2.35963E-03 
    2.35525E-02   4.74701E-03   6.81039E-02   2.41504E-01   6.64730E-01 
    2.21545E-02   3.50831E-03   0.00000E+00   9.16898E-01   8.31020E-02  NONE
   9.13000E+02   3.21893E-05   6.53254E-03   9.62836E-01   2.29724E-03 
    2.35550E-02   4.74724E-03   6.81246E-02   2.45478E-01   6.59902E-01 
    2.30090E-02   3.48641E-03   0.00000E+00   9.16817E-01   8.31826E-02  NONE
   9.03000E+02   2.79945E-05   6.23738E-03   9.63196E-01   2.23397E-03 
    2.35574E-02   4.74743E-03   6.81453E-02   2.49448E-01   6.55066E-01 
    2.38769E-02   3.46412E-03   0.00000E+00   9.16746E-01   8.32539E-02  NONE
   8.93000E+02   2.42939E-05   5.94449E-03   9.63554E-01   2.16984E-03 
    2.35597E-02   4.74758E-03   6.81660E-02   2.53407E-01   6.50228E-01 
    2.47580E-02   3.44156E-03   0.00000E+00   9.16683E-01   8.33167E-02  NONE
   8.83000E+02   2.10362E-05   5.65435E-03   9.63910E-01   2.10485E-03 
    2.35618E-02   4.74770E-03   6.81866E-02   2.57346E-01   6.45396E-01 
    2.56522E-02   3.41883E-03   0.00000E+00   9.16628E-01   8.33721E-02  NONE
   8.73000E+02   1.81745E-05   5.36743E-03   9.64264E-01   2.03905E-03 
    2.35639E-02   4.74780E-03   6.82070E-02   2.61258E-01   6.40580E-01 
    2.65591E-02   3.39604E-03   0.00000E+00   9.16579E-01   8.34207E-02  NONE
   8.63000E+02   1.56662E-05   5.08427E-03   9.64614E-01   1.97245E-03 
    2.35658E-02   4.74787E-03   6.82273E-02   2.65134E-01   6.35788E-01 
    2.74782E-02   3.37329E-03   0.00000E+00   9.16537E-01   8.34633E-02  NONE
   8.53000E+02   1.34727E-05   4.80540E-03   9.64960E-01   1.90510E-03 
    2.35677E-02   4.74792E-03   6.82474E-02   2.68964E-01   6.31029E-01 
    2.84089E-02   3.35065E-03   0.00000E+00   9.16500E-01   8.35005E-02  NONE
   8.43000E+02   1.15588E-05   4.53136E-03   9.65303E-01   1.83706E-03 
    2.35694E-02   4.74796E-03   6.82672E-02   2.72740E-01   6.26314E-01 
    2.93502E-02   3.32820E-03   0.00000E+00   9.16467E-01   8.35330E-02  NONE
   8.33000E+02   9.89288E-06   4.26271E-03   9.65640E-01   1.76841E-03 
    2.35711E-02   4.74798E-03   6.82868E-02   2.76453E-01   6.21653E-01 
    3.03013E-02   3.30602E-03   0.00000E+00   9.16439E-01   8.35613E-02  NONE
   8.23000E+02   8.44613E-06   4.00001E-03   9.65972E-01   1.69922E-03 
    2.35727E-02   4.74798E-03   6.83059E-02   2.80095E-01   6.17054E-01 
    3.12610E-02   3.28415E-03   0.00000E+00   9.16414E-01   8.35858E-02  NONE
   8.13000E+02   7.19279E-06   3.74380E-03   9.66297E-01   1.62958E-03 
    2.35742E-02   4.74797E-03   6.83247E-02   2.83655E-01   6.12530E-01 
    3.22277E-02   3.26265E-03   0.00000E+00   9.16393E-01   8.36071E-02  NONE
   8.03000E+02   6.10965E-06   3.49461E-03   9.66616E-01   1.55962E-03 
    2.35757E-02   4.74796E-03   6.83431E-02   2.87126E-01   6.08090E-01 
    3.31999E-02   3.24155E-03   0.00000E+00   9.16374E-01   8.36255E-02  NONE
   7.93000E+02   5.17591E-06   3.25296E-03   9.66927E-01   1.48945E-03 
    2.35771E-02   4.74793E-03   6.83609E-02   2.90499E-01   6.03743E-01 
    3.41758E-02   3.22088E-03   0.00000E+00   9.16359E-01   8.36414E-02  NONE
   7.83000E+02   4.37298E-06   3.01934E-03   9.67231E-01   1.41922E-03 
    2.35784E-02   4.74790E-03   6.83783E-02   2.93768E-01   5.99500E-01 
    3.51534E-02   3.20066E-03   0.00000E+00   9.16345E-01   8.36550E-02  NONE
   7.73000E+02   3.68430E-06   2.79417E-03   9.67526E-01   1.34908E-03 
    2.35797E-02   4.74787E-03   6.83950E-02   2.96924E-01   5.95370E-01 
    3.61305E-02   3.18089E-03   0.00000E+00   9.16333E-01   8.36667E-02  NONE
   7.63000E+02   3.09514E-06   2.57787E-03   9.67811E-01   1.27920E-03 
    2.35809E-02   4.74783E-03   6.84112E-02   2.99960E-01   5.91362E-01 
    3.71046E-02   3.16157E-03   0.00000E+00   9.16323E-01   8.36767E-02  NONE
   7.53000E+02   2.59245E-06   2.37079E-03   9.68087E-01   1.20975E-03 
    2.35821E-02   4.74778E-03   6.84268E-02   3.02873E-01   5.87485E-01 
    3.80732E-02   3.14267E-03   0.00000E+00   9.16315E-01   8.36852E-02  NONE
   7.43000E+02   2.16468E-06   2.17323E-03   9.68353E-01   1.14093E-03 
    2.35832E-02   4.74774E-03   6.84417E-02   3.05655E-01   5.83746E-01 
    3.90336E-02   3.12417E-03   0.00000E+00   9.16308E-01   8.36925E-02  NONE
   7.33000E+02   1.80168E-06   1.98543E-03   9.68608E-01   1.07293E-03 
    2.35843E-02   4.74769E-03   6.84559E-02   3.08304E-01   5.80151E-01 
    3.99829E-02   3.10603E-03   0.00000E+00   9.16301E-01   8.36986E-02  NONE
   7.23000E+02   1.49452E-06   1.80757E-03   9.68852E-01   1.00596E-03 
    2.35854E-02   4.74765E-03   6.84695E-02   3.10815E-01   5.76709E-01 
    4.09183E-02   3.08820E-03   0.00000E+00   9.16296E-01   8.37039E-02  NONE
   7.13000E+02   1.23536E-06   1.63976E-03   9.69085E-01   9.40229E-04 
    2.35865E-02   4.74760E-03   6.84823E-02   3.13188E-01   5.73422E-01 
    4.18368E-02   3.07061E-03   0.00000E+00   9.16292E-01   8.37083E-02  NONE
   7.03000E+02   1.01736E-06   1.48207E-03   9.69306E-01   8.75936E-04 
    2.35875E-02   4.74755E-03   6.84944E-02   3.15420E-01   5.70297E-01 
    4.27354E-02   3.05320E-03   0.00000E+00   9.16288E-01   8.37120E-02  NONE
   6.93000E+02   8.34571E-07   1.33446E-03   9.69515E-01   8.13287E-04 
    2.35886E-02   4.74751E-03   6.85058E-02   3.17512E-01   5.67335E-01 
    4.36113E-02   3.03587E-03   0.00000E+00   9.16285E-01   8.37151E-02  NONE
   6.83000E+02   6.81807E-07   1.19687E-03   9.69713E-01   7.52478E-04 
    2.35896E-02   4.74747E-03   6.85165E-02   3.19463E-01   5.64540E-01 
    4.44617E-02   3.01855E-03   0.00000E+00   9.16282E-01   8.37177E-02  NONE
   6.73000E+02   5.54583E-07   1.06915E-03   9.69898E-01   6.93695E-04 
    2.35907E-02   4.74743E-03   6.85264E-02   3.21276E-01   5.61912E-01 
    4.52839E-02   3.00113E-03   0.00000E+00   9.16280E-01   8.37198E-02  NONE
