
 Phase Region for:
     CEMENTITE                     
     FCC_A1#1                      
 col-1=T, col-2=W(CEMENTITE,C), col-3=W(CEMENTITE,CR), col-4=W(CEMENTITE,FE),
   col-5=W(CEMENTITE,MN), col-6=W(CEMENTITE,NI), col-7=W(CEMENTITE,SI),
   col-8=W(FCC_A1#1,C), col-9=W(FCC_A1#1,CR), col-10=W(FCC_A1#1,FE),
   col-11=W(FCC_A1#1,MN), col-12=W(FCC_A1#1,NI), col-13=W(FCC_A1#1,SI),
   col-14=NP(CEMENTITE), col-15=NP(FCC_A1#1),
   1.17300E+03   6.75759E-02   1.36689E-01   7.82283E-01   1.10456E-02 
    2.40644E-03   0.00000E+00   8.45891E-03   2.07989E-02   9.23091E-01 
    8.27014E-03   1.79577E-02   2.14235E-02   6.45318E-03   9.93547E-01
   1.18300E+03   6.75733E-02   1.36204E-01   7.82787E-01   1.09760E-02 
    2.46059E-03   0.00000E+00   8.75243E-03   2.13746E-02   9.22391E-01 
    8.28395E-03   1.78804E-02   2.13172E-02   5.35195E-04   9.99465E-01
   1.18389E+03   6.75730E-02   1.36161E-01   7.82831E-01   1.09700E-02 
    2.46542E-03   0.00000E+00   8.77883E-03   2.14261E-02   9.22329E-01 
    8.28516E-03   1.78735E-02   2.13076E-02   0.00000E+00   1.00000E+00

 Phase Region for:
     FCC_A1#1                      
 col-1=T, col-2=W(FCC_A1#1,C), col-3=W(FCC_A1#1,CR), col-4=W(FCC_A1#1,FE),
   col-5=W(FCC_A1#1,MN), col-6=W(FCC_A1#1,NI), col-7=W(FCC_A1#1,SI),
   col-8=NP(FCC_A1#1),
   1.18389E+03   8.77883E-03   2.14261E-02   9.22329E-01   8.28516E-03 
    1.78735E-02   2.13076E-02   1.00000E+00
   1.19300E+03   8.77883E-03   2.14261E-02   9.22329E-01   8.28516E-03 
    1.78735E-02   2.13076E-02   1.00000E+00
   1.20300E+03   8.77883E-03   2.14261E-02   9.22329E-01   8.28516E-03 
    1.78735E-02   2.13076E-02   1.00000E+00
   1.21300E+03   8.77883E-03   2.14261E-02   9.22329E-01   8.28516E-03 
    1.78735E-02   2.13076E-02   1.00000E+00
   1.22300E+03   8.77883E-03   2.14261E-02   9.22329E-01   8.28516E-03 
    1.78735E-02   2.13076E-02   1.00000E+00
   1.23300E+03   8.77883E-03   2.14261E-02   9.22329E-01   8.28516E-03 
    1.78735E-02   2.13076E-02   1.00000E+00
   1.24300E+03   8.77883E-03   2.14261E-02   9.22329E-01   8.28516E-03 
    1.78735E-02   2.13076E-02   1.00000E+00
   1.25300E+03   8.77883E-03   2.14261E-02   9.22329E-01   8.28516E-03 
    1.78735E-02   2.13076E-02   1.00000E+00
   1.26300E+03   8.77883E-03   2.14261E-02   9.22329E-01   8.28516E-03 
    1.78735E-02   2.13076E-02   1.00000E+00
   1.27300E+03   8.77883E-03   2.14261E-02   9.22329E-01   8.28516E-03 
    1.78735E-02   2.13076E-02   1.00000E+00
   1.28300E+03   8.77883E-03   2.14261E-02   9.22329E-01   8.28516E-03 
    1.78735E-02   2.13076E-02   1.00000E+00
   1.29300E+03   8.77883E-03   2.14261E-02   9.22329E-01   8.28516E-03 
    1.78735E-02   2.13076E-02   1.00000E+00
   1.30300E+03   8.77883E-03   2.14261E-02   9.22329E-01   8.28516E-03 
    1.78735E-02   2.13076E-02   1.00000E+00
   1.31300E+03   8.77883E-03   2.14261E-02   9.22329E-01   8.28516E-03 
    1.78735E-02   2.13076E-02   1.00000E+00
   1.32300E+03   8.77883E-03   2.14261E-02   9.22329E-01   8.28516E-03 
    1.78735E-02   2.13076E-02   1.00000E+00
   1.33300E+03   8.77883E-03   2.14261E-02   9.22329E-01   8.28516E-03 
    1.78735E-02   2.13076E-02   1.00000E+00
   1.34300E+03   8.77883E-03   2.14261E-02   9.22329E-01   8.28516E-03 
    1.78735E-02   2.13076E-02   1.00000E+00
   1.35300E+03   8.77883E-03   2.14261E-02   9.22329E-01   8.28516E-03 
    1.78735E-02   2.13076E-02   1.00000E+00
   1.36300E+03   8.77883E-03   2.14261E-02   9.22329E-01   8.28516E-03 
    1.78735E-02   2.13076E-02   1.00000E+00
   1.37300E+03   8.77883E-03   2.14261E-02   9.22329E-01   8.28516E-03 
    1.78735E-02   2.13076E-02   1.00000E+00
   1.38300E+03   8.77883E-03   2.14261E-02   9.22329E-01   8.28516E-03 
    1.78735E-02   2.13076E-02   1.00000E+00
   1.39300E+03   8.77883E-03   2.14261E-02   9.22329E-01   8.28516E-03 
    1.78735E-02   2.13076E-02   1.00000E+00
   1.40300E+03   8.77883E-03   2.14261E-02   9.22329E-01   8.28516E-03 
    1.78735E-02   2.13076E-02   1.00000E+00
   1.41300E+03   8.77883E-03   2.14261E-02   9.22329E-01   8.28516E-03 
    1.78735E-02   2.13076E-02   1.00000E+00
   1.42300E+03   8.77883E-03   2.14261E-02   9.22329E-01   8.28516E-03 
    1.78735E-02   2.13076E-02   1.00000E+00
   1.43300E+03   8.77883E-03   2.14261E-02   9.22329E-01   8.28516E-03 
    1.78735E-02   2.13076E-02   1.00000E+00
   1.44300E+03   8.77883E-03   2.14261E-02   9.22329E-01   8.28516E-03 
    1.78735E-02   2.13076E-02   1.00000E+00
   1.45300E+03   8.77883E-03   2.14261E-02   9.22329E-01   8.28516E-03 
    1.78735E-02   2.13076E-02   1.00000E+00
   1.46300E+03   8.77883E-03   2.14261E-02   9.22329E-01   8.28516E-03 
    1.78735E-02   2.13076E-02   1.00000E+00
   1.47300E+03   8.77883E-03   2.14261E-02   9.22329E-01   8.28516E-03 
    1.78735E-02   2.13076E-02   1.00000E+00

 Phase Region for:
     CEMENTITE                     
     FCC_A1#1                      
 col-1=T, col-2=W(CEMENTITE,C), col-3=W(CEMENTITE,CR), col-4=W(CEMENTITE,FE),
   col-5=W(CEMENTITE,MN), col-6=W(CEMENTITE,NI), col-7=W(CEMENTITE,SI),
   col-8=W(FCC_A1#1,C), col-9=W(FCC_A1#1,CR), col-10=W(FCC_A1#1,FE),
   col-11=W(FCC_A1#1,MN), col-12=W(FCC_A1#1,NI), col-13=W(FCC_A1#1,SI),
   col-14=NP(CEMENTITE), col-15=NP(FCC_A1#1),
   1.17300E+03   6.75759E-02   1.36689E-01   7.82283E-01   1.10456E-02 
    2.40644E-03   0.00000E+00   8.45891E-03   2.07989E-02   9.23091E-01 
    8.27014E-03   1.79577E-02   2.14235E-02   6.45318E-03   9.93547E-01
   1.16300E+03   6.75786E-02   1.37180E-01   7.81771E-01   1.11178E-02 
    2.35268E-03   0.00000E+00   8.17123E-03   2.02300E-02   9.23781E-01 
    8.25589E-03   1.80339E-02   2.15278E-02   1.21967E-02   9.87803E-01
   1.15300E+03   6.75813E-02   1.37674E-01   7.81253E-01   1.11926E-02 
    2.29933E-03   0.00000E+00   7.88935E-03   1.96677E-02   9.24463E-01 
    8.24118E-03   1.81091E-02   2.16299E-02   1.77707E-02   9.82229E-01
   1.14300E+03   6.75840E-02   1.38172E-01   7.80727E-01   1.12701E-02 
    2.24639E-03   0.00000E+00   7.61324E-03   1.91121E-02   9.25136E-01 
    8.22599E-03   1.81832E-02   2.17299E-02   2.31797E-02   9.76820E-01
   1.13300E+03   6.75868E-02   1.38673E-01   7.80196E-01   1.13504E-02 
    2.19387E-03   0.00000E+00   7.34287E-03   1.85632E-02   9.25799E-01 
    8.21031E-03   1.82564E-02   2.18279E-02   2.84281E-02   9.71572E-01
   1.12300E+03   6.75895E-02   1.39177E-01   7.79658E-01   1.14336E-02 
    2.14179E-03   0.00000E+00   7.07822E-03   1.80211E-02   9.26454E-01 
    8.19412E-03   1.83284E-02   2.19237E-02   3.35201E-02   9.66480E-01
   1.11300E+03   6.75923E-02   1.39682E-01   7.79115E-01   1.15197E-02 
    2.09015E-03   0.00000E+00   6.81925E-03   1.74860E-02   9.27100E-01 
    8.17739E-03   1.83994E-02   2.20175E-02   3.84598E-02   9.61540E-01
   1.10300E+03   6.75951E-02   1.40190E-01   7.78567E-01   1.16089E-02 
    2.03897E-03   0.00000E+00   6.56593E-03   1.69577E-02   9.27738E-01 
    8.16011E-03   1.84693E-02   2.21093E-02   4.32510E-02   9.56749E-01
   1.09300E+03   6.75979E-02   1.40699E-01   7.78014E-01   1.17012E-02 
    1.98824E-03   0.00000E+00   6.31824E-03   1.64365E-02   9.28366E-01 
    8.14225E-03   1.85380E-02   2.21990E-02   4.78975E-02   9.52102E-01
   1.08300E+03   6.76007E-02   1.41209E-01   7.77456E-01   1.17968E-02 
    1.93799E-03   0.00000E+00   6.07615E-03   1.59224E-02   9.28985E-01 
    8.12381E-03   1.86057E-02   2.22866E-02   5.24028E-02   9.47597E-01
   1.07300E+03   6.76035E-02   1.41719E-01   7.76893E-01   1.18956E-02 
    1.88823E-03   0.00000E+00   5.83962E-03   1.54156E-02   9.29596E-01 
    8.10476E-03   1.86722E-02   2.23722E-02   5.67705E-02   9.43230E-01
   1.06300E+03   6.76063E-02   1.42230E-01   7.76327E-01   1.19979E-02 
    1.83895E-03   0.00000E+00   5.60863E-03   1.49160E-02   9.30197E-01 
    8.08508E-03   1.87376E-02   2.24559E-02   6.10037E-02   9.38996E-01
   1.05300E+03   6.76091E-02   1.42741E-01   7.75756E-01   1.21038E-02 
    1.79017E-03   0.00000E+00   5.38314E-03   1.44238E-02   9.30789E-01 
    8.06475E-03   1.88018E-02   2.25375E-02   6.51057E-02   9.34894E-01
   1.04300E+03   6.76119E-02   1.43251E-01   7.75182E-01   1.22133E-02 
    1.74191E-03   0.00000E+00   5.16313E-03   1.39391E-02   9.31372E-01 
    8.04375E-03   1.88649E-02   2.26171E-02   6.90795E-02   9.30920E-01
   1.03300E+03   6.76147E-02   1.43760E-01   7.74605E-01   1.23266E-02 
    1.69416E-03   0.00000E+00   4.94855E-03   1.34621E-02   9.31946E-01 
    8.02206E-03   1.89268E-02   2.26947E-02   7.29282E-02   9.27072E-01
   1.03181E+03   6.76150E-02   1.43820E-01   7.74536E-01   1.23403E-02 
    1.68852E-03   0.00000E+00   4.92342E-03   1.34059E-02   9.32013E-01 
    8.01943E-03   1.89341E-02   2.27038E-02   7.33773E-02   9.26623E-01

 Phase Region for:
     BCC_A2                        
     CEMENTITE                     
     FCC_A1#1                      
 col-1=T, col-2=W(BCC_A2,C), col-3=W(BCC_A2,CR), col-4=W(BCC_A2,FE),
   col-5=W(BCC_A2,MN), col-6=W(BCC_A2,NI), col-7=W(BCC_A2,SI),
   col-8=W(CEMENTITE,C), col-9=W(CEMENTITE,CR), col-10=W(CEMENTITE,FE),
   col-11=W(CEMENTITE,MN), col-12=W(CEMENTITE,NI), col-13=W(CEMENTITE,SI),
   col-14=W(FCC_A1#1,C), col-15=W(FCC_A1#1,CR), col-16=W(FCC_A1#1,FE),
   col-17=W(FCC_A1#1,MN), col-18=W(FCC_A1#1,NI), col-19=W(FCC_A1#1,SI),
   col-20=NP(BCC_A2), col-21=NP(CEMENTITE), col-22=NP(FCC_A1#1),
   1.03181E+03   1.38898E-04   8.63699E-03   9.50234E-01   3.04605E-03 
    9.16036E-03   2.87834E-02   6.76150E-02   1.43820E-01   7.74536E-01 
    1.23403E-02   1.68852E-03   0.00000E+00   4.92341E-03   1.34059E-02 
    9.32013E-01   8.01945E-03   1.89341E-02   2.27038E-02   2.67168E-06 
    7.33776E-02   9.26620E-01
   1.02300E+03   1.28271E-04   7.91994E-03   9.50676E-01   3.33383E-03 
    1.03562E-02   2.75854E-02   6.75904E-02   1.38567E-01   7.77632E-01 
    1.42885E-02   1.92193E-03   0.00000E+00   4.80581E-03   1.23340E-02 
    9.29868E-01   9.16715E-03   2.20728E-02   2.17521E-02   2.15750E-01 
    9.51343E-02   6.89116E-01
   1.01300E+03   1.16188E-04   7.26415E-03   9.50532E-01   3.67476E-03 
    1.18735E-02   2.65389E-02   6.75706E-02   1.34221E-01   7.79249E-01 
    1.67415E-02   2.21818E-03   0.00000E+00   4.63778E-03   1.13165E-02 
    9.26134E-01   1.06529E-02   2.62928E-02   2.09660E-02   4.12302E-01 
    1.14720E-01   4.72978E-01
   1.00300E+03   1.04369E-04   6.74298E-03   9.49864E-01   4.00883E-03 
    1.34993E-02   2.57801E-02   6.75585E-02   1.31400E-01   7.79131E-01 
    1.93749E-02   2.53564E-03   0.00000E+00   4.43906E-03   1.04734E-02 
    9.21169E-01   1.23031E-02   3.11678E-02   2.04475E-02   5.61394E-01 
    1.29192E-01   3.09414E-01
   9.93000E+02   9.31092E-05   6.31563E-03   9.48905E-01   4.29735E-03 
    1.51457E-02   2.52436E-02   6.75528E-02   1.29841E-01   7.77590E-01 
    2.21528E-02   2.86311E-03   0.00000E+00   4.21657E-03   9.76433E-03 
    9.15090E-01   1.41138E-02   3.66577E-02   2.01576E-02   6.70632E-01 
    1.39380E-01   1.89989E-01
   9.83000E+02   8.25981E-05   5.95511E-03   9.47774E-01   4.53691E-03 
    1.67753E-02   2.48764E-02   6.75519E-02   1.29226E-01   7.74970E-01 
    2.50587E-02   3.19401E-03   0.00000E+00   3.97839E-03   9.14808E-03 
    9.07982E-01   1.60908E-02   4.27666E-02   2.00337E-02   7.49382E-01 
    1.46322E-01   1.04296E-01
   9.73000E+02   7.29358E-05   5.64622E-03   9.46525E-01   4.74575E-03 
    1.83785E-02   2.46317E-02   6.75542E-02   1.29251E-01   7.71678E-01 
    2.79983E-02   3.51892E-03   0.00000E+00   3.73366E-03   8.59256E-03 
    9.00063E-01   1.81818E-02   4.94340E-02   1.99946E-02   8.05680E-01 
    1.50928E-01   4.33915E-02
   9.63000E+02   6.41647E-05   5.37224E-03   9.45254E-01   4.91658E-03 
    1.99237E-02   2.44694E-02   6.75588E-02   1.29729E-01   7.67955E-01 
    3.09259E-02   3.83174E-03   0.00000E+00   3.48754E-03   8.07910E-03 
    8.91430E-01   2.03678E-02   5.66319E-02   2.00037E-02   8.45399E-01 
    1.53885E-01   7.16831E-04
   9.62796E+02   6.39954E-05   5.36694E-03   9.45228E-01   4.91963E-03 
    1.99544E-02   2.44667E-02   6.75589E-02   1.29742E-01   7.67876E-01 
    3.09851E-02   3.83795E-03   0.00000E+00   3.48254E-03   8.06899E-03 
    8.91247E-01   2.04132E-02   5.67839E-02   2.00042E-02   8.46068E-01 
    1.53932E-01   0.00000E+00

 Phase Region for:
     BCC_A2                        
     CEMENTITE                     
 col-1=T, col-2=W(BCC_A2,C), col-3=W(BCC_A2,CR), col-4=W(BCC_A2,FE),
   col-5=W(BCC_A2,MN), col-6=W(BCC_A2,NI), col-7=W(BCC_A2,SI),
   col-8=W(CEMENTITE,C), col-9=W(CEMENTITE,CR), col-10=W(CEMENTITE,FE),
   col-11=W(CEMENTITE,MN), col-12=W(CEMENTITE,NI), col-13=W(CEMENTITE,SI),
   col-14=NP(BCC_A2), col-15=NP(CEMENTITE),
   9.62796E+02   6.39954E-05   5.36694E-03   9.45228E-01   4.91963E-03 
    1.99544E-02   2.44667E-02   6.75589E-02   1.29742E-01   7.67876E-01 
    3.09851E-02   3.83795E-03   0.00000E+00   8.46068E-01   1.53932E-01  NONE
   9.53000E+02   5.65641E-05   5.13918E-03   9.45630E-01   4.75048E-03 
    1.99546E-02   2.44689E-02   6.75674E-02   1.31201E-01   7.65276E-01 
    3.21091E-02   3.84647E-03   0.00000E+00   8.45954E-01   1.54046E-01  NONE
   9.43000E+02   4.97814E-05   4.91024E-03   9.46035E-01   4.57915E-03 
    1.99549E-02   2.44709E-02   6.75759E-02   1.32674E-01   7.62649E-01 
    3.32481E-02   3.85367E-03   0.00000E+00   8.45850E-01   1.54150E-01  NONE
   9.33000E+02   4.37324E-05   4.68500E-03   9.46434E-01   4.40924E-03 
    1.99552E-02   2.44727E-02   6.75843E-02   1.34129E-01   7.60049E-01 
    3.43782E-02   3.85948E-03   0.00000E+00   8.45757E-01   1.54243E-01  NONE
   9.23000E+02   3.83460E-05   4.46362E-03   9.46828E-01   4.24084E-03 
    1.99555E-02   2.44742E-02   6.75927E-02   1.35565E-01   7.57479E-01 
    3.54990E-02   3.86403E-03   0.00000E+00   8.45674E-01   1.54326E-01  NONE
   9.13000E+02   3.35571E-05   4.24626E-03   9.47215E-01   4.07402E-03 
    1.99558E-02   2.44755E-02   6.76009E-02   1.36980E-01   7.54941E-01 
    3.66100E-02   3.86740E-03   0.00000E+00   8.45600E-01   1.54400E-01  NONE
   9.03000E+02   2.93066E-05   4.03311E-03   9.47596E-01   3.90889E-03 
    1.99562E-02   2.44766E-02   6.76090E-02   1.38373E-01   7.52437E-01 
    3.77104E-02   3.86969E-03   0.00000E+00   8.45535E-01   1.54465E-01  NONE
   8.93000E+02   2.55404E-05   3.82436E-03   9.47970E-01   3.74555E-03 
    1.99566E-02   2.44775E-02   6.76170E-02   1.39742E-01   7.49970E-01 
    3.87997E-02   3.87099E-03   0.00000E+00   8.45477E-01   1.54523E-01  NONE
   8.83000E+02   2.22096E-05   3.62020E-03   9.48338E-01   3.58412E-03 
    1.99571E-02   2.44783E-02   6.76249E-02   1.41085E-01   7.47542E-01 
    3.98770E-02   3.87138E-03   0.00000E+00   8.45426E-01   1.54574E-01  NONE
   8.73000E+02   1.92694E-05   3.42085E-03   9.48699E-01   3.42474E-03 
    1.99576E-02   2.44789E-02   6.76325E-02   1.42400E-01   7.45155E-01 
    4.09414E-02   3.87090E-03   0.00000E+00   8.45381E-01   1.54619E-01  NONE
   8.63000E+02   1.66790E-05   3.22652E-03   9.49052E-01   3.26755E-03 
    1.99581E-02   2.44795E-02   6.76401E-02   1.43685E-01   7.42814E-01 
    4.19918E-02   3.86963E-03   0.00000E+00   8.45341E-01   1.54659E-01  NONE
   8.53000E+02   1.44016E-05   3.03740E-03   9.49397E-01   3.11270E-03 
    1.99587E-02   2.44799E-02   6.76474E-02   1.44939E-01   7.40519E-01 
    4.30274E-02   3.86761E-03   0.00000E+00   8.45306E-01   1.54694E-01  NONE
   8.43000E+02   1.24036E-05   2.85369E-03   9.49734E-01   2.96035E-03 
    1.99593E-02   2.44802E-02   6.76546E-02   1.46159E-01   7.38274E-01 
    4.40469E-02   3.86489E-03   0.00000E+00   8.45275E-01   1.54725E-01  NONE
   8.33000E+02   1.06547E-05   2.67560E-03   9.50063E-01   2.81068E-03 
    1.99600E-02   2.44805E-02   6.76616E-02   1.47345E-01   7.36082E-01 
    4.50491E-02   3.86148E-03   0.00000E+00   8.45249E-01   1.54751E-01  NONE
   8.23000E+02   9.12727E-06   2.50329E-03   9.50382E-01   2.66385E-03 
    1.99607E-02   2.44807E-02   6.76684E-02   1.48495E-01   7.33946E-01 
    4.60329E-02   3.85743E-03   0.00000E+00   8.45225E-01   1.54775E-01  NONE
   8.13000E+02   7.79659E-06   2.33694E-03   9.50693E-01   2.52006E-03 
    1.99615E-02   2.44808E-02   6.76750E-02   1.49607E-01   7.31868E-01 
    4.69970E-02   3.85275E-03   0.00000E+00   8.45205E-01   1.54795E-01  NONE
   8.03000E+02   6.64017E-06   2.17670E-03   9.50994E-01   2.37947E-03 
    1.99624E-02   2.44809E-02   6.76814E-02   1.50680E-01   7.29851E-01 
    4.79401E-02   3.84744E-03   0.00000E+00   8.45187E-01   1.54813E-01  NONE
   7.93000E+02   5.63781E-06   2.02269E-03   9.51285E-01   2.24227E-03 
    1.99633E-02   2.44809E-02   6.76876E-02   1.51713E-01   7.27897E-01 
    4.88609E-02   3.84151E-03   0.00000E+00   8.45172E-01   1.54828E-01  NONE
   7.83000E+02   4.77136E-06   1.87503E-03   9.51566E-01   2.10864E-03 
    1.99642E-02   2.44809E-02   6.76935E-02   1.52705E-01   7.26009E-01 
    4.97583E-02   3.83495E-03   0.00000E+00   8.45158E-01   1.54842E-01  NONE
   7.73000E+02   4.02449E-06   1.73381E-03   9.51837E-01   1.97875E-03 
    1.99653E-02   2.44809E-02   6.76992E-02   1.53654E-01   7.24188E-01 
    5.06309E-02   3.82776E-03   0.00000E+00   8.45147E-01   1.54853E-01  NONE
   7.63000E+02   3.38262E-06   1.59909E-03   9.52098E-01   1.85277E-03 
    1.99664E-02   2.44808E-02   6.77046E-02   1.54561E-01   7.22436E-01 
    5.14777E-02   3.81991E-03   0.00000E+00   8.45137E-01   1.54863E-01  NONE
   7.53000E+02   2.83268E-06   1.47092E-03   9.52347E-01   1.73085E-03 
    1.99676E-02   2.44807E-02   6.77098E-02   1.55426E-01   7.20756E-01 
    5.22975E-02   3.81138E-03   0.00000E+00   8.45128E-01   1.54872E-01  NONE
   7.43000E+02   2.36302E-06   1.34930E-03   9.52586E-01   1.61314E-03 
    1.99689E-02   2.44806E-02   6.77148E-02   1.56246E-01   7.19147E-01 
    5.30893E-02   3.80214E-03   0.00000E+00   8.45121E-01   1.54879E-01  NONE
   7.33000E+02   1.96330E-06   1.23424E-03   9.52813E-01   1.49978E-03 
    1.99704E-02   2.44805E-02   6.77195E-02   1.57024E-01   7.17612E-01 
    5.38521E-02   3.79215E-03   0.00000E+00   8.45115E-01   1.54885E-01  NONE
   7.23000E+02   1.62429E-06   1.12568E-03   9.53030E-01   1.39088E-03 
    1.99719E-02   2.44804E-02   6.77240E-02   1.57758E-01   7.16152E-01 
    5.45852E-02   3.78137E-03   0.00000E+00   8.45110E-01   1.54890E-01  NONE
   7.13000E+02   1.33786E-06   1.02358E-03   9.53235E-01   1.28653E-03 
    1.99735E-02   2.44803E-02   6.77283E-02   1.58449E-01   7.14765E-01 
    5.52878E-02   3.76975E-03   0.00000E+00   8.45105E-01   1.54895E-01  NONE
   7.03000E+02   1.09679E-06   9.27826E-04   9.53429E-01   1.18683E-03 
    1.99753E-02   2.44801E-02   6.77323E-02   1.59098E-01   7.13454E-01 
    5.59593E-02   3.75722E-03   0.00000E+00   8.45102E-01   1.54898E-01  NONE
   6.93000E+02   8.94749E-07   8.38323E-04   9.53612E-01   1.09182E-03 
    1.99772E-02   2.44800E-02   6.77360E-02   1.59704E-01   7.12216E-01 
    5.65994E-02   3.74374E-03   0.00000E+00   8.45099E-01   1.54901E-01  NONE
   6.83000E+02   7.26152E-07   7.54929E-04   9.53784E-01   1.00155E-03 
    1.99793E-02   2.44799E-02   6.77395E-02   1.60270E-01   7.11053E-01 
    5.72077E-02   3.72924E-03   0.00000E+00   8.45096E-01   1.54904E-01  NONE
   6.73000E+02   5.86115E-07   6.77489E-04   9.53945E-01   9.16035E-04 
    1.99815E-02   2.44798E-02   6.77428E-02   1.60796E-01   7.09964E-01 
    5.77840E-02   3.71365E-03   0.00000E+00   8.45094E-01   1.54906E-01  NONE
