
 Phase Region for:
     FCC_A1#1                      
 col-1=T, col-2=W(FCC_A1#1,C), col-3=W(FCC_A1#1,CR), col-4=W(FCC_A1#1,FE),
   col-5=W(FCC_A1#1,MN), col-6=W(FCC_A1#1,NI), col-7=W(FCC_A1#1,SI),
   col-8=NP(FCC_A1#1),
   1.17300E+03   2.33264E-03   1.17965E-02   9.52388E-01   1.11886E-02 
    1.30435E-02   9.25095E-03   1.00000E+00
   1.18300E+03   2.33264E-03   1.17965E-02   9.52388E-01   1.11886E-02 
    1.30435E-02   9.25095E-03   1.00000E+00
   1.19300E+03   2.33264E-03   1.17965E-02   9.52388E-01   1.11886E-02 
    1.30435E-02   9.25095E-03   1.00000E+00
   1.20300E+03   2.33264E-03   1.17965E-02   9.52388E-01   1.11886E-02 
    1.30435E-02   9.25095E-03   1.00000E+00
   1.21300E+03   2.33264E-03   1.17965E-02   9.52388E-01   1.11886E-02 
    1.30435E-02   9.25095E-03   1.00000E+00
   1.22300E+03   2.33264E-03   1.17965E-02   9.52388E-01   1.11886E-02 
    1.30435E-02   9.25095E-03   1.00000E+00
   1.23300E+03   2.33264E-03   1.17965E-02   9.52388E-01   1.11886E-02 
    1.30435E-02   9.25095E-03   1.00000E+00
   1.24300E+03   2.33264E-03   1.17965E-02   9.52388E-01   1.11886E-02 
    1.30435E-02   9.25095E-03   1.00000E+00
   1.25300E+03   2.33264E-03   1.17965E-02   9.52388E-01   1.11886E-02 
    1.30435E-02   9.25095E-03   1.00000E+00
   1.26300E+03   2.33264E-03   1.17965E-02   9.52388E-01   1.11886E-02 
    1.30435E-02   9.25095E-03   1.00000E+00
   1.27300E+03   2.33264E-03   1.17965E-02   9.52388E-01   1.11886E-02 
    1.30435E-02   9.25095E-03   1.00000E+00
   1.28300E+03   2.33264E-03   1.17965E-02   9.52388E-01   1.11886E-02 
    1.30435E-02   9.25095E-03   1.00000E+00
   1.29300E+03   2.33264E-03   1.17965E-02   9.52388E-01   1.11886E-02 
    1.30435E-02   9.25095E-03   1.00000E+00
   1.30300E+03   2.33264E-03   1.17965E-02   9.52388E-01   1.11886E-02 
    1.30435E-02   9.25095E-03   1.00000E+00
   1.31300E+03   2.33264E-03   1.17965E-02   9.52388E-01   1.11886E-02 
    1.30435E-02   9.25095E-03   1.00000E+00
   1.32300E+03   2.33264E-03   1.17965E-02   9.52388E-01   1.11886E-02 
    1.30435E-02   9.25095E-03   1.00000E+00
   1.33300E+03   2.33264E-03   1.17965E-02   9.52388E-01   1.11886E-02 
    1.30435E-02   9.25095E-03   1.00000E+00
   1.34300E+03   2.33264E-03   1.17965E-02   9.52388E-01   1.11886E-02 
    1.30435E-02   9.25095E-03   1.00000E+00
   1.35300E+03   2.33264E-03   1.17965E-02   9.52388E-01   1.11886E-02 
    1.30435E-02   9.25095E-03   1.00000E+00
   1.36300E+03   2.33264E-03   1.17965E-02   9.52388E-01   1.11886E-02 
    1.30435E-02   9.25095E-03   1.00000E+00
   1.37300E+03   2.33264E-03   1.17965E-02   9.52388E-01   1.11886E-02 
    1.30435E-02   9.25095E-03   1.00000E+00
   1.38300E+03   2.33264E-03   1.17965E-02   9.52388E-01   1.11886E-02 
    1.30435E-02   9.25095E-03   1.00000E+00
   1.39300E+03   2.33264E-03   1.17965E-02   9.52388E-01   1.11886E-02 
    1.30435E-02   9.25095E-03   1.00000E+00
   1.40300E+03   2.33264E-03   1.17965E-02   9.52388E-01   1.11886E-02 
    1.30435E-02   9.25095E-03   1.00000E+00
   1.41300E+03   2.33264E-03   1.17965E-02   9.52388E-01   1.11886E-02 
    1.30435E-02   9.25095E-03   1.00000E+00
   1.42300E+03   2.33264E-03   1.17965E-02   9.52388E-01   1.11886E-02 
    1.30435E-02   9.25095E-03   1.00000E+00
   1.43300E+03   2.33264E-03   1.17965E-02   9.52388E-01   1.11886E-02 
    1.30435E-02   9.25095E-03   1.00000E+00
   1.44300E+03   2.33264E-03   1.17965E-02   9.52388E-01   1.11886E-02 
    1.30435E-02   9.25095E-03   1.00000E+00
   1.45300E+03   2.33264E-03   1.17965E-02   9.52388E-01   1.11886E-02 
    1.30435E-02   9.25095E-03   1.00000E+00
   1.46300E+03   2.33264E-03   1.17965E-02   9.52388E-01   1.11886E-02 
    1.30435E-02   9.25095E-03   1.00000E+00
   1.47300E+03   2.33264E-03   1.17965E-02   9.52388E-01   1.11886E-02 
    1.30435E-02   9.25095E-03   1.00000E+00

 Phase Region for:
     FCC_A1#1                      
 col-1=T, col-2=W(FCC_A1#1,C), col-3=W(FCC_A1#1,CR), col-4=W(FCC_A1#1,FE),
   col-5=W(FCC_A1#1,MN), col-6=W(FCC_A1#1,NI), col-7=W(FCC_A1#1,SI),
   col-8=NP(FCC_A1#1),
   1.17300E+03   2.33264E-03   1.17965E-02   9.52388E-01   1.11886E-02 
    1.30435E-02   9.25095E-03   1.00000E+00
   1.16300E+03   2.33264E-03   1.17965E-02   9.52388E-01   1.11886E-02 
    1.30435E-02   9.25095E-03   1.00000E+00
   1.15300E+03   2.33264E-03   1.17965E-02   9.52388E-01   1.11886E-02 
    1.30435E-02   9.25095E-03   1.00000E+00
   1.14300E+03   2.33264E-03   1.17965E-02   9.52388E-01   1.11886E-02 
    1.30435E-02   9.25095E-03   1.00000E+00
   1.13300E+03   2.33264E-03   1.17965E-02   9.52388E-01   1.11886E-02 
    1.30435E-02   9.25095E-03   1.00000E+00
   1.12300E+03   2.33264E-03   1.17965E-02   9.52388E-01   1.11886E-02 
    1.30435E-02   9.25095E-03   1.00000E+00
   1.11300E+03   2.33264E-03   1.17965E-02   9.52388E-01   1.11886E-02 
    1.30435E-02   9.25095E-03   1.00000E+00
   1.10300E+03   2.33264E-03   1.17965E-02   9.52388E-01   1.11886E-02 
    1.30435E-02   9.25095E-03   1.00000E+00
   1.09300E+03   2.33264E-03   1.17965E-02   9.52388E-01   1.11886E-02 
    1.30435E-02   9.25095E-03   1.00000E+00
   1.08300E+03   2.33264E-03   1.17965E-02   9.52388E-01   1.11886E-02 
    1.30435E-02   9.25095E-03   1.00000E+00
   1.07300E+03   2.33264E-03   1.17965E-02   9.52388E-01   1.11886E-02 
    1.30435E-02   9.25095E-03   1.00000E+00
   1.06300E+03   2.33264E-03   1.17965E-02   9.52388E-01   1.11886E-02 
    1.30435E-02   9.25095E-03   1.00000E+00
   1.05516E+03   2.33264E-03   1.17965E-02   9.52388E-01   1.11886E-02 
    1.30435E-02   9.25095E-03   1.00000E+00

 Phase Region for:
     BCC_A2                        
     FCC_A1#1                      
 col-1=T, col-2=W(BCC_A2,C), col-3=W(BCC_A2,CR), col-4=W(BCC_A2,FE),
   col-5=W(BCC_A2,MN), col-6=W(BCC_A2,NI), col-7=W(BCC_A2,SI),
   col-8=W(FCC_A1#1,C), col-9=W(FCC_A1#1,CR), col-10=W(FCC_A1#1,FE),
   col-11=W(FCC_A1#1,MN), col-12=W(FCC_A1#1,NI), col-13=W(FCC_A1#1,SI),
   col-14=NP(BCC_A2), col-15=NP(FCC_A1#1),
   1.05516E+03   7.37566E-05   8.73269E-03   9.68882E-01   4.66510E-03 
    6.19908E-03   1.14472E-02   2.33264E-03   1.17965E-02   9.52388E-01 
    1.11886E-02   1.30435E-02   9.25095E-03   1.12694E-06   9.99999E-01
   1.05300E+03   7.45298E-05   8.74729E-03   9.68838E-01   4.69150E-03 
    6.25369E-03   1.13945E-02   2.38847E-03   1.18719E-02   9.51981E-01 
    1.13492E-02   1.32114E-02   9.19795E-03   2.39825E-02   9.76018E-01
   1.04300E+03   7.81562E-05   8.80852E-03   9.68631E-01   4.80708E-03 
    6.50433E-03   1.11705E-02   2.66428E-03   1.22360E-02   9.49998E-01 
    1.21273E-02   1.40054E-02   8.96859E-03   1.27439E-01   8.72561E-01
   1.03300E+03   8.18224E-05   8.85886E-03   9.68425E-01   4.90981E-03 
    6.74894E-03   1.09758E-02   2.96922E-03   1.26273E-02   9.47852E-01 
    1.29644E-02   1.48237E-02   8.76314E-03   2.19054E-01   7.80946E-01
   1.02300E+03   8.54959E-05   8.89812E-03   9.68227E-01   4.99761E-03 
    6.98558E-03   1.08059E-02   3.30542E-03   1.30512E-02   9.45531E-01 
    1.38687E-02   1.56659E-02   8.57782E-03   3.00128E-01   6.99872E-01
   1.01300E+03   8.91362E-05   8.91808E-03   9.68103E-01   5.04254E-03 
    7.20096E-03   1.06461E-02   3.67486E-03   1.35186E-02   9.42986E-01 
    1.48656E-02   1.65389E-02   8.41629E-03   3.71808E-01   6.28192E-01
   1.00300E+03   9.28673E-05   8.92525E-03   9.68018E-01   5.05943E-03 
    7.40426E-03   1.04997E-02   4.08631E-03   1.40446E-02   9.40149E-01 
    1.59875E-02   1.74588E-02   8.27321E-03   4.36127E-01   5.63873E-01
   9.96922E+02   9.51621E-05   8.92919E-03   9.67946E-01   5.07545E-03 
    7.53011E-03   1.04245E-02   4.35845E-03   1.43926E-02   9.38302E-01 
    1.67234E-02   1.80353E-02   8.18841E-03   4.71883E-01   5.28117E-01

 Phase Region for:
     BCC_A2                        
     CEMENTITE                     
     FCC_A1#1                      
 col-1=T, col-2=W(BCC_A2,C), col-3=W(BCC_A2,CR), col-4=W(BCC_A2,FE),
   col-5=W(BCC_A2,MN), col-6=W(BCC_A2,NI), col-7=W(BCC_A2,SI),
   col-8=W(CEMENTITE,C), col-9=W(CEMENTITE,CR), col-10=W(CEMENTITE,FE),
   col-11=W(CEMENTITE,MN), col-12=W(CEMENTITE,NI), col-13=W(CEMENTITE,SI),
   col-14=W(FCC_A1#1,C), col-15=W(FCC_A1#1,CR), col-16=W(FCC_A1#1,FE),
   col-17=W(FCC_A1#1,MN), col-18=W(FCC_A1#1,NI), col-19=W(FCC_A1#1,SI),
   col-20=NP(BCC_A2), col-21=NP(CEMENTITE), col-22=NP(FCC_A1#1),
   9.96922E+02   9.51620E-05   8.92918E-03   9.67946E-01   5.07546E-03 
    7.53012E-03   1.04245E-02   6.78906E-02   1.95359E-01   7.06470E-01 
    2.91124E-02   1.16788E-03   0.00000E+00   4.35845E-03   1.43925E-02 
    9.38302E-01   1.67235E-02   1.80353E-02   8.18841E-03   4.71886E-01 
    1.77202E-07   5.28114E-01
   9.93000E+02   9.16905E-05   8.50058E-03   9.67825E-01   5.36390E-03 
    7.95675E-03   1.02618E-02   6.78682E-02   1.90293E-01   7.08811E-01 
    3.17758E-02   1.25132E-03   0.00000E+00   4.32620E-03   1.37541E-02 
    9.36187E-01   1.81476E-02   1.94741E-02   8.11069E-03   5.46061E-01 
    6.54398E-03   4.47395E-01
   9.83000E+02   8.23426E-05   7.66616E-03   9.67113E-01   6.11913E-03 
    9.05882E-03   9.96063E-03   6.78300E-02   1.81111E-01   7.10612E-01 
    3.89845E-02   1.46259E-03   0.00000E+00   4.19559E-03   1.24613E-02 
    9.29716E-01   2.21042E-02   2.34988E-02   8.02356E-03   6.94411E-01 
    1.97673E-02   2.85822E-01
   9.73000E+02   7.28488E-05   7.09658E-03   9.66045E-01   6.86564E-03 
    1.01412E-02   9.77852E-03   6.78132E-02   1.76151E-01   7.07796E-01 
    4.65768E-02   1.66336E-03   0.00000E+00   4.01388E-03   1.15215E-02 
    9.21988E-01   2.64389E-02   2.79870E-02   8.05023E-03   7.96752E-01 
    2.88092E-02   1.74439E-01
   9.63000E+02   6.37344E-05   6.69228E-03   9.64833E-01   7.56784E-03 
    1.11702E-02   9.67254E-03   6.78111E-02   1.74127E-01   7.01875E-01 
    5.43387E-02   1.84759E-03   0.00000E+00   3.80123E-03   1.08066E-02 
    9.13287E-01   3.10585E-02   3.29013E-02   8.14498E-03   8.66636E-01 
    3.47736E-02   9.85903E-02
   9.53000E+02   5.52951E-05   6.38924E-03   9.63610E-01   8.20329E-03 
    1.21285E-02   9.61358E-03   6.78191E-02   1.74104E-01   6.93939E-01 
    6.21249E-02   2.01311E-03   0.00000E+00   3.57209E-03   1.02302E-02 
    9.03786E-01   3.58995E-02   3.82369E-02   8.27536E-03   9.14152E-01 
    3.86074E-02   4.72407E-02
   9.43000E+02   4.76619E-05   6.14798E-03   9.62453E-01   8.75927E-03 
    1.30093E-02   9.58284E-03   6.78339E-02   1.75457E-01   6.84711E-01 
    6.98386E-02   2.15980E-03   0.00000E+00   3.33607E-03   9.73804E-03 
    8.93567E-01   4.09261E-02   4.40134E-02   8.41903E-03   9.46285E-01 
    4.10094E-02   1.27053E-02
   9.37982E+02   4.41473E-05   6.04214E-03   9.61912E-01   9.00623E-03 
    1.34214E-02   9.57412E-03   6.78431E-02   1.76521E-01   6.79748E-01 
    7.36612E-02   2.22656E-03   0.00000E+00   3.21709E-03   9.51149E-03 
    8.88178E-01   4.35132E-02   4.70896E-02   8.49109E-03   9.58166E-01 
    4.18340E-02   0.00000E+00

 Phase Region for:
     BCC_A2                        
     CEMENTITE                     
 col-1=T, col-2=W(BCC_A2,C), col-3=W(BCC_A2,CR), col-4=W(BCC_A2,FE),
   col-5=W(BCC_A2,MN), col-6=W(BCC_A2,NI), col-7=W(BCC_A2,SI),
   col-8=W(CEMENTITE,C), col-9=W(CEMENTITE,CR), col-10=W(CEMENTITE,FE),
   col-11=W(CEMENTITE,MN), col-12=W(CEMENTITE,NI), col-13=W(CEMENTITE,SI),
   col-14=NP(BCC_A2), col-15=NP(CEMENTITE),
   9.37982E+02   4.41473E-05   6.04214E-03   9.61912E-01   9.00623E-03 
    1.34214E-02   9.57412E-03   6.78431E-02   1.76521E-01   6.79748E-01 
    7.36612E-02   2.22656E-03   0.00000E+00   9.58166E-01   4.18340E-02  NONE
   9.33000E+02   4.10303E-05   5.95737E-03   9.62062E-01   8.94303E-03 
    1.34220E-02   9.57449E-03   6.78561E-02   1.78753E-01   6.75774E-01 
    7.53957E-02   2.22031E-03   0.00000E+00   9.58111E-01   4.18890E-02  NONE
   9.23000E+02   3.53412E-05   5.78556E-03   9.62367E-01   8.81382E-03 
    1.34233E-02   9.57516E-03   6.78827E-02   1.83310E-01   6.67651E-01 
    7.89495E-02   2.20733E-03   0.00000E+00   9.58011E-01   4.19895E-02  NONE
   9.13000E+02   3.03454E-05   5.61156E-03   9.62677E-01   8.68137E-03 
    1.34244E-02   9.57573E-03   6.79098E-02   1.87965E-01   6.59329E-01 
    8.26030E-02   2.19386E-03   0.00000E+00   9.57922E-01   4.20777E-02  NONE
   9.03000E+02   2.59710E-05   5.43543E-03   9.62991E-01   8.54558E-03 
    1.34255E-02   9.57621E-03   6.79376E-02   1.92714E-01   6.50808E-01 
    8.63600E-02   2.18000E-03   0.00000E+00   9.57845E-01   4.21549E-02  NONE
   8.93000E+02   2.21522E-05   5.25724E-03   9.63311E-01   8.40630E-03 
    1.34264E-02   9.57661E-03   6.79659E-02   1.97555E-01   6.42089E-01 
    9.02244E-02   2.16588E-03   0.00000E+00   9.57778E-01   4.22223E-02  NONE
   8.83000E+02   1.88291E-05   5.07710E-03   9.63636E-01   8.26343E-03 
    1.34273E-02   9.57694E-03   6.79947E-02   2.02482E-01   6.33172E-01 
    9.42001E-02   2.15160E-03   0.00000E+00   9.57719E-01   4.22810E-02  NONE
   8.73000E+02   1.59467E-05   4.89516E-03   9.63967E-01   8.11682E-03 
    1.34281E-02   9.57720E-03   6.80241E-02   2.07489E-01   6.24059E-01 
    9.82910E-02   2.13729E-03   0.00000E+00   9.57668E-01   4.23319E-02  NONE
   8.63000E+02   1.34554E-05   4.71162E-03   9.64302E-01   7.96636E-03 
    1.34289E-02   9.57740E-03   6.80540E-02   2.12569E-01   6.14753E-01 
    1.02501E-01   2.12307E-03   0.00000E+00   9.57624E-01   4.23758E-02  NONE
   8.53000E+02   1.13097E-05   4.52668E-03   9.64643E-01   7.81191E-03 
    1.34295E-02   9.57755E-03   6.80843E-02   2.17714E-01   6.05259E-01 
    1.06833E-01   2.10903E-03   0.00000E+00   9.57586E-01   4.24137E-02  NONE
   8.43000E+02   9.46866E-06   4.34063E-03   9.64989E-01   7.65336E-03 
    1.34301E-02   9.57766E-03   6.81151E-02   2.22915E-01   5.95583E-01 
    1.11292E-01   2.09530E-03   0.00000E+00   9.57554E-01   4.24462E-02  NONE
   8.33000E+02   7.89510E-06   4.15377E-03   9.65339E-01   7.49059E-03 
    1.34307E-02   9.57772E-03   6.81462E-02   2.28162E-01   5.85730E-01 
    1.15879E-01   2.08200E-03   0.00000E+00   9.57526E-01   4.24739E-02  NONE
   8.23000E+02   6.55557E-06   3.96643E-03   9.65695E-01   7.32348E-03 
    1.34312E-02   9.57776E-03   6.81776E-02   2.33444E-01   5.75710E-01 
    1.20599E-01   2.06923E-03   0.00000E+00   9.57502E-01   4.24976E-02  NONE
   8.13000E+02   5.41998E-06   3.77899E-03   9.66054E-01   7.15195E-03 
    1.34316E-02   9.57776E-03   6.82093E-02   2.38748E-01   5.65531E-01 
    1.25454E-01   2.05711E-03   0.00000E+00   9.57482E-01   4.25176E-02  NONE
   8.03000E+02   4.46142E-06   3.59186E-03   9.66418E-01   6.97590E-03 
    1.34320E-02   9.57773E-03   6.82412E-02   2.44062E-01   5.55205E-01 
    1.30446E-01   2.04575E-03   0.00000E+00   9.57465E-01   4.25345E-02  NONE
   7.93000E+02   3.65585E-06   3.40549E-03   9.66786E-01   6.79528E-03 
    1.34323E-02   9.57769E-03   6.82732E-02   2.49371E-01   5.44743E-01 
    1.35577E-01   2.03525E-03   0.00000E+00   9.57451E-01   4.25487E-02  NONE
   7.83000E+02   2.98194E-06   3.22035E-03   9.67156E-01   6.61003E-03 
    1.34326E-02   9.57762E-03   6.83053E-02   2.54661E-01   5.34161E-01 
    1.40847E-01   2.02572E-03   0.00000E+00   9.57439E-01   4.25606E-02  NONE
   7.73000E+02   2.42079E-06   3.03692E-03   9.67530E-01   6.42013E-03 
    1.34328E-02   9.57754E-03   6.83373E-02   2.59916E-01   5.23471E-01 
    1.46258E-01   2.01726E-03   0.00000E+00   9.57429E-01   4.25705E-02  NONE
   7.63000E+02   1.95577E-06   2.85572E-03   9.67906E-01   6.22559E-03 
    1.34329E-02   9.57745E-03   6.83693E-02   2.65121E-01   5.12691E-01 
    1.51808E-01   2.00995E-03   0.00000E+00   9.57421E-01   4.25787E-02  NONE
   7.53000E+02   1.57230E-06   2.67726E-03   9.68284E-01   6.02645E-03 
    1.34330E-02   9.57735E-03   6.84011E-02   2.70259E-01   5.01839E-01 
    1.57497E-01   2.00391E-03   0.00000E+00   9.57414E-01   4.25855E-02  NONE
   7.43000E+02   1.25768E-06   2.50207E-03   9.68664E-01   5.82278E-03 
    1.34330E-02   9.57724E-03   6.84326E-02   2.75314E-01   4.90932E-01 
    1.63322E-01   1.99920E-03   0.00000E+00   9.57409E-01   4.25911E-02  NONE
   7.33000E+02   1.00085E-06   2.33067E-03   9.69043E-01   5.61471E-03 
    1.34330E-02   9.57712E-03   6.84637E-02   2.80271E-01   4.79991E-01 
    1.69278E-01   1.99592E-03   0.00000E+00   9.57404E-01   4.25956E-02  NONE
   7.23000E+02   7.92320E-07   2.16357E-03   9.69423E-01   5.40241E-03 
    1.34329E-02   9.57700E-03   6.84945E-02   2.85113E-01   4.69038E-01 
    1.75361E-01   1.99412E-03   0.00000E+00   9.57401E-01   4.25993E-02  NONE
   7.13000E+02   6.23900E-07   2.00127E-03   9.69802E-01   5.18609E-03 
    1.34328E-02   9.57687E-03   6.85247E-02   2.89825E-01   4.58093E-01 
    1.81564E-01   1.99389E-03   0.00000E+00   9.57398E-01   4.26022E-02  NONE
   7.03000E+02   4.88621E-07   1.84423E-03   9.70180E-01   4.96606E-03 
    1.34326E-02   9.57674E-03   6.85543E-02   2.94392E-01   4.47180E-01 
    1.87878E-01   1.99528E-03   0.00000E+00   9.57395E-01   4.26046E-02  NONE
   6.93000E+02   3.80567E-07   1.69288E-03   9.70555E-01   4.74265E-03 
    1.34323E-02   9.57662E-03   6.85832E-02   2.98802E-01   4.36323E-01 
    1.94293E-01   1.99835E-03   0.00000E+00   9.57393E-01   4.26065E-02  NONE
   6.87805E+02   3.33494E-07   1.61664E-03   9.70749E-01   4.62540E-03 
    1.34322E-02   9.57655E-03   6.85980E-02   3.01026E-01   4.30714E-01 
    1.97662E-01   2.00062E-03   0.00000E+00   9.57393E-01   4.26074E-02  NONE

 Phase Region for:
     BCC_A2                        
     CEMENTITE                     
     FCC_A1#1                      
 col-1=T, col-2=W(BCC_A2,C), col-3=W(BCC_A2,CR), col-4=W(BCC_A2,FE),
   col-5=W(BCC_A2,MN), col-6=W(BCC_A2,NI), col-7=W(BCC_A2,SI),
   col-8=W(CEMENTITE,C), col-9=W(CEMENTITE,CR), col-10=W(CEMENTITE,FE),
   col-11=W(CEMENTITE,MN), col-12=W(CEMENTITE,NI), col-13=W(CEMENTITE,SI),
   col-14=W(FCC_A1#1,C), col-15=W(FCC_A1#1,CR), col-16=W(FCC_A1#1,FE),
   col-17=W(FCC_A1#1,MN), col-18=W(FCC_A1#1,NI), col-19=W(FCC_A1#1,SI),
   col-20=NP(BCC_A2), col-21=NP(CEMENTITE), col-22=NP(FCC_A1#1),
   6.87805E+02   3.33493E-07   1.61664E-03   9.70749E-01   4.62540E-03 
    1.34322E-02   9.57655E-03   6.85980E-02   3.01026E-01   4.30714E-01 
    1.97662E-01   2.00062E-03   0.00000E+00   3.03337E-04   1.64322E-03 
    4.36249E-01   2.16259E-01   3.41267E-01   4.27877E-03   9.57393E-01 
    4.26074E-02   1.08513E-08
   6.83000E+02   2.97640E-07   1.54252E-03   9.71168E-01   4.45817E-03 
    1.32518E-02   9.57941E-03   6.86105E-02   3.03202E-01   4.27066E-01 
    1.99147E-01   1.97369E-03   0.00000E+00   2.93408E-04   1.57171E-03 
    4.29933E-01   2.18301E-01   3.45705E-01   4.19638E-03   9.56882E-01 
    4.26052E-02   5.13065E-04
   6.73000E+02   2.34310E-07   1.39375E-03   9.72024E-01   4.11734E-03 
    1.28792E-02   9.58534E-03   6.86356E-02   3.07569E-01   4.19717E-01 
    2.02159E-01   1.91891E-03   0.00000E+00   2.74230E-04   1.42964E-03 
    4.17242E-01   2.22298E-01   3.54720E-01   4.03627E-03   9.55870E-01 
    4.26013E-02   1.52911E-03
