
 Phase Region for:
     FCC_A1#1                      
 col-1=T, col-2=W(FCC_A1#1,C), col-3=W(FCC_A1#1,CR), col-4=W(FCC_A1#1,FE),
   col-5=W(FCC_A1#1,MN), col-6=W(FCC_A1#1,NI), col-7=W(FCC_A1#1,SI),
   col-8=NP(FCC_A1#1),
   1.17300E+03   8.96922E-03   8.42023E-03   9.39140E-01   1.01940E-03 
    1.48213E-02   2.76296E-02   1.00000E+00
   1.18300E+03   8.96922E-03   8.42023E-03   9.39140E-01   1.01940E-03 
    1.48213E-02   2.76296E-02   1.00000E+00
   1.19300E+03   8.96922E-03   8.42023E-03   9.39140E-01   1.01940E-03 
    1.48213E-02   2.76296E-02   1.00000E+00
   1.20300E+03   8.96922E-03   8.42023E-03   9.39140E-01   1.01940E-03 
    1.48213E-02   2.76296E-02   1.00000E+00
   1.21300E+03   8.96922E-03   8.42023E-03   9.39140E-01   1.01940E-03 
    1.48213E-02   2.76296E-02   1.00000E+00
   1.22300E+03   8.96922E-03   8.42023E-03   9.39140E-01   1.01940E-03 
    1.48213E-02   2.76296E-02   1.00000E+00
   1.23300E+03   8.96922E-03   8.42023E-03   9.39140E-01   1.01940E-03 
    1.48213E-02   2.76296E-02   1.00000E+00
   1.24300E+03   8.96922E-03   8.42023E-03   9.39140E-01   1.01940E-03 
    1.48213E-02   2.76296E-02   1.00000E+00
   1.25300E+03   8.96922E-03   8.42023E-03   9.39140E-01   1.01940E-03 
    1.48213E-02   2.76296E-02   1.00000E+00
   1.26300E+03   8.96922E-03   8.42023E-03   9.39140E-01   1.01940E-03 
    1.48213E-02   2.76296E-02   1.00000E+00
   1.27300E+03   8.96922E-03   8.42023E-03   9.39140E-01   1.01940E-03 
    1.48213E-02   2.76296E-02   1.00000E+00
   1.28300E+03   8.96922E-03   8.42023E-03   9.39140E-01   1.01940E-03 
    1.48213E-02   2.76296E-02   1.00000E+00
   1.29300E+03   8.96922E-03   8.42023E-03   9.39140E-01   1.01940E-03 
    1.48213E-02   2.76296E-02   1.00000E+00
   1.30300E+03   8.96922E-03   8.42023E-03   9.39140E-01   1.01940E-03 
    1.48213E-02   2.76296E-02   1.00000E+00
   1.31300E+03   8.96922E-03   8.42023E-03   9.39140E-01   1.01940E-03 
    1.48213E-02   2.76296E-02   1.00000E+00
   1.32300E+03   8.96922E-03   8.42023E-03   9.39140E-01   1.01940E-03 
    1.48213E-02   2.76296E-02   1.00000E+00
   1.33300E+03   8.96922E-03   8.42023E-03   9.39140E-01   1.01940E-03 
    1.48213E-02   2.76296E-02   1.00000E+00
   1.34300E+03   8.96922E-03   8.42023E-03   9.39140E-01   1.01940E-03 
    1.48213E-02   2.76296E-02   1.00000E+00
   1.35300E+03   8.96922E-03   8.42023E-03   9.39140E-01   1.01940E-03 
    1.48213E-02   2.76296E-02   1.00000E+00
   1.36300E+03   8.96922E-03   8.42023E-03   9.39140E-01   1.01940E-03 
    1.48213E-02   2.76296E-02   1.00000E+00
   1.37300E+03   8.96922E-03   8.42023E-03   9.39140E-01   1.01940E-03 
    1.48213E-02   2.76296E-02   1.00000E+00
   1.38300E+03   8.96922E-03   8.42023E-03   9.39140E-01   1.01940E-03 
    1.48213E-02   2.76296E-02   1.00000E+00
   1.39300E+03   8.96922E-03   8.42023E-03   9.39140E-01   1.01940E-03 
    1.48213E-02   2.76296E-02   1.00000E+00
   1.40300E+03   8.96922E-03   8.42023E-03   9.39140E-01   1.01940E-03 
    1.48213E-02   2.76296E-02   1.00000E+00
   1.41300E+03   8.96922E-03   8.42023E-03   9.39140E-01   1.01940E-03 
    1.48213E-02   2.76296E-02   1.00000E+00
   1.42300E+03   8.96922E-03   8.42023E-03   9.39140E-01   1.01940E-03 
    1.48213E-02   2.76296E-02   1.00000E+00
   1.43300E+03   8.96922E-03   8.42023E-03   9.39140E-01   1.01940E-03 
    1.48213E-02   2.76296E-02   1.00000E+00
   1.44300E+03   8.96922E-03   8.42023E-03   9.39140E-01   1.01940E-03 
    1.48213E-02   2.76296E-02   1.00000E+00
   1.45300E+03   8.96922E-03   8.42023E-03   9.39140E-01   1.01940E-03 
    1.48213E-02   2.76296E-02   1.00000E+00
   1.46300E+03   8.96922E-03   8.42023E-03   9.39140E-01   1.01940E-03 
    1.48213E-02   2.76296E-02   1.00000E+00
   1.47300E+03   8.96922E-03   8.42023E-03   9.39140E-01   1.01940E-03 
    1.48213E-02   2.76296E-02   1.00000E+00

 Phase Region for:
     FCC_A1#1                      
 col-1=T, col-2=W(FCC_A1#1,C), col-3=W(FCC_A1#1,CR), col-4=W(FCC_A1#1,FE),
   col-5=W(FCC_A1#1,MN), col-6=W(FCC_A1#1,NI), col-7=W(FCC_A1#1,SI),
   col-8=NP(FCC_A1#1),
   1.17300E+03   8.96922E-03   8.42023E-03   9.39140E-01   1.01940E-03 
    1.48213E-02   2.76296E-02   1.00000E+00
   1.16300E+03   8.96922E-03   8.42023E-03   9.39140E-01   1.01940E-03 
    1.48213E-02   2.76296E-02   1.00000E+00
   1.15427E+03   8.96922E-03   8.42023E-03   9.39140E-01   1.01940E-03 
    1.48213E-02   2.76296E-02   1.00000E+00

 Phase Region for:
     CEMENTITE                     
     FCC_A1#1                      
 col-1=T, col-2=W(CEMENTITE,C), col-3=W(CEMENTITE,CR), col-4=W(CEMENTITE,FE),
   col-5=W(CEMENTITE,MN), col-6=W(CEMENTITE,NI), col-7=W(CEMENTITE,SI),
   col-8=W(FCC_A1#1,C), col-9=W(FCC_A1#1,CR), col-10=W(FCC_A1#1,FE),
   col-11=W(FCC_A1#1,MN), col-12=W(FCC_A1#1,NI), col-13=W(FCC_A1#1,SI),
   col-14=NP(CEMENTITE), col-15=NP(FCC_A1#1),
   1.15427E+03   6.71606E-02   5.50835E-02   8.73790E-01   1.43318E-03 
    2.53288E-03   0.00000E+00   8.96922E-03   8.42023E-03   9.39140E-01 
    1.01940E-03   1.48213E-02   2.76296E-02   6.01299E-08   1.00000E+00  NONE
   1.15300E+03   6.71607E-02   5.51077E-02   8.73771E-01   1.43453E-03 
    2.52619E-03   0.00000E+00   8.93146E-03   8.38993E-03   9.39183E-01 
    1.01913E-03   1.48293E-02   2.76475E-02   7.64229E-04   9.99236E-01  NONE
   1.14300E+03   6.71618E-02   5.52962E-02   8.73623E-01   1.44534E-03 
    2.47383E-03   0.00000E+00   8.63789E-03   8.15334E-03   9.39513E-01 
    1.01697E-03   1.48916E-02   2.77869E-02   6.67168E-03   9.93328E-01  NONE
   1.13300E+03   6.71629E-02   5.54816E-02   8.73477E-01   1.45652E-03 
    2.42174E-03   0.00000E+00   8.34967E-03   7.91920E-03   9.39839E-01 
    1.01475E-03   1.49533E-02   2.79238E-02   1.24143E-02   9.87586E-01  NONE
   1.12300E+03   6.71640E-02   5.56640E-02   8.73334E-01   1.46808E-03 
    2.36993E-03   0.00000E+00   8.06676E-03   7.68759E-03   9.40161E-01 
    1.01244E-03   1.50144E-02   2.80581E-02   1.79964E-02   9.82004E-01  NONE
   1.11300E+03   6.71651E-02   5.58432E-02   8.73193E-01   1.48003E-03 
    2.31840E-03   0.00000E+00   7.78915E-03   7.45861E-03   9.40477E-01 
    1.01006E-03   1.50748E-02   2.81899E-02   2.34222E-02   9.76578E-01  NONE
   1.10300E+03   6.71661E-02   5.60192E-02   8.73055E-01   1.49238E-03 
    2.26717E-03   0.00000E+00   7.51683E-03   7.23233E-03   9.40790E-01 
    1.00760E-03   1.51346E-02   2.83191E-02   2.86957E-02   9.71304E-01  NONE
   1.09300E+03   6.71672E-02   5.61917E-02   8.72920E-01   1.50513E-03 
    2.21624E-03   0.00000E+00   7.24977E-03   7.00883E-03   9.41097E-01 
    1.00505E-03   1.51937E-02   2.84459E-02   3.38206E-02   9.66179E-01  NONE
   1.08300E+03   6.71682E-02   5.63608E-02   8.72787E-01   1.51831E-03 
    2.16562E-03   0.00000E+00   6.98796E-03   6.78820E-03   9.41399E-01 
    1.00242E-03   1.52521E-02   2.85702E-02   3.88007E-02   9.61199E-01  NONE
   1.07300E+03   6.71692E-02   5.65264E-02   8.72657E-01   1.53192E-03 
    2.11533E-03   0.00000E+00   6.73139E-03   6.57051E-03   9.41697E-01 
    9.99693E-04   1.53099E-02   2.86920E-02   4.36392E-02   9.56361E-01  NONE
   1.06300E+03   6.71701E-02   5.66884E-02   8.72530E-01   1.54598E-03 
    2.06536E-03   0.00000E+00   6.48004E-03   6.35586E-03   9.41989E-01 
    9.96879E-04   1.53669E-02   2.88113E-02   4.83397E-02   9.51660E-01  NONE
   1.05551E+03   6.71709E-02   5.68074E-02   8.72437E-01   1.55682E-03 
    2.02813E-03   0.00000E+00   6.29511E-03   6.19705E-03   9.42205E-01 
    9.94708E-04   1.54091E-02   2.88991E-02   5.17732E-02   9.48227E-01  NONE

 Phase Region for:
     BCC_A2                        
     CEMENTITE                     
     FCC_A1#1                      
 col-1=T, col-2=W(BCC_A2,C), col-3=W(BCC_A2,CR), col-4=W(BCC_A2,FE),
   col-5=W(BCC_A2,MN), col-6=W(BCC_A2,NI), col-7=W(BCC_A2,SI),
   col-8=W(CEMENTITE,C), col-9=W(CEMENTITE,CR), col-10=W(CEMENTITE,FE),
   col-11=W(CEMENTITE,MN), col-12=W(CEMENTITE,NI), col-13=W(CEMENTITE,SI),
   col-14=W(FCC_A1#1,C), col-15=W(FCC_A1#1,CR), col-16=W(FCC_A1#1,FE),
   col-17=W(FCC_A1#1,MN), col-18=W(FCC_A1#1,NI), col-19=W(FCC_A1#1,SI),
   col-20=NP(BCC_A2), col-21=NP(CEMENTITE), col-22=NP(FCC_A1#1),
   1.05551E+03   2.06676E-04   3.70278E-03   9.50307E-01   3.95604E-04 
    8.10153E-03   3.72864E-02   6.71709E-02   5.68074E-02   8.72437E-01 
    1.55682E-03   2.02814E-03   0.00000E+00   6.29511E-03   6.19704E-03 
    9.42205E-01   9.94710E-04   1.54091E-02   2.88990E-02   3.13918E-06 
    5.17736E-02   9.48223E-01
   1.05300E+03   2.02546E-04   3.58520E-03   9.50591E-01   4.08637E-04 
    8.44717E-03   3.67659E-02   6.71653E-02   5.57255E-02   8.73365E-01 
    1.63151E-03   2.11309E-03   0.00000E+00   6.25610E-03   6.00627E-03 
    9.42066E-01   1.03807E-03   1.61683E-02   2.84649E-02   7.73517E-02 
    6.17564E-02   8.60892E-01
   1.04300E+03   1.86040E-04   3.18608E-03   9.51176E-01   4.67164E-04 
    1.00575E-02   3.49269E-02   6.71468E-02   5.21713E-02   8.76198E-01 
    1.97345E-03   2.51035E-03   0.00000E+00   6.07976E-03   5.34810E-03 
    9.40605E-01   1.23973E-03   1.97760E-02   2.69517E-02   3.54869E-01 
    9.70743E-02   5.48057E-01
   1.03300E+03   1.69573E-04   2.88432E-03   9.50892E-01   5.34007E-04 
    1.20143E-02   3.35061E-02   6.71336E-02   4.97386E-02   8.77751E-01 
    2.38091E-03   2.99582E-03   0.00000E+00   5.86824E-03   4.83434E-03 
    9.37648E-01   1.48720E-03   2.43407E-02   2.58217E-02   5.74861E-01 
    1.24230E-01   3.00909E-01
   1.02300E+03   1.53431E-04   2.65766E-03   9.49867E-01   6.04988E-04 
    1.42305E-02   3.24861E-02   6.71249E-02   4.82319E-02   8.78254E-01 
    2.84058E-03   3.54890E-03   0.00000E+00   5.62459E-03   4.43319E-03 
    9.33314E-01   1.77651E-03   2.97957E-02   2.50562E-02   7.36975E-01 
    1.43351E-01   1.19674E-01
   1.01359E+03   1.38847E-04   2.49311E-03   9.48422E-01   6.71826E-04 
    1.64485E-02   3.18253E-02   6.71197E-02   4.74520E-02   8.78014E-01 
    3.30827E-03   4.10595E-03   0.00000E+00   5.37278E-03   4.12953E-03 
    9.28192E-01   2.08265E-03   3.56165E-02   2.46067E-02   8.44737E-01 
    1.55263E-01   0.00000E+00

 Phase Region for:
     BCC_A2                        
     CEMENTITE                     
 col-1=T, col-2=W(BCC_A2,C), col-3=W(BCC_A2,CR), col-4=W(BCC_A2,FE),
   col-5=W(BCC_A2,MN), col-6=W(BCC_A2,NI), col-7=W(BCC_A2,SI),
   col-8=W(CEMENTITE,C), col-9=W(CEMENTITE,CR), col-10=W(CEMENTITE,FE),
   col-11=W(CEMENTITE,MN), col-12=W(CEMENTITE,NI), col-13=W(CEMENTITE,SI),
   col-14=NP(BCC_A2), col-15=NP(CEMENTITE),
   1.01359E+03   1.38847E-04   2.49311E-03   9.48422E-01   6.71826E-04 
    1.64485E-02   3.18253E-02   6.71197E-02   4.74520E-02   8.78014E-01 
    3.30827E-03   4.10595E-03   0.00000E+00   8.44737E-01   1.55263E-01  NONE
   1.01300E+03   1.37953E-04   2.48786E-03   9.48429E-01   6.70897E-04 
    1.64486E-02   3.18257E-02   6.71199E-02   4.74827E-02   8.77977E-01 
    3.31417E-03   4.10592E-03   0.00000E+00   8.44724E-01   1.55276E-01  NONE
   1.00300E+03   1.23453E-04   2.39785E-03   9.48541E-01   6.54377E-04 
    1.64510E-02   3.18324E-02   6.71226E-02   4.80123E-02   8.77338E-01 
    3.41912E-03   4.10757E-03   0.00000E+00   8.44503E-01   1.55497E-01  NONE
   9.93000E+02   1.10344E-04   2.30645E-03   9.48657E-01   6.35792E-04 
    1.64519E-02   3.18384E-02   6.71254E-02   4.85556E-02   8.76664E-01 
    3.53769E-03   4.11692E-03   0.00000E+00   8.44303E-01   1.55697E-01  NONE
   9.83000E+02   9.85703E-05   2.21162E-03   9.48783E-01   6.13217E-04 
    1.64500E-02   3.18438E-02   6.71283E-02   4.91261E-02   8.75920E-01 
    3.68248E-03   4.14266E-03   0.00000E+00   8.44123E-01   1.55877E-01  NONE
   9.73000E+02   8.79161E-05   2.11844E-03   9.48906E-01   5.90866E-04 
    1.64483E-02   3.18486E-02   6.71312E-02   4.96894E-02   8.75187E-01 
    3.82579E-03   4.16617E-03   0.00000E+00   8.43961E-01   1.56039E-01  NONE
   9.63000E+02   7.82857E-05   2.02694E-03   9.49026E-01   5.68755E-04 
    1.64467E-02   3.18530E-02   6.71340E-02   5.02454E-02   8.74465E-01 
    3.96754E-03   4.18761E-03   0.00000E+00   8.43814E-01   1.56186E-01  NONE
   9.53000E+02   6.95913E-05   1.93712E-03   9.49144E-01   5.46898E-04 
    1.64453E-02   3.18569E-02   6.71368E-02   5.07936E-02   8.73755E-01 
    4.10765E-03   4.20707E-03   0.00000E+00   8.43681E-01   1.56319E-01  NONE
   9.43000E+02   6.17519E-05   1.84902E-03   9.49260E-01   5.25311E-04 
    1.64439E-02   3.18604E-02   6.71396E-02   5.13336E-02   8.73056E-01 
    4.24606E-03   4.22468E-03   0.00000E+00   8.43562E-01   1.56438E-01  NONE
   9.33000E+02   5.46932E-05   1.76268E-03   9.49372E-01   5.04008E-04 
    1.64427E-02   3.18636E-02   6.71423E-02   5.18651E-02   8.72369E-01 
    4.38267E-03   4.24053E-03   0.00000E+00   8.43455E-01   1.56545E-01  NONE
   9.23000E+02   4.83468E-05   1.67813E-03   9.49482E-01   4.83004E-04 
    1.64416E-02   3.18664E-02   6.71450E-02   5.23876E-02   8.71695E-01 
    4.51741E-03   4.25472E-03   0.00000E+00   8.43358E-01   1.56642E-01  NONE
   9.13000E+02   4.26496E-05   1.59542E-03   9.49590E-01   4.62314E-04 
    1.64406E-02   3.18689E-02   6.71477E-02   5.29006E-02   8.71034E-01 
    4.65018E-03   4.26734E-03   0.00000E+00   8.43271E-01   1.56729E-01  NONE
   9.03000E+02   3.75437E-05   1.51460E-03   9.49695E-01   4.41953E-04 
    1.64398E-02   3.18712E-02   6.71503E-02   5.34036E-02   8.70387E-01 
    4.78090E-03   4.27844E-03   0.00000E+00   8.43193E-01   1.56807E-01  NONE
   8.93000E+02   3.29755E-05   1.43571E-03   9.49797E-01   4.21936E-04 
    1.64391E-02   3.18731E-02   6.71528E-02   5.38962E-02   8.69753E-01 
    4.90947E-03   4.28811E-03   0.00000E+00   8.43124E-01   1.56876E-01  NONE
   8.83000E+02   2.88960E-05   1.35882E-03   9.49897E-01   4.02280E-04 
    1.64385E-02   3.18749E-02   6.71553E-02   5.43779E-02   8.69135E-01 
    5.03579E-03   4.29640E-03   0.00000E+00   8.43062E-01   1.56938E-01  NONE
   8.73000E+02   2.52598E-05   1.28396E-03   9.49993E-01   3.83001E-04 
    1.64380E-02   3.18764E-02   6.71578E-02   5.48481E-02   8.68531E-01 
    5.15975E-03   4.30336E-03   0.00000E+00   8.43007E-01   1.56993E-01  NONE
   8.63000E+02   2.20255E-05   1.21121E-03   9.50087E-01   3.64114E-04 
    1.64376E-02   3.18778E-02   6.71602E-02   5.53064E-02   8.67943E-01 
    5.28126E-03   4.30903E-03   0.00000E+00   8.42957E-01   1.57043E-01  NONE
   8.53000E+02   1.91546E-05   1.14059E-03   9.50178E-01   3.45637E-04 
    1.64374E-02   3.18790E-02   6.71625E-02   5.57524E-02   8.67371E-01 
    5.40020E-03   4.31346E-03   0.00000E+00   8.42914E-01   1.57086E-01  NONE
   8.43000E+02   1.66121E-05   1.07217E-03   9.50266E-01   3.27586E-04 
    1.64373E-02   3.18800E-02   6.71648E-02   5.61856E-02   8.66817E-01 
    5.51647E-03   4.31667E-03   0.00000E+00   8.42875E-01   1.57125E-01  NONE
   8.33000E+02   1.43657E-05   1.00598E-03   9.50351E-01   3.09976E-04 
    1.64373E-02   3.18810E-02   6.71670E-02   5.66055E-02   8.66279E-01 
    5.62996E-03   4.31869E-03   0.00000E+00   8.42841E-01   1.57159E-01  NONE
   8.23000E+02   1.23859E-05   9.42074E-04   9.50433E-01   2.92824E-04 
    1.64375E-02   3.18817E-02   6.71691E-02   5.70119E-02   8.65759E-01 
    5.74056E-03   4.31954E-03   0.00000E+00   8.42811E-01   1.57189E-01  NONE
   8.13000E+02   1.06455E-05   8.80476E-04   9.50513E-01   2.76144E-04 
    1.64378E-02   3.18824E-02   6.71712E-02   5.74044E-02   8.65257E-01 
    5.84818E-03   4.31923E-03   0.00000E+00   8.42784E-01   1.57216E-01  NONE
   8.03000E+02   9.11970E-06   8.21222E-04   9.50588E-01   2.59950E-04 
    1.64382E-02   3.18830E-02   6.71731E-02   5.77826E-02   8.64774E-01 
    5.95271E-03   4.31777E-03   0.00000E+00   8.42761E-01   1.57239E-01  NONE
   7.93000E+02   7.78593E-06   7.64336E-04   9.50661E-01   2.44256E-04 
    1.64388E-02   3.18835E-02   6.71751E-02   5.81464E-02   8.64309E-01 
    6.05407E-03   4.31517E-03   0.00000E+00   8.42741E-01   1.57259E-01  NONE
   7.83000E+02   6.62350E-06   7.09836E-04   9.50731E-01   2.29075E-04 
    1.64396E-02   3.18839E-02   6.71769E-02   5.84955E-02   8.63864E-01 
    6.15218E-03   4.31141E-03   0.00000E+00   8.42723E-01   1.57277E-01  NONE
   7.73000E+02   5.61359E-06   6.57734E-04   9.50798E-01   2.14417E-04 
    1.64405E-02   3.18842E-02   6.71787E-02   5.88297E-02   8.63438E-01 
    6.24695E-03   4.30650E-03   0.00000E+00   8.42708E-01   1.57292E-01  NONE
   7.63000E+02   4.73910E-06   6.08036E-04   9.50861E-01   2.00291E-04 
    1.64415E-02   3.18845E-02   6.71804E-02   5.91490E-02   8.63032E-01 
    6.33831E-03   4.30042E-03   0.00000E+00   8.42694E-01   1.57306E-01  NONE
   7.53000E+02   3.98449E-06   5.60738E-04   9.50921E-01   1.86707E-04 
    1.64427E-02   3.18848E-02   6.71820E-02   5.94533E-02   8.62645E-01 
    6.42622E-03   4.29316E-03   0.00000E+00   8.42683E-01   1.57317E-01  NONE
   7.43000E+02   3.33572E-06   5.15832E-04   9.50978E-01   1.73671E-04 
    1.64441E-02   3.18850E-02   6.71836E-02   5.97425E-02   8.62279E-01 
    6.51061E-03   4.28469E-03   0.00000E+00   8.42673E-01   1.57327E-01  NONE
   7.33000E+02   2.78007E-06   4.73302E-04   9.51032E-01   1.61187E-04 
    1.64456E-02   3.18851E-02   6.71851E-02   6.00168E-02   8.61932E-01 
    6.59146E-03   4.27499E-03   0.00000E+00   8.42665E-01   1.57335E-01  NONE
   7.23000E+02   2.30612E-06   4.33122E-04   9.51083E-01   1.49259E-04 
    1.64474E-02   3.18853E-02   6.71865E-02   6.02761E-02   8.61605E-01 
    6.66875E-03   4.26402E-03   0.00000E+00   8.42657E-01   1.57343E-01  NONE
   7.13000E+02   1.90355E-06   3.95262E-04   9.51130E-01   1.37888E-04 
    1.64493E-02   3.18853E-02   6.71878E-02   6.05208E-02   8.61297E-01 
    6.74244E-03   4.25175E-03   0.00000E+00   8.42651E-01   1.57349E-01  NONE
   7.03000E+02   1.56316E-06   3.59683E-04   9.51175E-01   1.27074E-04 
    1.64514E-02   3.18854E-02   6.71891E-02   6.07509E-02   8.61009E-01 
    6.81256E-03   4.23815E-03   0.00000E+00   8.42646E-01   1.57354E-01  NONE
   6.93000E+02   1.27668E-06   3.26341E-04   9.51216E-01   1.16814E-04 
    1.64538E-02   3.18855E-02   6.71903E-02   6.09668E-02   8.60741E-01 
    6.87910E-03   4.22316E-03   0.00000E+00   8.42642E-01   1.57358E-01  NONE
   6.83000E+02   1.03678E-06   2.95185E-04   9.51255E-01   1.07104E-04 
    1.64563E-02   3.18855E-02   6.71914E-02   6.11687E-02   8.60491E-01 
    6.94210E-03   4.20673E-03   0.00000E+00   8.42638E-01   1.57362E-01  NONE
   6.73000E+02   8.36932E-07   2.66157E-04   9.51290E-01   9.79387E-05 
    1.64591E-02   3.18855E-02   6.71924E-02   6.13569E-02   8.60260E-01 
    7.00158E-03   4.18882E-03   0.00000E+00   8.42635E-01   1.57365E-01  NONE
