
 Phase Region for:
     FCC_A1#1                      
 col-1=T, col-2=W(FCC_A1#1,C), col-3=W(FCC_A1#1,CR), col-4=W(FCC_A1#1,FE),
   col-5=W(FCC_A1#1,MN), col-6=W(FCC_A1#1,NI), col-7=W(FCC_A1#1,SI),
   col-8=NP(FCC_A1#1),
   1.17300E+03   1.00467E-03   1.57363E-02   9.64436E-01   1.19908E-02 
    6.70256E-03   1.29877E-04   1.00000E+00
   1.18300E+03   1.00467E-03   1.57363E-02   9.64436E-01   1.19908E-02 
    6.70256E-03   1.29877E-04   1.00000E+00
   1.19300E+03   1.00467E-03   1.57363E-02   9.64436E-01   1.19908E-02 
    6.70256E-03   1.29877E-04   1.00000E+00
   1.20300E+03   1.00467E-03   1.57363E-02   9.64436E-01   1.19908E-02 
    6.70256E-03   1.29877E-04   1.00000E+00
   1.21300E+03   1.00467E-03   1.57363E-02   9.64436E-01   1.19908E-02 
    6.70256E-03   1.29877E-04   1.00000E+00
   1.22300E+03   1.00467E-03   1.57363E-02   9.64436E-01   1.19908E-02 
    6.70256E-03   1.29877E-04   1.00000E+00
   1.23300E+03   1.00467E-03   1.57363E-02   9.64436E-01   1.19908E-02 
    6.70256E-03   1.29877E-04   1.00000E+00
   1.24300E+03   1.00467E-03   1.57363E-02   9.64436E-01   1.19908E-02 
    6.70256E-03   1.29877E-04   1.00000E+00
   1.25300E+03   1.00467E-03   1.57363E-02   9.64436E-01   1.19908E-02 
    6.70256E-03   1.29877E-04   1.00000E+00
   1.26300E+03   1.00467E-03   1.57363E-02   9.64436E-01   1.19908E-02 
    6.70256E-03   1.29877E-04   1.00000E+00
   1.27300E+03   1.00467E-03   1.57363E-02   9.64436E-01   1.19908E-02 
    6.70256E-03   1.29877E-04   1.00000E+00
   1.28300E+03   1.00467E-03   1.57363E-02   9.64436E-01   1.19908E-02 
    6.70256E-03   1.29877E-04   1.00000E+00
   1.29300E+03   1.00467E-03   1.57363E-02   9.64436E-01   1.19908E-02 
    6.70256E-03   1.29877E-04   1.00000E+00
   1.30300E+03   1.00467E-03   1.57363E-02   9.64436E-01   1.19908E-02 
    6.70256E-03   1.29877E-04   1.00000E+00
   1.31300E+03   1.00467E-03   1.57363E-02   9.64436E-01   1.19908E-02 
    6.70256E-03   1.29877E-04   1.00000E+00
   1.32300E+03   1.00467E-03   1.57363E-02   9.64436E-01   1.19908E-02 
    6.70256E-03   1.29877E-04   1.00000E+00
   1.33300E+03   1.00467E-03   1.57363E-02   9.64436E-01   1.19908E-02 
    6.70256E-03   1.29877E-04   1.00000E+00
   1.34300E+03   1.00467E-03   1.57363E-02   9.64436E-01   1.19908E-02 
    6.70256E-03   1.29877E-04   1.00000E+00
   1.35300E+03   1.00467E-03   1.57363E-02   9.64436E-01   1.19908E-02 
    6.70256E-03   1.29877E-04   1.00000E+00
   1.36300E+03   1.00467E-03   1.57363E-02   9.64436E-01   1.19908E-02 
    6.70256E-03   1.29877E-04   1.00000E+00
   1.37300E+03   1.00467E-03   1.57363E-02   9.64436E-01   1.19908E-02 
    6.70256E-03   1.29877E-04   1.00000E+00
   1.38300E+03   1.00467E-03   1.57363E-02   9.64436E-01   1.19908E-02 
    6.70256E-03   1.29877E-04   1.00000E+00
   1.39300E+03   1.00467E-03   1.57363E-02   9.64436E-01   1.19908E-02 
    6.70256E-03   1.29877E-04   1.00000E+00
   1.40300E+03   1.00467E-03   1.57363E-02   9.64436E-01   1.19908E-02 
    6.70256E-03   1.29877E-04   1.00000E+00
   1.41300E+03   1.00467E-03   1.57363E-02   9.64436E-01   1.19908E-02 
    6.70256E-03   1.29877E-04   1.00000E+00
   1.42300E+03   1.00467E-03   1.57363E-02   9.64436E-01   1.19908E-02 
    6.70256E-03   1.29877E-04   1.00000E+00
   1.43300E+03   1.00467E-03   1.57363E-02   9.64436E-01   1.19908E-02 
    6.70256E-03   1.29877E-04   1.00000E+00
   1.44300E+03   1.00467E-03   1.57363E-02   9.64436E-01   1.19908E-02 
    6.70256E-03   1.29877E-04   1.00000E+00
   1.45300E+03   1.00467E-03   1.57363E-02   9.64436E-01   1.19908E-02 
    6.70256E-03   1.29877E-04   1.00000E+00
   1.46300E+03   1.00467E-03   1.57363E-02   9.64436E-01   1.19908E-02 
    6.70256E-03   1.29877E-04   1.00000E+00
   1.47300E+03   1.00467E-03   1.57363E-02   9.64436E-01   1.19908E-02 
    6.70256E-03   1.29877E-04   1.00000E+00

 Phase Region for:
     FCC_A1#1                      
 col-1=T, col-2=W(FCC_A1#1,C), col-3=W(FCC_A1#1,CR), col-4=W(FCC_A1#1,FE),
   col-5=W(FCC_A1#1,MN), col-6=W(FCC_A1#1,NI), col-7=W(FCC_A1#1,SI),
   col-8=NP(FCC_A1#1),
   1.17300E+03   1.00467E-03   1.57363E-02   9.64436E-01   1.19908E-02 
    6.70256E-03   1.29877E-04   1.00000E+00
   1.16300E+03   1.00467E-03   1.57363E-02   9.64436E-01   1.19908E-02 
    6.70256E-03   1.29877E-04   1.00000E+00
   1.15300E+03   1.00467E-03   1.57363E-02   9.64436E-01   1.19908E-02 
    6.70256E-03   1.29877E-04   1.00000E+00
   1.14300E+03   1.00467E-03   1.57363E-02   9.64436E-01   1.19908E-02 
    6.70256E-03   1.29877E-04   1.00000E+00
   1.13300E+03   1.00467E-03   1.57363E-02   9.64436E-01   1.19908E-02 
    6.70256E-03   1.29877E-04   1.00000E+00
   1.12300E+03   1.00467E-03   1.57363E-02   9.64436E-01   1.19908E-02 
    6.70256E-03   1.29877E-04   1.00000E+00
   1.11300E+03   1.00467E-03   1.57363E-02   9.64436E-01   1.19908E-02 
    6.70256E-03   1.29877E-04   1.00000E+00
   1.10300E+03   1.00467E-03   1.57363E-02   9.64436E-01   1.19908E-02 
    6.70256E-03   1.29877E-04   1.00000E+00
   1.09300E+03   1.00467E-03   1.57363E-02   9.64436E-01   1.19908E-02 
    6.70256E-03   1.29877E-04   1.00000E+00
   1.08300E+03   1.00467E-03   1.57363E-02   9.64436E-01   1.19908E-02 
    6.70256E-03   1.29877E-04   1.00000E+00
   1.07300E+03   1.00467E-03   1.57363E-02   9.64436E-01   1.19908E-02 
    6.70256E-03   1.29877E-04   1.00000E+00
   1.06897E+03   1.00467E-03   1.57363E-02   9.64436E-01   1.19908E-02 
    6.70256E-03   1.29877E-04   1.00000E+00

 Phase Region for:
     BCC_A2                        
     FCC_A1#1                      
 col-1=T, col-2=W(BCC_A2,C), col-3=W(BCC_A2,CR), col-4=W(BCC_A2,FE),
   col-5=W(BCC_A2,MN), col-6=W(BCC_A2,NI), col-7=W(BCC_A2,SI),
   col-8=W(FCC_A1#1,C), col-9=W(FCC_A1#1,CR), col-10=W(FCC_A1#1,FE),
   col-11=W(FCC_A1#1,MN), col-12=W(FCC_A1#1,NI), col-13=W(FCC_A1#1,SI),
   col-14=NP(BCC_A2), col-15=NP(FCC_A1#1),
   1.06897E+03   3.26947E-05   1.26032E-02   9.78621E-01   5.38762E-03 
    3.19535E-03   1.60248E-04   1.00467E-03   1.57363E-02   9.64436E-01 
    1.19908E-02   6.70257E-03   1.29877E-04   1.95154E-06   9.99998E-01
   1.06300E+03   3.52375E-05   1.27611E-02   9.78089E-01   5.61206E-03 
    3.34648E-03   1.55964E-04   1.12306E-03   1.60996E-02   9.62768E-01 
    1.27698E-02   7.11240E-03   1.26691E-04   1.08431E-01   8.91569E-01
   1.05300E+03   3.96187E-05   1.29855E-02   9.77278E-01   5.96008E-03 
    3.58651E-03   1.50451E-04   1.34365E-03   1.67025E-02   9.59925E-01 
    1.41091E-02   7.79709E-03   1.22650E-04   2.59002E-01   7.40998E-01
   1.04300E+03   4.41089E-05   1.31671E-02   9.76562E-01   6.27156E-03 
    3.80894E-03   1.46395E-04   1.59394E-03   1.73124E-02   9.56997E-01 
    1.54994E-02   8.47770E-03   1.19744E-04   3.78842E-01   6.21158E-01
   1.03300E+03   4.86517E-05   1.33130E-02   9.75937E-01   6.54547E-03 
    4.01298E-03   1.43328E-04   1.87598E-03   1.79448E-02   9.53954E-01 
    1.69537E-02   9.15383E-03   1.17618E-04   4.75107E-01   5.24893E-01
   1.02300E+03   5.31067E-05   1.34212E-02   9.75439E-01   6.75414E-03 
    4.19176E-03   1.40823E-04   2.18970E-03   1.86194E-02   9.50733E-01 
    1.85123E-02   9.82939E-03   1.16246E-04   5.52649E-01   4.47351E-01
   1.01300E+03   5.75207E-05   1.35026E-02   9.75037E-01   6.91311E-03 
    4.35068E-03   1.38752E-04   2.54158E-03   1.93609E-02   9.47233E-01 
    2.02302E-02   1.05189E-02   1.15475E-04   6.16503E-01   3.83497E-01
   1.00300E+03   6.19562E-05   1.35718E-02   9.74659E-01   7.06892E-03 
    4.50067E-03   1.37205E-04   2.93784E-03   2.01749E-02   9.43471E-01 
    2.20838E-02   1.12178E-02   1.14849E-04   6.69813E-01   3.30187E-01
   9.93000E+02   6.62912E-05   1.36279E-02   9.74313E-01   7.21661E-03 
    4.64006E-03   1.36054E-04   3.37896E-03   2.10709E-02   9.39444E-01 
    2.40705E-02   1.19211E-02   1.14249E-04   7.14195E-01   2.85805E-01
   9.91289E+02   6.70144E-05   1.36362E-02   9.74257E-01   7.24082E-03 
    4.66278E-03   1.35889E-04   3.45896E-03   2.12332E-02   9.38728E-01 
    2.44237E-02   1.20416E-02   1.14142E-04   7.21006E-01   2.78994E-01

 Phase Region for:
     BCC_A2                        
     CEMENTITE                     
     FCC_A1#1                      
 col-1=T, col-2=W(BCC_A2,C), col-3=W(BCC_A2,CR), col-4=W(BCC_A2,FE),
   col-5=W(BCC_A2,MN), col-6=W(BCC_A2,NI), col-7=W(BCC_A2,SI),
   col-8=W(CEMENTITE,C), col-9=W(CEMENTITE,CR), col-10=W(CEMENTITE,FE),
   col-11=W(CEMENTITE,MN), col-12=W(CEMENTITE,NI), col-13=W(CEMENTITE,SI),
   col-14=W(FCC_A1#1,C), col-15=W(FCC_A1#1,CR), col-16=W(FCC_A1#1,FE),
   col-17=W(FCC_A1#1,MN), col-18=W(FCC_A1#1,NI), col-19=W(FCC_A1#1,SI),
   col-20=NP(BCC_A2), col-21=NP(CEMENTITE), col-22=NP(FCC_A1#1),
   9.91289E+02   6.70143E-05   1.36362E-02   9.74257E-01   7.24083E-03 
    4.66279E-03   1.35889E-04   6.84852E-02   3.12248E-01   5.77337E-01 
    4.13636E-02   5.65630E-04   0.00000E+00   3.45896E-03   2.12331E-02 
    9.38728E-01   2.44238E-02   1.20416E-02   1.14142E-04   7.21008E-01 
    9.99906E-08   2.78992E-01
   9.83000E+02   6.04130E-05   1.28714E-02   9.73527E-01   8.21403E-03 
    5.19335E-03   1.33622E-04   6.84647E-02   3.06365E-01   5.75210E-01 
    4.93225E-02   6.37886E-04   0.00000E+00   3.36801E-03   2.01327E-02 
    9.33282E-01   2.89462E-02   1.41551E-02   1.16059E-04   8.20276E-01 
    7.00174E-03   1.72723E-01
   9.73000E+02   5.24510E-05   1.22333E-02   9.72423E-01   9.34868E-03 
    5.81014E-03   1.32233E-04   6.84622E-02   3.03741E-01   5.68005E-01 
    5.90745E-02   7.17869E-04   0.00000E+00   3.21648E-03   1.91593E-02 
    9.25841E-01   3.47004E-02   1.69624E-02   1.20025E-04   9.02039E-01 
    1.26805E-02   8.52805E-02
   9.63000E+02   4.49093E-05   1.17982E-02   9.71223E-01   1.04059E-02 
    6.39639E-03   1.31746E-04   6.84776E-02   3.04729E-01   5.57264E-01 
    6.87401E-02   7.89255E-04   0.00000E+00   3.03599E-03   1.84449E-02 
    9.17630E-01   4.06920E-02   2.00718E-02   1.25220E-04   9.55907E-01 
    1.62446E-02   2.78482E-02
   9.56015E+02   4.00278E-05   1.15731E-02   9.70383E-01   1.10854E-02 
    6.78644E-03   1.31733E-04   6.84961E-02   3.07019E-01   5.48312E-01 
    7.53393E-02   8.34037E-04   0.00000E+00   2.89984E-03   1.80483E-02 
    9.11497E-01   4.49857E-02   2.24395E-02   1.29342E-04   9.82135E-01 
    1.78651E-02   0.00000E+00

 Phase Region for:
     BCC_A2                        
     CEMENTITE                     
 col-1=T, col-2=W(BCC_A2,C), col-3=W(BCC_A2,CR), col-4=W(BCC_A2,FE),
   col-5=W(BCC_A2,MN), col-6=W(BCC_A2,NI), col-7=W(BCC_A2,SI),
   col-8=W(CEMENTITE,C), col-9=W(CEMENTITE,CR), col-10=W(CEMENTITE,FE),
   col-11=W(CEMENTITE,MN), col-12=W(CEMENTITE,NI), col-13=W(CEMENTITE,SI),
   col-14=NP(BCC_A2), col-15=NP(CEMENTITE),
   9.56015E+02   4.00278E-05   1.15731E-02   9.70383E-01   1.10854E-02 
    6.78644E-03   1.31733E-04   6.84961E-02   3.07019E-01   5.48312E-01 
    7.53393E-02   8.34037E-04   0.00000E+00   9.82135E-01   1.78651E-02  NONE
   9.53000E+02   3.80606E-05   1.15230E-02   9.70451E-01   1.10694E-02 
    6.78664E-03   1.31737E-04   6.85119E-02   3.09989E-01   5.44331E-01 
    7.63377E-02   8.30357E-04   0.00000E+00   9.82099E-01   1.79011E-02  NONE
   9.43000E+02   3.21033E-05   1.13552E-02   9.70677E-01   1.10164E-02 
    6.78727E-03   1.31747E-04   6.85656E-02   3.20080E-01   5.30857E-01 
    7.96795E-02   8.17972E-04   0.00000E+00   9.81990E-01   1.80098E-02  NONE
   9.33000E+02   2.69461E-05   1.11842E-02   9.70906E-01   1.09631E-02 
    6.78783E-03   1.31755E-04   6.86213E-02   3.30546E-01   5.16962E-01 
    8.30648E-02   8.05350E-04   0.00000E+00   9.81896E-01   1.81039E-02  NONE
   9.23000E+02   2.25006E-05   1.10100E-02   9.71138E-01   1.09096E-02 
    6.78833E-03   1.31762E-04   6.86788E-02   3.41391E-01   5.02647E-01 
    8.64901E-02   7.92539E-04   0.00000E+00   9.81815E-01   1.81851E-02  NONE
   9.13000E+02   1.86863E-05   1.08324E-02   9.71372E-01   1.08559E-02 
    6.78878E-03   1.31768E-04   6.87383E-02   3.52618E-01   4.87913E-01 
    8.99511E-02   7.79583E-04   0.00000E+00   9.81745E-01   1.82547E-02  NONE
   9.03000E+02   1.54295E-05   1.06513E-02   9.71610E-01   1.08023E-02 
    6.78918E-03   1.31772E-04   6.87997E-02   3.64225E-01   4.72766E-01 
    9.34427E-02   7.66521E-04   0.00000E+00   9.81686E-01   1.83141E-02  NONE
   8.93000E+02   1.26631E-05   1.04666E-02   9.71851E-01   1.07487E-02 
    6.78953E-03   1.31776E-04   6.88630E-02   3.76210E-01   4.57215E-01 
    9.69587E-02   7.53388E-04   0.00000E+00   9.81635E-01   1.83646E-02  NONE
   8.83000E+02   1.03265E-05   1.02784E-02   9.72094E-01   1.06952E-02 
    6.78984E-03   1.31778E-04   6.89282E-02   3.88565E-01   4.41274E-01 
    1.00492E-01   7.40211E-04   0.00000E+00   9.81593E-01   1.84072E-02  NONE
   8.73000E+02   8.36439E-06   1.00867E-02   9.72341E-01   1.06420E-02 
    6.79012E-03   1.31780E-04   6.89952E-02   4.01280E-01   4.24963E-01 
    1.04035E-01   7.27010E-04   0.00000E+00   9.81557E-01   1.84430E-02  NONE
   8.63000E+02   6.72709E-06   9.89166E-03   9.72590E-01   1.05892E-02 
    6.79037E-03   1.31781E-04   6.90638E-02   4.14338E-01   4.08307E-01 
    1.07578E-01   7.13794E-04   0.00000E+00   9.81527E-01   1.84729E-02  NONE
   8.53000E+02   5.36989E-06   9.69346E-03   9.72842E-01   1.05370E-02 
    6.79060E-03   1.31782E-04   6.91341E-02   4.27720E-01   3.91336E-01 
    1.11110E-01   7.00562E-04   0.00000E+00   9.81502E-01   1.84976E-02  NONE
   8.43000E+02   4.25277E-06   9.49239E-03   9.73095E-01   1.04854E-02 
    6.79080E-03   1.31782E-04   6.92058E-02   4.41400E-01   3.74086E-01 
    1.14621E-01   6.87300E-04   0.00000E+00   9.81482E-01   1.85180E-02  NONE
   8.33000E+02   3.34010E-06   9.28880E-03   9.73350E-01   1.04346E-02 
    6.79098E-03   1.31782E-04   6.92788E-02   4.55349E-01   3.56602E-01 
    1.18096E-01   6.73983E-04   0.00000E+00   9.81465E-01   1.85346E-02  NONE
   8.23000E+02   2.60034E-06   9.08311E-03   9.73606E-01   1.03849E-02 
    6.79114E-03   1.31781E-04   6.93529E-02   4.69531E-01   3.38932E-01 
    1.21523E-01   6.60568E-04   0.00000E+00   9.81452E-01   1.85481E-02  NONE
   8.13000E+02   2.00574E-06   8.87581E-03   9.73863E-01   1.03364E-02 
    6.79130E-03   1.31780E-04   6.94279E-02   4.83906E-01   3.21133E-01 
    1.24886E-01   6.46996E-04   0.00000E+00   9.81441E-01   1.85590E-02  NONE
   8.03000E+02   1.53204E-06   8.66748E-03   9.74118E-01   1.02894E-02 
    6.79144E-03   1.31779E-04   6.95035E-02   4.98428E-01   3.03267E-01 
    1.28169E-01   6.33196E-04   0.00000E+00   9.81432E-01   1.85676E-02  NONE
   7.93000E+02   1.15819E-06   8.45874E-03   9.74373E-01   1.02441E-02 
    6.79158E-03   1.31778E-04   6.95795E-02   5.13047E-01   2.85400E-01 
    1.31354E-01   6.19076E-04   0.00000E+00   9.81426E-01   1.85744E-02  NONE
   7.83000E+02   8.66059E-07   8.25028E-03   9.74625E-01   1.02006E-02 
    6.79172E-03   1.31776E-04   6.96556E-02   5.27711E-01   2.67606E-01 
    1.34423E-01   6.04535E-04   0.00000E+00   9.81420E-01   1.85798E-02  NONE
   7.73000E+02   6.40195E-07   8.04283E-03   9.74874E-01   1.01593E-02 
    6.79187E-03   1.31774E-04   6.97315E-02   5.42362E-01   2.49961E-01 
    1.37357E-01   5.89457E-04   0.00000E+00   9.81416E-01   1.85839E-02  NONE
   7.63000E+02   4.67509E-07   7.83714E-03   9.75118E-01   1.01205E-02 
    6.79201E-03   1.31773E-04   6.98068E-02   5.56941E-01   2.32543E-01 
    1.40136E-01   5.73720E-04   0.00000E+00   9.81413E-01   1.85870E-02  NONE
   7.53000E+02   3.37041E-07   7.63398E-03   9.75357E-01   1.00843E-02 
    6.79217E-03   1.31771E-04   6.98814E-02   5.71389E-01   2.15432E-01 
    1.42740E-01   5.57200E-04   0.00000E+00   9.81411E-01   1.85894E-02  NONE
   7.43000E+02   2.39706E-07   7.43411E-03   9.75591E-01   1.00510E-02 
    6.79234E-03   1.31769E-04   6.99547E-02   5.85648E-01   1.98709E-01 
    1.45149E-01   5.39776E-04   0.00000E+00   9.81409E-01   1.85912E-02  NONE
   7.33000E+02   1.68055E-07   7.23827E-03   9.75816E-01   1.00210E-02 
    6.79252E-03   1.31767E-04   7.00266E-02   5.99658E-01   1.82451E-01 
    1.47343E-01   5.21338E-04   0.00000E+00   9.81407E-01   1.85925E-02  NONE
   7.23000E+02   1.16055E-07   7.04714E-03   9.76034E-01   9.99438E-03 
    6.79271E-03   1.31765E-04   7.00968E-02   6.13367E-01   1.66733E-01 
    1.49302E-01   5.01800E-04   0.00000E+00   9.81407E-01   1.85935E-02  NONE
   7.13000E+02   7.88789E-08   6.86138E-03   9.76242E-01   9.97150E-03 
    6.79293E-03   1.31764E-04   7.01649E-02   6.26722E-01   1.51624E-01 
    1.51008E-01   4.81100E-04   0.00000E+00   9.81406E-01   1.85941E-02  NONE
   7.09341E+02   6.82012E-08   6.79486E-03   9.76316E-01   9.96409E-03 
    6.79301E-03   1.31763E-04   7.01893E-02   6.31513E-01   1.46260E-01 
    1.51565E-01   4.73230E-04   0.00000E+00   9.81406E-01   1.85943E-02  NONE

 Phase Region for:
     BCC_A2                        
     CEMENTITE                     
     FCC_A1#1                      
 col-1=T, col-2=W(BCC_A2,C), col-3=W(BCC_A2,CR), col-4=W(BCC_A2,FE),
   col-5=W(BCC_A2,MN), col-6=W(BCC_A2,NI), col-7=W(BCC_A2,SI),
   col-8=W(CEMENTITE,C), col-9=W(CEMENTITE,CR), col-10=W(CEMENTITE,FE),
   col-11=W(CEMENTITE,MN), col-12=W(CEMENTITE,NI), col-13=W(CEMENTITE,SI),
   col-14=W(FCC_A1#1,C), col-15=W(FCC_A1#1,CR), col-16=W(FCC_A1#1,FE),
   col-17=W(FCC_A1#1,MN), col-18=W(FCC_A1#1,NI), col-19=W(FCC_A1#1,SI),
   col-20=NP(BCC_A2), col-21=NP(CEMENTITE), col-22=NP(FCC_A1#1),
   7.09340E+02   6.82010E-08   6.79486E-03   9.76316E-01   9.96409E-03 
    6.79301E-03   1.31763E-04   7.01893E-02   6.31513E-01   1.46259E-01 
    1.51565E-01   4.73229E-04   0.00000E+00   9.57337E-05   8.22061E-03 
    4.75020E-01   2.63833E-01   2.52796E-01   3.40132E-05   9.81406E-01 
    1.85943E-02   1.50219E-08
   7.03000E+02   5.33103E-08   6.65412E-03   9.76922E-01   9.73929E-03 
    6.55290E-03   1.31858E-04   7.02377E-02   6.41591E-01   1.37647E-01 
    1.50081E-01   4.43147E-04   0.00000E+00   8.45949E-05   8.05990E-03 
    4.65542E-01   2.68601E-01   2.57681E-01   3.08517E-05   9.80474E-01 
    1.85931E-02   9.32712E-04
   6.93000E+02   3.56776E-08   6.43561E-03   9.77867E-01   9.39029E-03 
    6.17520E-03   1.32012E-04   7.03125E-02   6.57250E-01   1.24580E-01 
    1.47460E-01   3.97099E-04   0.00000E+00   6.92567E-05   7.82311E-03 
    4.51149E-01   2.75928E-01   2.65004E-01   2.63940E-05   9.79080E-01 
    1.85919E-02   2.32768E-03
   6.83000E+02   2.34783E-08   6.22198E-03   9.78797E-01   9.04865E-03 
    5.80036E-03   1.32167E-04   7.03853E-02   6.72573E-01   1.12180E-01 
    1.44509E-01   3.53016E-04   0.00000E+00   5.63249E-05   7.60601E-03 
    4.37377E-01   2.83047E-01   2.71891E-01   2.25137E-05   9.77772E-01 
    1.85913E-02   3.63680E-03
   6.73000E+02   1.51778E-08   6.01391E-03   9.79709E-01   8.71492E-03 
    5.43004E-03   1.32321E-04   7.04558E-02   6.87508E-01   1.00483E-01 
    1.41241E-01   3.11168E-04   0.00000E+00   4.54764E-05   7.40794E-03 
    4.24167E-01   2.89988E-01   2.78373E-01   1.91407E-05   9.76542E-01 
    1.85912E-02   4.86686E-03
