
 Phase Region for:
     FCC_A1#1                      
 col-1=T, col-2=W(FCC_A1#1,C), col-3=W(FCC_A1#1,CR), col-4=W(FCC_A1#1,FE),
   col-5=W(FCC_A1#1,MN), col-6=W(FCC_A1#1,NI), col-7=W(FCC_A1#1,SI),
   col-8=NP(FCC_A1#1),
   1.17300E+03   4.90717E-03   3.61817E-03   9.71184E-01   4.15149E-03 
    6.38881E-03   9.75067E-03   1.00000E+00
   1.18300E+03   4.90717E-03   3.61817E-03   9.71184E-01   4.15149E-03 
    6.38881E-03   9.75067E-03   1.00000E+00
   1.19300E+03   4.90717E-03   3.61817E-03   9.71184E-01   4.15149E-03 
    6.38881E-03   9.75067E-03   1.00000E+00
   1.20300E+03   4.90717E-03   3.61817E-03   9.71184E-01   4.15149E-03 
    6.38881E-03   9.75067E-03   1.00000E+00
   1.21300E+03   4.90717E-03   3.61817E-03   9.71184E-01   4.15149E-03 
    6.38881E-03   9.75067E-03   1.00000E+00
   1.22300E+03   4.90717E-03   3.61817E-03   9.71184E-01   4.15149E-03 
    6.38881E-03   9.75067E-03   1.00000E+00
   1.23300E+03   4.90717E-03   3.61817E-03   9.71184E-01   4.15149E-03 
    6.38881E-03   9.75067E-03   1.00000E+00
   1.24300E+03   4.90717E-03   3.61817E-03   9.71184E-01   4.15149E-03 
    6.38881E-03   9.75067E-03   1.00000E+00
   1.25300E+03   4.90717E-03   3.61817E-03   9.71184E-01   4.15149E-03 
    6.38881E-03   9.75067E-03   1.00000E+00
   1.26300E+03   4.90717E-03   3.61817E-03   9.71184E-01   4.15149E-03 
    6.38881E-03   9.75067E-03   1.00000E+00
   1.27300E+03   4.90717E-03   3.61817E-03   9.71184E-01   4.15149E-03 
    6.38881E-03   9.75067E-03   1.00000E+00
   1.28300E+03   4.90717E-03   3.61817E-03   9.71184E-01   4.15149E-03 
    6.38881E-03   9.75067E-03   1.00000E+00
   1.29300E+03   4.90717E-03   3.61817E-03   9.71184E-01   4.15149E-03 
    6.38881E-03   9.75067E-03   1.00000E+00
   1.30300E+03   4.90717E-03   3.61817E-03   9.71184E-01   4.15149E-03 
    6.38881E-03   9.75067E-03   1.00000E+00
   1.31300E+03   4.90717E-03   3.61817E-03   9.71184E-01   4.15149E-03 
    6.38881E-03   9.75067E-03   1.00000E+00
   1.32300E+03   4.90717E-03   3.61817E-03   9.71184E-01   4.15149E-03 
    6.38881E-03   9.75067E-03   1.00000E+00
   1.33300E+03   4.90717E-03   3.61817E-03   9.71184E-01   4.15149E-03 
    6.38881E-03   9.75067E-03   1.00000E+00
   1.34300E+03   4.90717E-03   3.61817E-03   9.71184E-01   4.15149E-03 
    6.38881E-03   9.75067E-03   1.00000E+00
   1.35300E+03   4.90717E-03   3.61817E-03   9.71184E-01   4.15149E-03 
    6.38881E-03   9.75067E-03   1.00000E+00
   1.36300E+03   4.90717E-03   3.61817E-03   9.71184E-01   4.15149E-03 
    6.38881E-03   9.75067E-03   1.00000E+00
   1.37300E+03   4.90717E-03   3.61817E-03   9.71184E-01   4.15149E-03 
    6.38881E-03   9.75067E-03   1.00000E+00
   1.38300E+03   4.90717E-03   3.61817E-03   9.71184E-01   4.15149E-03 
    6.38881E-03   9.75067E-03   1.00000E+00
   1.39300E+03   4.90717E-03   3.61817E-03   9.71184E-01   4.15149E-03 
    6.38881E-03   9.75067E-03   1.00000E+00
   1.40300E+03   4.90717E-03   3.61817E-03   9.71184E-01   4.15149E-03 
    6.38881E-03   9.75067E-03   1.00000E+00
   1.41300E+03   4.90717E-03   3.61817E-03   9.71184E-01   4.15149E-03 
    6.38881E-03   9.75067E-03   1.00000E+00
   1.42300E+03   4.90717E-03   3.61817E-03   9.71184E-01   4.15149E-03 
    6.38881E-03   9.75067E-03   1.00000E+00
   1.43300E+03   4.90717E-03   3.61817E-03   9.71184E-01   4.15149E-03 
    6.38881E-03   9.75067E-03   1.00000E+00
   1.44300E+03   4.90717E-03   3.61817E-03   9.71184E-01   4.15149E-03 
    6.38881E-03   9.75067E-03   1.00000E+00
   1.45300E+03   4.90717E-03   3.61817E-03   9.71184E-01   4.15149E-03 
    6.38881E-03   9.75067E-03   1.00000E+00
   1.46300E+03   4.90717E-03   3.61817E-03   9.71184E-01   4.15149E-03 
    6.38881E-03   9.75067E-03   1.00000E+00
   1.47300E+03   4.90717E-03   3.61817E-03   9.71184E-01   4.15149E-03 
    6.38881E-03   9.75067E-03   1.00000E+00

 Phase Region for:
     FCC_A1#1                      
 col-1=T, col-2=W(FCC_A1#1,C), col-3=W(FCC_A1#1,CR), col-4=W(FCC_A1#1,FE),
   col-5=W(FCC_A1#1,MN), col-6=W(FCC_A1#1,NI), col-7=W(FCC_A1#1,SI),
   col-8=NP(FCC_A1#1),
   1.17300E+03   4.90717E-03   3.61817E-03   9.71184E-01   4.15149E-03 
    6.38881E-03   9.75067E-03   1.00000E+00
   1.16300E+03   4.90717E-03   3.61817E-03   9.71184E-01   4.15149E-03 
    6.38881E-03   9.75067E-03   1.00000E+00
   1.15300E+03   4.90717E-03   3.61817E-03   9.71184E-01   4.15149E-03 
    6.38881E-03   9.75067E-03   1.00000E+00
   1.14300E+03   4.90717E-03   3.61817E-03   9.71184E-01   4.15149E-03 
    6.38881E-03   9.75067E-03   1.00000E+00
   1.13300E+03   4.90717E-03   3.61817E-03   9.71184E-01   4.15149E-03 
    6.38881E-03   9.75067E-03   1.00000E+00
   1.12300E+03   4.90717E-03   3.61817E-03   9.71184E-01   4.15149E-03 
    6.38881E-03   9.75067E-03   1.00000E+00
   1.11300E+03   4.90717E-03   3.61817E-03   9.71184E-01   4.15149E-03 
    6.38881E-03   9.75067E-03   1.00000E+00
   1.10300E+03   4.90717E-03   3.61817E-03   9.71184E-01   4.15149E-03 
    6.38881E-03   9.75067E-03   1.00000E+00
   1.09300E+03   4.90717E-03   3.61817E-03   9.71184E-01   4.15149E-03 
    6.38881E-03   9.75067E-03   1.00000E+00
   1.08300E+03   4.90717E-03   3.61817E-03   9.71184E-01   4.15149E-03 
    6.38881E-03   9.75067E-03   1.00000E+00
   1.07300E+03   4.90717E-03   3.61817E-03   9.71184E-01   4.15149E-03 
    6.38881E-03   9.75067E-03   1.00000E+00
   1.06300E+03   4.90717E-03   3.61817E-03   9.71184E-01   4.15149E-03 
    6.38881E-03   9.75067E-03   1.00000E+00
   1.05300E+03   4.90717E-03   3.61817E-03   9.71184E-01   4.15149E-03 
    6.38881E-03   9.75067E-03   1.00000E+00
   1.04470E+03   4.90717E-03   3.61817E-03   9.71184E-01   4.15149E-03 
    6.38881E-03   9.75067E-03   1.00000E+00

 Phase Region for:
     BCC_A2                        
     FCC_A1#1                      
 col-1=T, col-2=W(BCC_A2,C), col-3=W(BCC_A2,CR), col-4=W(BCC_A2,FE),
   col-5=W(BCC_A2,MN), col-6=W(BCC_A2,NI), col-7=W(BCC_A2,SI),
   col-8=W(FCC_A1#1,C), col-9=W(FCC_A1#1,CR), col-10=W(FCC_A1#1,FE),
   col-11=W(FCC_A1#1,MN), col-12=W(FCC_A1#1,NI), col-13=W(FCC_A1#1,SI),
   col-14=NP(BCC_A2), col-15=NP(FCC_A1#1),
   1.04470E+03   1.50483E-04   2.23732E-03   9.79276E-01   1.58869E-03 
    3.20732E-03   1.35403E-02   4.90717E-03   3.61817E-03   9.71184E-01 
    4.15149E-03   6.38881E-03   9.75067E-03   8.71448E-07   9.99999E-01  NONE
   1.04300E+03   1.51222E-04   2.23653E-03   9.79304E-01   1.59076E-03 
    3.22392E-03   1.34938E-02   4.97899E-03   3.63903E-03   9.71061E-01 
    4.19016E-03   6.43660E-03   9.69414E-03   1.46793E-02   9.85321E-01  NONE
   1.03300E+03   1.55633E-04   2.22992E-03   9.79459E-01   1.60011E-03 
    3.32087E-03   1.32342E-02   5.42319E-03   3.76894E-03   9.70285E-01 
    4.42857E-03   6.72199E-03   9.37235E-03   9.66381E-02   9.03362E-01  NONE
   1.02300E+03   1.60158E-04   2.21947E-03   9.79607E-01   1.60294E-03 
    3.41509E-03   1.29950E-02   5.90542E-03   3.91230E-03   9.69412E-01 
    4.68742E-03   7.01415E-03   9.06842E-03   1.71364E-01   8.28636E-01  NONE
   1.01300E+03   1.65105E-04   2.20111E-03   9.79802E-01   1.58479E-03 
    3.49861E-03   1.27484E-02   6.43585E-03   4.07498E-03   9.68405E-01 
    4.97891E-03   7.32051E-03   8.78432E-03   2.40375E-01   7.59625E-01  NONE
   1.01146E+03   1.65898E-04   2.19825E-03   9.79828E-01   1.58249E-03 
    3.51203E-03   1.27138E-02   6.52205E-03   4.10180E-03   9.68240E-01 
    5.02649E-03   7.36864E-03   8.74143E-03   2.50510E-01   7.49490E-01  NONE

 Phase Region for:
     BCC_A2                        
     CEMENTITE                     
     FCC_A1#1                      
 col-1=T, col-2=W(BCC_A2,C), col-3=W(BCC_A2,CR), col-4=W(BCC_A2,FE),
   col-5=W(BCC_A2,MN), col-6=W(BCC_A2,NI), col-7=W(BCC_A2,SI),
   col-8=W(CEMENTITE,C), col-9=W(CEMENTITE,CR), col-10=W(CEMENTITE,FE),
   col-11=W(CEMENTITE,MN), col-12=W(CEMENTITE,NI), col-13=W(CEMENTITE,SI),
   col-14=W(FCC_A1#1,C), col-15=W(FCC_A1#1,CR), col-16=W(FCC_A1#1,FE),
   col-17=W(FCC_A1#1,MN), col-18=W(FCC_A1#1,NI), col-19=W(FCC_A1#1,SI),
   col-20=NP(BCC_A2), col-21=NP(CEMENTITE), col-22=NP(FCC_A1#1),
   1.01146E+03   1.65898E-04   2.19824E-03   9.79828E-01   1.58249E-03 
    3.51204E-03   1.27138E-02   6.71452E-02   4.88369E-02   8.72642E-01 
    1.05547E-02   8.21448E-04   0.00000E+00   6.52205E-03   4.10178E-03 
    9.68240E-01   5.02651E-03   7.36867E-03   8.74142E-03   2.50515E-01 
    6.39539E-07   7.49485E-01
   1.00300E+03   1.55662E-04   1.64948E-03   9.80078E-01   2.03992E-03 
    4.70293E-03   1.13741E-02   6.70993E-02   3.88176E-02   8.78150E-01 
    1.47909E-02   1.14183E-03   0.00000E+00   6.47107E-03   3.12205E-03 
    9.65420E-01   6.90854E-03   1.02570E-02   7.82151E-03   6.21209E-01 
    4.84898E-02   3.30301E-01
   9.93000E+02   1.40366E-04   1.35503E-03   9.78686E-01   2.72124E-03 
    6.54899E-03   1.05487E-02   6.70792E-02   3.36551E-02   8.76469E-01 
    2.11713E-02   1.62568E-03   0.00000E+00   6.26744E-03   2.57087E-03 
    9.58837E-01   9.88696E-03   1.50585E-02   7.37959E-03   8.94606E-01 
    8.40961E-02   2.12977E-02
   9.91983E+02   1.38743E-04   1.33671E-03   9.78483E-01   2.79307E-03 
    6.75012E-03   1.04985E-02   6.70783E-02   3.33640E-02   8.76017E-01 
    2.18627E-02   1.67805E-03   0.00000E+00   6.24137E-03   2.53523E-03 
    9.58032E-01   1.02191E-02   1.56095E-02   7.36234E-03   9.13515E-01 
    8.64852E-02   0.00000E+00

 Phase Region for:
     BCC_A2                        
     CEMENTITE                     
 col-1=T, col-2=W(BCC_A2,C), col-3=W(BCC_A2,CR), col-4=W(BCC_A2,FE),
   col-5=W(BCC_A2,MN), col-6=W(BCC_A2,NI), col-7=W(BCC_A2,SI),
   col-8=W(CEMENTITE,C), col-9=W(CEMENTITE,CR), col-10=W(CEMENTITE,FE),
   col-11=W(CEMENTITE,MN), col-12=W(CEMENTITE,NI), col-13=W(CEMENTITE,SI),
   col-14=NP(BCC_A2), col-15=NP(CEMENTITE),
   9.91983E+02   1.38743E-04   1.33671E-03   9.78483E-01   2.79307E-03 
    6.75012E-03   1.04985E-02   6.70783E-02   3.33640E-02   8.76017E-01 
    2.18627E-02   1.67805E-03   0.00000E+00   9.13515E-01   8.64852E-02  NONE
   9.83000E+02   1.25636E-04   1.29414E-03   9.78604E-01   2.72483E-03 
    6.75055E-03   1.05005E-02   6.70816E-02   3.38377E-02   8.74693E-01 
    2.27024E-02   1.68510E-03   0.00000E+00   9.13294E-01   8.67059E-02  NONE
   9.73000E+02   1.12336E-04   1.24706E-03   9.78739E-01   2.64844E-03 
    6.75098E-03   1.05026E-02   6.70852E-02   3.43660E-02   8.73214E-01 
    2.36426E-02   1.69234E-03   0.00000E+00   9.13070E-01   8.69298E-02  NONE
   9.63000E+02   1.00285E-04   1.20035E-03   9.78872E-01   2.57166E-03 
    6.75135E-03   1.05044E-02   6.70889E-02   3.48950E-02   8.71729E-01 
    2.45881E-02   1.69896E-03   0.00000E+00   9.12867E-01   8.71326E-02  NONE
   9.53000E+02   8.93800E-05   1.15402E-03   9.79004E-01   2.49454E-03 
    6.75169E-03   1.05061E-02   6.70925E-02   3.54240E-02   8.70240E-01 
    2.55385E-02   1.70500E-03   0.00000E+00   9.12684E-01   8.73161E-02  NONE
   9.43000E+02   7.95230E-05   1.10810E-03   9.79136E-01   2.41713E-03 
    6.75198E-03   1.05076E-02   6.70962E-02   3.59525E-02   8.68748E-01 
    2.64932E-02   1.71051E-03   0.00000E+00   9.12518E-01   8.74818E-02  NONE
   9.33000E+02   7.06255E-05   1.06261E-03   9.79266E-01   2.33951E-03 
    6.75224E-03   1.05090E-02   6.70998E-02   3.64798E-02   8.67253E-01 
    2.74516E-02   1.71550E-03   0.00000E+00   9.12369E-01   8.76314E-02  NONE
   9.23000E+02   6.26053E-05   1.01760E-03   9.79395E-01   2.26171E-03 
    6.75247E-03   1.05102E-02   6.71035E-02   3.70053E-02   8.65758E-01 
    2.84131E-02   1.72001E-03   0.00000E+00   9.12234E-01   8.77662E-02  NONE
   9.13000E+02   5.53870E-05   9.73087E-04   9.79524E-01   2.18383E-03 
    6.75267E-03   1.05113E-02   6.71071E-02   3.75282E-02   8.64264E-01 
    2.93769E-02   1.72407E-03   0.00000E+00   9.12112E-01   8.78875E-02  NONE
   9.03000E+02   4.89005E-05   9.29130E-04   9.79651E-01   2.10593E-03 
    6.75286E-03   1.05122E-02   6.71108E-02   3.80477E-02   8.62772E-01 
    3.03421E-02   1.72769E-03   0.00000E+00   9.12003E-01   8.79965E-02  NONE
   8.93000E+02   4.30815E-05   8.85771E-04   9.79777E-01   2.02810E-03 
    6.75302E-03   1.05131E-02   6.71144E-02   3.85630E-02   8.61284E-01 
    3.13077E-02   1.73091E-03   0.00000E+00   9.11906E-01   8.80943E-02  NONE
   8.83000E+02   3.78706E-05   8.43056E-04   9.79902E-01   1.95041E-03 
    6.75317E-03   1.05139E-02   6.71180E-02   3.90734E-02   8.59802E-01 
    3.22727E-02   1.73373E-03   0.00000E+00   9.11818E-01   8.81818E-02  NONE
   8.73000E+02   3.32129E-05   8.01038E-04   9.80025E-01   1.87297E-03 
    6.75330E-03   1.05146E-02   6.71215E-02   3.95779E-02   8.58328E-01 
    3.32360E-02   1.73618E-03   0.00000E+00   9.11740E-01   8.82600E-02  NONE
   8.63000E+02   2.90578E-05   7.59768E-04   9.80147E-01   1.79587E-03 
    6.75343E-03   1.05152E-02   6.71250E-02   4.00756E-02   8.56865E-01 
    3.41962E-02   1.73827E-03   0.00000E+00   9.11670E-01   8.83298E-02  NONE
   8.53000E+02   2.53588E-05   7.19300E-04   9.80267E-01   1.71922E-03 
    6.75355E-03   1.05157E-02   6.71285E-02   4.05659E-02   8.55414E-01 
    3.51520E-02   1.74002E-03   0.00000E+00   9.11608E-01   8.83919E-02  NONE
   8.43000E+02   2.20728E-05   6.79687E-04   9.80385E-01   1.64313E-03 
    6.75366E-03   1.05162E-02   6.71320E-02   4.10476E-02   8.53977E-01 
    3.61021E-02   1.74142E-03   0.00000E+00   9.11553E-01   8.84471E-02  NONE
   8.33000E+02   1.91603E-05   6.40982E-04   9.80502E-01   1.56771E-03 
    6.75378E-03   1.05166E-02   6.71353E-02   4.15201E-02   8.52557E-01 
    3.70450E-02   1.74250E-03   0.00000E+00   9.11504E-01   8.84959E-02  NONE
   8.23000E+02   1.65850E-05   6.03239E-04   9.80616E-01   1.49308E-03 
    6.75389E-03   1.05169E-02   6.71387E-02   4.19824E-02   8.51157E-01 
    3.79791E-02   1.74325E-03   0.00000E+00   9.11461E-01   8.85392E-02  NONE
   8.13000E+02   1.43134E-05   5.66510E-04   9.80729E-01   1.41937E-03 
    6.75401E-03   1.05173E-02   6.71419E-02   4.24338E-02   8.49778E-01 
    3.89027E-02   1.74368E-03   0.00000E+00   9.11423E-01   8.85773E-02  NONE
   8.03000E+02   1.23150E-05   5.30843E-04   9.80838E-01   1.34670E-03 
    6.75413E-03   1.05175E-02   6.71451E-02   4.28734E-02   8.48423E-01 
    3.98143E-02   1.74380E-03   0.00000E+00   9.11389E-01   8.86108E-02  NONE
   7.93000E+02   1.05615E-05   4.96286E-04   9.80946E-01   1.27519E-03 
    6.75426E-03   1.05178E-02   6.71482E-02   4.33006E-02   8.47095E-01 
    4.07123E-02   1.74359E-03   0.00000E+00   9.11360E-01   8.86403E-02  NONE
   7.83000E+02   9.02747E-06   4.62882E-04   9.81051E-01   1.20498E-03 
    6.75440E-03   1.05180E-02   6.71512E-02   4.37146E-02   8.45796E-01 
    4.15949E-02   1.74307E-03   0.00000E+00   9.11334E-01   8.86660E-02  NONE
   7.73000E+02   7.68927E-06   4.30672E-04   9.81153E-01   1.13618E-03 
    6.75454E-03   1.05181E-02   6.71542E-02   4.41148E-02   8.44528E-01 
    4.24604E-02   1.74222E-03   0.00000E+00   9.11312E-01   8.86885E-02  NONE
   7.63000E+02   6.52555E-06   3.99691E-04   9.81252E-01   1.06893E-03 
    6.75471E-03   1.05183E-02   6.71570E-02   4.45005E-02   8.43294E-01 
    4.33073E-02   1.74104E-03   0.00000E+00   9.11292E-01   8.87080E-02  NONE
   7.53000E+02   5.51685E-06   3.69971E-04   9.81348E-01   1.00335E-03 
    6.75489E-03   1.05184E-02   6.71598E-02   4.48714E-02   8.42095E-01 
    4.41339E-02   1.73951E-03   0.00000E+00   9.11275E-01   8.87249E-02  NONE
   7.43000E+02   4.64549E-06   3.41537E-04   9.81441E-01   9.39544E-04 
    6.75508E-03   1.05185E-02   6.71625E-02   4.52269E-02   8.40934E-01 
    4.49388E-02   1.73764E-03   0.00000E+00   9.11260E-01   8.87395E-02  NONE
   7.33000E+02   3.89545E-06   3.14410E-04   9.81530E-01   8.77631E-04 
    6.75530E-03   1.05186E-02   6.71650E-02   4.55667E-02   8.39813E-01 
    4.57203E-02   1.73540E-03   0.00000E+00   9.11248E-01   8.87521E-02  NONE
   7.23000E+02   3.25224E-06   2.88604E-04   9.81616E-01   8.17711E-04 
    6.75554E-03   1.05187E-02   6.71675E-02   4.58904E-02   8.38732E-01 
    4.64772E-02   1.73277E-03   0.00000E+00   9.11237E-01   8.87629E-02  NONE
   7.13000E+02   2.70283E-06   2.64129E-04   9.81699E-01   7.59880E-04 
    6.75581E-03   1.05187E-02   6.71698E-02   4.61980E-02   8.37694E-01 
    4.72083E-02   1.72975E-03   0.00000E+00   9.11228E-01   8.87721E-02  NONE
   7.03000E+02   2.23546E-06   2.40987E-04   9.81778E-01   7.04222E-04 
    6.75610E-03   1.05188E-02   6.71720E-02   4.64893E-02   8.36700E-01 
    4.79123E-02   1.72631E-03   0.00000E+00   9.11220E-01   8.87800E-02  NONE
   6.93000E+02   1.83960E-06   2.19174E-04   9.81853E-01   6.50811E-04 
    6.75642E-03   1.05188E-02   6.71742E-02   4.67641E-02   8.35751E-01 
    4.85882E-02   1.72243E-03   0.00000E+00   9.11213E-01   8.87866E-02  NONE
   6.83000E+02   1.50584E-06   1.98681E-04   9.81924E-01   5.99712E-04 
    6.75678E-03   1.05188E-02   6.71762E-02   4.70227E-02   8.34848E-01 
    4.92352E-02   1.71809E-03   0.00000E+00   9.11208E-01   8.87922E-02  NONE
   6.73000E+02   1.22579E-06   1.79494E-04   9.81992E-01   5.50975E-04 
    6.75717E-03   1.05189E-02   6.71781E-02   4.72651E-02   8.33991E-01 
    4.98526E-02   1.71325E-03   0.00000E+00   9.11203E-01   8.87969E-02  NONE
