
 Phase Region for:
     FCC_A1#2                      
 col-1=T, col-2=W(FCC_A1#2,C), col-3=W(FCC_A1#2,CR), col-4=W(FCC_A1#2,FE),
   col-5=W(FCC_A1#2,MN), col-6=W(FCC_A1#2,NI), col-7=W(FCC_A1#2,SI),
   col-8=NP(FCC_A1#2),
   1.17300E+03   1.70917E-03   9.04535E-03   9.33067E-01   2.24639E-02 
    6.77155E-03   2.69434E-02   1.00000E+00
   1.18300E+03   1.70917E-03   9.04535E-03   9.33067E-01   2.24639E-02 
    6.77155E-03   2.69434E-02   1.00000E+00
   1.19300E+03   1.70917E-03   9.04535E-03   9.33067E-01   2.24639E-02 
    6.77155E-03   2.69434E-02   1.00000E+00
   1.20300E+03   1.70917E-03   9.04535E-03   9.33067E-01   2.24639E-02 
    6.77155E-03   2.69434E-02   1.00000E+00
   1.21300E+03   1.70917E-03   9.04535E-03   9.33067E-01   2.24639E-02 
    6.77155E-03   2.69434E-02   1.00000E+00
   1.22300E+03   1.70917E-03   9.04535E-03   9.33067E-01   2.24639E-02 
    6.77155E-03   2.69434E-02   1.00000E+00
   1.23300E+03   1.70917E-03   9.04535E-03   9.33067E-01   2.24639E-02 
    6.77155E-03   2.69434E-02   1.00000E+00
   1.24300E+03   1.70917E-03   9.04535E-03   9.33067E-01   2.24639E-02 
    6.77155E-03   2.69434E-02   1.00000E+00
   1.25300E+03   1.70917E-03   9.04535E-03   9.33067E-01   2.24639E-02 
    6.77155E-03   2.69434E-02   1.00000E+00
   1.26300E+03   1.70917E-03   9.04535E-03   9.33067E-01   2.24639E-02 
    6.77155E-03   2.69434E-02   1.00000E+00
   1.27300E+03   1.70917E-03   9.04535E-03   9.33067E-01   2.24639E-02 
    6.77155E-03   2.69434E-02   1.00000E+00
   1.28300E+03   1.70917E-03   9.04535E-03   9.33067E-01   2.24639E-02 
    6.77155E-03   2.69434E-02   1.00000E+00
   1.29300E+03   1.70917E-03   9.04535E-03   9.33067E-01   2.24639E-02 
    6.77155E-03   2.69434E-02   1.00000E+00
   1.30300E+03   1.70917E-03   9.04535E-03   9.33067E-01   2.24639E-02 
    6.77155E-03   2.69434E-02   1.00000E+00
   1.31300E+03   1.70917E-03   9.04535E-03   9.33067E-01   2.24639E-02 
    6.77155E-03   2.69434E-02   1.00000E+00
   1.32300E+03   1.70917E-03   9.04535E-03   9.33067E-01   2.24639E-02 
    6.77155E-03   2.69434E-02   1.00000E+00
   1.33300E+03   1.70917E-03   9.04535E-03   9.33067E-01   2.24639E-02 
    6.77155E-03   2.69434E-02   1.00000E+00
   1.34300E+03   1.70917E-03   9.04535E-03   9.33067E-01   2.24639E-02 
    6.77155E-03   2.69434E-02   1.00000E+00
   1.35300E+03   1.70917E-03   9.04535E-03   9.33067E-01   2.24639E-02 
    6.77155E-03   2.69434E-02   1.00000E+00
   1.36300E+03   1.70917E-03   9.04535E-03   9.33067E-01   2.24639E-02 
    6.77155E-03   2.69434E-02   1.00000E+00
   1.37300E+03   1.70917E-03   9.04535E-03   9.33067E-01   2.24639E-02 
    6.77155E-03   2.69434E-02   1.00000E+00
   1.38300E+03   1.70917E-03   9.04535E-03   9.33067E-01   2.24639E-02 
    6.77155E-03   2.69434E-02   1.00000E+00
   1.39300E+03   1.70917E-03   9.04535E-03   9.33067E-01   2.24639E-02 
    6.77155E-03   2.69434E-02   1.00000E+00
   1.40300E+03   1.70917E-03   9.04535E-03   9.33067E-01   2.24639E-02 
    6.77155E-03   2.69434E-02   1.00000E+00
   1.41300E+03   1.70917E-03   9.04535E-03   9.33067E-01   2.24639E-02 
    6.77155E-03   2.69434E-02   1.00000E+00
   1.42300E+03   1.70917E-03   9.04535E-03   9.33067E-01   2.24639E-02 
    6.77155E-03   2.69434E-02   1.00000E+00
   1.43300E+03   1.70917E-03   9.04535E-03   9.33067E-01   2.24639E-02 
    6.77155E-03   2.69434E-02   1.00000E+00
   1.44300E+03   1.70917E-03   9.04535E-03   9.33067E-01   2.24639E-02 
    6.77155E-03   2.69434E-02   1.00000E+00
   1.45300E+03   1.70917E-03   9.04535E-03   9.33067E-01   2.24639E-02 
    6.77155E-03   2.69434E-02   1.00000E+00
   1.46300E+03   1.70917E-03   9.04535E-03   9.33067E-01   2.24639E-02 
    6.77155E-03   2.69434E-02   1.00000E+00
   1.47300E+03   1.70917E-03   9.04535E-03   9.33067E-01   2.24639E-02 
    6.77155E-03   2.69434E-02   1.00000E+00

 Phase Region for:
     FCC_A1#2                      
 col-1=T, col-2=W(FCC_A1#2,C), col-3=W(FCC_A1#2,CR), col-4=W(FCC_A1#2,FE),
   col-5=W(FCC_A1#2,MN), col-6=W(FCC_A1#2,NI), col-7=W(FCC_A1#2,SI),
   col-8=NP(FCC_A1#2),
   1.17300E+03   1.70917E-03   9.04535E-03   9.33067E-01   2.24639E-02 
    6.77155E-03   2.69434E-02   1.00000E+00
   1.16300E+03   1.70917E-03   9.04535E-03   9.33067E-01   2.24639E-02 
    6.77155E-03   2.69434E-02   1.00000E+00
   1.15300E+03   1.70917E-03   9.04535E-03   9.33067E-01   2.24639E-02 
    6.77155E-03   2.69434E-02   1.00000E+00
   1.14300E+03   1.70917E-03   9.04535E-03   9.33067E-01   2.24639E-02 
    6.77155E-03   2.69434E-02   1.00000E+00
   1.13300E+03   1.70917E-03   9.04535E-03   9.33067E-01   2.24639E-02 
    6.77155E-03   2.69434E-02   1.00000E+00
   1.12300E+03   1.70917E-03   9.04535E-03   9.33067E-01   2.24639E-02 
    6.77155E-03   2.69434E-02   1.00000E+00
   1.11665E+03   1.70917E-03   9.04535E-03   9.33067E-01   2.24639E-02 
    6.77155E-03   2.69434E-02   1.00000E+00

 Phase Region for:
     BCC_A2                        
     FCC_A1#2                      
 col-1=T, col-2=W(BCC_A2,C), col-3=W(BCC_A2,CR), col-4=W(BCC_A2,FE),
   col-5=W(BCC_A2,MN), col-6=W(BCC_A2,NI), col-7=W(BCC_A2,SI),
   col-8=W(FCC_A1#2,C), col-9=W(FCC_A1#2,CR), col-10=W(FCC_A1#2,FE),
   col-11=W(FCC_A1#2,MN), col-12=W(FCC_A1#2,NI), col-13=W(FCC_A1#2,SI),
   col-14=NP(BCC_A2), col-15=NP(FCC_A1#2),
   1.11665E+03   7.76255E-05   7.36674E-03   9.46054E-01   1.19139E-02 
    3.48802E-03   3.10999E-02   1.70917E-03   9.04535E-03   9.33067E-01 
    2.24639E-02   6.77155E-03   2.69434E-02   7.62891E-07   9.99999E-01
   1.11300E+03   7.79748E-05   7.37725E-03   9.46037E-01   1.19934E-02 
    3.51482E-03   3.09998E-02   1.75547E-03   9.09269E-03   9.32699E-01 
    2.27611E-02   6.86398E-03   2.68283E-02   2.75432E-02   9.72457E-01
   1.10300E+03   7.89791E-05   7.40548E-03   9.45978E-01   1.22106E-02 
    3.58957E-03   3.07370E-02   1.89108E-03   9.22834E-03   9.31626E-01 
    2.36081E-02   7.12662E-03   2.65201E-02   1.00160E-01   8.99840E-01
   1.09300E+03   8.00375E-05   7.43256E-03   9.45905E-01   1.24253E-02 
    3.66576E-03   3.04913E-02   2.04019E-03   9.37305E-03   9.30458E-01 
    2.45036E-02   7.40262E-03   2.62225E-02   1.68456E-01   8.31544E-01
   1.08300E+03   8.11314E-05   7.45808E-03   9.45820E-01   1.26356E-02 
    3.74286E-03   3.02623E-02   2.20385E-03   9.52764E-03   9.29192E-01 
    2.54502E-02   7.69181E-03   2.59350E-02   2.32409E-01   7.67591E-01
   1.07300E+03   8.22408E-05   7.48170E-03   9.45727E-01   1.28394E-02 
    3.82031E-03   3.00496E-02   2.38312E-03   9.69308E-03   9.27822E-01 
    2.64508E-02   7.99409E-03   2.56567E-02   2.92059E-01   7.07941E-01
   1.06300E+03   8.33448E-05   7.50310E-03   9.45629E-01   1.30345E-02 
    3.89753E-03   2.98526E-02   2.57912E-03   9.87058E-03   9.26345E-01 
    2.75094E-02   8.30938E-03   2.53867E-02   3.47493E-01   6.52507E-01
   1.05300E+03   8.44215E-05   7.52198E-03   9.45530E-01   1.32189E-02 
    3.97396E-03   2.96705E-02   2.79300E-03   1.00616E-02   9.24752E-01 
    2.86310E-02   8.63775E-03   2.51242E-02   3.98844E-01   6.01156E-01
   1.04300E+03   8.54481E-05   7.53807E-03   9.45435E-01   1.33904E-02 
    4.04905E-03   2.95023E-02   3.02593E-03   1.02677E-02   9.23037E-01 
    2.98221E-02   8.97937E-03   2.48682E-02   4.46277E-01   5.53723E-01
   1.03300E+03   8.64021E-05   7.55117E-03   9.45346E-01   1.35471E-02 
    4.12219E-03   2.93473E-02   3.27914E-03   1.04909E-02   9.21187E-01 
    3.10906E-02   9.33471E-03   2.46178E-02   4.89983E-01   5.10017E-01
   1.02300E+03   8.72592E-05   7.56104E-03   9.45268E-01   1.36866E-02 
    4.19281E-03   2.92043E-02   3.55384E-03   1.07335E-02   9.19189E-01 
    3.24467E-02   9.70446E-03   2.43720E-02   5.30166E-01   4.69834E-01
   1.01300E+03   8.79946E-05   7.56745E-03   9.45205E-01   1.38066E-02 
    4.26033E-03   2.90724E-02   3.85126E-03   1.09981E-02   9.17028E-01 
    3.39030E-02   1.00897E-02   2.41303E-02   5.67039E-01   4.32961E-01
   1.00300E+03   8.85826E-05   7.57018E-03   9.45162E-01   1.39044E-02 
    4.32410E-03   2.89507E-02   4.17263E-03   1.12878E-02   9.14680E-01 
    3.54753E-02   1.04919E-02   2.38920E-02   6.00820E-01   3.99180E-01
   9.99985E+02   8.87269E-05   7.57025E-03   9.45154E-01   1.39291E-02 
    4.34249E-03   2.89159E-02   4.27441E-03   1.13805E-02   9.13932E-01 
    3.59749E-02   1.06169E-02   2.38208E-02   6.10431E-01   3.89569E-01

 Phase Region for:
     BCC_A2                        
     CEMENTITE                     
     FCC_A1#2                      
 col-1=T, col-2=W(BCC_A2,C), col-3=W(BCC_A2,CR), col-4=W(BCC_A2,FE),
   col-5=W(BCC_A2,MN), col-6=W(BCC_A2,NI), col-7=W(BCC_A2,SI),
   col-8=W(CEMENTITE,C), col-9=W(CEMENTITE,CR), col-10=W(CEMENTITE,FE),
   col-11=W(CEMENTITE,MN), col-12=W(CEMENTITE,NI), col-13=W(CEMENTITE,SI),
   col-14=W(FCC_A1#2,C), col-15=W(FCC_A1#2,CR), col-16=W(FCC_A1#2,FE),
   col-17=W(FCC_A1#2,MN), col-18=W(FCC_A1#2,NI), col-19=W(FCC_A1#2,SI),
   col-20=NP(BCC_A2), col-21=NP(CEMENTITE), col-22=NP(FCC_A1#2),
   9.99985E+02   8.87268E-05   7.57024E-03   9.45154E-01   1.39291E-02 
    4.34249E-03   2.89159E-02   6.76416E-02   1.37416E-01   7.31758E-01 
    6.24036E-02   7.80377E-04   0.00000E+00   4.27441E-03   1.13805E-02 
    9.13932E-01   3.59749E-02   1.06169E-02   2.38208E-02   6.10432E-01 
    1.14940E-07   3.89568E-01
   9.93000E+02   8.12399E-05   7.20067E-03   9.44623E-01   1.48408E-02 
    4.65475E-03   2.85999E-02   6.76351E-02   1.34705E-01   7.27972E-01 
    6.88485E-02   8.39015E-04   0.00000E+00   4.15081E-03   1.07936E-02 
    9.10480E-01   3.91402E-02   1.17783E-02   2.36567E-02   6.90629E-01 
    7.30630E-03   3.02065E-01
   9.83000E+02   7.10277E-05   6.78231E-03   9.43666E-01   1.61116E-02 
    5.11675E-03   2.82521E-02   6.76339E-02   1.32357E-01   7.20606E-01 
    7.84796E-02   9.24072E-04   0.00000E+00   3.95609E-03   1.01038E-02 
    9.04943E-01   4.38432E-02   1.36379E-02   2.35163E-02   7.83111E-01 
    1.54798E-02   2.01410E-01
   9.73000E+02   6.15008E-05   6.46415E-03   9.42694E-01   1.72124E-02 
    5.56345E-03   2.80046E-02   6.76416E-02   1.31702E-01   7.11038E-01 
    8.86116E-02   1.00690E-03   0.00000E+00   3.74325E-03   9.56468E-03 
    8.98706E-01   4.87762E-02   1.57140E-02   2.34961E-02   8.51378E-01 
    2.12634E-02   1.27358E-01
   9.63000E+02   5.28062E-05   6.21581E-03   9.41716E-01   1.81835E-02 
    5.99847E-03   2.78335E-02   6.76558E-02   1.32260E-01   6.99800E-01 
    9.91958E-02   1.08751E-03   0.00000E+00   3.52101E-03   9.12421E-03 
    8.91871E-01   5.39079E-02   1.80328E-02   2.35433E-02   9.01770E-01 
    2.52868E-02   7.29431E-02
   9.53000E+02   4.50341E-05   6.01475E-03   9.40706E-01   1.90817E-02 
    6.43778E-03   2.77145E-02   6.76743E-02   1.33618E-01   6.87503E-01 
    1.10038E-01   1.16724E-03   0.00000E+00   3.29713E-03   8.74217E-03 
    8.84583E-01   5.91371E-02   2.06395E-02   2.36012E-02   9.39776E-01 
    2.80874E-02   3.21369E-02
   9.43000E+02   3.81688E-05   5.84664E-03   9.39716E-01   1.98895E-02 
    6.87839E-03   2.76310E-02   6.76961E-02   1.35613E-01   6.74404E-01 
    1.21042E-01   1.24572E-03   0.00000E+00   3.07500E-03   8.40064E-03 
    8.76875E-01   6.44316E-02   2.35652E-02   2.36522E-02   9.68111E-01 
    2.99813E-02   1.90796E-03
   9.42251E+02   3.76900E-05   5.83507E-03   9.39644E-01   1.99460E-02 
    6.91137E-03   2.76259E-02   6.76978E-02   1.35785E-01   6.73396E-01 
    1.21870E-01   1.25154E-03   0.00000E+00   3.05851E-03   8.37630E-03 
    8.76282E-01   6.48302E-02   2.37981E-02   2.36553E-02   9.69906E-01 
    3.00939E-02   0.00000E+00

 Phase Region for:
     BCC_A2                        
     CEMENTITE                     
 col-1=T, col-2=W(BCC_A2,C), col-3=W(BCC_A2,CR), col-4=W(BCC_A2,FE),
   col-5=W(BCC_A2,MN), col-6=W(BCC_A2,NI), col-7=W(BCC_A2,SI),
   col-8=W(CEMENTITE,C), col-9=W(CEMENTITE,CR), col-10=W(CEMENTITE,FE),
   col-11=W(CEMENTITE,MN), col-12=W(CEMENTITE,NI), col-13=W(CEMENTITE,SI),
   col-14=NP(BCC_A2), col-15=NP(CEMENTITE),
   9.42251E+02   3.76900E-05   5.83507E-03   9.39644E-01   1.99460E-02 
    6.91137E-03   2.76259E-02   6.76978E-02   1.35785E-01   6.73396E-01 
    1.21870E-01   1.25154E-03   0.00000E+00   9.69906E-01   3.00939E-02  NONE
   9.33000E+02   3.24235E-05   5.72958E-03   9.39917E-01   1.97811E-02 
    6.91181E-03   2.76278E-02   6.77236E-02   1.39589E-01   6.63352E-01 
    1.28086E-01   1.24957E-03   0.00000E+00   9.69814E-01   3.01864E-02  NONE
   9.23000E+02   2.74485E-05   5.61355E-03   9.40218E-01   1.95988E-02 
    6.91223E-03   2.76295E-02   6.77522E-02   1.43816E-01   6.52206E-01 
    1.34980E-01   1.24689E-03   0.00000E+00   9.69726E-01   3.02737E-02  NONE
   9.13000E+02   2.31390E-05   5.49535E-03   9.40526E-01   1.94120E-02 
    6.91261E-03   2.76309E-02   6.77815E-02   1.48163E-01   6.40751E-01 
    1.42061E-01   1.24372E-03   0.00000E+00   9.69651E-01   3.03493E-02  NONE
   9.03000E+02   1.94202E-05   5.37487E-03   9.40840E-01   1.92207E-02 
    6.91295E-03   2.76321E-02   6.78118E-02   1.52634E-01   6.28979E-01 
    1.49335E-01   1.24013E-03   0.00000E+00   9.69585E-01   3.04146E-02  NONE
   8.93000E+02   1.62237E-05   5.25205E-03   9.41161E-01   1.90248E-02 
    6.91325E-03   2.76331E-02   6.78428E-02   1.57228E-01   6.16884E-01 
    1.56809E-01   1.23617E-03   0.00000E+00   9.69529E-01   3.04707E-02  NONE
   8.83000E+02   1.34877E-05   5.12685E-03   9.41488E-01   1.88241E-02 
    6.91352E-03   2.76339E-02   6.78747E-02   1.61945E-01   6.04460E-01 
    1.64488E-01   1.23192E-03   0.00000E+00   9.69481E-01   3.05187E-02  NONE
   8.73000E+02   1.11562E-05   4.99923E-03   9.41823E-01   1.86185E-02 
    6.91376E-03   2.76345E-02   6.79074E-02   1.66786E-01   5.91700E-01 
    1.72379E-01   1.22744E-03   0.00000E+00   9.69440E-01   3.05596E-02  NONE
   8.63000E+02   9.17884E-06   4.86922E-03   9.42165E-01   1.84079E-02 
    6.91397E-03   2.76350E-02   6.79410E-02   1.71748E-01   5.78602E-01 
    1.80486E-01   1.22279E-03   0.00000E+00   9.69406E-01   3.05943E-02  NONE
   8.53000E+02   7.50995E-06   4.73683E-03   9.42514E-01   1.81922E-02 
    6.91416E-03   2.76353E-02   6.79754E-02   1.76828E-01   5.65164E-01 
    1.88815E-01   1.21802E-03   0.00000E+00   9.69376E-01   3.06236E-02  NONE
   8.43000E+02   6.10876E-06   4.60214E-03   9.42871E-01   1.79712E-02 
    6.91433E-03   2.76355E-02   6.80106E-02   1.82023E-01   5.51384E-01 
    1.97370E-01   1.21319E-03   0.00000E+00   9.69352E-01   3.06482E-02  NONE
   8.33000E+02   4.93875E-06   4.46524E-03   9.43235E-01   1.77448E-02 
    6.91447E-03   2.76356E-02   6.80466E-02   1.87327E-01   5.37264E-01 
    2.06154E-01   1.20836E-03   0.00000E+00   9.69331E-01   3.06687E-02  NONE
   8.23000E+02   3.96740E-06   4.32626E-03   9.43607E-01   1.75131E-02 
    6.91460E-03   2.76356E-02   6.80834E-02   1.92734E-01   5.22807E-01 
    2.15172E-01   1.20356E-03   0.00000E+00   9.69314E-01   3.06857E-02  NONE
   8.13000E+02   3.16584E-06   4.18536E-03   9.43985E-01   1.72759E-02 
    6.91470E-03   2.76355E-02   6.81209E-02   1.98236E-01   5.08019E-01 
    2.24425E-01   1.19885E-03   0.00000E+00   9.69300E-01   3.06998E-02  NONE
   8.03000E+02   2.50859E-06   4.04276E-03   9.44371E-01   1.70331E-02 
    6.91479E-03   2.76354E-02   6.81591E-02   2.03824E-01   4.92907E-01 
    2.33915E-01   1.19426E-03   0.00000E+00   9.69289E-01   3.07113E-02  NONE
   7.93000E+02   1.97327E-06   3.89868E-03   9.44764E-01   1.67849E-02 
    6.91487E-03   2.76352E-02   6.81980E-02   2.09488E-01   4.77483E-01 
    2.43641E-01   1.18981E-03   0.00000E+00   9.69279E-01   3.07207E-02  NONE
   7.83000E+02   1.54030E-06   3.75341E-03   9.45164E-01   1.65311E-02 
    6.91493E-03   2.76350E-02   6.82374E-02   2.15216E-01   4.61759E-01 
    2.53602E-01   1.18552E-03   0.00000E+00   9.69272E-01   3.07283E-02  NONE
   7.73000E+02   1.19269E-06   3.60725E-03   9.45570E-01   1.62719E-02 
    6.91498E-03   2.76347E-02   6.82773E-02   2.20994E-01   4.45751E-01 
    2.63795E-01   1.18140E-03   0.00000E+00   9.69266E-01   3.07344E-02  NONE
   7.63000E+02   9.15764E-07   3.46055E-03   9.45982E-01   1.60074E-02 
    6.91502E-03   2.76344E-02   6.83177E-02   2.26809E-01   4.29479E-01 
    2.74217E-01   1.17745E-03   0.00000E+00   9.69261E-01   3.07393E-02  NONE
   7.53000E+02   6.96931E-07   3.31368E-03   9.46399E-01   1.57377E-02 
    6.91505E-03   2.76341E-02   6.83584E-02   2.32643E-01   4.12964E-01 
    2.84861E-01   1.17363E-03   0.00000E+00   9.69257E-01   3.07431E-02  NONE
   7.43000E+02   5.25477E-07   3.16705E-03   9.46821E-01   1.54630E-02 
    6.91507E-03   2.76337E-02   6.83993E-02   2.38481E-01   3.96232E-01 
    2.95718E-01   1.16990E-03   0.00000E+00   9.69254E-01   3.07461E-02  NONE
   7.33000E+02   3.92343E-07   3.02109E-03   9.47247E-01   1.51835E-02 
    6.91509E-03   2.76333E-02   6.84404E-02   2.44305E-01   3.79311E-01 
    3.06778E-01   1.16621E-03   0.00000E+00   9.69252E-01   3.07485E-02  NONE
   7.23000E+02   2.89936E-07   2.87623E-03   9.47676E-01   1.48997E-02 
    6.91510E-03   2.76330E-02   6.84816E-02   2.50096E-01   3.62233E-01 
    3.18027E-01   1.16246E-03   0.00000E+00   9.69250E-01   3.07503E-02  NONE
   7.13000E+02   2.11944E-07   2.73294E-03   9.48107E-01   1.46118E-02 
    6.91512E-03   2.76326E-02   6.85227E-02   2.55836E-01   3.45033E-01 
    3.29450E-01   1.15853E-03   0.00000E+00   9.69248E-01   3.07516E-02  NONE
   7.03000E+02   1.53165E-07   2.59167E-03   9.48540E-01   1.43204E-02 
    6.91515E-03   2.76322E-02   6.85636E-02   2.61504E-01   3.27750E-01 
    3.41027E-01   1.15428E-03   0.00000E+00   9.69247E-01   3.07527E-02  NONE
   6.93000E+02   1.09354E-07   2.45289E-03   9.48974E-01   1.40260E-02 
    6.91518E-03   2.76318E-02   6.86042E-02   2.67083E-01   3.10426E-01 
    3.52737E-01   1.14952E-03   0.00000E+00   9.69247E-01   3.07534E-02  NONE
   6.83000E+02   7.70783E-08   2.31705E-03   9.49407E-01   1.37292E-02 
    6.91524E-03   2.76314E-02   6.86444E-02   2.72554E-01   2.93105E-01 
    3.64553E-01   1.14405E-03   0.00000E+00   9.69246E-01   3.07540E-02  NONE
   6.76453E+02   6.08549E-08   2.22991E-03   9.49690E-01   1.35339E-02 
    6.91529E-03   2.76311E-02   6.86704E-02   2.76068E-01   2.81788E-01 
    3.72333E-01   1.13995E-03   0.00000E+00   9.69246E-01   3.07543E-02  NONE

 Phase Region for:
     BCC_A2                        
     CEMENTITE                     
     FCC_A1#1                      
 col-1=T, col-2=W(BCC_A2,C), col-3=W(BCC_A2,CR), col-4=W(BCC_A2,FE),
   col-5=W(BCC_A2,MN), col-6=W(BCC_A2,NI), col-7=W(BCC_A2,SI),
   col-8=W(CEMENTITE,C), col-9=W(CEMENTITE,CR), col-10=W(CEMENTITE,FE),
   col-11=W(CEMENTITE,MN), col-12=W(CEMENTITE,NI), col-13=W(CEMENTITE,SI),
   col-14=W(FCC_A1#1,C), col-15=W(FCC_A1#1,CR), col-16=W(FCC_A1#1,FE),
   col-17=W(FCC_A1#1,MN), col-18=W(FCC_A1#1,NI), col-19=W(FCC_A1#1,SI),
   col-20=NP(BCC_A2), col-21=NP(CEMENTITE), col-22=NP(FCC_A1#1),
   6.76453E+02   6.08547E-08   2.22991E-03   9.49690E-01   1.35339E-02 
    6.91529E-03   2.76311E-02   6.86704E-02   2.76068E-01   2.81788E-01 
    3.72333E-01   1.13995E-03   0.00000E+00   2.34676E-04   1.73264E-03 
    4.14619E-01   2.77471E-01   2.96333E-01   9.60943E-03   9.69246E-01 
    3.07543E-02   1.27829E-08
   6.73000E+02   5.40676E-08   2.17890E-03   9.50063E-01   1.33374E-02 
    6.78084E-03   2.76393E-02   6.86841E-02   2.78145E-01   2.76753E-01 
    3.75301E-01   1.11621E-03   0.00000E+00   2.27644E-04   1.69395E-03 
    4.09489E-01   2.79968E-01   2.99195E-01   9.42585E-03   9.68812E-01 
    3.07525E-02   4.35801E-04
