
 Phase Region for:
     FCC_A1#1                      
 col-1=T, col-2=W(FCC_A1#1,C), col-3=W(FCC_A1#1,CR), col-4=W(FCC_A1#1,FE),
   col-5=W(FCC_A1#1,MN), col-6=W(FCC_A1#1,NI), col-7=W(FCC_A1#1,SI),
   col-8=NP(FCC_A1#1),
   1.17300E+03   4.13726E-03   2.00649E-02   9.03471E-01   2.68428E-02 
    2.86703E-02   1.68138E-02   1.00000E+00
   1.18300E+03   4.13726E-03   2.00649E-02   9.03471E-01   2.68428E-02 
    2.86703E-02   1.68138E-02   1.00000E+00
   1.19300E+03   4.13726E-03   2.00649E-02   9.03471E-01   2.68428E-02 
    2.86703E-02   1.68138E-02   1.00000E+00
   1.20300E+03   4.13726E-03   2.00649E-02   9.03471E-01   2.68428E-02 
    2.86703E-02   1.68138E-02   1.00000E+00
   1.21300E+03   4.13726E-03   2.00649E-02   9.03471E-01   2.68428E-02 
    2.86703E-02   1.68138E-02   1.00000E+00
   1.22300E+03   4.13726E-03   2.00649E-02   9.03471E-01   2.68428E-02 
    2.86703E-02   1.68138E-02   1.00000E+00
   1.23300E+03   4.13726E-03   2.00649E-02   9.03471E-01   2.68428E-02 
    2.86703E-02   1.68138E-02   1.00000E+00
   1.24300E+03   4.13726E-03   2.00649E-02   9.03471E-01   2.68428E-02 
    2.86703E-02   1.68138E-02   1.00000E+00
   1.25300E+03   4.13726E-03   2.00649E-02   9.03471E-01   2.68428E-02 
    2.86703E-02   1.68138E-02   1.00000E+00
   1.26300E+03   4.13726E-03   2.00649E-02   9.03471E-01   2.68428E-02 
    2.86703E-02   1.68138E-02   1.00000E+00
   1.27300E+03   4.13726E-03   2.00649E-02   9.03471E-01   2.68428E-02 
    2.86703E-02   1.68138E-02   1.00000E+00
   1.28300E+03   4.13726E-03   2.00649E-02   9.03471E-01   2.68428E-02 
    2.86703E-02   1.68138E-02   1.00000E+00
   1.29300E+03   4.13726E-03   2.00649E-02   9.03471E-01   2.68428E-02 
    2.86703E-02   1.68138E-02   1.00000E+00
   1.30300E+03   4.13726E-03   2.00649E-02   9.03471E-01   2.68428E-02 
    2.86703E-02   1.68138E-02   1.00000E+00
   1.31300E+03   4.13726E-03   2.00649E-02   9.03471E-01   2.68428E-02 
    2.86703E-02   1.68138E-02   1.00000E+00
   1.32300E+03   4.13726E-03   2.00649E-02   9.03471E-01   2.68428E-02 
    2.86703E-02   1.68138E-02   1.00000E+00
   1.33300E+03   4.13726E-03   2.00649E-02   9.03471E-01   2.68428E-02 
    2.86703E-02   1.68138E-02   1.00000E+00
   1.34300E+03   4.13726E-03   2.00649E-02   9.03471E-01   2.68428E-02 
    2.86703E-02   1.68138E-02   1.00000E+00
   1.35300E+03   4.13726E-03   2.00649E-02   9.03471E-01   2.68428E-02 
    2.86703E-02   1.68138E-02   1.00000E+00
   1.36300E+03   4.13726E-03   2.00649E-02   9.03471E-01   2.68428E-02 
    2.86703E-02   1.68138E-02   1.00000E+00
   1.37300E+03   4.13726E-03   2.00649E-02   9.03471E-01   2.68428E-02 
    2.86703E-02   1.68138E-02   1.00000E+00
   1.38300E+03   4.13726E-03   2.00649E-02   9.03471E-01   2.68428E-02 
    2.86703E-02   1.68138E-02   1.00000E+00
   1.39300E+03   4.13726E-03   2.00649E-02   9.03471E-01   2.68428E-02 
    2.86703E-02   1.68138E-02   1.00000E+00
   1.40300E+03   4.13726E-03   2.00649E-02   9.03471E-01   2.68428E-02 
    2.86703E-02   1.68138E-02   1.00000E+00
   1.41300E+03   4.13726E-03   2.00649E-02   9.03471E-01   2.68428E-02 
    2.86703E-02   1.68138E-02   1.00000E+00
   1.42300E+03   4.13726E-03   2.00649E-02   9.03471E-01   2.68428E-02 
    2.86703E-02   1.68138E-02   1.00000E+00
   1.43300E+03   4.13726E-03   2.00649E-02   9.03471E-01   2.68428E-02 
    2.86703E-02   1.68138E-02   1.00000E+00
   1.44300E+03   4.13726E-03   2.00649E-02   9.03471E-01   2.68428E-02 
    2.86703E-02   1.68138E-02   1.00000E+00
   1.45300E+03   4.13726E-03   2.00649E-02   9.03471E-01   2.68428E-02 
    2.86703E-02   1.68138E-02   1.00000E+00
   1.46300E+03   4.13726E-03   2.00649E-02   9.03471E-01   2.68428E-02 
    2.86703E-02   1.68138E-02   1.00000E+00
   1.47300E+03   4.13726E-03   2.00649E-02   9.03471E-01   2.68428E-02 
    2.86703E-02   1.68138E-02   1.00000E+00

 Phase Region for:
     FCC_A1#1                      
 col-1=T, col-2=W(FCC_A1#1,C), col-3=W(FCC_A1#1,CR), col-4=W(FCC_A1#1,FE),
   col-5=W(FCC_A1#1,MN), col-6=W(FCC_A1#1,NI), col-7=W(FCC_A1#1,SI),
   col-8=NP(FCC_A1#1),
   1.17300E+03   4.13726E-03   2.00649E-02   9.03471E-01   2.68428E-02 
    2.86703E-02   1.68138E-02   1.00000E+00
   1.16300E+03   4.13726E-03   2.00649E-02   9.03471E-01   2.68428E-02 
    2.86703E-02   1.68138E-02   1.00000E+00
   1.15300E+03   4.13726E-03   2.00649E-02   9.03471E-01   2.68428E-02 
    2.86703E-02   1.68138E-02   1.00000E+00
   1.14300E+03   4.13726E-03   2.00649E-02   9.03471E-01   2.68428E-02 
    2.86703E-02   1.68138E-02   1.00000E+00
   1.13300E+03   4.13726E-03   2.00649E-02   9.03471E-01   2.68428E-02 
    2.86703E-02   1.68138E-02   1.00000E+00
   1.12300E+03   4.13726E-03   2.00649E-02   9.03471E-01   2.68428E-02 
    2.86703E-02   1.68138E-02   1.00000E+00
   1.11300E+03   4.13726E-03   2.00649E-02   9.03471E-01   2.68428E-02 
    2.86703E-02   1.68138E-02   1.00000E+00
   1.10300E+03   4.13726E-03   2.00649E-02   9.03471E-01   2.68428E-02 
    2.86703E-02   1.68138E-02   1.00000E+00
   1.09300E+03   4.13726E-03   2.00649E-02   9.03471E-01   2.68428E-02 
    2.86703E-02   1.68138E-02   1.00000E+00
   1.08300E+03   4.13726E-03   2.00649E-02   9.03471E-01   2.68428E-02 
    2.86703E-02   1.68138E-02   1.00000E+00
   1.07300E+03   4.13726E-03   2.00649E-02   9.03471E-01   2.68428E-02 
    2.86703E-02   1.68138E-02   1.00000E+00
   1.06300E+03   4.13726E-03   2.00649E-02   9.03471E-01   2.68428E-02 
    2.86703E-02   1.68138E-02   1.00000E+00
   1.05300E+03   4.13726E-03   2.00649E-02   9.03471E-01   2.68428E-02 
    2.86703E-02   1.68138E-02   1.00000E+00
   1.04300E+03   4.13726E-03   2.00649E-02   9.03471E-01   2.68428E-02 
    2.86703E-02   1.68138E-02   1.00000E+00
   1.03423E+03   4.13726E-03   2.00649E-02   9.03471E-01   2.68428E-02 
    2.86703E-02   1.68138E-02   1.00000E+00

 Phase Region for:
     CEMENTITE                     
     FCC_A1#1                      
 col-1=T, col-2=W(CEMENTITE,C), col-3=W(CEMENTITE,CR), col-4=W(CEMENTITE,FE),
   col-5=W(CEMENTITE,MN), col-6=W(CEMENTITE,NI), col-7=W(CEMENTITE,SI),
   col-8=W(FCC_A1#1,C), col-9=W(FCC_A1#1,CR), col-10=W(FCC_A1#1,FE),
   col-11=W(FCC_A1#1,MN), col-12=W(FCC_A1#1,NI), col-13=W(FCC_A1#1,SI),
   col-14=NP(CEMENTITE), col-15=NP(FCC_A1#1),
   1.03423E+03   6.80605E-02   2.28100E-01   6.63899E-01   3.80909E-02 
    1.84984E-03   0.00000E+00   4.13726E-03   2.00649E-02   9.03471E-01 
    2.68428E-02   2.86703E-02   1.68138E-02   3.76268E-08   1.00000E+00  NONE
   1.03300E+03   6.80616E-02   2.28306E-01   6.63658E-01   3.81317E-02 
    1.84253E-03   0.00000E+00   4.11317E-03   1.99864E-02   9.03561E-01 
    2.68385E-02   2.86804E-02   1.68201E-02   4.62047E-04   9.99538E-01  NONE
   1.02300E+03   6.80706E-02   2.29997E-01   6.61679E-01   3.84696E-02 
    1.78369E-03   0.00000E+00   3.92058E-03   1.93534E-02   9.04290E-01 
    2.68034E-02   2.87614E-02   1.68708E-02   4.14261E-03   9.95857E-01  NONE
   1.01300E+03   6.80797E-02   2.31719E-01   6.59656E-01   3.88198E-02 
    1.72577E-03   0.00000E+00   3.73368E-03   1.87290E-02   9.05010E-01 
    2.67672E-02   2.88404E-02   1.69199E-02   7.69345E-03   9.92307E-01  NONE
   1.00300E+03   6.80889E-02   2.33471E-01   6.57589E-01   3.91825E-02 
    1.66880E-03   0.00000E+00   3.55242E-03   1.81133E-02   9.05720E-01 
    2.67300E-02   2.89172E-02   1.69676E-02   1.11173E-02   9.88883E-01  NONE
   9.93000E+02   6.80984E-02   2.35253E-01   6.55477E-01   3.95585E-02 
    1.61278E-03   0.00000E+00   3.37677E-03   1.75063E-02   9.06420E-01 
    2.66916E-02   2.89920E-02   1.70137E-02   1.44169E-02   9.85583E-01  NONE
   9.85537E+02   6.81055E-02   2.36603E-01   6.53872E-01   3.98480E-02 
    1.57160E-03   0.00000E+00   3.24932E-03   1.70592E-02   9.06936E-01 
    2.66623E-02   2.90465E-02   1.70472E-02   1.67998E-02   9.83200E-01  NONE

 Phase Region for:
     BCC_A2                        
     CEMENTITE                     
     FCC_A1#1                      
 col-1=T, col-2=W(BCC_A2,C), col-3=W(BCC_A2,CR), col-4=W(BCC_A2,FE),
   col-5=W(BCC_A2,MN), col-6=W(BCC_A2,NI), col-7=W(BCC_A2,SI),
   col-8=W(CEMENTITE,C), col-9=W(CEMENTITE,CR), col-10=W(CEMENTITE,FE),
   col-11=W(CEMENTITE,MN), col-12=W(CEMENTITE,NI), col-13=W(CEMENTITE,SI),
   col-14=W(FCC_A1#1,C), col-15=W(FCC_A1#1,CR), col-16=W(FCC_A1#1,FE),
   col-17=W(FCC_A1#1,MN), col-18=W(FCC_A1#1,NI), col-19=W(FCC_A1#1,SI),
   col-20=NP(BCC_A2), col-21=NP(CEMENTITE), col-22=NP(FCC_A1#1),
   9.85537E+02   6.56875E-05   1.17958E-02   9.48185E-01   8.40027E-03 
    1.11564E-02   2.03970E-02   6.81055E-02   2.36603E-01   6.53872E-01 
    3.98480E-02   1.57160E-03   0.00000E+00   3.24932E-03   1.70591E-02 
    9.06936E-01   2.66623E-02   2.90465E-02   1.70472E-02   1.90453E-06 
    1.67999E-02   9.83198E-01
   9.83000E+02   6.38327E-05   1.15443E-02   9.48288E-01   8.51696E-03 
    1.13689E-02   2.02180E-02   6.80994E-02   2.35070E-01   6.53969E-01 
    4.12533E-02   1.60836E-03   0.00000E+00   3.21803E-03   1.67119E-02 
    9.05585E-01   2.75212E-02   3.00270E-02   1.69367E-02   4.70736E-02 
    2.02234E-02   9.32703E-01
   9.73000E+02   5.66734E-05   1.06756E-02   9.48430E-01   8.98939E-03 
    1.22089E-02   1.96399E-02   6.80812E-02   2.30212E-01   6.52912E-01 
    4.70425E-02   1.75215E-03   0.00000E+00   3.08028E-03   1.54721E-02 
    8.99550E-01   3.11188E-02   3.41746E-02   1.66038E-02   2.09501E-01 
    3.20445E-02   7.58454E-01
   9.63000E+02   4.98718E-05   9.96715E-03   9.48270E-01   9.45851E-03 
    1.30310E-02   1.92234E-02   6.80720E-02   2.27071E-01   6.49825E-01 
    5.31407E-02   1.89041E-03   0.00000E+00   2.92442E-03   1.44067E-02 
    8.92504E-01   3.50122E-02   3.87564E-02   1.63960E-02   3.39393E-01 
    4.14308E-02   6.19176E-01
   9.53000E+02   4.35456E-05   9.37824E-03   9.47938E-01   9.90207E-03 
    1.38144E-02   1.89240E-02   6.80701E-02   2.25374E-01   6.45083E-01 
    5.94530E-02   2.01966E-03   0.00000E+00   2.75674E-03   1.34756E-02 
    8.84575E-01   3.91582E-02   4.37641E-02   1.62708E-02   4.42800E-01 
    4.87754E-02   5.08424E-01
   9.43000E+02   3.77637E-05   8.87688E-03   9.47525E-01   1.03052E-02 
    1.45457E-02   1.87091E-02   6.80743E-02   2.24845E-01   6.39036E-01 
    6.59072E-02   2.13793E-03   0.00000E+00   2.58262E-03   1.26449E-02 
    8.75842E-01   4.35295E-02   4.92053E-02   1.61955E-02   5.25196E-01 
    5.44777E-02   4.20326E-01
   9.33000E+02   3.25537E-05   8.43911E-03   9.47098E-01   1.06586E-02 
    1.52170E-02   1.85549E-02   6.80831E-02   2.25246E-01   6.31977E-01 
    7.24492E-02   2.24427E-03   0.00000E+00   2.40636E-03   1.18886E-02 
    8.66345E-01   4.81118E-02   5.51023E-02   1.61455E-02   5.91106E-01 
    5.88902E-02   3.50004E-01
   9.23000E+02   2.79124E-05   8.04740E-03   9.46700E-01   1.09565E-02 
    1.58235E-02   1.84444E-02   6.80958E-02   2.26385E-01   6.24144E-01 
    7.90374E-02   2.33834E-03   0.00000E+00   2.23117E-03   1.11869E-02 
    8.56087E-01   5.29025E-02   6.14900E-02   1.61023E-02   6.44105E-01 
    6.23025E-02   2.93593E-01
   9.13000E+02   2.38167E-05   7.68906E-03   9.46363E-01   1.11959E-02 
    1.63625E-02   1.83656E-02   6.81114E-02   2.28109E-01   6.15721E-01 
    8.56377E-02   2.42017E-03   0.00000E+00   2.05944E-03   1.05258E-02 
    8.45040E-01   5.79084E-02   6.84147E-02   1.60519E-02   6.86968E-01 
    6.49441E-02   2.48088E-01
   9.03000E+02   2.02309E-05   7.35489E-03   9.46107E-01   1.13753E-02 
    1.68326E-02   1.83099E-02   6.81293E-02   2.30301E-01   6.06858E-01 
    9.22217E-02   2.48994E-03   0.00000E+00   1.89289E-03   9.89514E-03 
    8.33150E-01   6.31456E-02   7.59327E-02   1.59835E-02   7.21833E-01 
    6.69929E-02   2.11174E-01
   8.93000E+02   1.71131E-05   7.03827E-03   9.45946E-01   1.14946E-02 
    1.72331E-02   1.82711E-02   6.81491E-02   2.32868E-01   5.97671E-01 
    9.87641E-02   2.54795E-03   0.00000E+00   1.73277E-03   9.28775E-03 
    8.20343E-01   6.86379E-02   8.41100E-02   1.58885E-02   7.50346E-01 
    6.85858E-02   1.81068E-01
   8.83000E+02   1.44186E-05   6.73439E-03   9.45888E-01   1.15546E-02 
    1.75634E-02   1.82449E-02   6.81703E-02   2.35739E-01   5.88254E-01 
    1.05242E-01   2.59451E-03   0.00000E+00   1.57995E-03   8.69893E-03 
    8.06524E-01   7.44168E-02   9.30205E-02   1.57597E-02   7.73779E-01 
    6.98275E-02   1.56393E-01
   8.73000E+02   1.21026E-05   6.43978E-03   9.45940E-01   1.15566E-02 
    1.78236E-02   1.82281E-02   6.81927E-02   2.38856E-01   5.78688E-01 
    1.11634E-01   2.62995E-03   0.00000E+00   1.43509E-03   8.12577E-03 
    7.91585E-01   8.05195E-02   1.02744E-01   1.55913E-02   7.93123E-01 
    7.07980E-02   1.36079E-01
   8.63000E+02   1.01220E-05   6.15195E-03   9.46103E-01   1.15025E-02 
    1.80139E-02   1.82186E-02   6.82160E-02   2.42174E-01   5.69036E-01 
    1.17919E-01   2.65461E-03   0.00000E+00   1.29865E-03   7.56690E-03 
    7.75411E-01   8.69867E-02   1.13359E-01   1.53782E-02   8.09152E-01 
    7.15583E-02   1.19290E-01
   8.53000E+02   8.43625E-06   5.86916E-03   9.46378E-01   1.13947E-02 
    1.81351E-02   1.82147E-02   6.82400E-02   2.45656E-01   5.59358E-01 
    1.24078E-01   2.66886E-03   0.00000E+00   1.17104E-03   7.02232E-03 
    7.57897E-01   9.38571E-02   1.24936E-01   1.51164E-02   8.22470E-01 
    7.21552E-02   1.05375E-01
   8.43000E+02   7.00780E-06   5.59022E-03   9.46763E-01   1.12359E-02 
    1.81887E-02   1.82152E-02   6.82646E-02   2.49269E-01   5.49703E-01 
    1.30090E-01   2.67317E-03   0.00000E+00   1.05261E-03   6.49334E-03 
    7.38973E-01   1.01159E-01   1.37519E-01   1.48035E-02   8.33554E-01 
    7.26244E-02   9.38220E-02
   8.33000E+02   5.80252E-06   5.31439E-03   9.47255E-01   1.10291E-02 
    1.81770E-02   1.82192E-02   6.82895E-02   2.52987E-01   5.40117E-01 
    1.35939E-01   2.66808E-03   0.00000E+00   9.43694E-04   5.98243E-03 
    7.18637E-01   1.08898E-01   1.51100E-01   1.44392E-02   8.42774E-01 
    7.29932E-02   8.42327E-02
   8.23000E+02   4.78964E-06   5.04127E-03   9.47847E-01   1.07778E-02 
    1.81036E-02   1.82260E-02   6.83146E-02   2.56785E-01   5.30640E-01 
    1.41606E-01   2.65428E-03   0.00000E+00   8.44643E-04   5.49334E-03 
    6.97010E-01   1.17037E-01   1.65589E-01   1.40272E-02   8.50418E-01 
    7.32829E-02   7.62987E-02
   8.13000E+02   3.94171E-06   4.77076E-03   9.48531E-01   1.04861E-02 
    1.79734E-02   1.82348E-02   6.83399E-02   2.60641E-01   5.21308E-01 
    1.47079E-01   2.63260E-03   0.00000E+00   7.55657E-04   5.03010E-03 
    6.74352E-01   1.25489E-01   1.80799E-01   1.35752E-02   8.56717E-01 
    7.35098E-02   6.97731E-02
   8.03000E+02   3.23440E-06   4.50301E-03   9.49298E-01   1.01585E-02 
    1.77922E-02   1.82450E-02   6.83651E-02   2.64533E-01   5.12147E-01 
    1.52350E-01   2.60402E-03   0.00000E+00   6.76742E-04   4.59657E-03 
    6.51071E-01   1.34114E-01   1.96446E-01   1.30953E-02   8.61859E-01 
    7.36872E-02   6.44538E-02
   7.93000E+02   2.64636E-06   4.23840E-03   9.50136E-01   9.80029E-03 
    1.75664E-02   1.82563E-02   6.83901E-02   2.68440E-01   5.03180E-01 
    1.57420E-01   2.56958E-03   0.00000E+00   6.07577E-04   4.19538E-03 
    6.27658E-01   1.42740E-01   2.12196E-01   1.26022E-02   8.66011E-01 
    7.38256E-02   6.01629E-02
   7.83000E+02   2.15901E-06   3.97749E-03   9.51032E-01   9.41697E-03 
    1.73028E-02   1.82681E-02   6.84150E-02   2.72340E-01   4.94418E-01 
    1.62297E-01   2.53033E-03   0.00000E+00   5.47486E-04   3.82737E-03 
    6.04594E-01   1.51196E-01   2.27725E-01   1.21107E-02   8.69330E-01 
    7.39338E-02   5.67360E-02
   7.73000E+02   1.75628E-06   3.72096E-03   9.51975E-01   9.01414E-03 
    1.70080E-02   1.82801E-02   6.84395E-02   2.76211E-01   4.85866E-01 
    1.66996E-01   2.48728E-03   0.00000E+00   4.95522E-04   3.49151E-03 
    5.82261E-01   1.59340E-01   2.42779E-01   1.16328E-02   8.71961E-01 
    7.40189E-02   5.40200E-02
   7.63000E+02   1.42443E-06   3.46956E-03   9.52952E-01   8.59713E-03 
    1.66877E-02   1.82922E-02   6.84636E-02   2.80033E-01   4.77527E-01 
    1.71535E-01   2.44134E-03   0.00000E+00   4.50612E-04   3.18553E-03 
    5.60905E-01   1.67081E-01   2.57202E-01   1.11769E-02   8.74036E-01 
    7.40864E-02   5.18773E-02
   7.53000E+02   1.15177E-06   3.22409E-03   9.53953E-01   8.17071E-03 
    1.63473E-02   1.83043E-02   6.84872E-02   2.83788E-01   4.69400E-01 
    1.75932E-01   2.39328E-03   0.00000E+00   4.11696E-04   2.90650E-03 
    5.40646E-01   1.74368E-01   2.70920E-01   1.07477E-02   8.75670E-01 
    7.41406E-02   5.01896E-02
   7.43000E+02   9.28377E-07   2.98535E-03   9.54967E-01   7.73907E-03 
    1.59911E-02   1.83161E-02   6.85103E-02   2.87456E-01   4.61485E-01 
    1.80205E-01   2.34378E-03   0.00000E+00   3.77808E-04   2.65144E-03 
    5.21511E-01   1.81185E-01   2.83927E-01   1.03473E-02   8.76956E-01 
    7.41847E-02   4.88593E-02
   7.33000E+02   7.45905E-07   2.75409E-03   9.55989E-01   7.30575E-03 
    1.56232E-02   1.83276E-02   6.85327E-02   2.91022E-01   4.53785E-01 
    1.84367E-01   2.29340E-03   0.00000E+00   3.48130E-04   2.41761E-03 
    5.03466E-01   1.87540E-01   2.96252E-01   9.97600E-03   8.77971E-01 
    7.42211E-02   4.78084E-02
   7.23000E+02   5.97313E-07   2.53102E-03   9.57009E-01   6.87382E-03 
    1.52466E-02   1.83387E-02   6.85545E-02   2.94472E-01   4.46301E-01 
    1.88430E-01   2.24258E-03   0.00000E+00   3.21971E-04   2.20260E-03 
    4.86448E-01   1.93447E-01   3.07947E-01   9.63306E-03   8.78773E-01 
    7.42514E-02   4.69755E-02
   7.13000E+02   4.76690E-07   2.31679E-03   9.58023E-01   6.44587E-03 
    1.48641E-02   1.83494E-02   6.85755E-02   2.97794E-01   4.39037E-01 
    1.92402E-01   2.19169E-03   0.00000E+00   2.98769E-04   2.00441E-03 
    4.70379E-01   1.98931E-01   3.19069E-01   9.31729E-03   8.79410E-01 
    7.42771E-02   4.63127E-02
   7.03000E+02   3.79090E-07   2.11198E-03   9.59026E-01   6.02414E-03 
    1.44779E-02   1.83597E-02   6.85957E-02   3.00976E-01   4.31999E-01 
    1.96288E-01   2.14101E-03   0.00000E+00   2.78065E-04   1.82137E-03 
    4.55179E-01   2.04014E-01   3.29680E-01   9.02731E-03   8.79918E-01 
    7.42991E-02   4.57828E-02
   6.93000E+02   3.00382E-07   1.91709E-03   9.60013E-01   5.61056E-03 
    1.40899E-02   1.83694E-02   6.86152E-02   3.04009E-01   4.25191E-01 
    2.00094E-01   2.09075E-03   0.00000E+00   2.59485E-04   1.65213E-03 
    4.40770E-01   2.08720E-01   3.39837E-01   8.76179E-03   8.80325E-01 
    7.43181E-02   4.53569E-02
   6.83000E+02   2.37125E-07   1.73250E-03   9.60980E-01   5.20683E-03 
    1.37017E-02   1.83785E-02   6.86337E-02   3.06886E-01   4.18620E-01 
    2.03819E-01   2.04108E-03   0.00000E+00   2.42721E-04   1.49554E-03 
    4.27082E-01   2.13069E-01   3.49591E-01   8.51948E-03   8.80653E-01 
    7.43347E-02   4.50125E-02
   6.73000E+02   1.86465E-07   1.55854E-03   9.61925E-01   4.81446E-03 
    1.33145E-02   1.83870E-02   6.86513E-02   3.09601E-01   4.12292E-01 
    2.07464E-01   1.99209E-03   0.00000E+00   2.27522E-04   1.35066E-03 
    4.14050E-01   2.17082E-01   3.58991E-01   8.29928E-03   8.80919E-01 
    7.43494E-02   4.47320E-02
