
 Phase Region for:
     FCC_A1#2                      
 col-1=T, col-2=W(FCC_A1#2,C), col-3=W(FCC_A1#2,CR), col-4=W(FCC_A1#2,FE),
   col-5=W(FCC_A1#2,MN), col-6=W(FCC_A1#2,NI), col-7=W(FCC_A1#2,SI),
   col-8=NP(FCC_A1#2),
   1.17300E+03   2.43613E-03   1.83041E-02   9.06370E-01   2.59200E-02 
    1.98798E-02   2.70902E-02   1.00000E+00
   1.18300E+03   2.43613E-03   1.83041E-02   9.06370E-01   2.59200E-02 
    1.98798E-02   2.70902E-02   1.00000E+00
   1.19300E+03   2.43613E-03   1.83041E-02   9.06370E-01   2.59200E-02 
    1.98798E-02   2.70902E-02   1.00000E+00
   1.20300E+03   2.43613E-03   1.83041E-02   9.06370E-01   2.59200E-02 
    1.98798E-02   2.70902E-02   1.00000E+00
   1.21300E+03   2.43613E-03   1.83041E-02   9.06370E-01   2.59200E-02 
    1.98798E-02   2.70902E-02   1.00000E+00
   1.22300E+03   2.43613E-03   1.83041E-02   9.06370E-01   2.59200E-02 
    1.98798E-02   2.70902E-02   1.00000E+00
   1.23300E+03   2.43613E-03   1.83041E-02   9.06370E-01   2.59200E-02 
    1.98798E-02   2.70902E-02   1.00000E+00
   1.24300E+03   2.43613E-03   1.83041E-02   9.06370E-01   2.59200E-02 
    1.98798E-02   2.70902E-02   1.00000E+00
   1.25300E+03   2.43613E-03   1.83041E-02   9.06370E-01   2.59200E-02 
    1.98798E-02   2.70902E-02   1.00000E+00
   1.26300E+03   2.43613E-03   1.83041E-02   9.06370E-01   2.59200E-02 
    1.98798E-02   2.70902E-02   1.00000E+00
   1.27300E+03   2.43613E-03   1.83041E-02   9.06370E-01   2.59200E-02 
    1.98798E-02   2.70902E-02   1.00000E+00
   1.28300E+03   2.43613E-03   1.83041E-02   9.06370E-01   2.59200E-02 
    1.98798E-02   2.70902E-02   1.00000E+00
   1.29300E+03   2.43613E-03   1.83041E-02   9.06370E-01   2.59200E-02 
    1.98798E-02   2.70902E-02   1.00000E+00
   1.30300E+03   2.43613E-03   1.83041E-02   9.06370E-01   2.59200E-02 
    1.98798E-02   2.70902E-02   1.00000E+00
   1.31300E+03   2.43613E-03   1.83041E-02   9.06370E-01   2.59200E-02 
    1.98798E-02   2.70902E-02   1.00000E+00
   1.32300E+03   2.43613E-03   1.83041E-02   9.06370E-01   2.59200E-02 
    1.98798E-02   2.70902E-02   1.00000E+00
   1.33300E+03   2.43613E-03   1.83041E-02   9.06370E-01   2.59200E-02 
    1.98798E-02   2.70902E-02   1.00000E+00
   1.34300E+03   2.43613E-03   1.83041E-02   9.06370E-01   2.59200E-02 
    1.98798E-02   2.70902E-02   1.00000E+00
   1.35300E+03   2.43613E-03   1.83041E-02   9.06370E-01   2.59200E-02 
    1.98798E-02   2.70902E-02   1.00000E+00
   1.36300E+03   2.43613E-03   1.83041E-02   9.06370E-01   2.59200E-02 
    1.98798E-02   2.70902E-02   1.00000E+00
   1.37300E+03   2.43613E-03   1.83041E-02   9.06370E-01   2.59200E-02 
    1.98798E-02   2.70902E-02   1.00000E+00
   1.38300E+03   2.43613E-03   1.83041E-02   9.06370E-01   2.59200E-02 
    1.98798E-02   2.70902E-02   1.00000E+00
   1.39300E+03   2.43613E-03   1.83041E-02   9.06370E-01   2.59200E-02 
    1.98798E-02   2.70902E-02   1.00000E+00
   1.40300E+03   2.43613E-03   1.83041E-02   9.06370E-01   2.59200E-02 
    1.98798E-02   2.70902E-02   1.00000E+00
   1.41300E+03   2.43613E-03   1.83041E-02   9.06370E-01   2.59200E-02 
    1.98798E-02   2.70902E-02   1.00000E+00
   1.42300E+03   2.43613E-03   1.83041E-02   9.06370E-01   2.59200E-02 
    1.98798E-02   2.70902E-02   1.00000E+00
   1.43300E+03   2.43613E-03   1.83041E-02   9.06370E-01   2.59200E-02 
    1.98798E-02   2.70902E-02   1.00000E+00
   1.44300E+03   2.43613E-03   1.83041E-02   9.06370E-01   2.59200E-02 
    1.98798E-02   2.70902E-02   1.00000E+00
   1.45300E+03   2.43613E-03   1.83041E-02   9.06370E-01   2.59200E-02 
    1.98798E-02   2.70902E-02   1.00000E+00
   1.46300E+03   2.43613E-03   1.83041E-02   9.06370E-01   2.59200E-02 
    1.98798E-02   2.70902E-02   1.00000E+00
   1.47300E+03   2.43613E-03   1.83041E-02   9.06370E-01   2.59200E-02 
    1.98798E-02   2.70902E-02   1.00000E+00

 Phase Region for:
     FCC_A1#2                      
 col-1=T, col-2=W(FCC_A1#2,C), col-3=W(FCC_A1#2,CR), col-4=W(FCC_A1#2,FE),
   col-5=W(FCC_A1#2,MN), col-6=W(FCC_A1#2,NI), col-7=W(FCC_A1#2,SI),
   col-8=NP(FCC_A1#2),
   1.17300E+03   2.43613E-03   1.83041E-02   9.06370E-01   2.59200E-02 
    1.98798E-02   2.70902E-02   1.00000E+00
   1.16300E+03   2.43613E-03   1.83041E-02   9.06370E-01   2.59200E-02 
    1.98798E-02   2.70902E-02   1.00000E+00
   1.15300E+03   2.43613E-03   1.83041E-02   9.06370E-01   2.59200E-02 
    1.98798E-02   2.70902E-02   1.00000E+00
   1.14300E+03   2.43613E-03   1.83041E-02   9.06370E-01   2.59200E-02 
    1.98798E-02   2.70902E-02   1.00000E+00
   1.13300E+03   2.43613E-03   1.83041E-02   9.06370E-01   2.59200E-02 
    1.98798E-02   2.70902E-02   1.00000E+00
   1.12300E+03   2.43613E-03   1.83041E-02   9.06370E-01   2.59200E-02 
    1.98798E-02   2.70902E-02   1.00000E+00
   1.11300E+03   2.43613E-03   1.83041E-02   9.06370E-01   2.59200E-02 
    1.98798E-02   2.70902E-02   1.00000E+00
   1.10300E+03   2.43613E-03   1.83041E-02   9.06370E-01   2.59200E-02 
    1.98798E-02   2.70902E-02   1.00000E+00
   1.09300E+03   2.43613E-03   1.83041E-02   9.06370E-01   2.59200E-02 
    1.98798E-02   2.70902E-02   1.00000E+00
   1.08300E+03   2.43613E-03   1.83041E-02   9.06370E-01   2.59200E-02 
    1.98798E-02   2.70902E-02   1.00000E+00
   1.07300E+03   2.43613E-03   1.83041E-02   9.06370E-01   2.59200E-02 
    1.98798E-02   2.70902E-02   1.00000E+00
   1.06300E+03   2.43613E-03   1.83041E-02   9.06370E-01   2.59200E-02 
    1.98798E-02   2.70902E-02   1.00000E+00
   1.05300E+03   2.43613E-03   1.83041E-02   9.06370E-01   2.59200E-02 
    1.98798E-02   2.70902E-02   1.00000E+00
   1.04300E+03   2.43613E-03   1.83041E-02   9.06370E-01   2.59200E-02 
    1.98798E-02   2.70902E-02   1.00000E+00
   1.03806E+03   2.43613E-03   1.83041E-02   9.06370E-01   2.59200E-02 
    1.98798E-02   2.70902E-02   1.00000E+00

 Phase Region for:
     BCC_A2                        
     FCC_A1#2                      
 col-1=T, col-2=W(BCC_A2,C), col-3=W(BCC_A2,CR), col-4=W(BCC_A2,FE),
   col-5=W(BCC_A2,MN), col-6=W(BCC_A2,NI), col-7=W(BCC_A2,SI),
   col-8=W(FCC_A1#2,C), col-9=W(FCC_A1#2,CR), col-10=W(FCC_A1#2,FE),
   col-11=W(FCC_A1#2,MN), col-12=W(FCC_A1#2,NI), col-13=W(FCC_A1#2,SI),
   col-14=NP(BCC_A2), col-15=NP(FCC_A1#2),
   1.03806E+03   6.92619E-05   1.42283E-02   9.33490E-01   1.13699E-02 
    8.87489E-03   3.19672E-02   2.43613E-03   1.83041E-02   9.06370E-01 
    2.59200E-02   1.98798E-02   2.70902E-02   7.49715E-07   9.99999E-01
   1.03300E+03   6.94496E-05   1.42470E-02   9.33471E-01   1.14366E-02 
    8.96523E-03   3.18105E-02   2.52845E-03   1.84624E-02   9.05313E-01 
    2.64850E-02   2.03056E-02   2.69061E-02   3.74004E-02   9.62600E-01
   1.02300E+03   6.98198E-05   1.42809E-02   9.33429E-01   1.15598E-02 
    9.14438E-03   3.15164E-02   2.72382E-03   1.87932E-02   9.03080E-01 
    2.76659E-02   2.11850E-02   2.65521E-02   1.07952E-01   8.92048E-01
   1.01300E+03   7.01746E-05   1.43101E-02   9.33386E-01   1.16689E-02 
    9.32303E-03   3.12419E-02   2.93765E-03   1.91507E-02   9.00643E-01 
    2.89409E-02   2.21176E-02   2.62101E-02   1.74132E-01   8.25868E-01
   1.00300E+03   7.04954E-05   1.43336E-02   9.33350E-01   1.17603E-02 
    9.49924E-03   3.09861E-02   3.17139E-03   1.95382E-02   8.97984E-01 
    3.03210E-02   2.31062E-02   2.58793E-02   2.36012E-01   7.63988E-01
   1.00241E+03   7.05129E-05   1.43348E-02   9.33349E-01   1.17651E-02 
    9.50954E-03   3.09715E-02   3.18588E-03   1.95621E-02   8.97819E-01 
    3.04062E-02   2.31665E-02   2.58601E-02   2.39541E-01   7.60459E-01

 Phase Region for:
     BCC_A2                        
     CEMENTITE                     
     FCC_A1#2                      
 col-1=T, col-2=W(BCC_A2,C), col-3=W(BCC_A2,CR), col-4=W(BCC_A2,FE),
   col-5=W(BCC_A2,MN), col-6=W(BCC_A2,NI), col-7=W(BCC_A2,SI),
   col-8=W(CEMENTITE,C), col-9=W(CEMENTITE,CR), col-10=W(CEMENTITE,FE),
   col-11=W(CEMENTITE,MN), col-12=W(CEMENTITE,NI), col-13=W(CEMENTITE,SI),
   col-14=W(FCC_A1#2,C), col-15=W(FCC_A1#2,CR), col-16=W(FCC_A1#2,FE),
   col-17=W(FCC_A1#2,MN), col-18=W(FCC_A1#2,NI), col-19=W(FCC_A1#2,SI),
   col-20=NP(BCC_A2), col-21=NP(CEMENTITE), col-22=NP(FCC_A1#2),
   1.00241E+03   7.05129E-05   1.43347E-02   9.33349E-01   1.17651E-02 
    9.50955E-03   3.09715E-02   6.81436E-02   2.43314E-01   6.43551E-01 
    4.36313E-02   1.35958E-03   0.00000E+00   3.18587E-03   1.95621E-02 
    8.97819E-01   3.04062E-02   2.31665E-02   2.58601E-02   2.39542E-01 
    1.05227E-07   7.60457E-01
   9.93000E+02   6.27834E-05   1.35588E-02   9.33345E-01   1.24786E-02 
    1.01324E-02   3.04227E-02   6.81376E-02   2.41035E-01   6.40711E-01 
    4.86689E-02   1.44777E-03   0.00000E+00   3.04769E-03   1.84556E-02 
    8.93778E-01   3.34795E-02   2.57713E-02   2.54675E-02   3.63354E-01 
    8.99326E-03   6.27653E-01
   9.83000E+02   5.50620E-05   1.28616E-02   9.33140E-01   1.32031E-02 
    1.07838E-02   2.99569E-02   6.81386E-02   2.40029E-01   6.35974E-01 
    5.43200E-02   1.53827E-03   0.00000E+00   2.88860E-03   1.74262E-02 
    8.88768E-01   3.69558E-02   2.88064E-02   2.51554E-02   4.71848E-01 
    1.67211E-02   5.11430E-01
   9.73000E+02   4.79019E-05   1.22635E-02   9.32906E-01   1.38123E-02 
    1.13867E-02   2.95834E-02   6.81470E-02   2.40444E-01   6.29505E-01 
    6.02813E-02   1.62275E-03   0.00000E+00   2.71936E-03   1.65283E-02 
    8.83027E-01   4.06678E-02   3.21122E-02   2.49451E-02   5.59250E-01 
    2.28050E-02   4.17945E-01
   9.63000E+02   4.13403E-05   1.17418E-02   9.32720E-01   1.42870E-02 
    1.19241E-02   2.92857E-02   6.81622E-02   2.42141E-01   6.21374E-01 
    6.66225E-02   1.70028E-03   0.00000E+00   2.54313E-03   1.57348E-02 
    8.76508E-01   4.46746E-02   3.57180E-02   2.48210E-02   6.29251E-01 
    2.75441E-02   3.43205E-01
   9.53000E+02   3.54377E-05   1.12898E-02   9.32426E-01   1.47484E-02 
    1.24385E-02   2.90614E-02   6.81820E-02   2.44724E-01   6.12096E-01 
    7.32263E-02   1.77156E-03   0.00000E+00   2.36613E-03   1.50062E-02 
    8.69341E-01   4.89026E-02   3.96596E-02   2.47241E-02   6.86321E-01 
    3.12429E-02   2.82436E-01
   9.43000E+02   3.01872E-05   1.08900E-02   9.32087E-01   1.51791E-02 
    1.29218E-02   2.88919E-02   6.82059E-02   2.48058E-01   6.01869E-01 
    8.00309E-02   1.83571E-03   0.00000E+00   2.19107E-03   1.43265E-02 
    8.61565E-01   5.33276E-02   4.39533E-02   2.46364E-02   7.32690E-01 
    3.41068E-02   2.33203E-01
   9.33000E+02   2.55621E-05   1.05285E-02   9.31747E-01   1.55676E-02 
    1.33683E-02   2.87634E-02   6.82331E-02   2.52028E-01   5.90861E-01 
    8.69858E-02   1.89225E-03   0.00000E+00   2.02001E-03   1.36828E-02 
    8.53191E-01   5.79374E-02   4.86252E-02   2.45435E-02   7.70328E-01 
    3.63134E-02   1.93358E-01
   9.23000E+02   2.15231E-05   1.01949E-02   9.31437E-01   1.59064E-02 
    1.37744E-02   2.86655E-02   6.82631E-02   2.56538E-01   5.79210E-01 
    9.40478E-02   1.94100E-03   0.00000E+00   1.85451E-03   1.30651E-02 
    8.44206E-01   6.27296E-02   5.37103E-02   2.44342E-02   8.00881E-01 
    3.80086E-02   1.61110E-01
   9.13000E+02   1.80232E-05   9.88149E-03   9.31182E-01   1.61906E-02 
    1.41371E-02   2.85906E-02   6.82955E-02   2.61515E-01   5.67028E-01 
    1.01179E-01   1.98187E-03   0.00000E+00   1.69569E-03   1.24655E-02 
    8.34576E-01   6.77113E-02   5.92523E-02   2.42995E-02   8.25692E-01 
    3.93085E-02   1.34999E-01
   9.03000E+02   1.50121E-05   9.58220E-03   9.30998E-01   1.64172E-02 
    1.44540E-02   2.85332E-02   6.83300E-02   2.66898E-01   5.54411E-01 
    1.08346E-01   2.01483E-03   0.00000E+00   1.54436E-03   1.18784E-02 
    8.24245E-01   7.28977E-02   6.53030E-02   2.41320E-02   8.45844E-01 
    4.03042E-02   1.13852E-01
   8.93000E+02   1.24386E-05   9.29254E-03   9.30899E-01   1.65846E-02 
    1.47226E-02   2.84893E-02   6.83663E-02   2.72640E-01   5.41436E-01 
    1.15518E-01   2.03989E-03   0.00000E+00   1.40104E-03   1.12994E-02 
    8.13139E-01   7.83125E-02   7.19233E-02   2.39252E-02   8.62207E-01 
    4.10664E-02   9.67270E-02
   8.83000E+02   1.02530E-05   9.00905E-03   9.30892E-01   1.66923E-02 
    1.49408E-02   2.84560E-02   6.84042E-02   2.78703E-01   5.28171E-01 
    1.22665E-01   2.05701E-03   0.00000E+00   1.26609E-03   1.07254E-02 
    8.01164E-01   8.39879E-02   7.91827E-02   2.36736E-02   8.75480E-01 
    4.16500E-02   8.28695E-02
   8.73000E+02   8.40800E-06   8.72914E-03   9.30984E-01   1.67406E-02 
    1.51062E-02   2.84313E-02   6.84435E-02   2.85056E-01   5.14672E-01 
    1.29762E-01   2.06619E-03   0.00000E+00   1.13970E-03   1.01545E-02 
    7.88209E-01   8.99646E-02   8.71602E-02   2.33719E-02   8.86233E-01 
    4.20971E-02   7.16699E-02
   8.63000E+02   6.85974E-06   8.45083E-03   9.31181E-01   1.67305E-02 
    1.52167E-02   2.84137E-02   6.84840E-02   2.91673E-01   5.00991E-01 
    1.36784E-01   2.06740E-03   0.00000E+00   1.02197E-03   9.58554E-03 
    7.74143E-01   9.62918E-02   9.59427E-02   2.30152E-02   8.94926E-01 
    4.24401E-02   6.26341E-02
   8.53000E+02   5.56793E-06   8.17263E-03   9.31486E-01   1.66634E-02 
    1.52704E-02   2.84021E-02   6.85257E-02   2.98532E-01   4.87172E-01 
    1.43709E-01   2.06065E-03   0.00000E+00   9.12921E-04   9.01839E-03 
    7.58822E-01   1.03025E-01   1.05623E-01   2.25986E-02   9.01936E-01 
    4.27038E-02   5.53598E-02
   8.43000E+02   4.49619E-06   7.89347E-03   9.31899E-01   1.65414E-02 
    1.52656E-02   2.83958E-02   6.85684E-02   3.05614E-01   4.73254E-01 
    1.50517E-01   2.04597E-03   0.00000E+00   8.12531E-04   8.45401E-03 
    7.42101E-01   1.10225E-01   1.16290E-01   2.21179E-02   9.07574E-01 
    4.29073E-02   4.95183E-02
   8.33000E+02   3.61204E-06   7.61259E-03   9.32421E-01   1.63668E-02 
    1.52015E-02   2.83943E-02   6.86119E-02   3.12901E-01   4.59275E-01 
    1.57189E-01   2.02350E-03   0.00000E+00   7.20753E-04   7.89462E-03 
    7.23850E-01   1.17946E-01   1.28018E-01   2.15701E-02   9.12093E-01 
    4.30648E-02   4.48420E-02
   8.23000E+02   2.88670E-06   7.32949E-03   9.33050E-01   1.61424E-02 
    1.50783E-02   2.83970E-02   6.86563E-02   3.20374E-01   4.45268E-01 
    1.63709E-01   1.99349E-03   0.00000E+00   6.37531E-04   7.34391E-03 
    7.04000E-01   1.26226E-01   1.40838E-01   2.09549E-02   9.15697E-01 
    4.31873E-02   4.11155E-02
   8.13000E+02   2.29498E-06   7.04392E-03   9.33782E-01   1.58713E-02 
    1.48975E-02   2.84035E-02   6.87013E-02   3.28015E-01   4.31265E-01 
    1.70062E-01   1.95635E-03   0.00000E+00   5.62799E-04   6.80717E-03 
    6.82587E-01   1.35064E-01   1.54703E-01   2.02762E-02   9.18548E-01 
    4.32827E-02   3.81688E-02
   8.03000E+02   1.81495E-06   6.75582E-03   9.34610E-01   1.55567E-02 
    1.46622E-02   2.84135E-02   6.87469E-02   3.35807E-01   4.17296E-01 
    1.76238E-01   1.91268E-03   0.00000E+00   4.96423E-04   6.29082E-03 
    6.59815E-01   1.44397E-01   1.69456E-01   1.95440E-02   9.20773E-01 
    4.33573E-02   3.58699E-02
   7.93000E+02   1.42771E-06   6.46532E-03   9.35527E-01   1.52026E-02 
    1.43774E-02   2.84265E-02   6.87929E-02   3.43728E-01   4.03390E-01 
    1.82226E-01   1.86329E-03   0.00000E+00   4.38193E-04   5.80221E-03 
    6.36095E-01   1.54091E-01   1.84797E-01   1.87757E-02   9.22465E-01 
    4.34156E-02   3.41195E-02
   7.83000E+02   1.11703E-06   6.17277E-03   9.36522E-01   1.48132E-02 
    1.40492E-02   2.84421E-02   6.88393E-02   3.51756E-01   3.89570E-01 
    1.88026E-01   1.80912E-03   0.00000E+00   3.87639E-04   5.34686E-03 
    6.11975E-01   1.63951E-01   2.00347E-01   1.79925E-02   9.23704E-01 
    4.34611E-02   3.28345E-02
   7.73000E+02   8.69166E-07   5.87869E-03   9.37583E-01   1.43936E-02 
    1.36844E-02   2.84599E-02   6.88858E-02   3.59864E-01   3.75855E-01 
    1.93644E-01   1.75117E-03   0.00000E+00   3.44087E-04   4.92797E-03 
    5.88040E-01   1.73766E-01   2.15705E-01   1.72163E-02   9.24561E-01 
    4.34969E-02   3.19423E-02
   7.63000E+02   6.72491E-07   5.58382E-03   9.38697E-01   1.39487E-02 
    1.32902E-02   2.84793E-02   6.89325E-02   3.68025E-01   3.62261E-01 
    1.99091E-01   1.69043E-03   0.00000E+00   3.06694E-04   4.54573E-03 
    5.64784E-01   1.83352E-01   2.30547E-01   1.64646E-02   9.25101E-01 
    4.35251E-02   3.13738E-02
   7.53000E+02   5.17302E-07   5.28899E-03   9.39853E-01   1.34839E-02 
    1.28731E-02   2.85001E-02   6.89791E-02   3.76207E-01   3.48801E-01 
    2.04385E-01   1.62777E-03   0.00000E+00   2.74560E-04   4.19790E-03 
    5.42533E-01   1.92584E-01   2.44662E-01   1.57486E-02   9.25388E-01 
    4.35476E-02   3.10646E-02
   7.43000E+02   3.95543E-07   4.99518E-03   9.41040E-01   1.30036E-02 
    1.24388E-02   2.85220E-02   6.90255E-02   3.84380E-01   3.35486E-01 
    2.09545E-01   1.56396E-03   0.00000E+00   2.46830E-04   3.88093E-03 
    5.21450E-01   2.01396E-01   2.57953E-01   1.50734E-02   9.25477E-01 
    4.35658E-02   3.09569E-02
   7.33000E+02   3.00571E-07   4.70340E-03   9.42247E-01   1.25120E-02 
    1.19923E-02   2.85446E-02   6.90716E-02   3.92509E-01   3.22328E-01 
    2.14591E-01   1.49963E-03   0.00000E+00   2.22757E-04   3.59095E-03 
    5.01573E-01   2.09766E-01   2.70408E-01   1.44398E-02   9.25417E-01 
    4.35808E-02   3.10020E-02
   7.23000E+02   2.26941E-07   4.41470E-03   9.43467E-01   1.20127E-02 
    1.15378E-02   2.85676E-02   6.91172E-02   4.00564E-01   3.09341E-01 
    2.19542E-01   1.43529E-03   0.00000E+00   2.01718E-04   3.32429E-03 
    4.82864E-01   2.17702E-01   2.82061E-01   1.38461E-02   9.25246E-01 
    4.35934E-02   3.11602E-02
   7.13000E+02   1.70214E-07   4.13014E-03   9.44691E-01   1.15087E-02 
    1.10789E-02   2.85910E-02   6.91622E-02   4.08513E-01   2.96541E-01 
    2.24413E-01   1.37135E-03   0.00000E+00   1.83208E-04   3.07779E-03 
    4.65249E-01   2.25225E-01   2.92975E-01   1.32895E-02   9.24996E-01 
    4.36041E-02   3.14002E-02
   7.03000E+02   1.26795E-07   3.85077E-03   9.45914E-01   1.10024E-02 
    1.06185E-02   2.86145E-02   6.92064E-02   4.16324E-01   2.83942E-01 
    2.29220E-01   1.30812E-03   0.00000E+00   1.66820E-04   2.84883E-03 
    4.48637E-01   2.32363E-01   3.03219E-01   1.27666E-02   9.24689E-01 
    4.36134E-02   3.16976E-02
   6.93000E+02   9.37855E-08   3.57761E-03   9.47129E-01   1.04958E-02 
    1.01591E-02   2.86379E-02   6.92497E-02   4.23968E-01   2.71561E-01 
    2.33975E-01   1.24586E-03   0.00000E+00   1.52228E-04   2.63529E-03 
    4.32933E-01   2.39144E-01   3.12861E-01   1.22743E-02   9.24345E-01 
    4.36215E-02   3.20338E-02
   6.83000E+02   6.88636E-08   3.31163E-03   9.48333E-01   9.99095E-03 
    9.70281E-03   2.86612E-02   6.92920E-02   4.31418E-01   2.59415E-01 
    2.38691E-01   1.18475E-03   0.00000E+00   1.39168E-04   2.43548E-03 
    4.18052E-01   2.45598E-01   3.21966E-01   1.18097E-02   9.23977E-01 
    4.36286E-02   3.23940E-02
   6.73000E+02   5.01834E-08   3.05375E-03   9.49521E-01   9.48922E-03 
    9.25141E-03   2.86843E-02   6.93332E-02   4.38646E-01   2.47519E-01 
    2.43377E-01   1.12496E-03   0.00000E+00   1.27426E-04   2.24805E-03 
    4.03912E-01   2.51748E-01   3.30595E-01   1.13703E-02   9.23598E-01 
    4.36351E-02   3.27669E-02
