
 Phase Region for:
     FCC_A1#1                      
 col-1=T, col-2=W(FCC_A1#1,C), col-3=W(FCC_A1#1,CR), col-4=W(FCC_A1#1,FE),
   col-5=W(FCC_A1#1,MN), col-6=W(FCC_A1#1,NI), col-7=W(FCC_A1#1,SI),
   col-8=NP(FCC_A1#1),
   1.17300E+03   6.46322E-03   2.29724E-02   9.21290E-01   2.16136E-02 
    3.48193E-03   2.41787E-02   1.00000E+00
   1.18300E+03   6.46322E-03   2.29724E-02   9.21290E-01   2.16136E-02 
    3.48193E-03   2.41787E-02   1.00000E+00
   1.19300E+03   6.46322E-03   2.29724E-02   9.21290E-01   2.16136E-02 
    3.48193E-03   2.41787E-02   1.00000E+00
   1.20300E+03   6.46322E-03   2.29724E-02   9.21290E-01   2.16136E-02 
    3.48193E-03   2.41787E-02   1.00000E+00
   1.21300E+03   6.46322E-03   2.29724E-02   9.21290E-01   2.16136E-02 
    3.48193E-03   2.41787E-02   1.00000E+00
   1.22300E+03   6.46322E-03   2.29724E-02   9.21290E-01   2.16136E-02 
    3.48193E-03   2.41787E-02   1.00000E+00
   1.23300E+03   6.46322E-03   2.29724E-02   9.21290E-01   2.16136E-02 
    3.48193E-03   2.41787E-02   1.00000E+00
   1.24300E+03   6.46322E-03   2.29724E-02   9.21290E-01   2.16136E-02 
    3.48193E-03   2.41787E-02   1.00000E+00
   1.25300E+03   6.46322E-03   2.29724E-02   9.21290E-01   2.16136E-02 
    3.48193E-03   2.41787E-02   1.00000E+00
   1.26300E+03   6.46322E-03   2.29724E-02   9.21290E-01   2.16136E-02 
    3.48193E-03   2.41787E-02   1.00000E+00
   1.27300E+03   6.46322E-03   2.29724E-02   9.21290E-01   2.16136E-02 
    3.48193E-03   2.41787E-02   1.00000E+00
   1.28300E+03   6.46322E-03   2.29724E-02   9.21290E-01   2.16136E-02 
    3.48193E-03   2.41787E-02   1.00000E+00
   1.29300E+03   6.46322E-03   2.29724E-02   9.21290E-01   2.16136E-02 
    3.48193E-03   2.41787E-02   1.00000E+00
   1.30300E+03   6.46322E-03   2.29724E-02   9.21290E-01   2.16136E-02 
    3.48193E-03   2.41787E-02   1.00000E+00
   1.31300E+03   6.46322E-03   2.29724E-02   9.21290E-01   2.16136E-02 
    3.48193E-03   2.41787E-02   1.00000E+00
   1.32300E+03   6.46322E-03   2.29724E-02   9.21290E-01   2.16136E-02 
    3.48193E-03   2.41787E-02   1.00000E+00
   1.33300E+03   6.46322E-03   2.29724E-02   9.21290E-01   2.16136E-02 
    3.48193E-03   2.41787E-02   1.00000E+00
   1.34300E+03   6.46322E-03   2.29724E-02   9.21290E-01   2.16136E-02 
    3.48193E-03   2.41787E-02   1.00000E+00
   1.35300E+03   6.46322E-03   2.29724E-02   9.21290E-01   2.16136E-02 
    3.48193E-03   2.41787E-02   1.00000E+00
   1.36300E+03   6.46322E-03   2.29724E-02   9.21290E-01   2.16136E-02 
    3.48193E-03   2.41787E-02   1.00000E+00
   1.37300E+03   6.46322E-03   2.29724E-02   9.21290E-01   2.16136E-02 
    3.48193E-03   2.41787E-02   1.00000E+00
   1.38300E+03   6.46322E-03   2.29724E-02   9.21290E-01   2.16136E-02 
    3.48193E-03   2.41787E-02   1.00000E+00
   1.39300E+03   6.46322E-03   2.29724E-02   9.21290E-01   2.16136E-02 
    3.48193E-03   2.41787E-02   1.00000E+00
   1.40300E+03   6.46322E-03   2.29724E-02   9.21290E-01   2.16136E-02 
    3.48193E-03   2.41787E-02   1.00000E+00
   1.41300E+03   6.46322E-03   2.29724E-02   9.21290E-01   2.16136E-02 
    3.48193E-03   2.41787E-02   1.00000E+00
   1.42300E+03   6.46322E-03   2.29724E-02   9.21290E-01   2.16136E-02 
    3.48193E-03   2.41787E-02   1.00000E+00
   1.43300E+03   6.46322E-03   2.29724E-02   9.21290E-01   2.16136E-02 
    3.48193E-03   2.41787E-02   1.00000E+00
   1.44300E+03   6.46322E-03   2.29724E-02   9.21290E-01   2.16136E-02 
    3.48193E-03   2.41787E-02   1.00000E+00
   1.45300E+03   6.46322E-03   2.29724E-02   9.21290E-01   2.16136E-02 
    3.48193E-03   2.41787E-02   1.00000E+00
   1.46300E+03   6.46322E-03   2.29724E-02   9.21290E-01   2.16136E-02 
    3.48193E-03   2.41787E-02   1.00000E+00
   1.47300E+03   6.46322E-03   2.29724E-02   9.21290E-01   2.16136E-02 
    3.48193E-03   2.41787E-02   1.00000E+00

 Phase Region for:
     FCC_A1#1                      
 col-1=T, col-2=W(FCC_A1#1,C), col-3=W(FCC_A1#1,CR), col-4=W(FCC_A1#1,FE),
   col-5=W(FCC_A1#1,MN), col-6=W(FCC_A1#1,NI), col-7=W(FCC_A1#1,SI),
   col-8=NP(FCC_A1#1),
   1.17300E+03   6.46322E-03   2.29724E-02   9.21290E-01   2.16136E-02 
    3.48193E-03   2.41787E-02   1.00000E+00
   1.16300E+03   6.46322E-03   2.29724E-02   9.21290E-01   2.16136E-02 
    3.48193E-03   2.41787E-02   1.00000E+00
   1.15300E+03   6.46322E-03   2.29724E-02   9.21290E-01   2.16136E-02 
    3.48193E-03   2.41787E-02   1.00000E+00
   1.14300E+03   6.46322E-03   2.29724E-02   9.21290E-01   2.16136E-02 
    3.48193E-03   2.41787E-02   1.00000E+00
   1.13300E+03   6.46322E-03   2.29724E-02   9.21290E-01   2.16136E-02 
    3.48193E-03   2.41787E-02   1.00000E+00
   1.12300E+03   6.46322E-03   2.29724E-02   9.21290E-01   2.16136E-02 
    3.48193E-03   2.41787E-02   1.00000E+00
   1.11867E+03   6.46322E-03   2.29724E-02   9.21290E-01   2.16136E-02 
    3.48193E-03   2.41787E-02   1.00000E+00

 Phase Region for:
     CEMENTITE                     
     FCC_A1#1                      
 col-1=T, col-2=W(CEMENTITE,C), col-3=W(CEMENTITE,CR), col-4=W(CEMENTITE,FE),
   col-5=W(CEMENTITE,MN), col-6=W(CEMENTITE,NI), col-7=W(CEMENTITE,SI),
   col-8=W(FCC_A1#1,C), col-9=W(FCC_A1#1,CR), col-10=W(FCC_A1#1,FE),
   col-11=W(FCC_A1#1,MN), col-12=W(FCC_A1#1,NI), col-13=W(FCC_A1#1,SI),
   col-14=NP(CEMENTITE), col-15=NP(FCC_A1#1),
   1.11867E+03   6.77994E-02   1.76048E-01   7.25032E-01   3.07682E-02 
    3.52347E-04   0.00000E+00   6.46322E-03   2.29724E-02   9.21290E-01 
    2.16136E-02   3.48193E-03   2.41787E-02   4.95568E-08   1.00000E+00  NONE
   1.11300E+03   6.78022E-02   1.76581E-01   7.24354E-01   3.09157E-02 
    3.47273E-04   0.00000E+00   6.32082E-03   2.26158E-02   9.21747E-01 
    2.15920E-02   3.48921E-03   2.42348E-02   2.78321E-03   9.97217E-01  NONE
   1.10300E+03   6.78073E-02   1.77533E-01   7.23138E-01   3.11832E-02 
    3.38387E-04   0.00000E+00   6.07404E-03   2.19918E-02   9.22547E-01 
    2.15529E-02   3.50187E-03   2.43321E-02   7.57631E-03   9.92424E-01  NONE
   1.09300E+03   6.78124E-02   1.78500E-01   7.21897E-01   3.14602E-02 
    3.29592E-04   0.00000E+00   5.83302E-03   2.13748E-02   9.23338E-01 
    2.15125E-02   3.51431E-03   2.44271E-02   1.22205E-02   9.87779E-01  NONE
   1.08300E+03   6.78176E-02   1.79482E-01   7.20633E-01   3.17471E-02 
    3.20888E-04   0.00000E+00   5.59774E-03   2.07646E-02   9.24121E-01 
    2.14707E-02   3.52652E-03   2.45198E-02   1.67193E-02   9.83281E-01  NONE
   1.07300E+03   6.78229E-02   1.80477E-01   7.19344E-01   3.20441E-02 
    3.12280E-04   0.00000E+00   5.36819E-03   2.01616E-02   9.24894E-01 
    2.14275E-02   3.53850E-03   2.46102E-02   2.10759E-02   9.78924E-01  NONE
   1.06300E+03   6.78283E-02   1.81486E-01   7.18030E-01   3.23517E-02 
    3.03767E-04   0.00000E+00   5.14433E-03   1.95655E-02   9.25659E-01 
    2.13828E-02   3.55024E-03   2.46984E-02   2.52937E-02   9.74706E-01  NONE
   1.05300E+03   6.78337E-02   1.82509E-01   7.16692E-01   3.26701E-02 
    2.95353E-04   0.00000E+00   4.92614E-03   1.89767E-02   9.26414E-01 
    2.13367E-02   3.56174E-03   2.47843E-02   2.93756E-02   9.70624E-01  NONE
   1.04300E+03   6.78392E-02   1.83544E-01   7.15329E-01   3.30000E-02 
    2.87039E-04   0.00000E+00   4.71360E-03   1.83950E-02   9.27161E-01 
    2.12890E-02   3.57301E-03   2.48680E-02   3.33248E-02   9.66675E-01  NONE
   1.04012E+03   6.78408E-02   1.83845E-01   7.14932E-01   3.30973E-02 
    2.84661E-04   0.00000E+00   4.65337E-03   1.82287E-02   9.27375E-01 
    2.12750E-02   3.57621E-03   2.48917E-02   3.44392E-02   9.65561E-01  NONE

 Phase Region for:
     BCC_A2                        
     CEMENTITE                     
     FCC_A1#1                      
 col-1=T, col-2=W(BCC_A2,C), col-3=W(BCC_A2,CR), col-4=W(BCC_A2,FE),
   col-5=W(BCC_A2,MN), col-6=W(BCC_A2,NI), col-7=W(BCC_A2,SI),
   col-8=W(CEMENTITE,C), col-9=W(CEMENTITE,CR), col-10=W(CEMENTITE,FE),
   col-11=W(CEMENTITE,MN), col-12=W(CEMENTITE,NI), col-13=W(CEMENTITE,SI),
   col-14=W(FCC_A1#1,C), col-15=W(FCC_A1#1,CR), col-16=W(FCC_A1#1,FE),
   col-17=W(FCC_A1#1,MN), col-18=W(FCC_A1#1,NI), col-19=W(FCC_A1#1,SI),
   col-20=NP(BCC_A2), col-21=NP(CEMENTITE), col-22=NP(FCC_A1#1),
   1.04012E+03   1.32246E-04   1.23045E-02   9.45962E-01   9.31361E-03 
    1.72952E-03   3.05586E-02   6.78408E-02   1.83845E-01   7.14932E-01 
    3.30973E-02   2.84661E-04   0.00000E+00   4.65336E-03   1.82287E-02 
    9.27375E-01   2.12750E-02   3.57621E-03   2.48917E-02   2.85826E-06 
    3.44394E-02   9.65558E-01
   1.03300E+03   1.23780E-04   1.14836E-02   9.46705E-01   1.01511E-02 
    1.91548E-03   2.96209E-02   6.78158E-02   1.77802E-01   7.16447E-01 
    3.76186E-02   3.16617E-04   0.00000E+00   4.59238E-03   1.70914E-02 
    9.26444E-01   2.36481E-02   4.06542E-03   2.41589E-02   1.92193E-01 
    5.21901E-02   7.55616E-01
   1.02300E+03   1.11698E-04   1.05318E-02   9.47114E-01   1.14574E-02 
    2.22680E-03   2.85582E-02   6.77899E-02   1.71003E-01   7.15981E-01 
    4.48572E-02   3.69661E-04   0.00000E+00   4.47588E-03   1.57280E-02 
    9.24082E-01   2.74208E-02   4.91831E-03   2.33745E-02   4.22322E-01 
    7.33633E-02   5.04314E-01
   1.01300E+03   9.96737E-05   9.78465E-03   9.46888E-01   1.28584E-02 
    2.60108E-03   2.77679E-02   6.77747E-02   1.66156E-01   7.12684E-01 
    5.29525E-02   4.32646E-04   0.00000E+00   4.32606E-03   1.46113E-02 
    9.20613E-01   3.16034E-02   5.99967E-03   2.28469E-02   6.05964E-01 
    8.99242E-02   3.04112E-01
   1.00300E+03   8.80427E-05   9.19917E-03   9.46189E-01   1.42774E-02 
    3.04339E-03   2.72034E-02   6.77687E-02   1.63051E-01   7.07030E-01 
    6.16437E-02   5.06155E-04   0.00000E+00   4.14925E-03   1.36955E-02 
    9.16218E-01   3.60568E-02   7.35463E-03   2.25257E-02   7.47558E-01 
    1.02197E-01   1.50245E-01
   9.93000E+02   7.70867E-05   8.73344E-03   9.45181E-01   1.56365E-02 
    3.55878E-03   2.68133E-02   6.77702E-02   1.61398E-01   6.99581E-01 
    7.06599E-02   5.90922E-04   0.00000E+00   3.95290E-03   1.29329E-02 
    9.11074E-01   4.06459E-02   9.03672E-03   2.23572E-02   8.53593E-01 
    1.10840E-01   3.55666E-02
   9.89115E+02   7.30559E-05   8.57705E-03   9.44739E-01   1.61329E-02 
    3.77949E-03   2.66988E-02   6.77724E-02   1.61086E-01   6.96318E-01 
    7.41969E-02   6.27031E-04   0.00000E+00   3.87285E-03   1.26688E-02 
    9.08904E-01   4.24409E-02   9.79107E-03   2.23226E-02   8.86622E-01 
    1.13378E-01   0.00000E+00

 Phase Region for:
     BCC_A2                        
     CEMENTITE                     
 col-1=T, col-2=W(BCC_A2,C), col-3=W(BCC_A2,CR), col-4=W(BCC_A2,FE),
   col-5=W(BCC_A2,MN), col-6=W(BCC_A2,NI), col-7=W(BCC_A2,SI),
   col-8=W(CEMENTITE,C), col-9=W(CEMENTITE,CR), col-10=W(CEMENTITE,FE),
   col-11=W(CEMENTITE,MN), col-12=W(CEMENTITE,NI), col-13=W(CEMENTITE,SI),
   col-14=NP(BCC_A2), col-15=NP(CEMENTITE),
   9.89115E+02   7.30559E-05   8.57705E-03   9.44739E-01   1.61329E-02 
    3.77949E-03   2.66988E-02   6.77724E-02   1.61086E-01   6.96318E-01 
    7.41969E-02   6.27031E-04   0.00000E+00   8.86622E-01   1.13378E-01  NONE
   9.83000E+02   6.72945E-05   8.40676E-03   9.45097E-01   1.59484E-02 
    3.77980E-03   2.67007E-02   6.77819E-02   1.62615E-01   6.93050E-01 
    7.59267E-02   6.26206E-04   0.00000E+00   8.86529E-01   1.13471E-01  NONE
   9.73000E+02   5.85610E-05   8.11528E-03   9.45780E-01   1.55626E-02 
    3.77993E-03   2.67034E-02   6.77990E-02   1.65255E-01   6.86755E-01 
    7.95621E-02   6.28097E-04   0.00000E+00   8.86389E-01   1.13611E-01  NONE
   9.63000E+02   5.08384E-05   7.82388E-03   9.46474E-01   1.51657E-02 
    3.77999E-03   2.67058E-02   6.78163E-02   1.67912E-01   6.80335E-01 
    8.33063E-02   6.30121E-04   0.00000E+00   8.86265E-01   1.13735E-01  NONE
   9.53000E+02   4.40408E-05   7.53422E-03   9.47166E-01   1.47677E-02 
    3.78004E-03   2.67077E-02   6.78337E-02   1.70569E-01   6.73902E-01 
    8.70640E-02   6.31896E-04   0.00000E+00   8.86156E-01   1.13844E-01  NONE
   9.43000E+02   3.80686E-05   7.24632E-03   9.47858E-01   1.43684E-02 
    3.78007E-03   2.67094E-02   6.78510E-02   1.73224E-01   6.67456E-01 
    9.08361E-02   6.33459E-04   0.00000E+00   8.86060E-01   1.13940E-01  NONE
   9.33000E+02   3.28319E-05   6.96024E-03   9.48548E-01   1.39680E-02 
    3.78008E-03   2.67107E-02   6.78683E-02   1.75876E-01   6.60998E-01 
    9.46234E-02   6.34842E-04   0.00000E+00   8.85976E-01   1.14024E-01  NONE
   9.23000E+02   2.82495E-05   6.67610E-03   9.49238E-01   1.35662E-02 
    3.78008E-03   2.67118E-02   6.78856E-02   1.78522E-01   6.54529E-01 
    9.84268E-02   6.36078E-04   0.00000E+00   8.85903E-01   1.14097E-01  NONE
   9.13000E+02   2.42482E-05   6.39408E-03   9.49926E-01   1.31631E-02 
    3.78006E-03   2.67127E-02   6.79029E-02   1.81160E-01   6.48053E-01 
    1.02247E-01   6.37196E-04   0.00000E+00   8.85838E-01   1.14162E-01  NONE
   9.03000E+02   2.07622E-05   6.11437E-03   9.50613E-01   1.27588E-02 
    3.78003E-03   2.67133E-02   6.79202E-02   1.83787E-01   6.41571E-01 
    1.06083E-01   6.38225E-04   0.00000E+00   8.85782E-01   1.14218E-01  NONE
   8.93000E+02   1.77322E-05   5.83725E-03   9.51298E-01   1.23532E-02 
    3.77999E-03   2.67138E-02   6.79374E-02   1.86400E-01   6.35088E-01 
    1.09936E-01   6.39192E-04   0.00000E+00   8.85734E-01   1.14266E-01  NONE
   8.83000E+02   1.51049E-05   5.56300E-03   9.51982E-01   1.19463E-02 
    3.77993E-03   2.67141E-02   6.79545E-02   1.88994E-01   6.28607E-01 
    1.13804E-01   6.40123E-04   0.00000E+00   8.85692E-01   1.14308E-01  NONE
   8.73000E+02   1.28325E-05   5.29195E-03   9.52663E-01   1.15384E-02 
    3.77985E-03   2.67143E-02   6.79716E-02   1.91566E-01   6.22134E-01 
    1.17687E-01   6.41041E-04   0.00000E+00   8.85655E-01   1.14345E-01  NONE
   8.63000E+02   1.08721E-05   5.02445E-03   9.53341E-01   1.11295E-02 
    3.77977E-03   2.67144E-02   6.79885E-02   1.94112E-01   6.15675E-01 
    1.21583E-01   6.41970E-04   0.00000E+00   8.85624E-01   1.14376E-01  NONE
   8.53000E+02   9.18542E-06   4.76087E-03   9.54016E-01   1.07199E-02 
    3.77966E-03   2.67144E-02   6.80053E-02   1.96627E-01   6.09235E-01 
    1.25490E-01   6.42931E-04   0.00000E+00   8.85597E-01   1.14403E-01  NONE
   8.43000E+02   7.73822E-06   4.50163E-03   9.54687E-01   1.03099E-02 
    3.77954E-03   2.67143E-02   6.80219E-02   1.99107E-01   6.02822E-01 
    1.29405E-01   6.43944E-04   0.00000E+00   8.85573E-01   1.14427E-01  NONE
   8.33000E+02   6.49999E-06   4.24712E-03   9.55353E-01   9.89962E-03 
    3.77941E-03   2.67141E-02   6.80383E-02   2.01548E-01   5.96444E-01 
    1.33325E-01   6.45027E-04   0.00000E+00   8.85554E-01   1.14446E-01  NONE
   8.23000E+02   5.44363E-06   3.99777E-03   9.56014E-01   9.48962E-03 
    3.77925E-03   2.67138E-02   6.80545E-02   2.03944E-01   5.90109E-01 
    1.37247E-01   6.46199E-04   0.00000E+00   8.85537E-01   1.14463E-01  NONE
   8.13000E+02   4.54509E-06   3.75402E-03   9.56669E-01   9.08026E-03 
    3.77908E-03   2.67135E-02   6.80705E-02   2.06290E-01   5.83827E-01 
    1.41165E-01   6.47474E-04   0.00000E+00   8.85522E-01   1.14478E-01  NONE
   8.03000E+02   3.78311E-06   3.51628E-03   9.57316E-01   8.67206E-03 
    3.77890E-03   2.67132E-02   6.80862E-02   2.08584E-01   5.77606E-01 
    1.45076E-01   6.48867E-04   0.00000E+00   8.85510E-01   1.14490E-01  NONE
   7.93000E+02   3.13892E-06   3.28498E-03   9.57955E-01   8.26555E-03 
    3.77869E-03   2.67128E-02   6.81015E-02   2.10818E-01   5.71457E-01 
    1.48973E-01   6.50392E-04   0.00000E+00   8.85500E-01   1.14500E-01  NONE
   7.83000E+02   2.59604E-06   3.06052E-03   9.58585E-01   7.86137E-03 
    3.77847E-03   2.67124E-02   6.81166E-02   2.12990E-01   5.65391E-01 
    1.52850E-01   6.52059E-04   0.00000E+00   8.85491E-01   1.14509E-01  NONE
   7.73000E+02   2.13999E-06   2.84331E-03   9.59204E-01   7.46018E-03 
    3.77823E-03   2.67119E-02   6.81313E-02   2.15095E-01   5.59418E-01 
    1.56702E-01   6.53877E-04   0.00000E+00   8.85484E-01   1.14516E-01  NONE
   7.63000E+02   1.75814E-06   2.63371E-03   9.59812E-01   7.06271E-03 
    3.77797E-03   2.67115E-02   6.81456E-02   2.17129E-01   5.53550E-01 
    1.60519E-01   6.55855E-04   0.00000E+00   8.85478E-01   1.14522E-01  NONE
   7.53000E+02   1.43948E-06   2.43206E-03   9.60408E-01   6.66975E-03 
    3.77770E-03   2.67111E-02   6.81594E-02   2.19089E-01   5.47798E-01 
    1.64295E-01   6.57999E-04   0.00000E+00   8.85472E-01   1.14528E-01  NONE
   7.43000E+02   1.17444E-06   2.23867E-03   9.60990E-01   6.28213E-03 
    3.77740E-03   2.67106E-02   6.81729E-02   2.20970E-01   5.42174E-01 
    1.68022E-01   6.60311E-04   0.00000E+00   8.85468E-01   1.14532E-01  NONE
   7.33000E+02   9.54753E-07   2.05383E-03   9.61557E-01   5.90071E-03 
    3.77709E-03   2.67102E-02   6.81859E-02   2.22771E-01   5.36689E-01 
    1.71691E-01   6.62794E-04   0.00000E+00   8.85465E-01   1.14535E-01  NONE
   7.23000E+02   7.73296E-07   1.87775E-03   9.62109E-01   5.52638E-03 
    3.77676E-03   2.67097E-02   6.81983E-02   2.24488E-01   5.31355E-01 
    1.75293E-01   6.65448E-04   0.00000E+00   8.85462E-01   1.14538E-01  NONE
   7.13000E+02   6.23947E-07   1.71062E-03   9.62643E-01   5.16007E-03 
    3.77641E-03   2.67093E-02   6.82103E-02   2.26119E-01   5.26183E-01 
    1.78819E-01   6.68269E-04   0.00000E+00   8.85459E-01   1.14541E-01  NONE
   7.03000E+02   5.01468E-07   1.55259E-03   9.63159E-01   4.80271E-03 
    3.77605E-03   2.67089E-02   6.82218E-02   2.27663E-01   5.21184E-01 
    1.82261E-01   6.71252E-04   0.00000E+00   8.85457E-01   1.14543E-01  NONE
   6.93000E+02   4.01394E-07   1.40373E-03   9.63657E-01   4.45520E-03 
    3.77568E-03   2.67085E-02   6.82327E-02   2.29119E-01   5.16367E-01 
    1.85608E-01   6.74390E-04   0.00000E+00   8.85456E-01   1.14544E-01  NONE
   6.83000E+02   3.19937E-07   1.26408E-03   9.64134E-01   4.11847E-03 
    3.77529E-03   2.67081E-02   6.82430E-02   2.30485E-01   5.11742E-01 
    1.88852E-01   6.77672E-04   0.00000E+00   8.85454E-01   1.14546E-01  NONE
   6.73000E+02   2.53890E-07   1.13361E-03   9.64590E-01   3.79338E-03 
    3.77489E-03   2.67077E-02   6.82528E-02   2.31763E-01   5.07318E-01 
    1.91985E-01   6.81087E-04   0.00000E+00   8.85453E-01   1.14547E-01  NONE
