
 Phase Region for:
     FCC_A1#2                      
 col-1=T, col-2=W(FCC_A1#2,C), col-3=W(FCC_A1#2,CR), col-4=W(FCC_A1#2,FE),
   col-5=W(FCC_A1#2,MN), col-6=W(FCC_A1#2,NI), col-7=W(FCC_A1#2,SI),
   col-8=NP(FCC_A1#2),
   1.17300E+03   8.68547E-03   1.79335E-02   9.32438E-01   5.32445E-03 
    1.69924E-02   1.86263E-02   1.00000E+00
   1.18300E+03   8.68547E-03   1.79335E-02   9.32438E-01   5.32445E-03 
    1.69924E-02   1.86263E-02   1.00000E+00
   1.19300E+03   8.68547E-03   1.79335E-02   9.32438E-01   5.32445E-03 
    1.69924E-02   1.86263E-02   1.00000E+00
   1.20300E+03   8.68547E-03   1.79335E-02   9.32438E-01   5.32445E-03 
    1.69924E-02   1.86263E-02   1.00000E+00
   1.21300E+03   8.68547E-03   1.79335E-02   9.32438E-01   5.32445E-03 
    1.69924E-02   1.86263E-02   1.00000E+00
   1.22300E+03   8.68547E-03   1.79335E-02   9.32438E-01   5.32445E-03 
    1.69924E-02   1.86263E-02   1.00000E+00
   1.23300E+03   8.68547E-03   1.79335E-02   9.32438E-01   5.32445E-03 
    1.69924E-02   1.86263E-02   1.00000E+00
   1.24300E+03   8.68547E-03   1.79335E-02   9.32438E-01   5.32445E-03 
    1.69924E-02   1.86263E-02   1.00000E+00
   1.25300E+03   8.68547E-03   1.79335E-02   9.32438E-01   5.32445E-03 
    1.69924E-02   1.86263E-02   1.00000E+00
   1.26300E+03   8.68547E-03   1.79335E-02   9.32438E-01   5.32445E-03 
    1.69924E-02   1.86263E-02   1.00000E+00
   1.27300E+03   8.68547E-03   1.79335E-02   9.32438E-01   5.32445E-03 
    1.69924E-02   1.86263E-02   1.00000E+00
   1.28300E+03   8.68547E-03   1.79335E-02   9.32438E-01   5.32445E-03 
    1.69924E-02   1.86263E-02   1.00000E+00
   1.29300E+03   8.68547E-03   1.79335E-02   9.32438E-01   5.32445E-03 
    1.69924E-02   1.86263E-02   1.00000E+00
   1.30300E+03   8.68547E-03   1.79335E-02   9.32438E-01   5.32445E-03 
    1.69924E-02   1.86263E-02   1.00000E+00
   1.31300E+03   8.68547E-03   1.79335E-02   9.32438E-01   5.32445E-03 
    1.69924E-02   1.86263E-02   1.00000E+00
   1.32300E+03   8.68547E-03   1.79335E-02   9.32438E-01   5.32445E-03 
    1.69924E-02   1.86263E-02   1.00000E+00
   1.33300E+03   8.68547E-03   1.79335E-02   9.32438E-01   5.32445E-03 
    1.69924E-02   1.86263E-02   1.00000E+00
   1.34300E+03   8.68547E-03   1.79335E-02   9.32438E-01   5.32445E-03 
    1.69924E-02   1.86263E-02   1.00000E+00
   1.35300E+03   8.68547E-03   1.79335E-02   9.32438E-01   5.32445E-03 
    1.69924E-02   1.86263E-02   1.00000E+00
   1.36300E+03   8.68547E-03   1.79335E-02   9.32438E-01   5.32445E-03 
    1.69924E-02   1.86263E-02   1.00000E+00
   1.37300E+03   8.68547E-03   1.79335E-02   9.32438E-01   5.32445E-03 
    1.69924E-02   1.86263E-02   1.00000E+00
   1.38300E+03   8.68547E-03   1.79335E-02   9.32438E-01   5.32445E-03 
    1.69924E-02   1.86263E-02   1.00000E+00
   1.39300E+03   8.68547E-03   1.79335E-02   9.32438E-01   5.32445E-03 
    1.69924E-02   1.86263E-02   1.00000E+00
   1.40300E+03   8.68547E-03   1.79335E-02   9.32438E-01   5.32445E-03 
    1.69924E-02   1.86263E-02   1.00000E+00
   1.41300E+03   8.68547E-03   1.79335E-02   9.32438E-01   5.32445E-03 
    1.69924E-02   1.86263E-02   1.00000E+00
   1.42300E+03   8.68547E-03   1.79335E-02   9.32438E-01   5.32445E-03 
    1.69924E-02   1.86263E-02   1.00000E+00
   1.43300E+03   8.68547E-03   1.79335E-02   9.32438E-01   5.32445E-03 
    1.69924E-02   1.86263E-02   1.00000E+00
   1.44300E+03   8.68547E-03   1.79335E-02   9.32438E-01   5.32445E-03 
    1.69924E-02   1.86263E-02   1.00000E+00
   1.45300E+03   8.68547E-03   1.79335E-02   9.32438E-01   5.32445E-03 
    1.69924E-02   1.86263E-02   1.00000E+00
   1.46300E+03   8.68547E-03   1.79335E-02   9.32438E-01   5.32445E-03 
    1.69924E-02   1.86263E-02   1.00000E+00
   1.47300E+03   8.68547E-03   1.79335E-02   9.32438E-01   5.32445E-03 
    1.69924E-02   1.86263E-02   1.00000E+00

 Phase Region for:
     FCC_A1#2                      
 col-1=T, col-2=W(FCC_A1#2,C), col-3=W(FCC_A1#2,CR), col-4=W(FCC_A1#2,FE),
   col-5=W(FCC_A1#2,MN), col-6=W(FCC_A1#2,NI), col-7=W(FCC_A1#2,SI),
   col-8=NP(FCC_A1#2),
   1.17300E+03   8.68547E-03   1.79335E-02   9.32438E-01   5.32445E-03 
    1.69924E-02   1.86263E-02   1.00000E+00
   1.17290E+03   8.68547E-03   1.79335E-02   9.32438E-01   5.32445E-03 
    1.69924E-02   1.86263E-02   1.00000E+00
   1.16541E+03   8.68547E-03   1.79335E-02   9.32438E-01   5.32445E-03 
    1.69924E-02   1.86263E-02   1.00000E+00

 Phase Region for:
     CEMENTITE                     
     FCC_A1#2                      
 col-1=T, col-2=W(CEMENTITE,C), col-3=W(CEMENTITE,CR), col-4=W(CEMENTITE,FE),
   col-5=W(CEMENTITE,MN), col-6=W(CEMENTITE,NI), col-7=W(CEMENTITE,SI),
   col-8=W(FCC_A1#2,C), col-9=W(FCC_A1#2,CR), col-10=W(FCC_A1#2,FE),
   col-11=W(FCC_A1#2,MN), col-12=W(FCC_A1#2,NI), col-13=W(FCC_A1#2,SI),
   col-14=NP(CEMENTITE), col-15=NP(FCC_A1#2),
   1.16541E+03   6.74921E-02   1.20528E-01   8.02208E-01   7.43970E-03 
    2.33295E-03   0.00000E+00   8.68547E-03   1.79335E-02   9.32438E-01 
    5.32445E-03   1.69924E-02   1.86263E-02   5.91211E-08   1.00000E+00
   1.16300E+03   6.74926E-02   1.20627E-01   8.02108E-01   7.45141E-03 
    2.32047E-03   0.00000E+00   8.61546E-03   1.78112E-02   9.32593E-01 
    5.32192E-03   1.70099E-02   1.86485E-02   1.42054E-03   9.98579E-01
   1.15300E+03   6.74949E-02   1.21040E-01   8.01695E-01   7.50108E-03 
    2.26895E-03   0.00000E+00   8.32858E-03   1.73078E-02   9.33231E-01 
    5.31124E-03   1.70817E-02   1.87393E-02   7.20655E-03   9.92793E-01
   1.14300E+03   6.74972E-02   1.21452E-01   8.01280E-01   7.55254E-03 
    2.21782E-03   0.00000E+00   8.04726E-03   1.68101E-02   9.33861E-01 
    5.30027E-03   1.71527E-02   1.88284E-02   1.28262E-02   9.87174E-01
   1.13300E+03   6.74994E-02   1.21863E-01   8.00865E-01   7.60584E-03 
    2.16707E-03   0.00000E+00   7.77147E-03   1.63184E-02   9.34483E-01 
    5.28900E-03   1.72228E-02   1.89158E-02   1.82838E-02   9.81716E-01
   1.12300E+03   6.75017E-02   1.22272E-01   8.00449E-01   7.66103E-03 
    2.11672E-03   0.00000E+00   7.50119E-03   1.58326E-02   9.35096E-01 
    5.27740E-03   1.72919E-02   1.90013E-02   2.35838E-02   9.76416E-01
   1.11300E+03   6.75039E-02   1.22678E-01   8.00033E-01   7.71816E-03 
    2.06679E-03   0.00000E+00   7.23639E-03   1.53529E-02   9.35700E-01 
    5.26548E-03   1.73601E-02   1.90852E-02   2.87302E-02   9.71270E-01
   1.10300E+03   6.75061E-02   1.23083E-01   7.99617E-01   7.77729E-03 
    2.01726E-03   0.00000E+00   6.97704E-03   1.48795E-02   9.36296E-01 
    5.25321E-03   1.74273E-02   1.91673E-02   3.37270E-02   9.66273E-01
   1.09300E+03   6.75084E-02   1.23484E-01   7.99201E-01   7.83847E-03 
    1.96817E-03   0.00000E+00   6.72312E-03   1.44123E-02   9.36883E-01 
    5.24058E-03   1.74936E-02   1.92477E-02   3.85777E-02   9.61422E-01
   1.08300E+03   6.75106E-02   1.23882E-01   7.98787E-01   7.90176E-03 
    1.91951E-03   0.00000E+00   6.47460E-03   1.39516E-02   9.37461E-01 
    5.22758E-03   1.75589E-02   1.93263E-02   4.32862E-02   9.56714E-01
   1.07300E+03   6.75127E-02   1.24276E-01   7.98373E-01   7.96723E-03 
    1.87128E-03   0.00000E+00   6.23147E-03   1.34974E-02   9.38030E-01 
    5.21421E-03   1.76232E-02   1.94033E-02   4.78557E-02   9.52144E-01
   1.06300E+03   6.75149E-02   1.24666E-01   7.97960E-01   8.03495E-03 
    1.82351E-03   0.00000E+00   5.99368E-03   1.30499E-02   9.38591E-01 
    5.20043E-03   1.76865E-02   1.94786E-02   5.22897E-02   9.47710E-01
   1.05300E+03   6.75170E-02   1.25052E-01   7.97549E-01   8.10497E-03 
    1.77620E-03   0.00000E+00   5.76122E-03   1.26091E-02   9.39143E-01 
    5.18624E-03   1.77487E-02   1.95521E-02   5.65914E-02   9.43409E-01
   1.04300E+03   6.75192E-02   1.25434E-01   7.97140E-01   8.17737E-03 
    1.72935E-03   0.00000E+00   5.53407E-03   1.21753E-02   9.39685E-01 
    5.17163E-03   1.78100E-02   1.96240E-02   6.07637E-02   9.39236E-01
   1.03300E+03   6.75213E-02   1.25811E-01   7.96733E-01   8.25224E-03 
    1.68297E-03   0.00000E+00   5.31219E-03   1.17485E-02   9.40218E-01 
    5.15659E-03   1.78701E-02   1.96942E-02   6.48097E-02   9.35190E-01
   1.02926E+03   6.75220E-02   1.25950E-01   7.96581E-01   8.28084E-03 
    1.66577E-03   0.00000E+00   5.23066E-03   1.15909E-02   9.40415E-01 
    5.15085E-03   1.78924E-02   1.97200E-02   6.62892E-02   9.33711E-01

 Phase Region for:
     BCC_A2                        
     CEMENTITE                     
     FCC_A1#2                      
 col-1=T, col-2=W(BCC_A2,C), col-3=W(BCC_A2,CR), col-4=W(BCC_A2,FE),
   col-5=W(BCC_A2,MN), col-6=W(BCC_A2,NI), col-7=W(BCC_A2,SI),
   col-8=W(CEMENTITE,C), col-9=W(CEMENTITE,CR), col-10=W(CEMENTITE,FE),
   col-11=W(CEMENTITE,MN), col-12=W(CEMENTITE,NI), col-13=W(CEMENTITE,SI),
   col-14=W(FCC_A1#2,C), col-15=W(FCC_A1#2,CR), col-16=W(FCC_A1#2,FE),
   col-17=W(FCC_A1#2,MN), col-18=W(FCC_A1#2,NI), col-19=W(FCC_A1#2,SI),
   col-20=NP(BCC_A2), col-21=NP(CEMENTITE), col-22=NP(FCC_A1#2),
   1.02926E+03   1.46783E-04   7.21905E-03   9.56490E-01   1.88629E-03 
    8.72665E-03   2.55308E-02   6.75220E-02   1.25950E-01   7.96581E-01 
    8.28086E-03   1.66578E-03   0.00000E+00   5.23066E-03   1.15909E-02 
    9.40415E-01   5.15086E-03   1.78924E-02   1.97200E-02   3.05093E-06 
    6.62895E-02   9.33707E-01
   1.02300E+03   1.39337E-04   6.69799E-03   9.56896E-01   2.03458E-03 
    9.66832E-03   2.45634E-02   6.74998E-02   1.21355E-01   7.99943E-01 
    9.34057E-03   1.86167E-03   0.00000E+00   5.15987E-03   1.07992E-02 
    9.39097E-01   5.75081E-03   2.02467E-02   1.89465E-02   1.79126E-01 
    8.52437E-02   7.35630E-01
   1.01300E+03   1.27095E-04   6.03076E-03   9.56825E-01   2.28871E-03 
    1.13776E-02   2.33511E-02   6.74732E-02   1.15796E-01   8.03272E-01 
    1.12412E-02   2.21755E-03   0.00000E+00   5.00534E-03   9.75187E-03 
    9.35629E-01   6.86057E-03   2.47264E-02   1.80271E-02   4.13192E-01 
    1.09925E-01   4.76883E-01
   1.00300E+03   1.14780E-04   5.52570E-03   9.56062E-01   2.54225E-03 
    1.32556E-02   2.24998E-02   6.74565E-02   1.12216E-01   8.04377E-01 
    1.33394E-02   2.61095E-03   0.00000E+00   4.80578E-03   8.92768E-03 
    9.30630E-01   8.14095E-03   3.00397E-02   1.74563E-02   5.86255E-01 
    1.27805E-01   2.85940E-01
   9.93000E+02   1.02834E-04   5.13165E-03   9.54872E-01   2.76768E-03 
    1.51982E-02   2.19273E-02   6.74478E-02   1.10209E-01   8.03701E-01 
    1.56146E-02   3.02767E-03   0.00000E+00   4.57086E-03   8.26722E-03 
    9.24226E-01   9.60271E-03   3.61561E-02   1.71770E-02   7.08959E-01 
    1.39980E-01   1.51061E-01
   9.83000E+02   9.15353E-05   4.82094E-03   9.53384E-01   2.97910E-03 
    1.71599E-02   2.15646E-02   6.74445E-02   1.09291E-01   8.01845E-01 
    1.79715E-02   3.44762E-03   0.00000E+00   4.31584E-03   7.71361E-03 
    9.16769E-01   1.11983E-02   4.29346E-02   1.70682E-02   7.93814E-01 
    1.47881E-01   5.83049E-02
   9.73813E+02   8.18961E-05   4.58327E-03   9.51909E-01   3.15201E-03 
    1.89205E-02   2.13536E-02   6.74448E-02   1.09111E-01   7.99459E-01 
    2.01614E-02   3.82411E-03   0.00000E+00   4.07247E-03   7.26747E-03 
    9.09178E-01   1.27614E-02   4.96584E-02   1.70623E-02   8.47522E-01 
    1.52478E-01   0.00000E+00

 Phase Region for:
     BCC_A2                        
     CEMENTITE                     
 col-1=T, col-2=W(BCC_A2,C), col-3=W(BCC_A2,CR), col-4=W(BCC_A2,FE),
   col-5=W(BCC_A2,MN), col-6=W(BCC_A2,NI), col-7=W(BCC_A2,SI),
   col-8=W(CEMENTITE,C), col-9=W(CEMENTITE,CR), col-10=W(CEMENTITE,FE),
   col-11=W(CEMENTITE,MN), col-12=W(CEMENTITE,NI), col-13=W(CEMENTITE,SI),
   col-14=NP(BCC_A2), col-15=NP(CEMENTITE),
   9.73813E+02   8.18961E-05   4.58327E-03   9.51909E-01   3.15201E-03 
    1.89205E-02   2.13536E-02   6.74448E-02   1.09111E-01   7.99459E-01 
    2.01614E-02   3.82411E-03   0.00000E+00   8.47522E-01   1.52478E-01  NONE
   9.73000E+02   8.11046E-05   4.56737E-03   9.51934E-01   3.14299E-03 
    1.89205E-02   2.13538E-02   6.74453E-02   1.09212E-01   7.99296E-01 
    2.02218E-02   3.82492E-03   0.00000E+00   8.47510E-01   1.52490E-01  NONE
   9.63000E+02   7.19094E-05   4.37340E-03   9.52245E-01   3.03251E-03 
    1.89210E-02   2.13564E-02   6.74523E-02   1.10448E-01   7.97304E-01 
    2.09614E-02   3.83404E-03   0.00000E+00   8.47368E-01   1.52632E-01  NONE
   9.53000E+02   6.36518E-05   4.18246E-03   9.52551E-01   2.92298E-03 
    1.89216E-02   2.13587E-02   6.74591E-02   1.11672E-01   7.95332E-01 
    2.16949E-02   3.84156E-03   0.00000E+00   8.47240E-01   1.52760E-01  NONE
   9.43000E+02   5.62457E-05   3.99463E-03   9.52852E-01   2.81444E-03 
    1.89221E-02   2.13607E-02   6.74659E-02   1.12882E-01   7.93382E-01 
    2.24221E-02   3.84760E-03   0.00000E+00   8.47126E-01   1.52874E-01  NONE
   9.33000E+02   4.96124E-05   3.81002E-03   9.53148E-01   2.70695E-03 
    1.89227E-02   2.13625E-02   6.74726E-02   1.14077E-01   7.91456E-01 
    2.31427E-02   3.85226E-03   0.00000E+00   8.47023E-01   1.52977E-01  NONE
   9.23000E+02   4.36798E-05   3.62876E-03   9.53440E-01   2.60057E-03 
    1.89233E-02   2.13641E-02   6.74792E-02   1.15255E-01   7.89554E-01 
    2.38562E-02   3.85564E-03   0.00000E+00   8.46932E-01   1.53068E-01  NONE
   9.13000E+02   3.83819E-05   3.45098E-03   9.53726E-01   2.49536E-03 
    1.89240E-02   2.13655E-02   6.74857E-02   1.16415E-01   7.87679E-01 
    2.45623E-02   3.85782E-03   0.00000E+00   8.46850E-01   1.53150E-01  NONE
   9.03000E+02   3.36585E-05   3.27684E-03   9.54007E-01   2.39140E-03 
    1.89246E-02   2.13667E-02   6.74921E-02   1.17555E-01   7.85833E-01 
    2.52605E-02   3.85888E-03   0.00000E+00   8.46777E-01   1.53223E-01  NONE
   8.93000E+02   2.94544E-05   3.10647E-03   9.54282E-01   2.28875E-03 
    1.89254E-02   2.13677E-02   6.74985E-02   1.18675E-01   7.84017E-01 
    2.59504E-02   3.85888E-03   0.00000E+00   8.46712E-01   1.53288E-01  NONE
   8.83000E+02   2.57190E-05   2.94004E-03   9.54552E-01   2.18752E-03 
    1.89262E-02   2.13686E-02   6.75046E-02   1.19773E-01   7.82233E-01 
    2.66313E-02   3.85789E-03   0.00000E+00   8.46654E-01   1.53346E-01  NONE
   8.73000E+02   2.24064E-05   2.77770E-03   9.54816E-01   2.08777E-03 
    1.89270E-02   2.13694E-02   6.75107E-02   1.20847E-01   7.80484E-01 
    2.73027E-02   3.85595E-03   0.00000E+00   8.46603E-01   1.53397E-01  NONE
   8.63000E+02   1.94743E-05   2.61960E-03   9.55073E-01   1.98960E-03 
    1.89279E-02   2.13700E-02   6.75167E-02   1.21896E-01   7.78771E-01 
    2.79639E-02   3.85312E-03   0.00000E+00   8.46558E-01   1.53442E-01  NONE
   8.53000E+02   1.68842E-05   2.46590E-03   9.55325E-01   1.89311E-03 
    1.89288E-02   2.13706E-02   6.75225E-02   1.22918E-01   7.77096E-01 
    2.86143E-02   3.84943E-03   0.00000E+00   8.46518E-01   1.53482E-01  NONE
   8.43000E+02   1.46012E-05   2.31675E-03   9.55569E-01   1.79840E-03 
    1.89298E-02   2.13710E-02   6.75281E-02   1.23913E-01   7.75461E-01 
    2.92531E-02   3.84492E-03   0.00000E+00   8.46483E-01   1.53517E-01  NONE
   8.33000E+02   1.25932E-05   2.17229E-03   9.55807E-01   1.70557E-03 
    1.89308E-02   2.13714E-02   6.75336E-02   1.24878E-01   7.73869E-01 
    2.98797E-02   3.83961E-03   0.00000E+00   8.46452E-01   1.53548E-01  NONE
   8.23000E+02   1.08312E-05   2.03263E-03   9.56038E-01   1.61471E-03 
    1.89319E-02   2.13717E-02   6.75389E-02   1.25814E-01   7.72321E-01 
    3.04933E-02   3.83351E-03   0.00000E+00   8.46425E-01   1.53575E-01  NONE
   8.13000E+02   9.28877E-06   1.89791E-03   9.56262E-01   1.52595E-03 
    1.89331E-02   2.13719E-02   6.75441E-02   1.26718E-01   7.70818E-01 
    3.10932E-02   3.82664E-03   0.00000E+00   8.46401E-01   1.53599E-01  NONE
   8.03000E+02   7.94198E-06   1.76822E-03   9.56478E-01   1.43937E-03 
    1.89344E-02   2.13721E-02   6.75491E-02   1.27590E-01   7.69363E-01 
    3.16787E-02   3.81901E-03   0.00000E+00   8.46380E-01   1.53620E-01  NONE
   7.93000E+02   6.76907E-06   1.64365E-03   9.56686E-01   1.35508E-03 
    1.89357E-02   2.13723E-02   6.75539E-02   1.28429E-01   7.67957E-01 
    3.22490E-02   3.81061E-03   0.00000E+00   8.46362E-01   1.53638E-01  NONE
   7.83000E+02   5.75042E-06   1.52429E-03   9.56887E-01   1.27318E-03 
    1.89372E-02   2.13724E-02   6.75585E-02   1.29234E-01   7.66602E-01 
    3.28035E-02   3.80144E-03   0.00000E+00   8.46346E-01   1.53654E-01  NONE
   7.73000E+02   4.86828E-06   1.41017E-03   9.57080E-01   1.19375E-03 
    1.89387E-02   2.13725E-02   6.75630E-02   1.30006E-01   7.65298E-01 
    3.33415E-02   3.79149E-03   0.00000E+00   8.46333E-01   1.53667E-01  NONE
   7.63000E+02   4.10665E-06   1.30134E-03   9.57265E-01   1.11689E-03 
    1.89403E-02   2.13725E-02   6.75672E-02   1.30742E-01   7.64048E-01 
    3.38624E-02   3.78075E-03   0.00000E+00   8.46321E-01   1.53679E-01  NONE
   7.53000E+02   3.45114E-06   1.19782E-03   9.57442E-01   1.04267E-03 
    1.89420E-02   2.13725E-02   6.75713E-02   1.31443E-01   7.62850E-01 
    3.43657E-02   3.76917E-03   0.00000E+00   8.46311E-01   1.53689E-01  NONE
   7.43000E+02   2.88884E-06   1.09960E-03   9.57610E-01   9.71162E-04 
    1.89438E-02   2.13725E-02   6.75752E-02   1.32110E-01   7.61708E-01 
    3.48507E-02   3.75675E-03   0.00000E+00   8.46302E-01   1.53698E-01  NONE
   7.33000E+02   2.40817E-06   1.00667E-03   9.57770E-01   9.02433E-04 
    1.89458E-02   2.13725E-02   6.75789E-02   1.32741E-01   7.60620E-01 
    3.53171E-02   3.74345E-03   0.00000E+00   8.46295E-01   1.53705E-01  NONE
   7.23000E+02   1.99878E-06   9.18984E-04   9.57922E-01   8.36532E-04 
    1.89479E-02   2.13725E-02   6.75824E-02   1.33337E-01   7.59587E-01 
    3.57644E-02   3.72922E-03   0.00000E+00   8.46288E-01   1.53712E-01  NONE
   7.13000E+02   1.65144E-06   8.36479E-04   9.58066E-01   7.73501E-04 
    1.89501E-02   2.13724E-02   6.75857E-02   1.33898E-01   7.58609E-01 
    3.61924E-02   3.71403E-03   0.00000E+00   8.46283E-01   1.53717E-01  NONE
   7.03000E+02   1.35794E-06   7.59079E-04   9.58201E-01   7.13372E-04 
    1.89524E-02   2.13724E-02   6.75888E-02   1.34426E-01   7.57687E-01 
    3.66009E-02   3.69782E-03   0.00000E+00   8.46278E-01   1.53722E-01  NONE
   6.93000E+02   1.11098E-06   6.86687E-04   9.58329E-01   6.56162E-04 
    1.89549E-02   2.13723E-02   6.75917E-02   1.34919E-01   7.56819E-01 
    3.69896E-02   3.68056E-03   0.00000E+00   8.46275E-01   1.53725E-01  NONE
   6.83000E+02   9.04137E-07   6.19190E-04   9.58448E-01   6.01880E-04 
    1.89576E-02   2.13723E-02   6.75945E-02   1.35380E-01   7.56005E-01 
    3.73585E-02   3.66217E-03   0.00000E+00   8.46271E-01   1.53729E-01  NONE
   6.73000E+02   7.31707E-07   5.56459E-04   9.58560E-01   5.50521E-04 
    1.89604E-02   2.13722E-02   6.75971E-02   1.35808E-01   7.55245E-01 
    3.77077E-02   3.64260E-03   0.00000E+00   8.46269E-01   1.53731E-01  NONE
