
 Phase Region for:
     FCC_A1#2                      
 col-1=T, col-2=W(FCC_A1#2,C), col-3=W(FCC_A1#2,CR), col-4=W(FCC_A1#2,FE),
   col-5=W(FCC_A1#2,MN), col-6=W(FCC_A1#2,NI), col-7=W(FCC_A1#2,SI),
   col-8=NP(FCC_A1#2),
   1.17300E+03   2.59114E-03   2.13834E-02   9.49104E-01   6.68275E-03 
    1.76485E-03   1.84739E-02   1.00000E+00
   1.18300E+03   2.59114E-03   2.13834E-02   9.49104E-01   6.68275E-03 
    1.76485E-03   1.84739E-02   1.00000E+00
   1.19300E+03   2.59114E-03   2.13834E-02   9.49104E-01   6.68275E-03 
    1.76485E-03   1.84739E-02   1.00000E+00
   1.20300E+03   2.59114E-03   2.13834E-02   9.49104E-01   6.68275E-03 
    1.76485E-03   1.84739E-02   1.00000E+00
   1.21300E+03   2.59114E-03   2.13834E-02   9.49104E-01   6.68275E-03 
    1.76485E-03   1.84739E-02   1.00000E+00
   1.22300E+03   2.59114E-03   2.13834E-02   9.49104E-01   6.68275E-03 
    1.76485E-03   1.84739E-02   1.00000E+00
   1.23300E+03   2.59114E-03   2.13834E-02   9.49104E-01   6.68275E-03 
    1.76485E-03   1.84739E-02   1.00000E+00
   1.24300E+03   2.59114E-03   2.13834E-02   9.49104E-01   6.68275E-03 
    1.76485E-03   1.84739E-02   1.00000E+00
   1.25300E+03   2.59114E-03   2.13834E-02   9.49104E-01   6.68275E-03 
    1.76485E-03   1.84739E-02   1.00000E+00
   1.26300E+03   2.59114E-03   2.13834E-02   9.49104E-01   6.68275E-03 
    1.76485E-03   1.84739E-02   1.00000E+00
   1.27300E+03   2.59114E-03   2.13834E-02   9.49104E-01   6.68275E-03 
    1.76485E-03   1.84739E-02   1.00000E+00
   1.28300E+03   2.59114E-03   2.13834E-02   9.49104E-01   6.68275E-03 
    1.76485E-03   1.84739E-02   1.00000E+00
   1.29300E+03   2.59114E-03   2.13834E-02   9.49104E-01   6.68275E-03 
    1.76485E-03   1.84739E-02   1.00000E+00
   1.30300E+03   2.59114E-03   2.13834E-02   9.49104E-01   6.68275E-03 
    1.76485E-03   1.84739E-02   1.00000E+00
   1.31300E+03   2.59114E-03   2.13834E-02   9.49104E-01   6.68275E-03 
    1.76485E-03   1.84739E-02   1.00000E+00
   1.32300E+03   2.59114E-03   2.13834E-02   9.49104E-01   6.68275E-03 
    1.76485E-03   1.84739E-02   1.00000E+00
   1.33300E+03   2.59114E-03   2.13834E-02   9.49104E-01   6.68275E-03 
    1.76485E-03   1.84739E-02   1.00000E+00
   1.34300E+03   2.59114E-03   2.13834E-02   9.49104E-01   6.68275E-03 
    1.76485E-03   1.84739E-02   1.00000E+00
   1.35300E+03   2.59114E-03   2.13834E-02   9.49104E-01   6.68275E-03 
    1.76485E-03   1.84739E-02   1.00000E+00
   1.36300E+03   2.59114E-03   2.13834E-02   9.49104E-01   6.68275E-03 
    1.76485E-03   1.84739E-02   1.00000E+00
   1.37300E+03   2.59114E-03   2.13834E-02   9.49104E-01   6.68275E-03 
    1.76485E-03   1.84739E-02   1.00000E+00
   1.38300E+03   2.59114E-03   2.13834E-02   9.49104E-01   6.68275E-03 
    1.76485E-03   1.84739E-02   1.00000E+00
   1.39300E+03   2.59114E-03   2.13834E-02   9.49104E-01   6.68275E-03 
    1.76485E-03   1.84739E-02   1.00000E+00
   1.40300E+03   2.59114E-03   2.13834E-02   9.49104E-01   6.68275E-03 
    1.76485E-03   1.84739E-02   1.00000E+00
   1.41300E+03   2.59114E-03   2.13834E-02   9.49104E-01   6.68275E-03 
    1.76485E-03   1.84739E-02   1.00000E+00
   1.42300E+03   2.59114E-03   2.13834E-02   9.49104E-01   6.68275E-03 
    1.76485E-03   1.84739E-02   1.00000E+00
   1.43300E+03   2.59114E-03   2.13834E-02   9.49104E-01   6.68275E-03 
    1.76485E-03   1.84739E-02   1.00000E+00
   1.44300E+03   2.59114E-03   2.13834E-02   9.49104E-01   6.68275E-03 
    1.76485E-03   1.84739E-02   1.00000E+00
   1.45300E+03   2.59114E-03   2.13834E-02   9.49104E-01   6.68275E-03 
    1.76485E-03   1.84739E-02   1.00000E+00
   1.46300E+03   2.59114E-03   2.13834E-02   9.49104E-01   6.68275E-03 
    1.76485E-03   1.84739E-02   1.00000E+00
   1.47300E+03   2.59114E-03   2.13834E-02   9.49104E-01   6.68275E-03 
    1.76485E-03   1.84739E-02   1.00000E+00

 Phase Region for:
     FCC_A1#2                      
 col-1=T, col-2=W(FCC_A1#2,C), col-3=W(FCC_A1#2,CR), col-4=W(FCC_A1#2,FE),
   col-5=W(FCC_A1#2,MN), col-6=W(FCC_A1#2,NI), col-7=W(FCC_A1#2,SI),
   col-8=NP(FCC_A1#2),
   1.17300E+03   2.59114E-03   2.13834E-02   9.49104E-01   6.68275E-03 
    1.76485E-03   1.84739E-02   1.00000E+00
   1.16300E+03   2.59114E-03   2.13834E-02   9.49104E-01   6.68275E-03 
    1.76485E-03   1.84739E-02   1.00000E+00
   1.15300E+03   2.59114E-03   2.13834E-02   9.49104E-01   6.68275E-03 
    1.76485E-03   1.84739E-02   1.00000E+00
   1.14300E+03   2.59114E-03   2.13834E-02   9.49104E-01   6.68275E-03 
    1.76485E-03   1.84739E-02   1.00000E+00
   1.13300E+03   2.59114E-03   2.13834E-02   9.49104E-01   6.68275E-03 
    1.76485E-03   1.84739E-02   1.00000E+00
   1.12300E+03   2.59114E-03   2.13834E-02   9.49104E-01   6.68275E-03 
    1.76485E-03   1.84739E-02   1.00000E+00
   1.11340E+03   2.59114E-03   2.13834E-02   9.49104E-01   6.68275E-03 
    1.76485E-03   1.84739E-02   1.00000E+00

 Phase Region for:
     BCC_A2                        
     FCC_A1#2                      
 col-1=T, col-2=W(BCC_A2,C), col-3=W(BCC_A2,CR), col-4=W(BCC_A2,FE),
   col-5=W(BCC_A2,MN), col-6=W(BCC_A2,NI), col-7=W(BCC_A2,SI),
   col-8=W(FCC_A1#2,C), col-9=W(FCC_A1#2,CR), col-10=W(FCC_A1#2,FE),
   col-11=W(FCC_A1#2,MN), col-12=W(FCC_A1#2,NI), col-13=W(FCC_A1#2,SI),
   col-14=NP(BCC_A2), col-15=NP(FCC_A1#2),
   1.11340E+03   1.21077E-04   1.66965E-02   9.56534E-01   3.43979E-03 
    9.73043E-04   2.22353E-02   2.59114E-03   2.13834E-02   9.49104E-01 
    6.68275E-03   1.76485E-03   1.84739E-02   9.07127E-07   9.99999E-01
   1.11300E+03   1.21217E-04   1.66989E-02   9.56539E-01   3.44282E-03 
    9.74222E-04   2.22240E-02   2.60025E-03   2.14007E-02   9.49077E-01 
    6.69470E-03   1.76776E-03   1.84601E-02   3.65307E-03   9.96347E-01
   1.10300E+03   1.24740E-04   1.67553E-02   9.56643E-01   3.51654E-03 
    1.00354E-03   2.19570E-02   2.83750E-03   2.18457E-02   9.48351E-01 
    6.99902E-03   1.84090E-03   1.81260E-02   9.02947E-02   9.09705E-01
   1.09300E+03   1.28307E-04   1.68035E-02   9.56735E-01   3.58699E-03 
    1.03286E-03   2.17137E-02   3.09789E-03   2.23258E-02   9.47534E-01 
    7.31973E-03   1.91546E-03   1.78073E-02   1.69630E-01   8.30370E-01
   1.08300E+03   1.31877E-04   1.68428E-02   9.56818E-01   3.65346E-03 
    1.06201E-03   2.14924E-02   3.38296E-03   2.28454E-02   9.46620E-01 
    7.65810E-03   1.99115E-03   1.75020E-02   2.42054E-01   7.57946E-01
   1.07300E+03   1.35408E-04   1.68724E-02   9.56895E-01   3.71532E-03 
    1.09081E-03   2.12910E-02   3.69440E-03   2.34100E-02   9.45604E-01 
    8.01589E-03   2.06767E-03   1.72083E-02   3.08026E-01   6.91974E-01
   1.06300E+03   1.38861E-04   1.68919E-02   9.56970E-01   3.77201E-03 
    1.11915E-03   2.11077E-02   4.03411E-03   2.40263E-02   9.44475E-01 
    8.39548E-03   2.14479E-03   1.69241E-02   3.68033E-01   6.31967E-01
   1.05300E+03   1.42201E-04   1.69008E-02   9.57046E-01   3.82298E-03 
    1.14691E-03   2.09407E-02   4.40421E-03   2.47021E-02   9.43224E-01 
    8.79998E-03   2.22234E-03   1.66476E-02   4.22572E-01   5.77428E-01
   1.04968E+03   1.43278E-04   1.69013E-02   9.57072E-01   3.83855E-03 
    1.15598E-03   2.08885E-02   4.53423E-03   2.49412E-02   9.42779E-01 
    8.94044E-03   2.24816E-03   1.65572E-02   4.39556E-01   5.60444E-01

 Phase Region for:
     BCC_A2                        
     CEMENTITE                     
     FCC_A1#2                      
 col-1=T, col-2=W(BCC_A2,C), col-3=W(BCC_A2,CR), col-4=W(BCC_A2,FE),
   col-5=W(BCC_A2,MN), col-6=W(BCC_A2,NI), col-7=W(BCC_A2,SI),
   col-8=W(CEMENTITE,C), col-9=W(CEMENTITE,CR), col-10=W(CEMENTITE,FE),
   col-11=W(CEMENTITE,MN), col-12=W(CEMENTITE,NI), col-13=W(CEMENTITE,SI),
   col-14=W(FCC_A1#2,C), col-15=W(FCC_A1#2,CR), col-16=W(FCC_A1#2,FE),
   col-17=W(FCC_A1#2,MN), col-18=W(FCC_A1#2,NI), col-19=W(FCC_A1#2,SI),
   col-20=NP(BCC_A2), col-21=NP(CEMENTITE), col-22=NP(FCC_A1#2),
   1.04968E+03   1.43278E-04   1.69013E-02   9.57072E-01   3.83856E-03 
    1.15599E-03   2.08885E-02   6.81445E-02   2.49480E-01   6.68907E-01 
    1.33094E-02   1.59153E-04   0.00000E+00   4.53423E-03   2.49412E-02 
    9.42779E-01   8.94047E-03   2.24817E-03   1.65572E-02   4.39560E-01 
    3.32454E-07   5.60440E-01
   1.04300E+03   1.36991E-04   1.54147E-02   9.58434E-01   4.57659E-03 
    1.37575E-03   2.00620E-02   6.80893E-02   2.37588E-01   6.77374E-01 
    1.67558E-02   1.93050E-04   0.00000E+00   4.55831E-03   2.30217E-02 
    9.42881E-01   1.09217E-02   2.73775E-03   1.58790E-02   6.78113E-01 
    2.04110E-02   3.01476E-01
   1.03300E+03   1.25542E-04   1.38126E-02   9.59120E-01   5.93985E-03 
    1.79030E-03   1.92121E-02   6.80342E-02   2.25061E-01   6.83390E-01 
    2.32594E-02   2.56077E-04   0.00000E+00   4.51042E-03   2.08500E-02 
    9.41015E-01   1.46548E-02   3.70628E-03   1.52634E-02   9.41488E-01 
    4.34407E-02   1.50713E-02
   1.03233E+03   1.24707E-04   1.37297E-02   9.59114E-01   6.03976E-03 
    1.82154E-03   1.91702E-02   6.80318E-02   2.24456E-01   6.83508E-01 
    2.37428E-02   2.60762E-04   0.00000E+00   4.50373E-03   2.07331E-02 
    9.40811E-01   1.49325E-02   3.78167E-03   1.52375E-02   9.55353E-01 
    4.46472E-02   0.00000E+00

 Phase Region for:
     BCC_A2                        
     CEMENTITE                     
 col-1=T, col-2=W(BCC_A2,C), col-3=W(BCC_A2,CR), col-4=W(BCC_A2,FE),
   col-5=W(BCC_A2,MN), col-6=W(BCC_A2,NI), col-7=W(BCC_A2,SI),
   col-8=W(CEMENTITE,C), col-9=W(CEMENTITE,CR), col-10=W(CEMENTITE,FE),
   col-11=W(CEMENTITE,MN), col-12=W(CEMENTITE,NI), col-13=W(CEMENTITE,SI),
   col-14=NP(BCC_A2), col-15=NP(CEMENTITE),
   1.03233E+03   1.24707E-04   1.37297E-02   9.59114E-01   6.03976E-03 
    1.82154E-03   1.91702E-02   6.80318E-02   2.24456E-01   6.83508E-01 
    2.37428E-02   2.60762E-04   0.00000E+00   9.55353E-01   4.46472E-02  NONE
   1.02300E+03   1.10750E-04   1.34907E-02   9.59399E-01   6.00426E-03 
    1.82196E-03   1.91738E-02   6.80587E-02   2.29704E-01   6.77388E-01 
    2.45910E-02   2.57565E-04   0.00000E+00   9.55109E-01   4.48906E-02  NONE
   1.01300E+03   9.72345E-05   1.32277E-02   9.59713E-01   5.96253E-03 
    1.82237E-03   1.91773E-02   6.80889E-02   2.35576E-01   6.70482E-01 
    2.55980E-02   2.54312E-04   0.00000E+00   9.54874E-01   4.51262E-02  NONE
   1.00300E+03   8.50342E-05   1.29529E-02   9.60047E-01   5.91239E-03 
    1.82272E-03   1.91804E-02   6.81212E-02   2.41825E-01   6.62976E-01 
    2.68262E-02   2.51592E-04   0.00000E+00   9.54661E-01   4.53388E-02  NONE
   9.93000E+02   7.40612E-05   1.26651E-02   9.60402E-01   5.85221E-03 
    1.82303E-03   1.91831E-02   6.81559E-02   2.48477E-01   6.54801E-01 
    2.83166E-02   2.49466E-04   0.00000E+00   9.54470E-01   4.55299E-02  NONE
   9.83000E+02   6.43367E-05   1.23734E-02   9.60763E-01   5.79069E-03 
    1.82331E-03   1.91855E-02   6.81914E-02   2.55300E-01   6.46419E-01 
    2.98421E-02   2.47199E-04   0.00000E+00   9.54301E-01   4.56993E-02  NONE
   9.73000E+02   5.57371E-05   1.20774E-02   9.61128E-01   5.72782E-03 
    1.82357E-03   1.91875E-02   6.82278E-02   2.62297E-01   6.37827E-01 
    3.14041E-02   2.44807E-04   0.00000E+00   9.54151E-01   4.58490E-02  NONE
   9.63000E+02   4.81502E-05   1.17772E-02   9.61498E-01   5.66355E-03 
    1.82380E-03   1.91892E-02   6.82651E-02   2.69469E-01   6.29020E-01 
    3.30041E-02   2.42309E-04   0.00000E+00   9.54019E-01   4.59811E-02  NONE
   9.53000E+02   4.14732E-05   1.14724E-02   9.61874E-01   5.59785E-03 
    1.82403E-03   1.91907E-02   6.83033E-02   2.76818E-01   6.19995E-01 
    3.46438E-02   2.39721E-04   0.00000E+00   9.53903E-01   4.60973E-02  NONE
   9.43000E+02   3.56126E-05   1.11630E-02   9.62255E-01   5.53067E-03 
    1.82423E-03   1.91919E-02   6.83425E-02   2.84343E-01   6.10752E-01 
    3.63248E-02   2.37059E-04   0.00000E+00   9.53801E-01   4.61992E-02  NONE
   9.33000E+02   3.04828E-05   1.08491E-02   9.62641E-01   5.46195E-03 
    1.82442E-03   1.91929E-02   6.83825E-02   2.92044E-01   6.01290E-01 
    3.80491E-02   2.34340E-04   0.00000E+00   9.53712E-01   4.62885E-02  NONE
   9.23000E+02   2.60060E-05   1.05304E-02   9.63034E-01   5.39163E-03 
    1.82459E-03   1.91937E-02   6.84235E-02   2.99917E-01   5.91610E-01 
    3.98185E-02   2.31580E-04   0.00000E+00   9.53634E-01   4.63664E-02  NONE
   9.13000E+02   2.21112E-05   1.02073E-02   9.63432E-01   5.31964E-03 
    1.82475E-03   1.91944E-02   6.84654E-02   3.07958E-01   5.81713E-01 
    4.16351E-02   2.28793E-04   0.00000E+00   9.53566E-01   4.64341E-02  NONE
   9.03000E+02   1.87337E-05   9.87973E-03   9.63836E-01   5.24591E-03 
    1.82490E-03   1.91948E-02   6.85081E-02   3.16160E-01   5.71604E-01 
    4.35011E-02   2.25996E-04   0.00000E+00   9.53507E-01   4.64929E-02  NONE
   8.93000E+02   1.58147E-05   9.54798E-03   9.64246E-01   5.17037E-03 
    1.82504E-03   1.91952E-02   6.85516E-02   3.24518E-01   5.61289E-01 
    4.54186E-02   2.23203E-04   0.00000E+00   9.53456E-01   4.65436E-02  NONE
   8.83000E+02   1.33009E-05   9.21230E-03   9.64661E-01   5.09292E-03 
    1.82517E-03   1.91954E-02   6.85959E-02   3.33021E-01   5.50773E-01 
    4.73900E-02   2.20429E-04   0.00000E+00   9.53413E-01   4.65873E-02  NONE
   8.73000E+02   1.11441E-05   8.87305E-03   9.65082E-01   5.01347E-03 
    1.82528E-03   1.91955E-02   6.86410E-02   3.41658E-01   5.40066E-01 
    4.94176E-02   2.17688E-04   0.00000E+00   9.53375E-01   4.66248E-02  NONE
   8.63000E+02   9.30048E-06   8.53065E-03   9.65507E-01   4.93194E-03 
    1.82539E-03   1.91955E-02   6.86867E-02   3.50416E-01   5.29178E-01 
    5.15039E-02   2.14992E-04   0.00000E+00   9.53343E-01   4.66569E-02  NONE
   8.53000E+02   7.73085E-06   8.18559E-03   9.65938E-01   4.84822E-03 
    1.82549E-03   1.91955E-02   6.87330E-02   3.59281E-01   5.18122E-01 
    5.36514E-02   2.12356E-04   0.00000E+00   9.53316E-01   4.66842E-02  NONE
   8.43000E+02   6.39991E-06   7.83846E-03   9.66372E-01   4.76221E-03 
    1.82558E-03   1.91953E-02   6.87798E-02   3.68235E-01   5.06912E-01 
    5.58628E-02   2.09792E-04   0.00000E+00   9.53293E-01   4.67073E-02  NONE
   8.33000E+02   5.27607E-06   7.48989E-03   9.66810E-01   4.67382E-03 
    1.82566E-03   1.91951E-02   6.88271E-02   3.77260E-01   4.95565E-01 
    5.81408E-02   2.07311E-04   0.00000E+00   9.53273E-01   4.67269E-02  NONE
   8.23000E+02   4.33115E-06   7.14061E-03   9.67252E-01   4.58292E-03 
    1.82573E-03   1.91949E-02   6.88746E-02   3.86336E-01   4.84097E-01 
    6.04882E-02   2.04924E-04   0.00000E+00   9.53257E-01   4.67433E-02  NONE
   8.13000E+02   3.54015E-06   6.79140E-03   9.67695E-01   4.48941E-03 
    1.82579E-03   1.91946E-02   6.89224E-02   3.95439E-01   4.72528E-01 
    6.29075E-02   2.02642E-04   0.00000E+00   9.53243E-01   4.67571E-02  NONE
   8.03000E+02   2.88096E-06   6.44309E-03   9.68141E-01   4.39317E-03 
    1.82585E-03   1.91942E-02   6.89703E-02   4.04546E-01   4.60881E-01 
    6.54018E-02   2.00472E-04   0.00000E+00   9.53231E-01   4.67685E-02  NONE
   7.93000E+02   2.33412E-06   6.09660E-03   9.68587E-01   4.29411E-03 
    1.82590E-03   1.91939E-02   6.90182E-02   4.13632E-01   4.49177E-01 
    6.79736E-02   1.98425E-04   0.00000E+00   9.53222E-01   4.67780E-02  NONE
   7.83000E+02   1.88258E-06   5.75286E-03   9.69034E-01   4.19211E-03 
    1.82594E-03   1.91935E-02   6.90659E-02   4.22671E-01   4.37441E-01 
    7.06257E-02   1.96508E-04   0.00000E+00   9.53214E-01   4.67859E-02  NONE
   7.73000E+02   1.51149E-06   5.41286E-03   9.69480E-01   4.08706E-03 
    1.82597E-03   1.91931E-02   6.91133E-02   4.31634E-01   4.25698E-01 
    7.33605E-02   1.94726E-04   0.00000E+00   9.53208E-01   4.67923E-02  NONE
   7.63000E+02   1.20797E-06   5.07758E-03   9.69924E-01   3.97888E-03 
    1.82600E-03   1.91926E-02   6.91603E-02   4.40493E-01   4.13973E-01 
    7.61805E-02   1.93085E-04   0.00000E+00   9.53202E-01   4.67976E-02  NONE
   7.53000E+02   9.60910E-07   4.74805E-03   9.70365E-01   3.86748E-03 
    1.82602E-03   1.91922E-02   6.92068E-02   4.49221E-01   4.02294E-01 
    7.90875E-02   1.91591E-04   0.00000E+00   9.53198E-01   4.68019E-02  NONE
   7.43000E+02   7.60794E-07   4.42528E-03   9.70803E-01   3.75278E-03 
    1.82604E-03   1.91918E-02   6.92526E-02   4.57788E-01   3.90686E-01 
    8.20833E-02   1.90246E-04   0.00000E+00   9.53195E-01   4.68054E-02  NONE
   7.33000E+02   5.99499E-07   4.11025E-03   9.71237E-01   3.63474E-03 
    1.82605E-03   1.91913E-02   6.92975E-02   4.66167E-01   3.79178E-01 
    8.51689E-02   1.89054E-04   0.00000E+00   9.53192E-01   4.68082E-02  NONE
   7.23000E+02   4.70141E-07   3.80392E-03   9.71665E-01   3.51333E-03 
    1.82605E-03   1.91909E-02   6.93415E-02   4.74330E-01   3.67795E-01 
    8.83450E-02   1.88017E-04   0.00000E+00   9.53190E-01   4.68105E-02  NONE
   7.13000E+02   3.66915E-07   3.50723E-03   9.72087E-01   3.38855E-03 
    1.82605E-03   1.91905E-02   6.93843E-02   4.82252E-01   3.56565E-01 
    9.16111E-02   1.87136E-04   0.00000E+00   9.53188E-01   4.68123E-02  NONE
   7.03000E+02   2.84958E-07   3.22101E-03   9.72502E-01   3.26044E-03 
    1.82604E-03   1.91900E-02   6.94260E-02   4.89909E-01   3.45513E-01 
    9.49661E-02   1.86411E-04   0.00000E+00   9.53186E-01   4.68137E-02  NONE
   6.93000E+02   2.20220E-07   2.94606E-03   9.72909E-01   3.12908E-03 
    1.82602E-03   1.91896E-02   6.94663E-02   4.97276E-01   3.34664E-01 
    9.84078E-02   1.85844E-04   0.00000E+00   9.53185E-01   4.68148E-02  NONE
   6.83000E+02   1.69346E-07   2.68308E-03   9.73307E-01   2.99460E-03 
    1.82601E-03   1.91892E-02   6.95052E-02   5.04335E-01   3.24042E-01 
    1.01932E-01   1.85433E-04   0.00000E+00   9.53184E-01   4.68157E-02  NONE
   6.73000E+02   1.29573E-07   2.43268E-03   9.73695E-01   2.85718E-03 
    1.82598E-03   1.91888E-02   6.95425E-02   5.11068E-01   3.13670E-01 
    1.05535E-01   1.85179E-04   0.00000E+00   9.53184E-01   4.68164E-02  NONE
