
 Phase Region for:
     FCC_A1#2                      
 col-1=T, col-2=W(FCC_A1#2,C), col-3=W(FCC_A1#2,CR), col-4=W(FCC_A1#2,FE),
   col-5=W(FCC_A1#2,MN), col-6=W(FCC_A1#2,NI), col-7=W(FCC_A1#2,SI),
   col-8=NP(FCC_A1#2),
   1.17300E+03   6.13476E-03   2.32833E-02   9.00569E-01   2.20192E-02 
    2.78704E-02   2.01234E-02   1.00000E+00
   1.18300E+03   6.13476E-03   2.32833E-02   9.00569E-01   2.20192E-02 
    2.78704E-02   2.01234E-02   1.00000E+00
   1.19300E+03   6.13476E-03   2.32833E-02   9.00569E-01   2.20192E-02 
    2.78704E-02   2.01234E-02   1.00000E+00
   1.20300E+03   6.13476E-03   2.32833E-02   9.00569E-01   2.20192E-02 
    2.78704E-02   2.01234E-02   1.00000E+00
   1.21300E+03   6.13476E-03   2.32833E-02   9.00569E-01   2.20192E-02 
    2.78704E-02   2.01234E-02   1.00000E+00
   1.22300E+03   6.13476E-03   2.32833E-02   9.00569E-01   2.20192E-02 
    2.78704E-02   2.01234E-02   1.00000E+00
   1.23300E+03   6.13476E-03   2.32833E-02   9.00569E-01   2.20192E-02 
    2.78704E-02   2.01234E-02   1.00000E+00
   1.24300E+03   6.13476E-03   2.32833E-02   9.00569E-01   2.20192E-02 
    2.78704E-02   2.01234E-02   1.00000E+00
   1.25300E+03   6.13476E-03   2.32833E-02   9.00569E-01   2.20192E-02 
    2.78704E-02   2.01234E-02   1.00000E+00
   1.26300E+03   6.13476E-03   2.32833E-02   9.00569E-01   2.20192E-02 
    2.78704E-02   2.01234E-02   1.00000E+00
   1.27300E+03   6.13476E-03   2.32833E-02   9.00569E-01   2.20192E-02 
    2.78704E-02   2.01234E-02   1.00000E+00
   1.28300E+03   6.13476E-03   2.32833E-02   9.00569E-01   2.20192E-02 
    2.78704E-02   2.01234E-02   1.00000E+00
   1.29300E+03   6.13476E-03   2.32833E-02   9.00569E-01   2.20192E-02 
    2.78704E-02   2.01234E-02   1.00000E+00
   1.30300E+03   6.13476E-03   2.32833E-02   9.00569E-01   2.20192E-02 
    2.78704E-02   2.01234E-02   1.00000E+00
   1.31300E+03   6.13476E-03   2.32833E-02   9.00569E-01   2.20192E-02 
    2.78704E-02   2.01234E-02   1.00000E+00
   1.32300E+03   6.13476E-03   2.32833E-02   9.00569E-01   2.20192E-02 
    2.78704E-02   2.01234E-02   1.00000E+00
   1.33300E+03   6.13476E-03   2.32833E-02   9.00569E-01   2.20192E-02 
    2.78704E-02   2.01234E-02   1.00000E+00
   1.34300E+03   6.13476E-03   2.32833E-02   9.00569E-01   2.20192E-02 
    2.78704E-02   2.01234E-02   1.00000E+00
   1.35300E+03   6.13476E-03   2.32833E-02   9.00569E-01   2.20192E-02 
    2.78704E-02   2.01234E-02   1.00000E+00
   1.36300E+03   6.13476E-03   2.32833E-02   9.00569E-01   2.20192E-02 
    2.78704E-02   2.01234E-02   1.00000E+00
   1.37300E+03   6.13476E-03   2.32833E-02   9.00569E-01   2.20192E-02 
    2.78704E-02   2.01234E-02   1.00000E+00
   1.38300E+03   6.13476E-03   2.32833E-02   9.00569E-01   2.20192E-02 
    2.78704E-02   2.01234E-02   1.00000E+00
   1.39300E+03   6.13476E-03   2.32833E-02   9.00569E-01   2.20192E-02 
    2.78704E-02   2.01234E-02   1.00000E+00
   1.40300E+03   6.13476E-03   2.32833E-02   9.00569E-01   2.20192E-02 
    2.78704E-02   2.01234E-02   1.00000E+00
   1.41300E+03   6.13476E-03   2.32833E-02   9.00569E-01   2.20192E-02 
    2.78704E-02   2.01234E-02   1.00000E+00
   1.42300E+03   6.13476E-03   2.32833E-02   9.00569E-01   2.20192E-02 
    2.78704E-02   2.01234E-02   1.00000E+00
   1.43300E+03   6.13476E-03   2.32833E-02   9.00569E-01   2.20192E-02 
    2.78704E-02   2.01234E-02   1.00000E+00
   1.44300E+03   6.13476E-03   2.32833E-02   9.00569E-01   2.20192E-02 
    2.78704E-02   2.01234E-02   1.00000E+00
   1.45300E+03   6.13476E-03   2.32833E-02   9.00569E-01   2.20192E-02 
    2.78704E-02   2.01234E-02   1.00000E+00
   1.46300E+03   6.13476E-03   2.32833E-02   9.00569E-01   2.20192E-02 
    2.78704E-02   2.01234E-02   1.00000E+00
   1.47300E+03   6.13476E-03   2.32833E-02   9.00569E-01   2.20192E-02 
    2.78704E-02   2.01234E-02   1.00000E+00

 Phase Region for:
     FCC_A1#2                      
 col-1=T, col-2=W(FCC_A1#2,C), col-3=W(FCC_A1#2,CR), col-4=W(FCC_A1#2,FE),
   col-5=W(FCC_A1#2,MN), col-6=W(FCC_A1#2,NI), col-7=W(FCC_A1#2,SI),
   col-8=NP(FCC_A1#2),
   1.17300E+03   6.13476E-03   2.32833E-02   9.00569E-01   2.20192E-02 
    2.78704E-02   2.01234E-02   1.00000E+00
   1.16300E+03   6.13476E-03   2.32833E-02   9.00569E-01   2.20192E-02 
    2.78704E-02   2.01234E-02   1.00000E+00
   1.15300E+03   6.13476E-03   2.32833E-02   9.00569E-01   2.20192E-02 
    2.78704E-02   2.01234E-02   1.00000E+00
   1.14300E+03   6.13476E-03   2.32833E-02   9.00569E-01   2.20192E-02 
    2.78704E-02   2.01234E-02   1.00000E+00
   1.13300E+03   6.13476E-03   2.32833E-02   9.00569E-01   2.20192E-02 
    2.78704E-02   2.01234E-02   1.00000E+00
   1.12300E+03   6.13476E-03   2.32833E-02   9.00569E-01   2.20192E-02 
    2.78704E-02   2.01234E-02   1.00000E+00
   1.11847E+03   6.13476E-03   2.32833E-02   9.00569E-01   2.20192E-02 
    2.78704E-02   2.01234E-02   1.00000E+00

 Phase Region for:
     CEMENTITE                     
     FCC_A1#2                      
 col-1=T, col-2=W(CEMENTITE,C), col-3=W(CEMENTITE,CR), col-4=W(CEMENTITE,FE),
   col-5=W(CEMENTITE,MN), col-6=W(CEMENTITE,NI), col-7=W(CEMENTITE,SI),
   col-8=W(FCC_A1#2,C), col-9=W(FCC_A1#2,CR), col-10=W(FCC_A1#2,FE),
   col-11=W(FCC_A1#2,MN), col-12=W(FCC_A1#2,NI), col-13=W(FCC_A1#2,SI),
   col-14=NP(CEMENTITE), col-15=NP(FCC_A1#2),
   1.11847E+03   6.78688E-02   1.91925E-01   7.08585E-01   2.90013E-02 
    2.61932E-03   0.00000E+00   6.13476E-03   2.32833E-02   9.00569E-01 
    2.20192E-02   2.78704E-02   2.01234E-02   4.80126E-08   1.00000E+00
   1.11300E+03   6.78717E-02   1.92469E-01   7.07961E-01   2.91171E-02 
    2.58110E-03   0.00000E+00   6.00159E-03   2.29184E-02   9.00984E-01 
    2.20039E-02   2.79249E-02   2.01668E-02   2.60487E-03   9.97395E-01
   1.10300E+03   6.78772E-02   1.93476E-01   7.06800E-01   2.93346E-02 
    2.51187E-03   0.00000E+00   5.76280E-03   2.22580E-02   9.01736E-01 
    2.19751E-02   2.80232E-02   2.02446E-02   7.24801E-03   9.92752E-01
   1.09300E+03   6.78827E-02   1.94499E-01   7.05615E-01   2.95599E-02 
    2.44344E-03   0.00000E+00   5.52982E-03   2.16059E-02   9.02479E-01 
    2.19453E-02   2.81195E-02   2.03205E-02   1.17436E-02   9.88256E-01
   1.08300E+03   6.78883E-02   1.95538E-01   7.04405E-01   2.97932E-02 
    2.37581E-03   0.00000E+00   5.30264E-03   2.09622E-02   9.03212E-01 
    2.19144E-02   2.82139E-02   2.03946E-02   1.60952E-02   9.83905E-01
   1.07300E+03   6.78940E-02   1.96592E-01   7.03170E-01   3.00347E-02 
    2.30901E-03   0.00000E+00   5.08121E-03   2.03268E-02   9.03936E-01 
    2.18825E-02   2.83064E-02   2.04667E-02   2.03061E-02   9.79694E-01
   1.06300E+03   6.78998E-02   1.97661E-01   7.01911E-01   3.02849E-02 
    2.24305E-03   0.00000E+00   4.86552E-03   1.96999E-02   9.04651E-01 
    2.18493E-02   2.83970E-02   2.05369E-02   2.43794E-02   9.75621E-01
   1.05300E+03   6.79057E-02   1.98744E-01   7.00628E-01   3.05441E-02 
    2.17794E-03   0.00000E+00   4.65554E-03   1.90815E-02   9.05357E-01 
    2.18151E-02   2.84857E-02   2.06053E-02   2.83183E-02   9.71682E-01
   1.04300E+03   6.79116E-02   1.99842E-01   6.99320E-01   3.08125E-02 
    2.11370E-03   0.00000E+00   4.45122E-03   1.84717E-02   9.06053E-01 
    2.17796E-02   2.85723E-02   2.06718E-02   3.21258E-02   9.67874E-01
   1.03300E+03   6.79176E-02   2.00953E-01   6.97989E-01   3.10905E-02 
    2.05034E-03   0.00000E+00   4.25253E-03   1.78705E-02   9.06741E-01 
    2.17428E-02   2.86570E-02   2.07365E-02   3.58049E-02   9.64195E-01
   1.02300E+03   6.79237E-02   2.02077E-01   6.96633E-01   3.13785E-02 
    1.98786E-03   0.00000E+00   4.05943E-03   1.72781E-02   9.07419E-01 
    2.17048E-02   2.87397E-02   2.07993E-02   3.93585E-02   9.60641E-01
   1.01300E+03   6.79299E-02   2.03214E-01   6.95253E-01   3.16770E-02 
    1.92629E-03   0.00000E+00   3.87189E-03   1.66944E-02   9.08087E-01 
    2.16655E-02   2.88204E-02   2.08603E-02   4.27893E-02   9.57211E-01
   1.00300E+03   6.79361E-02   2.04363E-01   6.93849E-01   3.19862E-02 
    1.86563E-03   0.00000E+00   3.68986E-03   1.61197E-02   9.08747E-01 
    2.16249E-02   2.88992E-02   2.09195E-02   4.61001E-02   9.53900E-01
   9.97779E+02   6.79394E-02   2.04967E-01   6.93107E-01   3.21521E-02 
    1.83433E-03   0.00000E+00   3.59700E-03   1.58232E-02   9.09088E-01 
    2.16031E-02   2.89395E-02   2.09497E-02   4.77818E-02   9.52218E-01

 Phase Region for:
     BCC_A2                        
     CEMENTITE                     
     FCC_A1#2                      
 col-1=T, col-2=W(BCC_A2,C), col-3=W(BCC_A2,CR), col-4=W(BCC_A2,FE),
   col-5=W(BCC_A2,MN), col-6=W(BCC_A2,NI), col-7=W(BCC_A2,SI),
   col-8=W(CEMENTITE,C), col-9=W(CEMENTITE,CR), col-10=W(CEMENTITE,FE),
   col-11=W(CEMENTITE,MN), col-12=W(CEMENTITE,NI), col-13=W(CEMENTITE,SI),
   col-14=W(FCC_A1#2,C), col-15=W(FCC_A1#2,CR), col-16=W(FCC_A1#2,FE),
   col-17=W(FCC_A1#2,MN), col-18=W(FCC_A1#2,NI), col-19=W(FCC_A1#2,SI),
   col-20=NP(BCC_A2), col-21=NP(CEMENTITE), col-22=NP(FCC_A1#2),
   9.97779E+02   7.97235E-05   1.09272E-02   9.44136E-01   7.38340E-03 
    1.19159E-02   2.55576E-02   6.79394E-02   2.04967E-01   6.93107E-01 
    3.21521E-02   1.83433E-03   0.00000E+00   3.59700E-03   1.58232E-02 
    9.09087E-01   2.16032E-02   2.89395E-02   2.09497E-02   1.88251E-06 
    4.77820E-02   9.52216E-01
   9.93000E+02   7.56711E-05   1.05206E-02   9.44253E-01   7.59858E-03 
    1.23930E-02   2.51589E-02   6.79300E-02   2.02663E-01   6.93324E-01 
    3.41678E-02   1.91556E-03   0.00000E+00   3.53072E-03   1.52383E-02 
    9.06949E-01   2.28395E-02   3.07790E-02   2.06630E-02   8.58895E-02 
    5.46570E-02   8.59454E-01
   9.83000E+02   6.74775E-05   9.74852E-03   9.44463E-01   7.94038E-03 
    1.33586E-02   2.44220E-02   6.79158E-02   1.98921E-01   6.92417E-01 
    3.86565E-02   2.08936E-03   0.00000E+00   3.37630E-03   1.41360E-02 
    9.01621E-01   2.56500E-02   3.50113E-02   2.02057E-02   2.41317E-01 
    6.70131E-02   6.91670E-01
   9.73000E+02   5.97086E-05   9.10535E-03   9.44336E-01   8.28474E-03 
    1.43400E-02   2.38746E-02   6.79084E-02   1.96473E-01   6.89894E-01 
    4.34593E-02   2.26469E-03   0.00000E+00   3.20534E-03   1.31698E-02 
    8.95212E-01   2.87438E-02   3.97709E-02   1.98977E-02   3.67491E-01 
    7.68612E-02   5.55647E-01
   9.63000E+02   5.24766E-05   8.56247E-03   9.43985E-01   8.61603E-03 
    1.53100E-02   2.34741E-02   6.79067E-02   1.95120E-01   6.86064E-01 
    4.84730E-02   2.43586E-03   0.00000E+00   3.02363E-03   1.23110E-02 
    8.87871E-01   3.20697E-02   4.50314E-02   1.96936E-02   4.68383E-01 
    8.45300E-02   4.47087E-01
   9.53000E+02   4.58517E-05   8.09357E-03   9.43518E-01   8.91592E-03 
    1.62456E-02   2.31812E-02   6.79096E-02   1.94649E-01   6.81223E-01 
    5.36198E-02   2.59917E-03   0.00000E+00   2.83621E-03   1.15339E-02 
    8.79694E-01   3.55929E-02   5.07866E-02   1.95565E-02   5.48564E-01 
    9.04222E-02   3.61014E-01
   9.43000E+02   3.98610E-05   7.67864E-03   9.43010E-01   9.17294E-03 
    1.71320E-02   2.29663E-02   6.79160E-02   1.94871E-01   6.75620E-01 
    5.88407E-02   2.75239E-03   0.00000E+00   2.64711E-03   1.08180E-02 
    8.70735E-01   3.92932E-02   5.70483E-02   1.94579E-02   6.12225E-01 
    9.49172E-02   2.92858E-01
   9.33000E+02   3.44998E-05   7.30298E-03   9.42515E-01   9.38028E-03 
    1.79597E-02   2.28078E-02   6.79251E-02   1.95632E-01   6.69459E-01 
    6.40898E-02   2.89421E-03   0.00000E+00   2.45936E-03   1.01480E-02 
    8.61012E-01   4.31615E-02   6.38432E-02   1.93763E-02   6.62853E-01 
    9.83347E-02   2.38812E-01
   9.23000E+02   2.97421E-05   6.95601E-03   9.42068E-01   9.53432E-03 
    1.87224E-02   2.26900E-02   6.79363E-02   1.96810E-01   6.62900E-01 
    6.93300E-02   3.02394E-03   0.00000E+00   2.27517E-03   9.51294E-03 
    8.50507E-01   4.71986E-02   7.12106E-02   1.92958E-02   7.03227E-01 
    1.00930E-01   1.95843E-01
   9.13000E+02   2.55491E-05   6.63017E-03   9.41693E-01   9.63358E-03 
    1.94161E-02   2.26019E-02   6.79491E-02   1.98311E-01   6.56068E-01 
    7.45304E-02   3.14120E-03   0.00000E+00   2.09614E-03   8.90511E-03 
    8.39181E-01   5.14133E-02   7.92005E-02   1.92043E-02   7.35519E-01 
    1.02900E-01   1.61581E-01
   9.03000E+02   2.18754E-05   6.32005E-03   9.41406E-01   9.67813E-03 
    2.00378E-02   2.25357E-02   6.79631E-02   2.00061E-01   6.49066E-01 
    7.96641E-02   3.24578E-03   0.00000E+00   1.92341E-03   8.31943E-03 
    8.26971E-01   5.58219E-02   8.78711E-02   1.90929E-02   7.61412E-01 
    1.04397E-01   1.34191E-01
   8.93000E+02   1.86730E-05   6.02183E-03   9.41219E-01   9.66914E-03 
    2.05854E-02   2.24856E-02   6.79780E-02   2.02005E-01   6.41972E-01 
    8.47075E-02   3.33758E-03   0.00000E+00   1.75781E-03   7.75270E-03 
    8.13800E-01   6.04470E-02   9.72877E-02   1.89547E-02   7.82216E-01 
    1.05536E-01   1.12248E-01
   8.83000E+02   1.58938E-05   5.73282E-03   9.41138E-01   9.60856E-03 
    2.10573E-02   2.24477E-02   6.79936E-02   2.04097E-01   6.34854E-01 
    8.96393E-02   3.41655E-03   0.00000E+00   1.59996E-03   7.20322E-03 
    7.99577E-01   6.53165E-02   1.07519E-01   1.87842E-02   7.98953E-01 
    1.06402E-01   9.46453E-02
   8.73000E+02   1.34918E-05   5.45116E-03   9.41165E-01   9.49903E-03 
    2.14523E-02   2.24190E-02   6.80096E-02   2.06301E-01   6.27766E-01 
    9.44402E-02   3.48269E-03   0.00000E+00   1.45037E-03   6.67049E-03 
    7.84208E-01   7.04610E-02   1.18632E-01   1.85775E-02   8.12422E-01 
    1.07062E-01   8.05158E-02
   8.63000E+02   1.14232E-05   5.17559E-03   9.41302E-01   9.34363E-03 
    2.17698E-02   2.23977E-02   6.80259E-02   2.08590E-01   6.20755E-01 
    9.90929E-02   3.53604E-03   0.00000E+00   1.30947E-03   6.15505E-03 
    7.67607E-01   7.59111E-02   1.30685E-01   1.83316E-02   8.23256E-01 
    1.07566E-01   6.91772E-02
   8.53000E+02   9.64786E-06   4.90534E-03   9.41547E-01   9.14590E-03 
    2.20099E-02   2.23821E-02   6.80424E-02   2.10939E-01   6.13860E-01 
    1.03582E-01   3.57676E-03   0.00000E+00   1.17772E-03   5.65832E-03 
    7.49716E-01   8.16905E-02   1.43712E-01   1.80453E-02   8.31958E-01 
    1.07952E-01   6.00899E-02
   8.43000E+02   8.12898E-06   4.63999E-03   9.41897E-01   8.90973E-03 
    2.21737E-02   2.23712E-02   6.80589E-02   2.13327E-01   6.07115E-01 
    1.07894E-01   3.60509E-03   0.00000E+00   1.05557E-03   5.18250E-03 
    7.30532E-01   8.78080E-02   1.57703E-01   1.77192E-02   8.38928E-01 
    1.08247E-01   5.28256E-02
   8.33000E+02   6.83331E-06   4.37938E-03   9.42347E-01   8.63934E-03 
    2.22634E-02   2.23641E-02   6.80754E-02   2.15737E-01   6.00547E-01 
    1.12019E-01   3.62149E-03   0.00000E+00   9.43502E-04   4.73040E-03 
    7.10139E-01   9.42461E-02   1.72585E-01   1.73566E-02   8.44484E-01 
    1.08473E-01   4.70430E-02
   8.23000E+02   5.73105E-06   4.12360E-03   9.42889E-01   8.33926E-03 
    2.22825E-02   2.23603E-02   6.80917E-02   2.18153E-01   5.94179E-01 
    1.15949E-01   3.62656E-03   0.00000E+00   8.41900E-04   4.30502E-03 
    6.88735E-01   1.00952E-01   1.88203E-01   1.69641E-02   8.48885E-01 
    1.08647E-01   4.24684E-02
   8.13000E+02   4.79570E-06   3.87288E-03   9.43513E-01   8.01427E-03 
    2.22361E-02   2.23590E-02   6.81078E-02   2.20561E-01   5.88028E-01 
    1.19681E-01   3.62114E-03   0.00000E+00   7.50979E-04   3.90906E-03 
    6.66637E-01   1.07833E-01   2.04319E-01   1.65513E-02   8.52339E-01 
    1.08781E-01   3.88804E-02
   8.03000E+02   4.00386E-06   3.62761E-03   9.44209E-01   7.66928E-03 
    2.21300E-02   2.23599E-02   6.81235E-02   2.22948E-01   5.82105E-01 
    1.23217E-01   3.60621E-03   0.00000E+00   6.70633E-04   3.54428E-03 
    6.44247E-01   1.14767E-01   2.20641E-01   1.61298E-02   8.55020E-01 
    1.08884E-01   3.60962E-02
   7.93000E+02   3.33501E-06   3.38825E-03   9.44966E-01   7.30920E-03 
    2.19711E-02   2.23625E-02   6.81390E-02   2.25301E-01   5.76415E-01 
    1.26562E-01   3.58289E-03   0.00000E+00   6.00372E-04   3.21112E-03 
    6.21984E-01   1.21622E-01   2.36870E-01   1.57118E-02   8.57073E-01 
    1.08964E-01   3.39627E-02
   7.83000E+02   2.77124E-06   3.15534E-03   9.45771E-01   6.93872E-03 
    2.17662E-02   2.23664E-02   6.81540E-02   2.27608E-01   5.70960E-01 
    1.29725E-01   3.55230E-03   0.00000E+00   5.39363E-04   2.90861E-03 
    6.00218E-01   1.28277E-01   2.52749E-01   1.53076E-02   8.58623E-01 
    1.09027E-01   3.23506E-02
   7.73000E+02   2.29707E-06   2.92940E-03   9.46613E-01   6.56214E-03 
    2.15221E-02   2.23714E-02   6.81686E-02   2.29861E-01   5.65739E-01 
    1.32716E-01   3.51553E-03   0.00000E+00   4.86552E-04   2.63475E-03 
    5.79217E-01   1.34641E-01   2.68096E-01   1.49252E-02   8.59772E-01 
    1.09076E-01   3.11516E-02
   7.63000E+02   1.89911E-06   2.71099E-03   9.47482E-01   6.18331E-03 
    2.12450E-02   2.23771E-02   6.81827E-02   2.32048E-01   5.60751E-01 
    1.35544E-01   3.47359E-03   0.00000E+00   4.40817E-04   2.38692E-03 
    5.59144E-01   1.40652E-01   2.82807E-01   1.45694E-02   8.60608E-01 
    1.09115E-01   3.02769E-02
   7.53000E+02   1.56585E-06   2.50060E-03   9.48369E-01   5.80554E-03 
    2.09403E-02   2.23833E-02   6.81963E-02   2.34163E-01   5.55994E-01 
    1.38219E-01   3.42733E-03   0.00000E+00   4.01081E-04   2.16238E-03 
    5.40072E-01   1.46281E-01   2.96841E-01   1.42429E-02   8.61198E-01 
    1.09147E-01   2.96550E-02
   7.43000E+02   1.28741E-06   2.29871E-03   9.49266E-01   5.43168E-03 
    2.06128E-02   2.23898E-02   6.82093E-02   2.36199E-01   5.51467E-01 
    1.40747E-01   3.37749E-03   0.00000E+00   3.66384E-04   1.95852E-03 
    5.22005E-01   1.51518E-01   3.10206E-01   1.39464E-02   8.61597E-01 
    1.09173E-01   2.92297E-02
   7.33000E+02   1.05535E-06   2.10570E-03   9.50166E-01   5.06413E-03 
    2.02663E-02   2.23965E-02   6.82218E-02   2.38149E-01   5.47169E-01 
    1.43136E-01   3.32468E-03   0.00000E+00   3.35904E-04   1.77298E-03 
    5.04910E-01   1.56368E-01   3.22933E-01   1.36796E-02   8.61848E-01 
    1.09195E-01   2.89572E-02
   7.23000E+02   8.62421E-07   1.92193E-03   9.51065E-01   4.70493E-03 
    1.99042E-02   2.24033E-02   6.82337E-02   2.40009E-01   5.43100E-01 
    1.45389E-01   3.26936E-03   0.00000E+00   3.08953E-04   1.60376E-03 
    4.88729E-01   1.60845E-01   3.35071E-01   1.34418E-02   8.61983E-01 
    1.09213E-01   2.88037E-02
   7.13000E+02   7.02454E-07   1.74765E-03   9.51957E-01   4.35579E-03 
    1.95290E-02   2.24100E-02   6.82450E-02   2.41775E-01   5.39260E-01 
    1.47508E-01   3.21191E-03   0.00000E+00   2.84969E-04   1.44914E-03 
    4.73398E-01   1.64964E-01   3.46672E-01   1.32318E-02   8.62028E-01 
    1.09229E-01   2.87431E-02
   7.03000E+02   5.70184E-07   1.58308E-03   9.52839E-01   4.01814E-03 
    1.91429E-02   2.24166E-02   6.82556E-02   2.43444E-01   5.35651E-01 
    1.49497E-01   3.15260E-03   0.00000E+00   2.63488E-04   1.30768E-03 
    4.58847E-01   1.68746E-01   3.57787E-01   1.30485E-02   8.62002E-01 
    1.09242E-01   2.87554E-02
   6.93000E+02   4.61134E-07   1.42834E-03   9.53708E-01   3.69318E-03 
    1.87477E-02   2.24229E-02   6.82657E-02   2.45015E-01   5.32272E-01 
    1.51356E-01   3.09165E-03   0.00000E+00   2.44133E-04   1.17816E-03 
    4.45010E-01   1.72209E-01   3.68468E-01   1.28908E-02   8.61921E-01 
    1.09254E-01   2.88253E-02
   6.83000E+02   3.71502E-07   1.28347E-03   9.54561E-01   3.38189E-03 
    1.83445E-02   2.24289E-02   6.82751E-02   2.46487E-01   5.29124E-01 
    1.53085E-01   3.02916E-03   0.00000E+00   2.26594E-04   1.05953E-03 
    4.31827E-01   1.75371E-01   3.78759E-01   1.27575E-02   8.61795E-01 
    1.09264E-01   2.89408E-02
   6.73000E+02   2.98068E-07   1.14846E-03   9.55397E-01   3.08506E-03 
    1.79344E-02   2.24345E-02   6.82839E-02   2.47859E-01   5.26206E-01 
    1.54686E-01   2.96524E-03   0.00000E+00   2.10616E-04   9.50899E-04 
    4.19239E-01   1.78250E-01   3.88702E-01   1.26478E-02   8.61634E-01 
    1.09273E-01   2.90930E-02
