
 Phase Region for:
     FCC_A1#1                      
 col-1=T, col-2=W(FCC_A1#1,C), col-3=W(FCC_A1#1,CR), col-4=W(FCC_A1#1,FE),
   col-5=W(FCC_A1#1,MN), col-6=W(FCC_A1#1,NI), col-7=W(FCC_A1#1,SI),
   col-8=NP(FCC_A1#1),
   1.17300E+03   7.05606E-03   2.91611E-02   9.21051E-01   6.06994E-03 
    1.30870E-02   2.35753E-02   1.00000E+00
   1.18300E+03   7.05606E-03   2.91611E-02   9.21051E-01   6.06994E-03 
    1.30870E-02   2.35753E-02   1.00000E+00
   1.19300E+03   7.05606E-03   2.91611E-02   9.21051E-01   6.06994E-03 
    1.30870E-02   2.35753E-02   1.00000E+00
   1.20300E+03   7.05606E-03   2.91611E-02   9.21051E-01   6.06994E-03 
    1.30870E-02   2.35753E-02   1.00000E+00
   1.21300E+03   7.05606E-03   2.91611E-02   9.21051E-01   6.06994E-03 
    1.30870E-02   2.35753E-02   1.00000E+00
   1.22300E+03   7.05606E-03   2.91611E-02   9.21051E-01   6.06994E-03 
    1.30870E-02   2.35753E-02   1.00000E+00
   1.23300E+03   7.05606E-03   2.91611E-02   9.21051E-01   6.06994E-03 
    1.30870E-02   2.35753E-02   1.00000E+00
   1.24300E+03   7.05606E-03   2.91611E-02   9.21051E-01   6.06994E-03 
    1.30870E-02   2.35753E-02   1.00000E+00
   1.25300E+03   7.05606E-03   2.91611E-02   9.21051E-01   6.06994E-03 
    1.30870E-02   2.35753E-02   1.00000E+00
   1.26300E+03   7.05606E-03   2.91611E-02   9.21051E-01   6.06994E-03 
    1.30870E-02   2.35753E-02   1.00000E+00
   1.27300E+03   7.05606E-03   2.91611E-02   9.21051E-01   6.06994E-03 
    1.30870E-02   2.35753E-02   1.00000E+00
   1.28300E+03   7.05606E-03   2.91611E-02   9.21051E-01   6.06994E-03 
    1.30870E-02   2.35753E-02   1.00000E+00
   1.29300E+03   7.05606E-03   2.91611E-02   9.21051E-01   6.06994E-03 
    1.30870E-02   2.35753E-02   1.00000E+00
   1.30300E+03   7.05606E-03   2.91611E-02   9.21051E-01   6.06994E-03 
    1.30870E-02   2.35753E-02   1.00000E+00
   1.31300E+03   7.05606E-03   2.91611E-02   9.21051E-01   6.06994E-03 
    1.30870E-02   2.35753E-02   1.00000E+00
   1.32300E+03   7.05606E-03   2.91611E-02   9.21051E-01   6.06994E-03 
    1.30870E-02   2.35753E-02   1.00000E+00
   1.33300E+03   7.05606E-03   2.91611E-02   9.21051E-01   6.06994E-03 
    1.30870E-02   2.35753E-02   1.00000E+00
   1.34300E+03   7.05606E-03   2.91611E-02   9.21051E-01   6.06994E-03 
    1.30870E-02   2.35753E-02   1.00000E+00
   1.35300E+03   7.05606E-03   2.91611E-02   9.21051E-01   6.06994E-03 
    1.30870E-02   2.35753E-02   1.00000E+00
   1.36300E+03   7.05606E-03   2.91611E-02   9.21051E-01   6.06994E-03 
    1.30870E-02   2.35753E-02   1.00000E+00
   1.37300E+03   7.05606E-03   2.91611E-02   9.21051E-01   6.06994E-03 
    1.30870E-02   2.35753E-02   1.00000E+00
   1.38300E+03   7.05606E-03   2.91611E-02   9.21051E-01   6.06994E-03 
    1.30870E-02   2.35753E-02   1.00000E+00
   1.39300E+03   7.05606E-03   2.91611E-02   9.21051E-01   6.06994E-03 
    1.30870E-02   2.35753E-02   1.00000E+00
   1.40300E+03   7.05606E-03   2.91611E-02   9.21051E-01   6.06994E-03 
    1.30870E-02   2.35753E-02   1.00000E+00
   1.41300E+03   7.05606E-03   2.91611E-02   9.21051E-01   6.06994E-03 
    1.30870E-02   2.35753E-02   1.00000E+00
   1.42300E+03   7.05606E-03   2.91611E-02   9.21051E-01   6.06994E-03 
    1.30870E-02   2.35753E-02   1.00000E+00
   1.43300E+03   7.05606E-03   2.91611E-02   9.21051E-01   6.06994E-03 
    1.30870E-02   2.35753E-02   1.00000E+00
   1.44300E+03   7.05606E-03   2.91611E-02   9.21051E-01   6.06994E-03 
    1.30870E-02   2.35753E-02   1.00000E+00
   1.45300E+03   7.05606E-03   2.91611E-02   9.21051E-01   6.06994E-03 
    1.30870E-02   2.35753E-02   1.00000E+00
   1.46300E+03   7.05606E-03   2.91611E-02   9.21051E-01   6.06994E-03 
    1.30870E-02   2.35753E-02   1.00000E+00
   1.47300E+03   7.05606E-03   2.91611E-02   9.21051E-01   6.06994E-03 
    1.30870E-02   2.35753E-02   1.00000E+00

 Phase Region for:
     FCC_A1#1                      
 col-1=T, col-2=W(FCC_A1#1,C), col-3=W(FCC_A1#1,CR), col-4=W(FCC_A1#1,FE),
   col-5=W(FCC_A1#1,MN), col-6=W(FCC_A1#1,NI), col-7=W(FCC_A1#1,SI),
   col-8=NP(FCC_A1#1),
   1.17300E+03   7.05606E-03   2.91611E-02   9.21051E-01   6.06994E-03 
    1.30870E-02   2.35753E-02   1.00000E+00
   1.16300E+03   7.05606E-03   2.91611E-02   9.21051E-01   6.06994E-03 
    1.30870E-02   2.35753E-02   1.00000E+00
   1.15750E+03   7.05606E-03   2.91611E-02   9.21051E-01   6.06994E-03 
    1.30870E-02   2.35753E-02   1.00000E+00

 Phase Region for:
     CEMENTITE                     
     FCC_A1#1                      
 col-1=T, col-2=W(CEMENTITE,C), col-3=W(CEMENTITE,CR), col-4=W(CEMENTITE,FE),
   col-5=W(CEMENTITE,MN), col-6=W(CEMENTITE,NI), col-7=W(CEMENTITE,SI),
   col-8=W(FCC_A1#1,C), col-9=W(FCC_A1#1,CR), col-10=W(FCC_A1#1,FE),
   col-11=W(FCC_A1#1,MN), col-12=W(FCC_A1#1,NI), col-13=W(FCC_A1#1,SI),
   col-14=NP(CEMENTITE), col-15=NP(FCC_A1#1),
   1.15750E+03   6.78890E-02   2.00015E-01   7.22951E-01   7.68072E-03 
    1.46358E-03   0.00000E+00   7.05606E-03   2.91611E-02   9.21051E-01 
    6.06994E-03   1.30870E-02   2.35753E-02   5.31740E-08   1.00000E+00  NONE
   1.15300E+03   6.78914E-02   2.00492E-01   7.22465E-01   7.70378E-03 
    1.44744E-03   0.00000E+00   6.93552E-03   2.88216E-02   9.21444E-01 
    6.06670E-03   1.31101E-02   2.36220E-02   2.37650E-03   9.97623E-01  NONE
   1.14300E+03   6.78969E-02   2.01567E-01   7.21368E-01   7.75643E-03 
    1.41182E-03   0.00000E+00   6.67219E-03   2.80733E-02   9.22310E-01 
    6.05930E-03   1.31607E-02   2.37240E-02   7.53552E-03   9.92464E-01  NONE
   1.13300E+03   6.79025E-02   2.02665E-01   7.20245E-01   7.81105E-03 
    1.37653E-03   0.00000E+00   6.41499E-03   2.73331E-02   9.23166E-01 
    6.05160E-03   1.32104E-02   2.38237E-02   1.25318E-02   9.87468E-01  NONE
   1.12300E+03   6.79083E-02   2.03784E-01   7.19098E-01   7.86772E-03 
    1.34157E-03   0.00000E+00   6.16389E-03   2.66009E-02   9.24011E-01 
    6.04358E-03   1.32592E-02   2.39209E-02   1.73694E-02   9.82631E-01  NONE
   1.11300E+03   6.79141E-02   2.04925E-01   7.17928E-01   7.92650E-03 
    1.30695E-03   0.00000E+00   5.91885E-03   2.58767E-02   9.24846E-01 
    6.03525E-03   1.33071E-02   2.40158E-02   2.20522E-02   9.77948E-01  NONE
   1.10300E+03   6.79200E-02   2.06087E-01   7.16733E-01   7.98748E-03 
    1.27269E-03   0.00000E+00   5.67985E-03   2.51606E-02   9.25670E-01 
    6.02658E-03   1.33541E-02   2.41084E-02   2.65841E-02   9.73416E-01  NONE
   1.09300E+03   6.79261E-02   2.07269E-01   7.15515E-01   8.05072E-03 
    1.23878E-03   0.00000E+00   5.44686E-03   2.44525E-02   9.26484E-01 
    6.01757E-03   1.34002E-02   2.41986E-02   3.09686E-02   9.69031E-01  NONE
   1.08300E+03   6.79322E-02   2.08472E-01   7.14274E-01   8.11631E-03 
    1.20524E-03   0.00000E+00   5.21983E-03   2.37525E-02   9.27288E-01 
    6.00821E-03   1.34454E-02   2.42864E-02   3.52094E-02   9.64791E-01  NONE
   1.07300E+03   6.79384E-02   2.09695E-01   7.13010E-01   8.18434E-03 
    1.17207E-03   0.00000E+00   4.99875E-03   2.30606E-02   9.28081E-01 
    5.99849E-03   1.34896E-02   2.43719E-02   3.93098E-02   9.60690E-01  NONE
   1.06300E+03   6.79448E-02   2.10937E-01   7.11724E-01   8.25489E-03 
    1.13929E-03   0.00000E+00   4.78357E-03   2.23769E-02   9.28863E-01 
    5.98839E-03   1.35329E-02   2.44552E-02   4.32731E-02   9.56727E-01  NONE
   1.05376E+03   6.79507E-02   2.12101E-01   7.10516E-01   8.32238E-03 
    1.10936E-03   0.00000E+00   4.59004E-03   2.17527E-02   9.29576E-01 
    5.97872E-03   1.35721E-02   2.45300E-02   4.68145E-02   9.53186E-01  NONE

 Phase Region for:
     BCC_A2                        
     CEMENTITE                     
     FCC_A1#1                      
 col-1=T, col-2=W(BCC_A2,C), col-3=W(BCC_A2,CR), col-4=W(BCC_A2,FE),
   col-5=W(BCC_A2,MN), col-6=W(BCC_A2,NI), col-7=W(BCC_A2,SI),
   col-8=W(CEMENTITE,C), col-9=W(CEMENTITE,CR), col-10=W(CEMENTITE,FE),
   col-11=W(CEMENTITE,MN), col-12=W(CEMENTITE,NI), col-13=W(CEMENTITE,SI),
   col-14=W(FCC_A1#1,C), col-15=W(FCC_A1#1,CR), col-16=W(FCC_A1#1,FE),
   col-17=W(FCC_A1#1,MN), col-18=W(FCC_A1#1,NI), col-19=W(FCC_A1#1,SI),
   col-20=NP(BCC_A2), col-21=NP(CEMENTITE), col-22=NP(FCC_A1#1),
   1.05376E+03   1.49691E-04   1.48467E-02   9.44893E-01   2.53364E-03 
    6.98824E-03   3.05884E-02   6.79507E-02   2.12101E-01   7.10516E-01 
    8.32239E-03   1.10936E-03   0.00000E+00   4.59004E-03   2.17527E-02 
    9.29576E-01   5.97873E-03   1.35721E-02   2.45300E-02   3.09424E-06 
    4.68148E-02   9.53182E-01
   1.05300E+03   1.48796E-04   1.47342E-02   9.45025E-01   2.55862E-03 
    7.07020E-03   3.04636E-02   6.79475E-02   2.11427E-01   7.11056E-01 
    8.44589E-03   1.12290E-03   0.00000E+00   4.58454E-03   2.16032E-02 
    9.29570E-01   6.05647E-03   1.37613E-02   2.44243E-02   2.35018E-02 
    4.89308E-02   9.27567E-01
   1.04300E+03   1.36841E-04   1.34089E-02   9.46250E-01   2.91775E-03 
    8.26934E-03   2.90174E-02   6.79105E-02   2.03684E-01   7.16835E-01 
    1.02496E-02   1.32105E-03   0.00000E+00   4.49087E-03   1.98044E-02 
    9.28691E-01   7.20248E-03   1.65923E-02   2.32190E-02   3.02010E-01 
    7.40531E-02   6.23936E-01
   1.03300E+03   1.24534E-04   1.23501E-02   9.46603E-01   3.32371E-03 
    9.67874E-03   2.79199E-02   6.78846E-02   1.98141E-01   7.20052E-01 
    1.23691E-02   1.55298E-03   0.00000E+00   4.35535E-03   1.83002E-02 
    9.26336E-01   8.57699E-03   2.00871E-02   2.23439E-02   5.22335E-01 
    9.37838E-02   3.83881E-01
   1.02300E+03   1.12185E-04   1.15191E-02   9.46244E-01   3.75150E-03 
    1.12383E-02   2.71347E-02   6.78697E-02   1.94767E-01   7.20827E-01 
    1.47297E-02   1.80724E-03   0.00000E+00   4.18221E-03   1.70588E-02 
    9.22646E-01   1.01472E-02   2.42038E-02   2.17624E-02   6.86553E-01 
    1.08107E-01   2.05340E-01
   1.01300E+03   1.00175E-04   1.08611E-02   9.45391E-01   4.17521E-03 
    1.28754E-02   2.65967E-02   6.78640E-02   1.93230E-01   7.19585E-01 
    1.72498E-02   2.07099E-03   0.00000E+00   3.98086E-03   1.60231E-02 
    9.17847E-01   1.18736E-02   2.88644E-02   2.14109E-02   8.03775E-01 
    1.17841E-01   7.83841E-02
   1.00424E+03   9.01711E-05   1.03854E-02   9.44399E-01   4.52676E-03 
    1.43225E-02   2.62759E-02   6.78650E-02   1.93064E-01   7.17228E-01 
    1.95411E-02   2.30141E-03   0.00000E+00   3.78920E-03   1.52388E-02 
    9.12902E-01   1.34917E-02   3.33367E-02   2.12412E-02   8.76529E-01 
    1.23471E-01   0.00000E+00

 Phase Region for:
     BCC_A2                        
     CEMENTITE                     
 col-1=T, col-2=W(BCC_A2,C), col-3=W(BCC_A2,CR), col-4=W(BCC_A2,FE),
   col-5=W(BCC_A2,MN), col-6=W(BCC_A2,NI), col-7=W(BCC_A2,SI),
   col-8=W(CEMENTITE,C), col-9=W(CEMENTITE,CR), col-10=W(CEMENTITE,FE),
   col-11=W(CEMENTITE,MN), col-12=W(CEMENTITE,NI), col-13=W(CEMENTITE,SI),
   col-14=NP(BCC_A2), col-15=NP(CEMENTITE),
   1.00424E+03   9.01711E-05   1.03854E-02   9.44399E-01   4.52676E-03 
    1.43225E-02   2.62759E-02   6.78650E-02   1.93064E-01   7.17228E-01 
    1.95411E-02   2.30141E-03   0.00000E+00   8.76529E-01   1.23471E-01  NONE
   1.00300E+03   8.88042E-05   1.03418E-02   9.44454E-01   4.51647E-03 
    1.43229E-02   2.62764E-02   6.78668E-02   1.93417E-01   7.16788E-01 
    1.96287E-02   2.29979E-03   0.00000E+00   8.76508E-01   1.23492E-01  NONE
   9.93000E+02   7.83717E-05   9.98355E-03   9.44908E-01   4.42466E-03 
    1.43256E-02   2.62797E-02   6.78822E-02   1.96336E-01   7.13079E-01 
    2.04122E-02   2.28994E-03   0.00000E+00   8.76342E-01   1.23658E-01  NONE
   9.83000E+02   6.90039E-05   9.60998E-03   9.45401E-01   4.31063E-03 
    1.43270E-02   2.62827E-02   6.78985E-02   1.99410E-01   7.09013E-01 
    2.13898E-02   2.28892E-03   0.00000E+00   8.76193E-01   1.23807E-01  NONE
   9.73000E+02   6.06534E-05   9.23920E-03   9.45891E-01   4.19600E-03 
    1.43284E-02   2.62852E-02   6.79148E-02   2.02478E-01   7.04948E-01 
    2.23729E-02   2.28680E-03   0.00000E+00   8.76060E-01   1.23940E-01  NONE
   9.63000E+02   5.32204E-05   8.87135E-03   9.46378E-01   4.08078E-03 
    1.43298E-02   2.62873E-02   6.79310E-02   2.05538E-01   7.00886E-01 
    2.33615E-02   2.28369E-03   0.00000E+00   8.75942E-01   1.24058E-01  NONE
   9.53000E+02   4.66141E-05   8.50661E-03   9.46862E-01   3.96500E-03 
    1.43311E-02   2.62892E-02   6.79473E-02   2.08587E-01   6.96830E-01 
    2.43556E-02   2.27970E-03   0.00000E+00   8.75837E-01   1.24163E-01  NONE
   9.43000E+02   4.07517E-05   8.14524E-03   9.47342E-01   3.84868E-03 
    1.43323E-02   2.62907E-02   6.79634E-02   2.11622E-01   6.92784E-01 
    2.53550E-02   2.27494E-03   0.00000E+00   8.75744E-01   1.24256E-01  NONE
   9.33000E+02   3.55581E-05   7.78751E-03   9.47820E-01   3.73186E-03 
    1.43336E-02   2.62920E-02   6.79795E-02   2.14640E-01   6.88752E-01 
    2.63596E-02   2.26949E-03   0.00000E+00   8.75662E-01   1.24338E-01  NONE
   9.23000E+02   3.09650E-05   7.43378E-03   9.48293E-01   3.61456E-03 
    1.43347E-02   2.62931E-02   6.79955E-02   2.17636E-01   6.84736E-01 
    2.73692E-02   2.26344E-03   0.00000E+00   8.75589E-01   1.24411E-01  NONE
   9.13000E+02   2.69104E-05   7.08440E-03   9.48762E-01   3.49684E-03 
    1.43359E-02   2.62939E-02   6.80113E-02   2.20606E-01   6.80743E-01 
    2.83833E-02   2.25687E-03   0.00000E+00   8.75524E-01   1.24476E-01  NONE
   9.03000E+02   2.33378E-05   6.73979E-03   9.49227E-01   3.37875E-03 
    1.43370E-02   2.62946E-02   6.80271E-02   2.23545E-01   6.76776E-01 
    2.94015E-02   2.24987E-03   0.00000E+00   8.75468E-01   1.24532E-01  NONE
   8.93000E+02   2.01960E-05   6.40039E-03   9.49686E-01   3.26036E-03 
    1.43381E-02   2.62951E-02   6.80426E-02   2.26450E-01   6.72842E-01 
    3.04232E-02   2.24249E-03   0.00000E+00   8.75418E-01   1.24582E-01  NONE
   8.83000E+02   1.74386E-05   6.06665E-03   9.50139E-01   3.14175E-03 
    1.43392E-02   2.62955E-02   6.80580E-02   2.29315E-01   6.68945E-01 
    3.14478E-02   2.23480E-03   0.00000E+00   8.75374E-01   1.24626E-01  NONE
   8.73000E+02   1.50236E-05   5.73905E-03   9.50587E-01   3.02301E-03 
    1.43402E-02   2.62958E-02   6.80731E-02   2.32135E-01   6.65091E-01 
    3.24744E-02   2.22686E-03   0.00000E+00   8.75336E-01   1.24664E-01  NONE
   8.63000E+02   1.29129E-05   5.41808E-03   9.51028E-01   2.90427E-03 
    1.43412E-02   2.62959E-02   6.80880E-02   2.34905E-01   6.61287E-01 
    3.35019E-02   2.21872E-03   0.00000E+00   8.75302E-01   1.24698E-01  NONE
   8.53000E+02   1.10723E-05   5.10423E-03   9.51461E-01   2.78564E-03 
    1.43422E-02   2.62960E-02   6.81026E-02   2.37620E-01   6.57538E-01 
    3.45292E-02   2.21043E-03   0.00000E+00   8.75273E-01   1.24727E-01  NONE
   8.43000E+02   9.47075E-06   4.79799E-03   9.51886E-01   2.66728E-03 
    1.43432E-02   2.62960E-02   6.81169E-02   2.40275E-01   6.53851E-01 
    3.55551E-02   2.20202E-03   0.00000E+00   8.75248E-01   1.24752E-01  NONE
   8.33000E+02   8.08042E-06   4.49984E-03   9.52303E-01   2.54934E-03 
    1.43441E-02   2.62959E-02   6.81309E-02   2.42865E-01   6.50232E-01 
    3.65780E-02   2.19353E-03   0.00000E+00   8.75225E-01   1.24775E-01  NONE
   8.23000E+02   6.87630E-06   4.21026E-03   9.52710E-01   2.43200E-03 
    1.43450E-02   2.62957E-02   6.81445E-02   2.45386E-01   6.46688E-01 
    3.75964E-02   2.18499E-03   0.00000E+00   8.75206E-01   1.24794E-01  NONE
   8.13000E+02   5.83596E-06   3.92968E-03   9.53108E-01   2.31546E-03 
    1.43459E-02   2.62955E-02   6.81578E-02   2.47833E-01   6.43224E-01 
    3.86087E-02   2.17641E-03   0.00000E+00   8.75190E-01   1.24810E-01  NONE
   8.03000E+02   4.93933E-06   3.65853E-03   9.53495E-01   2.19992E-03 
    1.43468E-02   2.62953E-02   6.81707E-02   2.50201E-01   6.39847E-01 
    3.96128E-02   2.16782E-03   0.00000E+00   8.75176E-01   1.24824E-01  NONE
   7.93000E+02   4.16853E-06   3.39719E-03   9.53870E-01   2.08560E-03 
    1.43477E-02   2.62951E-02   6.81831E-02   2.52487E-01   6.36563E-01 
    4.06069E-02   2.15921E-03   0.00000E+00   8.75163E-01   1.24837E-01  NONE
   7.83000E+02   3.50761E-06   3.14600E-03   9.54234E-01   1.97273E-03 
    1.43485E-02   2.62948E-02   6.81952E-02   2.54688E-01   6.33377E-01 
    4.15890E-02   2.15060E-03   0.00000E+00   8.75153E-01   1.24847E-01  NONE
   7.73000E+02   2.94242E-06   2.90528E-03   9.54586E-01   1.86154E-03 
    1.43494E-02   2.62945E-02   6.82067E-02   2.56800E-01   6.30295E-01 
    4.25568E-02   2.14198E-03   0.00000E+00   8.75144E-01   1.24856E-01  NONE
   7.63000E+02   2.46044E-06   2.67526E-03   9.54926E-01   1.75229E-03 
    1.43503E-02   2.62942E-02   6.82178E-02   2.58820E-01   6.27321E-01 
    4.35083E-02   2.13334E-03   0.00000E+00   8.75136E-01   1.24864E-01  NONE
   7.53000E+02   2.05057E-06   2.45616E-03   9.55252E-01   1.64521E-03 
    1.43511E-02   2.62939E-02   6.82284E-02   2.60746E-01   6.24459E-01 
    4.44412E-02   2.12467E-03   0.00000E+00   8.75130E-01   1.24870E-01  NONE
   7.43000E+02   1.70305E-06   2.24811E-03   9.55564E-01   1.54056E-03 
    1.43520E-02   2.62935E-02   6.82385E-02   2.62578E-01   6.21715E-01 
    4.53533E-02   2.11594E-03   0.00000E+00   8.75124E-01   1.24876E-01  NONE
   7.33000E+02   1.40929E-06   2.05121E-03   9.55863E-01   1.43857E-03 
    1.43528E-02   2.62932E-02   6.82481E-02   2.64312E-01   6.19090E-01 
    4.62425E-02   2.10713E-03   0.00000E+00   8.75120E-01   1.24880E-01  NONE
   7.23000E+02   1.16177E-06   1.86548E-03   9.56147E-01   1.33948E-03 
    1.43537E-02   2.62929E-02   6.82572E-02   2.65950E-01   6.16588E-01 
    4.71067E-02   2.09820E-03   0.00000E+00   8.75116E-01   1.24884E-01  NONE
   7.13000E+02   9.53896E-07   1.69089E-03   9.56417E-01   1.24351E-03 
    1.43546E-02   2.62926E-02   6.82658E-02   2.67491E-01   6.14210E-01 
    4.79438E-02   2.08912E-03   0.00000E+00   8.75112E-01   1.24888E-01  NONE
   7.03000E+02   7.79924E-07   1.52737E-03   9.56673E-01   1.15087E-03 
    1.43556E-02   2.62923E-02   6.82739E-02   2.68936E-01   6.11958E-01 
    4.87521E-02   2.07985E-03   0.00000E+00   8.75110E-01   1.24890E-01  NONE
   6.93000E+02   6.34855E-07   1.37475E-03   9.56914E-01   1.06175E-03 
    1.43565E-02   2.62920E-02   6.82815E-02   2.70285E-01   6.09833E-01 
    4.95299E-02   2.07034E-03   0.00000E+00   8.75107E-01   1.24893E-01  NONE
   6.83000E+02   5.14352E-07   1.23285E-03   9.57141E-01   9.76333E-04 
    1.43575E-02   2.62918E-02   6.82886E-02   2.71540E-01   6.07835E-01 
    5.02755E-02   2.06053E-03   0.00000E+00   8.75105E-01   1.24895E-01  NONE
   6.73000E+02   4.14661E-07   1.10142E-03   9.57353E-01   8.94752E-04 
    1.43586E-02   2.62915E-02   6.82951E-02   2.72704E-01   6.05963E-01 
    5.09877E-02   2.05038E-03   0.00000E+00   8.75104E-01   1.24896E-01  NONE
