
 Phase Region for:
     FCC_A1#2                      
 col-1=T, col-2=W(FCC_A1#2,C), col-3=W(FCC_A1#2,CR), col-4=W(FCC_A1#2,FE),
   col-5=W(FCC_A1#2,MN), col-6=W(FCC_A1#2,NI), col-7=W(FCC_A1#2,SI),
   col-8=NP(FCC_A1#2),
   1.17300E+03   5.30845E-03   7.96587E-03   9.09063E-01   2.81174E-02 
    2.55765E-02   2.39685E-02   1.00000E+00
   1.18300E+03   5.30845E-03   7.96587E-03   9.09063E-01   2.81174E-02 
    2.55765E-02   2.39685E-02   1.00000E+00
   1.19300E+03   5.30845E-03   7.96587E-03   9.09063E-01   2.81174E-02 
    2.55765E-02   2.39685E-02   1.00000E+00
   1.20300E+03   5.30845E-03   7.96587E-03   9.09063E-01   2.81174E-02 
    2.55765E-02   2.39685E-02   1.00000E+00
   1.21300E+03   5.30845E-03   7.96587E-03   9.09063E-01   2.81174E-02 
    2.55765E-02   2.39685E-02   1.00000E+00
   1.22300E+03   5.30845E-03   7.96587E-03   9.09063E-01   2.81174E-02 
    2.55765E-02   2.39685E-02   1.00000E+00
   1.23300E+03   5.30845E-03   7.96587E-03   9.09063E-01   2.81174E-02 
    2.55765E-02   2.39685E-02   1.00000E+00
   1.24300E+03   5.30845E-03   7.96587E-03   9.09063E-01   2.81174E-02 
    2.55765E-02   2.39685E-02   1.00000E+00
   1.25300E+03   5.30845E-03   7.96587E-03   9.09063E-01   2.81174E-02 
    2.55765E-02   2.39685E-02   1.00000E+00
   1.26300E+03   5.30845E-03   7.96587E-03   9.09063E-01   2.81174E-02 
    2.55765E-02   2.39685E-02   1.00000E+00
   1.27300E+03   5.30845E-03   7.96587E-03   9.09063E-01   2.81174E-02 
    2.55765E-02   2.39685E-02   1.00000E+00
   1.28300E+03   5.30845E-03   7.96587E-03   9.09063E-01   2.81174E-02 
    2.55765E-02   2.39685E-02   1.00000E+00
   1.29300E+03   5.30845E-03   7.96587E-03   9.09063E-01   2.81174E-02 
    2.55765E-02   2.39685E-02   1.00000E+00
   1.30300E+03   5.30845E-03   7.96587E-03   9.09063E-01   2.81174E-02 
    2.55765E-02   2.39685E-02   1.00000E+00
   1.31300E+03   5.30845E-03   7.96587E-03   9.09063E-01   2.81174E-02 
    2.55765E-02   2.39685E-02   1.00000E+00
   1.32300E+03   5.30845E-03   7.96587E-03   9.09063E-01   2.81174E-02 
    2.55765E-02   2.39685E-02   1.00000E+00
   1.33300E+03   5.30845E-03   7.96587E-03   9.09063E-01   2.81174E-02 
    2.55765E-02   2.39685E-02   1.00000E+00
   1.34300E+03   5.30845E-03   7.96587E-03   9.09063E-01   2.81174E-02 
    2.55765E-02   2.39685E-02   1.00000E+00
   1.35300E+03   5.30845E-03   7.96587E-03   9.09063E-01   2.81174E-02 
    2.55765E-02   2.39685E-02   1.00000E+00
   1.36300E+03   5.30845E-03   7.96587E-03   9.09063E-01   2.81174E-02 
    2.55765E-02   2.39685E-02   1.00000E+00
   1.37300E+03   5.30845E-03   7.96587E-03   9.09063E-01   2.81174E-02 
    2.55765E-02   2.39685E-02   1.00000E+00
   1.38300E+03   5.30845E-03   7.96587E-03   9.09063E-01   2.81174E-02 
    2.55765E-02   2.39685E-02   1.00000E+00
   1.39300E+03   5.30845E-03   7.96587E-03   9.09063E-01   2.81174E-02 
    2.55765E-02   2.39685E-02   1.00000E+00
   1.40300E+03   5.30845E-03   7.96587E-03   9.09063E-01   2.81174E-02 
    2.55765E-02   2.39685E-02   1.00000E+00
   1.41300E+03   5.30845E-03   7.96587E-03   9.09063E-01   2.81174E-02 
    2.55765E-02   2.39685E-02   1.00000E+00
   1.42300E+03   5.30845E-03   7.96587E-03   9.09063E-01   2.81174E-02 
    2.55765E-02   2.39685E-02   1.00000E+00
   1.43300E+03   5.30845E-03   7.96587E-03   9.09063E-01   2.81174E-02 
    2.55765E-02   2.39685E-02   1.00000E+00
   1.44300E+03   5.30845E-03   7.96587E-03   9.09063E-01   2.81174E-02 
    2.55765E-02   2.39685E-02   1.00000E+00
   1.45300E+03   5.30845E-03   7.96587E-03   9.09063E-01   2.81174E-02 
    2.55765E-02   2.39685E-02   1.00000E+00
   1.46300E+03   5.30845E-03   7.96587E-03   9.09063E-01   2.81174E-02 
    2.55765E-02   2.39685E-02   1.00000E+00
   1.47300E+03   5.30845E-03   7.96587E-03   9.09063E-01   2.81174E-02 
    2.55765E-02   2.39685E-02   1.00000E+00

 Phase Region for:
     FCC_A1#2                      
 col-1=T, col-2=W(FCC_A1#2,C), col-3=W(FCC_A1#2,CR), col-4=W(FCC_A1#2,FE),
   col-5=W(FCC_A1#2,MN), col-6=W(FCC_A1#2,NI), col-7=W(FCC_A1#2,SI),
   col-8=NP(FCC_A1#2),
   1.17300E+03   5.30845E-03   7.96587E-03   9.09063E-01   2.81174E-02 
    2.55765E-02   2.39685E-02   1.00000E+00
   1.16300E+03   5.30845E-03   7.96587E-03   9.09063E-01   2.81174E-02 
    2.55765E-02   2.39685E-02   1.00000E+00
   1.15300E+03   5.30845E-03   7.96587E-03   9.09063E-01   2.81174E-02 
    2.55765E-02   2.39685E-02   1.00000E+00
   1.14300E+03   5.30845E-03   7.96587E-03   9.09063E-01   2.81174E-02 
    2.55765E-02   2.39685E-02   1.00000E+00
   1.13300E+03   5.30845E-03   7.96587E-03   9.09063E-01   2.81174E-02 
    2.55765E-02   2.39685E-02   1.00000E+00
   1.12300E+03   5.30845E-03   7.96587E-03   9.09063E-01   2.81174E-02 
    2.55765E-02   2.39685E-02   1.00000E+00
   1.11300E+03   5.30845E-03   7.96587E-03   9.09063E-01   2.81174E-02 
    2.55765E-02   2.39685E-02   1.00000E+00
   1.10300E+03   5.30845E-03   7.96587E-03   9.09063E-01   2.81174E-02 
    2.55765E-02   2.39685E-02   1.00000E+00
   1.09300E+03   5.30845E-03   7.96587E-03   9.09063E-01   2.81174E-02 
    2.55765E-02   2.39685E-02   1.00000E+00
   1.08300E+03   5.30845E-03   7.96587E-03   9.09063E-01   2.81174E-02 
    2.55765E-02   2.39685E-02   1.00000E+00
   1.07300E+03   5.30845E-03   7.96587E-03   9.09063E-01   2.81174E-02 
    2.55765E-02   2.39685E-02   1.00000E+00
   1.06300E+03   5.30845E-03   7.96587E-03   9.09063E-01   2.81174E-02 
    2.55765E-02   2.39685E-02   1.00000E+00
   1.05300E+03   5.30845E-03   7.96587E-03   9.09063E-01   2.81174E-02 
    2.55765E-02   2.39685E-02   1.00000E+00
   1.04300E+03   5.30845E-03   7.96587E-03   9.09063E-01   2.81174E-02 
    2.55765E-02   2.39685E-02   1.00000E+00
   1.03300E+03   5.30845E-03   7.96587E-03   9.09063E-01   2.81174E-02 
    2.55765E-02   2.39685E-02   1.00000E+00
   1.02941E+03   5.30845E-03   7.96587E-03   9.09063E-01   2.81174E-02 
    2.55765E-02   2.39685E-02   1.00000E+00

 Phase Region for:
     CEMENTITE                     
     FCC_A1#2                      
 col-1=T, col-2=W(CEMENTITE,C), col-3=W(CEMENTITE,CR), col-4=W(CEMENTITE,FE),
   col-5=W(CEMENTITE,MN), col-6=W(CEMENTITE,NI), col-7=W(CEMENTITE,SI),
   col-8=W(FCC_A1#2,C), col-9=W(FCC_A1#2,CR), col-10=W(FCC_A1#2,FE),
   col-11=W(FCC_A1#2,MN), col-12=W(FCC_A1#2,NI), col-13=W(FCC_A1#2,SI),
   col-14=NP(CEMENTITE), col-15=NP(FCC_A1#2),
   1.02941E+03   6.73716E-02   8.76624E-02   7.96530E-01   4.59930E-02 
    2.44332E-03   0.00000E+00   5.30845E-03   7.96587E-03   9.09063E-01 
    2.81174E-02   2.55765E-02   2.39685E-02   4.31098E-08   1.00000E+00
   1.02300E+03   6.73729E-02   8.78265E-02   7.96099E-01   4.63015E-02 
    2.39995E-03   0.00000E+00   5.16677E-03   7.78357E-03   9.09321E-01 
    2.80759E-02   2.56294E-02   2.40232E-02   2.73648E-03   9.97264E-01
   1.01300E+03   6.73749E-02   8.80790E-02   7.95417E-01   4.67960E-02 
    2.33291E-03   0.00000E+00   4.95001E-03   7.50320E-03   9.09720E-01 
    2.80095E-02   2.57107E-02   2.41069E-02   6.89933E-03   9.93101E-01
   1.00300E+03   6.73769E-02   8.83270E-02   7.94722E-01   4.73070E-02 
    2.26665E-03   0.00000E+00   4.73841E-03   7.22783E-03   9.10113E-01 
    2.79412E-02   2.57906E-02   2.41886E-02   1.09351E-02   9.89065E-01
   9.93000E+02   6.73789E-02   8.85705E-02   7.94014E-01   4.78351E-02 
    2.20117E-03   0.00000E+00   4.53197E-03   6.95753E-03   9.10503E-01 
    2.78707E-02   2.58689E-02   2.42683E-02   1.48463E-02   9.85154E-01
   9.91398E+02   6.73792E-02   8.86091E-02   7.93900E-01   4.79213E-02 
    2.19075E-03   0.00000E+00   4.49938E-03   6.91471E-03   9.10564E-01 
    2.78593E-02   2.58813E-02   2.42809E-02   1.54614E-02   9.84539E-01

 Phase Region for:
     BCC_A2                        
     CEMENTITE                     
     FCC_A1#2                      
 col-1=T, col-2=W(BCC_A2,C), col-3=W(BCC_A2,CR), col-4=W(BCC_A2,FE),
   col-5=W(BCC_A2,MN), col-6=W(BCC_A2,NI), col-7=W(BCC_A2,SI),
   col-8=W(CEMENTITE,C), col-9=W(CEMENTITE,CR), col-10=W(CEMENTITE,FE),
   col-11=W(CEMENTITE,MN), col-12=W(CEMENTITE,NI), col-13=W(CEMENTITE,SI),
   col-14=W(FCC_A1#2,C), col-15=W(FCC_A1#2,CR), col-16=W(FCC_A1#2,FE),
   col-17=W(FCC_A1#2,MN), col-18=W(FCC_A1#2,NI), col-19=W(FCC_A1#2,SI),
   col-20=NP(BCC_A2), col-21=NP(CEMENTITE), col-22=NP(FCC_A1#2),
   9.91398E+02   9.16072E-05   4.46353E-03   9.45560E-01   9.45899E-03 
    1.03608E-02   3.00655E-02   6.73792E-02   8.86090E-02   7.93900E-01 
    4.79214E-02   2.19076E-03   0.00000E+00   4.49937E-03   6.91470E-03 
    9.10564E-01   2.78593E-02   2.58814E-02   2.42809E-02   1.81411E-06 
    1.54616E-02   9.84537E-01
   9.83000E+02   8.33741E-05   4.09599E-03   9.45599E-01   9.88210E-03 
    1.10351E-02   2.93050E-02   6.73662E-02   8.49316E-02   7.92263E-01 
    5.30839E-02   2.35542E-03   0.00000E+00   4.35648E-03   6.33519E-03 
    9.06252E-01   3.05157E-02   2.87767E-02   2.37641E-02   1.41515E-01 
    2.98342E-02   8.28651E-01
   9.73000E+02   7.40156E-05   3.73702E-03   9.45497E-01   1.03025E-02 
    1.18339E-02   2.85554E-02   6.73568E-02   8.16880E-02   7.88660E-01 
    5.97372E-02   2.55830E-03   0.00000E+00   4.16723E-03   5.76129E-03 
    9.00074E-01   3.39943E-02   3.26873E-02   2.33157E-02   2.83941E-01 
    4.41003E-02   6.71959E-01
   9.63000E+02   6.52128E-05   3.45212E-03   9.45105E-01   1.07328E-02 
    1.26491E-02   2.79962E-02   6.73528E-02   7.94348E-02   7.83636E-01 
    6.68128E-02   2.76320E-03   0.00000E+00   3.96334E-03   5.28400E-03 
    8.92902E-01   3.77532E-02   3.70955E-02   2.30023E-02   4.00401E-01 
    5.55001E-02   5.44099E-01
   9.53000E+02   5.70877E-05   3.22065E-03   9.44545E-01   1.11405E-02 
    1.34556E-02   2.75817E-02   6.73530E-02   7.79496E-02   7.77556E-01 
    7.41768E-02   2.96506E-03   0.00000E+00   3.75055E-03   4.87826E-03 
    8.84868E-01   4.17295E-02   4.19928E-02   2.27811E-02   4.94373E-01 
    6.44307E-02   4.41196E-01
   9.43000E+02   4.96999E-05   3.02729E-03   9.43908E-01   1.15051E-02 
    1.42360E-02   2.72742E-02   6.73562E-02   7.70470E-02   7.70709E-01 
    8.17275E-02   3.16052E-03   0.00000E+00   3.53349E-03   4.52459E-03 
    8.76055E-01   4.58816E-02   4.73890E-02   2.26166E-02   5.69804E-01 
    7.13513E-02   3.58845E-01
   9.33000E+02   4.30611E-05   2.86111E-03   9.43258E-01   1.18133E-02 
    1.49789E-02   2.70452E-02   6.73618E-02   7.65848E-02   7.63321E-01 
    8.93848E-02   3.34742E-03   0.00000E+00   3.31566E-03   4.20883E-03 
    8.66500E-01   5.01853E-02   5.33091E-02   2.24810E-02   6.30300E-01 
    7.66845E-02   2.93015E-01
   9.23000E+02   3.71512E-05   2.71444E-03   9.42641E-01   1.20575E-02 
    1.56764E-02   2.68736E-02   6.73691E-02   7.64567E-02   7.55564E-01 
    9.70855E-02   3.52433E-03   0.00000E+00   3.09964E-03   3.92092E-03 
    8.56203E-01   5.46317E-02   5.97918E-02   2.23534E-02   6.78885E-01 
    8.07841E-02   2.40331E-01
   9.13000E+02   3.19299E-05   2.58189E-03   9.42086E-01   1.22337E-02 
    1.63228E-02   2.67438E-02   6.73777E-02   7.65842E-02   7.47570E-01 
    1.04778E-01   3.69020E-03   0.00000E+00   2.88728E-03   3.65380E-03 
    8.45129E-01   5.92237E-02   6.68879E-02   2.22179E-02   7.17989E-01 
    8.39330E-02   1.98078E-01
   9.03000E+02   2.73465E-05   2.45963E-03   9.41614E-01   1.23406E-02 
    1.69135E-02   2.66450E-02   6.73873E-02   7.69092E-02   7.39442E-01 
    1.12418E-01   3.84421E-03   0.00000E+00   2.67992E-03   3.40258E-03 
    8.33221E-01   6.39751E-02   7.46587E-02   2.20625E-02   7.49533E-01 
    8.63514E-02   1.64115E-01
   8.93000E+02   2.33449E-05   2.34496E-03   9.41239E-01   1.23785E-02 
    1.74447E-02   2.65692E-02   6.73976E-02   7.73882E-02   7.31262E-01 
    1.19967E-01   3.98561E-03   0.00000E+00   2.47855E-03   3.16393E-03 
    8.20395E-01   6.89091E-02   8.31752E-02   2.18781E-02   7.75026E-01 
    8.82095E-02   1.36764E-01
   8.83000E+02   1.98681E-05   2.23594E-03   9.40971E-01   1.23493E-02 
    1.79130E-02   2.65108E-02   6.74083E-02   7.79880E-02   7.23097E-01 
    1.27393E-01   4.11369E-03   0.00000E+00   2.28394E-03   2.93560E-03 
    8.06549E-01   7.40575E-02   9.25170E-02   2.16572E-02   7.95655E-01 
    8.96378E-02   1.14707E-01
   8.73000E+02   1.68601E-05   2.13118E-03   9.40815E-01   1.22558E-02 
    1.83153E-02   2.64656E-02   6.74194E-02   7.86829E-02   7.15005E-01 
    1.34664E-01   4.22776E-03   0.00000E+00   2.09672E-03   2.71621E-03 
    7.91565E-01   7.94591E-02   1.02769E-01   2.13942E-02   8.12356E-01 
    9.07362E-02   9.69081E-02
   8.63000E+02   1.42681E-05   2.02967E-03   9.40775E-01   1.21013E-02 
    1.86493E-02   2.64309E-02   6.74308E-02   7.94528E-02   7.07033E-01 
    1.41756E-01   4.32719E-03   0.00000E+00   1.91749E-03   2.50506E-03 
    7.75320E-01   8.51573E-02   1.14016E-01   2.10843E-02   8.25873E-01 
    9.15815E-02   8.25452E-02
   8.53000E+02   1.20425E-05   1.93073E-03   9.40850E-01   1.18900E-02 
    1.89127E-02   2.64045E-02   6.74422E-02   8.02814E-02   6.99222E-01 
    1.48643E-01   4.41145E-03   0.00000E+00   1.74685E-03   2.30202E-03 
    7.57697E-01   9.11952E-02   1.26334E-01   2.07245E-02   8.36802E-01 
    9.22324E-02   7.09656E-02
   8.43000E+02   1.01379E-05   1.83389E-03   9.41040E-01   1.16266E-02 
    1.91047E-02   2.63848E-02   6.74537E-02   8.11555E-02   6.91605E-01 
    1.55306E-01   4.48013E-03   0.00000E+00   1.58553E-03   2.10746E-03 
    7.38618E-01   9.76075E-02   1.39768E-01   2.03134E-02   8.45618E-01 
    9.27340E-02   6.16485E-02
   8.33000E+02   8.51327E-06   1.73883E-03   9.41341E-01   1.13159E-02 
    1.92254E-02   2.63708E-02   6.74652E-02   8.20640E-02   6.84213E-01 
    1.61725E-01   4.53309E-03   0.00000E+00   1.43436E-03   1.92220E-03 
    7.18073E-01   1.04407E-01   1.54310E-01   1.98527E-02   8.52702E-01 
    9.31206E-02   5.41776E-02
   8.23000E+02   7.13139E-06   1.64540E-03   9.41746E-01   1.09635E-02 
    1.92764E-02   2.63616E-02   6.74765E-02   8.29974E-02   6.77069E-01 
    1.67886E-01   4.57053E-03   0.00000E+00   1.29433E-03   1.74743E-03 
    6.96179E-01   1.11569E-01   1.69861E-01   1.93483E-02   8.58361E-01 
    9.34185E-02   4.82206E-02
   8.13000E+02   5.95922E-06   1.55353E-03   9.42248E-01   1.05751E-02 
    1.92611E-02   2.63562E-02   6.74876E-02   8.39474E-02   6.70191E-01 
    1.73781E-01   4.59298E-03   0.00000E+00   1.16635E-03   1.58444E-03 
    6.73208E-01   1.19017E-01   1.86213E-01   1.88109E-02   8.62843E-01 
    9.36480E-02   4.35086E-02
   8.03000E+02   4.96743E-06   1.46326E-03   9.42836E-01   1.01569E-02 
    1.91846E-02   2.63542E-02   6.74986E-02   8.49064E-02   6.63587E-01 
    1.79406E-01   4.60139E-03   0.00000E+00   1.05112E-03   1.43433E-03 
    6.49588E-01   1.26621E-01   2.03051E-01   1.82554E-02   8.66354E-01 
    9.38246E-02   3.98214E-02
   7.93000E+02   4.13025E-06   1.37468E-03   9.43498E-01   9.71512E-03 
    1.90533E-02   2.63549E-02   6.75093E-02   8.58674E-02   6.57260E-01 
    1.84766E-01   4.59702E-03   0.00000E+00   9.48789E-04   1.29768E-03 
    6.25839E-01   1.34216E-01   2.19999E-01   1.76993E-02   8.69067E-01 
    9.39608E-02   3.69723E-02
   7.83000E+02   3.42514E-06   1.28794E-03   9.44221E-01   9.25601E-03 
    1.88740E-02   2.63577E-02   6.75197E-02   8.68240E-02   6.51204E-01 
    1.89871E-01   4.58133E-03   0.00000E+00   8.58901E-04   1.17437E-03 
    6.02469E-01   1.41638E-01   2.36701E-01   1.71587E-02   8.71134E-01 
    9.40663E-02   3.48002E-02
   7.73000E+02   2.83257E-06   1.20322E-03   9.44992E-01   8.78549E-03 
    1.86541E-02   2.63623E-02   6.75299E-02   8.77702E-02   6.45410E-01 
    1.94734E-01   4.55583E-03   0.00000E+00   7.80424E-04   1.06361E-03 
    5.79876E-01   1.48753E-01   2.52881E-01   1.66462E-02   8.72685E-01 
    9.41486E-02   3.31661E-02
   7.63000E+02   2.33571E-06   1.12071E-03   9.45800E-01   8.30885E-03 
    1.84002E-02   2.63680E-02   6.75397E-02   8.87005E-02   6.39865E-01 
    1.99373E-01   4.52195E-03   0.00000E+00   7.12010E-04   9.64191E-04 
    5.58316E-01   1.55470E-01   2.68369E-01   1.61694E-02   8.73833E-01 
    9.42135E-02   3.19530E-02
   7.53000E+02   1.92009E-06   1.04061E-03   9.46634E-01   7.83071E-03 
    1.81184E-02   2.63748E-02   6.75493E-02   8.96101E-02   6.34560E-01 
    2.03800E-01   4.48101E-03   0.00000E+00   6.52223E-04   8.74791E-04 
    5.37905E-01   1.61744E-01   2.83092E-01   1.57321E-02   8.74669E-01 
    9.42655E-02   3.10657E-02
   7.43000E+02   1.57331E-06   9.63122E-04   9.47485E-01   7.35499E-03 
    1.78137E-02   2.63821E-02   6.75585E-02   9.04949E-02   6.29484E-01 
    2.08029E-01   4.43411E-03   0.00000E+00   5.99713E-04   7.94113E-04 
    5.18663E-01   1.67562E-01   2.97046E-01   1.53350E-02   8.75263E-01 
    9.43078E-02   3.04289E-02
   7.33000E+02   1.28476E-06   8.88424E-04   9.48345E-01   6.88497E-03 
    1.74906E-02   2.63899E-02   6.75674E-02   9.13513E-02   6.24631E-01 
    2.12068E-01   4.38219E-03   0.00000E+00   5.53300E-04   7.21010E-04 
    5.00550E-01   1.72932E-01   3.10267E-01   1.49771E-02   8.75673E-01 
    9.43427E-02   2.99843E-02
   7.23000E+02   1.04537E-06   8.16685E-04   9.49209E-01   6.42341E-03 
    1.71525E-02   2.63978E-02   6.75759E-02   9.21764E-02   6.19998E-01 
    2.15924E-01   4.32602E-03   0.00000E+00   5.11987E-04   6.54512E-04 
    4.83493E-01   1.77870E-01   3.22814E-01   1.46566E-02   8.75941E-01 
    9.43720E-02   2.96874E-02
   7.13000E+02   8.47381E-07   7.48054E-04   9.50070E-01   5.97261E-03 
    1.68024E-02   2.64058E-02   6.75841E-02   9.29677E-02   6.15581E-01 
    2.19601E-01   4.26619E-03   0.00000E+00   4.74956E-04   5.93816E-04 
    4.67408E-01   1.82403E-01   3.34750E-01   1.43713E-02   8.76099E-01 
    9.43969E-02   2.95044E-02
   7.03000E+02   6.84167E-07   6.82656E-04   9.50926E-01   5.53453E-03 
    1.64427E-02   2.64138E-02   6.75919E-02   9.37229E-02   6.11380E-01 
    2.23102E-01   4.20318E-03   0.00000E+00   4.41538E-04   5.38262E-04 
    4.52208E-01   1.86553E-01   3.46139E-01   1.41192E-02   8.76172E-01 
    9.44183E-02   2.94094E-02
   6.93000E+02   5.50090E-07   6.20595E-04   9.51771E-01   5.11078E-03 
    1.60751E-02   2.64215E-02   6.75994E-02   9.44406E-02   6.07395E-01 
    2.26428E-01   4.13735E-03   0.00000E+00   4.11191E-04   4.87313E-04 
    4.37812E-01   1.90347E-01   3.57044E-01   1.38982E-02   8.76180E-01 
    9.44370E-02   2.93830E-02
   6.83000E+02   4.40350E-07   5.61950E-04   9.52605E-01   4.70274E-03 
    1.57012E-02   2.64290E-02   6.76064E-02   9.51194E-02   6.03627E-01 
    2.29578E-01   4.06894E-03   0.00000E+00   3.83472E-04   4.40524E-04 
    4.24144E-01   1.93807E-01   3.67518E-01   1.37066E-02   8.76136E-01 
    9.44536E-02   2.94102E-02
   6.73000E+02   3.50878E-07   5.06774E-04   9.53423E-01   4.31155E-03 
    1.53221E-02   2.64361E-02   6.76131E-02   9.57584E-02   6.00078E-01 
    2.32552E-01   3.99814E-03   0.00000E+00   3.58017E-04   3.97527E-04 
    4.11135E-01   1.96956E-01   3.77611E-01   1.35429E-02   8.76052E-01 
    9.44683E-02   2.94796E-02
