
 Phase Region for:
     FCC_A1#1                      
 col-1=T, col-2=W(FCC_A1#1,C), col-3=W(FCC_A1#1,CR), col-4=W(FCC_A1#1,FE),
   col-5=W(FCC_A1#1,MN), col-6=W(FCC_A1#1,NI), col-7=W(FCC_A1#1,SI),
   col-8=NP(FCC_A1#1),
   1.17300E+03   5.41904E-03   2.78747E-02   9.27535E-01   2.36136E-02 
    3.62397E-03   1.19335E-02   1.00000E+00
   1.18300E+03   5.41904E-03   2.78747E-02   9.27535E-01   2.36136E-02 
    3.62397E-03   1.19335E-02   1.00000E+00
   1.19300E+03   5.41904E-03   2.78747E-02   9.27535E-01   2.36136E-02 
    3.62397E-03   1.19335E-02   1.00000E+00
   1.20300E+03   5.41904E-03   2.78747E-02   9.27535E-01   2.36136E-02 
    3.62397E-03   1.19335E-02   1.00000E+00
   1.21300E+03   5.41904E-03   2.78747E-02   9.27535E-01   2.36136E-02 
    3.62397E-03   1.19335E-02   1.00000E+00
   1.22300E+03   5.41904E-03   2.78747E-02   9.27535E-01   2.36136E-02 
    3.62397E-03   1.19335E-02   1.00000E+00
   1.23300E+03   5.41904E-03   2.78747E-02   9.27535E-01   2.36136E-02 
    3.62397E-03   1.19335E-02   1.00000E+00
   1.24300E+03   5.41904E-03   2.78747E-02   9.27535E-01   2.36136E-02 
    3.62397E-03   1.19335E-02   1.00000E+00
   1.25300E+03   5.41904E-03   2.78747E-02   9.27535E-01   2.36136E-02 
    3.62397E-03   1.19335E-02   1.00000E+00
   1.26300E+03   5.41904E-03   2.78747E-02   9.27535E-01   2.36136E-02 
    3.62397E-03   1.19335E-02   1.00000E+00
   1.27300E+03   5.41904E-03   2.78747E-02   9.27535E-01   2.36136E-02 
    3.62397E-03   1.19335E-02   1.00000E+00
   1.28300E+03   5.41904E-03   2.78747E-02   9.27535E-01   2.36136E-02 
    3.62397E-03   1.19335E-02   1.00000E+00
   1.29300E+03   5.41904E-03   2.78747E-02   9.27535E-01   2.36136E-02 
    3.62397E-03   1.19335E-02   1.00000E+00
   1.30300E+03   5.41904E-03   2.78747E-02   9.27535E-01   2.36136E-02 
    3.62397E-03   1.19335E-02   1.00000E+00
   1.31300E+03   5.41904E-03   2.78747E-02   9.27535E-01   2.36136E-02 
    3.62397E-03   1.19335E-02   1.00000E+00
   1.32300E+03   5.41904E-03   2.78747E-02   9.27535E-01   2.36136E-02 
    3.62397E-03   1.19335E-02   1.00000E+00
   1.33300E+03   5.41904E-03   2.78747E-02   9.27535E-01   2.36136E-02 
    3.62397E-03   1.19335E-02   1.00000E+00
   1.34300E+03   5.41904E-03   2.78747E-02   9.27535E-01   2.36136E-02 
    3.62397E-03   1.19335E-02   1.00000E+00
   1.35300E+03   5.41904E-03   2.78747E-02   9.27535E-01   2.36136E-02 
    3.62397E-03   1.19335E-02   1.00000E+00
   1.36300E+03   5.41904E-03   2.78747E-02   9.27535E-01   2.36136E-02 
    3.62397E-03   1.19335E-02   1.00000E+00
   1.37300E+03   5.41904E-03   2.78747E-02   9.27535E-01   2.36136E-02 
    3.62397E-03   1.19335E-02   1.00000E+00
   1.38300E+03   5.41904E-03   2.78747E-02   9.27535E-01   2.36136E-02 
    3.62397E-03   1.19335E-02   1.00000E+00
   1.39300E+03   5.41904E-03   2.78747E-02   9.27535E-01   2.36136E-02 
    3.62397E-03   1.19335E-02   1.00000E+00
   1.40300E+03   5.41904E-03   2.78747E-02   9.27535E-01   2.36136E-02 
    3.62397E-03   1.19335E-02   1.00000E+00
   1.41300E+03   5.41904E-03   2.78747E-02   9.27535E-01   2.36136E-02 
    3.62397E-03   1.19335E-02   1.00000E+00
   1.42300E+03   5.41904E-03   2.78747E-02   9.27535E-01   2.36136E-02 
    3.62397E-03   1.19335E-02   1.00000E+00
   1.43300E+03   5.41904E-03   2.78747E-02   9.27535E-01   2.36136E-02 
    3.62397E-03   1.19335E-02   1.00000E+00
   1.44300E+03   5.41904E-03   2.78747E-02   9.27535E-01   2.36136E-02 
    3.62397E-03   1.19335E-02   1.00000E+00
   1.45300E+03   5.41904E-03   2.78747E-02   9.27535E-01   2.36136E-02 
    3.62397E-03   1.19335E-02   1.00000E+00
   1.46300E+03   5.41904E-03   2.78747E-02   9.27535E-01   2.36136E-02 
    3.62397E-03   1.19335E-02   1.00000E+00
   1.47300E+03   5.41904E-03   2.78747E-02   9.27535E-01   2.36136E-02 
    3.62397E-03   1.19335E-02   1.00000E+00

 Phase Region for:
     FCC_A1#1                      
 col-1=T, col-2=W(FCC_A1#1,C), col-3=W(FCC_A1#1,CR), col-4=W(FCC_A1#1,FE),
   col-5=W(FCC_A1#1,MN), col-6=W(FCC_A1#1,NI), col-7=W(FCC_A1#1,SI),
   col-8=NP(FCC_A1#1),
   1.17300E+03   5.41904E-03   2.78747E-02   9.27535E-01   2.36136E-02 
    3.62397E-03   1.19335E-02   1.00000E+00
   1.16300E+03   5.41904E-03   2.78747E-02   9.27535E-01   2.36136E-02 
    3.62397E-03   1.19335E-02   1.00000E+00
   1.15300E+03   5.41904E-03   2.78747E-02   9.27535E-01   2.36136E-02 
    3.62397E-03   1.19335E-02   1.00000E+00
   1.14300E+03   5.41904E-03   2.78747E-02   9.27535E-01   2.36136E-02 
    3.62397E-03   1.19335E-02   1.00000E+00
   1.13300E+03   5.41904E-03   2.78747E-02   9.27535E-01   2.36136E-02 
    3.62397E-03   1.19335E-02   1.00000E+00
   1.12300E+03   5.41904E-03   2.78747E-02   9.27535E-01   2.36136E-02 
    3.62397E-03   1.19335E-02   1.00000E+00
   1.11300E+03   5.41904E-03   2.78747E-02   9.27535E-01   2.36136E-02 
    3.62397E-03   1.19335E-02   1.00000E+00
   1.10300E+03   5.41904E-03   2.78747E-02   9.27535E-01   2.36136E-02 
    3.62397E-03   1.19335E-02   1.00000E+00
   1.09300E+03   5.41904E-03   2.78747E-02   9.27535E-01   2.36136E-02 
    3.62397E-03   1.19335E-02   1.00000E+00
   1.08772E+03   5.41904E-03   2.78747E-02   9.27535E-01   2.36136E-02 
    3.62397E-03   1.19335E-02   1.00000E+00

 Phase Region for:
     CEMENTITE                     
     FCC_A1#1                      
 col-1=T, col-2=W(CEMENTITE,C), col-3=W(CEMENTITE,CR), col-4=W(CEMENTITE,FE),
   col-5=W(CEMENTITE,MN), col-6=W(CEMENTITE,NI), col-7=W(CEMENTITE,SI),
   col-8=W(FCC_A1#1,C), col-9=W(FCC_A1#1,CR), col-10=W(FCC_A1#1,FE),
   col-11=W(FCC_A1#1,MN), col-12=W(FCC_A1#1,NI), col-13=W(FCC_A1#1,SI),
   col-14=NP(CEMENTITE), col-15=NP(FCC_A1#1),
   1.08772E+03   6.81668E-02   2.49226E-01   6.47450E-01   3.48939E-02 
    2.63076E-04   0.00000E+00   5.41904E-03   2.78747E-02   9.27535E-01 
    2.36136E-02   3.62397E-03   1.19335E-02   4.50161E-08   1.00000E+00  NONE
   1.08300E+03   6.81709E-02   2.50009E-01   6.46529E-01   3.50313E-02 
    2.59559E-04   0.00000E+00   5.31096E-03   2.74921E-02   9.28019E-01 
    2.35939E-02   3.62976E-03   1.19541E-02   2.10854E-03   9.97891E-01  NONE
   1.07300E+03   6.81795E-02   2.51686E-01   6.44552E-01   3.53299E-02 
    2.52181E-04   0.00000E+00   5.08634E-03   2.66882E-02   9.29035E-01 
    2.35515E-02   3.64184E-03   1.19968E-02   6.46769E-03   9.93532E-01  NONE
   1.06300E+03   6.81883E-02   2.53389E-01   6.42539E-01   3.56392E-02 
    2.44905E-04   0.00000E+00   4.86758E-03   2.58934E-02   9.30039E-01 
    2.35079E-02   3.65366E-03   1.20383E-02   1.06832E-02   9.89317E-01  NONE
   1.05300E+03   6.81973E-02   2.55116E-01   6.40489E-01   3.59595E-02 
    2.37730E-04   0.00000E+00   4.65466E-03   2.51078E-02   9.31030E-01 
    2.34633E-02   3.66520E-03   1.20788E-02   1.47583E-02   9.85242E-01  NONE
   1.04300E+03   6.82063E-02   2.56869E-01   6.38402E-01   3.62914E-02 
    2.30658E-04   0.00000E+00   4.44755E-03   2.43315E-02   9.32009E-01 
    2.34174E-02   3.67647E-03   1.21181E-02   1.86958E-02   9.81304E-01  NONE
   1.03300E+03   6.82155E-02   2.58647E-01   6.36279E-01   3.66351E-02 
    2.23690E-04   0.00000E+00   4.24624E-03   2.35648E-02   9.32975E-01 
    2.33704E-02   3.68747E-03   1.21564E-02   2.24986E-02   9.77501E-01  NONE
   1.02300E+03   6.82249E-02   2.60448E-01   6.34119E-01   3.69913E-02 
    2.16828E-04   0.00000E+00   4.05070E-03   2.28076E-02   9.33928E-01 
    2.33221E-02   3.69820E-03   1.21935E-02   2.61697E-02   9.73830E-01  NONE
   1.01593E+03   6.82316E-02   2.61738E-01   6.32568E-01   3.72511E-02 
    2.12038E-04   0.00000E+00   3.91583E-03   2.22779E-02   9.34594E-01 
    2.32872E-02   3.70562E-03   1.22191E-02   2.86887E-02   9.71311E-01  NONE

 Phase Region for:
     BCC_A2                        
     CEMENTITE                     
     FCC_A1#1                      
 col-1=T, col-2=W(BCC_A2,C), col-3=W(BCC_A2,CR), col-4=W(BCC_A2,FE),
   col-5=W(BCC_A2,MN), col-6=W(BCC_A2,NI), col-7=W(BCC_A2,SI),
   col-8=W(CEMENTITE,C), col-9=W(CEMENTITE,CR), col-10=W(CEMENTITE,FE),
   col-11=W(CEMENTITE,MN), col-12=W(CEMENTITE,NI), col-13=W(CEMENTITE,SI),
   col-14=W(FCC_A1#1,C), col-15=W(FCC_A1#1,CR), col-16=W(FCC_A1#1,FE),
   col-17=W(FCC_A1#1,MN), col-18=W(FCC_A1#1,NI), col-19=W(FCC_A1#1,SI),
   col-20=NP(BCC_A2), col-21=NP(CEMENTITE), col-22=NP(FCC_A1#1),
   1.01593E+03   9.47948E-05   1.50320E-02   9.59233E-01   9.03700E-03 
    1.64522E-03   1.49581E-02   6.82316E-02   2.61737E-01   6.32568E-01 
    3.72512E-02   2.12038E-04   0.00000E+00   3.91582E-03   2.22779E-02 
    9.34594E-01   2.32873E-02   3.70563E-03   1.22191E-02   3.23204E-06 
    2.86890E-02   9.71308E-01
   1.01300E+03   9.21810E-05   1.45676E-02   9.59492E-01   9.42664E-03 
    1.72339E-03   1.46984E-02   6.82158E-02   2.58008E-01   6.33831E-01 
    3.97220E-02   2.23532E-04   0.00000E+00   3.90430E-03   2.16690E-02 
    9.33878E-01   2.45756E-02   3.93659E-03   1.20367E-02   9.09392E-02 
    3.56351E-02   8.73426E-01
   1.00300E+03   8.28781E-05   1.32386E-02   9.59879E-01   1.07891E-02 
    2.01186E-03   1.39988E-02   6.81741E-02   2.47584E-01   6.35098E-01 
    4.88785E-02   2.65972E-04   0.00000E+00   3.82967E-03   1.98931E-02 
    9.30475E-01   2.93517E-02   4.84266E-03   1.16081E-02   3.50529E-01 
    5.57869E-02   5.93684E-01
   9.93000E+02   7.33074E-05   1.22398E-02   9.59697E-01   1.21272E-02 
    2.32888E-03   1.35338E-02   6.81507E-02   2.40632E-01   6.31908E-01 
    5.89968E-02   3.12677E-04   0.00000E+00   3.70575E-03   1.85255E-02 
    9.25726E-01   3.46598E-02   5.95104E-03   1.14321E-02   5.42317E-01 
    7.07796E-02   3.86903E-01
   9.83000E+02   6.39889E-05   1.15001E-02   9.59025E-01   1.34792E-02 
    2.67925E-03   1.32523E-02   6.81420E-02   2.36507E-01   6.25270E-01 
    6.97187E-02   3.63046E-04   0.00000E+00   3.54656E-03   1.74535E-02 
    9.19982E-01   4.03141E-02   7.28854E-03   1.14148E-02   6.82011E-01 
    8.14786E-02   2.36511E-01
   9.73000E+02   5.52590E-05   1.09340E-02   9.58084E-01   1.47760E-02 
    3.06241E-03   1.30887E-02   6.81443E-02   2.34544E-01   6.16165E-01 
    8.07289E-02   4.16896E-04   0.00000E+00   3.36466E-03   1.65851E-02 
    9.13513E-01   4.61552E-02   8.88987E-03   1.14925E-02   7.82940E-01 
    8.88681E-02   1.28192E-01
   9.63000E+02   4.73103E-05   1.04808E-02   9.57023E-01   1.59694E-02 
    3.48051E-03   1.29986E-02   6.81545E-02   2.34175E-01   6.05405E-01 
    9.17909E-02   4.74546E-04   0.00000E+00   3.17007E-03   1.58509E-02 
    9.06484E-01   5.20711E-02   1.08037E-02   1.16205E-02   8.55618E-01 
    9.38352E-02   5.05465E-02
   9.54006E+02   4.08961E-05   1.01353E-02   9.56052E-01   1.69267E-02 
    3.88914E-03   1.29563E-02   6.81686E-02   2.34849E-01   5.94819E-01 
    1.01633E-01   5.30090E-04   0.00000E+00   2.99024E-03   1.52645E-02 
    8.99756E-01   5.73936E-02   1.28427E-02   1.17527E-02   9.03191E-01 
    9.68088E-02   0.00000E+00

 Phase Region for:
     BCC_A2                        
     CEMENTITE                     
 col-1=T, col-2=W(BCC_A2,C), col-3=W(BCC_A2,CR), col-4=W(BCC_A2,FE),
   col-5=W(BCC_A2,MN), col-6=W(BCC_A2,NI), col-7=W(BCC_A2,SI),
   col-8=W(CEMENTITE,C), col-9=W(CEMENTITE,CR), col-10=W(CEMENTITE,FE),
   col-11=W(CEMENTITE,MN), col-12=W(CEMENTITE,NI), col-13=W(CEMENTITE,SI),
   col-14=NP(BCC_A2), col-15=NP(CEMENTITE),
   9.54006E+02   4.08961E-05   1.01353E-02   9.56052E-01   1.69267E-02 
    3.88914E-03   1.29563E-02   6.81686E-02   2.34849E-01   5.94819E-01 
    1.01633E-01   5.30090E-04   0.00000E+00   9.03191E-01   9.68088E-02  NONE
   9.53000E+02   4.02720E-05   1.00999E-02   9.56125E-01   1.68893E-02 
    3.88916E-03   1.29564E-02   6.81710E-02   2.35246E-01   5.93990E-01 
    1.02063E-01   5.30053E-04   0.00000E+00   9.03181E-01   9.68192E-02  NONE
   9.43000E+02   3.45149E-05   9.74850E-03   9.56854E-01   1.65165E-02 
    3.88938E-03   1.29571E-02   6.81954E-02   2.39202E-01   5.85716E-01 
    1.06357E-01   5.29620E-04   0.00000E+00   9.03085E-01   9.69146E-02  NONE
   9.33000E+02   2.95024E-05   9.39732E-03   9.57585E-01   1.61408E-02 
    3.88957E-03   1.29576E-02   6.82199E-02   2.43180E-01   5.77382E-01 
    1.10689E-01   5.29099E-04   0.00000E+00   9.03002E-01   9.69977E-02  NONE
   9.23000E+02   2.51488E-05   9.04656E-03   9.58318E-01   1.57622E-02 
    3.88973E-03   1.29581E-02   6.82445E-02   2.47176E-01   5.68988E-01 
    1.15063E-01   5.28516E-04   0.00000E+00   9.02930E-01   9.70698E-02  NONE
   9.13000E+02   2.13771E-05   8.69644E-03   9.59053E-01   1.53805E-02 
    3.88986E-03   1.29584E-02   6.82693E-02   2.51186E-01   5.60537E-01 
    1.19480E-01   5.27897E-04   0.00000E+00   9.02868E-01   9.71323E-02  NONE
   9.03000E+02   1.81182E-05   8.34723E-03   9.59791E-01   1.49954E-02 
    3.88997E-03   1.29586E-02   6.82941E-02   2.55205E-01   5.52031E-01 
    1.23942E-01   5.27266E-04   0.00000E+00   9.02814E-01   9.71863E-02  NONE
   8.93000E+02   1.53101E-05   7.99925E-03   9.60530E-01   1.46070E-02 
    3.89006E-03   1.29587E-02   6.83191E-02   2.59227E-01   5.43476E-01 
    1.28452E-01   5.26649E-04   0.00000E+00   9.02767E-01   9.72328E-02  NONE
   8.83000E+02   1.28975E-05   7.65288E-03   9.61270E-01   1.42150E-02 
    3.89012E-03   1.29588E-02   6.83440E-02   2.63247E-01   5.34874E-01 
    1.33009E-01   5.26066E-04   0.00000E+00   9.02727E-01   9.72728E-02  NONE
   8.73000E+02   1.08308E-05   7.30855E-03   9.62012E-01   1.38195E-02 
    3.89016E-03   1.29587E-02   6.83690E-02   2.67259E-01   5.26232E-01 
    1.37615E-01   5.25541E-04   0.00000E+00   9.02693E-01   9.73070E-02  NONE
   8.63000E+02   9.06600E-06   6.96672E-03   9.62755E-01   1.34203E-02 
    3.89018E-03   1.29587E-02   6.83939E-02   2.71254E-01   5.17557E-01 
    1.42269E-01   5.25094E-04   0.00000E+00   9.02664E-01   9.73363E-02  NONE
   8.53000E+02   7.56376E-06   6.62791E-03   9.63498E-01   1.30174E-02 
    3.89018E-03   1.29585E-02   6.84188E-02   2.75227E-01   5.08856E-01 
    1.46973E-01   5.24747E-04   0.00000E+00   9.02639E-01   9.73612E-02  NONE
   8.43000E+02   6.28923E-06   6.29265E-03   9.64242E-01   1.26109E-02 
    3.89016E-03   1.29584E-02   6.84436E-02   2.79170E-01   5.00136E-01 
    1.51726E-01   5.24517E-04   0.00000E+00   9.02618E-01   9.73823E-02  NONE
   8.33000E+02   5.21155E-06   5.96151E-03   9.64984E-01   1.22009E-02 
    3.89012E-03   1.29582E-02   6.84683E-02   2.83075E-01   4.91407E-01 
    1.56525E-01   5.24425E-04   0.00000E+00   9.02600E-01   9.74001E-02  NONE
   8.23000E+02   4.30348E-06   5.63509E-03   9.65725E-01   1.17875E-02 
    3.89005E-03   1.29580E-02   6.84928E-02   2.86933E-01   4.82679E-01 
    1.61370E-01   5.24487E-04   0.00000E+00   9.02585E-01   9.74152E-02  NONE
   8.13000E+02   3.54105E-06   5.31399E-03   9.66464E-01   1.13709E-02 
    3.88997E-03   1.29577E-02   6.85170E-02   2.90738E-01   4.73962E-01 
    1.66258E-01   5.24722E-04   0.00000E+00   9.02572E-01   9.74278E-02  NONE
   8.03000E+02   2.90323E-06   4.99884E-03   9.67200E-01   1.09512E-02 
    3.88986E-03   1.29574E-02   6.85410E-02   2.94480E-01   4.65268E-01 
    1.71186E-01   5.25145E-04   0.00000E+00   9.02562E-01   9.74384E-02  NONE
   7.93000E+02   2.37161E-06   4.69026E-03   9.67932E-01   1.05289E-02 
    3.88974E-03   1.29572E-02   6.85647E-02   2.98151E-01   4.56608E-01 
    1.76150E-01   5.25771E-04   0.00000E+00   9.02553E-01   9.74472E-02  NONE
   7.83000E+02   1.93020E-06   4.38887E-03   9.68658E-01   1.01043E-02 
    3.88959E-03   1.29569E-02   6.85880E-02   3.01743E-01   4.47996E-01 
    1.81146E-01   5.26616E-04   0.00000E+00   9.02546E-01   9.74545E-02  NONE
   7.73000E+02   1.56508E-06   4.09527E-03   9.69379E-01   9.67779E-03 
    3.88942E-03   1.29566E-02   6.86109E-02   3.05249E-01   4.39445E-01 
    1.86167E-01   5.27693E-04   0.00000E+00   9.02539E-01   9.74605E-02  NONE
   7.63000E+02   1.26424E-06   3.81007E-03   9.70093E-01   9.24994E-03 
    3.88922E-03   1.29563E-02   6.86334E-02   3.08660E-01   4.30970E-01 
    1.91208E-01   5.29015E-04   0.00000E+00   9.02534E-01   9.74655E-02  NONE
   7.53000E+02   1.01735E-06   3.53382E-03   9.70799E-01   8.82133E-03 
    3.88901E-03   1.29559E-02   6.86554E-02   3.11969E-01   4.22584E-01 
    1.96261E-01   5.30595E-04   0.00000E+00   9.02530E-01   9.74696E-02  NONE
   7.43000E+02   8.15529E-07   3.26707E-03   9.71495E-01   8.39264E-03 
    3.88877E-03   1.29556E-02   6.86768E-02   3.15169E-01   4.14303E-01 
    2.01318E-01   5.32442E-04   0.00000E+00   9.02527E-01   9.74730E-02  NONE
   7.33000E+02   6.51220E-07   3.01031E-03   9.72181E-01   7.96462E-03 
    3.88851E-03   1.29553E-02   6.86977E-02   3.18254E-01   4.06144E-01 
    2.06370E-01   5.34569E-04   0.00000E+00   9.02524E-01   9.74757E-02  NONE
   7.23000E+02   5.17991E-07   2.76400E-03   9.72854E-01   7.53812E-03 
    3.88822E-03   1.29550E-02   6.87180E-02   3.21217E-01   3.98122E-01 
    2.11407E-01   5.36984E-04   0.00000E+00   9.02522E-01   9.74779E-02  NONE
   7.13000E+02   4.10404E-07   2.52854E-03   9.73514E-01   7.11405E-03 
    3.88791E-03   1.29547E-02   6.87376E-02   3.24053E-01   3.90253E-01 
    2.16416E-01   5.39695E-04   0.00000E+00   9.02520E-01   9.74797E-02  NONE
   7.03000E+02   3.23882E-07   2.30427E-03   9.74160E-01   6.69343E-03 
    3.88758E-03   1.29544E-02   6.87564E-02   3.26758E-01   3.82555E-01 
    2.21387E-01   5.42711E-04   0.00000E+00   9.02519E-01   9.74811E-02  NONE
   6.93000E+02   2.54585E-07   2.09149E-03   9.74790E-01   6.27732E-03 
    3.88722E-03   1.29542E-02   6.87746E-02   3.29328E-01   3.75045E-01 
    2.26307E-01   5.46038E-04   0.00000E+00   9.02518E-01   9.74823E-02  NONE
   6.83000E+02   1.99315E-07   1.89040E-03   9.75402E-01   5.86688E-03 
    3.88684E-03   1.29539E-02   6.87920E-02   3.31759E-01   3.67739E-01 
    2.31160E-01   5.49681E-04   0.00000E+00   9.02517E-01   9.74832E-02  NONE
   6.73000E+02   1.55415E-07   1.70118E-03   9.75995E-01   5.46332E-03 
    3.88644E-03   1.29536E-02   6.88086E-02   3.34050E-01   3.60654E-01 
    2.35934E-01   5.53644E-04   0.00000E+00   9.02516E-01   9.74839E-02  NONE
