
 Phase Region for:
     CEMENTITE                     
     FCC_A1#2                      
 col-1=T, col-2=W(CEMENTITE,C), col-3=W(CEMENTITE,CR), col-4=W(CEMENTITE,FE),
   col-5=W(CEMENTITE,MN), col-6=W(CEMENTITE,NI), col-7=W(CEMENTITE,SI),
   col-8=W(FCC_A1#2,C), col-9=W(FCC_A1#2,CR), col-10=W(FCC_A1#2,FE),
   col-11=W(FCC_A1#2,MN), col-12=W(FCC_A1#2,NI), col-13=W(FCC_A1#2,SI),
   col-14=NP(CEMENTITE), col-15=NP(FCC_A1#2),
   1.17300E+03   6.72569E-02   7.00320E-02   8.47652E-01   1.48385E-02 
    2.20942E-04   0.00000E+00   9.39775E-03   1.15007E-02   9.39349E-01 
    1.03382E-02   1.32772E-03   2.80862E-02   6.24768E-02   9.37523E-01
   1.18300E+03   6.72559E-02   6.98480E-02   8.47934E-01   1.47366E-02 
    2.25316E-04   0.00000E+00   9.70412E-03   1.18200E-02   9.38849E-01 
    1.03672E-02   1.32164E-03   2.79375E-02   5.66043E-02   9.43396E-01
   1.19300E+03   6.72549E-02   6.96630E-02   8.48214E-01   1.46380E-02 
    2.29708E-04   0.00000E+00   1.00159E-02   1.21427E-02   9.38344E-01 
    1.03954E-02   1.31550E-03   2.77862E-02   5.05629E-02   9.49437E-01
   1.20300E+03   6.72538E-02   6.94770E-02   8.48492E-01   1.45428E-02 
    2.34117E-04   0.00000E+00   1.03332E-02   1.24689E-02   9.37834E-01 
    1.04226E-02   1.30931E-03   2.76322E-02   4.43477E-02   9.55652E-01
   1.21300E+03   6.72528E-02   6.92902E-02   8.48768E-01   1.44507E-02 
    2.38543E-04   0.00000E+00   1.06560E-02   1.27984E-02   9.37318E-01 
    1.04491E-02   1.30306E-03   2.74755E-02   3.79531E-02   9.62047E-01
   1.22300E+03   6.72517E-02   6.91027E-02   8.49041E-01   1.43617E-02 
    2.42985E-04   0.00000E+00   1.09843E-02   1.31313E-02   9.36797E-01 
    1.04748E-02   1.29676E-03   2.73161E-02   3.13735E-02   9.68627E-01
   1.23300E+03   6.72507E-02   6.89148E-02   8.49311E-01   1.42758E-02 
    2.47442E-04   0.00000E+00   1.13182E-02   1.34674E-02   9.36270E-01 
    1.04997E-02   1.29041E-03   2.71541E-02   2.46027E-02   9.75397E-01
   1.24300E+03   6.72497E-02   6.87265E-02   8.49579E-01   1.41930E-02 
    2.51914E-04   0.00000E+00   1.16577E-02   1.38069E-02   9.35738E-01 
    1.05239E-02   1.28402E-03   2.69892E-02   1.76346E-02   9.82365E-01
   1.25300E+03   6.72486E-02   6.85381E-02   8.49844E-01   1.41131E-02 
    2.56400E-04   0.00000E+00   1.20029E-02   1.41496E-02   9.35201E-01 
    1.05474E-02   1.27757E-03   2.68217E-02   1.04624E-02   9.89538E-01
   1.26300E+03   6.72476E-02   6.83497E-02   8.50106E-01   1.40362E-02 
    2.60900E-04   0.00000E+00   1.23538E-02   1.44955E-02   9.34658E-01 
    1.05702E-02   1.27107E-03   2.66513E-02   3.07897E-03   9.96921E-01
   1.26709E+03   6.72472E-02   6.82727E-02   8.50212E-01   1.40056E-02 
    2.62741E-04   0.00000E+00   1.24988E-02   1.46378E-02   9.34435E-01 
    1.05794E-02   1.26840E-03   2.65809E-02   0.00000E+00   1.00000E+00

 Phase Region for:
     FCC_A1#2                      
 col-1=T, col-2=W(FCC_A1#2,C), col-3=W(FCC_A1#2,CR), col-4=W(FCC_A1#2,FE),
   col-5=W(FCC_A1#2,MN), col-6=W(FCC_A1#2,NI), col-7=W(FCC_A1#2,SI),
   col-8=NP(FCC_A1#2),
   1.26709E+03   1.24988E-02   1.46378E-02   9.34435E-01   1.05794E-02 
    1.26840E-03   2.65809E-02   1.00000E+00
   1.27300E+03   1.24988E-02   1.46378E-02   9.34435E-01   1.05794E-02 
    1.26840E-03   2.65809E-02   1.00000E+00
   1.28300E+03   1.24988E-02   1.46378E-02   9.34435E-01   1.05794E-02 
    1.26840E-03   2.65809E-02   1.00000E+00
   1.29300E+03   1.24988E-02   1.46378E-02   9.34435E-01   1.05794E-02 
    1.26840E-03   2.65809E-02   1.00000E+00
   1.30300E+03   1.24988E-02   1.46378E-02   9.34435E-01   1.05794E-02 
    1.26840E-03   2.65809E-02   1.00000E+00
   1.31300E+03   1.24988E-02   1.46378E-02   9.34435E-01   1.05794E-02 
    1.26840E-03   2.65809E-02   1.00000E+00
   1.32300E+03   1.24988E-02   1.46378E-02   9.34435E-01   1.05794E-02 
    1.26840E-03   2.65809E-02   1.00000E+00
   1.33300E+03   1.24988E-02   1.46378E-02   9.34435E-01   1.05794E-02 
    1.26840E-03   2.65809E-02   1.00000E+00
   1.34300E+03   1.24988E-02   1.46378E-02   9.34435E-01   1.05794E-02 
    1.26840E-03   2.65809E-02   1.00000E+00
   1.35300E+03   1.24988E-02   1.46378E-02   9.34435E-01   1.05794E-02 
    1.26840E-03   2.65809E-02   1.00000E+00
   1.36300E+03   1.24988E-02   1.46378E-02   9.34435E-01   1.05794E-02 
    1.26840E-03   2.65809E-02   1.00000E+00
   1.37300E+03   1.24988E-02   1.46378E-02   9.34435E-01   1.05794E-02 
    1.26840E-03   2.65809E-02   1.00000E+00
   1.38300E+03   1.24988E-02   1.46378E-02   9.34435E-01   1.05794E-02 
    1.26840E-03   2.65809E-02   1.00000E+00
   1.39300E+03   1.24988E-02   1.46378E-02   9.34435E-01   1.05794E-02 
    1.26840E-03   2.65809E-02   1.00000E+00
   1.40300E+03   1.24988E-02   1.46378E-02   9.34435E-01   1.05794E-02 
    1.26840E-03   2.65809E-02   1.00000E+00
   1.41300E+03   1.24988E-02   1.46378E-02   9.34435E-01   1.05794E-02 
    1.26840E-03   2.65809E-02   1.00000E+00
   1.42300E+03   1.24988E-02   1.46378E-02   9.34435E-01   1.05794E-02 
    1.26840E-03   2.65809E-02   1.00000E+00
   1.43300E+03   1.24988E-02   1.46378E-02   9.34435E-01   1.05794E-02 
    1.26840E-03   2.65809E-02   1.00000E+00
   1.44300E+03   1.24988E-02   1.46378E-02   9.34435E-01   1.05794E-02 
    1.26840E-03   2.65809E-02   1.00000E+00
   1.45300E+03   1.24988E-02   1.46378E-02   9.34435E-01   1.05794E-02 
    1.26840E-03   2.65809E-02   1.00000E+00
   1.46300E+03   1.24988E-02   1.46378E-02   9.34435E-01   1.05794E-02 
    1.26840E-03   2.65809E-02   1.00000E+00
   1.47300E+03   1.24988E-02   1.46378E-02   9.34435E-01   1.05794E-02 
    1.26840E-03   2.65809E-02   1.00000E+00

 Phase Region for:
     CEMENTITE                     
     FCC_A1#2                      
 col-1=T, col-2=W(CEMENTITE,C), col-3=W(CEMENTITE,CR), col-4=W(CEMENTITE,FE),
   col-5=W(CEMENTITE,MN), col-6=W(CEMENTITE,NI), col-7=W(CEMENTITE,SI),
   col-8=W(FCC_A1#2,C), col-9=W(FCC_A1#2,CR), col-10=W(FCC_A1#2,FE),
   col-11=W(FCC_A1#2,MN), col-12=W(FCC_A1#2,NI), col-13=W(FCC_A1#2,SI),
   col-14=NP(CEMENTITE), col-15=NP(FCC_A1#2),
   1.17300E+03   6.72569E-02   7.00320E-02   8.47652E-01   1.48385E-02 
    2.20942E-04   0.00000E+00   9.39775E-03   1.15007E-02   9.39349E-01 
    1.03382E-02   1.32772E-03   2.80862E-02   6.24768E-02   9.37523E-01
   1.16300E+03   6.72580E-02   7.02146E-02   8.47367E-01   1.49437E-02 
    2.16586E-04   0.00000E+00   9.09679E-03   1.11850E-02   9.39844E-01 
    1.03083E-02   1.33375E-03   2.82323E-02   6.81854E-02   9.31815E-01
   1.15300E+03   6.72590E-02   7.03959E-02   8.47080E-01   1.50525E-02 
    2.12250E-04   0.00000E+00   8.80121E-03   1.08728E-02   9.40333E-01 
    1.02774E-02   1.33971E-03   2.83757E-02   7.37348E-02   9.26265E-01
   1.14300E+03   6.72600E-02   7.05757E-02   8.46792E-01   1.51648E-02 
    2.07934E-04   0.00000E+00   8.51098E-03   1.05643E-02   9.40817E-01 
    1.02455E-02   1.34563E-03   2.85166E-02   7.91294E-02   9.20871E-01
   1.13300E+03   6.72611E-02   7.07538E-02   8.46501E-01   1.52807E-02 
    2.03639E-04   0.00000E+00   8.22607E-03   1.02595E-02   9.41296E-01 
    1.02126E-02   1.35148E-03   2.86548E-02   8.43733E-02   9.15627E-01
   1.12300E+03   6.72621E-02   7.09300E-02   8.46208E-01   1.54003E-02 
    1.99365E-04   0.00000E+00   7.94647E-03   9.95838E-03   9.41769E-01 
    1.01786E-02   1.35727E-03   2.87905E-02   8.94706E-02   9.10529E-01
   1.11300E+03   6.72631E-02   7.11044E-02   8.45914E-01   1.55238E-02 
    1.95113E-04   0.00000E+00   7.67216E-03   9.66112E-03   9.42236E-01 
    1.01436E-02   1.36299E-03   2.89236E-02   9.44251E-02   9.05575E-01
   1.10300E+03   6.72641E-02   7.12767E-02   8.45617E-01   1.56511E-02 
    1.90885E-04   0.00000E+00   7.40310E-03   9.36777E-03   9.42699E-01 
    1.01075E-02   1.36866E-03   2.90542E-02   9.92405E-02   9.00760E-01
   1.09300E+03   6.72651E-02   7.14469E-02   8.45319E-01   1.57824E-02 
    1.86679E-04   0.00000E+00   7.13928E-03   9.07837E-03   9.43156E-01 
    1.00702E-02   1.37426E-03   2.91821E-02   1.03920E-01   8.96080E-01
   1.08300E+03   6.72661E-02   7.16149E-02   8.45019E-01   1.59178E-02 
    1.82499E-04   0.00000E+00   6.88069E-03   8.79301E-03   9.43607E-01 
    1.00318E-02   1.37979E-03   2.93076E-02   1.08468E-01   8.91532E-01
   1.07300E+03   6.72671E-02   7.17805E-02   8.44717E-01   1.60574E-02 
    1.78343E-04   0.00000E+00   6.62731E-03   8.51176E-03   9.44053E-01 
    9.99213E-03   1.38526E-03   2.94305E-02   1.12886E-01   8.87114E-01
   1.06450E+03   6.72679E-02   7.19194E-02   8.44458E-01   1.61794E-02 
    1.74829E-04   0.00000E+00   6.41594E-03   8.27589E-03   9.44428E-01 
    9.95744E-03   1.38986E-03   2.95331E-02   1.16543E-01   8.83457E-01

 Phase Region for:
     BCC_A2                        
     CEMENTITE                     
     FCC_A1#2                      
 col-1=T, col-2=W(BCC_A2,C), col-3=W(BCC_A2,CR), col-4=W(BCC_A2,FE),
   col-5=W(BCC_A2,MN), col-6=W(BCC_A2,NI), col-7=W(BCC_A2,SI),
   col-8=W(CEMENTITE,C), col-9=W(CEMENTITE,CR), col-10=W(CEMENTITE,FE),
   col-11=W(CEMENTITE,MN), col-12=W(CEMENTITE,NI), col-13=W(CEMENTITE,SI),
   col-14=W(FCC_A1#2,C), col-15=W(FCC_A1#2,CR), col-16=W(FCC_A1#2,FE),
   col-17=W(FCC_A1#2,MN), col-18=W(FCC_A1#2,NI), col-19=W(FCC_A1#2,SI),
   col-20=NP(BCC_A2), col-21=NP(CEMENTITE), col-22=NP(FCC_A1#2),
   1.06450E+03   2.16133E-04   5.01895E-03   9.52093E-01   4.36329E-03 
    7.40145E-04   3.75685E-02   6.72679E-02   7.19194E-02   8.44458E-01 
    1.61795E-02   1.74830E-04   0.00000E+00   6.41594E-03   8.27588E-03 
    9.44428E-01   9.95746E-03   1.38986E-03   2.95331E-02   3.72916E-06 
    1.16544E-01   8.83453E-01
   1.06300E+03   2.13609E-04   4.93020E-03   9.52438E-01   4.46303E-03 
    7.64372E-04   3.71908E-02   6.72647E-02   7.11632E-02   8.44698E-01 
    1.66936E-02   1.80297E-04   0.00000E+00   6.39945E-03   8.13822E-03 
    9.44575E-01   1.02245E-02   1.44100E-03   2.92219E-02   5.56038E-02 
    1.23639E-01   8.20757E-01
   1.05300E+03   1.96617E-04   4.39881E-03   9.54301E-01   5.26563E-03 
    9.80377E-04   3.48577E-02   6.72467E-02   6.66352E-02   8.45035E-01 
    2.08534E-02   2.29241E-04   0.00000E+00   6.27715E-03   7.30202E-03 
    9.44814E-01   1.23787E-02   1.90137E-03   2.73270E-02   4.10166E-01 
    1.68340E-01   4.21494E-01
   1.04300E+03   1.79194E-04   3.97832E-03   9.55207E-01   6.31545E-03 
    1.34147E-03   3.29785E-02   6.72353E-02   6.31441E-02   8.42923E-01 
    2.63867E-02   3.11348E-04   0.00000E+00   6.12359E-03   6.61798E-03 
    9.43479E-01   1.52290E-02   2.68814E-03   2.58625E-02   7.15305E-01 
    2.05746E-01   7.89492E-02
   1.04030E+03   1.74410E-04   3.88378E-03   9.55264E-01   6.63466E-03 
    1.47695E-03   3.25660E-02   6.72334E-02   6.23982E-02   8.41928E-01 
    2.80986E-02   3.42176E-04   0.00000E+00   6.07526E-03   6.45966E-03 
    9.42814E-01   1.61083E-02   2.98828E-03   2.55550E-02   7.85840E-01 
    2.14160E-01   0.00000E+00

 Phase Region for:
     BCC_A2                        
     CEMENTITE                     
 col-1=T, col-2=W(BCC_A2,C), col-3=W(BCC_A2,CR), col-4=W(BCC_A2,FE),
   col-5=W(BCC_A2,MN), col-6=W(BCC_A2,NI), col-7=W(BCC_A2,SI),
   col-8=W(CEMENTITE,C), col-9=W(CEMENTITE,CR), col-10=W(CEMENTITE,FE),
   col-11=W(CEMENTITE,MN), col-12=W(CEMENTITE,NI), col-13=W(CEMENTITE,SI),
   col-14=NP(BCC_A2), col-15=NP(CEMENTITE),
   1.04030E+03   1.74410E-04   3.88378E-03   9.55264E-01   6.63466E-03 
    1.47695E-03   3.25660E-02   6.72334E-02   6.23982E-02   8.41928E-01 
    2.80986E-02   3.42176E-04   0.00000E+00   7.85840E-01   2.14160E-01  NONE
   1.03300E+03   1.61014E-04   3.78513E-03   9.55481E-01   6.52373E-03 
    1.47725E-03   3.25723E-02   6.72359E-02   6.27861E-02   8.41064E-01 
    2.85726E-02   3.41822E-04   0.00000E+00   7.85650E-01   2.14350E-01  NONE
   1.02300E+03   1.44103E-04   3.64985E-03   9.55785E-01   6.36360E-03 
    1.47758E-03   3.25801E-02   6.72393E-02   6.33226E-02   8.39838E-01 
    2.92585E-02   3.41558E-04   0.00000E+00   7.85410E-01   2.14590E-01  NONE
   1.01300E+03   1.28750E-04   3.51436E-03   9.56099E-01   6.19308E-03 
    1.47782E-03   3.25872E-02   6.72428E-02   6.38648E-02   8.38560E-01 
    2.99912E-02   3.41586E-04   0.00000E+00   7.85193E-01   2.14807E-01  NONE
   1.00300E+03   1.14839E-04   3.37859E-03   9.56424E-01   6.01093E-03 
    1.47796E-03   3.25935E-02   6.72464E-02   6.44130E-02   8.37223E-01 
    3.07759E-02   3.41961E-04   0.00000E+00   7.84996E-01   2.15004E-01  NONE
   9.93000E+02   1.02260E-04   3.24241E-03   9.56762E-01   5.81567E-03 
    1.47798E-03   3.25992E-02   6.72500E-02   6.49673E-02   8.35821E-01 
    3.16192E-02   3.42748E-04   0.00000E+00   7.84817E-01   2.15183E-01  NONE
   9.83000E+02   9.09317E-05   3.09934E-03   9.57160E-01   5.56811E-03 
    1.47756E-03   3.26043E-02   6.72541E-02   6.55565E-02   8.34150E-01 
    3.26940E-02   3.45366E-04   0.00000E+00   7.84657E-01   2.15343E-01  NONE
   9.73000E+02   8.07409E-05   2.95925E-03   9.57549E-01   5.32483E-03 
    1.47715E-03   3.26088E-02   6.72582E-02   6.61362E-02   8.32508E-01 
    3.37502E-02   3.47879E-04   0.00000E+00   7.84513E-01   2.15487E-01  NONE
   9.63000E+02   7.15825E-05   2.82245E-03   9.57929E-01   5.08788E-03 
    1.47676E-03   3.26128E-02   6.72621E-02   6.67048E-02   8.30904E-01 
    3.47790E-02   3.50224E-04   0.00000E+00   7.84384E-01   2.15616E-01  NONE
   9.53000E+02   6.33611E-05   2.68890E-03   9.58298E-01   4.85717E-03 
    1.47638E-03   3.26164E-02   6.72660E-02   6.72622E-02   8.29339E-01 
    3.57808E-02   3.52413E-04   0.00000E+00   7.84267E-01   2.15733E-01  NONE
   9.43000E+02   5.59895E-05   2.55861E-03   9.58657E-01   4.63259E-03 
    1.47603E-03   3.26195E-02   6.72698E-02   6.78082E-02   8.27811E-01 
    3.67562E-02   3.54458E-04   0.00000E+00   7.84163E-01   2.15837E-01  NONE
   9.33000E+02   4.93884E-05   2.43155E-03   9.59007E-01   4.41405E-03 
    1.47569E-03   3.26223E-02   6.72734E-02   6.83426E-02   8.26322E-01 
    3.77056E-02   3.56367E-04   0.00000E+00   7.84070E-01   2.15930E-01  NONE
   9.23000E+02   4.34851E-05   2.30776E-03   9.59347E-01   4.20148E-03 
    1.47537E-03   3.26248E-02   6.72771E-02   6.88651E-02   8.24870E-01 
    3.86294E-02   3.58150E-04   0.00000E+00   7.83986E-01   2.16014E-01  NONE
   9.13000E+02   3.82135E-05   2.18725E-03   9.59678E-01   3.99482E-03 
    1.47507E-03   3.26270E-02   6.72806E-02   6.93755E-02   8.23456E-01 
    3.95279E-02   3.59815E-04   0.00000E+00   7.83912E-01   2.16088E-01  NONE
   9.03000E+02   3.35132E-05   2.07004E-03   9.59999E-01   3.79402E-03 
    1.47478E-03   3.26289E-02   6.72840E-02   6.98734E-02   8.22080E-01 
    4.04013E-02   3.61368E-04   0.00000E+00   7.83846E-01   2.16154E-01  NONE
   8.93000E+02   2.93291E-05   1.95618E-03   9.60310E-01   3.59902E-03 
    1.47450E-03   3.26305E-02   6.72873E-02   7.03585E-02   8.20742E-01 
    4.12499E-02   3.62815E-04   0.00000E+00   7.83786E-01   2.16214E-01  NONE
   8.83000E+02   2.56108E-05   1.84570E-03   9.60613E-01   3.40981E-03 
    1.47425E-03   3.26320E-02   6.72906E-02   7.08305E-02   8.19441E-01 
    4.20737E-02   3.64162E-04   0.00000E+00   7.83734E-01   2.16266E-01  NONE
   8.73000E+02   2.23125E-05   1.73864E-03   9.60905E-01   3.22636E-03 
    1.47400E-03   3.26332E-02   6.72937E-02   7.12890E-02   8.18179E-01 
    4.28729E-02   3.65414E-04   0.00000E+00   7.83687E-01   2.16313E-01  NONE
   8.63000E+02   1.93922E-05   1.63504E-03   9.61189E-01   3.04865E-03 
    1.47378E-03   3.26343E-02   6.72968E-02   7.17339E-02   8.16955E-01 
    4.36475E-02   3.66573E-04   0.00000E+00   7.83646E-01   2.16354E-01  NONE
   8.53000E+02   1.68118E-05   1.53494E-03   9.61463E-01   2.87668E-03 
    1.47356E-03   3.26352E-02   6.72998E-02   7.21646E-02   8.15771E-01 
    4.43974E-02   3.67644E-04   0.00000E+00   7.83610E-01   2.16390E-01  NONE
   8.43000E+02   1.45365E-05   1.43836E-03   9.61727E-01   2.71044E-03 
    1.47337E-03   3.26360E-02   6.73026E-02   7.25811E-02   8.14625E-01 
    4.51228E-02   3.68629E-04   0.00000E+00   7.83578E-01   2.16422E-01  NONE
   8.33000E+02   1.25348E-05   1.34535E-03   9.61982E-01   2.54992E-03 
    1.47318E-03   3.26367E-02   6.73054E-02   7.29830E-02   8.13518E-01 
    4.58236E-02   3.69530E-04   0.00000E+00   7.83549E-01   2.16451E-01  NONE
   8.23000E+02   1.07777E-05   1.25592E-03   9.62228E-01   2.39512E-03 
    1.47302E-03   3.26372E-02   6.73080E-02   7.33701E-02   8.12452E-01 
    4.64997E-02   3.70349E-04   0.00000E+00   7.83524E-01   2.16476E-01  NONE
   8.13000E+02   9.23920E-06   1.17010E-03   9.62464E-01   2.24604E-03 
    1.47286E-03   3.26377E-02   6.73106E-02   7.37423E-02   8.11425E-01 
    4.71513E-02   3.71086E-04   0.00000E+00   7.83503E-01   2.16497E-01  NONE
   8.03000E+02   7.89553E-06   1.08788E-03   9.62691E-01   2.10267E-03 
    1.47273E-03   3.26381E-02   6.73131E-02   7.40994E-02   8.10438E-01 
    4.77781E-02   3.71742E-04   0.00000E+00   7.83484E-01   2.16516E-01  NONE
   7.93000E+02   6.72519E-06   1.00929E-03   9.62908E-01   1.96499E-03 
    1.47261E-03   3.26384E-02   6.73154E-02   7.44412E-02   8.09491E-01 
    4.83804E-02   3.72316E-04   0.00000E+00   7.83467E-01   2.16533E-01  NONE
   7.83000E+02   5.70872E-06   9.34307E-04   9.63116E-01   1.83299E-03 
    1.47250E-03   3.26386E-02   6.73177E-02   7.47678E-02   8.08584E-01 
    4.89581E-02   3.72809E-04   0.00000E+00   7.83453E-01   2.16547E-01  NONE
   7.73000E+02   4.82850E-06   8.62923E-04   9.63314E-01   1.70663E-03 
    1.47242E-03   3.26388E-02   6.73198E-02   7.50792E-02   8.07716E-01 
    4.95113E-02   3.73219E-04   0.00000E+00   7.83440E-01   2.16560E-01  NONE
   7.63000E+02   4.06867E-06   7.95116E-04   9.63504E-01   1.58590E-03 
    1.47235E-03   3.26390E-02   6.73219E-02   7.53753E-02   8.06889E-01 
    5.00401E-02   3.73545E-04   0.00000E+00   7.83430E-01   2.16570E-01  NONE
   7.53000E+02   3.41492E-06   7.30851E-04   9.63684E-01   1.47074E-03 
    1.47230E-03   3.26391E-02   6.73238E-02   7.56562E-02   8.06101E-01 
    5.05448E-02   3.73784E-04   0.00000E+00   7.83421E-01   2.16579E-01  NONE
   7.43000E+02   2.85440E-06   6.70089E-04   9.63855E-01   1.36111E-03 
    1.47226E-03   3.26391E-02   6.73257E-02   7.59222E-02   8.05353E-01 
    5.10253E-02   3.73936E-04   0.00000E+00   7.83413E-01   2.16587E-01  NONE
   7.33000E+02   2.37556E-06   6.12778E-04   9.64017E-01   1.25693E-03 
    1.47225E-03   3.26392E-02   6.73274E-02   7.61732E-02   8.04643E-01 
    5.14822E-02   3.73996E-04   0.00000E+00   7.83406E-01   2.16594E-01  NONE
   7.23000E+02   1.96808E-06   5.58859E-04   9.64170E-01   1.15815E-03 
    1.47226E-03   3.26392E-02   6.73291E-02   7.64096E-02   8.03972E-01 
    5.19155E-02   3.73962E-04   0.00000E+00   7.83400E-01   2.16600E-01  NONE
   7.13000E+02   1.62273E-06   5.08262E-04   9.64314E-01   1.06467E-03 
    1.47229E-03   3.26392E-02   6.73306E-02   7.66317E-02   8.03338E-01 
    5.23257E-02   3.73831E-04   0.00000E+00   7.83395E-01   2.16605E-01  NONE
   7.03000E+02   1.33128E-06   4.60911E-04   9.64450E-01   9.76399E-04 
    1.47234E-03   3.26392E-02   6.73321E-02   7.68396E-02   8.02742E-01 
    5.27131E-02   3.73598E-04   0.00000E+00   7.83391E-01   2.16609E-01  NONE
   6.93000E+02   1.08644E-06   4.16720E-04   9.64577E-01   8.93240E-04 
    1.47242E-03   3.26391E-02   6.73335E-02   7.70339E-02   8.02181E-01 
    5.30782E-02   3.73260E-04   0.00000E+00   7.83388E-01   2.16612E-01  NONE
   6.83000E+02   8.81725E-07   3.75597E-04   9.64697E-01   8.15075E-04 
    1.47252E-03   3.26391E-02   6.73347E-02   7.72147E-02   8.01656E-01 
    5.34214E-02   3.72812E-04   0.00000E+00   7.83385E-01   2.16615E-01  NONE
   6.73000E+02   7.11424E-07   3.37443E-04   9.64808E-01   7.41782E-04 
    1.47264E-03   3.26390E-02   6.73359E-02   7.73826E-02   8.01166E-01 
    5.37433E-02   3.72249E-04   0.00000E+00   7.83382E-01   2.16618E-01  NONE
