
 Phase Region for:
     FCC_A1#2                      
 col-1=T, col-2=W(FCC_A1#2,C), col-3=W(FCC_A1#2,CR), col-4=W(FCC_A1#2,FE),
   col-5=W(FCC_A1#2,MN), col-6=W(FCC_A1#2,NI), col-7=W(FCC_A1#2,SI),
   col-8=NP(FCC_A1#2),
   1.17300E+03   7.38478E-03   1.26102E-03   9.52826E-01   2.77292E-02 
    2.04265E-03   8.75606E-03   1.00000E+00
   1.18300E+03   7.38478E-03   1.26102E-03   9.52826E-01   2.77292E-02 
    2.04265E-03   8.75606E-03   1.00000E+00
   1.19300E+03   7.38478E-03   1.26102E-03   9.52826E-01   2.77292E-02 
    2.04265E-03   8.75606E-03   1.00000E+00
   1.20300E+03   7.38478E-03   1.26102E-03   9.52826E-01   2.77292E-02 
    2.04265E-03   8.75606E-03   1.00000E+00
   1.21300E+03   7.38478E-03   1.26102E-03   9.52826E-01   2.77292E-02 
    2.04265E-03   8.75606E-03   1.00000E+00
   1.22300E+03   7.38478E-03   1.26102E-03   9.52826E-01   2.77292E-02 
    2.04265E-03   8.75606E-03   1.00000E+00
   1.23300E+03   7.38478E-03   1.26102E-03   9.52826E-01   2.77292E-02 
    2.04265E-03   8.75606E-03   1.00000E+00
   1.24300E+03   7.38478E-03   1.26102E-03   9.52826E-01   2.77292E-02 
    2.04265E-03   8.75606E-03   1.00000E+00
   1.25300E+03   7.38478E-03   1.26102E-03   9.52826E-01   2.77292E-02 
    2.04265E-03   8.75606E-03   1.00000E+00
   1.26300E+03   7.38478E-03   1.26102E-03   9.52826E-01   2.77292E-02 
    2.04265E-03   8.75606E-03   1.00000E+00
   1.27300E+03   7.38478E-03   1.26102E-03   9.52826E-01   2.77292E-02 
    2.04265E-03   8.75606E-03   1.00000E+00
   1.28300E+03   7.38478E-03   1.26102E-03   9.52826E-01   2.77292E-02 
    2.04265E-03   8.75606E-03   1.00000E+00
   1.29300E+03   7.38478E-03   1.26102E-03   9.52826E-01   2.77292E-02 
    2.04265E-03   8.75606E-03   1.00000E+00
   1.30300E+03   7.38478E-03   1.26102E-03   9.52826E-01   2.77292E-02 
    2.04265E-03   8.75606E-03   1.00000E+00
   1.31300E+03   7.38478E-03   1.26102E-03   9.52826E-01   2.77292E-02 
    2.04265E-03   8.75606E-03   1.00000E+00
   1.32300E+03   7.38478E-03   1.26102E-03   9.52826E-01   2.77292E-02 
    2.04265E-03   8.75606E-03   1.00000E+00
   1.33300E+03   7.38478E-03   1.26102E-03   9.52826E-01   2.77292E-02 
    2.04265E-03   8.75606E-03   1.00000E+00
   1.34300E+03   7.38478E-03   1.26102E-03   9.52826E-01   2.77292E-02 
    2.04265E-03   8.75606E-03   1.00000E+00
   1.35300E+03   7.38478E-03   1.26102E-03   9.52826E-01   2.77292E-02 
    2.04265E-03   8.75606E-03   1.00000E+00
   1.36300E+03   7.38478E-03   1.26102E-03   9.52826E-01   2.77292E-02 
    2.04265E-03   8.75606E-03   1.00000E+00
   1.37300E+03   7.38478E-03   1.26102E-03   9.52826E-01   2.77292E-02 
    2.04265E-03   8.75606E-03   1.00000E+00
   1.38300E+03   7.38478E-03   1.26102E-03   9.52826E-01   2.77292E-02 
    2.04265E-03   8.75606E-03   1.00000E+00
   1.39300E+03   7.38478E-03   1.26102E-03   9.52826E-01   2.77292E-02 
    2.04265E-03   8.75606E-03   1.00000E+00
   1.40300E+03   7.38478E-03   1.26102E-03   9.52826E-01   2.77292E-02 
    2.04265E-03   8.75606E-03   1.00000E+00
   1.41300E+03   7.38478E-03   1.26102E-03   9.52826E-01   2.77292E-02 
    2.04265E-03   8.75606E-03   1.00000E+00
   1.42300E+03   7.38478E-03   1.26102E-03   9.52826E-01   2.77292E-02 
    2.04265E-03   8.75606E-03   1.00000E+00
   1.43300E+03   7.38478E-03   1.26102E-03   9.52826E-01   2.77292E-02 
    2.04265E-03   8.75606E-03   1.00000E+00
   1.44300E+03   7.38478E-03   1.26102E-03   9.52826E-01   2.77292E-02 
    2.04265E-03   8.75606E-03   1.00000E+00
   1.45300E+03   7.38478E-03   1.26102E-03   9.52826E-01   2.77292E-02 
    2.04265E-03   8.75606E-03   1.00000E+00
   1.46300E+03   7.38478E-03   1.26102E-03   9.52826E-01   2.77292E-02 
    2.04265E-03   8.75606E-03   1.00000E+00
   1.47300E+03   7.38478E-03   1.26102E-03   9.52826E-01   2.77292E-02 
    2.04265E-03   8.75606E-03   1.00000E+00

 Phase Region for:
     FCC_A1#2                      
 col-1=T, col-2=W(FCC_A1#2,C), col-3=W(FCC_A1#2,CR), col-4=W(FCC_A1#2,FE),
   col-5=W(FCC_A1#2,MN), col-6=W(FCC_A1#2,NI), col-7=W(FCC_A1#2,SI),
   col-8=NP(FCC_A1#2),
   1.17300E+03   7.38478E-03   1.26102E-03   9.52826E-01   2.77292E-02 
    2.04265E-03   8.75606E-03   1.00000E+00
   1.16300E+03   7.38478E-03   1.26102E-03   9.52826E-01   2.77292E-02 
    2.04265E-03   8.75606E-03   1.00000E+00
   1.15300E+03   7.38478E-03   1.26102E-03   9.52826E-01   2.77292E-02 
    2.04265E-03   8.75606E-03   1.00000E+00
   1.14300E+03   7.38478E-03   1.26102E-03   9.52826E-01   2.77292E-02 
    2.04265E-03   8.75606E-03   1.00000E+00
   1.13300E+03   7.38478E-03   1.26102E-03   9.52826E-01   2.77292E-02 
    2.04265E-03   8.75606E-03   1.00000E+00
   1.12300E+03   7.38478E-03   1.26102E-03   9.52826E-01   2.77292E-02 
    2.04265E-03   8.75606E-03   1.00000E+00
   1.11300E+03   7.38478E-03   1.26102E-03   9.52826E-01   2.77292E-02 
    2.04265E-03   8.75606E-03   1.00000E+00
   1.10300E+03   7.38478E-03   1.26102E-03   9.52826E-01   2.77292E-02 
    2.04265E-03   8.75606E-03   1.00000E+00
   1.09300E+03   7.38478E-03   1.26102E-03   9.52826E-01   2.77292E-02 
    2.04265E-03   8.75606E-03   1.00000E+00
   1.08300E+03   7.38478E-03   1.26102E-03   9.52826E-01   2.77292E-02 
    2.04265E-03   8.75606E-03   1.00000E+00
   1.07300E+03   7.38478E-03   1.26102E-03   9.52826E-01   2.77292E-02 
    2.04265E-03   8.75606E-03   1.00000E+00
   1.06300E+03   7.38478E-03   1.26102E-03   9.52826E-01   2.77292E-02 
    2.04265E-03   8.75606E-03   1.00000E+00
   1.05300E+03   7.38478E-03   1.26102E-03   9.52826E-01   2.77292E-02 
    2.04265E-03   8.75606E-03   1.00000E+00
   1.04300E+03   7.38478E-03   1.26102E-03   9.52826E-01   2.77292E-02 
    2.04265E-03   8.75606E-03   1.00000E+00
   1.03300E+03   7.38478E-03   1.26102E-03   9.52826E-01   2.77292E-02 
    2.04265E-03   8.75606E-03   1.00000E+00
   1.03128E+03   7.38478E-03   1.26102E-03   9.52826E-01   2.77292E-02 
    2.04265E-03   8.75606E-03   1.00000E+00

 Phase Region for:
     CEMENTITE                     
     FCC_A1#2                      
 col-1=T, col-2=W(CEMENTITE,C), col-3=W(CEMENTITE,CR), col-4=W(CEMENTITE,FE),
   col-5=W(CEMENTITE,MN), col-6=W(CEMENTITE,NI), col-7=W(CEMENTITE,SI),
   col-8=W(FCC_A1#2,C), col-9=W(FCC_A1#2,CR), col-10=W(FCC_A1#2,FE),
   col-11=W(FCC_A1#2,MN), col-12=W(FCC_A1#2,NI), col-13=W(FCC_A1#2,SI),
   col-14=NP(CEMENTITE), col-15=NP(FCC_A1#2),
   1.03128E+03   6.70253E-02   1.32511E-02   8.59751E-01   5.97345E-02 
    2.38574E-04   0.00000E+00   7.38478E-03   1.26102E-03   9.52826E-01 
    2.77292E-02   2.04265E-03   8.75606E-03   5.11166E-08   1.00000E+00
   1.02300E+03   6.70257E-02   1.32381E-02   8.59303E-01   6.01993E-02 
    2.33857E-04   0.00000E+00   7.17632E-03   1.21916E-03   9.53153E-01 
    2.76157E-02   2.04897E-03   8.78667E-03   4.19089E-03   9.95809E-01
   1.01300E+03   6.70263E-02   1.32189E-02   8.58752E-01   6.07747E-02 
    2.28193E-04   0.00000E+00   6.92774E-03   1.16939E-03   9.53547E-01 
    2.74760E-02   2.05655E-03   8.82316E-03   9.15018E-03   9.90850E-01
   1.00300E+03   6.70268E-02   1.31957E-02   8.58189E-01   6.13654E-02 
    2.22567E-04   0.00000E+00   6.68282E-03   1.12055E-03   9.53940E-01 
    2.73333E-02   2.06407E-03   8.85911E-03   1.39966E-02   9.86003E-01
   9.93000E+02   6.70274E-02   1.31689E-02   8.57615E-01   6.19720E-02 
    2.16981E-04   0.00000E+00   6.44159E-03   1.07271E-03   9.54332E-01 
    2.71877E-02   2.07152E-03   8.89453E-03   1.87318E-02   9.81268E-01
   9.87598E+02   6.70277E-02   1.31529E-02   8.57299E-01   6.23063E-02 
    2.13981E-04   0.00000E+00   6.31282E-03   1.04729E-03   9.54543E-01 
    2.71077E-02   2.07552E-03   8.91343E-03   2.12439E-02   9.78756E-01

 Phase Region for:
     BCC_A2                        
     CEMENTITE                     
     FCC_A1#2                      
 col-1=T, col-2=W(BCC_A2,C), col-3=W(BCC_A2,CR), col-4=W(BCC_A2,FE),
   col-5=W(BCC_A2,MN), col-6=W(BCC_A2,NI), col-7=W(BCC_A2,SI),
   col-8=W(CEMENTITE,C), col-9=W(CEMENTITE,CR), col-10=W(CEMENTITE,FE),
   col-11=W(CEMENTITE,MN), col-12=W(CEMENTITE,NI), col-13=W(CEMENTITE,SI),
   col-14=W(FCC_A1#2,C), col-15=W(FCC_A1#2,CR), col-16=W(FCC_A1#2,FE),
   col-17=W(FCC_A1#2,MN), col-18=W(FCC_A1#2,NI), col-19=W(FCC_A1#2,SI),
   col-20=NP(BCC_A2), col-21=NP(CEMENTITE), col-22=NP(FCC_A1#2),
   9.87598E+02   1.26004E-04   5.47653E-04   9.78434E-01   8.09168E-03 
    8.34477E-04   1.19667E-02   6.70277E-02   1.31529E-02   8.57299E-01 
    6.23065E-02   2.13982E-04   0.00000E+00   6.31281E-03   1.04728E-03 
    9.54543E-01   2.71078E-02   2.07552E-03   8.91342E-03   4.26504E-06 
    2.12445E-02   9.78751E-01
   9.83000E+02   1.18632E-04   4.84716E-04   9.78273E-01   8.83488E-03 
    9.33670E-04   1.13550E-02   6.70300E-02   1.18926E-02   8.50739E-01 
    7.00980E-02   2.40219E-04   0.00000E+00   6.21873E-03   9.28470E-04 
    9.51695E-01   3.02014E-02   2.39719E-03   8.55899E-03   1.82061E-01 
    4.55751E-02   7.72364E-01
   9.73000E+02   1.02668E-04   4.02591E-04   9.77223E-01   1.05681E-02 
    1.19575E-03   1.05079E-02   6.70420E-02   1.02685E-02   8.34001E-01 
    8.83804E-02   3.08415E-04   0.00000E+00   5.97067E-03   7.69763E-04 
    9.44246E-01   3.75332E-02   3.30335E-03   8.17675E-03   4.85283E-01 
    8.53796E-02   4.29338E-01
   9.63000E+02   8.78067E-05   3.58795E-04   9.75648E-01   1.22938E-02 
    1.52955E-03   1.00823E-02   6.70586E-02   9.45884E-03   8.15762E-01 
    1.07326E-01   3.94236E-04   0.00000E+00   5.69011E-03   6.81527E-04 
    9.35750E-01   4.51957E-02   4.56186E-03   8.12069E-03   6.87032E-01 
    1.10657E-01   2.02312E-01
   9.53000E+02   7.46035E-05   3.32422E-04   9.73883E-01   1.38698E-02 
    1.95810E-03   9.88157E-03   6.70768E-02   9.04231E-03   7.97437E-01 
    1.25940E-01   5.03961E-04   0.00000E+00   5.39696E-03   6.25562E-04 
    9.26649E-01   5.27880E-02   6.31518E-03   8.22492E-03   8.19852E-01 
    1.26172E-01   5.39755E-02
   9.47918E+02   6.85791E-05   3.22629E-04   9.72977E-01   1.45800E-02 
    2.22290E-03   9.82909E-03   6.70861E-02   8.91843E-03   7.88395E-01 
    1.35029E-01   5.71800E-04   0.00000E+00   5.24682E-03   6.03819E-04 
    9.21845E-01   5.65346E-02   7.46237E-03   8.30783E-03   8.68530E-01 
    1.31470E-01   0.00000E+00

 Phase Region for:
     BCC_A2                        
     CEMENTITE                     
 col-1=T, col-2=W(BCC_A2,C), col-3=W(BCC_A2,CR), col-4=W(BCC_A2,FE),
   col-5=W(BCC_A2,MN), col-6=W(BCC_A2,NI), col-7=W(BCC_A2,SI),
   col-8=W(CEMENTITE,C), col-9=W(CEMENTITE,CR), col-10=W(CEMENTITE,FE),
   col-11=W(CEMENTITE,MN), col-12=W(CEMENTITE,NI), col-13=W(CEMENTITE,SI),
   col-14=NP(BCC_A2), col-15=NP(CEMENTITE),
   9.47918E+02   6.85791E-05   3.22629E-04   9.72977E-01   1.45800E-02 
    2.22290E-03   9.82909E-03   6.70861E-02   8.91843E-03   7.88395E-01 
    1.35029E-01   5.71800E-04   0.00000E+00   8.68530E-01   1.31470E-01  NONE
   9.43000E+02   6.43081E-05   3.16114E-04   9.73252E-01   1.43155E-02 
    2.22267E-03   9.82967E-03   6.70886E-02   8.96742E-03   7.86242E-01 
    1.37128E-01   5.74418E-04   0.00000E+00   8.68462E-01   1.31538E-01  NONE
   9.33000E+02   5.63536E-05   3.02983E-04   9.73805E-01   1.37823E-02 
    2.22221E-03   9.83074E-03   6.70938E-02   9.06671E-03   7.81897E-01 
    1.41363E-01   5.79672E-04   0.00000E+00   8.68335E-01   1.31665E-01  NONE
   9.23000E+02   4.92949E-05   2.90010E-04   9.74352E-01   1.32553E-02 
    2.22173E-03   9.83168E-03   6.70989E-02   9.16547E-03   7.77598E-01 
    1.45553E-01   5.84845E-04   0.00000E+00   8.68222E-01   1.31778E-01  NONE
   9.13000E+02   4.30400E-05   2.77203E-04   9.74891E-01   1.27346E-02 
    2.22124E-03   9.83251E-03   6.71039E-02   9.26358E-03   7.73344E-01 
    1.49698E-01   5.89952E-04   0.00000E+00   8.68122E-01   1.31878E-01  NONE
   9.03000E+02   3.75059E-05   2.64570E-04   9.75424E-01   1.22203E-02 
    2.22074E-03   9.83323E-03   6.71089E-02   9.36092E-03   7.69138E-01 
    1.53798E-01   5.95009E-04   0.00000E+00   8.68033E-01   1.31967E-01  NONE
   8.93000E+02   3.26174E-05   2.52120E-04   9.75949E-01   1.17124E-02 
    2.22023E-03   9.83386E-03   6.71139E-02   9.45734E-03   7.64979E-01 
    1.57850E-01   6.00026E-04   0.00000E+00   8.67955E-01   1.32045E-01  NONE
   8.83000E+02   2.83064E-05   2.39866E-04   9.76466E-01   1.12113E-02 
    2.21970E-03   9.83440E-03   6.71188E-02   9.55272E-03   7.60870E-01 
    1.61853E-01   6.05016E-04   0.00000E+00   8.67886E-01   1.32114E-01  NONE
   8.73000E+02   2.45117E-05   2.27818E-04   9.76977E-01   1.07171E-02 
    2.21916E-03   9.83487E-03   6.71236E-02   9.64689E-03   7.56814E-01 
    1.65806E-01   6.09989E-04   0.00000E+00   8.67825E-01   1.32175E-01  NONE
   8.63000E+02   2.11775E-05   2.15990E-04   9.77479E-01   1.02302E-02 
    2.21862E-03   9.83527E-03   6.71284E-02   9.73973E-03   7.52812E-01 
    1.69705E-01   6.14955E-04   0.00000E+00   8.67772E-01   1.32228E-01  NONE
   8.53000E+02   1.82538E-05   2.04395E-04   9.77973E-01   9.75089E-03 
    2.21806E-03   9.83562E-03   6.71331E-02   9.83107E-03   7.48869E-01 
    1.73547E-01   6.19921E-04   0.00000E+00   8.67725E-01   1.32275E-01  NONE
   8.43000E+02   1.56954E-05   1.93047E-04   9.78458E-01   9.27950E-03 
    2.21750E-03   9.83591E-03   6.71377E-02   9.92077E-03   7.44986E-01 
    1.77330E-01   6.24894E-04   0.00000E+00   8.67684E-01   1.32316E-01  NONE
   8.33000E+02   1.34613E-05   1.81961E-04   9.78935E-01   8.81645E-03 
    2.21692E-03   9.83616E-03   6.71422E-02   1.00087E-02   7.41169E-01 
    1.81050E-01   6.29881E-04   0.00000E+00   8.67649E-01   1.32351E-01  NONE
   8.23000E+02   1.15148E-05   1.71151E-04   9.79402E-01   8.36217E-03 
    2.21634E-03   9.83636E-03   6.71467E-02   1.00946E-02   7.37421E-01 
    1.84703E-01   6.34888E-04   0.00000E+00   8.67618E-01   1.32382E-01  NONE
   8.13000E+02   9.82294E-06   1.60631E-04   9.79860E-01   7.91710E-03 
    2.21574E-03   9.83653E-03   6.71510E-02   1.01785E-02   7.33745E-01 
    1.88285E-01   6.39917E-04   0.00000E+00   8.67591E-01   1.32409E-01  NONE
   8.03000E+02   8.35587E-06   1.50416E-04   9.80308E-01   7.48172E-03 
    2.21514E-03   9.83667E-03   6.71553E-02   1.02601E-02   7.30147E-01 
    1.91793E-01   6.44974E-04   0.00000E+00   8.67567E-01   1.32433E-01  NONE
   7.93000E+02   7.08696E-06   1.40517E-04   9.80745E-01   7.05650E-03 
    2.21453E-03   9.83678E-03   6.71595E-02   1.03394E-02   7.26630E-01 
    1.95221E-01   6.50059E-04   0.00000E+00   8.67547E-01   1.32453E-01  NONE
   7.83000E+02   5.99233E-06   1.30949E-04   9.81170E-01   6.64193E-03 
    2.21391E-03   9.83686E-03   6.71635E-02   1.04162E-02   7.23199E-01 
    1.98566E-01   6.55174E-04   0.00000E+00   8.67529E-01   1.32471E-01  NONE
   7.73000E+02   5.05060E-06   1.21723E-04   9.81585E-01   6.23850E-03 
    2.21329E-03   9.83693E-03   6.71675E-02   1.04904E-02   7.19858E-01 
    2.01824E-01   6.60320E-04   0.00000E+00   8.67514E-01   1.32486E-01  NONE
   7.63000E+02   4.24273E-06   1.12849E-04   9.81987E-01   5.84668E-03 
    2.21266E-03   9.83698E-03   6.71713E-02   1.05619E-02   7.16611E-01 
    2.04990E-01   6.65496E-04   0.00000E+00   8.67501E-01   1.32499E-01  NONE
   7.53000E+02   3.55173E-06   1.04337E-04   9.82376E-01   5.46694E-03 
    2.21202E-03   9.83701E-03   6.71751E-02   1.06305E-02   7.13463E-01 
    2.08060E-01   6.70701E-04   0.00000E+00   8.67490E-01   1.32510E-01  NONE
   7.43000E+02   2.96251E-06   9.61959E-05   9.82753E-01   5.09973E-03 
    2.21138E-03   9.83703E-03   6.71786E-02   1.06963E-02   7.10418E-01 
    2.11031E-01   6.75931E-04   0.00000E+00   8.67481E-01   1.32519E-01  NONE
   7.33000E+02   2.46170E-06   8.84309E-05   9.83116E-01   4.74545E-03 
    2.21073E-03   9.83704E-03   6.71821E-02   1.07591E-02   7.07478E-01 
    2.13899E-01   6.81184E-04   0.00000E+00   8.67473E-01   1.32527E-01  NONE
   7.23000E+02   2.03746E-06   8.10474E-05   9.83465E-01   4.40450E-03 
    2.21008E-03   9.83705E-03   6.71855E-02   1.08189E-02   7.04648E-01 
    2.16661E-01   6.86454E-04   0.00000E+00   8.67466E-01   1.32534E-01  NONE
   7.13000E+02   1.67934E-06   7.40486E-05   9.83801E-01   4.07721E-03 
    2.20943E-03   9.83704E-03   6.71887E-02   1.08756E-02   7.01931E-01 
    2.19313E-01   6.91737E-04   0.00000E+00   8.67460E-01   1.32540E-01  NONE
   7.03000E+02   1.37814E-06   6.74358E-05   9.84122E-01   3.76388E-03 
    2.20877E-03   9.83703E-03   6.71917E-02   1.09293E-02   6.99329E-01 
    2.21853E-01   6.97026E-04   0.00000E+00   8.67456E-01   1.32544E-01  NONE
   6.93000E+02   1.12580E-06   6.12086E-05   9.84428E-01   3.46474E-03 
    2.20812E-03   9.83701E-03   6.71946E-02   1.09799E-02   6.96844E-01 
    2.24279E-01   7.02313E-04   0.00000E+00   8.67452E-01   1.32548E-01  NONE
   6.83000E+02   9.15242E-07   5.53647E-05   9.84719E-01   3.18000E-03 
    2.20746E-03   9.83700E-03   6.71974E-02   1.10274E-02   6.94479E-01 
    2.26589E-01   7.07591E-04   0.00000E+00   8.67448E-01   1.32552E-01  NONE
   6.73000E+02   7.40298E-07   4.99000E-05   9.84996E-01   2.90976E-03 
    2.20681E-03   9.83697E-03   6.72000E-02   1.10718E-02   6.92233E-01 
    2.28782E-01   7.12849E-04   0.00000E+00   8.67445E-01   1.32555E-01  NONE
