
 Phase Region for:
     CEMENTITE                     
     FCC_A1#1                      
 col-1=T, col-2=W(CEMENTITE,C), col-3=W(CEMENTITE,CR), col-4=W(CEMENTITE,FE),
   col-5=W(CEMENTITE,MN), col-6=W(CEMENTITE,NI), col-7=W(CEMENTITE,SI),
   col-8=W(FCC_A1#1,C), col-9=W(FCC_A1#1,CR), col-10=W(FCC_A1#1,FE),
   col-11=W(FCC_A1#1,MN), col-12=W(FCC_A1#1,NI), col-13=W(FCC_A1#1,SI),
   col-14=NP(CEMENTITE), col-15=NP(FCC_A1#1),
   1.17300E+03   6.71300E-02   4.84504E-02   8.70851E-01   9.11762E-03 
    4.45052E-03   0.00000E+00   1.12078E-02   6.75782E-03   9.50512E-01 
    5.15797E-03   2.57233E-02   6.40728E-04   4.23413E-02   9.57659E-01  NONE
   1.18300E+03   6.71294E-02   4.84050E-02   8.70860E-01   9.07207E-03 
    4.53295E-03   0.00000E+00   1.15077E-02   6.98286E-03   9.50085E-01 
    5.18063E-03   2.56067E-02   6.37291E-04   3.61468E-02   9.63853E-01  NONE
   1.19300E+03   6.71289E-02   4.83507E-02   8.70877E-01   9.02776E-03 
    4.61561E-03   0.00000E+00   1.18116E-02   7.21052E-03   9.49652E-01 
    5.20302E-03   2.54894E-02   6.33810E-04   2.98034E-02   9.70197E-01  NONE
   1.20300E+03   6.71282E-02   4.82875E-02   8.70901E-01   8.98468E-03 
    4.69851E-03   0.00000E+00   1.21193E-02   7.44066E-03   9.49213E-01 
    5.22516E-03   2.53716E-02   6.30284E-04   2.33067E-02   9.76693E-01  NONE
   1.21300E+03   6.71276E-02   4.82155E-02   8.70933E-01   8.94281E-03 
    4.78164E-03   0.00000E+00   1.24311E-02   7.67313E-03   9.48769E-01 
    5.24706E-03   2.52533E-02   6.26713E-04   1.66522E-02   9.83348E-01  NONE
   1.22300E+03   6.71268E-02   4.81347E-02   8.70971E-01   8.90215E-03 
    4.86499E-03   0.00000E+00   1.27467E-02   7.90779E-03   9.48319E-01 
    5.26873E-03   2.51345E-02   6.23095E-04   9.83499E-03   9.90165E-01  NONE
   1.23300E+03   6.71261E-02   4.80452E-02   8.71017E-01   8.86268E-03 
    4.94856E-03   0.00000E+00   1.30664E-02   8.14450E-03   9.47864E-01 
    5.29018E-03   2.50151E-02   6.19432E-04   2.84990E-03   9.97150E-01  NONE
   1.23701E+03   6.71258E-02   4.80069E-02   8.71038E-01   8.84718E-03 
    4.98214E-03   0.00000E+00   1.31958E-02   8.23998E-03   9.47680E-01 
    5.29873E-03   2.49671E-02   6.17950E-04   0.00000E+00   1.00000E+00  NONE

 Phase Region for:
     FCC_A1#1                      
 col-1=T, col-2=W(FCC_A1#1,C), col-3=W(FCC_A1#1,CR), col-4=W(FCC_A1#1,FE),
   col-5=W(FCC_A1#1,MN), col-6=W(FCC_A1#1,NI), col-7=W(FCC_A1#1,SI),
   col-8=NP(FCC_A1#1),
   1.23701E+03   1.31958E-02   8.23998E-03   9.47680E-01   5.29873E-03 
    2.49671E-02   6.17950E-04   1.00000E+00
   1.24300E+03   1.31958E-02   8.23998E-03   9.47680E-01   5.29873E-03 
    2.49671E-02   6.17950E-04   1.00000E+00
   1.25300E+03   1.31958E-02   8.23998E-03   9.47680E-01   5.29873E-03 
    2.49671E-02   6.17950E-04   1.00000E+00
   1.26300E+03   1.31958E-02   8.23998E-03   9.47680E-01   5.29873E-03 
    2.49671E-02   6.17950E-04   1.00000E+00
   1.27300E+03   1.31958E-02   8.23998E-03   9.47680E-01   5.29873E-03 
    2.49671E-02   6.17950E-04   1.00000E+00
   1.28300E+03   1.31958E-02   8.23998E-03   9.47680E-01   5.29873E-03 
    2.49671E-02   6.17950E-04   1.00000E+00
   1.29300E+03   1.31958E-02   8.23998E-03   9.47680E-01   5.29873E-03 
    2.49671E-02   6.17950E-04   1.00000E+00
   1.30300E+03   1.31958E-02   8.23998E-03   9.47680E-01   5.29873E-03 
    2.49671E-02   6.17950E-04   1.00000E+00
   1.31300E+03   1.31958E-02   8.23998E-03   9.47680E-01   5.29873E-03 
    2.49671E-02   6.17950E-04   1.00000E+00
   1.32300E+03   1.31958E-02   8.23998E-03   9.47680E-01   5.29873E-03 
    2.49671E-02   6.17950E-04   1.00000E+00
   1.33300E+03   1.31958E-02   8.23998E-03   9.47680E-01   5.29873E-03 
    2.49671E-02   6.17950E-04   1.00000E+00
   1.34300E+03   1.31958E-02   8.23998E-03   9.47680E-01   5.29873E-03 
    2.49671E-02   6.17950E-04   1.00000E+00
   1.35300E+03   1.31958E-02   8.23998E-03   9.47680E-01   5.29873E-03 
    2.49671E-02   6.17950E-04   1.00000E+00
   1.36300E+03   1.31958E-02   8.23998E-03   9.47680E-01   5.29873E-03 
    2.49671E-02   6.17950E-04   1.00000E+00
   1.37300E+03   1.31958E-02   8.23998E-03   9.47680E-01   5.29873E-03 
    2.49671E-02   6.17950E-04   1.00000E+00
   1.38300E+03   1.31958E-02   8.23998E-03   9.47680E-01   5.29873E-03 
    2.49671E-02   6.17950E-04   1.00000E+00
   1.39300E+03   1.31958E-02   8.23998E-03   9.47680E-01   5.29873E-03 
    2.49671E-02   6.17950E-04   1.00000E+00
   1.40300E+03   1.31958E-02   8.23998E-03   9.47680E-01   5.29873E-03 
    2.49671E-02   6.17950E-04   1.00000E+00
   1.41300E+03   1.31958E-02   8.23998E-03   9.47680E-01   5.29873E-03 
    2.49671E-02   6.17950E-04   1.00000E+00
   1.42300E+03   1.31958E-02   8.23998E-03   9.47680E-01   5.29873E-03 
    2.49671E-02   6.17950E-04   1.00000E+00
   1.43300E+03   1.31958E-02   8.23998E-03   9.47680E-01   5.29873E-03 
    2.49671E-02   6.17950E-04   1.00000E+00
   1.44300E+03   1.31958E-02   8.23998E-03   9.47680E-01   5.29873E-03 
    2.49671E-02   6.17950E-04   1.00000E+00
   1.45300E+03   1.31958E-02   8.23998E-03   9.47680E-01   5.29873E-03 
    2.49671E-02   6.17950E-04   1.00000E+00
   1.46300E+03   1.31958E-02   8.23998E-03   9.47680E-01   5.29873E-03 
    2.49671E-02   6.17950E-04   1.00000E+00
   1.47300E+03   1.31958E-02   8.23998E-03   9.47680E-01   5.29873E-03 
    2.49671E-02   6.17950E-04   1.00000E+00

 Phase Region for:
     CEMENTITE                     
     FCC_A1#1                      
 col-1=T, col-2=W(CEMENTITE,C), col-3=W(CEMENTITE,CR), col-4=W(CEMENTITE,FE),
   col-5=W(CEMENTITE,MN), col-6=W(CEMENTITE,NI), col-7=W(CEMENTITE,SI),
   col-8=W(FCC_A1#1,C), col-9=W(FCC_A1#1,CR), col-10=W(FCC_A1#1,FE),
   col-11=W(FCC_A1#1,MN), col-12=W(FCC_A1#1,NI), col-13=W(FCC_A1#1,SI),
   col-14=NP(CEMENTITE), col-15=NP(FCC_A1#1),
   1.17300E+03   6.71300E-02   4.84504E-02   8.70851E-01   9.11762E-03 
    4.45052E-03   0.00000E+00   1.12078E-02   6.75782E-03   9.50512E-01 
    5.15797E-03   2.57233E-02   6.40728E-04   4.23413E-02   9.57659E-01  NONE
   1.16300E+03   6.71305E-02   4.84869E-02   8.70850E-01   9.16443E-03 
    4.36833E-03   0.00000E+00   1.09117E-02   6.53554E-03   9.50934E-01 
    5.13502E-03   2.58394E-02   6.44120E-04   4.83912E-02   9.51609E-01  NONE
   1.15300E+03   6.71309E-02   4.85144E-02   8.70856E-01   9.21250E-03 
    4.28640E-03   0.00000E+00   1.06194E-02   6.31616E-03   9.51350E-01 
    5.11178E-03   2.59550E-02   6.47468E-04   5.43006E-02   9.45699E-01  NONE
   1.14300E+03   6.71313E-02   4.85329E-02   8.70869E-01   9.26185E-03 
    4.20473E-03   0.00000E+00   1.03310E-02   6.09981E-03   9.51760E-01 
    5.08823E-03   2.60699E-02   6.50773E-04   6.00731E-02   9.39927E-01  NONE
   1.13300E+03   6.71317E-02   4.85425E-02   8.70890E-01   9.31251E-03 
    4.12332E-03   0.00000E+00   1.00464E-02   5.88662E-03   9.52164E-01 
    5.06436E-03   2.61842E-02   6.54034E-04   6.57125E-02   9.34287E-01  NONE
   1.12300E+03   6.71320E-02   4.85432E-02   8.70918E-01   9.36448E-03 
    4.04218E-03   0.00000E+00   9.76549E-03   5.67672E-03   9.52562E-01 
    5.04015E-03   2.62979E-02   6.57251E-04   7.12223E-02   9.28778E-01  NONE
   1.11300E+03   6.71323E-02   4.85351E-02   8.70953E-01   9.41777E-03 
    3.96131E-03   0.00000E+00   9.48838E-03   5.47023E-03   9.52954E-01 
    5.01560E-03   2.64110E-02   6.60426E-04   7.66058E-02   9.23394E-01  NONE
   1.10300E+03   6.71326E-02   4.85182E-02   8.70996E-01   9.47242E-03 
    3.88074E-03   0.00000E+00   9.21501E-03   5.26725E-03   9.53340E-01 
    4.99069E-03   2.65234E-02   6.63558E-04   8.18661E-02   9.18134E-01  NONE
   1.09300E+03   6.71328E-02   4.84926E-02   8.71046E-01   9.52842E-03 
    3.80046E-03   0.00000E+00   8.94536E-03   5.06792E-03   9.53720E-01 
    4.96541E-03   2.66351E-02   6.66647E-04   8.70064E-02   9.12994E-01  NONE
   1.08300E+03   6.71329E-02   4.84585E-02   8.71102E-01   9.58581E-03 
    3.72048E-03   0.00000E+00   8.67943E-03   4.87232E-03   9.54093E-01 
    4.93976E-03   2.67462E-02   6.69693E-04   9.20293E-02   9.07971E-01  NONE
   1.07300E+03   6.71330E-02   4.84160E-02   8.71166E-01   9.64460E-03 
    3.64082E-03   0.00000E+00   8.41720E-03   4.68057E-03   9.54459E-01 
    4.91371E-03   2.68565E-02   6.72698E-04   9.69378E-02   9.03062E-01  NONE
   1.06300E+03   6.71331E-02   4.83651E-02   8.71235E-01   9.70480E-03 
    3.56147E-03   0.00000E+00   8.15867E-03   4.49274E-03   9.54820E-01 
    4.88725E-03   2.69661E-02   6.75660E-04   1.01735E-01   8.98265E-01  NONE
   1.05300E+03   6.71331E-02   4.83062E-02   8.71312E-01   9.76645E-03 
    3.48246E-03   0.00000E+00   7.90382E-03   4.30894E-03   9.55173E-01 
    4.86039E-03   2.70750E-02   6.78579E-04   1.06422E-01   8.93578E-01  NONE
   1.04300E+03   6.71331E-02   4.82393E-02   8.71394E-01   9.82955E-03 
    3.40379E-03   0.00000E+00   7.65265E-03   4.12924E-03   9.55520E-01 
    4.83310E-03   2.71832E-02   6.81457E-04   1.11002E-01   8.88998E-01  NONE
   1.03300E+03   6.71331E-02   4.81647E-02   8.71483E-01   9.89412E-03 
    3.32548E-03   0.00000E+00   7.40516E-03   3.95370E-03   9.55861E-01 
    4.80537E-03   2.72905E-02   6.84292E-04   1.15478E-01   8.84522E-01  NONE
   1.02300E+03   6.71330E-02   4.80827E-02   8.71577E-01   9.96020E-03 
    3.24753E-03   0.00000E+00   7.16134E-03   3.78241E-03   9.56195E-01 
    4.77721E-03   2.73971E-02   6.87086E-04   1.19851E-01   8.80149E-01  NONE
   1.01300E+03   6.71329E-02   4.79933E-02   8.71676E-01   1.00278E-02 
    3.16995E-03   0.00000E+00   6.92120E-03   3.61540E-03   9.56522E-01 
    4.74859E-03   2.75028E-02   6.89837E-04   1.24123E-01   8.75877E-01  NONE
   1.00300E+03   6.71327E-02   4.78970E-02   8.71781E-01   1.00970E-02 
    3.09277E-03   0.00000E+00   6.68474E-03   3.45274E-03   9.56843E-01 
    4.71951E-03   2.76077E-02   6.92547E-04   1.28297E-01   8.71703E-01  NONE
   9.93000E+02   6.71325E-02   4.77939E-02   8.71890E-01   1.01677E-02 
    3.01599E-03   0.00000E+00   6.45197E-03   3.29446E-03   9.57157E-01 
    4.68996E-03   2.77117E-02   6.95214E-04   1.32374E-01   8.67626E-01  NONE
   9.83000E+02   6.71323E-02   4.76845E-02   8.72004E-01   1.02400E-02 
    2.93963E-03   0.00000E+00   6.22290E-03   3.14061E-03   9.57464E-01 
    4.65993E-03   2.78148E-02   6.97838E-04   1.36356E-01   8.63644E-01  NONE
   9.74911E+02   6.71321E-02   4.75914E-02   8.72099E-01   1.02997E-02 
    2.87818E-03   0.00000E+00   6.04030E-03   3.01940E-03   9.57708E-01 
    4.63528E-03   2.78975E-02   6.99931E-04   1.39508E-01   8.60492E-01  NONE

 Phase Region for:
     BCC_A2                        
     CEMENTITE                     
     FCC_A1#1                      
 col-1=T, col-2=W(BCC_A2,C), col-3=W(BCC_A2,CR), col-4=W(BCC_A2,FE),
   col-5=W(BCC_A2,MN), col-6=W(BCC_A2,NI), col-7=W(BCC_A2,SI),
   col-8=W(CEMENTITE,C), col-9=W(CEMENTITE,CR), col-10=W(CEMENTITE,FE),
   col-11=W(CEMENTITE,MN), col-12=W(CEMENTITE,NI), col-13=W(CEMENTITE,SI),
   col-14=W(FCC_A1#1,C), col-15=W(FCC_A1#1,CR), col-16=W(FCC_A1#1,FE),
   col-17=W(FCC_A1#1,MN), col-18=W(FCC_A1#1,NI), col-19=W(FCC_A1#1,SI),
   col-20=NP(BCC_A2), col-21=NP(CEMENTITE), col-22=NP(FCC_A1#1),
   9.74911E+02   1.24200E-04   1.51542E-03   9.84794E-01   1.00229E-03 
    1.14713E-02   1.09293E-03   6.71321E-02   4.75913E-02   8.72099E-01 
    1.02997E-02   2.87819E-03   0.00000E+00   6.04030E-03   3.01939E-03 
    9.57707E-01   4.63529E-03   2.78976E-02   6.99929E-04   3.73185E-06 
    1.39509E-01   8.60488E-01
   9.73000E+02   1.21887E-04   1.46498E-03   9.84313E-01   1.02876E-03 
    1.20223E-02   1.04917E-03   6.71265E-02   4.64672E-02   8.72678E-01 
    1.06955E-02   3.03260E-03   0.00000E+00   5.99691E-03   2.91700E-03 
    9.56061E-01   4.84011E-03   2.95091E-02   6.75564E-04   6.78847E-02 
    1.48392E-01   7.83723E-01
   9.63000E+02   1.09746E-04   1.27730E-03   9.81637E-01   1.15015E-03 
    1.49168E-02   9.08828E-04   6.71069E-02   4.25983E-02   8.73802E-01 
    1.26502E-02   3.84305E-03   0.00000E+00   5.73615E-03   2.52498E-03 
    9.46724E-01   5.93083E-03   3.84788E-02   6.05171E-04   3.32104E-01 
    1.82697E-01   4.85199E-01
   9.53000E+02   9.81648E-05   1.15996E-03   9.78939E-01   1.24228E-03 
    1.77185E-02   8.42481E-04   6.70965E-02   4.06342E-02   8.73232E-01 
    1.44060E-02   4.63141E-03   0.00000E+00   5.44435E-03   2.26794E-03 
    9.36540E-01   7.04750E-03   4.81165E-02   5.83424E-04   4.93884E-01 
    2.03095E-01   3.03021E-01
   9.43000E+02   8.74746E-05   1.07520E-03   9.76364E-01   1.30886E-03 
    2.03572E-02   8.07322E-04   6.70906E-02   3.95754E-02   8.71961E-01 
    1.59919E-02   5.38058E-03   0.00000E+00   5.13861E-03   2.07500E-03 
    9.25715E-01   8.20342E-03   5.82846E-02   5.83656E-04   5.97191E-01 
    2.15553E-01   1.87256E-01
   9.33000E+02   7.77402E-05   1.00752E-03   9.73966E-01   1.35427E-03 
    2.28068E-02   7.87717E-04   6.70871E-02   3.89981E-02   8.70391E-01 
    1.74408E-02   6.08322E-03   0.00000E+00   4.82639E-03   1.91670E-03 
    9.14297E-01   9.41968E-03   6.89434E-02   5.96398E-04   6.65462E-01 
    2.23329E-01   1.11209E-01
   9.23000E+02   6.89360E-05   9.49694E-04   9.71765E-01   1.38218E-03 
    2.50575E-02   7.76799E-04   6.70850E-02   3.86997E-02   8.68701E-01 
    1.87787E-02   6.73571E-03   0.00000E+00   4.51161E-03   1.77927E-03 
    9.02280E-01   1.07190E-02   8.00923E-02   6.17697E-04   7.11634E-01 
    2.28234E-01   6.01322E-02
   9.13000E+02   6.10057E-05   8.97978E-04   9.69768E-01   1.39549E-03 
    2.71068E-02   7.71119E-04   6.70838E-02   3.85726E-02   8.66983E-01 
    2.00249E-02   7.33617E-03   0.00000E+00   4.19687E-03   1.65561E-03 
    8.89628E-01   1.21250E-02   9.17486E-02   6.45753E-04   7.43255E-01 
    2.31320E-01   2.54252E-02
   9.03000E+02   5.38829E-05   8.50290E-04   9.67975E-01   1.39647E-03 
    2.89558E-02   7.68759E-04   6.70832E-02   3.85548E-02   8.65285E-01 
    2.11932E-02   7.88360E-03   0.00000E+00   3.88421E-03   1.54184E-03 
    8.76295E-01   1.36623E-02   1.03937E-01   6.79716E-04   7.64965E-01 
    2.33229E-01   1.80582E-03
   9.02048E+02   5.32441E-05   8.45909E-04   9.67815E-01   1.39599E-03 
    2.91215E-02   7.68661E-04   6.70832E-02   3.85573E-02   8.65126E-01 
    2.13008E-02   7.93296E-03   0.00000E+00   3.85461E-03   1.53143E-03 
    8.74987E-01   1.38165E-02   1.05127E-01   6.83242E-04   7.66635E-01 
    2.33365E-01   0.00000E+00

 Phase Region for:
     BCC_A2                        
     CEMENTITE                     
 col-1=T, col-2=W(BCC_A2,C), col-3=W(BCC_A2,CR), col-4=W(BCC_A2,FE),
   col-5=W(BCC_A2,MN), col-6=W(BCC_A2,NI), col-7=W(BCC_A2,SI),
   col-8=W(CEMENTITE,C), col-9=W(CEMENTITE,CR), col-10=W(CEMENTITE,FE),
   col-11=W(CEMENTITE,MN), col-12=W(CEMENTITE,NI), col-13=W(CEMENTITE,SI),
   col-14=NP(BCC_A2), col-15=NP(CEMENTITE),
   9.02047E+02   5.32441E-05   8.45909E-04   9.67815E-01   1.39599E-03 
    2.91215E-02   7.68661E-04   6.70832E-02   3.85573E-02   8.65126E-01 
    2.13008E-02   7.93296E-03   0.00000E+00   7.66635E-01   2.33365E-01  NONE
   8.93000E+02   4.77018E-05   8.03976E-04   9.67933E-01   1.32828E-03 
    2.91186E-02   7.68722E-04   6.70842E-02   3.87170E-02   8.64675E-01 
    2.15719E-02   7.95172E-03   0.00000E+00   7.66555E-01   2.33445E-01  NONE
   8.83000E+02   4.21604E-05   7.58987E-04   9.68058E-01   1.25598E-03 
    2.91157E-02   7.68783E-04   6.70853E-02   3.88891E-02   8.64193E-01 
    2.18616E-02   7.97063E-03   0.00000E+00   7.66476E-01   2.33524E-01  NONE
   8.73000E+02   3.71810E-05   7.15436E-04   9.68179E-01   1.18628E-03 
    2.91130E-02   7.68837E-04   6.70864E-02   3.90564E-02   8.63728E-01 
    2.21411E-02   7.98765E-03   0.00000E+00   7.66405E-01   2.33595E-01  NONE
   8.63000E+02   3.27143E-05   6.73331E-04   9.68295E-01   1.11916E-03 
    2.91106E-02   7.68885E-04   6.70874E-02   3.92190E-02   8.63280E-01 
    2.24105E-02   8.00281E-03   0.00000E+00   7.66342E-01   2.33658E-01  NONE
   8.53000E+02   2.87151E-05   6.32681E-04   9.68407E-01   1.05456E-03 
    2.91086E-02   7.68928E-04   6.70885E-02   3.93765E-02   8.62849E-01 
    2.26701E-02   8.01615E-03   0.00000E+00   7.66285E-01   2.33715E-01  NONE
   8.43000E+02   2.51414E-05   5.93492E-04   9.68513E-01   9.92436E-04 
    2.91068E-02   7.68966E-04   6.70895E-02   3.95290E-02   8.62434E-01 
    2.29199E-02   8.02768E-03   0.00000E+00   7.66234E-01   2.33766E-01  NONE
   8.33000E+02   2.19546E-05   5.55768E-04   9.68615E-01   9.32754E-04 
    2.91053E-02   7.69000E-04   6.70904E-02   3.96763E-02   8.62036E-01 
    2.31601E-02   8.03739E-03   0.00000E+00   7.66188E-01   2.33812E-01  NONE
   8.23000E+02   1.91189E-05   5.19511E-04   9.68713E-01   8.75470E-04 
    2.91042E-02   7.69030E-04   6.70914E-02   3.98184E-02   8.61654E-01 
    2.33908E-02   8.04530E-03   0.00000E+00   7.66148E-01   2.33852E-01  NONE
   8.13000E+02   1.66015E-05   4.84723E-04   9.68806E-01   8.20548E-04 
    2.91035E-02   7.69056E-04   6.70923E-02   3.99552E-02   8.61289E-01 
    2.36123E-02   8.05139E-03   0.00000E+00   7.66112E-01   2.33888E-01  NONE
   8.03000E+02   1.43721E-05   4.51399E-04   9.68894E-01   7.67946E-04 
    2.91031E-02   7.69079E-04   6.70931E-02   4.00866E-02   8.60940E-01 
    2.38246E-02   8.05564E-03   0.00000E+00   7.66080E-01   2.33920E-01  NONE
   7.93000E+02   1.24029E-05   4.19535E-04   9.68978E-01   7.17626E-04 
    2.91030E-02   7.69099E-04   6.70940E-02   4.02126E-02   8.60608E-01 
    2.40278E-02   8.05804E-03   0.00000E+00   7.66052E-01   2.33948E-01  NONE
   7.83000E+02   1.06681E-05   3.89123E-04   9.69058E-01   6.69548E-04 
    2.91034E-02   7.69117E-04   6.70948E-02   4.03332E-02   8.60291E-01 
    2.42222E-02   8.05855E-03   0.00000E+00   7.66027E-01   2.33973E-01  NONE
   7.73000E+02   9.14421E-06   3.60151E-04   9.69134E-01   6.23672E-04 
    2.91041E-02   7.69132E-04   6.70956E-02   4.04484E-02   8.59991E-01 
    2.44078E-02   8.05714E-03   0.00000E+00   7.66005E-01   2.33995E-01  NONE
   7.63000E+02   7.80962E-06   3.32607E-04   9.69205E-01   5.79956E-04 
    2.91053E-02   7.69146E-04   6.70963E-02   4.05581E-02   8.59707E-01 
    2.45848E-02   8.05376E-03   0.00000E+00   7.65986E-01   2.34014E-01  NONE
   7.53000E+02   6.64451E-06   3.06472E-04   9.69272E-01   5.38358E-04 
    2.91070E-02   7.69157E-04   6.70970E-02   4.06625E-02   8.59439E-01 
    2.47534E-02   8.04837E-03   0.00000E+00   7.65970E-01   2.34030E-01  NONE
   7.43000E+02   5.63074E-06   2.81727E-04   9.69336E-01   4.98834E-04 
    2.91091E-02   7.69167E-04   6.70977E-02   4.07616E-02   8.59186E-01 
    2.49136E-02   8.04091E-03   0.00000E+00   7.65955E-01   2.34045E-01  NONE
   7.33000E+02   4.75176E-06   2.58351E-04   9.69395E-01   4.61338E-04 
    2.91116E-02   7.69175E-04   6.70984E-02   4.08553E-02   8.58949E-01 
    2.50658E-02   8.03131E-03   0.00000E+00   7.65943E-01   2.34057E-01  NONE
   7.23000E+02   3.99246E-06   2.36316E-04   9.69450E-01   4.25826E-04 
    2.91147E-02   7.69182E-04   6.70990E-02   4.09439E-02   8.58728E-01 
    2.52100E-02   8.01951E-03   0.00000E+00   7.65932E-01   2.34068E-01  NONE
   7.13000E+02   3.33911E-06   2.15596E-04   9.69501E-01   3.92247E-04 
    2.91183E-02   7.69187E-04   6.70996E-02   4.10273E-02   8.58521E-01 
    2.53464E-02   8.00543E-03   0.00000E+00   7.65923E-01   2.34077E-01  NONE
   7.03000E+02   2.77924E-06   1.96158E-04   9.69549E-01   3.60554E-04 
    2.91225E-02   7.69192E-04   6.71002E-02   4.11057E-02   8.58330E-01 
    2.54753E-02   7.98898E-03   0.00000E+00   7.65915E-01   2.34085E-01  NONE
   6.93000E+02   2.30155E-06   1.77970E-04   9.69593E-01   3.30694E-04 
    2.91272E-02   7.69196E-04   6.71008E-02   4.11791E-02   8.58153E-01 
    2.55968E-02   7.97008E-03   0.00000E+00   7.65908E-01   2.34092E-01  NONE
   6.83000E+02   1.89586E-06   1.60997E-04   9.69633E-01   3.02615E-04 
    2.91325E-02   7.69199E-04   6.71013E-02   4.12478E-02   8.57991E-01 
    2.57111E-02   7.94863E-03   0.00000E+00   7.65902E-01   2.34098E-01  NONE
   6.73000E+02   1.55296E-06   1.45199E-04   9.69669E-01   2.76265E-04 
    2.91385E-02   7.69202E-04   6.71018E-02   4.13118E-02   8.57843E-01 
    2.58184E-02   7.92453E-03   0.00000E+00   7.65897E-01   2.34103E-01  NONE
