
 Phase Region for:
     FCC_A1#1                      
 col-1=T, col-2=W(FCC_A1#1,C), col-3=W(FCC_A1#1,CR), col-4=W(FCC_A1#1,FE),
   col-5=W(FCC_A1#1,MN), col-6=W(FCC_A1#1,NI), col-7=W(FCC_A1#1,SI),
   col-8=NP(FCC_A1#1),
   1.17300E+03   6.44880E-03   1.75703E-03   9.55341E-01   5.33222E-03 
    2.52770E-02   5.84367E-03   1.00000E+00
   1.18300E+03   6.44880E-03   1.75703E-03   9.55341E-01   5.33222E-03 
    2.52770E-02   5.84367E-03   1.00000E+00
   1.19300E+03   6.44880E-03   1.75703E-03   9.55341E-01   5.33222E-03 
    2.52770E-02   5.84367E-03   1.00000E+00
   1.20300E+03   6.44880E-03   1.75703E-03   9.55341E-01   5.33222E-03 
    2.52770E-02   5.84367E-03   1.00000E+00
   1.21300E+03   6.44880E-03   1.75703E-03   9.55341E-01   5.33222E-03 
    2.52770E-02   5.84367E-03   1.00000E+00
   1.22300E+03   6.44880E-03   1.75703E-03   9.55341E-01   5.33222E-03 
    2.52770E-02   5.84367E-03   1.00000E+00
   1.23300E+03   6.44880E-03   1.75703E-03   9.55341E-01   5.33222E-03 
    2.52770E-02   5.84367E-03   1.00000E+00
   1.24300E+03   6.44880E-03   1.75703E-03   9.55341E-01   5.33222E-03 
    2.52770E-02   5.84367E-03   1.00000E+00
   1.25300E+03   6.44880E-03   1.75703E-03   9.55341E-01   5.33222E-03 
    2.52770E-02   5.84367E-03   1.00000E+00
   1.26300E+03   6.44880E-03   1.75703E-03   9.55341E-01   5.33222E-03 
    2.52770E-02   5.84367E-03   1.00000E+00
   1.27300E+03   6.44880E-03   1.75703E-03   9.55341E-01   5.33222E-03 
    2.52770E-02   5.84367E-03   1.00000E+00
   1.28300E+03   6.44880E-03   1.75703E-03   9.55341E-01   5.33222E-03 
    2.52770E-02   5.84367E-03   1.00000E+00
   1.29300E+03   6.44880E-03   1.75703E-03   9.55341E-01   5.33222E-03 
    2.52770E-02   5.84367E-03   1.00000E+00
   1.30300E+03   6.44880E-03   1.75703E-03   9.55341E-01   5.33222E-03 
    2.52770E-02   5.84367E-03   1.00000E+00
   1.31300E+03   6.44880E-03   1.75703E-03   9.55341E-01   5.33222E-03 
    2.52770E-02   5.84367E-03   1.00000E+00
   1.32300E+03   6.44880E-03   1.75703E-03   9.55341E-01   5.33222E-03 
    2.52770E-02   5.84367E-03   1.00000E+00
   1.33300E+03   6.44880E-03   1.75703E-03   9.55341E-01   5.33222E-03 
    2.52770E-02   5.84367E-03   1.00000E+00
   1.34300E+03   6.44880E-03   1.75703E-03   9.55341E-01   5.33222E-03 
    2.52770E-02   5.84367E-03   1.00000E+00
   1.35300E+03   6.44880E-03   1.75703E-03   9.55341E-01   5.33222E-03 
    2.52770E-02   5.84367E-03   1.00000E+00
   1.36300E+03   6.44880E-03   1.75703E-03   9.55341E-01   5.33222E-03 
    2.52770E-02   5.84367E-03   1.00000E+00
   1.37300E+03   6.44880E-03   1.75703E-03   9.55341E-01   5.33222E-03 
    2.52770E-02   5.84367E-03   1.00000E+00
   1.38300E+03   6.44880E-03   1.75703E-03   9.55341E-01   5.33222E-03 
    2.52770E-02   5.84367E-03   1.00000E+00
   1.39300E+03   6.44880E-03   1.75703E-03   9.55341E-01   5.33222E-03 
    2.52770E-02   5.84367E-03   1.00000E+00
   1.40300E+03   6.44880E-03   1.75703E-03   9.55341E-01   5.33222E-03 
    2.52770E-02   5.84367E-03   1.00000E+00
   1.41300E+03   6.44880E-03   1.75703E-03   9.55341E-01   5.33222E-03 
    2.52770E-02   5.84367E-03   1.00000E+00
   1.42300E+03   6.44880E-03   1.75703E-03   9.55341E-01   5.33222E-03 
    2.52770E-02   5.84367E-03   1.00000E+00
   1.43300E+03   6.44880E-03   1.75703E-03   9.55341E-01   5.33222E-03 
    2.52770E-02   5.84367E-03   1.00000E+00
   1.44300E+03   6.44880E-03   1.75703E-03   9.55341E-01   5.33222E-03 
    2.52770E-02   5.84367E-03   1.00000E+00
   1.45300E+03   6.44880E-03   1.75703E-03   9.55341E-01   5.33222E-03 
    2.52770E-02   5.84367E-03   1.00000E+00
   1.46300E+03   6.44880E-03   1.75703E-03   9.55341E-01   5.33222E-03 
    2.52770E-02   5.84367E-03   1.00000E+00
   1.47300E+03   6.44880E-03   1.75703E-03   9.55341E-01   5.33222E-03 
    2.52770E-02   5.84367E-03   1.00000E+00

 Phase Region for:
     FCC_A1#1                      
 col-1=T, col-2=W(FCC_A1#1,C), col-3=W(FCC_A1#1,CR), col-4=W(FCC_A1#1,FE),
   col-5=W(FCC_A1#1,MN), col-6=W(FCC_A1#1,NI), col-7=W(FCC_A1#1,SI),
   col-8=NP(FCC_A1#1),
   1.17300E+03   6.44880E-03   1.75703E-03   9.55341E-01   5.33222E-03 
    2.52770E-02   5.84367E-03   1.00000E+00
   1.16300E+03   6.44880E-03   1.75703E-03   9.55341E-01   5.33222E-03 
    2.52770E-02   5.84367E-03   1.00000E+00
   1.15300E+03   6.44880E-03   1.75703E-03   9.55341E-01   5.33222E-03 
    2.52770E-02   5.84367E-03   1.00000E+00
   1.14300E+03   6.44880E-03   1.75703E-03   9.55341E-01   5.33222E-03 
    2.52770E-02   5.84367E-03   1.00000E+00
   1.13300E+03   6.44880E-03   1.75703E-03   9.55341E-01   5.33222E-03 
    2.52770E-02   5.84367E-03   1.00000E+00
   1.12300E+03   6.44880E-03   1.75703E-03   9.55341E-01   5.33222E-03 
    2.52770E-02   5.84367E-03   1.00000E+00
   1.11300E+03   6.44880E-03   1.75703E-03   9.55341E-01   5.33222E-03 
    2.52770E-02   5.84367E-03   1.00000E+00
   1.10300E+03   6.44880E-03   1.75703E-03   9.55341E-01   5.33222E-03 
    2.52770E-02   5.84367E-03   1.00000E+00
   1.09300E+03   6.44880E-03   1.75703E-03   9.55341E-01   5.33222E-03 
    2.52770E-02   5.84367E-03   1.00000E+00
   1.08300E+03   6.44880E-03   1.75703E-03   9.55341E-01   5.33222E-03 
    2.52770E-02   5.84367E-03   1.00000E+00
   1.07300E+03   6.44880E-03   1.75703E-03   9.55341E-01   5.33222E-03 
    2.52770E-02   5.84367E-03   1.00000E+00
   1.06300E+03   6.44880E-03   1.75703E-03   9.55341E-01   5.33222E-03 
    2.52770E-02   5.84367E-03   1.00000E+00
   1.05300E+03   6.44880E-03   1.75703E-03   9.55341E-01   5.33222E-03 
    2.52770E-02   5.84367E-03   1.00000E+00
   1.04300E+03   6.44880E-03   1.75703E-03   9.55341E-01   5.33222E-03 
    2.52770E-02   5.84367E-03   1.00000E+00
   1.03300E+03   6.44880E-03   1.75703E-03   9.55341E-01   5.33222E-03 
    2.52770E-02   5.84367E-03   1.00000E+00
   1.02300E+03   6.44880E-03   1.75703E-03   9.55341E-01   5.33222E-03 
    2.52770E-02   5.84367E-03   1.00000E+00
   1.01300E+03   6.44880E-03   1.75703E-03   9.55341E-01   5.33222E-03 
    2.52770E-02   5.84367E-03   1.00000E+00
   1.00300E+03   6.44880E-03   1.75703E-03   9.55341E-01   5.33222E-03 
    2.52770E-02   5.84367E-03   1.00000E+00
   9.94547E+02   6.44880E-03   1.75703E-03   9.55341E-01   5.33222E-03 
    2.52770E-02   5.84367E-03   1.00000E+00

 Phase Region for:
     CEMENTITE                     
     FCC_A1#1                      
 col-1=T, col-2=W(CEMENTITE,C), col-3=W(CEMENTITE,CR), col-4=W(CEMENTITE,FE),
   col-5=W(CEMENTITE,MN), col-6=W(CEMENTITE,NI), col-7=W(CEMENTITE,SI),
   col-8=W(FCC_A1#1,C), col-9=W(FCC_A1#1,CR), col-10=W(FCC_A1#1,FE),
   col-11=W(FCC_A1#1,MN), col-12=W(FCC_A1#1,NI), col-13=W(FCC_A1#1,SI),
   col-14=NP(CEMENTITE), col-15=NP(FCC_A1#1),
   9.94546E+02   6.70138E-02   2.35585E-02   8.95386E-01   1.11233E-02 
    2.91878E-03   0.00000E+00   6.44880E-03   1.75703E-03   9.55341E-01 
    5.33222E-03   2.52770E-02   5.84367E-03   4.69912E-08   1.00000E+00
   9.93000E+02   6.70138E-02   2.35417E-02   8.95399E-01   1.11387E-02 
    2.90705E-03   0.00000E+00   6.41253E-03   1.74398E-03   9.55377E-01 
    5.32874E-03   2.52904E-02   5.84717E-03   7.25397E-04   9.99275E-01
   9.83339E+02   6.70136E-02   2.34330E-02   8.95483E-01   1.12364E-02 
    2.83401E-03   0.00000E+00   6.18800E-03   1.66369E-03   9.55599E-01 
    5.30680E-03   2.53736E-02   5.86883E-03   5.19681E-03   9.94803E-01

 Phase Region for:
     BCC_A2                        
     CEMENTITE                     
     FCC_A1#1                      
 col-1=T, col-2=W(BCC_A2,C), col-3=W(BCC_A2,CR), col-4=W(BCC_A2,FE),
   col-5=W(BCC_A2,MN), col-6=W(BCC_A2,NI), col-7=W(BCC_A2,SI),
   col-8=W(CEMENTITE,C), col-9=W(CEMENTITE,CR), col-10=W(CEMENTITE,FE),
   col-11=W(CEMENTITE,MN), col-12=W(CEMENTITE,NI), col-13=W(CEMENTITE,SI),
   col-14=W(FCC_A1#1,C), col-15=W(FCC_A1#1,CR), col-16=W(FCC_A1#1,FE),
   col-17=W(FCC_A1#1,MN), col-18=W(FCC_A1#1,NI), col-19=W(FCC_A1#1,SI),
   col-20=NP(BCC_A2), col-21=NP(CEMENTITE), col-22=NP(FCC_A1#1),
   9.83339E+02   1.34539E-04   8.63320E-04   9.78306E-01   1.28939E-03 
    1.08038E-02   8.60258E-03   6.70136E-02   2.34329E-02   8.95483E-01 
    1.12364E-02   2.83401E-03   0.00000E+00   6.18800E-03   1.66369E-03 
    9.55599E-01   5.30681E-03   2.53737E-02   5.86883E-03   3.71018E-06 
    5.19730E-03   9.94799E-01
   9.83000E+02   1.34135E-04   8.53587E-04   9.78275E-01   1.29606E-03 
    1.08799E-02   8.56093E-03   6.70126E-02   2.32194E-02   8.95585E-01 
    1.13263E-02   2.85697E-03   0.00000E+00   6.18224E-03   1.64524E-03 
    9.55387E-01   5.35014E-03   2.55930E-02   5.84201E-03   1.25037E-02 
    6.84755E-03   9.80649E-01
   9.73000E+02   1.21630E-04   6.55663E-04   9.76826E-01   1.49919E-03 
    1.32652E-02   7.63226E-03   6.69921E-02   1.89322E-02   8.96407E-01 
    1.41021E-02   3.56698E-03   0.00000E+00   5.96384E-03   1.26394E-03 
    9.47957E-01   6.75698E-03   3.27711E-02   5.28669E-03   3.19015E-01 
    4.73988E-02   6.33586E-01
   9.63000E+02   1.09022E-04   5.54790E-04   9.74789E-01   1.69660E-03 
    1.57345E-02   7.11613E-03   6.69829E-02   1.69027E-02   8.94835E-01 
    1.69834E-02   4.29627E-03   0.00000E+00   5.68718E-03   1.06208E-03 
    9.38880E-01   8.35853E-03   4.09627E-02   5.04961E-03   5.21991E-01 
    7.38362E-02   4.04173E-01
   9.53000E+02   9.71017E-05   4.95005E-04   9.72585E-01   1.87459E-03 
    1.81234E-02   6.82515E-03   6.69787E-02   1.58706E-02   8.92277E-01 
    1.98689E-02   5.00446E-03   0.00000E+00   5.38313E-03   9.37211E-04 
    9.28728E-01   1.01177E-02   4.98486E-02   4.98570E-03   6.54594E-01 
    9.05008E-02   2.54905E-01
   9.43000E+02   8.61353E-05   4.54702E-04   9.70415E-01   2.02882E-03 
    2.03584E-02   6.65720E-03   6.69770E-02   1.53285E-02   8.89298E-01 
    2.27238E-02   5.67243E-03   0.00000E+00   5.06611E-03   8.49183E-04 
    9.17741E-01   1.20303E-02   5.92942E-02   5.01882E-03   7.42373E-01 
    1.00998E-01   1.56628E-01
   9.33000E+02   7.61796E-05   4.24621E-04   9.68373E-01   2.15836E-03 
    2.24085E-02   6.55957E-03   6.69767E-02   1.50527E-02   8.86143E-01 
    2.55358E-02   6.29144E-03   0.00000E+00   4.74335E-03   7.80666E-04 
    9.06001E-01   1.41064E-02   6.92590E-02   5.10986E-03   8.01378E-01 
    1.07633E-01   9.09886E-02
   9.23000E+02   6.72086E-05   4.00327E-04   9.66503E-01   2.26337E-03 
    2.42627E-02   6.50382E-03   6.69774E-02   1.49333E-02   8.82935E-01 
    2.82966E-02   6.85774E-03   0.00000E+00   4.41903E-03   7.23356E-04 
    8.93510E-01   1.63614E-02   7.97491E-02   5.23716E-03   8.41435E-01 
    1.11816E-01   4.67490E-02
   9.13000E+02   5.91639E-05   3.79490E-04   9.64824E-01   2.34433E-03 
    2.59197E-02   6.47369E-03   6.69786E-02   1.49111E-02   8.79743E-01 
    3.09971E-02   7.37008E-03   0.00000E+00   4.09598E-03   6.72920E-04 
    8.80235E-01   1.88136E-02   9.07948E-02   5.38747E-03   8.68682E-01 
    1.14420E-01   1.68984E-02
   9.04833E+02   5.32325E-05   3.64104E-04   9.63599E-01   2.39306E-03 
    2.71290E-02   6.46110E-03   6.69799E-02   1.49404E-02   8.77181E-01 
    3.31500E-02   7.74856E-03   0.00000E+00   3.83469E-03   6.35119E-04 
    8.68776E-01   2.09761E-02   1.00257E-01   5.52088E-03   8.84234E-01 
    1.15766E-01   0.00000E+00

 Phase Region for:
     BCC_A2                        
     CEMENTITE                     
 col-1=T, col-2=W(BCC_A2,C), col-3=W(BCC_A2,CR), col-4=W(BCC_A2,FE),
   col-5=W(BCC_A2,MN), col-6=W(BCC_A2,NI), col-7=W(BCC_A2,SI),
   col-8=W(CEMENTITE,C), col-9=W(CEMENTITE,CR), col-10=W(CEMENTITE,FE),
   col-11=W(CEMENTITE,MN), col-12=W(CEMENTITE,NI), col-13=W(CEMENTITE,SI),
   col-14=NP(BCC_A2), col-15=NP(CEMENTITE),
   9.04833E+02   5.32325E-05   3.64104E-04   9.63599E-01   2.39306E-03 
    2.71290E-02   6.46110E-03   6.69799E-02   1.49404E-02   8.77181E-01 
    3.31500E-02   7.74856E-03   0.00000E+00   8.84234E-01   1.15766E-01  NONE
   9.03000E+02   5.20434E-05   3.60888E-04   9.63622E-01   2.37506E-03 
    2.71288E-02   6.46121E-03   6.69802E-02   1.49685E-02   8.76982E-01 
    3.33153E-02   7.75377E-03   0.00000E+00   8.84214E-01   1.15786E-01  NONE
   8.93000E+02   4.59515E-05   3.43532E-04   9.63744E-01   2.27749E-03 
    2.71276E-02   6.46178E-03   6.69818E-02   1.51203E-02   8.75905E-01 
    3.42119E-02   7.78111E-03   0.00000E+00   8.84114E-01   1.15886E-01  NONE
   8.83000E+02   4.04844E-05   3.26508E-04   9.63863E-01   2.18106E-03 
    2.71264E-02   6.46229E-03   6.69835E-02   1.52701E-02   8.74841E-01 
    3.50989E-02   7.80668E-03   0.00000E+00   8.84025E-01   1.15975E-01  NONE
   8.73000E+02   3.55867E-05   3.09831E-04   9.63981E-01   2.08586E-03 
    2.71253E-02   6.46275E-03   6.69851E-02   1.54176E-02   8.73791E-01 
    3.59756E-02   7.83054E-03   0.00000E+00   8.83945E-01   1.16055E-01  NONE
   8.63000E+02   3.12073E-05   2.93518E-04   9.64096E-01   1.99199E-03 
    2.71241E-02   6.46315E-03   6.69867E-02   1.55625E-02   8.72757E-01 
    3.68410E-02   7.85273E-03   0.00000E+00   8.83873E-01   1.16127E-01  NONE
   8.53000E+02   2.72991E-05   2.77584E-04   9.64209E-01   1.89953E-03 
    2.71230E-02   6.46352E-03   6.69883E-02   1.57047E-02   8.71739E-01 
    3.76943E-02   7.87328E-03   0.00000E+00   8.83809E-01   1.16191E-01  NONE
   8.43000E+02   2.38186E-05   2.62046E-04   9.64320E-01   1.80860E-03 
    2.71220E-02   6.46384E-03   6.69898E-02   1.58439E-02   8.70740E-01 
    3.85345E-02   7.89222E-03   0.00000E+00   8.83752E-01   1.16248E-01  NONE
   8.33000E+02   2.07257E-05   2.46919E-04   9.64428E-01   1.71928E-03 
    2.71210E-02   6.46412E-03   6.69914E-02   1.59800E-02   8.69759E-01 
    3.93605E-02   7.90956E-03   0.00000E+00   8.83702E-01   1.16298E-01  NONE
   8.23000E+02   1.79837E-05   2.32218E-04   9.64534E-01   1.63169E-03 
    2.71200E-02   6.46437E-03   6.69929E-02   1.61126E-02   8.68798E-01 
    4.01715E-02   7.92531E-03   0.00000E+00   8.83657E-01   1.16343E-01  NONE
   8.13000E+02   1.55585E-05   2.17958E-04   9.64637E-01   1.54592E-03 
    2.71192E-02   6.46459E-03   6.69944E-02   1.62418E-02   8.67858E-01 
    4.09664E-02   7.93948E-03   0.00000E+00   8.83617E-01   1.16383E-01  NONE
   8.03000E+02   1.34190E-05   2.04153E-04   9.64737E-01   1.46207E-03 
    2.71184E-02   6.46478E-03   6.69958E-02   1.63672E-02   8.66941E-01 
    4.17443E-02   7.95204E-03   0.00000E+00   8.83582E-01   1.16418E-01  NONE
   7.93000E+02   1.15366E-05   1.90815E-04   9.64835E-01   1.38025E-03 
    2.71178E-02   6.46495E-03   6.69972E-02   1.64887E-02   8.66047E-01 
    4.25042E-02   7.96297E-03   0.00000E+00   8.83551E-01   1.16449E-01  NONE
   7.83000E+02   9.88498E-06   1.77956E-04   9.64929E-01   1.30054E-03 
    2.71172E-02   6.46509E-03   6.69986E-02   1.66062E-02   8.65178E-01 
    4.32450E-02   7.97226E-03   0.00000E+00   8.83524E-01   1.16476E-01  NONE
   7.73000E+02   8.44010E-06   1.65585E-04   9.65021E-01   1.22304E-03 
    2.71168E-02   6.46522E-03   6.69999E-02   1.67195E-02   8.64335E-01 
    4.39660E-02   7.97986E-03   0.00000E+00   8.83501E-01   1.16499E-01  NONE
   7.63000E+02   7.17999E-06   1.53711E-04   9.65109E-01   1.14783E-03 
    2.71165E-02   6.46532E-03   6.70012E-02   1.68285E-02   8.63518E-01 
    4.46663E-02   7.98573E-03   0.00000E+00   8.83480E-01   1.16520E-01  NONE
   7.53000E+02   6.08458E-06   1.42341E-04   9.65195E-01   1.07500E-03 
    2.71163E-02   6.46542E-03   6.70025E-02   1.69331E-02   8.62730E-01 
    4.53449E-02   7.98981E-03   0.00000E+00   8.83462E-01   1.16538E-01  NONE
   7.43000E+02   5.13558E-06   1.31480E-04   9.65277E-01   1.00462E-03 
    2.71163E-02   6.46550E-03   6.70037E-02   1.70333E-02   8.61970E-01 
    4.60012E-02   7.99205E-03   0.00000E+00   8.83447E-01   1.16553E-01  NONE
   7.33000E+02   4.31636E-06   1.21131E-04   9.65356E-01   9.36748E-04 
    2.71165E-02   6.46556E-03   6.70049E-02   1.71289E-02   8.61239E-01 
    4.66346E-02   7.99238E-03   0.00000E+00   8.83433E-01   1.16567E-01  NONE
   7.23000E+02   3.61182E-06   1.11296E-04   9.65431E-01   8.71455E-04 
    2.71168E-02   6.46562E-03   6.70060E-02   1.72199E-02   8.60539E-01 
    4.72443E-02   7.99072E-03   0.00000E+00   8.83422E-01   1.16578E-01  NONE
   7.13000E+02   3.00832E-06   1.01975E-04   9.65503E-01   8.08785E-04 
    2.71173E-02   6.46567E-03   6.70071E-02   1.73063E-02   8.59870E-01 
    4.78299E-02   7.98699E-03   0.00000E+00   8.83412E-01   1.16588E-01  NONE
   7.03000E+02   2.49351E-06   9.31646E-05   9.65572E-01   7.48779E-04 
    2.71181E-02   6.46571E-03   6.70081E-02   1.73881E-02   8.59232E-01 
    4.83910E-02   7.98109E-03   0.00000E+00   8.83404E-01   1.16596E-01  NONE
   6.93000E+02   2.05628E-06   8.48615E-05   9.65637E-01   6.91465E-04 
    2.71190E-02   6.46574E-03   6.70091E-02   1.74653E-02   8.58625E-01 
    4.89272E-02   7.97292E-03   0.00000E+00   8.83396E-01   1.16604E-01  NONE
   6.83000E+02   1.68666E-06   7.70596E-05   9.65698E-01   6.36865E-04 
    2.71202E-02   6.46576E-03   6.70101E-02   1.75379E-02   8.58051E-01 
    4.94383E-02   7.96238E-03   0.00000E+00   8.83390E-01   1.16610E-01  NONE
   6.73000E+02   1.37572E-06   6.97509E-05   9.65756E-01   5.84986E-04 
    2.71217E-02   6.46578E-03   6.70110E-02   1.76060E-02   8.57509E-01 
    4.99241E-02   7.94935E-03   0.00000E+00   8.83385E-01   1.16615E-01  NONE
