
 Phase Region for:
     CEMENTITE                     
     FCC_A1#1                      
 col-1=T, col-2=W(CEMENTITE,C), col-3=W(CEMENTITE,CR), col-4=W(CEMENTITE,FE),
   col-5=W(CEMENTITE,MN), col-6=W(CEMENTITE,NI), col-7=W(CEMENTITE,SI),
   col-8=W(FCC_A1#1,C), col-9=W(FCC_A1#1,CR), col-10=W(FCC_A1#1,FE),
   col-11=W(FCC_A1#1,MN), col-12=W(FCC_A1#1,NI), col-13=W(FCC_A1#1,SI),
   col-14=NP(CEMENTITE), col-15=NP(FCC_A1#1),
   1.17300E+03   6.70959E-02   3.93468E-02   8.72226E-01   1.74441E-02 
    3.88680E-03   0.00000E+00   1.01222E-02   6.06969E-03   9.32016E-01 
    1.16844E-02   2.26276E-02   1.74803E-02   8.06702E-02   9.19330E-01
   1.18300E+03   6.70953E-02   3.92836E-02   8.72308E-01   1.73496E-02 
    3.96401E-03   0.00000E+00   1.04288E-02   6.25310E-03   9.31689E-01 
    1.17218E-02   2.25214E-02   1.73862E-02   7.47784E-02   9.25222E-01
   1.19300E+03   6.70946E-02   3.92173E-02   8.72389E-01   1.72578E-02 
    4.04150E-03   0.00000E+00   1.07402E-02   6.43869E-03   9.31357E-01 
    1.17585E-02   2.24146E-02   1.72907E-02   6.87318E-02   9.31268E-01
   1.20300E+03   6.70939E-02   3.91479E-02   8.72470E-01   1.71688E-02 
    4.11926E-03   0.00000E+00   1.10561E-02   6.62638E-03   9.31022E-01 
    1.17943E-02   2.23072E-02   1.71938E-02   6.25261E-02   9.37474E-01
   1.21300E+03   6.70932E-02   3.90754E-02   8.72552E-01   1.70825E-02 
    4.19728E-03   0.00000E+00   1.13768E-02   6.81611E-03   9.30683E-01 
    1.18294E-02   2.21992E-02   1.70954E-02   5.61563E-02   9.43844E-01
   1.22300E+03   6.70925E-02   3.90000E-02   8.72633E-01   1.69989E-02 
    4.27555E-03   0.00000E+00   1.17022E-02   7.00783E-03   9.30340E-01 
    1.18638E-02   2.20907E-02   1.69956E-02   4.96175E-02   9.50382E-01
   1.23300E+03   6.70917E-02   3.89215E-02   8.72715E-01   1.69178E-02 
    4.35406E-03   0.00000E+00   1.20323E-02   7.20147E-03   9.29993E-01 
    1.18975E-02   2.19815E-02   1.68943E-02   4.29046E-02   9.57095E-01
   1.24300E+03   6.70910E-02   3.88402E-02   8.72797E-01   1.68394E-02 
    4.43279E-03   0.00000E+00   1.23672E-02   7.39697E-03   9.29642E-01 
    1.19305E-02   2.18718E-02   1.67916E-02   3.60117E-02   9.63988E-01
   1.25300E+03   6.70902E-02   3.87560E-02   8.72879E-01   1.67636E-02 
    4.51173E-03   0.00000E+00   1.27069E-02   7.59428E-03   9.29287E-01 
    1.19629E-02   2.17615E-02   1.66873E-02   2.89333E-02   9.71067E-01
   1.26300E+03   6.70894E-02   3.86689E-02   8.72960E-01   1.66902E-02 
    4.59089E-03   0.00000E+00   1.30514E-02   7.79333E-03   9.28928E-01 
    1.19947E-02   2.16508E-02   1.65816E-02   2.16629E-02   9.78337E-01
   1.27300E+03   6.70887E-02   3.85792E-02   8.73043E-01   1.66194E-02 
    4.67024E-03   0.00000E+00   1.34008E-02   7.99407E-03   9.28565E-01 
    1.20259E-02   2.15395E-02   1.64744E-02   1.41942E-02   9.85806E-01
   1.28300E+03   6.70879E-02   3.84868E-02   8.73125E-01   1.65510E-02 
    4.74978E-03   0.00000E+00   1.37552E-02   8.19646E-03   9.28198E-01 
    1.20566E-02   2.14277E-02   1.63657E-02   6.52013E-03   9.93480E-01
   1.29129E+03   6.70872E-02   3.84082E-02   8.73193E-01   1.64962E-02 
    4.81583E-03   0.00000E+00   1.40526E-02   8.36537E-03   9.27891E-01 
    1.20817E-02   2.13347E-02   1.62744E-02   0.00000E+00   1.00000E+00

 Phase Region for:
     FCC_A1#1                      
 col-1=T, col-2=W(FCC_A1#1,C), col-3=W(FCC_A1#1,CR), col-4=W(FCC_A1#1,FE),
   col-5=W(FCC_A1#1,MN), col-6=W(FCC_A1#1,NI), col-7=W(FCC_A1#1,SI),
   col-8=NP(FCC_A1#1),
   1.29129E+03   1.40526E-02   8.36537E-03   9.27891E-01   1.20817E-02 
    2.13347E-02   1.62744E-02   1.00000E+00
   1.29300E+03   1.40526E-02   8.36537E-03   9.27891E-01   1.20817E-02 
    2.13347E-02   1.62744E-02   1.00000E+00
   1.30300E+03   1.40526E-02   8.36537E-03   9.27891E-01   1.20817E-02 
    2.13347E-02   1.62744E-02   1.00000E+00
   1.31300E+03   1.40526E-02   8.36537E-03   9.27891E-01   1.20817E-02 
    2.13347E-02   1.62744E-02   1.00000E+00
   1.32300E+03   1.40526E-02   8.36537E-03   9.27891E-01   1.20817E-02 
    2.13347E-02   1.62744E-02   1.00000E+00
   1.33300E+03   1.40526E-02   8.36537E-03   9.27891E-01   1.20817E-02 
    2.13347E-02   1.62744E-02   1.00000E+00
   1.34300E+03   1.40526E-02   8.36537E-03   9.27891E-01   1.20817E-02 
    2.13347E-02   1.62744E-02   1.00000E+00
   1.35300E+03   1.40526E-02   8.36537E-03   9.27891E-01   1.20817E-02 
    2.13347E-02   1.62744E-02   1.00000E+00
   1.36300E+03   1.40526E-02   8.36537E-03   9.27891E-01   1.20817E-02 
    2.13347E-02   1.62744E-02   1.00000E+00
   1.37300E+03   1.40526E-02   8.36537E-03   9.27891E-01   1.20817E-02 
    2.13347E-02   1.62744E-02   1.00000E+00
   1.38300E+03   1.40526E-02   8.36537E-03   9.27891E-01   1.20817E-02 
    2.13347E-02   1.62744E-02   1.00000E+00
   1.39300E+03   1.40526E-02   8.36537E-03   9.27891E-01   1.20817E-02 
    2.13347E-02   1.62744E-02   1.00000E+00
   1.40300E+03   1.40526E-02   8.36537E-03   9.27891E-01   1.20817E-02 
    2.13347E-02   1.62744E-02   1.00000E+00
   1.41300E+03   1.40526E-02   8.36537E-03   9.27891E-01   1.20817E-02 
    2.13347E-02   1.62744E-02   1.00000E+00
   1.42300E+03   1.40526E-02   8.36537E-03   9.27891E-01   1.20817E-02 
    2.13347E-02   1.62744E-02   1.00000E+00
   1.43300E+03   1.40526E-02   8.36537E-03   9.27891E-01   1.20817E-02 
    2.13347E-02   1.62744E-02   1.00000E+00
   1.44300E+03   1.40526E-02   8.36537E-03   9.27891E-01   1.20817E-02 
    2.13347E-02   1.62744E-02   1.00000E+00
   1.45300E+03   1.40526E-02   8.36537E-03   9.27891E-01   1.20817E-02 
    2.13347E-02   1.62744E-02   1.00000E+00
   1.46300E+03   1.40526E-02   8.36537E-03   9.27891E-01   1.20817E-02 
    2.13347E-02   1.62744E-02   1.00000E+00
   1.47300E+03   1.40526E-02   8.36537E-03   9.27891E-01   1.20817E-02 
    2.13347E-02   1.62744E-02   1.00000E+00

 Phase Region for:
     CEMENTITE                     
     FCC_A1#1                      
 col-1=T, col-2=W(CEMENTITE,C), col-3=W(CEMENTITE,CR), col-4=W(CEMENTITE,FE),
   col-5=W(CEMENTITE,MN), col-6=W(CEMENTITE,NI), col-7=W(CEMENTITE,SI),
   col-8=W(FCC_A1#1,C), col-9=W(FCC_A1#1,CR), col-10=W(FCC_A1#1,FE),
   col-11=W(FCC_A1#1,MN), col-12=W(FCC_A1#1,NI), col-13=W(FCC_A1#1,SI),
   col-14=NP(CEMENTITE), col-15=NP(FCC_A1#1),
   1.17300E+03   6.70959E-02   3.93468E-02   8.72226E-01   1.74441E-02 
    3.88680E-03   0.00000E+00   1.01222E-02   6.06969E-03   9.32016E-01 
    1.16844E-02   2.26276E-02   1.74803E-02   8.06702E-02   9.19330E-01
   1.16300E+03   6.70966E-02   3.94068E-02   8.72145E-01   1.75415E-02 
    3.80988E-03   0.00000E+00   9.82011E-03   5.88851E-03   9.32339E-01 
    1.16461E-02   2.27330E-02   1.75730E-02   8.64115E-02   9.13589E-01
   1.15300E+03   6.70972E-02   3.94636E-02   8.72064E-01   1.76417E-02 
    3.73327E-03   0.00000E+00   9.52266E-03   5.70962E-03   9.32659E-01 
    1.16069E-02   2.28378E-02   1.76642E-02   9.20064E-02   9.07994E-01
   1.14300E+03   6.70978E-02   3.95172E-02   8.71983E-01   1.77449E-02 
    3.65697E-03   0.00000E+00   9.22979E-03   5.53309E-03   9.32974E-01 
    1.15668E-02   2.29419E-02   1.77540E-02   9.74588E-02   9.02541E-01
   1.13300E+03   6.70985E-02   3.95675E-02   8.71902E-01   1.78511E-02 
    3.58100E-03   0.00000E+00   8.94151E-03   5.35897E-03   9.33286E-01 
    1.15258E-02   2.30453E-02   1.78425E-02   1.02772E-01   8.97228E-01
   1.12300E+03   6.70991E-02   3.96146E-02   8.71821E-01   1.79604E-02 
    3.50537E-03   0.00000E+00   8.65780E-03   5.18734E-03   9.33594E-01 
    1.14838E-02   2.31479E-02   1.79295E-02   1.07950E-01   8.92050E-01
   1.11300E+03   6.70996E-02   3.96584E-02   8.71739E-01   1.80727E-02 
    3.43010E-03   0.00000E+00   8.37864E-03   5.01824E-03   9.33897E-01 
    1.14409E-02   2.32498E-02   1.80151E-02   1.12996E-01   8.87004E-01
   1.10300E+03   6.71002E-02   3.96990E-02   8.71657E-01   1.81882E-02 
    3.35520E-03   0.00000E+00   8.10405E-03   4.85174E-03   9.34197E-01 
    1.13969E-02   2.33509E-02   1.80993E-02   1.17913E-01   8.82087E-01
   1.09300E+03   6.71008E-02   3.97363E-02   8.71575E-01   1.83069E-02 
    3.28067E-03   0.00000E+00   7.83400E-03   4.68790E-03   9.34493E-01 
    1.13520E-02   2.34511E-02   1.81822E-02   1.22704E-01   8.77296E-01
   1.08300E+03   6.71013E-02   3.97704E-02   8.71493E-01   1.84288E-02 
    3.20655E-03   0.00000E+00   7.56851E-03   4.52677E-03   9.34785E-01 
    1.13059E-02   2.35505E-02   1.82636E-02   1.27372E-01   8.72628E-01
   1.07300E+03   6.71018E-02   3.98012E-02   8.71410E-01   1.85542E-02 
    3.13283E-03   0.00000E+00   7.30756E-03   4.36840E-03   9.35073E-01 
    1.12587E-02   2.36490E-02   1.83436E-02   1.31920E-01   8.68080E-01
   1.06300E+03   6.71024E-02   3.98290E-02   8.71326E-01   1.86829E-02 
    3.05953E-03   0.00000E+00   7.05117E-03   4.21285E-03   9.35357E-01 
    1.12105E-02   2.37466E-02   1.84223E-02   1.36350E-01   8.63650E-01
   1.05300E+03   6.71029E-02   3.98536E-02   8.71242E-01   1.88152E-02 
    2.98668E-03   0.00000E+00   6.79933E-03   4.06016E-03   9.35637E-01 
    1.11611E-02   2.38433E-02   1.84995E-02   1.40664E-01   8.59336E-01
   1.04300E+03   6.71034E-02   3.98751E-02   8.71156E-01   1.89510E-02 
    2.91428E-03   0.00000E+00   6.55205E-03   3.91039E-03   9.35913E-01 
    1.11105E-02   2.39391E-02   1.85753E-02   1.44866E-01   8.55134E-01
   1.03300E+03   6.71038E-02   3.98936E-02   8.71070E-01   1.90904E-02 
    2.84234E-03   0.00000E+00   6.30934E-03   3.76357E-03   9.36185E-01 
    1.10587E-02   2.40338E-02   1.86498E-02   1.48956E-01   8.51044E-01
   1.02300E+03   6.71043E-02   3.99091E-02   8.70982E-01   1.92336E-02 
    2.77089E-03   0.00000E+00   6.07120E-03   3.61975E-03   9.36453E-01 
    1.10057E-02   2.41275E-02   1.87228E-02   1.52938E-01   8.47062E-01
   1.01300E+03   6.71048E-02   3.99218E-02   8.70893E-01   1.93805E-02 
    2.69994E-03   0.00000E+00   5.83764E-03   3.47896E-03   9.36717E-01 
    1.09515E-02   2.42202E-02   1.87944E-02   1.56813E-01   8.43187E-01
   1.00300E+03   6.71052E-02   3.99316E-02   8.70802E-01   1.95314E-02 
    2.62951E-03   0.00000E+00   5.60868E-03   3.34124E-03   9.36978E-01 
    1.08960E-02   2.43118E-02   1.88647E-02   1.60584E-01   8.39416E-01
   1.00284E+03   6.71052E-02   3.99318E-02   8.70801E-01   1.95338E-02 
    2.62839E-03   0.00000E+00   5.60505E-03   3.33906E-03   9.36982E-01 
    1.08951E-02   2.43133E-02   1.88658E-02   1.60643E-01   8.39357E-01

 Phase Region for:
     BCC_A2                        
     CEMENTITE                     
     FCC_A1#1                      
 col-1=T, col-2=W(BCC_A2,C), col-3=W(BCC_A2,CR), col-4=W(BCC_A2,FE),
   col-5=W(BCC_A2,MN), col-6=W(BCC_A2,NI), col-7=W(BCC_A2,SI),
   col-8=W(CEMENTITE,C), col-9=W(CEMENTITE,CR), col-10=W(CEMENTITE,FE),
   col-11=W(CEMENTITE,MN), col-12=W(CEMENTITE,NI), col-13=W(CEMENTITE,SI),
   col-14=W(FCC_A1#1,C), col-15=W(FCC_A1#1,CR), col-16=W(FCC_A1#1,FE),
   col-17=W(FCC_A1#1,MN), col-18=W(FCC_A1#1,NI), col-19=W(FCC_A1#1,SI),
   col-20=NP(BCC_A2), col-21=NP(CEMENTITE), col-22=NP(FCC_A1#1),
   1.00284E+03   1.32177E-04   1.94803E-03   9.59021E-01   3.45456E-03 
    1.07645E-02   2.46798E-02   6.71052E-02   3.99318E-02   8.70801E-01 
    1.95339E-02   2.62840E-03   0.00000E+00   5.60505E-03   3.33906E-03 
    9.36982E-01   1.08951E-02   2.43133E-02   1.88658E-02   2.41646E-06 
    1.60643E-01   8.39354E-01
   9.93000E+02   1.19708E-04   1.76267E-03   9.58796E-01   3.64899E-03 
    1.23640E-02   2.33089E-02   6.70990E-02   3.83111E-02   8.69148E-01 
    2.23954E-02   3.04695E-03   0.00000E+00   5.39462E-03   3.02345E-03 
    9.31911E-01   1.24578E-02   2.92756E-02   1.79376E-02   2.13255E-01 
    1.86322E-01   6.00422E-01
   9.83000E+02   1.07412E-04   1.61705E-03   9.57916E-01   3.84468E-03 
    1.41697E-02   2.23455E-02   6.70952E-02   3.71865E-02   8.66768E-01 
    2.54268E-02   3.52302E-03   0.00000E+00   5.15029E-03   2.76158E-03 
    9.25243E-01   1.42153E-02   3.52821E-02   1.73479E-02   3.79185E-01 
    2.05743E-01   4.15072E-01
   9.73000E+02   9.57997E-05   1.50210E-03   9.56633E-01   4.01290E-03 
    1.60545E-02   2.17018E-02   6.70934E-02   3.64724E-02   8.63982E-01 
    2.84275E-02   4.02473E-03   0.00000E+00   4.88462E-03   2.54338E-03 
    9.17360E-01   1.60738E-02   4.21229E-02   1.70154E-02   5.00669E-01 
    2.19422E-01   2.79909E-01
   9.63000E+02   8.50601E-05   1.40768E-03   9.55149E-01   4.14100E-03 
    1.79412E-02   2.12758E-02   6.70928E-02   3.60501E-02   8.61016E-01 
    3.13082E-02   4.53256E-03   0.00000E+00   4.60628E-03   2.35523E-03 
    9.08505E-01   1.79927E-02   4.96898E-02   1.68511E-02   5.88021E-01 
    2.28785E-01   1.83194E-01
   9.53000E+02   7.52676E-05   1.32684E-03   9.53601E-01   4.22548E-03 
    1.97786E-02   2.09933E-02   6.70931E-02   3.58282E-02   8.58018E-01 
    3.40275E-02   5.03316E-03   0.00000E+00   4.32177E-03   2.18756E-03 
    8.98829E-01   1.99548E-02   5.79159E-02   1.67906E-02   6.50494E-01 
    2.35090E-01   1.14416E-01
   9.43000E+02   6.64223E-05   1.25508E-03   9.52072E-01   4.26765E-03 
    2.15344E-02   2.08049E-02   6.70940E-02   3.57424E-02   8.55075E-01 
    3.65708E-02   5.51770E-03   0.00000E+00   4.03560E-03   2.03421E-03 
    8.88412E-01   2.19583E-02   6.67685E-02   1.67910E-02   6.95131E-01 
    2.39283E-01   6.55853E-02
   9.33000E+02   5.84829E-05   1.18959E-03   9.50614E-01   4.27106E-03 
    2.31883E-02   2.06785E-02   6.70951E-02   3.57494E-02   8.52239E-01 
    3.89367E-02   5.98028E-03   0.00000E+00   3.75093E-03   1.89138E-03 
    8.77284E-01   2.40102E-02   7.62390E-02   1.68242E-02   7.26978E-01 
    2.42031E-01   3.09910E-02
   9.23000E+02   5.13883E-05   1.12855E-03   9.49259E-01   4.24012E-03 
    2.47278E-02   2.05934E-02   6.70965E-02   3.58198E-02   8.49537E-01 
    4.11299E-02   6.41681E-03   0.00000E+00   3.47009E-03   1.75679E-03 
    8.65443E-01   2.61235E-02   8.63345E-02   1.68720E-02   7.49588E-01 
    2.43792E-01   6.62084E-03
   9.19524E+02   4.91074E-05   1.10815E-03   9.48815E-01   4.22216E-03 
    2.52347E-02   2.05708E-02   6.70970E-02   3.58553E-02   8.48633E-01 
    4.18532E-02   6.56190E-03   0.00000E+00   3.37371E-03   1.71166E-03 
    8.61157E-01   2.68754E-02   8.99929E-02   1.68897E-02   7.55766E-01 
    2.44234E-01   0.00000E+00

 Phase Region for:
     BCC_A2                        
     CEMENTITE                     
 col-1=T, col-2=W(BCC_A2,C), col-3=W(BCC_A2,CR), col-4=W(BCC_A2,FE),
   col-5=W(BCC_A2,MN), col-6=W(BCC_A2,NI), col-7=W(BCC_A2,SI),
   col-8=W(CEMENTITE,C), col-9=W(CEMENTITE,CR), col-10=W(CEMENTITE,FE),
   col-11=W(CEMENTITE,MN), col-12=W(CEMENTITE,NI), col-13=W(CEMENTITE,SI),
   col-14=NP(BCC_A2), col-15=NP(CEMENTITE),
   9.19524E+02   4.91074E-05   1.10815E-03   9.48815E-01   4.22216E-03 
    2.52347E-02   2.05708E-02   6.70970E-02   3.58553E-02   8.48633E-01 
    4.18532E-02   6.56190E-03   0.00000E+00   7.55766E-01   2.44234E-01  NONE
   9.13000E+02   4.52429E-05   1.07076E-03   9.49001E-01   4.08103E-03 
    2.52302E-02   2.05719E-02   6.70982E-02   3.59899E-02   8.47949E-01 
    4.23801E-02   6.58243E-03   0.00000E+00   7.55713E-01   2.44287E-01  NONE
   9.03000E+02   3.98358E-05   1.01474E-03   9.49278E-01   3.87067E-03 
    2.52237E-02   2.05734E-02   6.70999E-02   3.61922E-02   8.46930E-01 
    4.31657E-02   6.61216E-03   0.00000E+00   7.55638E-01   2.44362E-01  NONE
   8.93000E+02   3.50022E-05   9.60289E-04   9.49545E-01   3.66740E-03 
    2.52176E-02   2.05747E-02   6.71017E-02   3.63896E-02   8.45944E-01 
    4.39253E-02   6.63985E-03   0.00000E+00   7.55572E-01   2.44428E-01  NONE
   8.83000E+02   3.06883E-05   9.07421E-04   9.49803E-01   3.47107E-03 
    2.52119E-02   2.05759E-02   6.71033E-02   3.65819E-02   8.44990E-01 
    4.46593E-02   6.66559E-03   0.00000E+00   7.55512E-01   2.44488E-01  NONE
   8.73000E+02   2.68448E-05   8.56154E-04   9.50052E-01   3.28155E-03 
    2.52066E-02   2.05770E-02   6.71050E-02   3.67690E-02   8.44068E-01 
    4.53682E-02   6.68943E-03   0.00000E+00   7.55459E-01   2.44541E-01  NONE
   8.63000E+02   2.34268E-05   8.06504E-04   9.50292E-01   3.09872E-03 
    2.52016E-02   2.05779E-02   6.71066E-02   3.69506E-02   8.43179E-01 
    4.60525E-02   6.71145E-03   0.00000E+00   7.55412E-01   2.44588E-01  NONE
   8.53000E+02   2.03930E-05   7.58487E-04   9.50523E-01   2.92247E-03 
    2.51969E-02   2.05787E-02   6.71081E-02   3.71268E-02   8.42321E-01 
    4.67126E-02   6.73167E-03   0.00000E+00   7.55370E-01   2.44630E-01  NONE
   8.43000E+02   1.77058E-05   7.12117E-04   9.50745E-01   2.75270E-03 
    2.51927E-02   2.05794E-02   6.71096E-02   3.72974E-02   8.41494E-01 
    4.73487E-02   6.75015E-03   0.00000E+00   7.55333E-01   2.44667E-01  NONE
   8.33000E+02   1.53308E-05   6.67406E-04   9.50959E-01   2.58932E-03 
    2.51888E-02   2.05800E-02   6.71110E-02   3.74623E-02   8.40699E-01 
    4.79612E-02   6.76690E-03   0.00000E+00   7.55300E-01   2.44700E-01  NONE
   8.23000E+02   1.32364E-05   6.24364E-04   9.51164E-01   2.43224E-03 
    2.51853E-02   2.05805E-02   6.71124E-02   3.76214E-02   8.39934E-01 
    4.85505E-02   6.78194E-03   0.00000E+00   7.55272E-01   2.44728E-01  NONE
   8.13000E+02   1.13940E-05   5.82998E-04   9.51361E-01   2.28138E-03 
    2.51822E-02   2.05810E-02   6.71138E-02   3.77746E-02   8.39200E-01 
    4.91167E-02   6.79528E-03   0.00000E+00   7.55246E-01   2.44754E-01  NONE
   8.03000E+02   9.77742E-06   5.43313E-04   9.51549E-01   2.13665E-03 
    2.51794E-02   2.05814E-02   6.71151E-02   3.79219E-02   8.38496E-01 
    4.96602E-02   6.80692E-03   0.00000E+00   7.55224E-01   2.44776E-01  NONE
   7.93000E+02   8.36272E-06   5.05310E-04   9.51730E-01   1.99797E-03 
    2.51771E-02   2.05817E-02   6.71163E-02   3.80632E-02   8.37822E-01 
    5.01813E-02   6.81685E-03   0.00000E+00   7.55204E-01   2.44796E-01  NONE
   7.83000E+02   7.12820E-06   4.68987E-04   9.51901E-01   1.86526E-03 
    2.51752E-02   2.05820E-02   6.71175E-02   3.81985E-02   8.37179E-01 
    5.06802E-02   6.82505E-03   0.00000E+00   7.55187E-01   2.44813E-01  NONE
   7.73000E+02   6.05413E-06   4.34337E-04   9.52065E-01   1.73843E-03 
    2.51737E-02   2.05822E-02   6.71186E-02   3.83278E-02   8.36565E-01 
    5.11572E-02   6.83150E-03   0.00000E+00   7.55173E-01   2.44827E-01  NONE
   7.63000E+02   5.12257E-06   4.01350E-04   9.52221E-01   1.61739E-03 
    2.51726E-02   2.05824E-02   6.71197E-02   3.84510E-02   8.35980E-01 
    5.16127E-02   6.83618E-03   0.00000E+00   7.55160E-01   2.44840E-01  NONE
   7.53000E+02   4.31728E-06   3.70014E-04   9.52369E-01   1.50206E-03 
    2.51720E-02   2.05826E-02   6.71208E-02   3.85683E-02   8.35425E-01 
    5.20469E-02   6.83904E-03   0.00000E+00   7.55149E-01   2.44851E-01  NONE
   7.43000E+02   3.62357E-06   3.40310E-04   9.52509E-01   1.39233E-03 
    2.51719E-02   2.05827E-02   6.71218E-02   3.86796E-02   8.34898E-01 
    5.24602E-02   6.84003E-03   0.00000E+00   7.55139E-01   2.44861E-01  NONE
   7.33000E+02   3.02817E-06   3.12218E-04   9.52642E-01   1.28810E-03 
    2.51722E-02   2.05828E-02   6.71228E-02   3.87850E-02   8.34400E-01 
    5.28529E-02   6.83912E-03   0.00000E+00   7.55131E-01   2.44869E-01  NONE
   7.23000E+02   2.51911E-06   2.85712E-04   9.52767E-01   1.18927E-03 
    2.51730E-02   2.05829E-02   6.71237E-02   3.88845E-02   8.33930E-01 
    5.32254E-02   6.83624E-03   0.00000E+00   7.55124E-01   2.44876E-01  NONE
   7.13000E+02   2.08564E-06   2.60763E-04   9.52884E-01   1.09572E-03 
    2.51744E-02   2.05830E-02   6.71246E-02   3.89783E-02   8.33488E-01 
    5.35782E-02   6.83132E-03   0.00000E+00   7.55118E-01   2.44882E-01  NONE
   7.03000E+02   1.71813E-06   2.37338E-04   9.52994E-01   1.00734E-03 
    2.51763E-02   2.05830E-02   6.71254E-02   3.90664E-02   8.33072E-01 
    5.39116E-02   6.82431E-03   0.00000E+00   7.55113E-01   2.44887E-01  NONE
   6.93000E+02   1.40794E-06   2.15402E-04   9.53097E-01   9.23997E-04 
    2.51787E-02   2.05830E-02   6.71262E-02   3.91491E-02   8.32684E-01 
    5.42261E-02   6.81512E-03   0.00000E+00   7.55108E-01   2.44892E-01  NONE
   6.83000E+02   1.14738E-06   1.94915E-04   9.53194E-01   8.45567E-04 
    2.51818E-02   2.05831E-02   6.71269E-02   3.92263E-02   8.32321E-01 
    5.45222E-02   6.80367E-03   0.00000E+00   7.55105E-01   2.44895E-01  NONE
   6.73000E+02   9.29623E-07   1.75835E-04   9.53283E-01   7.71912E-04 
    2.51855E-02   2.05831E-02   6.71276E-02   3.92983E-02   8.31984E-01 
    5.48003E-02   6.78986E-03   0.00000E+00   7.55102E-01   2.44898E-01  NONE
