
 Phase Region for:
     FCC_A1#2                      
 col-1=T, col-2=W(FCC_A1#2,C), col-3=W(FCC_A1#2,CR), col-4=W(FCC_A1#2,FE),
   col-5=W(FCC_A1#2,MN), col-6=W(FCC_A1#2,NI), col-7=W(FCC_A1#2,SI),
   col-8=NP(FCC_A1#2),
   1.17300E+03   1.78751E-03   2.10177E-02   9.52065E-01   9.31126E-03 
    7.31845E-03   8.50046E-03   1.00000E+00
   1.18300E+03   1.78751E-03   2.10177E-02   9.52065E-01   9.31126E-03 
    7.31845E-03   8.50046E-03   1.00000E+00
   1.19300E+03   1.78751E-03   2.10177E-02   9.52065E-01   9.31126E-03 
    7.31845E-03   8.50046E-03   1.00000E+00
   1.20300E+03   1.78751E-03   2.10177E-02   9.52065E-01   9.31126E-03 
    7.31845E-03   8.50046E-03   1.00000E+00
   1.21300E+03   1.78751E-03   2.10177E-02   9.52065E-01   9.31126E-03 
    7.31845E-03   8.50046E-03   1.00000E+00
   1.22300E+03   1.78751E-03   2.10177E-02   9.52065E-01   9.31126E-03 
    7.31845E-03   8.50046E-03   1.00000E+00
   1.23300E+03   1.78751E-03   2.10177E-02   9.52065E-01   9.31126E-03 
    7.31845E-03   8.50046E-03   1.00000E+00
   1.24300E+03   1.78751E-03   2.10177E-02   9.52065E-01   9.31126E-03 
    7.31845E-03   8.50046E-03   1.00000E+00
   1.25300E+03   1.78751E-03   2.10177E-02   9.52065E-01   9.31126E-03 
    7.31845E-03   8.50046E-03   1.00000E+00
   1.26300E+03   1.78751E-03   2.10177E-02   9.52065E-01   9.31126E-03 
    7.31845E-03   8.50046E-03   1.00000E+00
   1.27300E+03   1.78751E-03   2.10177E-02   9.52065E-01   9.31126E-03 
    7.31845E-03   8.50046E-03   1.00000E+00
   1.28300E+03   1.78751E-03   2.10177E-02   9.52065E-01   9.31126E-03 
    7.31845E-03   8.50046E-03   1.00000E+00
   1.29300E+03   1.78751E-03   2.10177E-02   9.52065E-01   9.31126E-03 
    7.31845E-03   8.50046E-03   1.00000E+00
   1.30300E+03   1.78751E-03   2.10177E-02   9.52065E-01   9.31126E-03 
    7.31845E-03   8.50046E-03   1.00000E+00
   1.31300E+03   1.78751E-03   2.10177E-02   9.52065E-01   9.31126E-03 
    7.31845E-03   8.50046E-03   1.00000E+00
   1.32300E+03   1.78751E-03   2.10177E-02   9.52065E-01   9.31126E-03 
    7.31845E-03   8.50046E-03   1.00000E+00
   1.33300E+03   1.78751E-03   2.10177E-02   9.52065E-01   9.31126E-03 
    7.31845E-03   8.50046E-03   1.00000E+00
   1.34300E+03   1.78751E-03   2.10177E-02   9.52065E-01   9.31126E-03 
    7.31845E-03   8.50046E-03   1.00000E+00
   1.35300E+03   1.78751E-03   2.10177E-02   9.52065E-01   9.31126E-03 
    7.31845E-03   8.50046E-03   1.00000E+00
   1.36300E+03   1.78751E-03   2.10177E-02   9.52065E-01   9.31126E-03 
    7.31845E-03   8.50046E-03   1.00000E+00
   1.37300E+03   1.78751E-03   2.10177E-02   9.52065E-01   9.31126E-03 
    7.31845E-03   8.50046E-03   1.00000E+00
   1.38300E+03   1.78751E-03   2.10177E-02   9.52065E-01   9.31126E-03 
    7.31845E-03   8.50046E-03   1.00000E+00
   1.39300E+03   1.78751E-03   2.10177E-02   9.52065E-01   9.31126E-03 
    7.31845E-03   8.50046E-03   1.00000E+00
   1.40300E+03   1.78751E-03   2.10177E-02   9.52065E-01   9.31126E-03 
    7.31845E-03   8.50046E-03   1.00000E+00
   1.41300E+03   1.78751E-03   2.10177E-02   9.52065E-01   9.31126E-03 
    7.31845E-03   8.50046E-03   1.00000E+00
   1.42300E+03   1.78751E-03   2.10177E-02   9.52065E-01   9.31126E-03 
    7.31845E-03   8.50046E-03   1.00000E+00
   1.43300E+03   1.78751E-03   2.10177E-02   9.52065E-01   9.31126E-03 
    7.31845E-03   8.50046E-03   1.00000E+00
   1.44300E+03   1.78751E-03   2.10177E-02   9.52065E-01   9.31126E-03 
    7.31845E-03   8.50046E-03   1.00000E+00
   1.45300E+03   1.78751E-03   2.10177E-02   9.52065E-01   9.31126E-03 
    7.31845E-03   8.50046E-03   1.00000E+00
   1.46300E+03   1.78751E-03   2.10177E-02   9.52065E-01   9.31126E-03 
    7.31845E-03   8.50046E-03   1.00000E+00
   1.47300E+03   1.78751E-03   2.10177E-02   9.52065E-01   9.31126E-03 
    7.31845E-03   8.50046E-03   1.00000E+00

 Phase Region for:
     FCC_A1#2                      
 col-1=T, col-2=W(FCC_A1#2,C), col-3=W(FCC_A1#2,CR), col-4=W(FCC_A1#2,FE),
   col-5=W(FCC_A1#2,MN), col-6=W(FCC_A1#2,NI), col-7=W(FCC_A1#2,SI),
   col-8=NP(FCC_A1#2),
   1.17300E+03   1.78751E-03   2.10177E-02   9.52065E-01   9.31126E-03 
    7.31845E-03   8.50046E-03   1.00000E+00
   1.16300E+03   1.78751E-03   2.10177E-02   9.52065E-01   9.31126E-03 
    7.31845E-03   8.50046E-03   1.00000E+00
   1.15300E+03   1.78751E-03   2.10177E-02   9.52065E-01   9.31126E-03 
    7.31845E-03   8.50046E-03   1.00000E+00
   1.14300E+03   1.78751E-03   2.10177E-02   9.52065E-01   9.31126E-03 
    7.31845E-03   8.50046E-03   1.00000E+00
   1.13300E+03   1.78751E-03   2.10177E-02   9.52065E-01   9.31126E-03 
    7.31845E-03   8.50046E-03   1.00000E+00
   1.12300E+03   1.78751E-03   2.10177E-02   9.52065E-01   9.31126E-03 
    7.31845E-03   8.50046E-03   1.00000E+00
   1.11300E+03   1.78751E-03   2.10177E-02   9.52065E-01   9.31126E-03 
    7.31845E-03   8.50046E-03   1.00000E+00
   1.10300E+03   1.78751E-03   2.10177E-02   9.52065E-01   9.31126E-03 
    7.31845E-03   8.50046E-03   1.00000E+00
   1.09300E+03   1.78751E-03   2.10177E-02   9.52065E-01   9.31126E-03 
    7.31845E-03   8.50046E-03   1.00000E+00
   1.08300E+03   1.78751E-03   2.10177E-02   9.52065E-01   9.31126E-03 
    7.31845E-03   8.50046E-03   1.00000E+00
   1.07585E+03   1.78751E-03   2.10177E-02   9.52065E-01   9.31126E-03 
    7.31845E-03   8.50046E-03   1.00000E+00

 Phase Region for:
     BCC_A2                        
     FCC_A1#2                      
 col-1=T, col-2=W(BCC_A2,C), col-3=W(BCC_A2,CR), col-4=W(BCC_A2,FE),
   col-5=W(BCC_A2,MN), col-6=W(BCC_A2,NI), col-7=W(BCC_A2,SI),
   col-8=W(FCC_A1#2,C), col-9=W(FCC_A1#2,CR), col-10=W(FCC_A1#2,FE),
   col-11=W(FCC_A1#2,MN), col-12=W(FCC_A1#2,NI), col-13=W(FCC_A1#2,SI),
   col-14=NP(BCC_A2), col-15=NP(FCC_A1#2),
   1.07585E+03   6.53274E-05   1.65796E-02   9.65066E-01   4.31042E-03 
    3.66809E-03   1.03106E-02   1.78751E-03   2.10177E-02   9.52065E-01 
    9.31127E-03   7.31845E-03   8.50046E-03   1.32242E-06   9.99999E-01
   1.07300E+03   6.65993E-05   1.66261E-02   9.64986E-01   4.35769E-03 
    3.72079E-03   1.02428E-02   1.85381E-03   2.11869E-02   9.51567E-01 
    9.50209E-03   7.45705E-03   8.43334E-03   3.69206E-02   9.63079E-01
   1.06300E+03   7.11394E-05   1.67742E-02   9.64705E-01   4.51690E-03 
    3.90313E-03   1.00298E-02   2.10423E-03   2.18007E-02   9.49732E-01 
    1.01959E-02   7.94867E-03   8.21825E-03   1.55017E-01   8.44983E-01
   1.05300E+03   7.57559E-05   1.68994E-02   9.64430E-01   4.66417E-03 
    4.08009E-03   9.85079E-03   2.38369E-03   2.24521E-02   9.47758E-01 
    1.09298E-02   8.44633E-03   8.03016E-03   2.57013E-01   7.42987E-01
   1.04300E+03   8.03934E-05   1.70025E-02   9.64170E-01   4.79782E-03 
    4.25027E-03   9.69949E-03   2.69417E-03   2.31502E-02   9.45636E-01 
    1.17084E-02   8.94798E-03   7.86365E-03   3.45079E-01   6.54921E-01
   1.03300E+03   8.49975E-05   1.70845E-02   9.63931E-01   4.91648E-03 
    4.41265E-03   9.57081E-03   3.03782E-03   2.39062E-02   9.43350E-01 
    1.25387E-02   9.45245E-03   7.71440E-03   4.21188E-01   5.78812E-01
   1.02300E+03   8.95141E-05   1.71464E-02   9.63718E-01   5.01894E-03 
    4.56648E-03   9.46060E-03   3.41706E-03   2.47329E-02   9.40881E-01 
    1.34306E-02   9.95949E-03   7.57902E-03   4.87078E-01   5.12922E-01
   1.01759E+03   9.19035E-05   1.71718E-02   9.63616E-01   5.06724E-03 
    4.64600E-03   9.40741E-03   3.63816E-03   2.52153E-02   9.39457E-01 
    1.39433E-02   1.02353E-02   7.51058E-03   5.19027E-01   4.80973E-01

 Phase Region for:
     BCC_A2                        
     CEMENTITE                     
     FCC_A1#2                      
 col-1=T, col-2=W(BCC_A2,C), col-3=W(BCC_A2,CR), col-4=W(BCC_A2,FE),
   col-5=W(BCC_A2,MN), col-6=W(BCC_A2,NI), col-7=W(BCC_A2,SI),
   col-8=W(CEMENTITE,C), col-9=W(CEMENTITE,CR), col-10=W(CEMENTITE,FE),
   col-11=W(CEMENTITE,MN), col-12=W(CEMENTITE,NI), col-13=W(CEMENTITE,SI),
   col-14=W(FCC_A1#2,C), col-15=W(FCC_A1#2,CR), col-16=W(FCC_A1#2,FE),
   col-17=W(FCC_A1#2,MN), col-18=W(FCC_A1#2,NI), col-19=W(FCC_A1#2,SI),
   col-20=NP(BCC_A2), col-21=NP(CEMENTITE), col-22=NP(FCC_A1#2),
   1.01759E+03   9.19034E-05   1.71717E-02   9.63616E-01   5.06725E-03 
    4.64601E-03   9.40741E-03   6.84492E-02   3.09505E-01   6.00405E-01 
    2.10896E-02   5.50609E-04   0.00000E+00   3.63816E-03   2.52153E-02 
    9.39457E-01   1.39434E-02   1.02353E-02   7.51058E-03   5.19029E-01 
    1.82915E-07   4.80971E-01
   1.01300E+03   8.78727E-05   1.64062E-02   9.63735E-01   5.51746E-03 
    5.04070E-03   9.21249E-03   6.84259E-02   3.04205E-01   6.02881E-01 
    2.38838E-02   6.04446E-04   0.00000E+00   3.60892E-03   2.42385E-02 
    9.37736E-01   1.56323E-02   1.13735E-02   7.41103E-03   6.26327E-01 
    7.66142E-03   3.66011E-01
   1.00300E+03   7.84765E-05   1.51702E-02   9.63347E-01   6.55114E-03 
    5.92158E-03   8.93181E-03   6.83975E-02   2.97075E-01   6.03302E-01 
    3.05036E-02   7.21863E-04   0.00000E+00   3.49293E-03   2.25870E-02 
    9.32747E-01   1.97191E-02   1.41205E-02   7.33364E-03   7.98571E-01 
    2.00195E-02   1.81410E-01
   9.93000E+02   6.88651E-05   1.43584E-02   9.62393E-01   7.60056E-03 
    6.79610E-03   8.78317E-03   6.83942E-02   2.94893E-01   5.98319E-01 
    3.75601E-02   8.33435E-04   0.00000E+00   3.32409E-03   2.14165E-02 
    9.26462E-01   2.42254E-02   1.71878E-02   7.38375E-03   9.09027E-01 
    2.77285E-02   6.32442E-02
   9.84864E+02   6.13000E-05   1.38976E-02   9.61409E-01   8.42714E-03 
    7.48432E-03   8.72073E-03   6.84048E-02   2.95792E-01   5.91455E-01 
    4.34308E-02   9.17173E-04   0.00000E+00   3.16264E-03   2.06955E-02 
    9.20655E-01   2.81067E-02   1.99002E-02   7.47980E-03   9.68381E-01 
    3.16191E-02   0.00000E+00

 Phase Region for:
     BCC_A2                        
     CEMENTITE                     
 col-1=T, col-2=W(BCC_A2,C), col-3=W(BCC_A2,CR), col-4=W(BCC_A2,FE),
   col-5=W(BCC_A2,MN), col-6=W(BCC_A2,NI), col-7=W(BCC_A2,SI),
   col-8=W(CEMENTITE,C), col-9=W(CEMENTITE,CR), col-10=W(CEMENTITE,FE),
   col-11=W(CEMENTITE,MN), col-12=W(CEMENTITE,NI), col-13=W(CEMENTITE,SI),
   col-14=NP(BCC_A2), col-15=NP(CEMENTITE),
   9.84864E+02   6.13000E-05   1.38976E-02   9.61409E-01   8.42714E-03 
    7.48432E-03   8.72073E-03   6.84048E-02   2.95792E-01   5.91455E-01 
    4.34308E-02   9.17173E-04   0.00000E+00   9.68381E-01   3.16191E-02  NONE
   9.83000E+02   5.96029E-05   1.38503E-02   9.61469E-01   8.41603E-03 
    7.48452E-03   8.72092E-03   6.84132E-02   2.97382E-01   5.89460E-01 
    4.38300E-02   9.15115E-04   0.00000E+00   9.68351E-01   3.16494E-02  NONE
   9.73000E+02   5.11638E-05   1.35939E-02   9.61792E-01   8.35588E-03 
    7.48551E-03   8.72184E-03   6.84587E-02   3.06071E-01   5.78571E-01 
    4.59955E-02   9.03840E-04   0.00000E+00   9.68200E-01   3.18000E-02  NONE
   9.63000E+02   4.37624E-05   1.33332E-02   9.62119E-01   8.29480E-03 
    7.48641E-03   8.72263E-03   6.85055E-02   3.15035E-01   5.67365E-01 
    4.82022E-02   8.92218E-04   0.00000E+00   9.68068E-01   3.19321E-02  NONE
   9.53000E+02   3.72908E-05   1.30680E-02   9.62451E-01   8.23282E-03 
    7.48722E-03   8.72329E-03   6.85539E-02   3.24279E-01   5.55836E-01 
    5.04509E-02   8.80312E-04   0.00000E+00   9.67952E-01   3.20476E-02  NONE
   9.43000E+02   3.16508E-05   1.27980E-02   9.62789E-01   8.16994E-03 
    7.48796E-03   8.72384E-03   6.86036E-02   3.33806E-01   5.43980E-01 
    5.27420E-02   8.68183E-04   0.00000E+00   9.67852E-01   3.21482E-02  NONE
   9.33000E+02   2.67526E-05   1.25230E-02   9.63131E-01   8.10617E-03 
    7.48862E-03   8.72429E-03   6.86549E-02   3.43617E-01   5.31796E-01 
    5.50763E-02   8.55890E-04   0.00000E+00   9.67764E-01   3.22356E-02  NONE
   9.23000E+02   2.25143E-05   1.22430E-02   9.63479E-01   8.04151E-03 
    7.48923E-03   8.72466E-03   6.87076E-02   3.53713E-01   5.19282E-01 
    5.74540E-02   8.43490E-04   0.00000E+00   9.67689E-01   3.23111E-02  NONE
   9.13000E+02   1.88616E-05   1.19578E-02   9.63833E-01   7.97596E-03 
    7.48977E-03   8.72494E-03   6.87617E-02   3.64092E-01   5.06439E-01 
    5.98757E-02   8.31036E-04   0.00000E+00   9.67624E-01   3.23763E-02  NONE
   9.03000E+02   1.57265E-05   1.16676E-02   9.64192E-01   7.90952E-03 
    7.49026E-03   8.72515E-03   6.88173E-02   3.74750E-01   4.93272E-01 
    6.23415E-02   8.18581E-04   0.00000E+00   9.67568E-01   3.24322E-02  NONE
   8.93000E+02   1.30475E-05   1.13723E-02   9.64556E-01   7.84221E-03 
    7.49070E-03   8.72530E-03   6.88743E-02   3.85681E-01   4.79787E-01 
    6.48514E-02   8.06169E-04   0.00000E+00   9.67520E-01   3.24800E-02  NONE
   8.83000E+02   1.07687E-05   1.10720E-02   9.64927E-01   7.77402E-03 
    7.49110E-03   8.72539E-03   6.89326E-02   3.96876E-01   4.65992E-01 
    6.74053E-02   7.93845E-04   0.00000E+00   9.67479E-01   3.25206E-02  NONE
   8.73000E+02   8.83993E-06   1.07671E-02   9.65302E-01   7.70497E-03 
    7.49146E-03   8.72544E-03   6.89922E-02   4.08324E-01   4.51899E-01 
    7.00030E-02   7.81644E-04   0.00000E+00   9.67445E-01   3.25550E-02  NONE
   8.63000E+02   7.21561E-06   1.04577E-02   9.65683E-01   7.63506E-03 
    7.49178E-03   8.72544E-03   6.90531E-02   4.20010E-01   4.37523E-01 
    7.26438E-02   7.69599E-04   0.00000E+00   9.67416E-01   3.25839E-02  NONE
   8.53000E+02   5.85504E-06   1.01443E-02   9.66068E-01   7.56432E-03 
    7.49206E-03   8.72540E-03   6.91151E-02   4.31918E-01   4.22882E-01 
    7.53271E-02   7.57732E-04   0.00000E+00   9.67392E-01   3.26082E-02  NONE
   8.43000E+02   4.72179E-06   9.82716E-03   9.66458E-01   7.49276E-03 
    7.49232E-03   8.72534E-03   6.91781E-02   4.44028E-01   4.07996E-01 
    7.80519E-02   7.46062E-04   0.00000E+00   9.67372E-01   3.26284E-02  NONE
   8.33000E+02   3.78341E-06   9.50695E-03   9.66851E-01   7.42041E-03 
    7.49255E-03   8.72524E-03   6.92421E-02   4.56316E-01   3.92890E-01 
    8.08168E-02   7.34595E-04   0.00000E+00   9.67355E-01   3.26451E-02  NONE
   8.23000E+02   3.01117E-06   9.18420E-03   9.67248E-01   7.34731E-03 
    7.49276E-03   8.72512E-03   6.93069E-02   4.68757E-01   3.77592E-01 
    8.36203E-02   7.23330E-04   0.00000E+00   9.67341E-01   3.26589E-02  NONE
   8.13000E+02   2.37973E-06   8.85959E-03   9.67647E-01   7.27350E-03 
    7.49294E-03   8.72498E-03   6.93723E-02   4.81322E-01   3.62132E-01 
    8.64606E-02   7.12253E-04   0.00000E+00   9.67330E-01   3.26702E-02  NONE
   8.03000E+02   1.86689E-06   8.53384E-03   9.68047E-01   7.19902E-03 
    7.49311E-03   8.72483E-03   6.94383E-02   4.93980E-01   3.46545E-01 
    8.93353E-02   7.01341E-04   0.00000E+00   9.67321E-01   3.26793E-02  NONE
   7.93000E+02   1.45331E-06   8.20777E-03   9.68449E-01   7.12394E-03 
    7.49326E-03   8.72466E-03   6.95045E-02   5.06697E-01   3.30866E-01 
    9.22418E-02   6.90558E-04   0.00000E+00   9.67313E-01   3.26867E-02  NONE
   7.83000E+02   1.12222E-06   7.88221E-03   9.68850E-01   7.04832E-03 
    7.49341E-03   8.72448E-03   6.95709E-02   5.19436E-01   3.15136E-01 
    9.51771E-02   6.79854E-04   0.00000E+00   9.67307E-01   3.26926E-02  NONE
   7.73000E+02   8.59220E-07   7.55806E-03   9.69251E-01   6.97225E-03 
    7.49354E-03   8.72430E-03   6.96373E-02   5.32160E-01   2.99396E-01 
    9.81375E-02   6.69166E-04   0.00000E+00   9.67303E-01   3.26973E-02  NONE
   7.63000E+02   6.51995E-07   7.23624E-03   9.69650E-01   6.89581E-03 
    7.49367E-03   8.72411E-03   6.97034E-02   5.44831E-01   2.83688E-01 
    1.01119E-01   6.58418E-04   0.00000E+00   9.67299E-01   3.27010E-02  NONE
   7.53000E+02   4.90104E-07   6.91769E-03   9.70045E-01   6.81913E-03 
    7.49381E-03   8.72391E-03   6.97690E-02   5.57408E-01   2.68059E-01 
    1.04116E-01   6.47521E-04   0.00000E+00   9.67296E-01   3.27038E-02  NONE
   7.43000E+02   3.64762E-07   6.60337E-03   9.70436E-01   6.74233E-03 
    7.49395E-03   8.72371E-03   6.98341E-02   5.69851E-01   2.52554E-01 
    1.07125E-01   6.36373E-04   0.00000E+00   9.67294E-01   3.27061E-02  NONE
   7.33000E+02   2.68633E-07   6.29421E-03   9.70822E-01   6.66557E-03 
    7.49409E-03   8.72351E-03   6.98982E-02   5.82121E-01   2.37219E-01 
    1.10137E-01   6.24860E-04   0.00000E+00   9.67292E-01   3.27078E-02  NONE
   7.23000E+02   1.95644E-07   5.99112E-03   9.71202E-01   6.58901E-03 
    7.49425E-03   8.72332E-03   6.99613E-02   5.94179E-01   2.22100E-01 
    1.13147E-01   6.12858E-04   0.00000E+00   9.67291E-01   3.27091E-02  NONE
   7.13000E+02   1.40811E-07   5.69498E-03   9.71574E-01   6.51285E-03 
    7.49443E-03   8.72312E-03   7.00232E-02   6.05987E-01   2.07244E-01 
    1.16145E-01   6.00235E-04   0.00000E+00   9.67290E-01   3.27101E-02  NONE
   7.03000E+02   1.00079E-07   5.40662E-03   9.71938E-01   6.43732E-03 
    7.49463E-03   8.72293E-03   7.00836E-02   6.17510E-01   1.92696E-01 
    1.19123E-01   5.86854E-04   0.00000E+00   9.67289E-01   3.27108E-02  NONE
   6.93000E+02   7.01835E-08   5.12680E-03   9.72293E-01   6.36268E-03 
    7.49485E-03   8.72274E-03   7.01424E-02   6.28714E-01   1.78500E-01 
    1.22070E-01   5.72578E-04   0.00000E+00   9.67289E-01   3.27113E-02  NONE
   6.83000E+02   4.85209E-08   4.85623E-03   9.72637E-01   6.28922E-03 
    7.49511E-03   8.72256E-03   7.01995E-02   6.39570E-01   1.64699E-01 
    1.24975E-01   5.57273E-04   0.00000E+00   9.67288E-01   3.27117E-02  NONE
   6.73000E+02   3.30378E-08   4.59551E-03   9.72969E-01   6.21725E-03 
    7.49539E-03   8.72238E-03   7.02546E-02   6.50050E-01   1.51332E-01 
    1.27823E-01   5.40813E-04   0.00000E+00   9.67288E-01   3.27120E-02  NONE
