
 Phase Region for:
     CEMENTITE                     
     FCC_A1#1                      
 col-1=T, col-2=W(CEMENTITE,C), col-3=W(CEMENTITE,CR), col-4=W(CEMENTITE,FE),
   col-5=W(CEMENTITE,MN), col-6=W(CEMENTITE,NI), col-7=W(CEMENTITE,SI),
   col-8=W(FCC_A1#1,C), col-9=W(FCC_A1#1,CR), col-10=W(FCC_A1#1,FE),
   col-11=W(FCC_A1#1,MN), col-12=W(FCC_A1#1,NI), col-13=W(FCC_A1#1,SI),
   col-14=NP(CEMENTITE), col-15=NP(FCC_A1#1),
   1.17300E+03   6.73910E-02   1.00116E-01   8.30374E-01   1.74160E-03 
    3.77421E-04   0.00000E+00   9.86748E-03   1.53871E-02   9.59069E-01 
    1.09568E-03   2.54107E-03   1.20394E-02   1.35389E-02   9.86461E-01  NONE
   1.18300E+03   6.73895E-02   9.98206E-02   8.30674E-01   1.73049E-03 
    3.85150E-04   0.00000E+00   1.01697E-02   1.58342E-02   9.58391E-01 
    1.09914E-03   2.52965E-03   1.19762E-02   7.31269E-03   9.92687E-01  NONE
   1.19300E+03   6.73880E-02   9.95184E-02   8.30981E-01   1.71976E-03 
    3.92923E-04   0.00000E+00   1.04770E-02   1.62854E-02   9.57705E-01 
    1.10254E-03   2.51813E-03   1.19118E-02   9.14691E-04   9.99085E-01  NONE
   1.19441E+03   6.73877E-02   9.94754E-02   8.31025E-01   1.71828E-03 
    3.94021E-04   0.00000E+00   1.05207E-02   1.63493E-02   9.57608E-01 
    1.10301E-03   2.51650E-03   1.19027E-02   0.00000E+00   1.00000E+00  NONE

 Phase Region for:
     FCC_A1#1                      
 col-1=T, col-2=W(FCC_A1#1,C), col-3=W(FCC_A1#1,CR), col-4=W(FCC_A1#1,FE),
   col-5=W(FCC_A1#1,MN), col-6=W(FCC_A1#1,NI), col-7=W(FCC_A1#1,SI),
   col-8=NP(FCC_A1#1),
   1.19441E+03   1.05207E-02   1.63493E-02   9.57608E-01   1.10301E-03 
    2.51650E-03   1.19027E-02   1.00000E+00
   1.20300E+03   1.05207E-02   1.63493E-02   9.57608E-01   1.10301E-03 
    2.51650E-03   1.19027E-02   1.00000E+00
   1.21300E+03   1.05207E-02   1.63493E-02   9.57608E-01   1.10301E-03 
    2.51650E-03   1.19027E-02   1.00000E+00
   1.22300E+03   1.05207E-02   1.63493E-02   9.57608E-01   1.10301E-03 
    2.51650E-03   1.19027E-02   1.00000E+00
   1.23300E+03   1.05207E-02   1.63493E-02   9.57608E-01   1.10301E-03 
    2.51650E-03   1.19027E-02   1.00000E+00
   1.24300E+03   1.05207E-02   1.63493E-02   9.57608E-01   1.10301E-03 
    2.51650E-03   1.19027E-02   1.00000E+00
   1.25300E+03   1.05207E-02   1.63493E-02   9.57608E-01   1.10301E-03 
    2.51650E-03   1.19027E-02   1.00000E+00
   1.26300E+03   1.05207E-02   1.63493E-02   9.57608E-01   1.10301E-03 
    2.51650E-03   1.19027E-02   1.00000E+00
   1.27300E+03   1.05207E-02   1.63493E-02   9.57608E-01   1.10301E-03 
    2.51650E-03   1.19027E-02   1.00000E+00
   1.28300E+03   1.05207E-02   1.63493E-02   9.57608E-01   1.10301E-03 
    2.51650E-03   1.19027E-02   1.00000E+00
   1.29300E+03   1.05207E-02   1.63493E-02   9.57608E-01   1.10301E-03 
    2.51650E-03   1.19027E-02   1.00000E+00
   1.30300E+03   1.05207E-02   1.63493E-02   9.57608E-01   1.10301E-03 
    2.51650E-03   1.19027E-02   1.00000E+00
   1.31300E+03   1.05207E-02   1.63493E-02   9.57608E-01   1.10301E-03 
    2.51650E-03   1.19027E-02   1.00000E+00
   1.32300E+03   1.05207E-02   1.63493E-02   9.57608E-01   1.10301E-03 
    2.51650E-03   1.19027E-02   1.00000E+00
   1.33300E+03   1.05207E-02   1.63493E-02   9.57608E-01   1.10301E-03 
    2.51650E-03   1.19027E-02   1.00000E+00
   1.34300E+03   1.05207E-02   1.63493E-02   9.57608E-01   1.10301E-03 
    2.51650E-03   1.19027E-02   1.00000E+00
   1.35300E+03   1.05207E-02   1.63493E-02   9.57608E-01   1.10301E-03 
    2.51650E-03   1.19027E-02   1.00000E+00
   1.36300E+03   1.05207E-02   1.63493E-02   9.57608E-01   1.10301E-03 
    2.51650E-03   1.19027E-02   1.00000E+00
   1.37300E+03   1.05207E-02   1.63493E-02   9.57608E-01   1.10301E-03 
    2.51650E-03   1.19027E-02   1.00000E+00
   1.38300E+03   1.05207E-02   1.63493E-02   9.57608E-01   1.10301E-03 
    2.51650E-03   1.19027E-02   1.00000E+00
   1.39300E+03   1.05207E-02   1.63493E-02   9.57608E-01   1.10301E-03 
    2.51650E-03   1.19027E-02   1.00000E+00
   1.40300E+03   1.05207E-02   1.63493E-02   9.57608E-01   1.10301E-03 
    2.51650E-03   1.19027E-02   1.00000E+00
   1.41300E+03   1.05207E-02   1.63493E-02   9.57608E-01   1.10301E-03 
    2.51650E-03   1.19027E-02   1.00000E+00
   1.42300E+03   1.05207E-02   1.63493E-02   9.57608E-01   1.10301E-03 
    2.51650E-03   1.19027E-02   1.00000E+00
   1.43300E+03   1.05207E-02   1.63493E-02   9.57608E-01   1.10301E-03 
    2.51650E-03   1.19027E-02   1.00000E+00
   1.44300E+03   1.05207E-02   1.63493E-02   9.57608E-01   1.10301E-03 
    2.51650E-03   1.19027E-02   1.00000E+00
   1.45300E+03   1.05207E-02   1.63493E-02   9.57608E-01   1.10301E-03 
    2.51650E-03   1.19027E-02   1.00000E+00
   1.46300E+03   1.05207E-02   1.63493E-02   9.57608E-01   1.10301E-03 
    2.51650E-03   1.19027E-02   1.00000E+00
   1.47300E+03   1.05207E-02   1.63493E-02   9.57608E-01   1.10301E-03 
    2.51650E-03   1.19027E-02   1.00000E+00

 Phase Region for:
     CEMENTITE                     
     FCC_A1#1                      
 col-1=T, col-2=W(CEMENTITE,C), col-3=W(CEMENTITE,CR), col-4=W(CEMENTITE,FE),
   col-5=W(CEMENTITE,MN), col-6=W(CEMENTITE,NI), col-7=W(CEMENTITE,SI),
   col-8=W(FCC_A1#1,C), col-9=W(FCC_A1#1,CR), col-10=W(FCC_A1#1,FE),
   col-11=W(FCC_A1#1,MN), col-12=W(FCC_A1#1,NI), col-13=W(FCC_A1#1,SI),
   col-14=NP(CEMENTITE), col-15=NP(FCC_A1#1),
   1.17300E+03   6.73910E-02   1.00116E-01   8.30374E-01   1.74160E-03 
    3.77421E-04   0.00000E+00   9.86748E-03   1.53871E-02   9.59069E-01 
    1.09568E-03   2.54107E-03   1.20394E-02   1.35389E-02   9.86461E-01  NONE
   1.16300E+03   6.73925E-02   1.00404E-01   8.30081E-01   1.75309E-03 
    3.69736E-04   0.00000E+00   9.57025E-03   1.49446E-02   9.59739E-01 
    1.09215E-03   2.55238E-03   1.21016E-02   1.95981E-02   9.80402E-01  NONE
   1.15300E+03   6.73939E-02   1.00685E-01   8.29794E-01   1.76497E-03 
    3.62097E-04   0.00000E+00   9.27801E-03   1.45066E-02   9.60401E-01 
    1.08855E-03   2.56357E-03   1.21628E-02   2.54950E-02   9.74505E-01  NONE
   1.14300E+03   6.73953E-02   1.00957E-01   8.29516E-01   1.77726E-03 
    3.54505E-04   0.00000E+00   8.99074E-03   1.40733E-02   9.61054E-01 
    1.08487E-03   2.57466E-03   1.22229E-02   3.12341E-02   9.68766E-01  NONE
   1.13300E+03   6.73966E-02   1.01222E-01   8.29244E-01   1.78995E-03 
    3.46960E-04   0.00000E+00   8.70843E-03   1.36449E-02   9.61698E-01 
    1.08112E-03   2.58563E-03   1.22820E-02   3.68195E-02   9.63180E-01  NONE
   1.12300E+03   6.73979E-02   1.01479E-01   8.28981E-01   1.80306E-03 
    3.39463E-04   0.00000E+00   8.43103E-03   1.32217E-02   9.62334E-01 
    1.07729E-03   2.59648E-03   1.23400E-02   4.22554E-02   9.57745E-01  NONE
   1.11300E+03   6.73992E-02   1.01726E-01   8.28726E-01   1.81661E-03 
    3.32016E-04   0.00000E+00   8.15854E-03   1.28036E-02   9.62960E-01 
    1.07337E-03   2.60722E-03   1.23970E-02   4.75457E-02   9.52454E-01  NONE
   1.10300E+03   6.74004E-02   1.01965E-01   8.28479E-01   1.83059E-03 
    3.24619E-04   0.00000E+00   7.89093E-03   1.23909E-02   9.63578E-01 
    1.06937E-03   2.61784E-03   1.24530E-02   5.26940E-02   9.47306E-01  NONE
   1.09300E+03   6.74016E-02   1.02195E-01   8.28241E-01   1.84502E-03 
    3.17273E-04   0.00000E+00   7.62818E-03   1.19839E-02   9.64186E-01 
    1.06528E-03   2.62834E-03   1.25080E-02   5.77040E-02   9.42296E-01  NONE
   1.08300E+03   6.74027E-02   1.02415E-01   8.28012E-01   1.85992E-03 
    3.09980E-04   0.00000E+00   7.37027E-03   1.15825E-02   9.64785E-01 
    1.06109E-03   2.63871E-03   1.25619E-02   6.25789E-02   9.37421E-01  NONE
   1.07300E+03   6.74038E-02   1.02626E-01   8.27792E-01   1.87528E-03 
    3.02739E-04   0.00000E+00   7.11718E-03   1.11871E-02   9.65375E-01 
    1.05680E-03   2.64896E-03   1.26149E-02   6.73222E-02   9.32678E-01  NONE
   1.06300E+03   6.74049E-02   1.02827E-01   8.27581E-01   1.89113E-03 
    2.95553E-04   0.00000E+00   6.86890E-03   1.07977E-02   9.65955E-01 
    1.05241E-03   2.65908E-03   1.26668E-02   7.19370E-02   9.28063E-01  NONE
   1.05300E+03   6.74058E-02   1.03018E-01   8.27380E-01   1.90747E-03 
    2.88421E-04   0.00000E+00   6.62539E-03   1.04145E-02   9.66525E-01 
    1.04792E-03   2.66907E-03   1.27178E-02   7.64261E-02   9.23574E-01  NONE
   1.04300E+03   6.74068E-02   1.03199E-01   8.27188E-01   1.92433E-03 
    2.81345E-04   0.00000E+00   6.38666E-03   1.00377E-02   9.67086E-01 
    1.04332E-03   2.67893E-03   1.27677E-02   8.07927E-02   9.19207E-01  NONE
   1.03784E+03   6.74072E-02   1.03289E-01   8.27093E-01   1.93323E-03 
    2.77717E-04   0.00000E+00   6.26534E-03   9.84585E-03   9.67371E-01 
    1.04091E-03   2.68397E-03   1.27931E-02   8.29986E-02   9.17001E-01  NONE

 Phase Region for:
     BCC_A2                        
     CEMENTITE                     
     FCC_A1#1                      
 col-1=T, col-2=W(BCC_A2,C), col-3=W(BCC_A2,CR), col-4=W(BCC_A2,FE),
   col-5=W(BCC_A2,MN), col-6=W(BCC_A2,NI), col-7=W(BCC_A2,SI),
   col-8=W(CEMENTITE,C), col-9=W(CEMENTITE,CR), col-10=W(CEMENTITE,FE),
   col-11=W(CEMENTITE,MN), col-12=W(CEMENTITE,NI), col-13=W(CEMENTITE,SI),
   col-14=W(FCC_A1#1,C), col-15=W(FCC_A1#1,CR), col-16=W(FCC_A1#1,FE),
   col-17=W(FCC_A1#1,MN), col-18=W(FCC_A1#1,NI), col-19=W(FCC_A1#1,SI),
   col-20=NP(BCC_A2), col-21=NP(CEMENTITE), col-22=NP(FCC_A1#1),
   1.03784E+03   1.87482E-04   5.68513E-03   9.74449E-01   3.90605E-04 
    1.40104E-03   1.78870E-02   6.74072E-02   1.03289E-01   8.27093E-01 
    1.93323E-03   2.77718E-04   0.00000E+00   6.26534E-03   9.84583E-03 
    9.67371E-01   1.04091E-03   2.68398E-03   1.27930E-02   6.23253E-06 
    8.29994E-02   9.16994E-01
   1.03300E+03   1.83697E-04   5.04693E-03   9.76225E-01   4.49843E-04 
    1.70714E-03   1.63878E-02   6.73693E-02   9.55717E-02   8.34359E-01 
    2.35497E-03   3.45242E-04   0.00000E+00   6.31641E-03   8.86040E-03 
    9.68716E-01   1.23394E-03   3.30960E-03   1.15639E-02   2.99891E-01 
    1.19183E-01   5.80926E-01
   1.02359E+03   1.74021E-04   4.09795E-03   9.78156E-01   6.35459E-04 
    2.86563E-03   1.40713E-02   6.73105E-02   8.35933E-02   8.44827E-01 
    3.66926E-03   6.00238E-04   0.00000E+00   6.33156E-03   7.34199E-03 
    9.69014E-01   1.85135E-03   5.71422E-03   9.74700E-03   8.16476E-01 
    1.83524E-01   0.00000E+00

 Phase Region for:
     BCC_A2                        
     CEMENTITE                     
 col-1=T, col-2=W(BCC_A2,C), col-3=W(BCC_A2,CR), col-4=W(BCC_A2,FE),
   col-5=W(BCC_A2,MN), col-6=W(BCC_A2,NI), col-7=W(BCC_A2,SI),
   col-8=W(CEMENTITE,C), col-9=W(CEMENTITE,CR), col-10=W(CEMENTITE,FE),
   col-11=W(CEMENTITE,MN), col-12=W(CEMENTITE,NI), col-13=W(CEMENTITE,SI),
   col-14=NP(BCC_A2), col-15=NP(CEMENTITE),
   1.02359E+03   1.74021E-04   4.09795E-03   9.78156E-01   6.35459E-04 
    2.86563E-03   1.40713E-02   6.73105E-02   8.35933E-02   8.44827E-01 
    3.66926E-03   6.00238E-04   0.00000E+00   8.16476E-01   1.83524E-01  NONE
   1.02300E+03   1.72933E-04   4.08810E-03   9.78168E-01   6.34103E-04 
    2.86564E-03   1.40715E-02   6.73108E-02   8.36406E-02   8.44772E-01 
    3.67644E-03   6.00351E-04   0.00000E+00   8.16460E-01   1.83540E-01  NONE
   1.01300E+03   1.55437E-04   3.92061E-03   9.78373E-01   6.09994E-04 
    2.86575E-03   1.40750E-02   6.73149E-02   8.44496E-02   8.43828E-01 
    3.80439E-03   6.02867E-04   0.00000E+00   8.16198E-01   1.83802E-01  NONE
   1.00300E+03   1.39543E-04   3.75642E-03   9.78574E-01   5.86318E-04 
    2.86585E-03   1.40782E-02   6.73190E-02   8.52486E-02   8.42897E-01 
    3.92998E-03   6.05092E-04   0.00000E+00   8.15959E-01   1.84041E-01  NONE
   9.93000E+02   1.25115E-04   3.59550E-03   9.78769E-01   5.63079E-04 
    2.86596E-03   1.40811E-02   6.73231E-02   8.60372E-02   8.41980E-01 
    4.05324E-03   6.07043E-04   0.00000E+00   8.15743E-01   1.84257E-01  NONE
   9.83000E+02   1.12027E-04   3.43785E-03   9.78960E-01   5.40283E-04 
    2.86606E-03   1.40836E-02   6.73270E-02   8.68148E-02   8.41075E-01 
    4.17415E-03   6.08738E-04   0.00000E+00   8.15547E-01   1.84453E-01  NONE
   9.73000E+02   1.00166E-04   3.28348E-03   9.79146E-01   5.17931E-04 
    2.86617E-03   1.40860E-02   6.73310E-02   8.75810E-02   8.40185E-01 
    4.29272E-03   6.10190E-04   0.00000E+00   8.15370E-01   1.84630E-01  NONE
   9.63000E+02   8.94274E-05   3.13242E-03   9.79328E-01   4.96028E-04 
    2.86628E-03   1.40881E-02   6.73348E-02   8.83353E-02   8.39310E-01 
    4.40895E-03   6.11415E-04   0.00000E+00   8.15209E-01   1.84791E-01  NONE
   9.53000E+02   7.97148E-05   2.98470E-03   9.79505E-01   4.74577E-04 
    2.86640E-03   1.40900E-02   6.73386E-02   8.90770E-02   8.38449E-01 
    4.52283E-03   6.12425E-04   0.00000E+00   8.15063E-01   1.84937E-01  NONE
   9.43000E+02   7.09404E-05   2.84037E-03   9.79677E-01   4.53582E-04 
    2.86652E-03   1.40917E-02   6.73423E-02   8.98055E-02   8.37605E-01 
    4.63434E-03   6.13230E-04   0.00000E+00   8.14932E-01   1.85068E-01  NONE
   9.33000E+02   6.30232E-05   2.69948E-03   9.79845E-01   4.33047E-04 
    2.86665E-03   1.40932E-02   6.73460E-02   9.05202E-02   8.36776E-01 
    4.74348E-03   6.13841E-04   0.00000E+00   8.14814E-01   1.85186E-01  NONE
   9.23000E+02   5.58888E-05   2.56208E-03   9.80008E-01   4.12977E-04 
    2.86679E-03   1.40945E-02   6.73496E-02   9.12205E-02   8.35965E-01 
    4.85021E-03   6.14268E-04   0.00000E+00   8.14707E-01   1.85293E-01  NONE
   9.13000E+02   4.94687E-05   2.42823E-03   9.80166E-01   3.93377E-04 
    2.86694E-03   1.40957E-02   6.73531E-02   9.19056E-02   8.35172E-01 
    4.95453E-03   6.14518E-04   0.00000E+00   8.14611E-01   1.85389E-01  NONE
   9.03000E+02   4.36999E-05   2.29800E-03   9.80320E-01   3.74252E-04 
    2.86709E-03   1.40968E-02   6.73565E-02   9.25750E-02   8.34397E-01 
    5.05639E-03   6.14598E-04   0.00000E+00   8.14525E-01   1.85475E-01  NONE
   8.93000E+02   3.85245E-05   2.17145E-03   9.80469E-01   3.55609E-04 
    2.86726E-03   1.40978E-02   6.73599E-02   9.32281E-02   8.33642E-01 
    5.15576E-03   6.14516E-04   0.00000E+00   8.14448E-01   1.85552E-01  NONE
   8.83000E+02   3.38891E-05   2.04863E-03   9.80614E-01   3.37452E-04 
    2.86744E-03   1.40986E-02   6.73631E-02   9.38643E-02   8.32906E-01 
    5.25262E-03   6.14275E-04   0.00000E+00   8.14378E-01   1.85622E-01  NONE
   8.73000E+02   2.97445E-05   1.92961E-03   9.80754E-01   3.19788E-04 
    2.86763E-03   1.40994E-02   6.73663E-02   9.44829E-02   8.32190E-01 
    5.34692E-03   6.13880E-04   0.00000E+00   8.14316E-01   1.85684E-01  NONE
   8.63000E+02   2.60457E-05   1.81445E-03   9.80889E-01   3.02624E-04 
    2.86784E-03   1.41000E-02   6.73694E-02   9.50834E-02   8.31495E-01 
    5.43864E-03   6.13336E-04   0.00000E+00   8.14261E-01   1.85739E-01  NONE
   8.53000E+02   2.27510E-05   1.70318E-03   9.81019E-01   2.85965E-04 
    2.86806E-03   1.41006E-02   6.73724E-02   9.56654E-02   8.30822E-01 
    5.52772E-03   6.12645E-04   0.00000E+00   8.14212E-01   1.85788E-01  NONE
   8.43000E+02   1.98223E-05   1.59585E-03   9.81145E-01   2.69817E-04 
    2.86829E-03   1.41011E-02   6.73753E-02   9.62284E-02   8.30170E-01 
    5.61414E-03   6.11808E-04   0.00000E+00   8.14168E-01   1.85832E-01  NONE
   8.33000E+02   1.72245E-05   1.49251E-03   9.81266E-01   2.54184E-04 
    2.86854E-03   1.41015E-02   6.73780E-02   9.67720E-02   8.29541E-01 
    5.69787E-03   6.10828E-04   0.00000E+00   8.14129E-01   1.85871E-01  NONE
   8.23000E+02   1.49255E-05   1.39317E-03   9.81382E-01   2.39073E-04 
    2.86881E-03   1.41019E-02   6.73807E-02   9.72958E-02   8.28935E-01 
    5.77886E-03   6.09706E-04   0.00000E+00   8.14095E-01   1.85905E-01  NONE
   8.13000E+02   1.28956E-05   1.29787E-03   9.81493E-01   2.24487E-04 
    2.86910E-03   1.41022E-02   6.73833E-02   9.77996E-02   8.28352E-01 
    5.85710E-03   6.08441E-04   0.00000E+00   8.14065E-01   1.85935E-01  NONE
   8.03000E+02   1.11078E-05   1.20660E-03   9.81600E-01   2.10430E-04 
    2.86940E-03   1.41025E-02   6.73858E-02   9.82831E-02   8.27791E-01 
    5.93256E-03   6.07032E-04   0.00000E+00   8.14038E-01   1.85962E-01  NONE
   7.93000E+02   9.53738E-06   1.11938E-03   9.81702E-01   1.96904E-04 
    2.86973E-03   1.41027E-02   6.73882E-02   9.87462E-02   8.27255E-01 
    6.00522E-03   6.05479E-04   0.00000E+00   8.14015E-01   1.85985E-01  NONE
   7.83000E+02   8.16168E-06   1.03619E-03   9.81799E-01   1.83911E-04 
    2.87007E-03   1.41029E-02   6.73905E-02   9.91887E-02   8.26742E-01 
    6.07507E-03   6.03779E-04   0.00000E+00   8.13994E-01   1.86006E-01  NONE
   7.73000E+02   6.96005E-06   9.57023E-04   9.81891E-01   1.71451E-04 
    2.87044E-03   1.41031E-02   6.73926E-02   9.96107E-02   8.26253E-01 
    6.14209E-03   6.01931E-04   0.00000E+00   8.13976E-01   1.86024E-01  NONE
   7.63000E+02   5.91365E-06   8.81840E-04   9.81979E-01   1.59524E-04 
    2.87083E-03   1.41033E-02   6.73947E-02   1.00012E-01   8.25787E-01 
    6.20628E-03   5.99931E-04   0.00000E+00   8.13960E-01   1.86040E-01  NONE
   7.53000E+02   5.00535E-06   8.10603E-04   9.82062E-01   1.48128E-04 
    2.87125E-03   1.41034E-02   6.73967E-02   1.00393E-01   8.25345E-01 
    6.26765E-03   5.97776E-04   0.00000E+00   8.13947E-01   1.86053E-01  NONE
   7.43000E+02   4.21956E-06   7.43264E-04   9.82140E-01   1.37261E-04 
    2.87169E-03   1.41035E-02   6.73985E-02   1.00754E-01   8.24926E-01 
    6.32621E-03   5.95460E-04   0.00000E+00   8.13935E-01   1.86065E-01  NONE
   7.33000E+02   3.54219E-06   6.79762E-04   9.82214E-01   1.26919E-04 
    2.87216E-03   1.41035E-02   6.74003E-02   1.01094E-01   8.24530E-01 
    6.38197E-03   5.92981E-04   0.00000E+00   8.13925E-01   1.86075E-01  NONE
   7.23000E+02   2.96044E-06   6.20028E-04   9.82284E-01   1.17096E-04 
    2.87266E-03   1.41036E-02   6.74019E-02   1.01415E-01   8.24158E-01 
    6.43496E-03   5.90332E-04   0.00000E+00   8.13916E-01   1.86084E-01  NONE
   7.13000E+02   2.46278E-06   5.63982E-04   9.82349E-01   1.07786E-04 
    2.87319E-03   1.41036E-02   6.74035E-02   1.01717E-01   8.23807E-01 
    6.48520E-03   5.87508E-04   0.00000E+00   8.13909E-01   1.86091E-01  NONE
   7.03000E+02   2.03883E-06   5.11535E-04   9.82410E-01   9.89815E-05 
    2.87375E-03   1.41037E-02   6.74050E-02   1.01999E-01   8.23479E-01 
    6.53273E-03   5.84503E-04   0.00000E+00   8.13903E-01   1.86097E-01  NONE
   6.93000E+02   1.67924E-06   4.62590E-04   9.82467E-01   9.06739E-05 
    2.87435E-03   1.41037E-02   6.74063E-02   1.02263E-01   8.23172E-01 
    6.57760E-03   5.81309E-04   0.00000E+00   8.13897E-01   1.86103E-01  NONE
   6.83000E+02   1.37566E-06   4.17043E-04   9.82520E-01   8.28531E-05 
    2.87498E-03   1.41037E-02   6.74076E-02   1.02509E-01   8.22886E-01 
    6.61986E-03   5.77920E-04   0.00000E+00   8.13893E-01   1.86107E-01  NONE
   6.73000E+02   1.12060E-06   3.74782E-04   9.82569E-01   7.55084E-05 
    2.87564E-03   1.41037E-02   6.74088E-02   1.02737E-01   8.22621E-01 
    6.65956E-03   5.74327E-04   0.00000E+00   8.13889E-01   1.86111E-01  NONE
