
 Phase Region for:
     FCC_A1#2                      
 col-1=T, col-2=W(FCC_A1#2,C), col-3=W(FCC_A1#2,CR), col-4=W(FCC_A1#2,FE),
   col-5=W(FCC_A1#2,MN), col-6=W(FCC_A1#2,NI), col-7=W(FCC_A1#2,SI),
   col-8=NP(FCC_A1#2),
   1.17300E+03   8.52785E-03   1.06693E-03   9.32619E-01   2.48559E-02 
    2.36155E-02   9.31502E-03   1.00000E+00
   1.18300E+03   8.52785E-03   1.06693E-03   9.32619E-01   2.48559E-02 
    2.36155E-02   9.31502E-03   1.00000E+00
   1.19300E+03   8.52785E-03   1.06693E-03   9.32619E-01   2.48559E-02 
    2.36155E-02   9.31502E-03   1.00000E+00
   1.20300E+03   8.52785E-03   1.06693E-03   9.32619E-01   2.48559E-02 
    2.36155E-02   9.31502E-03   1.00000E+00
   1.21300E+03   8.52785E-03   1.06693E-03   9.32619E-01   2.48559E-02 
    2.36155E-02   9.31502E-03   1.00000E+00
   1.22300E+03   8.52785E-03   1.06693E-03   9.32619E-01   2.48559E-02 
    2.36155E-02   9.31502E-03   1.00000E+00
   1.23300E+03   8.52785E-03   1.06693E-03   9.32619E-01   2.48559E-02 
    2.36155E-02   9.31502E-03   1.00000E+00
   1.24300E+03   8.52785E-03   1.06693E-03   9.32619E-01   2.48559E-02 
    2.36155E-02   9.31502E-03   1.00000E+00
   1.25300E+03   8.52785E-03   1.06693E-03   9.32619E-01   2.48559E-02 
    2.36155E-02   9.31502E-03   1.00000E+00
   1.26300E+03   8.52785E-03   1.06693E-03   9.32619E-01   2.48559E-02 
    2.36155E-02   9.31502E-03   1.00000E+00
   1.27300E+03   8.52785E-03   1.06693E-03   9.32619E-01   2.48559E-02 
    2.36155E-02   9.31502E-03   1.00000E+00
   1.28300E+03   8.52785E-03   1.06693E-03   9.32619E-01   2.48559E-02 
    2.36155E-02   9.31502E-03   1.00000E+00
   1.29300E+03   8.52785E-03   1.06693E-03   9.32619E-01   2.48559E-02 
    2.36155E-02   9.31502E-03   1.00000E+00
   1.30300E+03   8.52785E-03   1.06693E-03   9.32619E-01   2.48559E-02 
    2.36155E-02   9.31502E-03   1.00000E+00
   1.31300E+03   8.52785E-03   1.06693E-03   9.32619E-01   2.48559E-02 
    2.36155E-02   9.31502E-03   1.00000E+00
   1.32300E+03   8.52785E-03   1.06693E-03   9.32619E-01   2.48559E-02 
    2.36155E-02   9.31502E-03   1.00000E+00
   1.33300E+03   8.52785E-03   1.06693E-03   9.32619E-01   2.48559E-02 
    2.36155E-02   9.31502E-03   1.00000E+00
   1.34300E+03   8.52785E-03   1.06693E-03   9.32619E-01   2.48559E-02 
    2.36155E-02   9.31502E-03   1.00000E+00
   1.35300E+03   8.52785E-03   1.06693E-03   9.32619E-01   2.48559E-02 
    2.36155E-02   9.31502E-03   1.00000E+00
   1.36300E+03   8.52785E-03   1.06693E-03   9.32619E-01   2.48559E-02 
    2.36155E-02   9.31502E-03   1.00000E+00
   1.37300E+03   8.52785E-03   1.06693E-03   9.32619E-01   2.48559E-02 
    2.36155E-02   9.31502E-03   1.00000E+00
   1.38300E+03   8.52785E-03   1.06693E-03   9.32619E-01   2.48559E-02 
    2.36155E-02   9.31502E-03   1.00000E+00
   1.39300E+03   8.52785E-03   1.06693E-03   9.32619E-01   2.48559E-02 
    2.36155E-02   9.31502E-03   1.00000E+00
   1.40300E+03   8.52785E-03   1.06693E-03   9.32619E-01   2.48559E-02 
    2.36155E-02   9.31502E-03   1.00000E+00
   1.41300E+03   8.52785E-03   1.06693E-03   9.32619E-01   2.48559E-02 
    2.36155E-02   9.31502E-03   1.00000E+00
   1.42300E+03   8.52785E-03   1.06693E-03   9.32619E-01   2.48559E-02 
    2.36155E-02   9.31502E-03   1.00000E+00
   1.43300E+03   8.52785E-03   1.06693E-03   9.32619E-01   2.48559E-02 
    2.36155E-02   9.31502E-03   1.00000E+00
   1.44300E+03   8.52785E-03   1.06693E-03   9.32619E-01   2.48559E-02 
    2.36155E-02   9.31502E-03   1.00000E+00
   1.45300E+03   8.52785E-03   1.06693E-03   9.32619E-01   2.48559E-02 
    2.36155E-02   9.31502E-03   1.00000E+00
   1.46300E+03   8.52785E-03   1.06693E-03   9.32619E-01   2.48559E-02 
    2.36155E-02   9.31502E-03   1.00000E+00
   1.47300E+03   8.52785E-03   1.06693E-03   9.32619E-01   2.48559E-02 
    2.36155E-02   9.31502E-03   1.00000E+00

 Phase Region for:
     FCC_A1#2                      
 col-1=T, col-2=W(FCC_A1#2,C), col-3=W(FCC_A1#2,CR), col-4=W(FCC_A1#2,FE),
   col-5=W(FCC_A1#2,MN), col-6=W(FCC_A1#2,NI), col-7=W(FCC_A1#2,SI),
   col-8=NP(FCC_A1#2),
   1.17300E+03   8.52785E-03   1.06693E-03   9.32619E-01   2.48559E-02 
    2.36155E-02   9.31502E-03   1.00000E+00
   1.16300E+03   8.52785E-03   1.06693E-03   9.32619E-01   2.48559E-02 
    2.36155E-02   9.31502E-03   1.00000E+00
   1.15300E+03   8.52785E-03   1.06693E-03   9.32619E-01   2.48559E-02 
    2.36155E-02   9.31502E-03   1.00000E+00
   1.14300E+03   8.52785E-03   1.06693E-03   9.32619E-01   2.48559E-02 
    2.36155E-02   9.31502E-03   1.00000E+00
   1.13300E+03   8.52785E-03   1.06693E-03   9.32619E-01   2.48559E-02 
    2.36155E-02   9.31502E-03   1.00000E+00
   1.12300E+03   8.52785E-03   1.06693E-03   9.32619E-01   2.48559E-02 
    2.36155E-02   9.31502E-03   1.00000E+00
   1.11300E+03   8.52785E-03   1.06693E-03   9.32619E-01   2.48559E-02 
    2.36155E-02   9.31502E-03   1.00000E+00
   1.10300E+03   8.52785E-03   1.06693E-03   9.32619E-01   2.48559E-02 
    2.36155E-02   9.31502E-03   1.00000E+00
   1.09300E+03   8.52785E-03   1.06693E-03   9.32619E-01   2.48559E-02 
    2.36155E-02   9.31502E-03   1.00000E+00
   1.08300E+03   8.52785E-03   1.06693E-03   9.32619E-01   2.48559E-02 
    2.36155E-02   9.31502E-03   1.00000E+00
   1.08228E+03   8.52785E-03   1.06693E-03   9.32619E-01   2.48559E-02 
    2.36155E-02   9.31502E-03   1.00000E+00

 Phase Region for:
     CEMENTITE                     
     FCC_A1#2                      
 col-1=T, col-2=W(CEMENTITE,C), col-3=W(CEMENTITE,CR), col-4=W(CEMENTITE,FE),
   col-5=W(CEMENTITE,MN), col-6=W(CEMENTITE,NI), col-7=W(CEMENTITE,SI),
   col-8=W(FCC_A1#2,C), col-9=W(FCC_A1#2,CR), col-10=W(FCC_A1#2,FE),
   col-11=W(FCC_A1#2,MN), col-12=W(FCC_A1#2,NI), col-13=W(FCC_A1#2,SI),
   col-14=NP(CEMENTITE), col-15=NP(FCC_A1#2),
   1.08228E+03   6.69817E-02   9.62989E-03   8.74625E-01   4.54947E-02 
    3.26846E-03   0.00000E+00   8.52785E-03   1.06693E-03   9.32619E-01 
    2.48559E-02   2.36155E-02   9.31502E-03   5.55512E-08   1.00000E+00
   1.07300E+03   6.69823E-02   9.62523E-03   8.74387E-01   4.58056E-02 
    3.19964E-03   0.00000E+00   8.27787E-03   1.03033E-03   9.32868E-01 
    2.47663E-02   2.37028E-02   9.35486E-03   5.10242E-03   9.94898E-01
   1.06300E+03   6.69829E-02   9.61778E-03   8.74124E-01   4.61490E-02 
    3.12589E-03   0.00000E+00   8.01209E-03   9.91485E-04   9.33135E-01 
    2.46680E-02   2.37963E-02   9.39721E-03   1.04798E-02   9.89520E-01
   1.05300E+03   6.69834E-02   9.60785E-03   8.73855E-01   4.65013E-02 
    3.05256E-03   0.00000E+00   7.74999E-03   9.53278E-04   9.33401E-01 
    2.45679E-02   2.38891E-02   9.43897E-03   1.57355E-02   9.84264E-01
   1.04300E+03   6.69840E-02   9.59553E-03   8.73578E-01   4.68628E-02 
    2.97966E-03   0.00000E+00   7.49160E-03   9.15743E-04   9.33665E-01 
    2.44658E-02   2.39813E-02   9.48015E-03   2.08717E-02   9.79128E-01
   1.03300E+03   6.69846E-02   9.58089E-03   8.73294E-01   4.72336E-02 
    2.90721E-03   0.00000E+00   7.23693E-03   8.78913E-04   9.33929E-01 
    2.43617E-02   2.40728E-02   9.52073E-03   2.58902E-02   9.74110E-01
   1.02300E+03   6.69852E-02   9.56402E-03   8.73002E-01   4.76141E-02 
    2.83523E-03   0.00000E+00   6.98602E-03   8.42816E-04   9.34191E-01 
    2.42556E-02   2.41636E-02   9.56071E-03   3.07931E-02   9.69207E-01
   1.01300E+03   6.69857E-02   9.54501E-03   8.72701E-01   4.80044E-02 
    2.76373E-03   0.00000E+00   6.73889E-03   8.07479E-04   9.34452E-01 
    2.41475E-02   2.42536E-02   9.60008E-03   3.55821E-02   9.64418E-01
   1.00300E+03   6.69863E-02   9.52395E-03   8.72392E-01   4.84048E-02 
    2.69274E-03   0.00000E+00   6.49558E-03   7.72928E-04   9.34713E-01 
    2.40372E-02   2.43429E-02   9.63885E-03   4.02587E-02   9.59741E-01
   9.93000E+02   6.69869E-02   9.50095E-03   8.72074E-01   4.88156E-02 
    2.62226E-03   0.00000E+00   6.25613E-03   7.39184E-04   9.34972E-01 
    2.39248E-02   2.44313E-02   9.67700E-03   4.48247E-02   9.55175E-01
   9.83000E+02   6.69874E-02   9.47613E-03   8.71747E-01   4.92371E-02 
    2.55232E-03   0.00000E+00   6.02058E-03   7.06268E-04   9.35230E-01 
    2.38102E-02   2.45189E-02   9.71453E-03   4.92814E-02   9.50719E-01
   9.73000E+02   6.69880E-02   9.44959E-03   8.71410E-01   4.96695E-02 
    2.48294E-03   0.00000E+00   5.78896E-03   6.74199E-04   9.35486E-01 
    2.36934E-02   2.46056E-02   9.75143E-03   5.36301E-02   9.46370E-01
   9.69850E+02   6.69882E-02   9.44090E-03   8.71302E-01   4.98081E-02 
    2.46120E-03   0.00000E+00   5.71683E-03   6.64275E-04   9.35567E-01 
    2.36561E-02   2.46327E-02   9.76293E-03   5.49777E-02   9.45022E-01

 Phase Region for:
     BCC_A2                        
     CEMENTITE                     
     FCC_A1#2                      
 col-1=T, col-2=W(BCC_A2,C), col-3=W(BCC_A2,CR), col-4=W(BCC_A2,FE),
   col-5=W(BCC_A2,MN), col-6=W(BCC_A2,NI), col-7=W(BCC_A2,SI),
   col-8=W(CEMENTITE,C), col-9=W(CEMENTITE,CR), col-10=W(CEMENTITE,FE),
   col-11=W(CEMENTITE,MN), col-12=W(CEMENTITE,NI), col-13=W(CEMENTITE,SI),
   col-14=W(FCC_A1#2,C), col-15=W(FCC_A1#2,CR), col-16=W(FCC_A1#2,FE),
   col-17=W(FCC_A1#2,MN), col-18=W(FCC_A1#2,NI), col-19=W(FCC_A1#2,SI),
   col-20=NP(BCC_A2), col-21=NP(CEMENTITE), col-22=NP(FCC_A1#2),
   9.69850E+02   1.05279E-04   3.56784E-04   9.71682E-01   5.84322E-03 
    9.17702E-03   1.28357E-02   6.69882E-02   9.44089E-03   8.71302E-01 
    4.98082E-02   2.46121E-03   0.00000E+00   5.71683E-03   6.64273E-04 
    9.35567E-01   2.36561E-02   2.46327E-02   9.76292E-03   2.67250E-06 
    5.49780E-02   9.45019E-01
   9.63000E+02   9.67872E-05   3.20055E-04   9.71018E-01   6.22006E-03 
    1.01013E-02   1.22441E-02   6.69903E-02   8.77576E-03   8.66079E-01 
    5.54302E-02   2.72443E-03   0.00000E+00   5.54592E-03   5.93588E-04 
    9.29685E-01   2.64217E-02   2.83116E-02   9.44181E-03   1.64199E-01 
    7.60842E-02   7.59717E-01
   9.53000E+02   8.51197E-05   2.83249E-04   9.69780E-01   6.72037E-03 
    1.14639E-02   1.16675E-02   6.69950E-02   8.15958E-03   8.58148E-01 
    6.35835E-02   3.11412E-03   0.00000E+00   5.27711E-03   5.20476E-04 
    9.20058E-01   3.06356E-02   3.43129E-02   9.19584E-03   3.45771E-01 
    9.89588E-02   5.55270E-01
   9.43000E+02   7.45136E-05   2.57865E-04   9.68420E-01   7.13861E-03 
    1.27984E-02   1.13105E-02   6.70007E-02   7.79387E-03   8.50221E-01 
    7.14849E-02   3.49927E-03   0.00000E+00   4.99583E-03   4.67894E-04 
    9.09430E-01   3.49805E-02   4.10130E-02   9.11267E-03   4.75737E-01 
    1.14817E-01   4.09446E-01
   9.33000E+02   6.50207E-05   2.38849E-04   9.67069E-01   7.46503E-03 
    1.40752E-02   1.10870E-02   6.70067E-02   7.57382E-03   8.42519E-01 
    7.90283E-02   3.87251E-03   0.00000E+00   4.70925E-03   4.26810E-04 
    8.97926E-01   3.94191E-02   4.83990E-02   9.11987E-03   5.69520E-01 
    1.25828E-01   3.04652E-01
   9.23000E+02   5.66012E-05   2.23579E-04   9.65798E-01   7.69957E-03 
    1.52770E-02   1.09456E-02   6.70128E-02   7.44304E-03   8.35145E-01 
    8.61702E-02   4.22941E-03   0.00000E+00   4.42155E-03   3.92524E-04 
    8.85575E-01   4.39470E-02   5.64901E-02   9.17360E-03   6.37967E-01 
    1.33524E-01   2.28509E-01
   9.13000E+02   4.91764E-05   2.10615E-04   9.64644E-01   7.84673E-03 
    1.63934E-02   1.08557E-02   6.70188E-02   7.36951E-03   8.28150E-01 
    9.28950E-02   4.56714E-03   0.00000E+00   4.13533E-03   3.62476E-04 
    8.72349E-01   4.85804E-02   6.53261E-02   9.24646E-03   6.88462E-01 
    1.38940E-01   1.72598E-01
   9.03000E+02   4.26538E-05   1.99129E-04   9.63629E-01   7.91329E-03 
    1.74174E-02   1.07984E-02   6.70246E-02   7.33408E-03   8.21556E-01 
    9.92020E-02   4.88366E-03   0.00000E+00   3.85229E-03   3.35215E-04 
    8.58182E-01   5.33482E-02   7.49619E-02   9.32054E-03   7.26040E-01 
    1.42773E-01   1.31186E-01
   8.93000E+02   3.69396E-05   1.88623E-04   9.62761E-01   7.90698E-03 
    1.83445E-02   1.07619E-02   6.70301E-02   7.32473E-03   8.15371E-01 
    1.05097E-01   5.17733E-03   0.00000E+00   3.57375E-03   3.09899E-04 
    8.42983E-01   5.82880E-02   8.54619E-02   9.38345E-03   7.54183E-01 
    1.45498E-01   1.00319E-01
   8.83000E+02   3.19445E-05   1.78792E-04   9.62043E-01   7.83584E-03 
    1.91714E-02   1.07389E-02   6.70354E-02   7.33359E-03   8.09597E-01 
    1.10588E-01   5.44679E-03   0.00000E+00   3.30085E-03   2.86040E-04 
    8.26648E-01   6.34433E-02   9.68955E-02   9.42614E-03   7.75337E-01 
    1.47439E-01   7.72238E-02
   8.73000E+02   2.75854E-05   1.69443E-04   9.61474E-01   7.70790E-03 
    1.98961E-02   1.07245E-02   6.70403E-02   7.35532E-03   8.04228E-01 
    1.15686E-01   5.69088E-03   0.00000E+00   3.03479E-03   2.63371E-04 
    8.09073E-01   6.88589E-02   1.09328E-01   9.44170E-03   7.91257E-01 
    1.48823E-01   5.99199E-02
   8.63000E+02   2.37871E-05   1.60456E-04   9.61051E-01   7.53094E-03 
    2.05177E-02   1.07156E-02   6.70450E-02   7.38619E-03   7.99259E-01 
    1.20401E-01   5.90868E-03   0.00000E+00   2.77700E-03   2.41772E-04 
    7.90171E-01   7.45760E-02   1.22809E-01   9.42473E-03   8.03220E-01 
    1.49811E-01   4.69695E-02
   8.53000E+02   2.04817E-05   1.51755E-04   9.60768E-01   7.31249E-03 
    2.10367E-02   1.07103E-02   6.70494E-02   7.42349E-03   7.94681E-01 
    1.24747E-01   6.09958E-03   0.00000E+00   2.52928E-03   2.21219E-04 
    7.69906E-01   8.06224E-02   1.37350E-01   9.37139E-03   8.12174E-01 
    1.50515E-01   3.73115E-02
   8.43000E+02   1.76086E-05   1.43298E-04   9.60617E-01   7.05976E-03 
    2.14548E-02   1.07073E-02   6.70534E-02   7.46524E-03   7.90482E-01 
    1.28736E-01   6.26335E-03   0.00000E+00   2.29379E-03   2.01766E-04 
    7.48328E-01   8.69995E-02   1.52898E-01   9.27976E-03   8.18832E-01 
    1.51016E-01   3.01517E-02
   8.33000E+02   1.51140E-05   1.35059E-04   9.60589E-01   6.77960E-03 
    2.17758E-02   1.07058E-02   6.70573E-02   7.50992E-03   7.86647E-01 
    1.32385E-01   6.40029E-03   0.00000E+00   2.07301E-03   1.83507E-04 
    7.25615E-01   9.36691E-02   1.69308E-01   9.15056E-03   8.23737E-01 
    1.51374E-01   2.48887E-02
   8.23000E+02   1.29501E-05   1.27031E-04   9.60671E-01   6.47848E-03 
    2.20052E-02   1.07054E-02   6.70608E-02   7.55638E-03   7.83159E-01 
    1.35712E-01   6.51122E-03   0.00000E+00   1.86935E-03   1.66552E-04 
    7.02096E-01   1.00545E-01   1.86335E-01   8.98779E-03   8.27308E-01 
    1.51630E-01   2.10623E-02
   8.13000E+02   1.10750E-05   1.19214E-04   9.60851E-01   6.16242E-03 
    2.21500E-02   1.07059E-02   6.70641E-02   7.60373E-03   7.79998E-01 
    1.38737E-01   6.59752E-03   0.00000E+00   1.68467E-03   1.50985E-04 
    6.78218E-01   1.07498E-01   2.03649E-01   8.79869E-03   8.29867E-01 
    1.51814E-01   1.83190E-02
   8.03000E+02   9.45190E-06   1.11615E-04   9.61117E-01   5.83689E-03 
    2.22185E-02   1.07069E-02   6.70672E-02   7.65125E-03   7.77138E-01 
    1.41482E-01   6.66103E-03   0.00000E+00   1.51980E-03   1.36837E-04 
    6.54476E-01   1.14380E-01   2.20895E-01   8.59267E-03   8.31665E-01 
    1.51948E-01   1.63873E-02
   7.93000E+02   8.04845E-06   1.04243E-04   9.61453E-01   5.50669E-03 
    2.22197E-02   1.07084E-02   6.70700E-02   7.69841E-03   7.74558E-01 
    1.43970E-01   6.70379E-03   0.00000E+00   1.37436E-03   1.24069E-04 
    6.31313E-01   1.21051E-01   2.37758E-01   8.37950E-03   8.32894E-01 
    1.52046E-01   1.50601E-02
   7.83000E+02   6.83654E-06   9.71108E-05   9.61848E-01   5.17591E-03 
    2.21621E-02   1.07103E-02   6.70727E-02   7.74479E-03   7.72233E-01 
    1.46222E-01   6.72791E-03   0.00000E+00   1.24695E-03   1.12590E-04 
    6.09054E-01   1.27407E-01   2.54012E-01   8.16768E-03   8.33698E-01 
    1.52120E-01   1.41818E-02
   7.73000E+02   5.79164E-06   9.02296E-05   9.62290E-01   4.84797E-03 
    2.20537E-02   1.07126E-02   6.70751E-02   7.79006E-03   7.70143E-01 
    1.48256E-01   6.73538E-03   0.00000E+00   1.13561E-03   1.02274E-04 
    5.87888E-01   1.33383E-01   2.69527E-01   7.96358E-03   8.34187E-01 
    1.52177E-01   1.36368E-02
   7.63000E+02   4.89233E-06   8.36102E-05   9.62769E-01   4.52559E-03 
    2.19015E-02   1.07151E-02   6.70774E-02   7.83398E-03   7.68271E-01 
    1.50090E-01   6.72795E-03   0.00000E+00   1.03814E-03   9.29862E-05 
    5.67888E-01   1.38952E-01   2.84258E-01   7.77134E-03   8.34439E-01 
    1.52221E-01   1.33407E-02
   7.53000E+02   4.11990E-06   7.72619E-05   9.63278E-01   4.21097E-03 
    2.17115E-02   1.07180E-02   6.70795E-02   7.87636E-03   7.66601E-01 
    1.51736E-01   6.70713E-03   0.00000E+00   9.52482E-04   8.46000E-05 
    5.49046E-01   1.44112E-01   2.98212E-01   7.59335E-03   8.34513E-01 
    1.52255E-01   1.32317E-02
   7.43000E+02   3.45796E-06   7.11928E-05   9.63810E-01   3.90583E-03 
    2.14884E-02   1.07210E-02   6.70814E-02   7.91707E-03   7.65121E-01 
    1.53207E-01   6.67415E-03   0.00000E+00   8.76777E-04   7.70010E-05 
    5.31307E-01   1.48877E-01   3.11431E-01   7.43072E-03   8.34451E-01 
    1.52283E-01   1.32652E-02
   7.33000E+02   2.89214E-06   6.54088E-05   9.64360E-01   3.61148E-03 
    2.12364E-02   1.07242E-02   6.70832E-02   7.95600E-03   7.63819E-01 
    1.54511E-01   6.63004E-03   0.00000E+00   8.09458E-04   7.00922E-05 
    5.14594E-01   1.53270E-01   3.23972E-01   7.28373E-03   8.34285E-01 
    1.52306E-01   1.34083E-02
   7.23000E+02   2.40983E-06   5.99142E-05   9.64922E-01   3.32895E-03 
    2.09587E-02   1.07276E-02   6.70849E-02   7.99308E-03   7.62688E-01 
    1.55658E-01   6.57560E-03   0.00000E+00   7.49222E-04   6.37917E-05 
    4.98820E-01   1.57319E-01   3.35896E-01   7.15221E-03   8.34038E-01 
    1.52326E-01   1.36369E-02
   7.13000E+02   1.99994E-06   5.47116E-05   9.65495E-01   3.05898E-03 
    2.06579E-02   1.07310E-02   6.70863E-02   8.02825E-03   7.61720E-01 
    1.56654E-01   6.51148E-03   0.00000E+00   6.94993E-04   5.80315E-05 
    4.83900E-01   1.61049E-01   3.47262E-01   7.03568E-03   8.33725E-01 
    1.52342E-01   1.39333E-02
   7.03000E+02   1.65274E-06   4.98020E-05   9.66076E-01   2.80209E-03 
    2.03362E-02   1.07345E-02   6.70877E-02   8.06148E-03   7.60907E-01 
    1.57505E-01   6.43819E-03   0.00000E+00   6.45893E-04   5.27545E-05 
    4.69754E-01   1.64489E-01   3.58126E-01   6.93358E-03   8.33361E-01 
    1.52355E-01   1.42839E-02
   6.93000E+02   1.35968E-06   4.51844E-05   9.66661E-01   2.55865E-03 
    1.99953E-02   1.07381E-02   6.70889E-02   8.09277E-03   7.60245E-01 
    1.58218E-01   6.35614E-03   0.00000E+00   6.01201E-04   4.79130E-05 
    4.56306E-01   1.67661E-01   3.68538E-01   6.84527E-03   8.32954E-01 
    1.52367E-01   1.46786E-02
   6.83000E+02   1.11325E-06   4.08565E-05   9.67251E-01   2.32884E-03 
    1.96365E-02   1.07416E-02   6.70900E-02   8.12212E-03   7.59726E-01 
    1.58796E-01   6.26566E-03   0.00000E+00   5.60324E-04   4.34666E-05 
    4.43492E-01   1.70591E-01   3.78543E-01   6.77012E-03   8.32513E-01 
    1.52378E-01   1.51098E-02
   6.73000E+02   9.06877E-07   3.68145E-05   9.67843E-01   2.11273E-03 
    1.92610E-02   1.07452E-02   6.70909E-02   8.14953E-03   7.59347E-01 
    1.59245E-01   6.16702E-03   0.00000E+00   5.22773E-04   3.93807E-05 
    4.31252E-01   1.73298E-01   3.88181E-01   6.70752E-03   8.32042E-01 
    1.52387E-01   1.55714E-02
