
 Phase Region for:
     CEMENTITE                     
     FCC_A1#2                      
 col-1=T, col-2=W(CEMENTITE,C), col-3=W(CEMENTITE,CR), col-4=W(CEMENTITE,FE),
   col-5=W(CEMENTITE,MN), col-6=W(CEMENTITE,NI), col-7=W(CEMENTITE,SI),
   col-8=W(FCC_A1#2,C), col-9=W(FCC_A1#2,CR), col-10=W(FCC_A1#2,FE),
   col-11=W(FCC_A1#2,MN), col-12=W(FCC_A1#2,NI), col-13=W(FCC_A1#2,SI),
   col-14=NP(CEMENTITE), col-15=NP(FCC_A1#2),
   1.17300E+03   6.75480E-02   1.27083E-01   7.80931E-01   2.37624E-02 
    6.75371E-04   0.00000E+00   8.94475E-03   1.96528E-02   9.32011E-01 
    1.63123E-02   5.15120E-03   1.79277E-02   6.97234E-03   9.93028E-01
   1.18300E+03   6.75457E-02   1.26655E-01   7.81506E-01   2.36032E-02 
    6.90179E-04   0.00000E+00   9.24160E-03   2.01973E-02   9.31246E-01 
    1.63501E-02   5.12851E-03   1.78369E-02   9.33778E-04   9.99066E-01
   1.18452E+03   6.75453E-02   1.26590E-01   7.81592E-01   2.35794E-02 
    6.92440E-04   0.00000E+00   9.28724E-03   2.02806E-02   9.31128E-01 
    1.63558E-02   5.12504E-03   1.78229E-02   0.00000E+00   1.00000E+00

 Phase Region for:
     FCC_A1#2                      
 col-1=T, col-2=W(FCC_A1#2,C), col-3=W(FCC_A1#2,CR), col-4=W(FCC_A1#2,FE),
   col-5=W(FCC_A1#2,MN), col-6=W(FCC_A1#2,NI), col-7=W(FCC_A1#2,SI),
   col-8=NP(FCC_A1#2),
   1.18452E+03   9.28724E-03   2.02806E-02   9.31128E-01   1.63558E-02 
    5.12504E-03   1.78229E-02   1.00000E+00
   1.19300E+03   9.28724E-03   2.02806E-02   9.31128E-01   1.63558E-02 
    5.12504E-03   1.78229E-02   1.00000E+00
   1.20300E+03   9.28724E-03   2.02806E-02   9.31128E-01   1.63558E-02 
    5.12504E-03   1.78229E-02   1.00000E+00
   1.21300E+03   9.28724E-03   2.02806E-02   9.31128E-01   1.63558E-02 
    5.12504E-03   1.78229E-02   1.00000E+00
   1.22300E+03   9.28724E-03   2.02806E-02   9.31128E-01   1.63558E-02 
    5.12504E-03   1.78229E-02   1.00000E+00
   1.23300E+03   9.28724E-03   2.02806E-02   9.31128E-01   1.63558E-02 
    5.12504E-03   1.78229E-02   1.00000E+00
   1.24300E+03   9.28724E-03   2.02806E-02   9.31128E-01   1.63558E-02 
    5.12504E-03   1.78229E-02   1.00000E+00
   1.25300E+03   9.28724E-03   2.02806E-02   9.31128E-01   1.63558E-02 
    5.12504E-03   1.78229E-02   1.00000E+00
   1.26300E+03   9.28724E-03   2.02806E-02   9.31128E-01   1.63558E-02 
    5.12504E-03   1.78229E-02   1.00000E+00
   1.27300E+03   9.28724E-03   2.02806E-02   9.31128E-01   1.63558E-02 
    5.12504E-03   1.78229E-02   1.00000E+00
   1.28300E+03   9.28724E-03   2.02806E-02   9.31128E-01   1.63558E-02 
    5.12504E-03   1.78229E-02   1.00000E+00
   1.29300E+03   9.28724E-03   2.02806E-02   9.31128E-01   1.63558E-02 
    5.12504E-03   1.78229E-02   1.00000E+00
   1.30300E+03   9.28724E-03   2.02806E-02   9.31128E-01   1.63558E-02 
    5.12504E-03   1.78229E-02   1.00000E+00
   1.31300E+03   9.28724E-03   2.02806E-02   9.31128E-01   1.63558E-02 
    5.12504E-03   1.78229E-02   1.00000E+00
   1.32300E+03   9.28724E-03   2.02806E-02   9.31128E-01   1.63558E-02 
    5.12504E-03   1.78229E-02   1.00000E+00
   1.33300E+03   9.28724E-03   2.02806E-02   9.31128E-01   1.63558E-02 
    5.12504E-03   1.78229E-02   1.00000E+00
   1.34300E+03   9.28724E-03   2.02806E-02   9.31128E-01   1.63558E-02 
    5.12504E-03   1.78229E-02   1.00000E+00
   1.35300E+03   9.28724E-03   2.02806E-02   9.31128E-01   1.63558E-02 
    5.12504E-03   1.78229E-02   1.00000E+00
   1.36300E+03   9.28724E-03   2.02806E-02   9.31128E-01   1.63558E-02 
    5.12504E-03   1.78229E-02   1.00000E+00
   1.37300E+03   9.28724E-03   2.02806E-02   9.31128E-01   1.63558E-02 
    5.12504E-03   1.78229E-02   1.00000E+00
   1.38300E+03   9.28724E-03   2.02806E-02   9.31128E-01   1.63558E-02 
    5.12504E-03   1.78229E-02   1.00000E+00
   1.39300E+03   9.28724E-03   2.02806E-02   9.31128E-01   1.63558E-02 
    5.12504E-03   1.78229E-02   1.00000E+00
   1.40300E+03   9.28724E-03   2.02806E-02   9.31128E-01   1.63558E-02 
    5.12504E-03   1.78229E-02   1.00000E+00
   1.41300E+03   9.28724E-03   2.02806E-02   9.31128E-01   1.63558E-02 
    5.12504E-03   1.78229E-02   1.00000E+00
   1.42300E+03   9.28724E-03   2.02806E-02   9.31128E-01   1.63558E-02 
    5.12504E-03   1.78229E-02   1.00000E+00
   1.43300E+03   9.28724E-03   2.02806E-02   9.31128E-01   1.63558E-02 
    5.12504E-03   1.78229E-02   1.00000E+00
   1.44300E+03   9.28724E-03   2.02806E-02   9.31128E-01   1.63558E-02 
    5.12504E-03   1.78229E-02   1.00000E+00
   1.45300E+03   9.28724E-03   2.02806E-02   9.31128E-01   1.63558E-02 
    5.12504E-03   1.78229E-02   1.00000E+00
   1.46300E+03   9.28724E-03   2.02806E-02   9.31128E-01   1.63558E-02 
    5.12504E-03   1.78229E-02   1.00000E+00
   1.47300E+03   9.28724E-03   2.02806E-02   9.31128E-01   1.63558E-02 
    5.12504E-03   1.78229E-02   1.00000E+00

 Phase Region for:
     CEMENTITE                     
     FCC_A1#2                      
 col-1=T, col-2=W(CEMENTITE,C), col-3=W(CEMENTITE,CR), col-4=W(CEMENTITE,FE),
   col-5=W(CEMENTITE,MN), col-6=W(CEMENTITE,NI), col-7=W(CEMENTITE,SI),
   col-8=W(FCC_A1#2,C), col-9=W(FCC_A1#2,CR), col-10=W(FCC_A1#2,FE),
   col-11=W(FCC_A1#2,MN), col-12=W(FCC_A1#2,NI), col-13=W(FCC_A1#2,SI),
   col-14=NP(CEMENTITE), col-15=NP(FCC_A1#2),
   1.17300E+03   6.75480E-02   1.27083E-01   7.80931E-01   2.37624E-02 
    6.75371E-04   0.00000E+00   8.94475E-03   1.96528E-02   9.32011E-01 
    1.63123E-02   5.15120E-03   1.79277E-02   6.97234E-03   9.93028E-01
   1.16300E+03   6.75504E-02   1.27511E-01   7.80351E-01   2.39273E-02 
    6.60670E-04   0.00000E+00   8.65336E-03   1.91140E-02   9.32769E-01 
    1.62734E-02   5.17361E-03   1.80168E-02   1.28405E-02   9.87160E-01
   1.15300E+03   6.75527E-02   1.27938E-01   7.79765E-01   2.40979E-02 
    6.46076E-04   0.00000E+00   8.36741E-03   1.85810E-02   9.33518E-01 
    1.62336E-02   5.19575E-03   1.81043E-02   1.85428E-02   9.81457E-01
   1.14300E+03   6.75551E-02   1.28366E-01   7.79173E-01   2.42744E-02 
    6.31593E-04   0.00000E+00   8.08687E-03   1.80540E-02   9.34259E-01 
    1.61927E-02   5.21761E-03   1.81901E-02   2.40838E-02   9.75916E-01
   1.13300E+03   6.75574E-02   1.28792E-01   7.78577E-01   2.44570E-02 
    6.17223E-04   0.00000E+00   7.81173E-03   1.75329E-02   9.34991E-01 
    1.61507E-02   5.23919E-03   1.82742E-02   2.94676E-02   9.70532E-01
   1.12300E+03   6.75598E-02   1.29217E-01   7.77975E-01   2.46457E-02 
    6.02970E-04   0.00000E+00   7.54197E-03   1.70179E-02   9.35715E-01 
    1.61075E-02   5.26048E-03   1.83567E-02   3.46983E-02   9.65302E-01
   1.11300E+03   6.75621E-02   1.29640E-01   7.77368E-01   2.48409E-02 
    5.88834E-04   0.00000E+00   7.27756E-03   1.65092E-02   9.36431E-01 
    1.60632E-02   5.28148E-03   1.84375E-02   3.97797E-02   9.60220E-01
   1.10300E+03   6.75645E-02   1.30061E-01   7.76757E-01   2.50426E-02 
    5.74820E-04   0.00000E+00   7.01848E-03   1.60068E-02   9.37138E-01 
    1.60176E-02   5.30218E-03   1.85168E-02   4.47156E-02   9.55284E-01
   1.09300E+03   6.75668E-02   1.30479E-01   7.76142E-01   2.52512E-02 
    5.60928E-04   0.00000E+00   6.76471E-03   1.55109E-02   9.37837E-01 
    1.59708E-02   5.32259E-03   1.85943E-02   4.95094E-02   9.50491E-01
   1.08300E+03   6.75692E-02   1.30894E-01   7.75523E-01   2.54666E-02 
    5.47163E-04   0.00000E+00   6.51624E-03   1.50215E-02   9.38527E-01 
    1.59226E-02   5.34269E-03   1.86703E-02   5.41647E-02   9.45835E-01
   1.07300E+03   6.75715E-02   1.31307E-01   7.74899E-01   2.56892E-02 
    5.33525E-04   0.00000E+00   6.27303E-03   1.45388E-02   9.39208E-01 
    1.58731E-02   5.36249E-03   1.87446E-02   5.86847E-02   9.41315E-01
   1.06300E+03   6.75738E-02   1.31715E-01   7.74272E-01   2.59192E-02 
    5.20017E-04   0.00000E+00   6.03507E-03   1.40630E-02   9.39880E-01 
    1.58222E-02   5.38198E-03   1.88173E-02   6.30725E-02   9.36928E-01
   1.05300E+03   6.75762E-02   1.32120E-01   7.73640E-01   2.61568E-02 
    5.06642E-04   0.00000E+00   5.80235E-03   1.35941E-02   9.40544E-01 
    1.57698E-02   5.40116E-03   1.88885E-02   6.73311E-02   9.32669E-01
   1.04300E+03   6.75785E-02   1.32520E-01   7.73006E-01   2.64023E-02 
    4.93402E-04   0.00000E+00   5.57483E-03   1.31323E-02   9.41199E-01 
    1.57160E-02   5.42002E-03   1.89580E-02   7.14636E-02   9.28536E-01
   1.03300E+03   6.75807E-02   1.32916E-01   7.72367E-01   2.66558E-02 
    4.80299E-04   0.00000E+00   5.35250E-03   1.26778E-02   9.41845E-01 
    1.56606E-02   5.43855E-03   1.90259E-02   7.54726E-02   9.24527E-01
   1.02909E+03   6.75816E-02   1.33070E-01   7.72116E-01   2.67572E-02 
    4.75207E-04   0.00000E+00   5.26687E-03   1.25019E-02   9.42095E-01 
    1.56384E-02   5.44572E-03   1.90521E-02   7.70089E-02   9.22991E-01

 Phase Region for:
     BCC_A2                        
     CEMENTITE                     
     FCC_A1#2                      
 col-1=T, col-2=W(BCC_A2,C), col-3=W(BCC_A2,CR), col-4=W(BCC_A2,FE),
   col-5=W(BCC_A2,MN), col-6=W(BCC_A2,NI), col-7=W(BCC_A2,SI),
   col-8=W(CEMENTITE,C), col-9=W(CEMENTITE,CR), col-10=W(CEMENTITE,FE),
   col-11=W(CEMENTITE,MN), col-12=W(CEMENTITE,NI), col-13=W(CEMENTITE,SI),
   col-14=W(FCC_A1#2,C), col-15=W(FCC_A1#2,CR), col-16=W(FCC_A1#2,FE),
   col-17=W(FCC_A1#2,MN), col-18=W(FCC_A1#2,NI), col-19=W(FCC_A1#2,SI),
   col-20=NP(BCC_A2), col-21=NP(CEMENTITE), col-22=NP(FCC_A1#2),
   1.02909E+03   1.41907E-04   7.81136E-03   9.59004E-01   6.15509E-03 
    2.60513E-03   2.42829E-02   6.75816E-02   1.33070E-01   7.72116E-01 
    2.67573E-02   4.75208E-04   0.00000E+00   5.26687E-03   1.25019E-02 
    9.42095E-01   1.56385E-02   5.44574E-03   1.90521E-02   3.44730E-06 
    7.70092E-02   9.22987E-01
   1.02300E+03   1.34488E-04   7.25223E-03   9.59653E-01   6.71758E-03 
    2.93106E-03   2.33113E-02   6.75596E-02   1.27827E-01   7.73600E-01 
    3.04740E-02   5.38976E-04   0.00000E+00   5.21763E-03   1.16695E-02 
    9.41053E-01   1.74829E-02   6.27520E-03   1.83019E-02   1.97896E-01 
    9.76915E-02   7.04413E-01
   1.01300E+03   1.21732E-04   6.52518E-03   9.59933E-01   7.74459E-03 
    3.59416E-03   2.20816E-02   6.75340E-02   1.21186E-01   7.73152E-01 
    3.74600E-02   6.67970E-04   0.00000E+00   5.09217E-03   1.05494E-02 
    9.37927E-01   2.09761E-02   8.03691E-03   1.74187E-02   4.66701E-01 
    1.25761E-01   4.07538E-01
   1.00300E+03   1.08743E-04   5.99586E-03   9.59401E-01   8.81273E-03 
    4.41867E-03   2.12629E-02   6.75206E-02   1.16867E-01   7.69625E-01 
    4.51610E-02   8.27196E-04   0.00000E+00   4.91682E-03   9.69288E-03 
    9.33230E-01   2.48746E-02   1.03693E-02   1.69168E-02   6.64665E-01 
    1.45990E-01   1.89345E-01
   9.93000E+02   9.60682E-05   5.60207E-03   9.58408E-01   9.75530E-03 
    5.37649E-03   2.07616E-02   6.75171E-02   1.14496E-01   7.63771E-01 
    5.32017E-02   1.01415E-03   0.00000E+00   4.70141E-03   9.03537E-03 
    9.27164E-01   2.90273E-02   1.33367E-02   1.67353E-02   8.00000E-01 
    1.59179E-01   4.08209E-02
   9.89310E+02   9.15742E-05   5.48193E-03   9.57959E-01   1.00677E-02 
    5.76230E-03   2.06375E-02   6.75177E-02   1.13991E-01   7.61227E-01 
    5.61744E-02   1.08970E-03   0.00000E+00   4.61513E-03   8.82725E-03 
    9.24644E-01   3.05866E-02   1.46051E-02   1.67221E-02   8.37367E-01 
    1.62633E-01   0.00000E+00

 Phase Region for:
     BCC_A2                        
     CEMENTITE                     
 col-1=T, col-2=W(BCC_A2,C), col-3=W(BCC_A2,CR), col-4=W(BCC_A2,FE),
   col-5=W(BCC_A2,MN), col-6=W(BCC_A2,NI), col-7=W(BCC_A2,SI),
   col-8=W(CEMENTITE,C), col-9=W(CEMENTITE,CR), col-10=W(CEMENTITE,FE),
   col-11=W(CEMENTITE,MN), col-12=W(CEMENTITE,NI), col-13=W(CEMENTITE,SI),
   col-14=NP(BCC_A2), col-15=NP(CEMENTITE),
   9.89310E+02   9.15742E-05   5.48193E-03   9.57959E-01   1.00677E-02 
    5.76230E-03   2.06375E-02   6.75177E-02   1.13991E-01   7.61227E-01 
    5.61744E-02   1.08970E-03   0.00000E+00   8.37367E-01   1.62633E-01  NONE
   9.83000E+02   8.46659E-05   5.34180E-03   9.58326E-01   9.84587E-03 
    5.76213E-03   2.06393E-02   6.75233E-02   1.14817E-01   7.59014E-01 
    5.75522E-02   1.09339E-03   0.00000E+00   8.37261E-01   1.62739E-01  NONE
   9.73000E+02   7.46784E-05   5.12239E-03   9.58901E-01   9.49776E-03 
    5.76186E-03   2.06419E-02   6.75321E-02   1.16116E-01   7.55539E-01 
    5.97146E-02   1.09885E-03   0.00000E+00   8.37109E-01   1.62891E-01  NONE
   9.63000E+02   6.57673E-05   4.90628E-03   9.59468E-01   9.15388E-03 
    5.76159E-03   2.06442E-02   6.75408E-02   1.17403E-01   7.52101E-01 
    6.18515E-02   1.10385E-03   0.00000E+00   8.36973E-01   1.63027E-01  NONE
   9.53000E+02   5.78263E-05   4.69348E-03   9.60027E-01   8.81424E-03 
    5.76132E-03   2.06463E-02   6.75494E-02   1.18677E-01   7.48702E-01 
    6.39631E-02   1.10843E-03   0.00000E+00   8.36851E-01   1.63149E-01  NONE
   9.43000E+02   5.07587E-05   4.48405E-03   9.60577E-01   8.47886E-03 
    5.76104E-03   2.06480E-02   6.75580E-02   1.19937E-01   7.45343E-01 
    6.60495E-02   1.11265E-03   0.00000E+00   8.36744E-01   1.63256E-01  NONE
   9.33000E+02   4.44770E-05   4.27810E-03   9.61119E-01   8.14777E-03 
    5.76077E-03   2.06495E-02   6.75664E-02   1.21183E-01   7.42024E-01 
    6.81106E-02   1.11652E-03   0.00000E+00   8.36648E-01   1.63352E-01  NONE
   9.23000E+02   3.89019E-05   4.07572E-03   9.61653E-01   7.82103E-03 
    5.76049E-03   2.06508E-02   6.75748E-02   1.22412E-01   7.38747E-01 
    7.01461E-02   1.12010E-03   0.00000E+00   8.36563E-01   1.63437E-01  NONE
   9.13000E+02   3.39613E-05   3.87706E-03   9.62178E-01   7.49871E-03 
    5.76022E-03   2.06519E-02   6.75830E-02   1.23623E-01   7.35515E-01 
    7.21556E-02   1.12339E-03   0.00000E+00   8.36487E-01   1.63513E-01  NONE
   9.03000E+02   2.95901E-05   3.68226E-03   9.62694E-01   7.18091E-03 
    5.75995E-03   2.06529E-02   6.75911E-02   1.24815E-01   7.32329E-01 
    7.41384E-02   1.12644E-03   0.00000E+00   8.36421E-01   1.63579E-01  NONE
   8.93000E+02   2.57290E-05   3.49149E-03   9.63202E-01   6.86778E-03 
    5.75968E-03   2.06537E-02   6.75990E-02   1.25987E-01   7.29191E-01 
    7.60937E-02   1.12927E-03   0.00000E+00   8.36362E-01   1.63638E-01  NONE
   8.83000E+02   2.23246E-05   3.30491E-03   9.63700E-01   6.55946E-03 
    5.75941E-03   2.06543E-02   6.76068E-02   1.27137E-01   7.26104E-01 
    7.80206E-02   1.13189E-03   0.00000E+00   8.36310E-01   1.63690E-01  NONE
   8.73000E+02   1.93283E-05   3.12272E-03   9.64188E-01   6.25613E-03 
    5.75914E-03   2.06549E-02   6.76145E-02   1.28263E-01   7.23070E-01 
    7.99177E-02   1.13433E-03   0.00000E+00   8.36264E-01   1.63736E-01  NONE
   8.63000E+02   1.66962E-05   2.94508E-03   9.64666E-01   5.95799E-03 
    5.75888E-03   2.06553E-02   6.76220E-02   1.29364E-01   7.20093E-01 
    8.17839E-02   1.13659E-03   0.00000E+00   8.36224E-01   1.63776E-01  NONE
   8.53000E+02   1.43887E-05   2.77219E-03   9.65134E-01   5.66528E-03 
    5.75862E-03   2.06557E-02   6.76294E-02   1.30439E-01   7.17176E-01 
    8.36175E-02   1.13871E-03   0.00000E+00   8.36189E-01   1.63811E-01  NONE
   8.43000E+02   1.23698E-05   2.60422E-03   9.65591E-01   5.37823E-03 
    5.75837E-03   2.06559E-02   6.76365E-02   1.31485E-01   7.14321E-01 
    8.54170E-02   1.14068E-03   0.00000E+00   8.36158E-01   1.63842E-01  NONE
   8.33000E+02   1.06073E-05   2.44136E-03   9.66037E-01   5.09709E-03 
    5.75812E-03   2.06561E-02   6.76435E-02   1.32502E-01   7.11532E-01 
    8.71807E-02   1.14251E-03   0.00000E+00   8.36131E-01   1.63869E-01  NONE
   8.23000E+02   9.07205E-06   2.28375E-03   9.66471E-01   4.82214E-03 
    5.75788E-03   2.06563E-02   6.76503E-02   1.33487E-01   7.08811E-01 
    8.89068E-02   1.14421E-03   0.00000E+00   8.36108E-01   1.63892E-01  NONE
   8.13000E+02   7.73781E-06   2.13157E-03   9.66893E-01   4.55364E-03 
    5.75765E-03   2.06564E-02   6.76569E-02   1.34441E-01   7.06163E-01 
    9.05934E-02   1.14580E-03   0.00000E+00   8.36088E-01   1.63912E-01  NONE
   8.03000E+02   6.58106E-06   1.98494E-03   9.67303E-01   4.29188E-03 
    5.75743E-03   2.06564E-02   6.76633E-02   1.35362E-01   7.03589E-01 
    9.22387E-02   1.14726E-03   0.00000E+00   8.36070E-01   1.63930E-01  NONE
   7.93000E+02   5.58070E-06   1.84401E-03   9.67700E-01   4.03714E-03 
    5.75722E-03   2.06564E-02   6.76694E-02   1.36248E-01   7.01093E-01 
    9.38409E-02   1.14859E-03   0.00000E+00   8.36055E-01   1.63945E-01  NONE
   7.83000E+02   4.71783E-06   1.70886E-03   9.68083E-01   3.78970E-03 
    5.75702E-03   2.06564E-02   6.76754E-02   1.37099E-01   6.98678E-01 
    9.53980E-02   1.14980E-03   0.00000E+00   8.36042E-01   1.63958E-01  NONE
   7.73000E+02   3.97556E-06   1.57959E-03   9.68453E-01   3.54982E-03 
    5.75684E-03   2.06563E-02   6.76811E-02   1.37914E-01   6.96345E-01 
    9.69084E-02   1.15089E-03   0.00000E+00   8.36030E-01   1.63970E-01  NONE
   7.63000E+02   3.33884E-06   1.45627E-03   9.68810E-01   3.31775E-03 
    5.75667E-03   2.06563E-02   6.76866E-02   1.38693E-01   6.94099E-01 
    9.83702E-02   1.15184E-03   0.00000E+00   8.36021E-01   1.63979E-01  NONE
   7.53000E+02   2.79426E-06   1.33894E-03   9.69152E-01   3.09373E-03 
    5.75652E-03   2.06562E-02   6.76918E-02   1.39435E-01   6.91939E-01 
    9.97819E-02   1.15264E-03   0.00000E+00   8.36012E-01   1.63988E-01  NONE
   7.43000E+02   2.32991E-06   1.22762E-03   9.69480E-01   2.87799E-03 
    5.75640E-03   2.06561E-02   6.76968E-02   1.40139E-01   6.89869E-01 
    1.01142E-01   1.15329E-03   0.00000E+00   8.36005E-01   1.63995E-01  NONE
   7.33000E+02   1.93525E-06   1.12230E-03   9.69793E-01   2.67071E-03 
    5.75630E-03   2.06560E-02   6.77015E-02   1.40806E-01   6.87889E-01 
    1.02449E-01   1.15378E-03   0.00000E+00   8.35999E-01   1.64001E-01  NONE
   7.23000E+02   1.60094E-06   1.02295E-03   9.70091E-01   2.47206E-03 
    5.75622E-03   2.06558E-02   6.77060E-02   1.41436E-01   6.86001E-01 
    1.03703E-01   1.15408E-03   0.00000E+00   8.35994E-01   1.64006E-01  NONE
   7.13000E+02   1.31877E-06   9.29528E-04   9.70375E-01   2.28218E-03 
    5.75618E-03   2.06557E-02   6.77103E-02   1.42029E-01   6.84205E-01 
    1.04901E-01   1.15419E-03   0.00000E+00   8.35990E-01   1.64010E-01  NONE
   7.03000E+02   1.08148E-06   8.41947E-04   9.70644E-01   2.10117E-03 
    5.75617E-03   2.06556E-02   6.77143E-02   1.42586E-01   6.82502E-01 
    1.06044E-01   1.15409E-03   0.00000E+00   8.35986E-01   1.64014E-01  NONE
   6.93000E+02   8.82715E-07   7.60111E-04   9.70898E-01   1.92909E-03 
    5.75619E-03   2.06555E-02   6.77181E-02   1.43106E-01   6.80892E-01 
    1.07130E-01   1.15375E-03   0.00000E+00   8.35983E-01   1.64017E-01  NONE
   6.83000E+02   7.16912E-07   6.83896E-04   9.71138E-01   1.76598E-03 
    5.75626E-03   2.06554E-02   6.77217E-02   1.43591E-01   6.79374E-01 
    1.08161E-01   1.15316E-03   0.00000E+00   8.35981E-01   1.64019E-01  NONE
   6.73000E+02   5.79210E-07   6.13160E-04   9.71363E-01   1.61182E-03 
    5.75637E-03   2.06552E-02   6.77250E-02   1.44041E-01   6.77947E-01 
    1.09135E-01   1.15229E-03   0.00000E+00   8.35979E-01   1.64021E-01  NONE
