
 Phase Region for:
     FCC_A1#2                      
 col-1=T, col-2=W(FCC_A1#2,C), col-3=W(FCC_A1#2,CR), col-4=W(FCC_A1#2,FE),
   col-5=W(FCC_A1#2,MN), col-6=W(FCC_A1#2,NI), col-7=W(FCC_A1#2,SI),
   col-8=NP(FCC_A1#2),
   1.17300E+03   4.40712E-03   2.06196E-02   9.39596E-01   8.05139E-03 
    2.40420E-02   3.28368E-03   1.00000E+00
   1.18300E+03   4.40712E-03   2.06196E-02   9.39596E-01   8.05139E-03 
    2.40420E-02   3.28368E-03   1.00000E+00
   1.19300E+03   4.40712E-03   2.06196E-02   9.39596E-01   8.05139E-03 
    2.40420E-02   3.28368E-03   1.00000E+00
   1.20300E+03   4.40712E-03   2.06196E-02   9.39596E-01   8.05139E-03 
    2.40420E-02   3.28368E-03   1.00000E+00
   1.21300E+03   4.40712E-03   2.06196E-02   9.39596E-01   8.05139E-03 
    2.40420E-02   3.28368E-03   1.00000E+00
   1.22300E+03   4.40712E-03   2.06196E-02   9.39596E-01   8.05139E-03 
    2.40420E-02   3.28368E-03   1.00000E+00
   1.23300E+03   4.40712E-03   2.06196E-02   9.39596E-01   8.05139E-03 
    2.40420E-02   3.28368E-03   1.00000E+00
   1.24300E+03   4.40712E-03   2.06196E-02   9.39596E-01   8.05139E-03 
    2.40420E-02   3.28368E-03   1.00000E+00
   1.25300E+03   4.40712E-03   2.06196E-02   9.39596E-01   8.05139E-03 
    2.40420E-02   3.28368E-03   1.00000E+00
   1.26300E+03   4.40712E-03   2.06196E-02   9.39596E-01   8.05139E-03 
    2.40420E-02   3.28368E-03   1.00000E+00
   1.27300E+03   4.40712E-03   2.06196E-02   9.39596E-01   8.05139E-03 
    2.40420E-02   3.28368E-03   1.00000E+00
   1.28300E+03   4.40712E-03   2.06196E-02   9.39596E-01   8.05139E-03 
    2.40420E-02   3.28368E-03   1.00000E+00
   1.29300E+03   4.40712E-03   2.06196E-02   9.39596E-01   8.05139E-03 
    2.40420E-02   3.28368E-03   1.00000E+00
   1.30300E+03   4.40712E-03   2.06196E-02   9.39596E-01   8.05139E-03 
    2.40420E-02   3.28368E-03   1.00000E+00
   1.31300E+03   4.40712E-03   2.06196E-02   9.39596E-01   8.05139E-03 
    2.40420E-02   3.28368E-03   1.00000E+00
   1.32300E+03   4.40712E-03   2.06196E-02   9.39596E-01   8.05139E-03 
    2.40420E-02   3.28368E-03   1.00000E+00
   1.33300E+03   4.40712E-03   2.06196E-02   9.39596E-01   8.05139E-03 
    2.40420E-02   3.28368E-03   1.00000E+00
   1.34300E+03   4.40712E-03   2.06196E-02   9.39596E-01   8.05139E-03 
    2.40420E-02   3.28368E-03   1.00000E+00
   1.35300E+03   4.40712E-03   2.06196E-02   9.39596E-01   8.05139E-03 
    2.40420E-02   3.28368E-03   1.00000E+00
   1.36300E+03   4.40712E-03   2.06196E-02   9.39596E-01   8.05139E-03 
    2.40420E-02   3.28368E-03   1.00000E+00
   1.37300E+03   4.40712E-03   2.06196E-02   9.39596E-01   8.05139E-03 
    2.40420E-02   3.28368E-03   1.00000E+00
   1.38300E+03   4.40712E-03   2.06196E-02   9.39596E-01   8.05139E-03 
    2.40420E-02   3.28368E-03   1.00000E+00
   1.39300E+03   4.40712E-03   2.06196E-02   9.39596E-01   8.05139E-03 
    2.40420E-02   3.28368E-03   1.00000E+00
   1.40300E+03   4.40712E-03   2.06196E-02   9.39596E-01   8.05139E-03 
    2.40420E-02   3.28368E-03   1.00000E+00
   1.41300E+03   4.40712E-03   2.06196E-02   9.39596E-01   8.05139E-03 
    2.40420E-02   3.28368E-03   1.00000E+00
   1.42300E+03   4.40712E-03   2.06196E-02   9.39596E-01   8.05139E-03 
    2.40420E-02   3.28368E-03   1.00000E+00
   1.43300E+03   4.40712E-03   2.06196E-02   9.39596E-01   8.05139E-03 
    2.40420E-02   3.28368E-03   1.00000E+00
   1.44300E+03   4.40712E-03   2.06196E-02   9.39596E-01   8.05139E-03 
    2.40420E-02   3.28368E-03   1.00000E+00
   1.45300E+03   4.40712E-03   2.06196E-02   9.39596E-01   8.05139E-03 
    2.40420E-02   3.28368E-03   1.00000E+00
   1.46300E+03   4.40712E-03   2.06196E-02   9.39596E-01   8.05139E-03 
    2.40420E-02   3.28368E-03   1.00000E+00
   1.47300E+03   4.40712E-03   2.06196E-02   9.39596E-01   8.05139E-03 
    2.40420E-02   3.28368E-03   1.00000E+00

 Phase Region for:
     FCC_A1#2                      
 col-1=T, col-2=W(FCC_A1#2,C), col-3=W(FCC_A1#2,CR), col-4=W(FCC_A1#2,FE),
   col-5=W(FCC_A1#2,MN), col-6=W(FCC_A1#2,NI), col-7=W(FCC_A1#2,SI),
   col-8=NP(FCC_A1#2),
   1.17300E+03   4.40712E-03   2.06196E-02   9.39596E-01   8.05139E-03 
    2.40420E-02   3.28368E-03   1.00000E+00
   1.16300E+03   4.40712E-03   2.06196E-02   9.39596E-01   8.05139E-03 
    2.40420E-02   3.28368E-03   1.00000E+00
   1.15300E+03   4.40712E-03   2.06196E-02   9.39596E-01   8.05139E-03 
    2.40420E-02   3.28368E-03   1.00000E+00
   1.14300E+03   4.40712E-03   2.06196E-02   9.39596E-01   8.05139E-03 
    2.40420E-02   3.28368E-03   1.00000E+00
   1.13300E+03   4.40712E-03   2.06196E-02   9.39596E-01   8.05139E-03 
    2.40420E-02   3.28368E-03   1.00000E+00
   1.12300E+03   4.40712E-03   2.06196E-02   9.39596E-01   8.05139E-03 
    2.40420E-02   3.28368E-03   1.00000E+00
   1.11300E+03   4.40712E-03   2.06196E-02   9.39596E-01   8.05139E-03 
    2.40420E-02   3.28368E-03   1.00000E+00
   1.10300E+03   4.40712E-03   2.06196E-02   9.39596E-01   8.05139E-03 
    2.40420E-02   3.28368E-03   1.00000E+00
   1.09300E+03   4.40712E-03   2.06196E-02   9.39596E-01   8.05139E-03 
    2.40420E-02   3.28368E-03   1.00000E+00
   1.08300E+03   4.40712E-03   2.06196E-02   9.39596E-01   8.05139E-03 
    2.40420E-02   3.28368E-03   1.00000E+00
   1.07300E+03   4.40712E-03   2.06196E-02   9.39596E-01   8.05139E-03 
    2.40420E-02   3.28368E-03   1.00000E+00
   1.06300E+03   4.40712E-03   2.06196E-02   9.39596E-01   8.05139E-03 
    2.40420E-02   3.28368E-03   1.00000E+00
   1.05300E+03   4.40712E-03   2.06196E-02   9.39596E-01   8.05139E-03 
    2.40420E-02   3.28368E-03   1.00000E+00
   1.04300E+03   4.40712E-03   2.06196E-02   9.39596E-01   8.05139E-03 
    2.40420E-02   3.28368E-03   1.00000E+00
   1.03300E+03   4.40712E-03   2.06196E-02   9.39596E-01   8.05139E-03 
    2.40420E-02   3.28368E-03   1.00000E+00
   1.02816E+03   4.40712E-03   2.06196E-02   9.39596E-01   8.05139E-03 
    2.40420E-02   3.28368E-03   1.00000E+00

 Phase Region for:
     CEMENTITE                     
     FCC_A1#2                      
 col-1=T, col-2=W(CEMENTITE,C), col-3=W(CEMENTITE,CR), col-4=W(CEMENTITE,FE),
   col-5=W(CEMENTITE,MN), col-6=W(CEMENTITE,NI), col-7=W(CEMENTITE,SI),
   col-8=W(FCC_A1#2,C), col-9=W(FCC_A1#2,CR), col-10=W(FCC_A1#2,FE),
   col-11=W(FCC_A1#2,MN), col-12=W(FCC_A1#2,NI), col-13=W(FCC_A1#2,SI),
   col-14=NP(CEMENTITE), col-15=NP(FCC_A1#2),
   1.02816E+03   6.82013E-02   2.62002E-01   6.55640E-01   1.26251E-02 
    1.53148E-03   0.00000E+00   4.40712E-03   2.06196E-02   9.39596E-01 
    8.05139E-03   2.40420E-02   3.28368E-03   3.85740E-08   1.00000E+00
   1.02300E+03   6.82057E-02   2.62852E-01   6.54750E-01   1.26849E-02 
    1.50770E-03   0.00000E+00   4.30580E-03   2.02349E-02   9.40049E-01 
    8.04403E-03   2.40778E-02   3.28889E-03   1.97224E-03   9.98028E-01
   1.01300E+03   6.82142E-02   2.64503E-01   6.53016E-01   1.28042E-02 
    1.46211E-03   0.00000E+00   4.11380E-03   1.94985E-02   9.40914E-01 
    8.02954E-03   2.41458E-02   3.29877E-03   5.69253E-03   9.94307E-01
   1.00300E+03   6.82227E-02   2.66160E-01   6.51272E-01   1.29280E-02 
    1.41722E-03   0.00000E+00   3.92751E-03   1.87742E-02   9.41763E-01 
    8.01474E-03   2.42120E-02   3.30836E-03   9.28098E-03   9.90719E-01
   9.99363E+02   6.82258E-02   2.66764E-01   6.50635E-01   1.29742E-02 
    1.40107E-03   0.00000E+00   3.86116E-03   1.85139E-02   9.42068E-01 
    8.00928E-03   2.42357E-02   3.31177E-03   1.05540E-02   9.89446E-01

 Phase Region for:
     BCC_A2                        
     CEMENTITE                     
     FCC_A1#2                      
 col-1=T, col-2=W(BCC_A2,C), col-3=W(BCC_A2,CR), col-4=W(BCC_A2,FE),
   col-5=W(BCC_A2,MN), col-6=W(BCC_A2,NI), col-7=W(BCC_A2,SI),
   col-8=W(CEMENTITE,C), col-9=W(CEMENTITE,CR), col-10=W(CEMENTITE,FE),
   col-11=W(CEMENTITE,MN), col-12=W(CEMENTITE,NI), col-13=W(CEMENTITE,SI),
   col-14=W(FCC_A1#2,C), col-15=W(FCC_A1#2,CR), col-16=W(FCC_A1#2,FE),
   col-17=W(FCC_A1#2,MN), col-18=W(FCC_A1#2,NI), col-19=W(FCC_A1#2,SI),
   col-20=NP(BCC_A2), col-21=NP(CEMENTITE), col-22=NP(FCC_A1#2),
   9.99363E+02   8.79343E-05   1.17609E-02   9.71180E-01   2.27967E-03 
    1.03732E-02   4.31815E-03   6.82258E-02   2.66764E-01   6.50635E-01 
    1.29742E-02   1.40107E-03   0.00000E+00   3.86116E-03   1.85138E-02 
    9.42068E-01   8.00929E-03   2.42357E-02   3.31177E-03   3.27626E-06 
    1.05542E-02   9.89443E-01
   9.93000E+02   8.40190E-05   1.07638E-02   9.71092E-01   2.48848E-03 
    1.14728E-02   4.09926E-03   6.81708E-02   2.55343E-01   6.59839E-01 
    1.50505E-02   1.59583E-03   0.00000E+00   3.84994E-03   1.71097E-02 
    9.39024E-01   9.21556E-03   2.76314E-02   3.16958E-03   1.87400E-01 
    2.46165E-02   7.87984E-01
   9.83000E+02   7.70284E-05   9.58018E-03   9.70407E-01   2.82464E-03 
    1.32459E-02   3.86552E-03   6.81088E-02   2.42249E-01   6.69173E-01 
    1.85608E-02   1.90924E-03   0.00000E+00   3.77157E-03   1.53661E-02 
    9.32902E-01   1.13567E-02   3.35587E-02   3.04541E-03   4.09540E-01 
    4.19354E-02   5.48525E-01
   9.73000E+02   6.95194E-05   8.73119E-03   9.69319E-01   3.15578E-03 
    1.50047E-02   3.72020E-03   6.80713E-02   2.34047E-01   6.73390E-01 
    2.22757E-02   2.21625E-03   0.00000E+00   3.63535E-03   1.40448E-02 
    9.25410E-01   1.37807E-02   4.01255E-02   3.00364E-03   5.65252E-01 
    5.43171E-02   3.80431E-01
   9.63000E+02   6.19904E-05   8.09988E-03   9.68052E-01   3.46850E-03 
    1.66872E-02   3.63006E-03   6.80518E-02   2.29439E-01   6.73897E-01 
    2.61071E-02   2.50438E-03   0.00000E+00   3.46028E-03   1.30084E-02 
    9.16791E-01   1.64722E-02   4.72524E-02   3.01560E-03   6.74281E-01 
    6.29287E-02   2.62790E-01
   9.53000E+02   5.47772E-05   7.60728E-03   9.66756E-01   3.75345E-03 
    1.82536E-02   3.57476E-03   6.80449E-02   2.27355E-01   6.71842E-01 
    2.99917E-02   2.76659E-03   0.00000E+00   3.26160E-03   1.21583E-02 
    9.07198E-01   1.94238E-02   5.48950E-02   3.06306E-03   7.50893E-01 
    6.88197E-02   1.80288E-01
   9.43000E+02   4.80688E-05   7.20280E-03   9.65521E-01   4.00453E-03 
    1.96823E-02   3.54164E-03   6.80468E-02   2.27018E-01   6.68052E-01 
    3.38833E-02   2.99980E-03   0.00000E+00   3.05014E-03   1.14291E-02 
    8.96706E-01   2.26368E-02   6.30444E-02   3.13408E-03   8.04976E-01 
    7.28074E-02   1.22216E-01
   9.33000E+02   4.19526E-05   6.85448E-03   9.64399E-01   4.21794E-03 
    2.09639E-02   3.52269E-03   6.80548E-02   2.27898E-01   6.63098E-01 
    3.77465E-02   3.20336E-03   0.00000E+00   2.83328E-03   1.07782E-02 
    8.85329E-01   2.61190E-02   7.17202E-02   3.22042E-03   8.43277E-01 
    7.54838E-02   8.12397E-02
   9.23000E+02   3.64527E-05   6.54200E-03   9.63421E-01   4.39145E-03 
    2.20965E-02   3.51272E-03   6.80670E-02   2.29630E-01   6.57374E-01 
    4.15514E-02   3.37802E-03   0.00000E+00   2.61602E-03   1.01783E-02 
    8.73042E-01   2.98840E-02   8.09641E-02   3.31591E-03   8.70398E-01 
    7.72637E-02   5.23386E-02
   9.13000E+02   3.15563E-05   6.25239E-03   9.62601E-01   4.52408E-03 
    2.30827E-02   3.50830E-03   6.80822E-02   2.31966E-01   6.51155E-01 
    4.52719E-02   3.52523E-03   0.00000E+00   2.40180E-03   9.61164E-03 
    8.59789E-01   3.39501E-02   9.08324E-02   3.41557E-03   8.89515E-01 
    7.84334E-02   3.20519E-02
   9.03000E+02   2.72301E-05   5.97724E-03   9.61945E-01   4.61577E-03 
    2.39273E-02   3.50717E-03   6.80995E-02   2.34732E-01   6.44638E-01 
    4.88841E-02   3.64674E-03   0.00000E+00   2.19304E-03   9.06687E-03 
    8.45495E-01   3.83395E-02   1.01391E-01   3.51501E-03   9.02848E-01 
    7.91901E-02   1.79615E-02
   8.93000E+02   2.34307E-05   5.71114E-03   9.61454E-01   4.66731E-03 
    2.46366E-02   3.50777E-03   6.81183E-02   2.37805E-01   6.37966E-01 
    5.23668E-02   3.74442E-03   0.00000E+00   1.99159E-03   8.53694E-03 
    8.30077E-01   4.30767E-02   1.12707E-01   3.61010E-03   9.11977E-01 
    7.96692E-02   8.35365E-03
   8.83000E+02   2.01103E-05   5.45065E-03   9.61123E-01   4.68017E-03 
    2.52173E-02   3.50911E-03   6.81380E-02   2.41095E-01   6.31247E-01 
    5.57006E-02   3.82009E-03   0.00000E+00   1.79895E-03   8.01786E-03 
    8.13457E-01   4.81860E-02   1.24843E-01   3.69678E-03   9.18041E-01 
    7.99641E-02   1.99518E-03
   8.78635E+02   1.87987E-05   5.33813E-03   9.61027E-01   4.67418E-03 
    2.54324E-02   3.50975E-03   6.81469E-02   2.42581E-01   6.28321E-01 
    5.71049E-02   3.84668E-03   0.00000E+00   1.71796E-03   7.79419E-03 
    8.05809E-01   5.05379E-02   1.30410E-01   3.73095E-03   9.19948E-01 
    8.00521E-02   0.00000E+00

 Phase Region for:
     BCC_A2                        
     CEMENTITE                     
 col-1=T, col-2=W(BCC_A2,C), col-3=W(BCC_A2,CR), col-4=W(BCC_A2,FE),
   col-5=W(BCC_A2,MN), col-6=W(BCC_A2,NI), col-7=W(BCC_A2,SI),
   col-8=W(CEMENTITE,C), col-9=W(CEMENTITE,CR), col-10=W(CEMENTITE,FE),
   col-11=W(CEMENTITE,MN), col-12=W(CEMENTITE,NI), col-13=W(CEMENTITE,SI),
   col-14=NP(BCC_A2), col-15=NP(CEMENTITE),
   8.78635E+02   1.87987E-05   5.33813E-03   9.61027E-01   4.67418E-03 
    2.54324E-02   3.50975E-03   6.81469E-02   2.42581E-01   6.28321E-01 
    5.71049E-02   3.84668E-03   0.00000E+00   9.19948E-01   8.00521E-02  NONE
   8.73000E+02   1.72575E-05   5.18958E-03   9.61255E-01   4.59524E-03 
    2.54333E-02   3.50979E-03   6.81587E-02   2.44701E-01   6.25061E-01 
    5.82431E-02   3.83648E-03   0.00000E+00   9.19922E-01   8.00784E-02  NONE
   8.63000E+02   1.47977E-05   4.92809E-03   9.61659E-01   4.45373E-03 
    2.54349E-02   3.50984E-03   6.81795E-02   2.48446E-01   6.19270E-01 
    6.02861E-02   3.81853E-03   0.00000E+00   9.19880E-01   8.01204E-02  NONE
   8.53000E+02   1.26559E-05   4.66976E-03   9.62061E-01   4.31044E-03 
    2.54363E-02   3.50988E-03   6.82003E-02   2.52159E-01   6.13482E-01 
    6.23576E-02   3.80090E-03   0.00000E+00   9.19843E-01   8.01569E-02  NONE
   8.43000E+02   1.07959E-05   4.41506E-03   9.62461E-01   4.16546E-03 
    2.54377E-02   3.50990E-03   6.82209E-02   2.55833E-01   6.07706E-01 
    6.44566E-02   3.78370E-03   0.00000E+00   9.19811E-01   8.01887E-02  NONE
   8.33000E+02   9.18477E-06   4.16450E-03   9.62859E-01   4.01890E-03 
    2.54389E-02   3.50991E-03   6.82412E-02   2.59458E-01   6.01952E-01 
    6.65813E-02   3.76702E-03   0.00000E+00   9.19784E-01   8.02162E-02  NONE
   8.23000E+02   7.79293E-06   3.91859E-03   9.63253E-01   3.87087E-03 
    2.54400E-02   3.50991E-03   6.82613E-02   2.63027E-01   5.96231E-01 
    6.87297E-02   3.75094E-03   0.00000E+00   9.19760E-01   8.02399E-02  NONE
   8.13000E+02   6.59380E-06   3.67785E-03   9.63643E-01   3.72155E-03 
    2.54410E-02   3.50991E-03   6.82811E-02   2.66531E-01   5.90553E-01 
    7.08995E-02   3.73556E-03   0.00000E+00   9.19740E-01   8.02604E-02  NONE
   8.03000E+02   5.56356E-06   3.44278E-03   9.64029E-01   3.57111E-03 
    2.54419E-02   3.50989E-03   6.83006E-02   2.69960E-01   5.84931E-01 
    7.30877E-02   3.72093E-03   0.00000E+00   9.19722E-01   8.02780E-02  NONE
   7.93000E+02   4.68089E-06   3.21389E-03   9.64409E-01   3.41978E-03 
    2.54427E-02   3.50987E-03   6.83197E-02   2.73308E-01   5.79375E-01 
    7.52910E-02   3.70712E-03   0.00000E+00   9.19707E-01   8.02930E-02  NONE
   7.83000E+02   3.92680E-06   2.99167E-03   9.64783E-01   3.26781E-03 
    2.54434E-02   3.50984E-03   6.83383E-02   2.76564E-01   5.73898E-01 
    7.75056E-02   3.69417E-03   0.00000E+00   9.19694E-01   8.03059E-02  NONE
   7.73000E+02   3.28441E-06   2.77656E-03   9.65151E-01   3.11547E-03 
    2.54441E-02   3.50981E-03   6.83564E-02   2.79723E-01   5.68511E-01 
    7.97272E-02   3.68212E-03   0.00000E+00   9.19683E-01   8.03168E-02  NONE
   7.69502E+02   3.08322E-06   2.70307E-03   9.65278E-01   3.06215E-03 
    2.54443E-02   3.50980E-03   6.83627E-02   2.80804E-01   5.66650E-01 
    8.05052E-02   3.67812E-03   0.00000E+00   9.19680E-01   8.03203E-02  NONE

 Phase Region for:
     BCC_A2                        
     CEMENTITE                     
     FCC_A1#1                      
 col-1=T, col-2=W(BCC_A2,C), col-3=W(BCC_A2,CR), col-4=W(BCC_A2,FE),
   col-5=W(BCC_A2,MN), col-6=W(BCC_A2,NI), col-7=W(BCC_A2,SI),
   col-8=W(CEMENTITE,C), col-9=W(CEMENTITE,CR), col-10=W(CEMENTITE,FE),
   col-11=W(CEMENTITE,MN), col-12=W(CEMENTITE,NI), col-13=W(CEMENTITE,SI),
   col-14=W(FCC_A1#1,C), col-15=W(FCC_A1#1,CR), col-16=W(FCC_A1#1,FE),
   col-17=W(FCC_A1#1,MN), col-18=W(FCC_A1#1,NI), col-19=W(FCC_A1#1,SI),
   col-20=NP(BCC_A2), col-21=NP(CEMENTITE), col-22=NP(FCC_A1#1),
   7.69501E+02   3.08322E-06   2.70307E-03   9.65278E-01   3.06215E-03 
    2.54443E-02   3.50980E-03   6.83627E-02   2.80804E-01   5.66650E-01 
    8.05053E-02   3.67812E-03   0.00000E+00   4.92705E-04   3.26819E-03 
    5.79065E-01   1.20160E-01   2.93486E-01   3.52822E-03   9.19680E-01 
    8.03203E-02   9.75324E-09
   7.63000E+02   2.74809E-06   2.56521E-03   9.65738E-01   2.92952E-03 
    2.52551E-02   3.50978E-03   6.83737E-02   2.82845E-01   5.63910E-01 
    8.12308E-02   3.64084E-03   0.00000E+00   4.61937E-04   3.08629E-03 
    5.67336E-01   1.23611E-01   3.02020E-01   3.48473E-03   9.19049E-01 
    8.03206E-02   6.30355E-04
   7.53000E+02   2.29811E-06   2.35981E-03   9.66454E-01   2.72706E-03 
    2.49465E-02   3.50986E-03   6.83901E-02   2.85887E-01   5.59918E-01 
    8.22231E-02   3.58134E-03   0.00000E+00   4.19719E-04   2.82350E-03 
    5.50107E-01   1.28594E-01   3.14635E-01   3.42121E-03   9.18096E-01 
    8.03213E-02   1.58287E-03
   7.43000E+02   1.91735E-06   2.16295E-03   9.67177E-01   2.52797E-03 
    2.46200E-02   3.51006E-03   6.84057E-02   2.88804E-01   5.56200E-01 
    8.30703E-02   3.51971E-03   0.00000E+00   3.82792E-04   2.57989E-03 
    5.33811E-01   1.33195E-01   3.26669E-01   3.36293E-03   9.17166E-01 
    8.03222E-02   2.51177E-03
   7.33000E+02   1.59578E-06   1.97510E-03   9.67901E-01   2.33367E-03 
    2.42787E-02   3.51035E-03   6.84204E-02   2.91589E-01   5.52758E-01 
    8.37767E-02   3.45633E-03   0.00000E+00   3.50296E-04   2.35395E-03 
    5.18387E-01   1.37428E-01   3.38170E-01   3.31082E-03   9.16261E-01 
    8.03233E-02   3.41553E-03
   7.23000E+02   1.32471E-06   1.79666E-03   9.68621E-01   2.14534E-03 
    2.39248E-02   3.51072E-03   6.84344E-02   2.94234E-01   5.49594E-01 
    8.43459E-02   3.39149E-03   0.00000E+00   3.21528E-04   2.14439E-03 
    5.03767E-01   1.41313E-01   3.49189E-01   3.26551E-03   9.15382E-01 
    8.03244E-02   4.29395E-03
   7.13000E+02   1.09668E-06   1.62791E-03   9.69336E-01   1.96396E-03 
    2.35601E-02   3.51112E-03   6.84475E-02   2.96737E-01   5.46710E-01 
    8.47806E-02   3.32539E-03   0.00000E+00   2.95910E-04   1.95005E-03 
    4.89888E-01   1.44867E-01   3.59771E-01   3.22745E-03   9.14527E-01 
    8.03256E-02   5.14770E-03
   7.03000E+02   9.05252E-07   1.46907E-03   9.70042E-01   1.79033E-03 
    2.31861E-02   3.51155E-03   6.84597E-02   2.99093E-01   5.44106E-01 
    8.50831E-02   3.25814E-03   0.00000E+00   2.72967E-04   1.76992E-03 
    4.76687E-01   1.48111E-01   3.69962E-01   3.19692E-03   9.13695E-01 
    8.03268E-02   5.97798E-03
   6.93000E+02   7.44906E-07   1.32025E-03   9.70738E-01   1.62504E-03 
    2.28037E-02   3.51197E-03   6.84711E-02   3.01300E-01   5.41783E-01 
    8.52553E-02   3.18979E-03   0.00000E+00   2.52310E-04   1.60311E-03 
    4.64107E-01   1.51062E-01   3.79801E-01   3.17416E-03   9.12886E-01 
    8.03280E-02   6.78639E-03
   6.83000E+02   6.10910E-07   1.18149E-03   9.71423E-01   1.46858E-03 
    2.24135E-02   3.51236E-03   6.84815E-02   3.03359E-01   5.39740E-01 
    8.52990E-02   3.12035E-03   0.00000E+00   2.33613E-04   1.44882E-03 
    4.52098E-01   1.53739E-01   3.89321E-01   3.15933E-03   9.12096E-01 
    8.03292E-02   7.57477E-03
   6.73000E+02   4.99214E-07   1.05273E-03   9.72097E-01   1.32128E-03 
    2.20159E-02   3.51269E-03   6.84911E-02   3.05269E-01   5.37975E-01 
    8.52155E-02   3.04976E-03   0.00000E+00   2.16608E-04   1.30632E-03 
    4.40612E-01   1.56157E-01   3.98555E-01   3.15261E-03   9.11324E-01 
    8.03304E-02   8.34512E-03
