
 Phase Region for:
     FCC_A1#1                      
 col-1=T, col-2=W(FCC_A1#1,C), col-3=W(FCC_A1#1,CR), col-4=W(FCC_A1#1,FE),
   col-5=W(FCC_A1#1,MN), col-6=W(FCC_A1#1,NI), col-7=W(FCC_A1#1,SI),
   col-8=NP(FCC_A1#1),
   1.17300E+03   4.86458E-03   5.27320E-03   9.49822E-01   7.13534E-03 
    6.31570E-03   2.65896E-02   1.00000E+00
   1.18300E+03   4.86458E-03   5.27320E-03   9.49822E-01   7.13534E-03 
    6.31570E-03   2.65896E-02   1.00000E+00
   1.19300E+03   4.86458E-03   5.27320E-03   9.49822E-01   7.13534E-03 
    6.31570E-03   2.65896E-02   1.00000E+00
   1.20300E+03   4.86458E-03   5.27320E-03   9.49822E-01   7.13534E-03 
    6.31570E-03   2.65896E-02   1.00000E+00
   1.21300E+03   4.86458E-03   5.27320E-03   9.49822E-01   7.13534E-03 
    6.31570E-03   2.65896E-02   1.00000E+00
   1.22300E+03   4.86458E-03   5.27320E-03   9.49822E-01   7.13534E-03 
    6.31570E-03   2.65896E-02   1.00000E+00
   1.23300E+03   4.86458E-03   5.27320E-03   9.49822E-01   7.13534E-03 
    6.31570E-03   2.65896E-02   1.00000E+00
   1.24300E+03   4.86458E-03   5.27320E-03   9.49822E-01   7.13534E-03 
    6.31570E-03   2.65896E-02   1.00000E+00
   1.25300E+03   4.86458E-03   5.27320E-03   9.49822E-01   7.13534E-03 
    6.31570E-03   2.65896E-02   1.00000E+00
   1.26300E+03   4.86458E-03   5.27320E-03   9.49822E-01   7.13534E-03 
    6.31570E-03   2.65896E-02   1.00000E+00
   1.27300E+03   4.86458E-03   5.27320E-03   9.49822E-01   7.13534E-03 
    6.31570E-03   2.65896E-02   1.00000E+00
   1.28300E+03   4.86458E-03   5.27320E-03   9.49822E-01   7.13534E-03 
    6.31570E-03   2.65896E-02   1.00000E+00
   1.29300E+03   4.86458E-03   5.27320E-03   9.49822E-01   7.13534E-03 
    6.31570E-03   2.65896E-02   1.00000E+00
   1.30300E+03   4.86458E-03   5.27320E-03   9.49822E-01   7.13534E-03 
    6.31570E-03   2.65896E-02   1.00000E+00
   1.31300E+03   4.86458E-03   5.27320E-03   9.49822E-01   7.13534E-03 
    6.31570E-03   2.65896E-02   1.00000E+00
   1.32300E+03   4.86458E-03   5.27320E-03   9.49822E-01   7.13534E-03 
    6.31570E-03   2.65896E-02   1.00000E+00
   1.33300E+03   4.86458E-03   5.27320E-03   9.49822E-01   7.13534E-03 
    6.31570E-03   2.65896E-02   1.00000E+00
   1.34300E+03   4.86458E-03   5.27320E-03   9.49822E-01   7.13534E-03 
    6.31570E-03   2.65896E-02   1.00000E+00
   1.35300E+03   4.86458E-03   5.27320E-03   9.49822E-01   7.13534E-03 
    6.31570E-03   2.65896E-02   1.00000E+00
   1.36300E+03   4.86458E-03   5.27320E-03   9.49822E-01   7.13534E-03 
    6.31570E-03   2.65896E-02   1.00000E+00
   1.37300E+03   4.86458E-03   5.27320E-03   9.49822E-01   7.13534E-03 
    6.31570E-03   2.65896E-02   1.00000E+00
   1.38300E+03   4.86458E-03   5.27320E-03   9.49822E-01   7.13534E-03 
    6.31570E-03   2.65896E-02   1.00000E+00
   1.39300E+03   4.86458E-03   5.27320E-03   9.49822E-01   7.13534E-03 
    6.31570E-03   2.65896E-02   1.00000E+00
   1.40300E+03   4.86458E-03   5.27320E-03   9.49822E-01   7.13534E-03 
    6.31570E-03   2.65896E-02   1.00000E+00
   1.41300E+03   4.86458E-03   5.27320E-03   9.49822E-01   7.13534E-03 
    6.31570E-03   2.65896E-02   1.00000E+00
   1.42300E+03   4.86458E-03   5.27320E-03   9.49822E-01   7.13534E-03 
    6.31570E-03   2.65896E-02   1.00000E+00
   1.43300E+03   4.86458E-03   5.27320E-03   9.49822E-01   7.13534E-03 
    6.31570E-03   2.65896E-02   1.00000E+00
   1.44300E+03   4.86458E-03   5.27320E-03   9.49822E-01   7.13534E-03 
    6.31570E-03   2.65896E-02   1.00000E+00
   1.45300E+03   4.86458E-03   5.27320E-03   9.49822E-01   7.13534E-03 
    6.31570E-03   2.65896E-02   1.00000E+00
   1.46300E+03   4.86458E-03   5.27320E-03   9.49822E-01   7.13534E-03 
    6.31570E-03   2.65896E-02   1.00000E+00
   1.47300E+03   4.86458E-03   5.27320E-03   9.49822E-01   7.13534E-03 
    6.31570E-03   2.65896E-02   1.00000E+00

 Phase Region for:
     FCC_A1#1                      
 col-1=T, col-2=W(FCC_A1#1,C), col-3=W(FCC_A1#1,CR), col-4=W(FCC_A1#1,FE),
   col-5=W(FCC_A1#1,MN), col-6=W(FCC_A1#1,NI), col-7=W(FCC_A1#1,SI),
   col-8=NP(FCC_A1#1),
   1.17300E+03   4.86458E-03   5.27320E-03   9.49822E-01   7.13534E-03 
    6.31570E-03   2.65896E-02   1.00000E+00
   1.16300E+03   4.86458E-03   5.27320E-03   9.49822E-01   7.13534E-03 
    6.31570E-03   2.65896E-02   1.00000E+00
   1.15300E+03   4.86458E-03   5.27320E-03   9.49822E-01   7.13534E-03 
    6.31570E-03   2.65896E-02   1.00000E+00
   1.14300E+03   4.86458E-03   5.27320E-03   9.49822E-01   7.13534E-03 
    6.31570E-03   2.65896E-02   1.00000E+00
   1.13300E+03   4.86458E-03   5.27320E-03   9.49822E-01   7.13534E-03 
    6.31570E-03   2.65896E-02   1.00000E+00
   1.12300E+03   4.86458E-03   5.27320E-03   9.49822E-01   7.13534E-03 
    6.31570E-03   2.65896E-02   1.00000E+00
   1.11300E+03   4.86458E-03   5.27320E-03   9.49822E-01   7.13534E-03 
    6.31570E-03   2.65896E-02   1.00000E+00
   1.10300E+03   4.86458E-03   5.27320E-03   9.49822E-01   7.13534E-03 
    6.31570E-03   2.65896E-02   1.00000E+00
   1.09300E+03   4.86458E-03   5.27320E-03   9.49822E-01   7.13534E-03 
    6.31570E-03   2.65896E-02   1.00000E+00
   1.08742E+03   4.86458E-03   5.27320E-03   9.49822E-01   7.13534E-03 
    6.31570E-03   2.65896E-02   1.00000E+00

 Phase Region for:
     BCC_A2                        
     FCC_A1#1                      
 col-1=T, col-2=W(BCC_A2,C), col-3=W(BCC_A2,CR), col-4=W(BCC_A2,FE),
   col-5=W(BCC_A2,MN), col-6=W(BCC_A2,NI), col-7=W(BCC_A2,SI),
   col-8=W(FCC_A1#1,C), col-9=W(FCC_A1#1,CR), col-10=W(FCC_A1#1,FE),
   col-11=W(FCC_A1#1,MN), col-12=W(FCC_A1#1,NI), col-13=W(FCC_A1#1,SI),
   col-14=NP(BCC_A2), col-15=NP(FCC_A1#1),
   1.08742E+03   1.91628E-04   3.49962E-03   9.56330E-01   3.25968E-03 
    3.39266E-03   3.33267E-02   4.86458E-03   5.27320E-03   9.49822E-01 
    7.13534E-03   6.31570E-03   2.65896E-02   5.95242E-07   9.99999E-01
   1.08300E+03   1.91444E-04   3.49547E-03   9.56425E-01   3.26788E-03 
    3.41641E-03   3.32035E-02   4.99087E-03   5.32124E-03   9.49643E-01 
    7.23985E-03   6.39405E-03   2.64109E-02   2.60466E-02   9.73953E-01
   1.07300E+03   1.91090E-04   3.48494E-03   9.56636E-01   3.28453E-03 
    3.47109E-03   3.29328E-02   5.29300E-03   5.43713E-03   9.49197E-01 
    7.48834E-03   6.57646E-03   2.60081E-02   8.30996E-02   9.16900E-01
   1.06300E+03   1.90813E-04   3.47257E-03   9.56839E-01   3.29809E-03 
    3.52685E-03   3.26731E-02   5.61905E-03   5.56387E-03   9.48689E-01 
    7.75477E-03   6.76589E-03   2.56076E-02   1.37511E-01   8.62489E-01
   1.05300E+03   1.90601E-04   3.45813E-03   9.57036E-01   3.30801E-03 
    3.58345E-03   3.24242E-02   5.97072E-03   5.70275E-03   9.48114E-01 
    8.04111E-03   6.96231E-03   2.52088E-02   1.89288E-01   8.10712E-01
   1.04462E+03   1.90467E-04   3.44420E-03   9.57197E-01   3.31310E-03 
    3.63135E-03   3.22235E-02   6.28657E-03   5.82963E-03   9.47578E-01 
    8.29817E-03   7.13235E-03   2.48756E-02   2.30680E-01   7.69320E-01

 Phase Region for:
     BCC_A2                        
     CEMENTITE                     
     FCC_A1#1                      
 col-1=T, col-2=W(BCC_A2,C), col-3=W(BCC_A2,CR), col-4=W(BCC_A2,FE),
   col-5=W(BCC_A2,MN), col-6=W(BCC_A2,NI), col-7=W(BCC_A2,SI),
   col-8=W(CEMENTITE,C), col-9=W(CEMENTITE,CR), col-10=W(CEMENTITE,FE),
   col-11=W(CEMENTITE,MN), col-12=W(CEMENTITE,NI), col-13=W(CEMENTITE,SI),
   col-14=W(FCC_A1#1,C), col-15=W(FCC_A1#1,CR), col-16=W(FCC_A1#1,FE),
   col-17=W(FCC_A1#1,MN), col-18=W(FCC_A1#1,NI), col-19=W(FCC_A1#1,SI),
   col-20=NP(BCC_A2), col-21=NP(CEMENTITE), col-22=NP(FCC_A1#1),
   1.04462E+03   1.90466E-04   3.44419E-03   9.57197E-01   3.31310E-03 
    3.63136E-03   3.22235E-02   6.71822E-02   5.55322E-02   8.62274E-01 
    1.41429E-02   8.68685E-04   0.00000E+00   6.28657E-03   5.82962E-03 
    9.47578E-01   8.29818E-03   7.13236E-03   2.48756E-02   2.30683E-01 
    4.30470E-07   7.69316E-01
   1.04300E+03   1.88011E-04   3.34234E-03   9.57387E-01   3.41212E-03 
    3.75281E-03   3.19173E-02   6.71769E-02   5.43506E-02   8.62857E-01 
    1.47162E-02   8.98862E-04   0.00000E+00   6.26978E-03   5.66342E-03 
    9.47436E-01   8.59600E-03   7.40767E-03   2.46276E-02   2.85264E-01 
    6.86919E-03   7.07867E-01
   1.03300E+03   1.72168E-04   2.84140E-03   9.57932E-01   4.11890E-03 
    4.64580E-03   3.02898E-02   6.71524E-02   4.86180E-02   8.64250E-01 
    1.88606E-02   1.11885E-03   0.00000E+00   6.13157E-03   4.83147E-03 
    9.45439E-01   1.07606E-02   9.48282E-03   2.33544E-02   5.83180E-01 
    4.41858E-02   3.72634E-01
   1.02300E+03   1.55609E-04   2.51587E-03   9.57460E-01   4.94998E-03 
    5.76993E-03   2.91487E-02   6.71399E-02   4.51567E-02   8.62399E-01 
    2.39110E-02   1.39305E-03   0.00000E+00   5.93821E-03   4.26976E-03 
    9.41590E-01   1.34230E-02   1.22367E-02   2.25428E-02   8.04156E-01 
    7.11929E-02   1.24651E-01
   1.01595E+03   1.43938E-04   2.35868E-03   9.56654E-01   5.56605E-03 
    6.67227E-03   2.86053E-02   6.71365E-02   4.37198E-02   8.59695E-01 
    2.78365E-02   1.61200E-03   0.00000E+00   5.77584E-03   3.98657E-03 
    9.37942E-01   1.55107E-02   1.45745E-02   2.22103E-02   9.15741E-01 
    8.42586E-02   0.00000E+00

 Phase Region for:
     BCC_A2                        
     CEMENTITE                     
 col-1=T, col-2=W(BCC_A2,C), col-3=W(BCC_A2,CR), col-4=W(BCC_A2,FE),
   col-5=W(BCC_A2,MN), col-6=W(BCC_A2,NI), col-7=W(BCC_A2,SI),
   col-8=W(CEMENTITE,C), col-9=W(CEMENTITE,CR), col-10=W(CEMENTITE,FE),
   col-11=W(CEMENTITE,MN), col-12=W(CEMENTITE,NI), col-13=W(CEMENTITE,SI),
   col-14=NP(BCC_A2), col-15=NP(CEMENTITE),
   1.01595E+03   1.43938E-04   2.35868E-03   9.56654E-01   5.56605E-03 
    6.67227E-03   2.86053E-02   6.71365E-02   4.37198E-02   8.59695E-01 
    2.78365E-02   1.61200E-03   0.00000E+00   9.15741E-01   8.42586E-02  NONE
   1.01300E+03   1.39218E-04   2.33880E-03   9.56701E-01   5.54093E-03 
    6.67263E-03   2.86072E-02   6.71379E-02   4.39442E-02   8.59159E-01 
    2.81473E-02   1.61189E-03   0.00000E+00   9.15663E-01   8.43369E-02  NONE
   1.00300E+03   1.24198E-04   2.27074E-03   9.56867E-01   5.45072E-03 
    6.67368E-03   2.86135E-02   6.71430E-02   4.47190E-02   8.57258E-01 
    2.92677E-02   1.61260E-03   0.00000E+00   9.15414E-01   8.45860E-02  NONE
   9.93000E+02   1.10590E-04   2.20029E-03   9.57052E-01   5.34392E-03 
    6.67428E-03   2.86191E-02   6.71485E-02   4.55326E-02   8.55096E-01 
    3.06055E-02   1.61778E-03   0.00000E+00   9.15188E-01   8.48116E-02  NONE
   9.83000E+02   9.82965E-05   2.12729E-03   9.57258E-01   5.21810E-03 
    6.67439E-03   2.86242E-02   6.71544E-02   4.63867E-02   8.52639E-01 
    3.21914E-02   1.62797E-03   0.00000E+00   9.14985E-01   8.50153E-02  NONE
   9.73000E+02   8.72214E-05   2.05458E-03   9.57464E-01   5.09077E-03 
    6.67447E-03   2.86287E-02   6.71604E-02   4.72434E-02   8.50163E-01 
    3.37961E-02   1.63734E-03   0.00000E+00   9.14801E-01   8.51987E-02  NONE
   9.63000E+02   7.72566E-05   1.98218E-03   9.57671E-01   4.96198E-03 
    6.67453E-03   2.86328E-02   6.71665E-02   4.81023E-02   8.47666E-01 
    3.54193E-02   1.64595E-03   0.00000E+00   9.14636E-01   8.53638E-02  NONE
   9.53000E+02   6.83037E-05   1.91010E-03   9.57879E-01   4.83180E-03 
    6.67456E-03   2.86364E-02   6.71725E-02   4.89629E-02   8.45150E-01 
    3.70604E-02   1.65385E-03   0.00000E+00   9.14488E-01   8.55120E-02  NONE
   9.43000E+02   6.02718E-05   1.83837E-03   9.58087E-01   4.70029E-03 
    6.67456E-03   2.86396E-02   6.71786E-02   4.98245E-02   8.42617E-01 
    3.87190E-02   1.66110E-03   0.00000E+00   9.14355E-01   8.56449E-02  NONE
   9.33000E+02   5.30777E-05   1.76704E-03   9.58295E-01   4.56753E-03 
    6.67455E-03   2.86425E-02   6.71847E-02   5.06861E-02   8.40067E-01 
    4.03944E-02   1.66775E-03   0.00000E+00   9.14236E-01   8.57640E-02  NONE
   9.23000E+02   4.66448E-05   1.69615E-03   9.58504E-01   4.43359E-03 
    6.67452E-03   2.86450E-02   6.71908E-02   5.15470E-02   8.37502E-01 
    4.20859E-02   1.67384E-03   0.00000E+00   9.14130E-01   8.58704E-02  NONE
   9.13000E+02   4.09028E-05   1.62576E-03   9.58713E-01   4.29856E-03 
    6.67448E-03   2.86473E-02   6.71969E-02   5.24060E-02   8.34925E-01 
    4.37926E-02   1.67942E-03   0.00000E+00   9.14035E-01   8.59654E-02  NONE
   9.03000E+02   3.57868E-05   1.55594E-03   9.58922E-01   4.16254E-03 
    6.67443E-03   2.86493E-02   6.72031E-02   5.32621E-02   8.32337E-01 
    4.55135E-02   1.68454E-03   0.00000E+00   9.13950E-01   8.60500E-02  NONE
   8.93000E+02   3.12376E-05   1.48676E-03   9.59131E-01   4.02563E-03 
    6.67437E-03   2.86510E-02   6.72092E-02   5.41140E-02   8.29740E-01 
    4.72471E-02   1.68922E-03   0.00000E+00   9.13875E-01   8.61252E-02  NONE
   8.83000E+02   2.72006E-05   1.41829E-03   9.59340E-01   3.88795E-03 
    6.67431E-03   2.86525E-02   6.72153E-02   5.49605E-02   8.27139E-01 
    4.89921E-02   1.69350E-03   0.00000E+00   9.13808E-01   8.61920E-02  NONE
   8.73000E+02   2.36258E-05   1.35064E-03   9.59548E-01   3.74965E-03 
    6.67423E-03   2.86538E-02   6.72214E-02   5.58001E-02   8.24534E-01 
    5.07467E-02   1.69742E-03   0.00000E+00   9.13749E-01   8.62511E-02  NONE
   8.63000E+02   2.04673E-05   1.28388E-03   9.59756E-01   3.61088E-03 
    6.67415E-03   2.86550E-02   6.72275E-02   5.66315E-02   8.21931E-01 
    5.25091E-02   1.70100E-03   0.00000E+00   9.13697E-01   8.63033E-02  NONE
   8.53000E+02   1.76832E-05   1.21811E-03   9.59962E-01   3.47180E-03 
    6.67407E-03   2.86560E-02   6.72335E-02   5.74532E-02   8.19332E-01 
    5.42770E-02   1.70427E-03   0.00000E+00   9.13651E-01   8.63493E-02  NONE
   8.43000E+02   1.52351E-05   1.15344E-03   9.60168E-01   3.33261E-03 
    6.67398E-03   2.86568E-02   6.72394E-02   5.82637E-02   8.16742E-01 
    5.60481E-02   1.70725E-03   0.00000E+00   9.13610E-01   8.63898E-02  NONE
   8.33000E+02   1.30877E-05   1.08996E-03   9.60372E-01   3.19350E-03 
    6.67390E-03   2.86575E-02   6.72453E-02   5.90615E-02   8.14163E-01 
    5.78197E-02   1.70996E-03   0.00000E+00   9.13575E-01   8.64253E-02  NONE
   8.23000E+02   1.12092E-05   1.02778E-03   9.60574E-01   3.05469E-03 
    6.67381E-03   2.86581E-02   6.72512E-02   5.98451E-02   8.11602E-01 
    5.95891E-02   1.71243E-03   0.00000E+00   9.13544E-01   8.64563E-02  NONE
   8.13000E+02   9.57038E-06   9.66992E-04   9.60775E-01   2.91642E-03 
    6.67373E-03   2.86586E-02   6.72569E-02   6.06128E-02   8.09062E-01 
    6.13532E-02   1.71467E-03   0.00000E+00   9.13517E-01   8.64834E-02  NONE
   8.03000E+02   8.14468E-06   9.07706E-04   9.60973E-01   2.77893E-03 
    6.67364E-03   2.86591E-02   6.72626E-02   6.13633E-02   8.06549E-01 
    6.31087E-02   1.71669E-03   0.00000E+00   9.13493E-01   8.65070E-02  NONE
   7.93000E+02   6.90807E-06   8.50018E-04   9.61168E-01   2.64248E-03 
    6.67356E-03   2.86594E-02   6.72681E-02   6.20951E-02   8.04066E-01 
    6.48523E-02   1.71849E-03   0.00000E+00   9.13473E-01   8.65274E-02  NONE
   7.83000E+02   5.83877E-06   7.94023E-04   9.61360E-01   2.50735E-03 
    6.67348E-03   2.86597E-02   6.72736E-02   6.28068E-02   8.01619E-01 
    6.65804E-02   1.72010E-03   0.00000E+00   9.13455E-01   8.65451E-02  NONE
   7.73000E+02   4.91708E-06   7.39812E-04   9.61548E-01   2.37381E-03 
    6.67341E-03   2.86599E-02   6.72789E-02   6.34970E-02   7.99213E-01 
    6.82892E-02   1.72150E-03   0.00000E+00   9.13440E-01   8.65603E-02  NONE
   7.63000E+02   4.12527E-06   6.87468E-04   9.61733E-01   2.24216E-03 
    6.67335E-03   2.86601E-02   6.72840E-02   6.41646E-02   7.96854E-01 
    6.99751E-02   1.72271E-03   0.00000E+00   9.13427E-01   8.65734E-02  NONE
   7.53000E+02   3.44738E-06   6.37069E-04   9.61913E-01   2.11268E-03 
    6.67329E-03   2.86602E-02   6.72891E-02   6.48083E-02   7.94545E-01 
    7.16340E-02   1.72372E-03   0.00000E+00   9.13415E-01   8.65846E-02  NONE
   7.43000E+02   2.86910E-06   5.88682E-04   9.62089E-01   1.98567E-03 
    6.67324E-03   2.86603E-02   6.72939E-02   6.54272E-02   7.92292E-01 
    7.32623E-02   1.72452E-03   0.00000E+00   9.13406E-01   8.65942E-02  NONE
   7.33000E+02   2.37765E-06   5.42369E-04   9.62260E-01   1.86142E-03 
    6.67320E-03   2.86603E-02   6.72986E-02   6.60204E-02   7.90100E-01 
    7.48561E-02   1.72510E-03   0.00000E+00   9.13398E-01   8.66023E-02  NONE
   7.23000E+02   1.96160E-06   4.98177E-04   9.62426E-01   1.74021E-03 
    6.67318E-03   2.86604E-02   6.73032E-02   6.65870E-02   7.87973E-01 
    7.64116E-02   1.72545E-03   0.00000E+00   9.13391E-01   8.66091E-02  NONE
   7.13000E+02   1.61083E-06   4.56145E-04   9.62586E-01   1.62232E-03 
    6.67317E-03   2.86604E-02   6.73075E-02   6.71266E-02   7.85915E-01 
    7.79252E-02   1.72556E-03   0.00000E+00   9.13385E-01   8.66149E-02  NONE
   7.03000E+02   1.31634E-06   4.16302E-04   9.62741E-01   1.50802E-03 
    6.67318E-03   2.86603E-02   6.73117E-02   6.76385E-02   7.83931E-01 
    7.93934E-02   1.72541E-03   0.00000E+00   9.13380E-01   8.66198E-02  NONE
   6.93000E+02   1.07021E-06   3.78662E-04   9.62889E-01   1.39754E-03 
    6.67321E-03   2.86603E-02   6.73156E-02   6.81227E-02   7.82024E-01 
    8.08129E-02   1.72497E-03   0.00000E+00   9.13376E-01   8.66239E-02  NONE
   6.83000E+02   8.65455E-07   3.43230E-04   9.63031E-01   1.29112E-03 
    6.67326E-03   2.86603E-02   6.73194E-02   6.85788E-02   7.80197E-01 
    8.21809E-02   1.72422E-03   0.00000E+00   9.13373E-01   8.66273E-02  NONE
   6.73000E+02   6.95948E-07   3.09997E-04   9.63167E-01   1.18895E-03 
    6.67334E-03   2.86602E-02   6.73230E-02   6.90070E-02   7.78452E-01 
    8.34944E-02   1.72312E-03   0.00000E+00   9.13370E-01   8.66301E-02  NONE
