
 Phase Region for:
     FCC_A1#2                      
 col-1=T, col-2=W(FCC_A1#2,C), col-3=W(FCC_A1#2,CR), col-4=W(FCC_A1#2,FE),
   col-5=W(FCC_A1#2,MN), col-6=W(FCC_A1#2,NI), col-7=W(FCC_A1#2,SI),
   col-8=NP(FCC_A1#2),
   1.17300E+03   8.07066E-03   9.53766E-03   9.34039E-01   1.30727E-02 
    2.32752E-02   1.20047E-02   1.00000E+00
   1.18300E+03   8.07066E-03   9.53766E-03   9.34039E-01   1.30727E-02 
    2.32752E-02   1.20047E-02   1.00000E+00
   1.19300E+03   8.07066E-03   9.53766E-03   9.34039E-01   1.30727E-02 
    2.32752E-02   1.20047E-02   1.00000E+00
   1.20300E+03   8.07066E-03   9.53766E-03   9.34039E-01   1.30727E-02 
    2.32752E-02   1.20047E-02   1.00000E+00
   1.21300E+03   8.07066E-03   9.53766E-03   9.34039E-01   1.30727E-02 
    2.32752E-02   1.20047E-02   1.00000E+00
   1.22300E+03   8.07066E-03   9.53766E-03   9.34039E-01   1.30727E-02 
    2.32752E-02   1.20047E-02   1.00000E+00
   1.23300E+03   8.07066E-03   9.53766E-03   9.34039E-01   1.30727E-02 
    2.32752E-02   1.20047E-02   1.00000E+00
   1.24300E+03   8.07066E-03   9.53766E-03   9.34039E-01   1.30727E-02 
    2.32752E-02   1.20047E-02   1.00000E+00
   1.25300E+03   8.07066E-03   9.53766E-03   9.34039E-01   1.30727E-02 
    2.32752E-02   1.20047E-02   1.00000E+00
   1.26300E+03   8.07066E-03   9.53766E-03   9.34039E-01   1.30727E-02 
    2.32752E-02   1.20047E-02   1.00000E+00
   1.27300E+03   8.07066E-03   9.53766E-03   9.34039E-01   1.30727E-02 
    2.32752E-02   1.20047E-02   1.00000E+00
   1.28300E+03   8.07066E-03   9.53766E-03   9.34039E-01   1.30727E-02 
    2.32752E-02   1.20047E-02   1.00000E+00
   1.29300E+03   8.07066E-03   9.53766E-03   9.34039E-01   1.30727E-02 
    2.32752E-02   1.20047E-02   1.00000E+00
   1.30300E+03   8.07066E-03   9.53766E-03   9.34039E-01   1.30727E-02 
    2.32752E-02   1.20047E-02   1.00000E+00
   1.31300E+03   8.07066E-03   9.53766E-03   9.34039E-01   1.30727E-02 
    2.32752E-02   1.20047E-02   1.00000E+00
   1.32300E+03   8.07066E-03   9.53766E-03   9.34039E-01   1.30727E-02 
    2.32752E-02   1.20047E-02   1.00000E+00
   1.33300E+03   8.07066E-03   9.53766E-03   9.34039E-01   1.30727E-02 
    2.32752E-02   1.20047E-02   1.00000E+00
   1.34300E+03   8.07066E-03   9.53766E-03   9.34039E-01   1.30727E-02 
    2.32752E-02   1.20047E-02   1.00000E+00
   1.35300E+03   8.07066E-03   9.53766E-03   9.34039E-01   1.30727E-02 
    2.32752E-02   1.20047E-02   1.00000E+00
   1.36300E+03   8.07066E-03   9.53766E-03   9.34039E-01   1.30727E-02 
    2.32752E-02   1.20047E-02   1.00000E+00
   1.37300E+03   8.07066E-03   9.53766E-03   9.34039E-01   1.30727E-02 
    2.32752E-02   1.20047E-02   1.00000E+00
   1.38300E+03   8.07066E-03   9.53766E-03   9.34039E-01   1.30727E-02 
    2.32752E-02   1.20047E-02   1.00000E+00
   1.39300E+03   8.07066E-03   9.53766E-03   9.34039E-01   1.30727E-02 
    2.32752E-02   1.20047E-02   1.00000E+00
   1.40300E+03   8.07066E-03   9.53766E-03   9.34039E-01   1.30727E-02 
    2.32752E-02   1.20047E-02   1.00000E+00
   1.41300E+03   8.07066E-03   9.53766E-03   9.34039E-01   1.30727E-02 
    2.32752E-02   1.20047E-02   1.00000E+00
   1.42300E+03   8.07066E-03   9.53766E-03   9.34039E-01   1.30727E-02 
    2.32752E-02   1.20047E-02   1.00000E+00
   1.43300E+03   8.07066E-03   9.53766E-03   9.34039E-01   1.30727E-02 
    2.32752E-02   1.20047E-02   1.00000E+00
   1.44300E+03   8.07066E-03   9.53766E-03   9.34039E-01   1.30727E-02 
    2.32752E-02   1.20047E-02   1.00000E+00
   1.45300E+03   8.07066E-03   9.53766E-03   9.34039E-01   1.30727E-02 
    2.32752E-02   1.20047E-02   1.00000E+00
   1.46300E+03   8.07066E-03   9.53766E-03   9.34039E-01   1.30727E-02 
    2.32752E-02   1.20047E-02   1.00000E+00
   1.47300E+03   8.07066E-03   9.53766E-03   9.34039E-01   1.30727E-02 
    2.32752E-02   1.20047E-02   1.00000E+00

 Phase Region for:
     FCC_A1#2                      
 col-1=T, col-2=W(FCC_A1#2,C), col-3=W(FCC_A1#2,CR), col-4=W(FCC_A1#2,FE),
   col-5=W(FCC_A1#2,MN), col-6=W(FCC_A1#2,NI), col-7=W(FCC_A1#2,SI),
   col-8=NP(FCC_A1#2),
   1.17300E+03   8.07066E-03   9.53766E-03   9.34039E-01   1.30727E-02 
    2.32752E-02   1.20047E-02   1.00000E+00
   1.16300E+03   8.07066E-03   9.53766E-03   9.34039E-01   1.30727E-02 
    2.32752E-02   1.20047E-02   1.00000E+00
   1.15300E+03   8.07066E-03   9.53766E-03   9.34039E-01   1.30727E-02 
    2.32752E-02   1.20047E-02   1.00000E+00
   1.14300E+03   8.07066E-03   9.53766E-03   9.34039E-01   1.30727E-02 
    2.32752E-02   1.20047E-02   1.00000E+00
   1.13300E+03   8.07066E-03   9.53766E-03   9.34039E-01   1.30727E-02 
    2.32752E-02   1.20047E-02   1.00000E+00
   1.12300E+03   8.07066E-03   9.53766E-03   9.34039E-01   1.30727E-02 
    2.32752E-02   1.20047E-02   1.00000E+00
   1.11300E+03   8.07066E-03   9.53766E-03   9.34039E-01   1.30727E-02 
    2.32752E-02   1.20047E-02   1.00000E+00
   1.10904E+03   8.07066E-03   9.53766E-03   9.34039E-01   1.30727E-02 
    2.32752E-02   1.20047E-02   1.00000E+00

 Phase Region for:
     CEMENTITE                     
     FCC_A1#2                      
 col-1=T, col-2=W(CEMENTITE,C), col-3=W(CEMENTITE,CR), col-4=W(CEMENTITE,FE),
   col-5=W(CEMENTITE,MN), col-6=W(CEMENTITE,NI), col-7=W(CEMENTITE,SI),
   col-8=W(FCC_A1#2,C), col-9=W(FCC_A1#2,CR), col-10=W(FCC_A1#2,FE),
   col-11=W(FCC_A1#2,MN), col-12=W(FCC_A1#2,NI), col-13=W(FCC_A1#2,SI),
   col-14=NP(CEMENTITE), col-15=NP(FCC_A1#2),
   1.10903E+03   6.73037E-02   7.98549E-02   8.28821E-01   2.10746E-02 
    2.94548E-03   0.00000E+00   8.07066E-03   9.53766E-03   9.34039E-01 
    1.30727E-02   2.32752E-02   1.20047E-02   5.47139E-08   1.00000E+00
   1.10300E+03   6.73044E-02   7.99443E-02   8.28678E-01   2.11690E-02 
    2.90434E-03   0.00000E+00   7.90885E-03   9.34533E-03   9.34327E-01 
    1.30506E-02   2.33308E-02   1.20375E-02   3.27543E-03   9.96725E-01
   1.09300E+03   6.73055E-02   8.00839E-02   8.28445E-01   2.13293E-02 
    2.83661E-03   0.00000E+00   7.64456E-03   9.03019E-03   9.34799E-01 
    1.30133E-02   2.34222E-02   1.20911E-02   8.58733E-03   9.91413E-01
   1.08300E+03   6.73065E-02   8.02130E-02   8.28216E-01   2.14947E-02 
    2.76943E-03   0.00000E+00   7.38500E-03   8.71959E-03   9.35264E-01 
    1.29752E-02   2.35126E-02   1.21437E-02   1.37582E-02   9.86242E-01
   1.07300E+03   6.73075E-02   8.03312E-02   8.27993E-01   2.16654E-02 
    2.70280E-03   0.00000E+00   7.13019E-03   8.41370E-03   9.35723E-01 
    1.29363E-02   2.36018E-02   1.21953E-02   1.87914E-02   9.81209E-01
   1.06300E+03   6.73084E-02   8.04387E-02   8.27775E-01   2.18414E-02 
    2.63673E-03   0.00000E+00   6.88009E-03   8.11268E-03   9.36175E-01 
    1.28965E-02   2.36900E-02   1.22460E-02   2.36901E-02   9.76310E-01
   1.05300E+03   6.73093E-02   8.05354E-02   8.27561E-01   2.20229E-02 
    2.57122E-03   0.00000E+00   6.63470E-03   7.81665E-03   9.36620E-01 
    1.28557E-02   2.37771E-02   1.22957E-02   2.84573E-02   9.71543E-01
   1.04300E+03   6.73102E-02   8.06213E-02   8.27352E-01   2.22101E-02 
    2.50630E-03   0.00000E+00   6.39400E-03   7.52578E-03   9.37059E-01 
    1.28141E-02   2.38630E-02   1.23445E-02   3.30959E-02   9.66904E-01
   1.03300E+03   6.73110E-02   8.06963E-02   8.27148E-01   2.24030E-02 
    2.44196E-03   0.00000E+00   6.15799E-03   7.24019E-03   9.37490E-01 
    1.27715E-02   2.39478E-02   1.23923E-02   3.76088E-02   9.62391E-01
   1.02300E+03   6.73117E-02   8.07606E-02   8.26948E-01   2.26019E-02 
    2.37822E-03   0.00000E+00   5.92665E-03   6.96001E-03   9.37915E-01 
    1.27278E-02   2.40315E-02   1.24392E-02   4.19987E-02   9.58001E-01
   1.01300E+03   6.73124E-02   8.08142E-02   8.26751E-01   2.28070E-02 
    2.31508E-03   0.00000E+00   5.69998E-03   6.68538E-03   9.38332E-01 
    1.26832E-02   2.41140E-02   1.24851E-02   4.62680E-02   9.53732E-01
   1.00300E+03   6.73130E-02   8.08573E-02   8.26559E-01   2.30182E-02 
    2.25256E-03   0.00000E+00   5.47796E-03   6.41641E-03   9.38743E-01 
    1.26374E-02   2.41952E-02   1.25301E-02   5.04194E-02   9.49581E-01
   9.93000E+02   6.73137E-02   8.08900E-02   8.26370E-01   2.32360E-02 
    2.19066E-03   0.00000E+00   5.26059E-03   6.15321E-03   9.39146E-01 
    1.25906E-02   2.42753E-02   1.25741E-02   5.44550E-02   9.45545E-01
   9.92889E+02   6.73137E-02   8.08903E-02   8.26368E-01   2.32384E-02 
    2.18997E-03   0.00000E+00   5.25821E-03   6.15033E-03   9.39151E-01 
    1.25901E-02   2.42762E-02   1.25746E-02   5.44991E-02   9.45501E-01

 Phase Region for:
     BCC_A2                        
     CEMENTITE                     
     FCC_A1#2                      
 col-1=T, col-2=W(BCC_A2,C), col-3=W(BCC_A2,CR), col-4=W(BCC_A2,FE),
   col-5=W(BCC_A2,MN), col-6=W(BCC_A2,NI), col-7=W(BCC_A2,SI),
   col-8=W(CEMENTITE,C), col-9=W(CEMENTITE,CR), col-10=W(CEMENTITE,FE),
   col-11=W(CEMENTITE,MN), col-12=W(CEMENTITE,NI), col-13=W(CEMENTITE,SI),
   col-14=W(FCC_A1#2,C), col-15=W(FCC_A1#2,CR), col-16=W(FCC_A1#2,FE),
   col-17=W(FCC_A1#2,MN), col-18=W(FCC_A1#2,NI), col-19=W(FCC_A1#2,SI),
   col-20=NP(BCC_A2), col-21=NP(CEMENTITE), col-22=NP(FCC_A1#2),
   9.92889E+02   1.15989E-04   3.57350E-03   9.65916E-01   3.61325E-03 
    1.02521E-02   1.65293E-02   6.73137E-02   8.08902E-02   8.26368E-01 
    2.32385E-02   2.18998E-03   0.00000E+00   5.25821E-03   6.15032E-03 
    9.39151E-01   1.25901E-02   2.42762E-02   1.25746E-02   2.77656E-06 
    5.44994E-02   9.45498E-01
   9.83000E+02   1.05197E-04   3.12206E-03   9.65481E-01   3.96179E-03 
    1.18111E-02   1.55192E-02   6.72879E-02   7.49703E-02   8.27556E-01 
    2.76037E-02   2.58168E-03   0.00000E+00   5.09178E-03   5.38924E-03 
    9.33248E-01   1.49118E-02   2.94331E-02   1.19263E-02   2.40291E-01 
    8.13146E-02   6.78395E-01
   9.73000E+02   9.42665E-05   2.80334E-03   9.64470E-01   4.30875E-03 
    1.34781E-02   1.48455E-02   6.72727E-02   7.11503E-02   8.26349E-01 
    3.22316E-02   2.99684E-03   0.00000E+00   4.87692E-03   4.82446E-03 
    9.25730E-01   1.75217E-02   3.54796E-02   1.15675E-02   4.19484E-01 
    1.01162E-01   4.79354E-01
   9.63000E+02   8.38016E-05   2.57180E-03   9.63162E-01   4.62242E-03 
    1.51499E-02   1.44105E-02   6.72650E-02   6.88171E-02   8.23611E-01 
    3.68952E-02   3.41174E-03   0.00000E+00   4.63245E-03   4.39252E-03 
    9.17007E-01   2.03203E-02   4.22412E-02   1.14063E-02   5.48200E-01 
    1.15079E-01   3.36722E-01
   9.53000E+02   7.40753E-05   2.39382E-03   9.61743E-01   4.88811E-03 
    1.67702E-02   1.41305E-02   6.72620E-02   6.74556E-02   8.19982E-01 
    4.14864E-02   3.81395E-03   0.00000E+00   4.37126E-03   4.04352E-03 
    9.07312E-01   2.32635E-02   4.96423E-02   1.13672E-02   6.40151E-01 
    1.24659E-01   2.35190E-01
   9.43000E+02   6.52025E-05   2.24906E-03   9.60330E-01   5.09983E-03 
    1.83060E-02   1.39499E-02   6.72621E-02   6.67284E-02   8.15868E-01 
    4.59449E-02   4.19630E-03   0.00000E+00   4.10196E-03   3.74669E-03 
    8.96769E-01   2.63310E-02   5.76514E-02   1.13997E-02   7.06034E-01 
    1.31206E-01   1.62760E-01
   9.33000E+02   5.72047E-05   2.12534E-03   9.58989E-01   5.25658E-03 
    1.97391E-02   1.38330E-02   6.72642E-02   6.64213E-02   8.11522E-01 
    5.02376E-02   4.55485E-03   0.00000E+00   3.83014E-03   3.48356E-03 
    8.85428E-01   2.95187E-02   6.62692E-02   1.14709E-02   7.53477E-01 
    1.35663E-01   1.10860E-01
   9.23000E+02   5.00528E-05   2.01530E-03   9.57758E-01   5.36002E-03 
    2.10597E-02   1.37572E-02   6.72675E-02   6.63975E-02   8.07102E-01 
    5.43456E-02   4.88748E-03   0.00000E+00   3.55949E-03   3.24308E-03 
    8.73287E-01   3.28332E-02   7.55177E-02   1.15591E-02   7.87769E-01 
    1.38685E-01   7.35461E-02
   9.13000E+02   4.36934E-05   1.91438E-03   9.56658E-01   5.41327E-03 
    2.22631E-02   1.37079E-02   6.72717E-02   6.65679E-02   8.02710E-01 
    5.82574E-02   5.19308E-03   0.00000E+00   3.29259E-03   3.01859E-03 
    8.60318E-01   3.62884E-02   8.54329E-02   1.16498E-02   8.12574E-01 
    1.40720E-01   4.67068E-02
   9.03000E+02   3.80622E-05   1.81974E-03   9.55699E-01   5.42018E-03 
    2.33473E-02   1.36759E-02   6.72764E-02   6.68728E-02   7.98414E-01 
    6.19657E-02   5.47107E-03   0.00000E+00   3.03138E-03   2.80614E-03 
    8.46467E-01   3.99037E-02   9.60589E-02   1.17330E-02   8.30454E-01 
    1.42075E-01   2.74719E-02
   8.93000E+02   3.30922E-05   1.72955E-03   9.54885E-01   5.38501E-03 
    2.43118E-02   1.36551E-02   6.72815E-02   6.72710E-02   7.94260E-01 
    6.54660E-02   5.72118E-03   0.00000E+00   2.77742E-03   2.60346E-03 
    8.31673E-01   4.37023E-02   1.07442E-01   1.18013E-02   8.43229E-01 
    1.42962E-01   1.38095E-02
   8.83000E+02   2.87175E-05   1.64265E-03   9.54218E-01   5.31218E-03 
    2.51573E-02   1.36414E-02   6.72867E-02   6.77335E-02   7.90281E-01 
    6.87557E-02   5.94335E-03   0.00000E+00   2.53213E-03   2.40936E-03 
    8.15873E-01   4.77095E-02   1.19627E-01   1.18495E-02   8.52214E-01 
    1.43528E-01   4.25800E-03
   8.76930E+02   2.63258E-05   1.59120E-03   9.53882E-01   5.25152E-03 
    2.56131E-02   1.36354E-02   6.72899E-02   6.80364E-02   7.87960E-01 
    7.06492E-02   6.06459E-03   0.00000E+00   2.38807E-03   2.29554E-03 
    8.05768E-01   5.02538E-02   1.27427E-01   1.18672E-02   8.56239E-01 
    1.43761E-01   0.00000E+00

 Phase Region for:
     BCC_A2                        
     CEMENTITE                     
 col-1=T, col-2=W(BCC_A2,C), col-3=W(BCC_A2,CR), col-4=W(BCC_A2,FE),
   col-5=W(BCC_A2,MN), col-6=W(BCC_A2,NI), col-7=W(BCC_A2,SI),
   col-8=W(CEMENTITE,C), col-9=W(CEMENTITE,CR), col-10=W(CEMENTITE,FE),
   col-11=W(CEMENTITE,MN), col-12=W(CEMENTITE,NI), col-13=W(CEMENTITE,SI),
   col-14=NP(BCC_A2), col-15=NP(CEMENTITE),
   8.76930E+02   2.63258E-05   1.59120E-03   9.53882E-01   5.25152E-03 
    2.56131E-02   1.36354E-02   6.72899E-02   6.80364E-02   7.87960E-01 
    7.06492E-02   6.06459E-03   0.00000E+00   8.56239E-01   1.43761E-01  NONE
   8.73000E+02   2.49266E-05   1.55753E-03   9.54012E-01   5.15790E-03 
    2.56125E-02   1.36356E-02   6.72918E-02   6.82760E-02   7.87031E-01 
    7.13301E-02   6.07135E-03   0.00000E+00   8.56217E-01   1.43783E-01  NONE
   8.63000E+02   2.16570E-05   1.47322E-03   9.54336E-01   4.92223E-03 
    2.56110E-02   1.36362E-02   6.72966E-02   6.88773E-02   7.84693E-01 
    7.30453E-02   6.08779E-03   0.00000E+00   8.56165E-01   1.43835E-01  NONE
   8.53000E+02   1.87704E-05   1.39093E-03   9.54654E-01   4.69037E-03 
    2.56096E-02   1.36366E-02   6.73014E-02   6.94661E-02   7.82395E-01 
    7.47342E-02   6.10317E-03   0.00000E+00   8.56120E-01   1.43880E-01  NONE
   8.43000E+02   1.62273E-05   1.31075E-03   9.54965E-01   4.46252E-03 
    2.56082E-02   1.36370E-02   6.73060E-02   7.00415E-02   7.80140E-01 
    7.63952E-02   6.11752E-03   0.00000E+00   8.56080E-01   1.43920E-01  NONE
   8.33000E+02   1.39917E-05   1.23277E-03   9.55270E-01   4.23891E-03 
    2.56068E-02   1.36373E-02   6.73106E-02   7.06027E-02   7.77929E-01 
    7.80267E-02   6.13090E-03   0.00000E+00   8.56045E-01   1.43955E-01  NONE
   8.23000E+02   1.20310E-05   1.15707E-03   9.55568E-01   4.01975E-03 
    2.56055E-02   1.36376E-02   6.73150E-02   7.11490E-02   7.75766E-01 
    7.96269E-02   6.14331E-03   0.00000E+00   8.56014E-01   1.43986E-01  NONE
   8.13000E+02   1.03154E-05   1.08373E-03   9.55859E-01   3.80528E-03 
    2.56043E-02   1.36379E-02   6.73193E-02   7.16794E-02   7.73652E-01 
    8.11942E-02   6.15479E-03   0.00000E+00   8.55987E-01   1.44013E-01  NONE
   8.03000E+02   8.81815E-06   1.01283E-03   9.56141E-01   3.59572E-03 
    2.56031E-02   1.36380E-02   6.73235E-02   7.21934E-02   7.71591E-01 
    8.27266E-02   6.16533E-03   0.00000E+00   8.55963E-01   1.44037E-01  NONE
   7.93000E+02   7.51480E-06   9.44430E-04   9.56417E-01   3.39131E-03 
    2.56020E-02   1.36382E-02   6.73276E-02   7.26903E-02   7.69585E-01 
    8.42223E-02   6.17494E-03   0.00000E+00   8.55943E-01   1.44057E-01  NONE
   7.83000E+02   6.38335E-06   8.78596E-04   9.56683E-01   3.19227E-03 
    2.56010E-02   1.36383E-02   6.73316E-02   7.31694E-02   7.67636E-01 
    8.56797E-02   6.18359E-03   0.00000E+00   8.55925E-01   1.44075E-01  NONE
   7.73000E+02   5.40392E-06   8.15380E-04   9.56942E-01   2.99884E-03 
    2.56001E-02   1.36384E-02   6.73354E-02   7.36303E-02   7.65746E-01 
    8.70970E-02   6.19127E-03   0.00000E+00   8.55910E-01   1.44090E-01  NONE
   7.63000E+02   4.55861E-06   7.54826E-04   9.57192E-01   2.81122E-03 
    2.55993E-02   1.36385E-02   6.73391E-02   7.40725E-02   7.63918E-01 
    8.84725E-02   6.19795E-03   0.00000E+00   8.55896E-01   1.44104E-01  NONE
   7.53000E+02   3.83134E-06   6.96969E-04   9.57432E-01   2.62961E-03 
    2.55986E-02   1.36385E-02   6.73426E-02   7.44957E-02   7.62154E-01 
    8.98046E-02   6.20358E-03   0.00000E+00   8.55885E-01   1.44115E-01  NONE
   7.43000E+02   3.20765E-06   6.41833E-04   9.57664E-01   2.45420E-03 
    2.55981E-02   1.36386E-02   6.73461E-02   7.48995E-02   7.60454E-01 
    9.10918E-02   6.20811E-03   0.00000E+00   8.55875E-01   1.44125E-01  NONE
   7.33000E+02   2.67463E-06   5.89433E-04   9.57887E-01   2.28517E-03 
    2.55976E-02   1.36386E-02   6.73493E-02   7.52838E-02   7.58822E-01 
    9.23329E-02   6.21149E-03   0.00000E+00   8.55867E-01   1.44133E-01  NONE
   7.23000E+02   2.22073E-06   5.39772E-04   9.58099E-01   2.12267E-03 
    2.55973E-02   1.36386E-02   6.73524E-02   7.56484E-02   7.57259E-01 
    9.35266E-02   6.21365E-03   0.00000E+00   8.55860E-01   1.44140E-01  NONE
   7.13000E+02   1.83566E-06   4.92843E-04   9.58303E-01   1.96682E-03 
    2.55972E-02   1.36386E-02   6.73554E-02   7.59934E-02   7.55765E-01 
    9.46719E-02   6.21451E-03   0.00000E+00   8.55854E-01   1.44146E-01  NONE
   7.03231E+02   1.51718E-06   4.49619E-04   9.58492E-01   1.82110E-03 
    2.55973E-02   1.36386E-02   6.73582E-02   7.63115E-02   7.54373E-01 
    9.57432E-02   6.21402E-03   0.00000E+00   8.55849E-01   1.44151E-01  NONE

 Phase Region for:
     BCC_A2                        
     CEMENTITE                     
     FCC_A1#1                      
 col-1=T, col-2=W(BCC_A2,C), col-3=W(BCC_A2,CR), col-4=W(BCC_A2,FE),
   col-5=W(BCC_A2,MN), col-6=W(BCC_A2,NI), col-7=W(BCC_A2,SI),
   col-8=W(CEMENTITE,C), col-9=W(CEMENTITE,CR), col-10=W(CEMENTITE,FE),
   col-11=W(CEMENTITE,MN), col-12=W(CEMENTITE,NI), col-13=W(CEMENTITE,SI),
   col-14=W(FCC_A1#1,C), col-15=W(FCC_A1#1,CR), col-16=W(FCC_A1#1,FE),
   col-17=W(FCC_A1#1,MN), col-18=W(FCC_A1#1,NI), col-19=W(FCC_A1#1,SI),
   col-20=NP(BCC_A2), col-21=NP(CEMENTITE), col-22=NP(FCC_A1#1),
   7.03231E+02   1.51718E-06   4.49619E-04   9.58492E-01   1.82109E-03 
    2.55973E-02   1.36386E-02   6.73582E-02   7.63115E-02   7.54373E-01 
    9.57432E-02   6.21401E-03   0.00000E+00   3.83058E-04   4.56295E-04 
    4.82278E-01   1.29518E-01   3.77027E-01   1.03377E-02   8.55849E-01 
    1.44151E-01   1.00164E-08
   7.03000E+02   1.51044E-06   4.48607E-04   9.58506E-01   1.81716E-03 
    2.55879E-02   1.36387E-02   6.73582E-02   7.63190E-02   7.54365E-01 
    9.57464E-02   6.21157E-03   0.00000E+00   3.82272E-04   4.55266E-04 
    4.81963E-01   1.29584E-01   3.77278E-01   1.03369E-02   8.55826E-01 
    1.44151E-01   2.31446E-05
   6.93000E+02   1.24262E-06   4.06237E-04   9.59126E-01   1.65174E-03 
    2.51723E-02   1.36425E-02   6.73602E-02   7.66337E-02   7.54078E-01 
    9.58266E-02   6.10185E-03   0.00000E+00   3.49951E-04   4.12613E-04 
    4.68656E-01   1.32354E-01   3.87916E-01   1.03118E-02   8.54830E-01 
    1.44149E-01   1.02062E-03
   6.83000E+02   1.01742E-06   3.66610E-04   9.59755E-01   1.49606E-03 
    2.47351E-02   1.36464E-02   6.73620E-02   7.69278E-02   7.53930E-01 
    9.57950E-02   5.98470E-03   0.00000E+00   3.20682E-04   3.73451E-04 
    4.55923E-01   1.34909E-01   3.98173E-01   1.03010E-02   8.53842E-01 
    1.44147E-01   2.01053E-03
   6.73000E+02   8.28812E-07   3.29682E-04   9.60391E-01   1.35020E-03 
    2.42776E-02   1.36503E-02   6.73636E-02   7.72017E-02   7.53918E-01 
    9.56563E-02   5.86041E-03   0.00000E+00   2.94065E-04   3.37487E-04 
    4.43716E-01   1.37265E-01   4.08084E-01   1.03043E-02   8.52861E-01 
    1.44146E-01   2.99355E-03
