
 Phase Region for:
     FCC_A1#1                      
 col-1=T, col-2=W(FCC_A1#1,C), col-3=W(FCC_A1#1,CR), col-4=W(FCC_A1#1,FE),
   col-5=W(FCC_A1#1,MN), col-6=W(FCC_A1#1,NI), col-7=W(FCC_A1#1,SI),
   col-8=NP(FCC_A1#1),
   1.17300E+03   5.60189E-03   2.49185E-02   9.42738E-01   5.05404E-03 
    6.24575E-03   1.54421E-02   1.00000E+00
   1.18300E+03   5.60189E-03   2.49185E-02   9.42738E-01   5.05404E-03 
    6.24575E-03   1.54421E-02   1.00000E+00
   1.19300E+03   5.60189E-03   2.49185E-02   9.42738E-01   5.05404E-03 
    6.24575E-03   1.54421E-02   1.00000E+00
   1.20300E+03   5.60189E-03   2.49185E-02   9.42738E-01   5.05404E-03 
    6.24575E-03   1.54421E-02   1.00000E+00
   1.21300E+03   5.60189E-03   2.49185E-02   9.42738E-01   5.05404E-03 
    6.24575E-03   1.54421E-02   1.00000E+00
   1.22300E+03   5.60189E-03   2.49185E-02   9.42738E-01   5.05404E-03 
    6.24575E-03   1.54421E-02   1.00000E+00
   1.23300E+03   5.60189E-03   2.49185E-02   9.42738E-01   5.05404E-03 
    6.24575E-03   1.54421E-02   1.00000E+00
   1.24300E+03   5.60189E-03   2.49185E-02   9.42738E-01   5.05404E-03 
    6.24575E-03   1.54421E-02   1.00000E+00
   1.25300E+03   5.60189E-03   2.49185E-02   9.42738E-01   5.05404E-03 
    6.24575E-03   1.54421E-02   1.00000E+00
   1.26300E+03   5.60189E-03   2.49185E-02   9.42738E-01   5.05404E-03 
    6.24575E-03   1.54421E-02   1.00000E+00
   1.27300E+03   5.60189E-03   2.49185E-02   9.42738E-01   5.05404E-03 
    6.24575E-03   1.54421E-02   1.00000E+00
   1.28300E+03   5.60189E-03   2.49185E-02   9.42738E-01   5.05404E-03 
    6.24575E-03   1.54421E-02   1.00000E+00
   1.29300E+03   5.60189E-03   2.49185E-02   9.42738E-01   5.05404E-03 
    6.24575E-03   1.54421E-02   1.00000E+00
   1.30300E+03   5.60189E-03   2.49185E-02   9.42738E-01   5.05404E-03 
    6.24575E-03   1.54421E-02   1.00000E+00
   1.31300E+03   5.60189E-03   2.49185E-02   9.42738E-01   5.05404E-03 
    6.24575E-03   1.54421E-02   1.00000E+00
   1.32300E+03   5.60189E-03   2.49185E-02   9.42738E-01   5.05404E-03 
    6.24575E-03   1.54421E-02   1.00000E+00
   1.33300E+03   5.60189E-03   2.49185E-02   9.42738E-01   5.05404E-03 
    6.24575E-03   1.54421E-02   1.00000E+00
   1.34300E+03   5.60189E-03   2.49185E-02   9.42738E-01   5.05404E-03 
    6.24575E-03   1.54421E-02   1.00000E+00
   1.35300E+03   5.60189E-03   2.49185E-02   9.42738E-01   5.05404E-03 
    6.24575E-03   1.54421E-02   1.00000E+00
   1.36300E+03   5.60189E-03   2.49185E-02   9.42738E-01   5.05404E-03 
    6.24575E-03   1.54421E-02   1.00000E+00
   1.37300E+03   5.60189E-03   2.49185E-02   9.42738E-01   5.05404E-03 
    6.24575E-03   1.54421E-02   1.00000E+00
   1.38300E+03   5.60189E-03   2.49185E-02   9.42738E-01   5.05404E-03 
    6.24575E-03   1.54421E-02   1.00000E+00
   1.39300E+03   5.60189E-03   2.49185E-02   9.42738E-01   5.05404E-03 
    6.24575E-03   1.54421E-02   1.00000E+00
   1.40300E+03   5.60189E-03   2.49185E-02   9.42738E-01   5.05404E-03 
    6.24575E-03   1.54421E-02   1.00000E+00
   1.41300E+03   5.60189E-03   2.49185E-02   9.42738E-01   5.05404E-03 
    6.24575E-03   1.54421E-02   1.00000E+00
   1.42300E+03   5.60189E-03   2.49185E-02   9.42738E-01   5.05404E-03 
    6.24575E-03   1.54421E-02   1.00000E+00
   1.43300E+03   5.60189E-03   2.49185E-02   9.42738E-01   5.05404E-03 
    6.24575E-03   1.54421E-02   1.00000E+00
   1.44300E+03   5.60189E-03   2.49185E-02   9.42738E-01   5.05404E-03 
    6.24575E-03   1.54421E-02   1.00000E+00
   1.45300E+03   5.60189E-03   2.49185E-02   9.42738E-01   5.05404E-03 
    6.24575E-03   1.54421E-02   1.00000E+00
   1.46300E+03   5.60189E-03   2.49185E-02   9.42738E-01   5.05404E-03 
    6.24575E-03   1.54421E-02   1.00000E+00
   1.47300E+03   5.60189E-03   2.49185E-02   9.42738E-01   5.05404E-03 
    6.24575E-03   1.54421E-02   1.00000E+00

 Phase Region for:
     FCC_A1#1                      
 col-1=T, col-2=W(FCC_A1#1,C), col-3=W(FCC_A1#1,CR), col-4=W(FCC_A1#1,FE),
   col-5=W(FCC_A1#1,MN), col-6=W(FCC_A1#1,NI), col-7=W(FCC_A1#1,SI),
   col-8=NP(FCC_A1#1),
   1.17300E+03   5.60189E-03   2.49185E-02   9.42738E-01   5.05404E-03 
    6.24575E-03   1.54421E-02   1.00000E+00
   1.16300E+03   5.60189E-03   2.49185E-02   9.42738E-01   5.05404E-03 
    6.24575E-03   1.54421E-02   1.00000E+00
   1.15300E+03   5.60189E-03   2.49185E-02   9.42738E-01   5.05404E-03 
    6.24575E-03   1.54421E-02   1.00000E+00
   1.14300E+03   5.60189E-03   2.49185E-02   9.42738E-01   5.05404E-03 
    6.24575E-03   1.54421E-02   1.00000E+00
   1.13300E+03   5.60189E-03   2.49185E-02   9.42738E-01   5.05404E-03 
    6.24575E-03   1.54421E-02   1.00000E+00
   1.12300E+03   5.60189E-03   2.49185E-02   9.42738E-01   5.05404E-03 
    6.24575E-03   1.54421E-02   1.00000E+00
   1.11300E+03   5.60189E-03   2.49185E-02   9.42738E-01   5.05404E-03 
    6.24575E-03   1.54421E-02   1.00000E+00
   1.10300E+03   5.60189E-03   2.49185E-02   9.42738E-01   5.05404E-03 
    6.24575E-03   1.54421E-02   1.00000E+00
   1.09300E+03   5.60189E-03   2.49185E-02   9.42738E-01   5.05404E-03 
    6.24575E-03   1.54421E-02   1.00000E+00
   1.08538E+03   5.60189E-03   2.49185E-02   9.42738E-01   5.05404E-03 
    6.24575E-03   1.54421E-02   1.00000E+00

 Phase Region for:
     CEMENTITE                     
     FCC_A1#1                      
 col-1=T, col-2=W(CEMENTITE,C), col-3=W(CEMENTITE,CR), col-4=W(CEMENTITE,FE),
   col-5=W(CEMENTITE,MN), col-6=W(CEMENTITE,NI), col-7=W(CEMENTITE,SI),
   col-8=W(FCC_A1#1,C), col-9=W(FCC_A1#1,CR), col-10=W(FCC_A1#1,FE),
   col-11=W(FCC_A1#1,MN), col-12=W(FCC_A1#1,NI), col-13=W(FCC_A1#1,SI),
   col-14=NP(CEMENTITE), col-15=NP(FCC_A1#1),
   1.08538E+03   6.79986E-02   2.21606E-01   7.02498E-01   7.36873E-03 
    5.29238E-04   0.00000E+00   5.60189E-03   2.49185E-02   9.42738E-01 
    5.05404E-03   6.24575E-03   1.54421E-02   4.55582E-08   1.00000E+00  NONE
   1.08300E+03   6.80003E-02   2.21945E-01   7.02146E-01   7.38330E-03 
    5.25747E-04   0.00000E+00   5.54650E-03   2.47436E-02   9.42951E-01 
    5.05197E-03   6.25083E-03   1.54558E-02   1.08135E-03   9.98919E-01  NONE
   1.07300E+03   6.80076E-02   2.23380E-01   7.00656E-01   7.44583E-03 
    5.11201E-04   0.00000E+00   5.31768E-03   2.40147E-02   9.43840E-01 
    5.04315E-03   6.27187E-03   1.55124E-02   5.52797E-03   9.94472E-01  NONE
   1.06300E+03   6.80149E-02   2.24834E-01   6.99144E-01   7.51071E-03 
    4.96833E-04   0.00000E+00   5.09472E-03   2.32940E-02   9.44717E-01 
    5.03408E-03   6.29247E-03   1.55676E-02   9.82941E-03   9.90171E-01  NONE
   1.05300E+03   6.80223E-02   2.26306E-01   6.97611E-01   7.57801E-03 
    4.82644E-04   0.00000E+00   4.87761E-03   2.25817E-02   9.45582E-01 
    5.02475E-03   6.31262E-03   1.56213E-02   1.39889E-02   9.86011E-01  NONE
   1.04628E+03   6.80273E-02   2.27306E-01   6.96569E-01   7.62465E-03 
    4.73212E-04   0.00000E+00   4.73499E-03   2.21080E-02   9.46156E-01 
    5.01834E-03   6.32591E-03   1.56565E-02   1.67056E-02   9.83294E-01  NONE

 Phase Region for:
     BCC_A2                        
     CEMENTITE                     
     FCC_A1#1                      
 col-1=T, col-2=W(BCC_A2,C), col-3=W(BCC_A2,CR), col-4=W(BCC_A2,FE),
   col-5=W(BCC_A2,MN), col-6=W(BCC_A2,NI), col-7=W(BCC_A2,SI),
   col-8=W(CEMENTITE,C), col-9=W(CEMENTITE,CR), col-10=W(CEMENTITE,FE),
   col-11=W(CEMENTITE,MN), col-12=W(CEMENTITE,NI), col-13=W(CEMENTITE,SI),
   col-14=W(FCC_A1#1,C), col-15=W(FCC_A1#1,CR), col-16=W(FCC_A1#1,FE),
   col-17=W(FCC_A1#1,MN), col-18=W(FCC_A1#1,NI), col-19=W(FCC_A1#1,SI),
   col-20=NP(BCC_A2), col-21=NP(CEMENTITE), col-22=NP(FCC_A1#1),
   1.04628E+03   1.47779E-04   1.46190E-02   9.59787E-01   2.05428E-03 
    3.25744E-03   2.01345E-02   6.80273E-02   2.27306E-01   6.96569E-01 
    7.62467E-03   4.73213E-04   0.00000E+00   4.73499E-03   2.21079E-02 
    9.46156E-01   5.01836E-03   6.32593E-03   1.56565E-02   4.63420E-06 
    1.67060E-02   9.83289E-01
   1.04300E+03   1.45145E-04   1.38862E-02   9.60697E-01   2.20359E-03 
    3.52167E-03   1.95465E-02   6.79979E-02   2.21217E-01   7.01833E-01 
    8.43444E-03   5.17283E-04   0.00000E+00   4.75630E-03   2.11496E-02 
    9.46564E-01   5.46995E-03   6.90622E-03   1.51537E-02   1.46960E-01 
    2.95769E-02   8.23463E-01
   1.03300E+03   1.35779E-04   1.20452E-02   9.62433E-01   2.76028E-03 
    4.52458E-03   1.81014E-02   6.79231E-02   2.05531E-01   7.14352E-01 
    1.15087E-02   6.84987E-04   0.00000E+00   4.76577E-03   1.86610E-02 
    9.46236E-01   7.19939E-03   9.17405E-03   1.39635E-02   5.24761E-01 
    6.38088E-02   4.11430E-01
   1.02300E+03   1.24410E-04   1.07795E-02   9.62670E-01   3.44762E-03 
    5.81291E-03   1.71655E-02   6.78759E-02   1.95268E-01   7.20526E-01 
    1.54317E-02   8.98670E-04   0.00000E+00   4.67966E-03   1.68492E-02 
    9.43487E-01   9.45549E-03   1.22561E-02   1.32731E-02   7.89832E-01 
    8.83596E-02   1.21808E-01
   1.01690E+03   1.16823E-04   1.02355E-02   9.62239E-01   3.90241E-03 
    6.70399E-03   1.68026E-02   6.78601E-02   1.91578E-01   7.21392E-01 
    1.81256E-02   1.04454E-03   0.00000E+00   4.58500E-03   1.60256E-02 
    9.40779E-01   1.10425E-02   1.45136E-02   1.30542E-02   9.01487E-01 
    9.85126E-02   0.00000E+00

 Phase Region for:
     BCC_A2                        
     CEMENTITE                     
 col-1=T, col-2=W(BCC_A2,C), col-3=W(BCC_A2,CR), col-4=W(BCC_A2,FE),
   col-5=W(BCC_A2,MN), col-6=W(BCC_A2,NI), col-7=W(BCC_A2,SI),
   col-8=W(CEMENTITE,C), col-9=W(CEMENTITE,CR), col-10=W(CEMENTITE,FE),
   col-11=W(CEMENTITE,MN), col-12=W(CEMENTITE,NI), col-13=W(CEMENTITE,SI),
   col-14=NP(BCC_A2), col-15=NP(CEMENTITE),
   1.01690E+03   1.16823E-04   1.02355E-02   9.62239E-01   3.90241E-03 
    6.70399E-03   1.68026E-02   6.78601E-02   1.91578E-01   7.21392E-01 
    1.81256E-02   1.04454E-03   0.00000E+00   9.01487E-01   9.85126E-02  NONE
   1.01300E+03   1.11459E-04   1.01117E-02   9.62391E-01   3.87729E-03 
    6.70461E-03   1.68038E-02   6.78667E-02   1.92837E-01   7.19856E-01 
    1.83990E-02   1.04199E-03   0.00000E+00   9.01399E-01   9.86011E-02  NONE
   1.00300E+03   9.85905E-05   9.77949E-03   9.62813E-01   3.79649E-03 
    6.70579E-03   1.68066E-02   6.78846E-02   1.96252E-01   7.15538E-01 
    1.92862E-02   1.03936E-03   0.00000E+00   9.01187E-01   9.88134E-02  NONE
   9.93000E+02   8.70520E-05   9.44559E-03   9.63239E-01   3.71209E-03 
    6.70683E-03   1.68090E-02   6.79028E-02   1.99715E-01   7.11131E-01 
    2.02140E-02   1.03693E-03   0.00000E+00   9.00996E-01   9.90037E-02  NONE
   9.83000E+02   7.67360E-05   9.11260E-03   9.63665E-01   3.62678E-03 
    6.70782E-03   1.68112E-02   6.79210E-02   2.03196E-01   7.06697E-01 
    2.11523E-02   1.03403E-03   0.00000E+00   9.00826E-01   9.91738E-02  NONE
   9.73000E+02   6.75255E-05   8.78059E-03   9.64090E-01   3.54058E-03 
    6.70874E-03   1.68131E-02   6.79394E-02   2.06691E-01   7.02237E-01 
    2.21013E-02   1.03071E-03   0.00000E+00   9.00674E-01   9.93256E-02  NONE
   9.63000E+02   5.93143E-05   8.44973E-03   9.64513E-01   3.45347E-03 
    6.70962E-03   1.68147E-02   6.79579E-02   2.10198E-01   6.97756E-01 
    2.30610E-02   1.02702E-03   0.00000E+00   9.00539E-01   9.94609E-02  NONE
   9.53000E+02   5.20052E-05   8.12019E-03   9.64936E-01   3.36547E-03 
    6.71045E-03   1.68161E-02   6.79764E-02   2.13713E-01   6.93256E-01 
    2.40317E-02   1.02299E-03   0.00000E+00   9.00419E-01   9.95813E-02  NONE
   9.43000E+02   4.55100E-05   7.79223E-03   9.65357E-01   3.27657E-03 
    6.71124E-03   1.68173E-02   6.79949E-02   2.17231E-01   6.88742E-01 
    2.50134E-02   1.01868E-03   0.00000E+00   9.00312E-01   9.96883E-02  NONE
   9.33000E+02   3.97479E-05   7.46615E-03   9.65777E-01   3.18678E-03 
    6.71199E-03   1.68183E-02   6.80134E-02   2.20747E-01   6.84219E-01 
    2.60061E-02   1.01412E-03   0.00000E+00   9.00217E-01   9.97832E-02  NONE
   9.23000E+02   3.46454E-05   7.14226E-03   9.66195E-01   3.09612E-03 
    6.71271E-03   1.68192E-02   6.80320E-02   2.24258E-01   6.79691E-01 
    2.70098E-02   1.00936E-03   0.00000E+00   9.00133E-01   9.98673E-02  NONE
   9.13000E+02   3.01355E-05   6.82096E-03   9.66611E-01   3.00461E-03 
    6.71339E-03   1.68199E-02   6.80504E-02   2.27757E-01   6.75164E-01 
    2.80242E-02   1.00442E-03   0.00000E+00   9.00058E-01   9.99415E-02  NONE
   9.03000E+02   2.61572E-05   6.50264E-03   9.67024E-01   2.91228E-03 
    6.71404E-03   1.68204E-02   6.80688E-02   2.31238E-01   6.70645E-01 
    2.90490E-02   9.99340E-04   0.00000E+00   8.99993E-01   1.00007E-01  NONE
   8.93000E+02   2.26548E-05   6.18777E-03   9.67435E-01   2.81916E-03 
    6.71466E-03   1.68209E-02   6.80871E-02   2.34695E-01   6.66140E-01 
    3.00839E-02   9.94155E-04   0.00000E+00   8.99935E-01   1.00065E-01  NONE
   8.83000E+02   1.95778E-05   5.87682E-03   9.67842E-01   2.72530E-03 
    6.71525E-03   1.68213E-02   6.81053E-02   2.38122E-01   6.61655E-01 
    3.11282E-02   9.88891E-04   0.00000E+00   8.99885E-01   1.00115E-01  NONE
   8.73000E+02   1.68804E-05   5.57028E-03   9.68245E-01   2.63078E-03 
    6.71582E-03   1.68215E-02   6.81233E-02   2.41512E-01   6.57200E-01 
    3.21812E-02   9.83576E-04   0.00000E+00   8.99840E-01   1.00160E-01  NONE
   8.63000E+02   1.45209E-05   5.26868E-03   9.68643E-01   2.53567E-03 
    6.71636E-03   1.68217E-02   6.81410E-02   2.44858E-01   6.52781E-01 
    3.32420E-02   9.78234E-04   0.00000E+00   8.99801E-01   1.00199E-01  NONE
   8.53000E+02   1.24615E-05   4.97254E-03   9.69036E-01   2.44006E-03 
    6.71688E-03   1.68218E-02   6.81585E-02   2.48153E-01   6.48406E-01 
    3.43096E-02   9.72886E-04   0.00000E+00   8.99768E-01   1.00232E-01  NONE
