
 Phase Region for:
     FCC_A1#2                      
 col-1=T, col-2=W(FCC_A1#2,C), col-3=W(FCC_A1#2,CR), col-4=W(FCC_A1#2,FE),
   col-5=W(FCC_A1#2,MN), col-6=W(FCC_A1#2,NI), col-7=W(FCC_A1#2,SI),
   col-8=NP(FCC_A1#2),
   1.17300E+03   7.79917E-03   2.27343E-02   9.22533E-01   6.67096E-03 
    1.96455E-02   2.06175E-02   1.00000E+00
   1.18300E+03   7.79917E-03   2.27343E-02   9.22533E-01   6.67096E-03 
    1.96455E-02   2.06175E-02   1.00000E+00
   1.19300E+03   7.79917E-03   2.27343E-02   9.22533E-01   6.67096E-03 
    1.96455E-02   2.06175E-02   1.00000E+00
   1.20300E+03   7.79917E-03   2.27343E-02   9.22533E-01   6.67096E-03 
    1.96455E-02   2.06175E-02   1.00000E+00
   1.21300E+03   7.79917E-03   2.27343E-02   9.22533E-01   6.67096E-03 
    1.96455E-02   2.06175E-02   1.00000E+00
   1.22300E+03   7.79917E-03   2.27343E-02   9.22533E-01   6.67096E-03 
    1.96455E-02   2.06175E-02   1.00000E+00
   1.23300E+03   7.79917E-03   2.27343E-02   9.22533E-01   6.67096E-03 
    1.96455E-02   2.06175E-02   1.00000E+00
   1.24300E+03   7.79917E-03   2.27343E-02   9.22533E-01   6.67096E-03 
    1.96455E-02   2.06175E-02   1.00000E+00
   1.25300E+03   7.79917E-03   2.27343E-02   9.22533E-01   6.67096E-03 
    1.96455E-02   2.06175E-02   1.00000E+00
   1.26300E+03   7.79917E-03   2.27343E-02   9.22533E-01   6.67096E-03 
    1.96455E-02   2.06175E-02   1.00000E+00
   1.27300E+03   7.79917E-03   2.27343E-02   9.22533E-01   6.67096E-03 
    1.96455E-02   2.06175E-02   1.00000E+00
   1.28300E+03   7.79917E-03   2.27343E-02   9.22533E-01   6.67096E-03 
    1.96455E-02   2.06175E-02   1.00000E+00
   1.29300E+03   7.79917E-03   2.27343E-02   9.22533E-01   6.67096E-03 
    1.96455E-02   2.06175E-02   1.00000E+00
   1.30300E+03   7.79917E-03   2.27343E-02   9.22533E-01   6.67096E-03 
    1.96455E-02   2.06175E-02   1.00000E+00
   1.31300E+03   7.79917E-03   2.27343E-02   9.22533E-01   6.67096E-03 
    1.96455E-02   2.06175E-02   1.00000E+00
   1.32300E+03   7.79917E-03   2.27343E-02   9.22533E-01   6.67096E-03 
    1.96455E-02   2.06175E-02   1.00000E+00
   1.33300E+03   7.79917E-03   2.27343E-02   9.22533E-01   6.67096E-03 
    1.96455E-02   2.06175E-02   1.00000E+00
   1.34300E+03   7.79917E-03   2.27343E-02   9.22533E-01   6.67096E-03 
    1.96455E-02   2.06175E-02   1.00000E+00
   1.35300E+03   7.79917E-03   2.27343E-02   9.22533E-01   6.67096E-03 
    1.96455E-02   2.06175E-02   1.00000E+00
   1.36300E+03   7.79917E-03   2.27343E-02   9.22533E-01   6.67096E-03 
    1.96455E-02   2.06175E-02   1.00000E+00
   1.37300E+03   7.79917E-03   2.27343E-02   9.22533E-01   6.67096E-03 
    1.96455E-02   2.06175E-02   1.00000E+00
   1.38300E+03   7.79917E-03   2.27343E-02   9.22533E-01   6.67096E-03 
    1.96455E-02   2.06175E-02   1.00000E+00
   1.39300E+03   7.79917E-03   2.27343E-02   9.22533E-01   6.67096E-03 
    1.96455E-02   2.06175E-02   1.00000E+00
   1.40300E+03   7.79917E-03   2.27343E-02   9.22533E-01   6.67096E-03 
    1.96455E-02   2.06175E-02   1.00000E+00
   1.41300E+03   7.79917E-03   2.27343E-02   9.22533E-01   6.67096E-03 
    1.96455E-02   2.06175E-02   1.00000E+00
   1.42300E+03   7.79917E-03   2.27343E-02   9.22533E-01   6.67096E-03 
    1.96455E-02   2.06175E-02   1.00000E+00
   1.43300E+03   7.79917E-03   2.27343E-02   9.22533E-01   6.67096E-03 
    1.96455E-02   2.06175E-02   1.00000E+00
   1.44300E+03   7.79917E-03   2.27343E-02   9.22533E-01   6.67096E-03 
    1.96455E-02   2.06175E-02   1.00000E+00
   1.45300E+03   7.79917E-03   2.27343E-02   9.22533E-01   6.67096E-03 
    1.96455E-02   2.06175E-02   1.00000E+00
   1.46300E+03   7.79917E-03   2.27343E-02   9.22533E-01   6.67096E-03 
    1.96455E-02   2.06175E-02   1.00000E+00
   1.47300E+03   7.79917E-03   2.27343E-02   9.22533E-01   6.67096E-03 
    1.96455E-02   2.06175E-02   1.00000E+00

 Phase Region for:
     FCC_A1#2                      
 col-1=T, col-2=W(FCC_A1#2,C), col-3=W(FCC_A1#2,CR), col-4=W(FCC_A1#2,FE),
   col-5=W(FCC_A1#2,MN), col-6=W(FCC_A1#2,NI), col-7=W(FCC_A1#2,SI),
   col-8=NP(FCC_A1#2),
   1.17300E+03   7.79917E-03   2.27343E-02   9.22533E-01   6.67096E-03 
    1.96455E-02   2.06175E-02   1.00000E+00
   1.16300E+03   7.79917E-03   2.27343E-02   9.22533E-01   6.67096E-03 
    1.96455E-02   2.06175E-02   1.00000E+00
   1.15951E+03   7.79917E-03   2.27343E-02   9.22533E-01   6.67096E-03 
    1.96455E-02   2.06175E-02   1.00000E+00

 Phase Region for:
     CEMENTITE                     
     FCC_A1#2                      
 col-1=T, col-2=W(CEMENTITE,C), col-3=W(CEMENTITE,CR), col-4=W(CEMENTITE,FE),
   col-5=W(CEMENTITE,MN), col-6=W(CEMENTITE,NI), col-7=W(CEMENTITE,SI),
   col-8=W(FCC_A1#2,C), col-9=W(FCC_A1#2,CR), col-10=W(FCC_A1#2,FE),
   col-11=W(FCC_A1#2,MN), col-12=W(FCC_A1#2,NI), col-13=W(FCC_A1#2,SI),
   col-14=NP(CEMENTITE), col-15=NP(FCC_A1#2),
   1.15951E+03   6.76763E-02   1.57446E-01   7.63651E-01   8.81582E-03 
    2.41138E-03   0.00000E+00   7.79917E-03   2.27343E-02   9.22533E-01 
    6.67096E-03   1.96455E-02   2.06175E-02   5.59269E-08   1.00000E+00
   1.15300E+03   6.76785E-02   1.57873E-01   7.63220E-01   8.85382E-03 
    2.37457E-03   0.00000E+00   7.61874E-03   2.23271E-02   9.23013E-01 
    6.66438E-03   1.96975E-02   2.06796E-02   3.60248E-03   9.96398E-01
   1.14300E+03   6.76821E-02   1.58537E-01   7.62548E-01   8.91402E-03 
    2.31837E-03   0.00000E+00   7.34625E-03   2.17072E-02   9.23743E-01 
    6.65399E-03   1.97766E-02   2.07734E-02   9.00199E-03   9.90998E-01
   1.13300E+03   6.76857E-02   1.59208E-01   7.61867E-01   8.97644E-03 
    2.26265E-03   0.00000E+00   7.07963E-03   2.10946E-02   9.24463E-01 
    6.64326E-03   1.98544E-02   2.08652E-02   1.42382E-02   9.85762E-01
   1.12300E+03   6.76893E-02   1.59886E-01   7.61176E-01   9.04116E-03 
    2.20743E-03   0.00000E+00   6.81885E-03   2.04893E-02   9.25174E-01 
    6.63216E-03   1.99309E-02   2.09550E-02   1.93153E-02   9.80685E-01
   1.11300E+03   6.76929E-02   1.60570E-01   7.60476E-01   9.10824E-03 
    2.15272E-03   0.00000E+00   6.56388E-03   1.98915E-02   9.25875E-01 
    6.62069E-03   2.00063E-02   2.10427E-02   2.42374E-02   9.75763E-01
   1.10300E+03   6.76966E-02   1.61260E-01   7.59767E-01   9.17775E-03 
    2.09853E-03   0.00000E+00   6.31469E-03   1.93011E-02   9.26566E-01 
    6.60883E-03   2.00804E-02   2.11285E-02   2.90083E-02   9.70992E-01
   1.09300E+03   6.77003E-02   1.61955E-01   7.59051E-01   9.24979E-03 
    2.04487E-03   0.00000E+00   6.07124E-03   1.87183E-02   9.27248E-01 
    6.59657E-03   2.01532E-02   2.12122E-02   3.36319E-02   9.66368E-01
   1.08300E+03   6.77040E-02   1.62654E-01   7.58326E-01   9.32442E-03 
    1.99174E-03   0.00000E+00   5.83352E-03   1.81431E-02   9.27921E-01 
    6.58389E-03   2.02248E-02   2.12940E-02   3.81117E-02   9.61888E-01
   1.07300E+03   6.77077E-02   1.63358E-01   7.57593E-01   9.40174E-03 
    1.93917E-03   0.00000E+00   5.60148E-03   1.75756E-02   9.28583E-01 
    6.57078E-03   2.02950E-02   2.13738E-02   4.24513E-02   9.57549E-01
   1.06300E+03   6.77115E-02   1.64066E-01   7.56854E-01   9.48183E-03 
    1.88715E-03   0.00000E+00   5.37509E-03   1.70160E-02   9.29236E-01 
    6.55723E-03   2.03640E-02   2.14517E-02   4.66540E-02   9.53346E-01
   1.05300E+03   6.77153E-02   1.64777E-01   7.56108E-01   9.56479E-03 
    1.83571E-03   0.00000E+00   5.15433E-03   1.64642E-02   9.29879E-01 
    6.54322E-03   2.04317E-02   2.15276E-02   5.07229E-02   9.49277E-01
   1.04300E+03   6.77191E-02   1.65490E-01   7.55355E-01   9.65073E-03 
    1.78484E-03   0.00000E+00   4.93915E-03   1.59205E-02   9.30512E-01 
    6.52873E-03   2.04980E-02   2.16016E-02   5.46614E-02   9.45339E-01
   1.03300E+03   6.77229E-02   1.66206E-01   7.54596E-01   9.73974E-03 
    1.73456E-03   0.00000E+00   4.72952E-03   1.53848E-02   9.31135E-01 
    6.51376E-03   2.05630E-02   2.16737E-02   5.84724E-02   9.41528E-01
   1.03152E+03   6.77235E-02   1.66313E-01   7.54483E-01   9.75322E-03 
    1.72715E-03   0.00000E+00   4.69888E-03   1.53060E-02   9.31227E-01 
    6.51149E-03   2.05725E-02   2.16842E-02   5.90273E-02   9.40973E-01

 Phase Region for:
     BCC_A2                        
     CEMENTITE                     
     FCC_A1#2                      
 col-1=T, col-2=W(BCC_A2,C), col-3=W(BCC_A2,CR), col-4=W(BCC_A2,FE),
   col-5=W(BCC_A2,MN), col-6=W(BCC_A2,NI), col-7=W(BCC_A2,SI),
   col-8=W(CEMENTITE,C), col-9=W(CEMENTITE,CR), col-10=W(CEMENTITE,FE),
   col-11=W(CEMENTITE,MN), col-12=W(CEMENTITE,NI), col-13=W(CEMENTITE,SI),
   col-14=W(FCC_A1#2,C), col-15=W(FCC_A1#2,CR), col-16=W(FCC_A1#2,FE),
   col-17=W(FCC_A1#2,MN), col-18=W(FCC_A1#2,NI), col-19=W(FCC_A1#2,SI),
   col-20=NP(BCC_A2), col-21=NP(CEMENTITE), col-22=NP(FCC_A1#2),
   1.03152E+03   1.33467E-04   1.00056E-02   9.49986E-01   2.45330E-03 
    9.96211E-03   2.74596E-02   6.77235E-02   1.66313E-01   7.54483E-01 
    9.75323E-03   1.72715E-03   0.00000E+00   4.69888E-03   1.53060E-02 
    9.31227E-01   6.51150E-03   2.05726E-02   2.16842E-02   2.70727E-06 
    5.90275E-02   9.40970E-01
   1.02300E+03   1.23783E-04   9.19276E-03   9.50455E-01   2.68371E-03 
    1.12003E-02   2.63441E-02   6.76958E-02   1.60546E-01   7.58513E-01 
    1.12872E-02   1.95849E-03   0.00000E+00   4.59476E-03   1.41211E-02 
    9.29228E-01   7.44682E-03   2.38182E-02   2.07914E-02   2.11444E-01 
    7.92835E-02   7.09272E-01
   1.01300E+03   1.12308E-04   8.42135E-03   9.50355E-01   2.96843E-03 
    1.28096E-02   2.53330E-02   6.76725E-02   1.55583E-01   7.61189E-01 
    1.32969E-02   2.25901E-03   0.00000E+00   4.43635E-03   1.29538E-02 
    9.25585E-01   8.70994E-03   2.82887E-02   2.00267E-02   4.10901E-01 
    9.82475E-02   4.90852E-01
   1.00300E+03   1.01012E-04   7.80972E-03   9.49718E-01   3.25175E-03 
    1.45199E-02   2.45992E-02   6.76580E-02   1.52385E-01   7.61902E-01 
    1.54776E-02   2.57784E-03   0.00000E+00   4.24519E-03   1.19883E-02 
    9.20693E-01   1.01330E-02   3.34167E-02   1.95235E-02   5.62119E-01 
    1.12302E-01   3.25579E-01
   9.93000E+02   9.01973E-05   7.30786E-03   9.48796E-01   3.49738E-03 
    1.62321E-02   2.40767E-02   6.76511E-02   1.50680E-01   7.60943E-01 
    1.78215E-02   2.90431E-03   0.00000E+00   4.02798E-03   1.11801E-02 
    9.14638E-01   1.17305E-02   3.91723E-02   1.92512E-02   6.73057E-01 
    1.22237E-01   2.04706E-01
   9.83000E+02   8.00578E-05   6.88983E-03   9.47663E-01   3.71762E-03 
    1.79296E-02   2.37198E-02   6.76498E-02   1.50065E-01   7.58759E-01 
    2.02963E-02   3.23050E-03   0.00000E+00   3.79484E-03   1.04784E-02 
    9.07566E-01   1.34953E-02   4.55353E-02   1.91305E-02   7.53518E-01 
    1.29057E-01   1.17425E-01
   9.73000E+02   7.07115E-05   6.53347E-03   9.46413E-01   3.91665E-03 
    1.95848E-02   2.34815E-02   6.76523E-02   1.50215E-01   7.55751E-01 
    2.28349E-02   3.54654E-03   0.00000E+00   3.55461E-03   9.84877E-03 
    8.99677E-01   1.53925E-02   5.24322E-02   1.90950E-02   8.11169E-01 
    1.33601E-01   5.52299E-02
   9.63000E+02   6.22097E-05   6.21877E-03   9.45142E-01   4.08768E-03 
    2.11657E-02   2.33233E-02   6.76576E-02   1.50909E-01   7.52186E-01 
    2.54002E-02   3.84661E-03   0.00000E+00   3.31287E-03   9.26885E-03 
    8.91071E-01   1.74079E-02   5.98296E-02   1.91094E-02   8.51993E-01 
    1.36537E-01   1.14701E-02
   9.59647E+02   5.95489E-05   6.12008E-03   9.44723E-01   4.13806E-03 
    2.16757E-02   2.32832E-02   6.76598E-02   1.51234E-01   7.50902E-01 
    2.62612E-02   3.94302E-03   0.00000E+00   3.23219E-03   9.08277E-03 
    8.88035E-01   1.81088E-02   6.24201E-02   1.91208E-02   8.62746E-01 
    1.37254E-01   0.00000E+00

 Phase Region for:
     BCC_A2                        
     CEMENTITE                     
 col-1=T, col-2=W(BCC_A2,C), col-3=W(BCC_A2,CR), col-4=W(BCC_A2,FE),
   col-5=W(BCC_A2,MN), col-6=W(BCC_A2,NI), col-7=W(BCC_A2,SI),
   col-8=W(CEMENTITE,C), col-9=W(CEMENTITE,CR), col-10=W(CEMENTITE,FE),
   col-11=W(CEMENTITE,MN), col-12=W(CEMENTITE,NI), col-13=W(CEMENTITE,SI),
   col-14=NP(BCC_A2), col-15=NP(CEMENTITE),
   9.59647E+02   5.95489E-05   6.12008E-03   9.44723E-01   4.13806E-03 
    2.16757E-02   2.32832E-02   6.76598E-02   1.51234E-01   7.50902E-01 
    2.62612E-02   3.94302E-03   0.00000E+00   8.62746E-01   1.37254E-01  NONE
   9.53000E+02   5.47173E-05   5.94644E-03   9.44989E-01   4.04901E-03 
    2.16766E-02   2.32846E-02   6.76669E-02   1.52511E-01   7.48938E-01 
    2.69397E-02   3.94455E-03   0.00000E+00   8.62671E-01   1.37329E-01  NONE
   9.43000E+02   4.81052E-05   5.68799E-03   9.45384E-01   3.91528E-03 
    2.16778E-02   2.32864E-02   6.76775E-02   1.54420E-01   7.45998E-01 
    2.79591E-02   3.94562E-03   0.00000E+00   8.62567E-01   1.37433E-01  NONE
   9.33000E+02   4.22139E-05   5.43303E-03   9.45776E-01   3.78187E-03 
    2.16790E-02   2.32879E-02   6.76880E-02   1.56312E-01   7.43079E-01 
    2.89766E-02   3.94532E-03   0.00000E+00   8.62474E-01   1.37526E-01  NONE
   9.23000E+02   3.69731E-05   5.18177E-03   9.46163E-01   3.64886E-03 
    2.16803E-02   2.32893E-02   6.76984E-02   1.58183E-01   7.40183E-01 
    2.99919E-02   3.94376E-03   0.00000E+00   8.62392E-01   1.37608E-01  NONE
   9.13000E+02   3.23187E-05   4.93443E-03   9.46545E-01   3.51632E-03 
    2.16815E-02   2.32904E-02   6.77087E-02   1.60033E-01   7.37313E-01 
    3.10043E-02   3.94107E-03   0.00000E+00   8.62319E-01   1.37681E-01  NONE
   9.03000E+02   2.81923E-05   4.69125E-03   9.46922E-01   3.38433E-03 
    2.16827E-02   2.32914E-02   6.77189E-02   1.61859E-01   7.34472E-01 
    3.20132E-02   3.93734E-03   0.00000E+00   8.62254E-01   1.37746E-01  NONE
   8.93000E+02   2.45405E-05   4.45251E-03   9.47294E-01   3.25300E-03 
    2.16839E-02   2.32922E-02   6.77289E-02   1.63657E-01   7.31663E-01 
    3.30179E-02   3.93268E-03   0.00000E+00   8.62197E-01   1.37803E-01  NONE
   8.83000E+02   2.13148E-05   4.21846E-03   9.47660E-01   3.12243E-03 
    2.16851E-02   2.32929E-02   6.77388E-02   1.65426E-01   7.28891E-01 
    3.40175E-02   3.92716E-03   0.00000E+00   8.62146E-01   1.37854E-01  NONE
   8.73000E+02   1.84710E-05   3.98940E-03   9.48020E-01   2.99275E-03 
    2.16864E-02   2.32934E-02   6.77485E-02   1.67161E-01   7.26158E-01 
    3.50111E-02   3.92086E-03   0.00000E+00   8.62102E-01   1.37898E-01  NONE
   8.63000E+02   1.59690E-05   3.76559E-03   9.48373E-01   2.86409E-03 
    2.16876E-02   2.32938E-02   6.77580E-02   1.68862E-01   7.23468E-01 
    3.59976E-02   3.91385E-03   0.00000E+00   8.62063E-01   1.37937E-01  NONE
   8.53000E+02   1.37723E-05   3.54732E-03   9.48719E-01   2.73660E-03 
    2.16889E-02   2.32942E-02   6.77674E-02   1.70525E-01   7.20825E-01 
    3.69760E-02   3.90618E-03   0.00000E+00   8.62028E-01   1.37972E-01  NONE
   8.43000E+02   1.18478E-05   3.33487E-03   9.49058E-01   2.61042E-03 
    2.16901E-02   2.32944E-02   6.77765E-02   1.72147E-01   7.18233E-01 
    3.79449E-02   3.89791E-03   0.00000E+00   8.61998E-01   1.38002E-01  NONE
   8.33000E+02   1.01656E-05   3.12849E-03   9.49390E-01   2.48573E-03 
    2.16914E-02   2.32946E-02   6.77854E-02   1.73727E-01   7.15696E-01 
    3.89031E-02   3.88908E-03   0.00000E+00   8.61972E-01   1.38028E-01  NONE
   8.23000E+02   8.69870E-06   2.92846E-03   9.49713E-01   2.36269E-03 
    2.16927E-02   2.32947E-02   6.77941E-02   1.75260E-01   7.13217E-01 
    3.98492E-02   3.87972E-03   0.00000E+00   8.61949E-01   1.38051E-01  NONE
   8.13000E+02   7.42253E-06   2.73500E-03   9.50027E-01   2.24150E-03 
    2.16940E-02   2.32948E-02   6.78025E-02   1.76747E-01   7.10799E-01 
    4.07817E-02   3.86985E-03   0.00000E+00   8.61929E-01   1.38071E-01  NONE
   8.03000E+02   6.31510E-06   2.54834E-03   9.50333E-01   2.12234E-03 
    2.16954E-02   2.32948E-02   6.78107E-02   1.78183E-01   7.08447E-01 
    4.16992E-02   3.85948E-03   0.00000E+00   8.61911E-01   1.38089E-01  NONE
   7.93000E+02   5.35658E-06   2.36867E-03   9.50629E-01   2.00539E-03 
    2.16968E-02   2.32948E-02   6.78186E-02   1.79568E-01   7.06165E-01 
    4.26001E-02   3.84863E-03   0.00000E+00   8.61896E-01   1.38104E-01  NONE
   7.83000E+02   4.52920E-06   2.19616E-03   9.50915E-01   1.89086E-03 
    2.16982E-02   2.32947E-02   6.78262E-02   1.80900E-01   7.03954E-01 
    4.34828E-02   3.83730E-03   0.00000E+00   8.61883E-01   1.38117E-01  NONE
   7.73000E+02   3.81700E-06   2.03097E-03   9.51192E-01   1.77893E-03 
    2.16997E-02   2.32946E-02   6.78335E-02   1.82177E-01   7.01818E-01 
    4.43459E-02   3.82546E-03   0.00000E+00   8.61872E-01   1.38128E-01  NONE
   7.63000E+02   3.20574E-06   1.87321E-03   9.51458E-01   1.66980E-03 
    2.17012E-02   2.32945E-02   6.78406E-02   1.83398E-01   6.99760E-01 
    4.51879E-02   3.81312E-03   0.00000E+00   8.61862E-01   1.38138E-01  NONE
   7.53000E+02   2.68270E-06   1.72296E-03   9.51713E-01   1.56364E-03 
    2.17028E-02   2.32944E-02   6.78473E-02   1.84562E-01   6.97783E-01 
    4.60072E-02   3.80024E-03   0.00000E+00   8.61854E-01   1.38146E-01  NONE
   7.43000E+02   2.23657E-06   1.58028E-03   9.51958E-01   1.46064E-03 
    2.17045E-02   2.32943E-02   6.78537E-02   1.85669E-01   6.95888E-01 
    4.68025E-02   3.78679E-03   0.00000E+00   8.61847E-01   1.38153E-01  NONE
   7.33000E+02   1.85729E-06   1.44518E-03   9.52192E-01   1.36097E-03 
    2.17062E-02   2.32941E-02   6.78598E-02   1.86719E-01   6.94076E-01 
    4.75724E-02   3.77272E-03   0.00000E+00   8.61841E-01   1.38159E-01  NONE
   7.23000E+02   1.53597E-06   1.31765E-03   9.52414E-01   1.26477E-03 
    2.17080E-02   2.32940E-02   6.78656E-02   1.87710E-01   6.92351E-01 
    4.83157E-02   3.75801E-03   0.00000E+00   8.61836E-01   1.38164E-01  NONE
   7.13000E+02   1.26473E-06   1.19764E-03   9.52625E-01   1.17218E-03 
    2.17099E-02   2.32938E-02   6.78710E-02   1.88644E-01   6.90711E-01 
    4.90313E-02   3.74258E-03   0.00000E+00   8.61832E-01   1.38168E-01  NONE
   7.03000E+02   1.03665E-06   1.08507E-03   9.52825E-01   1.08334E-03 
    2.17118E-02   2.32937E-02   6.78762E-02   1.89521E-01   6.89159E-01 
    4.97182E-02   3.72639E-03   0.00000E+00   8.61828E-01   1.38172E-01  NONE
   6.93000E+02   8.45623E-07   9.79826E-04   9.53014E-01   9.98336E-04 
    2.17139E-02   2.32935E-02   6.78810E-02   1.90341E-01   6.87693E-01 
    5.03755E-02   3.70937E-03   0.00000E+00   8.61825E-01   1.38175E-01  NONE
   6.83000E+02   6.86316E-07   8.81762E-04   9.53191E-01   9.17267E-04 
    2.17161E-02   2.32934E-02   6.78856E-02   1.91106E-01   6.86315E-01 
    5.10025E-02   3.69144E-03   0.00000E+00   8.61823E-01   1.38177E-01  NONE
   6.73000E+02   5.54057E-07   7.90708E-04   9.53357E-01   8.40194E-04 
    2.17185E-02   2.32933E-02   6.78898E-02   1.91816E-01   6.85023E-01 
    5.15987E-02   3.67253E-03   0.00000E+00   8.61821E-01   1.38179E-01  NONE
