
 Phase Region for:
     FCC_A1#2                      
 col-1=T, col-2=W(FCC_A1#2,C), col-3=W(FCC_A1#2,CR), col-4=W(FCC_A1#2,FE),
   col-5=W(FCC_A1#2,MN), col-6=W(FCC_A1#2,NI), col-7=W(FCC_A1#2,SI),
   col-8=NP(FCC_A1#2),
   1.17300E+03   7.00754E-04   2.00071E-02   9.46632E-01   1.46994E-02 
    1.58277E-02   2.13301E-03   1.00000E+00
   1.18300E+03   7.00754E-04   2.00071E-02   9.46632E-01   1.46994E-02 
    1.58277E-02   2.13301E-03   1.00000E+00
   1.19300E+03   7.00754E-04   2.00071E-02   9.46632E-01   1.46994E-02 
    1.58277E-02   2.13301E-03   1.00000E+00
   1.20300E+03   7.00754E-04   2.00071E-02   9.46632E-01   1.46994E-02 
    1.58277E-02   2.13301E-03   1.00000E+00
   1.21300E+03   7.00754E-04   2.00071E-02   9.46632E-01   1.46994E-02 
    1.58277E-02   2.13301E-03   1.00000E+00
   1.22300E+03   7.00754E-04   2.00071E-02   9.46632E-01   1.46994E-02 
    1.58277E-02   2.13301E-03   1.00000E+00
   1.23300E+03   7.00754E-04   2.00071E-02   9.46632E-01   1.46994E-02 
    1.58277E-02   2.13301E-03   1.00000E+00
   1.24300E+03   7.00754E-04   2.00071E-02   9.46632E-01   1.46994E-02 
    1.58277E-02   2.13301E-03   1.00000E+00
   1.25300E+03   7.00754E-04   2.00071E-02   9.46632E-01   1.46994E-02 
    1.58277E-02   2.13301E-03   1.00000E+00
   1.26300E+03   7.00754E-04   2.00071E-02   9.46632E-01   1.46994E-02 
    1.58277E-02   2.13301E-03   1.00000E+00
   1.27300E+03   7.00754E-04   2.00071E-02   9.46632E-01   1.46994E-02 
    1.58277E-02   2.13301E-03   1.00000E+00
   1.28300E+03   7.00754E-04   2.00071E-02   9.46632E-01   1.46994E-02 
    1.58277E-02   2.13301E-03   1.00000E+00
   1.29300E+03   7.00754E-04   2.00071E-02   9.46632E-01   1.46994E-02 
    1.58277E-02   2.13301E-03   1.00000E+00
   1.30300E+03   7.00754E-04   2.00071E-02   9.46632E-01   1.46994E-02 
    1.58277E-02   2.13301E-03   1.00000E+00
   1.31300E+03   7.00754E-04   2.00071E-02   9.46632E-01   1.46994E-02 
    1.58277E-02   2.13301E-03   1.00000E+00
   1.32300E+03   7.00754E-04   2.00071E-02   9.46632E-01   1.46994E-02 
    1.58277E-02   2.13301E-03   1.00000E+00
   1.33300E+03   7.00754E-04   2.00071E-02   9.46632E-01   1.46994E-02 
    1.58277E-02   2.13301E-03   1.00000E+00
   1.34300E+03   7.00754E-04   2.00071E-02   9.46632E-01   1.46994E-02 
    1.58277E-02   2.13301E-03   1.00000E+00
   1.35300E+03   7.00754E-04   2.00071E-02   9.46632E-01   1.46994E-02 
    1.58277E-02   2.13301E-03   1.00000E+00
   1.36300E+03   7.00754E-04   2.00071E-02   9.46632E-01   1.46994E-02 
    1.58277E-02   2.13301E-03   1.00000E+00
   1.37300E+03   7.00754E-04   2.00071E-02   9.46632E-01   1.46994E-02 
    1.58277E-02   2.13301E-03   1.00000E+00
   1.38300E+03   7.00754E-04   2.00071E-02   9.46632E-01   1.46994E-02 
    1.58277E-02   2.13301E-03   1.00000E+00
   1.39300E+03   7.00754E-04   2.00071E-02   9.46632E-01   1.46994E-02 
    1.58277E-02   2.13301E-03   1.00000E+00
   1.40300E+03   7.00754E-04   2.00071E-02   9.46632E-01   1.46994E-02 
    1.58277E-02   2.13301E-03   1.00000E+00
   1.41300E+03   7.00754E-04   2.00071E-02   9.46632E-01   1.46994E-02 
    1.58277E-02   2.13301E-03   1.00000E+00
   1.42300E+03   7.00754E-04   2.00071E-02   9.46632E-01   1.46994E-02 
    1.58277E-02   2.13301E-03   1.00000E+00
   1.43300E+03   7.00754E-04   2.00071E-02   9.46632E-01   1.46994E-02 
    1.58277E-02   2.13301E-03   1.00000E+00
   1.44300E+03   7.00754E-04   2.00071E-02   9.46632E-01   1.46994E-02 
    1.58277E-02   2.13301E-03   1.00000E+00
   1.45300E+03   7.00754E-04   2.00071E-02   9.46632E-01   1.46994E-02 
    1.58277E-02   2.13301E-03   1.00000E+00
   1.46300E+03   7.00754E-04   2.00071E-02   9.46632E-01   1.46994E-02 
    1.58277E-02   2.13301E-03   1.00000E+00
   1.47300E+03   7.00754E-04   2.00071E-02   9.46632E-01   1.46994E-02 
    1.58277E-02   2.13301E-03   1.00000E+00

 Phase Region for:
     FCC_A1#2                      
 col-1=T, col-2=W(FCC_A1#2,C), col-3=W(FCC_A1#2,CR), col-4=W(FCC_A1#2,FE),
   col-5=W(FCC_A1#2,MN), col-6=W(FCC_A1#2,NI), col-7=W(FCC_A1#2,SI),
   col-8=NP(FCC_A1#2),
   1.17300E+03   7.00754E-04   2.00071E-02   9.46632E-01   1.46994E-02 
    1.58277E-02   2.13301E-03   1.00000E+00
   1.16300E+03   7.00754E-04   2.00071E-02   9.46632E-01   1.46994E-02 
    1.58277E-02   2.13301E-03   1.00000E+00
   1.15300E+03   7.00754E-04   2.00071E-02   9.46632E-01   1.46994E-02 
    1.58277E-02   2.13301E-03   1.00000E+00
   1.14300E+03   7.00754E-04   2.00071E-02   9.46632E-01   1.46994E-02 
    1.58277E-02   2.13301E-03   1.00000E+00
   1.13300E+03   7.00754E-04   2.00071E-02   9.46632E-01   1.46994E-02 
    1.58277E-02   2.13301E-03   1.00000E+00
   1.12300E+03   7.00754E-04   2.00071E-02   9.46632E-01   1.46994E-02 
    1.58277E-02   2.13301E-03   1.00000E+00
   1.11300E+03   7.00754E-04   2.00071E-02   9.46632E-01   1.46994E-02 
    1.58277E-02   2.13301E-03   1.00000E+00
   1.10300E+03   7.00754E-04   2.00071E-02   9.46632E-01   1.46994E-02 
    1.58277E-02   2.13301E-03   1.00000E+00
   1.09300E+03   7.00754E-04   2.00071E-02   9.46632E-01   1.46994E-02 
    1.58277E-02   2.13301E-03   1.00000E+00
   1.08300E+03   7.00754E-04   2.00071E-02   9.46632E-01   1.46994E-02 
    1.58277E-02   2.13301E-03   1.00000E+00
   1.07300E+03   7.00754E-04   2.00071E-02   9.46632E-01   1.46994E-02 
    1.58277E-02   2.13301E-03   1.00000E+00
   1.06300E+03   7.00754E-04   2.00071E-02   9.46632E-01   1.46994E-02 
    1.58277E-02   2.13301E-03   1.00000E+00
   1.05300E+03   7.00754E-04   2.00071E-02   9.46632E-01   1.46994E-02 
    1.58277E-02   2.13301E-03   1.00000E+00
   1.04851E+03   7.00754E-04   2.00071E-02   9.46632E-01   1.46994E-02 
    1.58277E-02   2.13301E-03   1.00000E+00

 Phase Region for:
     BCC_A2                        
     FCC_A1#2                      
 col-1=T, col-2=W(BCC_A2,C), col-3=W(BCC_A2,CR), col-4=W(BCC_A2,FE),
   col-5=W(BCC_A2,MN), col-6=W(BCC_A2,NI), col-7=W(BCC_A2,SI),
   col-8=W(FCC_A1#2,C), col-9=W(FCC_A1#2,CR), col-10=W(FCC_A1#2,FE),
   col-11=W(FCC_A1#2,MN), col-12=W(FCC_A1#2,NI), col-13=W(FCC_A1#2,SI),
   col-14=NP(BCC_A2), col-15=NP(FCC_A1#2),
   1.04851E+03   2.07621E-05   1.63591E-02   9.67972E-01   6.09554E-03 
    7.07632E-03   2.47674E-03   7.00755E-04   2.00071E-02   9.46632E-01 
    1.46994E-02   1.58277E-02   2.13301E-03   1.71345E-06   9.99998E-01
   1.04300E+03   2.19719E-05   1.65251E-02   9.67392E-01   6.28957E-03 
    7.33959E-03   2.43142E-03   7.67714E-04   2.03506E-02   9.44584E-01 
    1.55290E-02   1.66650E-02   2.10357E-03   8.95956E-02   9.10404E-01
   1.03300E+03   2.42547E-05   1.67933E-02   9.66390E-01   6.62440E-03 
    7.80400E-03   2.36448E-03   9.03397E-04   2.09698E-02   9.40714E-01 
    1.71182E-02   1.82312E-02   2.06368E-03   2.29992E-01   7.70008E-01
   1.02300E+03   2.66300E-05   1.70223E-02   9.65459E-01   6.93273E-03 
    8.24654E-03   2.31267E-03   1.05890E-03   2.15929E-02   9.36630E-01 
    1.88256E-02   1.98554E-02   2.03756E-03   3.46168E-01   6.53832E-01
   1.01300E+03   2.90254E-05   1.71952E-02   9.64721E-01   7.15042E-03 
    8.63770E-03   2.26689E-03   1.23521E-03   2.22444E-02   9.32240E-01 
    2.07057E-02   2.15484E-02   2.02649E-03   4.42081E-01   5.57919E-01
   1.00300E+03   3.15215E-05   1.73511E-02   9.64009E-01   7.36198E-03 
    9.01390E-03   2.23213E-03   1.43781E-03   2.29323E-02   9.27494E-01 
    2.27804E-02   2.33320E-02   2.02384E-03   5.22897E-01   4.77103E-01
   9.93000E+02   3.40737E-05   1.74923E-02   9.63318E-01   7.57439E-03 
    9.37454E-03   2.20681E-03   1.66837E-03   2.36571E-02   9.22414E-01 
    2.50406E-02   2.51938E-02   2.02590E-03   5.90685E-01   4.09315E-01
   9.83000E+02   3.66186E-05   1.76172E-02   9.62662E-01   7.78114E-03 
    9.71416E-03   2.18860E-03   1.92793E-03   2.44231E-02   9.17012E-01 
    2.74829E-02   2.71242E-02   2.03029E-03   6.47324E-01   3.52676E-01
   9.73000E+02   3.90915E-05   1.77253E-02   9.62053E-01   7.97728E-03 
    1.00294E-02   2.17576E-03   2.21725E-03   2.52368E-02   9.11288E-01 
    3.01062E-02   2.91172E-02   2.03502E-03   6.94587E-01   3.05413E-01
   9.70939E+02   3.95864E-05   1.77456E-02   9.61934E-01   8.01605E-03 
    1.00911E-02   2.17366E-03   2.28065E-03   2.54111E-02   9.10067E-01 
    3.06696E-02   2.95356E-02   2.03588E-03   7.03312E-01   2.96688E-01

 Phase Region for:
     BCC_A2                        
     CEMENTITE                     
     FCC_A1#2                      
 col-1=T, col-2=W(BCC_A2,C), col-3=W(BCC_A2,CR), col-4=W(BCC_A2,FE),
   col-5=W(BCC_A2,MN), col-6=W(BCC_A2,NI), col-7=W(BCC_A2,SI),
   col-8=W(CEMENTITE,C), col-9=W(CEMENTITE,CR), col-10=W(CEMENTITE,FE),
   col-11=W(CEMENTITE,MN), col-12=W(CEMENTITE,NI), col-13=W(CEMENTITE,SI),
   col-14=W(FCC_A1#2,C), col-15=W(FCC_A1#2,CR), col-16=W(FCC_A1#2,FE),
   col-17=W(FCC_A1#2,MN), col-18=W(FCC_A1#2,NI), col-19=W(FCC_A1#2,SI),
   col-20=NP(BCC_A2), col-21=NP(CEMENTITE), col-22=NP(FCC_A1#2),
   9.70938E+02   3.95863E-05   1.77456E-02   9.61934E-01   8.01606E-03 
    1.00911E-02   2.17366E-03   6.89090E-02   3.98140E-01   4.90797E-01 
    4.11164E-02   1.03780E-03   0.00000E+00   2.28064E-03   2.54111E-02 
    9.10067E-01   3.06696E-02   2.95356E-02   2.03588E-03   7.03313E-01 
    4.78427E-08   2.96687E-01
   9.63000E+02   3.48647E-05   1.72981E-02   9.61217E-01   8.59765E-03 
    1.06948E-02   2.15729E-03   6.89313E-02   4.01652E-01   4.82618E-01 
    4.57050E-02   1.09464E-03   0.00000E+00   2.14745E-03   2.47306E-02 
    9.03437E-01   3.45916E-02   3.30171E-02   2.07630E-03   7.64491E-01 
    3.28940E-03   2.32219E-01
   9.53000E+02   2.94305E-05   1.68603E-02   9.60317E-01   9.27135E-03 
    1.13772E-02   2.14514E-03   6.89692E-02   4.08094E-01   4.70435E-01 
    5.13483E-02   1.15335E-03   0.00000E+00   1.97314E-03   2.40185E-02 
    8.94440E-01   3.97682E-02   3.76647E-02   2.13580E-03   8.21792E-01 
    6.26378E-03   1.71944E-01
   9.43000E+02   2.46098E-05   1.65203E-02   9.59469E-01   9.87282E-03 
    1.19741E-02   2.13911E-03   6.90160E-02   4.16346E-01   4.56665E-01 
    5.67737E-02   1.19858E-03   0.00000E+00   1.79710E-03   2.34191E-02 
    8.84748E-01   4.52009E-02   4.26344E-02   2.20029E-03   8.63263E-01 
    8.31276E-03   1.28424E-01
   9.33000E+02   2.04021E-05   1.62459E-02   9.58710E-01   1.03982E-02 
    1.24887E-02   2.13683E-03   6.90697E-02   4.26055E-01   4.41717E-01 
    6.19267E-02   1.23145E-03   0.00000E+00   1.62364E-03   2.28943E-02 
    8.74356E-01   5.08929E-02   4.79672E-02   2.26579E-03   8.93483E-01 
    9.72348E-03   9.67940E-02
   9.23000E+02   1.67773E-05   1.60150E-02   9.58061E-01   1.08463E-02 
    1.29243E-02   2.13675E-03   6.91290E-02   4.36963E-01   4.25890E-01 
    6.67648E-02   1.25309E-03   0.00000E+00   1.45581E-03   2.24166E-02 
    8.63229E-01   5.68578E-02   5.37121E-02   2.32881E-03   9.15583E-01 
    1.06943E-02   7.37230E-02
   9.13000E+02   1.36893E-05   1.58123E-02   9.57535E-01   1.12173E-02 
    1.32842E-02   2.13788E-03   6.91930E-02   4.48881E-01   4.09409E-01 
    7.12533E-02   1.26457E-03   0.00000E+00   1.29567E-03   2.19663E-02 
    8.51307E-01   6.31185E-02   5.99260E-02   2.38616E-03   9.31748E-01 
    1.13620E-02   5.68904E-02
   9.03000E+02   1.10841E-05   1.56274E-02   9.57138E-01   1.15130E-02 
    1.35714E-02   2.13958E-03   6.92609E-02   4.61670E-01   3.92439E-01 
    7.53627E-02   1.26681E-03   0.00000E+00   1.14463E-03   2.15286E-02 
    8.38512E-01   6.97069E-02   6.66730E-02   2.43474E-03   9.43528E-01 
    1.18214E-02   4.46503E-02
   8.93000E+02   8.90580E-06   1.54528E-02   9.56873E-01   1.17360E-02 
    1.37883E-02   2.14146E-03   6.93322E-02   4.75228E-01   3.75111E-01 
    7.90677E-02   1.26062E-03   0.00000E+00   1.00360E-03   2.10924E-02 
    8.24745E-01   7.66627E-02   7.40245E-02   2.47144E-03   9.52046E-01 
    1.21379E-02   3.58160E-02
   8.83000E+02   7.09978E-06   1.52838E-02   9.56739E-01   1.18894E-02 
    1.39370E-02   2.14331E-03   6.94064E-02   4.89475E-01   3.57526E-01 
    8.23457E-02   1.24669E-03   0.00000E+00   8.73126E-04   2.06490E-02 
    8.09895E-01   8.40322E-02   8.20576E-02   2.49311E-03   9.58125E-01 
    1.23568E-02   2.95184E-02
   8.73000E+02   5.61461E-06   1.51171E-02   9.56736E-01   1.19771E-02 
    1.40194E-02   2.14505E-03   6.94833E-02   5.04344E-01   3.39770E-01 
    8.51773E-02   1.22565E-03   0.00000E+00   7.53501E-04   2.01921E-02 
    7.93841E-01   9.18656E-02   9.08509E-02   2.49656E-03   9.62378E-01 
    1.25094E-02   2.51123E-02
   8.63000E+02   4.40320E-06   1.49506E-02   9.56858E-01   1.20030E-02 
    1.40372E-02   2.14670E-03   6.95625E-02   5.19779E-01   3.21915E-01 
    8.75454E-02   1.19803E-03   0.00000E+00   6.44830E-04   1.97171E-02 
    7.76471E-01   1.00211E-01   1.00477E-01   2.47865E-03   9.65270E-01 
    1.26169E-02   2.21134E-02
   8.53000E+02   3.42319E-06   1.47832E-02   9.57101E-01   1.19716E-02 
    1.39926E-02   2.14835E-03   6.96437E-02   5.35726E-01   3.04029E-01 
    8.94369E-02   1.16438E-03   0.00000E+00   5.47078E-04   1.92217E-02 
    7.57699E-01   1.09107E-01   1.10989E-01   2.43662E-03   9.67150E-01 
    1.26941E-02   2.01554E-02
   8.43000E+02   2.63707E-06   1.46145E-02   9.57457E-01   1.18876E-02 
    1.38878E-02   2.15011E-03   6.97266E-02   5.52127E-01   2.86179E-01 
    9.08426E-02   1.12523E-03   0.00000E+00   4.60094E-04   1.87064E-02 
    7.37506E-01   1.18562E-01   1.22397E-01   2.36854E-03   9.68288E-01 
    1.27508E-02   1.89610E-02
   8.33000E+02   2.01201E-06   1.44443E-02   9.57919E-01   1.17561E-02 
    1.37263E-02   2.15209E-03   6.98110E-02   5.68919E-01   2.68430E-01 
    9.17584E-02   1.08117E-03   0.00000E+00   3.83615E-04   1.81753E-02 
    7.15983E-01   1.28543E-01   1.34641E-01   2.27402E-03   9.68884E-01 
    1.27934E-02   1.83230E-02
   8.23000E+02   1.51961E-06   1.42730E-02   9.58477E-01   1.15821E-02 
    1.35123E-02   2.15437E-03   6.98964E-02   5.86033E-01   2.50852E-01 
    9.21862E-02   1.03283E-03   0.00000E+00   3.17243E-04   1.76367E-02 
    6.93373E-01   1.38951E-01   1.47568E-01   2.15501E-03   9.69085E-01 
    1.28261E-02   1.80891E-02
   8.13000E+02   1.13547E-06   1.41009E-02   9.59119E-01   1.13712E-02 
    1.32511E-02   2.15700E-03   6.99825E-02   6.03386E-01   2.33515E-01 
    9.21348E-02   9.80922E-04   0.00000E+00   2.60407E-04   1.71021E-02 
    6.70070E-01   1.49624E-01   1.60927E-01   2.01604E-03   9.68998E-01 
    1.28518E-02   1.81505E-02
   8.03000E+02   8.38904E-07   1.39289E-02   9.59833E-01   1.11287E-02 
    1.29486E-02   2.15997E-03   7.00688E-02   6.20888E-01   2.16497E-01 
    9.16203E-02   9.26181E-04   0.00000E+00   2.12317E-04   1.65831E-02 
    6.46553E-01   1.60362E-01   1.74425E-01   1.86365E-03   9.68698E-01 
    1.28722E-02   1.84296E-02
   7.93000E+02   6.12451E-07   1.37573E-02   9.60608E-01   1.08597E-02 
    1.26116E-02   2.16321E-03   7.01549E-02   6.38440E-01   1.99873E-01 
    9.06628E-02   8.69376E-04   0.00000E+00   1.72120E-04   1.60950E-02 
    6.23346E-01   1.70957E-01   1.87724E-01   1.70545E-03   9.68238E-01 
    1.28886E-02   1.88733E-02
   7.83000E+02   4.41545E-07   1.35871E-02   9.61430E-01   1.05694E-02 
    1.22464E-02   2.16667E-03   7.02403E-02   6.55937E-01   1.83721E-01 
    8.92906E-02   8.11223E-04   0.00000E+00   1.38767E-04   1.56446E-02 
    6.00824E-01   1.81248E-01   2.00596E-01   1.54796E-03   9.67660E-01 
    1.29019E-02   1.94386E-02
   7.73000E+02   3.14152E-07   1.34191E-02   9.62289E-01   1.02621E-02 
    1.18589E-02   2.17026E-03   7.03244E-02   6.73275E-01   1.68114E-01 
    8.75347E-02   7.52396E-04   0.00000E+00   1.11264E-04   1.52365E-02 
    5.79241E-01   1.91131E-01   2.12884E-01   1.39615E-03   9.66995E-01 
    1.29128E-02   2.00925E-02
   7.63000E+02   2.20431E-07   1.32540E-02   9.63176E-01   9.94207E-03 
    1.14542E-02   2.17395E-03   7.04069E-02   6.90350E-01   1.53121E-01 
    8.54286E-02   6.93514E-04   0.00000E+00   8.86949E-05   1.48721E-02 
    5.58720E-01   2.00554E-01   2.24513E-01   1.25316E-03   9.66270E-01 
    1.29217E-02   2.08084E-02
   7.53000E+02   1.52434E-07   1.30926E-02   9.64080E-01   9.61254E-03 
    1.10369E-02   2.17766E-03   7.04872E-02   7.07065E-01   1.38805E-01 
    8.30076E-02   6.35144E-04   0.00000E+00   7.02564E-05   1.45510E-02 
    5.39284E-01   2.09507E-01   2.35467E-01   1.12061E-03   9.65506E-01 
    1.29291E-02   2.15650E-02
   7.43000E+02   1.03817E-07   1.29358E-02   9.64996E-01   9.27642E-03 
    1.06107E-02   2.18136E-03   7.05650E-02   7.23331E-01   1.25219E-01 
    8.03080E-02   5.77813E-04   0.00000E+00   5.52633E-05   1.42713E-02 
    5.20897E-01   2.18007E-01   2.45770E-01   9.99056E-04   9.64719E-01 
    1.29352E-02   2.23454E-02
   7.33000E+02   6.95889E-08   1.27842E-02   9.65916E-01   8.93610E-03 
    1.01788E-02   2.18502E-03   7.06398E-02   7.39065E-01   1.12406E-01 
    7.73669E-02   5.22009E-04   0.00000E+00   4.31372E-05   1.40309E-02 
    5.03491E-01   2.26081E-01   2.55465E-01   8.88402E-04   9.63924E-01 
    1.29402E-02   2.31361E-02
   7.23000E+02   4.58777E-08   1.26383E-02   9.66836E-01   8.59358E-03 
    9.74390E-03   2.18861E-03   7.07115E-02   7.54199E-01   1.00400E-01 
    7.42212E-02   4.68183E-04   0.00000E+00   3.33915E-05   1.38276E-02 
    4.86986E-01   2.33764E-01   2.64601E-01   7.88176E-04   9.63129E-01 
    1.29444E-02   2.39268E-02
   7.13000E+02   2.97277E-08   1.24987E-02   9.67750E-01   8.25053E-03 
    9.30832E-03   2.19210E-03   7.07797E-02   7.68674E-01   8.92217E-02 
    7.09080E-02   4.16745E-04   0.00000E+00   2.56158E-05   1.36594E-02 
    4.71299E-01   2.41088E-01   2.73230E-01   6.97721E-04   9.62343E-01 
    1.29478E-02   2.47097E-02
   7.03000E+02   1.89204E-08   1.23656E-02   9.68657E-01   7.90831E-03 
    8.87399E-03   2.19549E-03   7.08443E-02   7.82444E-01   7.88803E-02 
    6.74636E-02   3.68058E-04   0.00000E+00   1.94628E-05   1.35246E-02 
    4.56352E-01   2.48087E-01   2.81400E-01   6.16307E-04   9.61571E-01 
    1.29505E-02   2.54784E-02
   6.93000E+02   1.18200E-08   1.22394E-02   9.69551E-01   7.56810E-03 
    8.44262E-03   2.19876E-03   7.09051E-02   7.95475E-01   6.93744E-02 
    6.39234E-02   3.22429E-04   0.00000E+00   1.46381E-05   1.34218E-02 
    4.42073E-01   2.54792E-01   2.89156E-01   5.43197E-04   9.60819E-01 
    1.29528E-02   2.62282E-02
   6.83000E+02   7.24340E-09   1.21201E-02   9.70432E-01   7.23087E-03 
    8.01566E-03   2.20189E-03   7.09620E-02   8.07744E-01   6.06923E-02 
    6.03215E-02   2.80097E-04   0.00000E+00   1.08924E-05   1.33498E-02 
    4.28396E-01   2.61228E-01   2.96537E-01   4.77672E-04   9.60090E-01 
    1.29545E-02   2.69556E-02
   6.73000E+02   4.35126E-09   1.20077E-02   9.71296E-01   6.89748E-03 
    7.59439E-03   2.20487E-03   7.10151E-02   8.19241E-01   5.28127E-02 
    5.66901E-02   2.41235E-04   0.00000E+00   8.01539E-06   1.33078E-02 
    4.15264E-01   2.67421E-01   3.03580E-01   4.19057E-04   9.59386E-01 
    1.29559E-02   2.76577E-02
