
 Phase Region for:
     FCC_A1#2                      
 col-1=T, col-2=W(FCC_A1#2,C), col-3=W(FCC_A1#2,CR), col-4=W(FCC_A1#2,FE),
   col-5=W(FCC_A1#2,MN), col-6=W(FCC_A1#2,NI), col-7=W(FCC_A1#2,SI),
   col-8=NP(FCC_A1#2),
   1.17300E+03   2.44660E-03   1.90046E-02   9.23690E-01   2.22597E-02 
    1.40185E-02   1.85808E-02   1.00000E+00
   1.18300E+03   2.44660E-03   1.90046E-02   9.23690E-01   2.22597E-02 
    1.40185E-02   1.85808E-02   1.00000E+00
   1.19300E+03   2.44660E-03   1.90046E-02   9.23690E-01   2.22597E-02 
    1.40185E-02   1.85808E-02   1.00000E+00
   1.20300E+03   2.44660E-03   1.90046E-02   9.23690E-01   2.22597E-02 
    1.40185E-02   1.85808E-02   1.00000E+00
   1.21300E+03   2.44660E-03   1.90046E-02   9.23690E-01   2.22597E-02 
    1.40185E-02   1.85808E-02   1.00000E+00
   1.22300E+03   2.44660E-03   1.90046E-02   9.23690E-01   2.22597E-02 
    1.40185E-02   1.85808E-02   1.00000E+00
   1.23300E+03   2.44660E-03   1.90046E-02   9.23690E-01   2.22597E-02 
    1.40185E-02   1.85808E-02   1.00000E+00
   1.24300E+03   2.44660E-03   1.90046E-02   9.23690E-01   2.22597E-02 
    1.40185E-02   1.85808E-02   1.00000E+00
   1.25300E+03   2.44660E-03   1.90046E-02   9.23690E-01   2.22597E-02 
    1.40185E-02   1.85808E-02   1.00000E+00
   1.26300E+03   2.44660E-03   1.90046E-02   9.23690E-01   2.22597E-02 
    1.40185E-02   1.85808E-02   1.00000E+00
   1.27300E+03   2.44660E-03   1.90046E-02   9.23690E-01   2.22597E-02 
    1.40185E-02   1.85808E-02   1.00000E+00
   1.28300E+03   2.44660E-03   1.90046E-02   9.23690E-01   2.22597E-02 
    1.40185E-02   1.85808E-02   1.00000E+00
   1.29300E+03   2.44660E-03   1.90046E-02   9.23690E-01   2.22597E-02 
    1.40185E-02   1.85808E-02   1.00000E+00
   1.30300E+03   2.44660E-03   1.90046E-02   9.23690E-01   2.22597E-02 
    1.40185E-02   1.85808E-02   1.00000E+00
   1.31300E+03   2.44660E-03   1.90046E-02   9.23690E-01   2.22597E-02 
    1.40185E-02   1.85808E-02   1.00000E+00
   1.32300E+03   2.44660E-03   1.90046E-02   9.23690E-01   2.22597E-02 
    1.40185E-02   1.85808E-02   1.00000E+00
   1.33300E+03   2.44660E-03   1.90046E-02   9.23690E-01   2.22597E-02 
    1.40185E-02   1.85808E-02   1.00000E+00
   1.34300E+03   2.44660E-03   1.90046E-02   9.23690E-01   2.22597E-02 
    1.40185E-02   1.85808E-02   1.00000E+00
   1.35300E+03   2.44660E-03   1.90046E-02   9.23690E-01   2.22597E-02 
    1.40185E-02   1.85808E-02   1.00000E+00
   1.36300E+03   2.44660E-03   1.90046E-02   9.23690E-01   2.22597E-02 
    1.40185E-02   1.85808E-02   1.00000E+00
   1.37300E+03   2.44660E-03   1.90046E-02   9.23690E-01   2.22597E-02 
    1.40185E-02   1.85808E-02   1.00000E+00
   1.38300E+03   2.44660E-03   1.90046E-02   9.23690E-01   2.22597E-02 
    1.40185E-02   1.85808E-02   1.00000E+00
   1.39300E+03   2.44660E-03   1.90046E-02   9.23690E-01   2.22597E-02 
    1.40185E-02   1.85808E-02   1.00000E+00
   1.40300E+03   2.44660E-03   1.90046E-02   9.23690E-01   2.22597E-02 
    1.40185E-02   1.85808E-02   1.00000E+00
   1.41300E+03   2.44660E-03   1.90046E-02   9.23690E-01   2.22597E-02 
    1.40185E-02   1.85808E-02   1.00000E+00
   1.42300E+03   2.44660E-03   1.90046E-02   9.23690E-01   2.22597E-02 
    1.40185E-02   1.85808E-02   1.00000E+00
   1.43300E+03   2.44660E-03   1.90046E-02   9.23690E-01   2.22597E-02 
    1.40185E-02   1.85808E-02   1.00000E+00
   1.44300E+03   2.44660E-03   1.90046E-02   9.23690E-01   2.22597E-02 
    1.40185E-02   1.85808E-02   1.00000E+00
   1.45300E+03   2.44660E-03   1.90046E-02   9.23690E-01   2.22597E-02 
    1.40185E-02   1.85808E-02   1.00000E+00
   1.46300E+03   2.44660E-03   1.90046E-02   9.23690E-01   2.22597E-02 
    1.40185E-02   1.85808E-02   1.00000E+00
   1.47300E+03   2.44660E-03   1.90046E-02   9.23690E-01   2.22597E-02 
    1.40185E-02   1.85808E-02   1.00000E+00

 Phase Region for:
     FCC_A1#2                      
 col-1=T, col-2=W(FCC_A1#2,C), col-3=W(FCC_A1#2,CR), col-4=W(FCC_A1#2,FE),
   col-5=W(FCC_A1#2,MN), col-6=W(FCC_A1#2,NI), col-7=W(FCC_A1#2,SI),
   col-8=NP(FCC_A1#2),
   1.17300E+03   2.44660E-03   1.90046E-02   9.23690E-01   2.22597E-02 
    1.40185E-02   1.85808E-02   1.00000E+00
   1.16300E+03   2.44660E-03   1.90046E-02   9.23690E-01   2.22597E-02 
    1.40185E-02   1.85808E-02   1.00000E+00
   1.15300E+03   2.44660E-03   1.90046E-02   9.23690E-01   2.22597E-02 
    1.40185E-02   1.85808E-02   1.00000E+00
   1.14300E+03   2.44660E-03   1.90046E-02   9.23690E-01   2.22597E-02 
    1.40185E-02   1.85808E-02   1.00000E+00
   1.13300E+03   2.44660E-03   1.90046E-02   9.23690E-01   2.22597E-02 
    1.40185E-02   1.85808E-02   1.00000E+00
   1.12300E+03   2.44660E-03   1.90046E-02   9.23690E-01   2.22597E-02 
    1.40185E-02   1.85808E-02   1.00000E+00
   1.11300E+03   2.44660E-03   1.90046E-02   9.23690E-01   2.22597E-02 
    1.40185E-02   1.85808E-02   1.00000E+00
   1.10300E+03   2.44660E-03   1.90046E-02   9.23690E-01   2.22597E-02 
    1.40185E-02   1.85808E-02   1.00000E+00
   1.09300E+03   2.44660E-03   1.90046E-02   9.23690E-01   2.22597E-02 
    1.40185E-02   1.85808E-02   1.00000E+00
   1.08300E+03   2.44660E-03   1.90046E-02   9.23690E-01   2.22597E-02 
    1.40185E-02   1.85808E-02   1.00000E+00
   1.07300E+03   2.44660E-03   1.90046E-02   9.23690E-01   2.22597E-02 
    1.40185E-02   1.85808E-02   1.00000E+00
   1.06300E+03   2.44660E-03   1.90046E-02   9.23690E-01   2.22597E-02 
    1.40185E-02   1.85808E-02   1.00000E+00
   1.05300E+03   2.44660E-03   1.90046E-02   9.23690E-01   2.22597E-02 
    1.40185E-02   1.85808E-02   1.00000E+00
   1.04300E+03   2.44660E-03   1.90046E-02   9.23690E-01   2.22597E-02 
    1.40185E-02   1.85808E-02   1.00000E+00
   1.03722E+03   2.44660E-03   1.90046E-02   9.23690E-01   2.22597E-02 
    1.40185E-02   1.85808E-02   1.00000E+00

 Phase Region for:
     BCC_A2                        
     FCC_A1#2                      
 col-1=T, col-2=W(BCC_A2,C), col-3=W(BCC_A2,CR), col-4=W(BCC_A2,FE),
   col-5=W(BCC_A2,MN), col-6=W(BCC_A2,NI), col-7=W(BCC_A2,SI),
   col-8=W(FCC_A1#2,C), col-9=W(FCC_A1#2,CR), col-10=W(FCC_A1#2,FE),
   col-11=W(FCC_A1#2,MN), col-12=W(FCC_A1#2,NI), col-13=W(FCC_A1#2,SI),
   col-14=NP(BCC_A2), col-15=NP(FCC_A1#2),
   1.03722E+03   6.97272E-05   1.43885E-02   9.47842E-01   9.44630E-03 
    6.30695E-03   2.19463E-02   2.44660E-03   1.90046E-02   9.23690E-01 
    2.22597E-02   1.40185E-02   1.85808E-02   9.15959E-07   9.99999E-01
   1.03300E+03   7.03865E-05   1.44163E-02   9.47782E-01   9.51717E-03 
    6.38467E-03   2.18292E-02   2.54085E-03   1.91866E-02   9.22734E-01 
    2.27651E-02   1.43213E-02   1.84520E-02   3.79427E-02   9.62057E-01
   1.02300E+03   7.19360E-05   1.44756E-02   9.47640E-01   9.67400E-03 
    6.56787E-03   2.15701E-02   2.78025E-03   1.96409E-02   9.20325E-01 
    2.40281E-02   1.50654E-02   1.81608E-02   1.22489E-01   8.77511E-01
   1.01300E+03   7.34445E-05   1.45245E-02   9.47506E-01   9.81207E-03 
    6.74812E-03   2.13354E-02   3.04348E-03   2.01314E-02   9.17700E-01 
    2.53904E-02   1.58471E-02   1.78880E-02   1.99771E-01   8.00229E-01
   1.00300E+03   7.48827E-05   1.45621E-02   9.47390E-01   9.92722E-03 
    6.92363E-03   2.11226E-02   3.33236E-03   2.06637E-02   9.14839E-01 
    2.68655E-02   1.66682E-02   1.76315E-02   2.70241E-01   7.29759E-01
   1.00172E+03   7.50609E-05   1.45661E-02   9.47376E-01   9.94015E-03 
    6.94572E-03   2.10967E-02   3.37144E-03   2.07355E-02   9.14453E-01 
    2.70640E-02   1.67767E-02   1.75997E-02   2.78827E-01   7.21173E-01

 Phase Region for:
     BCC_A2                        
     CEMENTITE                     
     FCC_A1#2                      
 col-1=T, col-2=W(BCC_A2,C), col-3=W(BCC_A2,CR), col-4=W(BCC_A2,FE),
   col-5=W(BCC_A2,MN), col-6=W(BCC_A2,NI), col-7=W(BCC_A2,SI),
   col-8=W(CEMENTITE,C), col-9=W(CEMENTITE,CR), col-10=W(CEMENTITE,FE),
   col-11=W(CEMENTITE,MN), col-12=W(CEMENTITE,NI), col-13=W(CEMENTITE,SI),
   col-14=W(FCC_A1#2,C), col-15=W(FCC_A1#2,CR), col-16=W(FCC_A1#2,FE),
   col-17=W(FCC_A1#2,MN), col-18=W(FCC_A1#2,NI), col-19=W(FCC_A1#2,SI),
   col-20=NP(BCC_A2), col-21=NP(CEMENTITE), col-22=NP(FCC_A1#2),
   1.00171E+03   7.50608E-05   1.45661E-02   9.47376E-01   9.94016E-03 
    6.94573E-03   2.10967E-02   6.82204E-02   2.59249E-01   6.31291E-01 
    4.03231E-02   9.16682E-04   0.00000E+00   3.37143E-03   2.07355E-02 
    9.14453E-01   2.70640E-02   1.67767E-02   1.75997E-02   2.78829E-01 
    1.29447E-07   7.21171E-01
   9.93000E+02   6.76427E-05   1.36954E-02   9.47357E-01   1.07217E-02 
    7.52325E-03   2.06346E-02   6.82056E-02   2.55071E-01   6.29760E-01 
    4.59634E-02   9.99719E-04   0.00000E+00   3.25623E-03   1.95278E-02 
    9.10456E-01   3.04299E-02   1.89968E-02   1.73329E-02   4.18189E-01 
    1.01195E-02   5.71691E-01
   9.83000E+02   5.93796E-05   1.28760E-02   9.47183E-01   1.15022E-02 
    8.15365E-03   2.02255E-02   6.82006E-02   2.52557E-01   6.25255E-01 
    5.28947E-02   1.09210E-03   0.00000E+00   3.09894E-03   1.83796E-02 
    9.04885E-01   3.46356E-02   2.18181E-02   1.71823E-02   5.43282E-01 
    1.91549E-02   4.37563E-01
   9.73000E+02   5.16274E-05   1.22265E-02   9.46728E-01   1.22770E-02 
    8.77414E-03   1.99423E-02   6.82052E-02   2.51936E-01   6.18504E-01 
    6.01751E-02   1.17993E-03   0.00000E+00   2.92515E-03   1.74112E-02 
    8.98477E-01   3.91223E-02   2.49393E-02   1.71252E-02   6.39750E-01 
    2.59596E-02   3.34290E-01
   9.63000E+02   4.45108E-05   1.16993E-02   9.46122E-01   1.30156E-02 
    9.37195E-03   1.97470E-02   6.82179E-02   2.52858E-01   6.09981E-01 
    6.76823E-02   1.26147E-03   0.00000E+00   2.74183E-03   1.65747E-02 
    8.91372E-01   4.38268E-02   2.83603E-02   1.71241E-02   7.13778E-01 
    3.10017E-02   2.55220E-01
   9.53000E+02   3.80914E-05   1.12584E-02   9.45453E-01   1.36986E-02 
    9.93956E-03   1.96124E-02   6.82368E-02   2.55013E-01   6.00089E-01 
    7.53260E-02   1.33589E-03   0.00000E+00   2.55457E-03   1.58321E-02 
    8.83662E-01   4.87075E-02   3.20930E-02   1.71506E-02   7.70577E-01 
    3.47010E-02   1.94721E-01
   9.43000E+02   3.23819E-05   1.08777E-02   9.44784E-01   1.43137E-02 
    1.04726E-02   1.95194E-02   6.82606E-02   2.58149E-01   5.89149E-01 
    8.30386E-02   1.40294E-03   0.00000E+00   2.36760E-03   1.51548E-02 
    8.75393E-01   5.37401E-02   3.61604E-02   1.71843E-02   8.14229E-01 
    3.73977E-02   1.48373E-01
   9.33000E+02   2.73614E-05   1.05385E-02   9.44157E-01   1.48538E-02 
    1.09684E-02   1.94548E-02   6.82884E-02   2.62074E-01   5.77407E-01 
    9.07682E-02   1.46261E-03   0.00000E+00   2.18397E-03   1.45221E-02 
    8.66576E-01   5.89145E-02   4.05936E-02   1.72100E-02   8.47830E-01 
    3.93537E-02   1.12816E-01
   9.23000E+02   2.29890E-05   1.02276E-02   9.43600E-01   1.53152E-02 
    1.14250E-02   1.94095E-02   6.83194E-02   2.66642E-01   5.65052E-01 
    9.84724E-02   1.51503E-03   0.00000E+00   2.00585E-03   1.39189E-02 
    8.57195E-01   6.42318E-02   4.54320E-02   1.72166E-02   8.73705E-01 
    4.07655E-02   8.55299E-02
   9.13000E+02   1.92120E-05   9.93555E-03   9.43130E-01   1.56965E-02 
    1.18409E-02   1.93774E-02   6.83530E-02   2.71743E-01   5.52228E-01 
    1.06116E-01   1.56030E-03   0.00000E+00   1.83475E-03   1.33343E-02 
    8.47210E-01   6.97028E-02   5.07221E-02   1.71959E-02   8.93596E-01 
    4.17791E-02   6.46252E-02
   9.03000E+02   1.59731E-05   9.65535E-03   9.42762E-01   1.59977E-02 
    1.22143E-02   1.93542E-02   6.83887E-02   2.77296E-01   5.39048E-01 
    1.13669E-01   1.59852E-03   0.00000E+00   1.67167E-03   1.27605E-02 
    8.36561E-01   7.53477E-02   5.65178E-02   1.71412E-02   9.08821E-01 
    4.25022E-02   4.86773E-02
   8.93000E+02   1.32139E-05   9.38209E-03   9.42504E-01   1.62199E-02 
    1.25431E-02   1.93373E-02   6.84263E-02   2.83239E-01   5.25601E-01 
    1.21104E-01   1.62973E-03   0.00000E+00   1.51728E-03   1.21920E-02 
    8.25167E-01   8.11955E-02   6.28810E-02   1.70471E-02   9.20383E-01 
    4.30142E-02   3.66026E-02
   8.83000E+02   1.08779E-05   9.11218E-03   9.42362E-01   1.63653E-02 
    1.28249E-02   1.93248E-02   6.84654E-02   2.89524E-01   5.11958E-01 
    1.28398E-01   1.65390E-03   0.00000E+00   1.37199E-03   1.16247E-02 
    8.12929E-01   8.72843E-02   6.98817E-02   1.69087E-02   9.29059E-01 
    4.33735E-02   2.75678E-02
   8.73000E+02   8.91153E-06   8.84299E-03   9.42338E-01   1.64367E-02 
    1.30574E-02   1.93157E-02   6.85059E-02   2.96115E-01   4.98177E-01 
    1.35530E-01   1.67097E-03   0.00000E+00   1.23601E-03   1.10562E-02 
    7.99727E-01   9.36609E-02   7.75987E-02   1.67216E-02   9.35453E-01 
    4.36233E-02   2.09240E-02
   8.63000E+02   7.26554E-06   8.57267E-03   9.42436E-01   1.64373E-02 
    1.32377E-02   1.93091E-02   6.85476E-02   3.02983E-01   4.84306E-01 
    1.42483E-01   1.68085E-03   0.00000E+00   1.10943E-03   1.04849E-02 
    7.85424E-01   1.00381E-01   8.61187E-02   1.64812E-02   9.40045E-01 
    4.37952E-02   1.61597E-02
   8.53000E+02   5.89512E-06   8.29993E-03   9.42655E-01   1.63709E-02 
    1.33634E-02   1.93048E-02   6.85904E-02   3.10102E-01   4.70382E-01 
    1.49243E-01   1.68344E-03   0.00000E+00   9.92244E-04   9.91059E-03 
    7.69871E-01   1.07509E-01   9.55335E-02   1.61833E-02   9.43221E-01 
    4.39123E-02   1.28665E-02
   8.43000E+02   4.76013E-06   8.02393E-03   9.42995E-01   1.62417E-02 
    1.34322E-02   1.93026E-02   6.86341E-02   3.17451E-01   4.56438E-01 
    1.55798E-01   1.67871E-03   0.00000E+00   8.84395E-04   9.33407E-03 
    7.52913E-01   1.15112E-01   1.05934E-01   1.58234E-02   9.45294E-01 
    4.39916E-02   1.07149E-02
   8.33000E+02   3.82498E-06   7.74417E-03   9.43453E-01   1.60544E-02 
    1.34422E-02   1.93026E-02   6.86786E-02   3.25012E-01   4.42501E-01 
    1.62141E-01   1.66664E-03   0.00000E+00   7.85798E-04   8.75756E-03 
    7.34412E-01   1.23252E-01   1.17394E-01   1.53984E-02   9.46518E-01 
    4.40452E-02   9.43705E-03
   8.23000E+02   3.05844E-06   7.46046E-03   9.44025E-01   1.58138E-02 
    1.33928E-02   1.93048E-02   6.87238E-02   3.32764E-01   4.28595E-01 
    1.68269E-01   1.64737E-03   0.00000E+00   6.96363E-04   8.18493E-03 
    7.14289E-01   1.31975E-01   1.29948E-01   1.49067E-02   9.47103E-01 
    4.40817E-02   8.81494E-03
   8.13000E+02   2.43330E-06   7.17285E-03   9.44706E-01   1.55252E-02 
    1.32845E-02   1.93093E-02   6.87697E-02   3.40689E-01   4.14738E-01 
    1.74182E-01   1.62116E-03   0.00000E+00   6.15991E-04   7.62191E-03 
    6.92574E-01   1.41284E-01   1.43553E-01   1.43506E-02   9.47220E-01 
    4.41069E-02   8.67262E-03
   8.03000E+02   1.92608E-06   6.88159E-03   9.45487E-01   1.51940E-02 
    1.31193E-02   1.93160E-02   6.88161E-02   3.48763E-01   4.00947E-01 
    1.79885E-01   1.58847E-03   0.00000E+00   5.44538E-04   7.07582E-03 
    6.69473E-01   1.51117E-01   1.58051E-01   1.37381E-02   9.47003E-01 
    4.41250E-02   8.87158E-03
   7.93000E+02   1.51665E-06   6.58714E-03   9.46359E-01   1.48258E-02 
    1.29014E-02   1.93249E-02   6.88630E-02   3.56964E-01   3.87237E-01 
    1.85386E-01   1.54998E-03   0.00000E+00   4.81736E-04   6.55468E-03 
    6.45400E-01   1.61330E-01   1.73150E-01   1.30838E-02   9.46555E-01 
    4.41383E-02   9.30691E-03
   7.83000E+02   1.18787E-06   6.29010E-03   9.47310E-01   1.44262E-02 
    1.26364E-02   1.93358E-02   6.89101E-02   3.65266E-01   3.73621E-01 
    1.90697E-01   1.50651E-03   0.00000E+00   4.27092E-04   6.06517E-03 
    6.20920E-01   1.71715E-01   1.88465E-01   1.24070E-02   9.45949E-01 
    4.41486E-02   9.90264E-03
   7.73000E+02   9.25253E-07   5.99123E-03   9.48328E-01   1.40006E-02 
    1.23311E-02   1.93484E-02   6.89575E-02   3.73640E-01   3.60111E-01 
    1.95832E-01   1.45903E-03   0.00000E+00   3.79938E-04   5.61234E-03 
    5.96662E-01   1.82040E-01   2.03576E-01   1.17292E-02   9.45237E-01 
    4.41567E-02   1.06061E-02
   7.63000E+02   7.16611E-07   5.69141E-03   9.49398E-01   1.35542E-02 
    1.19928E-02   1.93626E-02   6.90048E-02   3.82057E-01   3.46719E-01 
    2.00810E-01   1.40849E-03   0.00000E+00   3.39344E-04   5.19672E-03 
    5.73127E-01   1.92108E-01   2.18162E-01   1.10675E-02   9.44457E-01 
    4.41633E-02   1.13796E-02
   7.53000E+02   5.51769E-07   5.39160E-03   9.50510E-01   1.30917E-02 
    1.16284E-02   1.93779E-02   6.90521E-02   3.90485E-01   3.33458E-01 
    2.05649E-01   1.35576E-03   0.00000E+00   3.04354E-04   4.81651E-03 
    5.50649E-01   2.01785E-01   2.32011E-01   1.04335E-02   9.43635E-01 
    4.41689E-02   1.21962E-02
   7.43000E+02   4.22279E-07   5.09283E-03   9.51651E-01   1.26172E-02 
    1.12441E-02   1.93942E-02   6.90992E-02   3.98892E-01   3.20341E-01 
    2.10366E-01   1.30164E-03   0.00000E+00   2.74060E-04   4.46835E-03 
    5.29389E-01   2.11003E-01   2.45032E-01   9.83322E-03   9.42790E-01 
    4.41736E-02   1.30359E-02
   7.33000E+02   3.21161E-07   4.79617E-03   9.52813E-01   1.21341E-02 
    1.08455E-02   1.94111E-02   6.91458E-02   4.07247E-01   3.07383E-01 
    2.14978E-01   1.24675E-03   0.00000E+00   2.47669E-04   4.14834E-03 
    5.09380E-01   2.19742E-01   2.57213E-01   9.26858E-03   9.41939E-01 
    4.41777E-02   1.38835E-02
   7.23000E+02   2.42683E-07   4.50271E-03   9.53986E-01   1.16456E-02 
    1.04369E-02   1.94286E-02   6.91920E-02   4.15517E-01   2.94599E-01 
    2.19501E-01   1.19161E-03   0.00000E+00   2.24522E-04   3.85274E-03 
    4.90576E-01   2.28012E-01   2.68596E-01   8.73882E-03   9.41091E-01 
    4.41815E-02   1.47275E-02
   7.13000E+02   1.82162E-07   4.21351E-03   9.55164E-01   1.11541E-02 
    1.00222E-02   1.94464E-02   6.92375E-02   4.23671E-01   2.82006E-01 
    2.23949E-01   1.13665E-03   0.00000E+00   2.04085E-04   3.57832E-03 
    4.72894E-01   2.35839E-01   2.79243E-01   8.24195E-03   9.40256E-01 
    4.41849E-02   1.55591E-02
   7.03000E+02   1.35795E-07   3.92965E-03   9.56340E-01   1.06616E-02 
    9.60464E-03   1.94643E-02   6.92822E-02   4.31679E-01   2.69622E-01 
    2.28335E-01   1.08218E-03   0.00000E+00   1.85930E-04   3.32236E-03 
    4.56235E-01   2.43254E-01   2.89227E-01   7.77547E-03   9.39440E-01 
    4.41881E-02   1.63719E-02
   6.93000E+02   1.00514E-07   3.65214E-03   9.57509E-01   1.01702E-02 
    9.18672E-03   1.94823E-02   6.93260E-02   4.39511E-01   2.57464E-01 
    2.32670E-01   1.02846E-03   0.00000E+00   1.69711E-04   3.08266E-03 
    4.40502E-01   2.50291E-01   2.98618E-01   7.33685E-03   9.38648E-01 
    4.41911E-02   1.71610E-02
   6.83000E+02   7.38549E-08   3.38196E-03   9.58666E-01   9.68118E-03 
    8.77071E-03   1.95002E-02   6.93687E-02   4.47140E-01   2.45550E-01 
    2.36966E-01   9.75688E-04   0.00000E+00   1.55151E-04   2.85749E-03 
    4.25602E-01   2.56980E-01   3.07481E-01   6.92370E-03   9.37883E-01 
    4.41940E-02   1.79227E-02
   6.73000E+02   5.38569E-08   3.12004E-03   9.59807E-01   9.19602E-03 
    8.35847E-03   1.95180E-02   6.94103E-02   4.54540E-01   2.33895E-01 
    2.41231E-01   9.24024E-04   0.00000E+00   1.42023E-04   2.64546E-03 
    4.11453E-01   2.63349E-01   3.15877E-01   6.53387E-03   9.37149E-01 
    4.41967E-02   1.86544E-02
