
 Phase Region for:
     FCC_A1#1                      
 col-1=T, col-2=W(FCC_A1#1,C), col-3=W(FCC_A1#1,CR), col-4=W(FCC_A1#1,FE),
   col-5=W(FCC_A1#1,MN), col-6=W(FCC_A1#1,NI), col-7=W(FCC_A1#1,SI),
   col-8=NP(FCC_A1#1),
   1.17300E+03   3.30767E-03   8.52862E-03   9.71449E-01   6.77642E-03 
    5.08525E-04   9.42928E-03   1.00000E+00
   1.18300E+03   3.30767E-03   8.52862E-03   9.71449E-01   6.77642E-03 
    5.08525E-04   9.42928E-03   1.00000E+00
   1.19300E+03   3.30767E-03   8.52862E-03   9.71449E-01   6.77642E-03 
    5.08525E-04   9.42928E-03   1.00000E+00
   1.20300E+03   3.30767E-03   8.52862E-03   9.71449E-01   6.77642E-03 
    5.08525E-04   9.42928E-03   1.00000E+00
   1.21300E+03   3.30767E-03   8.52862E-03   9.71449E-01   6.77642E-03 
    5.08525E-04   9.42928E-03   1.00000E+00
   1.22300E+03   3.30767E-03   8.52862E-03   9.71449E-01   6.77642E-03 
    5.08525E-04   9.42928E-03   1.00000E+00
   1.23300E+03   3.30767E-03   8.52862E-03   9.71449E-01   6.77642E-03 
    5.08525E-04   9.42928E-03   1.00000E+00
   1.24300E+03   3.30767E-03   8.52862E-03   9.71449E-01   6.77642E-03 
    5.08525E-04   9.42928E-03   1.00000E+00
   1.25300E+03   3.30767E-03   8.52862E-03   9.71449E-01   6.77642E-03 
    5.08525E-04   9.42928E-03   1.00000E+00
   1.26300E+03   3.30767E-03   8.52862E-03   9.71449E-01   6.77642E-03 
    5.08525E-04   9.42928E-03   1.00000E+00
   1.27300E+03   3.30767E-03   8.52862E-03   9.71449E-01   6.77642E-03 
    5.08525E-04   9.42928E-03   1.00000E+00
   1.28300E+03   3.30767E-03   8.52862E-03   9.71449E-01   6.77642E-03 
    5.08525E-04   9.42928E-03   1.00000E+00
   1.29300E+03   3.30767E-03   8.52862E-03   9.71449E-01   6.77642E-03 
    5.08525E-04   9.42928E-03   1.00000E+00
   1.30300E+03   3.30767E-03   8.52862E-03   9.71449E-01   6.77642E-03 
    5.08525E-04   9.42928E-03   1.00000E+00
   1.31300E+03   3.30767E-03   8.52862E-03   9.71449E-01   6.77642E-03 
    5.08525E-04   9.42928E-03   1.00000E+00
   1.32300E+03   3.30767E-03   8.52862E-03   9.71449E-01   6.77642E-03 
    5.08525E-04   9.42928E-03   1.00000E+00
   1.33300E+03   3.30767E-03   8.52862E-03   9.71449E-01   6.77642E-03 
    5.08525E-04   9.42928E-03   1.00000E+00
   1.34300E+03   3.30767E-03   8.52862E-03   9.71449E-01   6.77642E-03 
    5.08525E-04   9.42928E-03   1.00000E+00
   1.35300E+03   3.30767E-03   8.52862E-03   9.71449E-01   6.77642E-03 
    5.08525E-04   9.42928E-03   1.00000E+00
   1.36300E+03   3.30767E-03   8.52862E-03   9.71449E-01   6.77642E-03 
    5.08525E-04   9.42928E-03   1.00000E+00
   1.37300E+03   3.30767E-03   8.52862E-03   9.71449E-01   6.77642E-03 
    5.08525E-04   9.42928E-03   1.00000E+00
   1.38300E+03   3.30767E-03   8.52862E-03   9.71449E-01   6.77642E-03 
    5.08525E-04   9.42928E-03   1.00000E+00
   1.39300E+03   3.30767E-03   8.52862E-03   9.71449E-01   6.77642E-03 
    5.08525E-04   9.42928E-03   1.00000E+00
   1.40300E+03   3.30767E-03   8.52862E-03   9.71449E-01   6.77642E-03 
    5.08525E-04   9.42928E-03   1.00000E+00
   1.41300E+03   3.30767E-03   8.52862E-03   9.71449E-01   6.77642E-03 
    5.08525E-04   9.42928E-03   1.00000E+00
   1.42300E+03   3.30767E-03   8.52862E-03   9.71449E-01   6.77642E-03 
    5.08525E-04   9.42928E-03   1.00000E+00
   1.43300E+03   3.30767E-03   8.52862E-03   9.71449E-01   6.77642E-03 
    5.08525E-04   9.42928E-03   1.00000E+00
   1.44300E+03   3.30767E-03   8.52862E-03   9.71449E-01   6.77642E-03 
    5.08525E-04   9.42928E-03   1.00000E+00
   1.45300E+03   3.30767E-03   8.52862E-03   9.71449E-01   6.77642E-03 
    5.08525E-04   9.42928E-03   1.00000E+00
   1.46300E+03   3.30767E-03   8.52862E-03   9.71449E-01   6.77642E-03 
    5.08525E-04   9.42928E-03   1.00000E+00
   1.47300E+03   3.30767E-03   8.52862E-03   9.71449E-01   6.77642E-03 
    5.08525E-04   9.42928E-03   1.00000E+00

 Phase Region for:
     FCC_A1#1                      
 col-1=T, col-2=W(FCC_A1#1,C), col-3=W(FCC_A1#1,CR), col-4=W(FCC_A1#1,FE),
   col-5=W(FCC_A1#1,MN), col-6=W(FCC_A1#1,NI), col-7=W(FCC_A1#1,SI),
   col-8=NP(FCC_A1#1),
   1.17300E+03   3.30767E-03   8.52862E-03   9.71449E-01   6.77642E-03 
    5.08525E-04   9.42928E-03   1.00000E+00
   1.16300E+03   3.30767E-03   8.52862E-03   9.71449E-01   6.77642E-03 
    5.08525E-04   9.42928E-03   1.00000E+00
   1.15300E+03   3.30767E-03   8.52862E-03   9.71449E-01   6.77642E-03 
    5.08525E-04   9.42928E-03   1.00000E+00
   1.14300E+03   3.30767E-03   8.52862E-03   9.71449E-01   6.77642E-03 
    5.08525E-04   9.42928E-03   1.00000E+00
   1.13300E+03   3.30767E-03   8.52862E-03   9.71449E-01   6.77642E-03 
    5.08525E-04   9.42928E-03   1.00000E+00
   1.12300E+03   3.30767E-03   8.52862E-03   9.71449E-01   6.77642E-03 
    5.08525E-04   9.42928E-03   1.00000E+00
   1.11300E+03   3.30767E-03   8.52862E-03   9.71449E-01   6.77642E-03 
    5.08525E-04   9.42928E-03   1.00000E+00
   1.10300E+03   3.30767E-03   8.52862E-03   9.71449E-01   6.77642E-03 
    5.08525E-04   9.42928E-03   1.00000E+00
   1.09300E+03   3.30767E-03   8.52862E-03   9.71449E-01   6.77642E-03 
    5.08525E-04   9.42928E-03   1.00000E+00
   1.08300E+03   3.30767E-03   8.52862E-03   9.71449E-01   6.77642E-03 
    5.08525E-04   9.42928E-03   1.00000E+00
   1.08067E+03   3.30767E-03   8.52862E-03   9.71449E-01   6.77642E-03 
    5.08525E-04   9.42928E-03   1.00000E+00

 Phase Region for:
     BCC_A2                        
     FCC_A1#1                      
 col-1=T, col-2=W(BCC_A2,C), col-3=W(BCC_A2,CR), col-4=W(BCC_A2,FE),
   col-5=W(BCC_A2,MN), col-6=W(BCC_A2,NI), col-7=W(BCC_A2,SI),
   col-8=W(FCC_A1#1,C), col-9=W(FCC_A1#1,CR), col-10=W(FCC_A1#1,FE),
   col-11=W(FCC_A1#1,MN), col-12=W(FCC_A1#1,NI), col-13=W(FCC_A1#1,SI),
   col-14=NP(BCC_A2), col-15=NP(FCC_A1#1),
   1.08066E+03   1.22467E-04   6.03341E-03   9.78171E-01   3.10025E-03 
    2.65871E-04   1.23070E-02   3.30767E-03   8.52862E-03   9.71449E-01 
    6.77642E-03   5.08525E-04   9.42928E-03   1.01312E-06   9.99999E-01  NONE
   1.07300E+03   1.26270E-04   6.05012E-03   9.78278E-01   3.15095E-03 
    2.73220E-04   1.21213E-02   3.56587E-03   8.72977E-03   9.70895E-01 
    7.07066E-03   5.27622E-04   9.21080E-03   7.43919E-02   9.25608E-01  NONE
   1.06300E+03   1.31237E-04   6.06552E-03   9.78406E-01   3.21058E-03 
    2.82606E-04   1.19038E-02   3.92954E-03   9.01083E-03   9.70088E-01 
    7.47452E-03   5.52754E-04   8.94483E-03   1.62220E-01   8.37780E-01  NONE
   1.05300E+03   1.36178E-04   6.07351E-03   9.78526E-01   3.26210E-03 
    2.91718E-04   1.17108E-02   4.32517E-03   9.31629E-03   9.69179E-01 
    7.90391E-03   5.78083E-04   8.69731E-03   2.40630E-01   7.59370E-01  NONE
   1.04300E+03   1.41065E-04   6.07394E-03   9.78641E-01   3.30477E-03 
    3.00513E-04   1.15387E-02   4.75478E-03   9.65038E-03   9.68163E-01 
    8.36293E-03   6.03585E-04   8.46532E-03   3.10677E-01   6.89323E-01  NONE
   1.03300E+03   1.45878E-04   6.06659E-03   9.78756E-01   3.33783E-03 
    3.08959E-04   1.13843E-02   5.22067E-03   1.00182E-02   9.67029E-01 
    8.85690E-03   6.29270E-04   8.24642E-03   3.73334E-01   6.26666E-01  NONE
   1.02300E+03   1.50599E-04   6.05095E-03   9.78877E-01   3.35980E-03 
    3.17012E-04   1.12446E-02   5.72555E-03   1.04262E-02   9.65761E-01 
    9.39308E-03   6.55197E-04   8.03899E-03   4.29479E-01   5.70521E-01  NONE
   1.02029E+03   1.51870E-04   6.04190E-03   9.78930E-01   3.35392E-03 
    3.18848E-04   1.12031E-02   5.86954E-03   1.05473E-02   9.65377E-01 
    9.55480E-03   6.62505E-04   7.98931E-03   4.43680E-01   5.56320E-01  NONE

 Phase Region for:
     BCC_A2                        
     CEMENTITE                     
     FCC_A1#1                      
 col-1=T, col-2=W(BCC_A2,C), col-3=W(BCC_A2,CR), col-4=W(BCC_A2,FE),
   col-5=W(BCC_A2,MN), col-6=W(BCC_A2,NI), col-7=W(BCC_A2,SI),
   col-8=W(CEMENTITE,C), col-9=W(CEMENTITE,CR), col-10=W(CEMENTITE,FE),
   col-11=W(CEMENTITE,MN), col-12=W(CEMENTITE,NI), col-13=W(CEMENTITE,SI),
   col-14=W(FCC_A1#1,C), col-15=W(FCC_A1#1,CR), col-16=W(FCC_A1#1,FE),
   col-17=W(FCC_A1#1,MN), col-18=W(FCC_A1#1,NI), col-19=W(FCC_A1#1,SI),
   col-20=NP(BCC_A2), col-21=NP(CEMENTITE), col-22=NP(FCC_A1#1),
   1.02029E+03   1.51870E-04   6.04188E-03   9.78930E-01   3.35393E-03 
    3.18849E-04   1.12031E-02   6.75282E-02   1.23724E-01   7.89572E-01 
    1.91173E-02   5.88255E-05   0.00000E+00   5.86954E-03   1.05473E-02 
    9.65377E-01   9.55484E-03   6.62507E-04   7.98930E-03   4.43685E-01 
    4.81341E-07   5.56315E-01
   1.01300E+03   1.45424E-04   4.91401E-03   9.79897E-01   4.23958E-03 
    4.08161E-04   1.03961E-02   6.74465E-02   1.05657E-01   8.00627E-01 
    2.61905E-02   7.92980E-05   0.00000E+00   5.94426E-03   8.76610E-03 
    9.64347E-01   1.26268E-02   8.79562E-04   7.43635E-03   7.33330E-01 
    3.31585E-02   2.33512E-01
   1.00607E+03   1.36321E-04   4.25738E-03   9.79808E-01   5.37419E-03 
    5.28450E-04   9.89583E-03   6.74027E-02   9.48533E-02   8.02522E-01 
    3.51164E-02   1.05818E-04   0.00000E+00   5.91204E-03   7.67945E-03 
    9.61494E-01   1.65536E-02   1.18572E-03   7.17522E-03   9.42176E-01 
    5.78237E-02   0.00000E+00

 Phase Region for:
     BCC_A2                        
     CEMENTITE                     
 col-1=T, col-2=W(BCC_A2,C), col-3=W(BCC_A2,CR), col-4=W(BCC_A2,FE),
   col-5=W(BCC_A2,MN), col-6=W(BCC_A2,NI), col-7=W(BCC_A2,SI),
   col-8=W(CEMENTITE,C), col-9=W(CEMENTITE,CR), col-10=W(CEMENTITE,FE),
   col-11=W(CEMENTITE,MN), col-12=W(CEMENTITE,NI), col-13=W(CEMENTITE,SI),
   col-14=NP(BCC_A2), col-15=NP(CEMENTITE),
   1.00607E+03   1.36321E-04   4.25738E-03   9.79808E-01   5.37419E-03 
    5.28450E-04   9.89583E-03   6.74027E-02   9.48533E-02   8.02522E-01 
    3.51164E-02   1.05818E-04   0.00000E+00   9.42176E-01   5.78237E-02  NONE
   1.00300E+03   1.31498E-04   4.22005E-03   9.79879E-01   5.34483E-03 
    5.28478E-04   9.89651E-03   6.74065E-02   9.54804E-02   8.01340E-01 
    3.56675E-02   1.05853E-04   0.00000E+00   9.42093E-01   5.79075E-02  NONE
   9.93000E+02   1.16821E-04   4.09834E-03   9.80110E-01   5.24805E-03 
    5.28562E-04   9.89858E-03   6.74187E-02   9.75424E-02   7.97448E-01 
    3.74847E-02   1.05931E-04   0.00000E+00   9.41838E-01   5.81624E-02  NONE
   9.83000E+02   1.03602E-04   3.97627E-03   9.80342E-01   5.14938E-03 
    5.28640E-04   9.90043E-03   6.74311E-02   9.96354E-02   7.93489E-01 
    3.93385E-02   1.05959E-04   0.00000E+00   9.41608E-01   5.83918E-02  NONE
   9.73000E+02   9.17114E-05   3.85383E-03   9.80575E-01   5.04884E-03 
    5.28712E-04   9.90209E-03   6.74437E-02   1.01758E-01   7.89462E-01 
    4.12297E-02   1.05942E-04   0.00000E+00   9.41402E-01   5.85982E-02  NONE
   9.63000E+02   8.10320E-05   3.73100E-03   9.80809E-01   4.94639E-03 
    5.28778E-04   9.90357E-03   6.74565E-02   1.03910E-01   7.85368E-01 
    4.31593E-02   1.05883E-04   0.00000E+00   9.41217E-01   5.87834E-02  NONE
   9.53000E+02   7.14550E-05   3.60783E-03   9.81045E-01   4.84204E-03 
    5.28839E-04   9.90488E-03   6.74695E-02   1.06089E-01   7.81208E-01 
    4.51278E-02   1.05785E-04   0.00000E+00   9.41051E-01   5.89495E-02  NONE
   9.43000E+02   6.28808E-05   3.48433E-03   9.81282E-01   4.73577E-03 
    5.28895E-04   9.90604E-03   6.74826E-02   1.08294E-01   7.76982E-01 
    4.71360E-02   1.05653E-04   0.00000E+00   9.40902E-01   5.90982E-02  NONE
   9.33000E+02   5.52178E-05   3.36058E-03   9.81521E-01   4.62758E-03 
    5.28947E-04   9.90707E-03   6.74959E-02   1.10522E-01   7.72692E-01 
    4.91845E-02   1.05490E-04   0.00000E+00   9.40769E-01   5.92310E-02  NONE
   9.23000E+02   4.83818E-05   3.23665E-03   9.81761E-01   4.51746E-03 
    5.28995E-04   9.90797E-03   6.75094E-02   1.12770E-01   7.68341E-01 
    5.12736E-02   1.05299E-04   0.00000E+00   9.40651E-01   5.93494E-02  NONE
   9.13000E+02   4.22954E-05   3.11264E-03   9.82002E-01   4.40542E-03 
    5.29040E-04   9.90876E-03   6.75230E-02   1.15037E-01   7.63932E-01 
    5.34034E-02   1.05083E-04   0.00000E+00   9.40545E-01   5.94549E-02  NONE
   9.03000E+02   3.68876E-05   2.98866E-03   9.82244E-01   4.29146E-03 
    5.29082E-04   9.90945E-03   6.75367E-02   1.17318E-01   7.59467E-01 
    5.55741E-02   1.04846E-04   0.00000E+00   9.40451E-01   5.95486E-02  NONE
   8.93000E+02   3.20929E-05   2.86486E-03   9.82488E-01   4.17561E-03 
    5.29121E-04   9.91005E-03   6.75505E-02   1.19610E-01   7.54950E-01 
    5.77853E-02   1.04591E-04   0.00000E+00   9.40368E-01   5.96316E-02  NONE
   8.83000E+02   2.78515E-05   2.74139E-03   9.82733E-01   4.05790E-03 
    5.29157E-04   9.91057E-03   6.75644E-02   1.21909E-01   7.50386E-01 
    6.00364E-02   1.04321E-04   0.00000E+00   9.40295E-01   5.97051E-02  NONE
   8.73000E+02   2.41081E-05   2.61842E-03   9.82979E-01   3.93837E-03 
    5.29190E-04   9.91102E-03   6.75783E-02   1.24212E-01   7.45779E-01 
    6.23268E-02   1.04038E-04   0.00000E+00   9.40230E-01   5.97699E-02  NONE
   8.63000E+02   2.08123E-05   2.49614E-03   9.83225E-01   3.81710E-03 
    5.29221E-04   9.91140E-03   6.75923E-02   1.26512E-01   7.41137E-01 
    6.46551E-02   1.03746E-04   0.00000E+00   9.40173E-01   5.98270E-02  NONE
   8.53000E+02   1.79180E-05   2.37475E-03   9.83472E-01   3.69415E-03 
    5.29250E-04   9.91172E-03   6.76063E-02   1.28807E-01   7.36464E-01 
    6.70199E-02   1.03446E-04   0.00000E+00   9.40123E-01   5.98771E-02  NONE
   8.43000E+02   1.53827E-05   2.25448E-03   9.83719E-01   3.56962E-03 
    5.29277E-04   9.91198E-03   6.76202E-02   1.31090E-01   7.31768E-01 
    6.94191E-02   1.03143E-04   0.00000E+00   9.40079E-01   5.99210E-02  NONE
   8.33000E+02   1.31680E-05   2.13555E-03   9.83966E-01   3.44363E-03 
    5.29302E-04   9.91220E-03   6.76342E-02   1.33356E-01   7.27056E-01 
    7.18505E-02   1.02838E-04   0.00000E+00   9.40041E-01   5.99593E-02  NONE
   8.23000E+02   1.12386E-05   2.01820E-03   9.84213E-01   3.31632E-03 
    5.29326E-04   9.91238E-03   6.76480E-02   1.35600E-01   7.22338E-01 
    7.43113E-02   1.02534E-04   0.00000E+00   9.40007E-01   5.99927E-02  NONE
   8.13000E+02   9.56272E-06   1.90267E-03   9.84458E-01   3.18786E-03 
    5.29347E-04   9.91252E-03   6.76617E-02   1.37817E-01   7.17621E-01 
    7.67980E-02   1.02232E-04   0.00000E+00   9.39978E-01   6.00218E-02  NONE
   8.03000E+02   8.11122E-06   1.78923E-03   9.84702E-01   3.05842E-03 
    5.29367E-04   9.91264E-03   6.76753E-02   1.40000E-01   7.12915E-01 
    7.93071E-02   1.01935E-04   0.00000E+00   9.39953E-01   6.00469E-02  NONE
   7.93000E+02   6.85788E-06   1.67813E-03   9.84945E-01   2.92822E-03 
    5.29386E-04   9.91272E-03   6.76888E-02   1.42145E-01   7.08231E-01 
    8.18341E-02   1.01644E-04   0.00000E+00   9.39931E-01   6.00686E-02  NONE
   7.83000E+02   5.77903E-06   1.56961E-03   9.85185E-01   2.79750E-03 
    5.29403E-04   9.91278E-03   6.77020E-02   1.44245E-01   7.03577E-01 
    8.43742E-02   1.01361E-04   0.00000E+00   9.39913E-01   6.00873E-02  NONE
   7.73000E+02   4.85334E-06   1.46392E-03   9.85422E-01   2.66653E-03 
    5.29418E-04   9.91282E-03   6.77150E-02   1.46295E-01   6.98966E-01 
    8.69223E-02   1.01087E-04   0.00000E+00   9.39897E-01   6.01033E-02  NONE
   7.63000E+02   4.06166E-06   1.36131E-03   9.85657E-01   2.53557E-03 
    5.29433E-04   9.91284E-03   6.77277E-02   1.48290E-01   6.94409E-01 
    8.94724E-02   1.00823E-04   0.00000E+00   9.39883E-01   6.01170E-02  NONE
   7.53000E+02   3.38686E-06   1.26200E-03   9.85887E-01   2.40496E-03 
    5.29446E-04   9.91284E-03   6.77401E-02   1.50225E-01   6.89916E-01 
    9.20184E-02   1.00571E-04   0.00000E+00   9.39871E-01   6.01287E-02  NONE
   7.43000E+02   2.81368E-06   1.16621E-03   9.86114E-01   2.27502E-03 
    5.29458E-04   9.91283E-03   6.77521E-02   1.52095E-01   6.85499E-01 
    9.45535E-02   1.00329E-04   0.00000E+00   9.39861E-01   6.01386E-02  NONE
   7.33000E+02   2.32852E-06   1.07413E-03   9.86335E-01   2.14610E-03 
    5.29469E-04   9.91282E-03   6.77638E-02   1.53896E-01   6.81170E-01 
    9.70705E-02   1.00099E-04   0.00000E+00   9.39853E-01   6.01470E-02  NONE
   7.23000E+02   1.91937E-06   9.85934E-04   9.86551E-01   2.01857E-03 
    5.29479E-04   9.91279E-03   6.77752E-02   1.55623E-01   6.76940E-01 
    9.95622E-02   9.98798E-05   0.00000E+00   9.39846E-01   6.01541E-02  NONE
   7.13000E+02   1.57560E-06   9.01778E-04   9.86762E-01   1.89282E-03 
    5.29489E-04   9.91276E-03   6.77861E-02   1.57274E-01   6.72819E-01 
    1.02021E-01   9.96708E-05   0.00000E+00   9.39840E-01   6.01600E-02  NONE
   7.03000E+02   1.28787E-06   8.21788E-04   9.86965E-01   1.76923E-03 
    5.29497E-04   9.91272E-03   6.77965E-02   1.58845E-01   6.68820E-01 
    1.04438E-01   9.94711E-05   0.00000E+00   9.39835E-01   6.01650E-02  NONE
   6.93000E+02   1.04801E-06   7.46060E-04   9.87163E-01   1.64819E-03 
    5.29506E-04   9.91268E-03   6.78065E-02   1.60335E-01   6.64952E-01 
    1.06807E-01   9.92791E-05   0.00000E+00   9.39831E-01   6.01691E-02  NONE
   6.83000E+02   8.48868E-07   6.74663E-04   9.87352E-01   1.53010E-03 
    5.29513E-04   9.91264E-03   6.78161E-02   1.61741E-01   6.61224E-01 
    1.09120E-01   9.90931E-05   0.00000E+00   9.39827E-01   6.01726E-02  NONE
   6.73000E+02   6.84234E-07   6.07636E-04   9.87534E-01   1.41534E-03 
    5.29521E-04   9.91260E-03   6.78251E-02   1.63063E-01   6.57645E-01 
    1.11368E-01   9.89108E-05   0.00000E+00   9.39825E-01   6.01754E-02  NONE
