
 Phase Region for:
     FCC_A1#1                      
 col-1=T, col-2=W(FCC_A1#1,C), col-3=W(FCC_A1#1,CR), col-4=W(FCC_A1#1,FE),
   col-5=W(FCC_A1#1,MN), col-6=W(FCC_A1#1,NI), col-7=W(FCC_A1#1,SI),
   col-8=NP(FCC_A1#1),
   1.17300E+03   5.11048E-03   1.24658E-03   9.65968E-01   1.23403E-02 
    2.19880E-03   1.31362E-02   1.00000E+00
   1.18300E+03   5.11048E-03   1.24658E-03   9.65968E-01   1.23403E-02 
    2.19880E-03   1.31362E-02   1.00000E+00
   1.19300E+03   5.11048E-03   1.24658E-03   9.65968E-01   1.23403E-02 
    2.19880E-03   1.31362E-02   1.00000E+00
   1.20300E+03   5.11048E-03   1.24658E-03   9.65968E-01   1.23403E-02 
    2.19880E-03   1.31362E-02   1.00000E+00
   1.21300E+03   5.11048E-03   1.24658E-03   9.65968E-01   1.23403E-02 
    2.19880E-03   1.31362E-02   1.00000E+00
   1.22300E+03   5.11048E-03   1.24658E-03   9.65968E-01   1.23403E-02 
    2.19880E-03   1.31362E-02   1.00000E+00
   1.23300E+03   5.11048E-03   1.24658E-03   9.65968E-01   1.23403E-02 
    2.19880E-03   1.31362E-02   1.00000E+00
   1.24300E+03   5.11048E-03   1.24658E-03   9.65968E-01   1.23403E-02 
    2.19880E-03   1.31362E-02   1.00000E+00
   1.25300E+03   5.11048E-03   1.24658E-03   9.65968E-01   1.23403E-02 
    2.19880E-03   1.31362E-02   1.00000E+00
   1.26300E+03   5.11048E-03   1.24658E-03   9.65968E-01   1.23403E-02 
    2.19880E-03   1.31362E-02   1.00000E+00
   1.27300E+03   5.11048E-03   1.24658E-03   9.65968E-01   1.23403E-02 
    2.19880E-03   1.31362E-02   1.00000E+00
   1.28300E+03   5.11048E-03   1.24658E-03   9.65968E-01   1.23403E-02 
    2.19880E-03   1.31362E-02   1.00000E+00
   1.29300E+03   5.11048E-03   1.24658E-03   9.65968E-01   1.23403E-02 
    2.19880E-03   1.31362E-02   1.00000E+00
   1.30300E+03   5.11048E-03   1.24658E-03   9.65968E-01   1.23403E-02 
    2.19880E-03   1.31362E-02   1.00000E+00
   1.31300E+03   5.11048E-03   1.24658E-03   9.65968E-01   1.23403E-02 
    2.19880E-03   1.31362E-02   1.00000E+00
   1.32300E+03   5.11048E-03   1.24658E-03   9.65968E-01   1.23403E-02 
    2.19880E-03   1.31362E-02   1.00000E+00
   1.33300E+03   5.11048E-03   1.24658E-03   9.65968E-01   1.23403E-02 
    2.19880E-03   1.31362E-02   1.00000E+00
   1.34300E+03   5.11048E-03   1.24658E-03   9.65968E-01   1.23403E-02 
    2.19880E-03   1.31362E-02   1.00000E+00
   1.35300E+03   5.11048E-03   1.24658E-03   9.65968E-01   1.23403E-02 
    2.19880E-03   1.31362E-02   1.00000E+00
   1.36300E+03   5.11048E-03   1.24658E-03   9.65968E-01   1.23403E-02 
    2.19880E-03   1.31362E-02   1.00000E+00
   1.37300E+03   5.11048E-03   1.24658E-03   9.65968E-01   1.23403E-02 
    2.19880E-03   1.31362E-02   1.00000E+00
   1.38300E+03   5.11048E-03   1.24658E-03   9.65968E-01   1.23403E-02 
    2.19880E-03   1.31362E-02   1.00000E+00
   1.39300E+03   5.11048E-03   1.24658E-03   9.65968E-01   1.23403E-02 
    2.19880E-03   1.31362E-02   1.00000E+00
   1.40300E+03   5.11048E-03   1.24658E-03   9.65968E-01   1.23403E-02 
    2.19880E-03   1.31362E-02   1.00000E+00
   1.41300E+03   5.11048E-03   1.24658E-03   9.65968E-01   1.23403E-02 
    2.19880E-03   1.31362E-02   1.00000E+00
   1.42300E+03   5.11048E-03   1.24658E-03   9.65968E-01   1.23403E-02 
    2.19880E-03   1.31362E-02   1.00000E+00
   1.43300E+03   5.11048E-03   1.24658E-03   9.65968E-01   1.23403E-02 
    2.19880E-03   1.31362E-02   1.00000E+00
   1.44300E+03   5.11048E-03   1.24658E-03   9.65968E-01   1.23403E-02 
    2.19880E-03   1.31362E-02   1.00000E+00
   1.45300E+03   5.11048E-03   1.24658E-03   9.65968E-01   1.23403E-02 
    2.19880E-03   1.31362E-02   1.00000E+00
   1.46300E+03   5.11048E-03   1.24658E-03   9.65968E-01   1.23403E-02 
    2.19880E-03   1.31362E-02   1.00000E+00
   1.47300E+03   5.11048E-03   1.24658E-03   9.65968E-01   1.23403E-02 
    2.19880E-03   1.31362E-02   1.00000E+00

 Phase Region for:
     FCC_A1#1                      
 col-1=T, col-2=W(FCC_A1#1,C), col-3=W(FCC_A1#1,CR), col-4=W(FCC_A1#1,FE),
   col-5=W(FCC_A1#1,MN), col-6=W(FCC_A1#1,NI), col-7=W(FCC_A1#1,SI),
   col-8=NP(FCC_A1#1),
   1.17300E+03   5.11048E-03   1.24658E-03   9.65968E-01   1.23403E-02 
    2.19880E-03   1.31362E-02   1.00000E+00
   1.16300E+03   5.11048E-03   1.24658E-03   9.65968E-01   1.23403E-02 
    2.19880E-03   1.31362E-02   1.00000E+00
   1.15300E+03   5.11048E-03   1.24658E-03   9.65968E-01   1.23403E-02 
    2.19880E-03   1.31362E-02   1.00000E+00
   1.14300E+03   5.11048E-03   1.24658E-03   9.65968E-01   1.23403E-02 
    2.19880E-03   1.31362E-02   1.00000E+00
   1.13300E+03   5.11048E-03   1.24658E-03   9.65968E-01   1.23403E-02 
    2.19880E-03   1.31362E-02   1.00000E+00
   1.12300E+03   5.11048E-03   1.24658E-03   9.65968E-01   1.23403E-02 
    2.19880E-03   1.31362E-02   1.00000E+00
   1.11300E+03   5.11048E-03   1.24658E-03   9.65968E-01   1.23403E-02 
    2.19880E-03   1.31362E-02   1.00000E+00
   1.10300E+03   5.11048E-03   1.24658E-03   9.65968E-01   1.23403E-02 
    2.19880E-03   1.31362E-02   1.00000E+00
   1.09300E+03   5.11048E-03   1.24658E-03   9.65968E-01   1.23403E-02 
    2.19880E-03   1.31362E-02   1.00000E+00
   1.08300E+03   5.11048E-03   1.24658E-03   9.65968E-01   1.23403E-02 
    2.19880E-03   1.31362E-02   1.00000E+00
   1.07300E+03   5.11048E-03   1.24658E-03   9.65968E-01   1.23403E-02 
    2.19880E-03   1.31362E-02   1.00000E+00
   1.06300E+03   5.11048E-03   1.24658E-03   9.65968E-01   1.23403E-02 
    2.19880E-03   1.31362E-02   1.00000E+00
   1.05300E+03   5.11048E-03   1.24658E-03   9.65968E-01   1.23403E-02 
    2.19880E-03   1.31362E-02   1.00000E+00
   1.04300E+03   5.11048E-03   1.24658E-03   9.65968E-01   1.23403E-02 
    2.19880E-03   1.31362E-02   1.00000E+00
   1.04122E+03   5.11048E-03   1.24658E-03   9.65968E-01   1.23403E-02 
    2.19880E-03   1.31362E-02   1.00000E+00

 Phase Region for:
     BCC_A2                        
     FCC_A1#1                      
 col-1=T, col-2=W(BCC_A2,C), col-3=W(BCC_A2,CR), col-4=W(BCC_A2,FE),
   col-5=W(BCC_A2,MN), col-6=W(BCC_A2,NI), col-7=W(BCC_A2,SI),
   col-8=W(FCC_A1#1,C), col-9=W(FCC_A1#1,CR), col-10=W(FCC_A1#1,FE),
   col-11=W(FCC_A1#1,MN), col-12=W(FCC_A1#1,NI), col-13=W(FCC_A1#1,SI),
   col-14=NP(BCC_A2), col-15=NP(FCC_A1#1),
   1.04122E+03   1.49878E-04   7.61883E-04   9.75637E-01   4.86102E-03 
    1.06818E-03   1.75219E-02   5.11048E-03   1.24658E-03   9.65968E-01 
    1.23403E-02   2.19880E-03   1.31362E-02   8.04599E-07   9.99999E-01
   1.03300E+03   1.52295E-04   7.59769E-04   9.75815E-01   4.88309E-03 
    1.09072E-03   1.72990E-02   5.45410E-03   1.28032E-03   9.65285E-01 
    1.28571E-02   2.27559E-03   1.28477E-02   6.39263E-02   9.36074E-01
   1.02300E+03   1.55280E-04   7.56217E-04   9.76028E-01   4.89720E-03 
    1.11760E-03   1.70458E-02   5.90374E-03   1.32508E-03   9.64357E-01 
    1.35318E-02   2.37189E-03   1.25103E-02   1.36079E-01   8.63921E-01
   1.01300E+03   1.58348E-04   7.50971E-04   9.76269E-01   4.87961E-03 
    1.14248E-03   1.67995E-02   6.39048E-03   1.37468E-03   9.63305E-01 
    1.42687E-02   2.47183E-03   1.21893E-02   2.02488E-01   7.97512E-01
   1.00814E+03   1.59970E-04   7.47363E-04   9.76421E-01   4.84609E-03 
    1.15298E-03   1.66724E-02   6.64387E-03   1.40121E-03   9.62730E-01 
    1.46616E-02   2.52274E-03   1.20409E-02   2.33127E-01   7.66873E-01

 Phase Region for:
     BCC_A2                        
     CEMENTITE                     
     FCC_A1#1                      
 col-1=T, col-2=W(BCC_A2,C), col-3=W(BCC_A2,CR), col-4=W(BCC_A2,FE),
   col-5=W(BCC_A2,MN), col-6=W(BCC_A2,NI), col-7=W(BCC_A2,SI),
   col-8=W(CEMENTITE,C), col-9=W(CEMENTITE,CR), col-10=W(CEMENTITE,FE),
   col-11=W(CEMENTITE,MN), col-12=W(CEMENTITE,NI), col-13=W(CEMENTITE,SI),
   col-14=W(FCC_A1#1,C), col-15=W(FCC_A1#1,CR), col-16=W(FCC_A1#1,FE),
   col-17=W(FCC_A1#1,MN), col-18=W(FCC_A1#1,NI), col-19=W(FCC_A1#1,SI),
   col-20=NP(BCC_A2), col-21=NP(CEMENTITE), col-22=NP(FCC_A1#1),
   1.00814E+03   1.59970E-04   7.47360E-04   9.76421E-01   4.84610E-03 
    1.15298E-03   1.66723E-02   6.70071E-02   1.59454E-02   8.85342E-01 
    3.14108E-02   2.94261E-04   0.00000E+00   6.64387E-03   1.40120E-03 
    9.62730E-01   1.46616E-02   2.52275E-03   1.20409E-02   2.33131E-01 
    6.24484E-07   7.66868E-01
   1.00300E+03   1.51530E-04   6.32364E-04   9.76596E-01   5.52144E-03 
    1.34887E-03   1.57499E-02   6.70033E-02   1.38879E-02   8.81416E-01 
    3.73465E-02   3.46489E-04   0.00000E+00   6.56404E-03   1.19091E-03 
    9.60574E-01   1.71863E-02   3.03825E-03   1.14469E-02   4.50887E-01 
    2.96189E-02   5.19494E-01
   9.93000E+02   1.33933E-04   5.10354E-04   9.75813E-01   7.06834E-03 
    1.84581E-03   1.46290E-02   6.70073E-02   1.17366E-02   8.69785E-01 
    5.09944E-02   4.76796E-04   0.00000E+00   6.34030E-03   9.62016E-04 
    9.54344E-01   2.30625E-02   4.42500E-03   1.08666E-02   7.60505E-01 
    7.10410E-02   1.68454E-01
   9.85311E+02   1.20525E-04   4.62995E-04   9.74585E-01   8.30925E-03 
    2.32752E-03   1.41951E-02   6.70157E-02   1.09677E-02   8.59065E-01 
    6.23493E-02   6.01917E-04   0.00000E+00   6.13094E-03   8.69195E-04 
    9.48352E-01   2.80036E-02   5.87339E-03   1.07705E-02   9.09894E-01 
    9.01058E-02   0.00000E+00

 Phase Region for:
     BCC_A2                        
     CEMENTITE                     
 col-1=T, col-2=W(BCC_A2,C), col-3=W(BCC_A2,CR), col-4=W(BCC_A2,FE),
   col-5=W(BCC_A2,MN), col-6=W(BCC_A2,NI), col-7=W(BCC_A2,SI),
   col-8=W(CEMENTITE,C), col-9=W(CEMENTITE,CR), col-10=W(CEMENTITE,FE),
   col-11=W(CEMENTITE,MN), col-12=W(CEMENTITE,NI), col-13=W(CEMENTITE,SI),
   col-14=NP(BCC_A2), col-15=NP(CEMENTITE),
   9.85311E+02   1.20525E-04   4.62995E-04   9.74585E-01   8.30925E-03 
    2.32752E-03   1.41951E-02   6.70157E-02   1.09677E-02   8.59065E-01 
    6.23493E-02   6.01917E-04   0.00000E+00   9.09894E-01   9.01058E-02  NONE
   9.83000E+02   1.17314E-04   4.59292E-04   9.74643E-01   8.25678E-03 
    2.32751E-03   1.41957E-02   6.70165E-02   1.10075E-02   8.58405E-01 
    6.29684E-02   6.03010E-04   0.00000E+00   9.09841E-01   9.01595E-02  NONE
   9.73000E+02   1.04275E-04   4.43333E-04   9.74897E-01   8.02919E-03 
    2.32747E-03   1.41984E-02   6.70204E-02   1.11800E-02   8.55538E-01 
    6.56543E-02   6.07619E-04   0.00000E+00   9.09623E-01   9.03773E-02  NONE
   9.63000E+02   9.25316E-05   4.27481E-04   9.75151E-01   7.80072E-03 
    2.32740E-03   1.42009E-02   6.70242E-02   1.13530E-02   8.52659E-01 
    6.83517E-02   6.12045E-04   0.00000E+00   9.09427E-01   9.05734E-02  NONE
   9.53000E+02   8.19682E-05   4.11737E-04   9.75404E-01   7.57150E-03 
    2.32732E-03   1.42030E-02   6.70280E-02   1.15262E-02   8.49769E-01 
    7.10600E-02   6.16304E-04   0.00000E+00   9.09250E-01   9.07497E-02  NONE
   9.43000E+02   7.24791E-05   3.96106E-04   9.75658E-01   7.34163E-03 
    2.32722E-03   1.42050E-02   6.70319E-02   1.16996E-02   8.46870E-01 
    7.37782E-02   6.20414E-04   0.00000E+00   9.09092E-01   9.09081E-02  NONE
   9.33000E+02   6.39675E-05   3.80593E-04   9.75910E-01   7.11126E-03 
    2.32710E-03   1.42067E-02   6.70357E-02   1.18730E-02   8.43961E-01 
    7.65054E-02   6.24389E-04   0.00000E+00   9.08950E-01   9.10501E-02  NONE
   9.23000E+02   5.63443E-05   3.65208E-04   9.76163E-01   6.88050E-03 
    2.32698E-03   1.42083E-02   6.70396E-02   1.20462E-02   8.41046E-01 
    7.92401E-02   6.28242E-04   0.00000E+00   9.08823E-01   9.11772E-02  NONE
   9.13000E+02   4.95279E-05   3.49960E-04   9.76415E-01   6.64952E-03 
    2.32683E-03   1.42096E-02   6.70435E-02   1.22189E-02   8.38125E-01 
    8.19807E-02   6.31987E-04   0.00000E+00   9.08709E-01   9.12909E-02  NONE
   9.03000E+02   4.34435E-05   3.34862E-04   9.76666E-01   6.41848E-03 
    2.32668E-03   1.42109E-02   6.70474E-02   1.23910E-02   8.35200E-01 
    8.47256E-02   6.35633E-04   0.00000E+00   9.08608E-01   9.13924E-02  NONE
   8.93000E+02   3.80221E-05   3.19926E-04   9.76916E-01   6.18757E-03 
    2.32652E-03   1.42120E-02   6.70513E-02   1.25621E-02   8.32275E-01 
    8.74725E-02   6.39193E-04   0.00000E+00   9.08517E-01   9.14827E-02  NONE
   8.83000E+02   3.32008E-05   3.05168E-04   9.77165E-01   5.95698E-03 
    2.32635E-03   1.42129E-02   6.70551E-02   1.27322E-02   8.29351E-01 
    9.02191E-02   6.42675E-04   0.00000E+00   9.08437E-01   9.15631E-02  NONE
   8.73000E+02   2.89216E-05   2.90603E-04   9.77414E-01   5.72695E-03 
    2.32617E-03   1.42137E-02   6.70590E-02   1.29007E-02   8.26432E-01 
    9.29627E-02   6.46087E-04   0.00000E+00   9.08366E-01   9.16344E-02  NONE
   8.63000E+02   2.51314E-05   2.76250E-04   9.77660E-01   5.49771E-03 
    2.32598E-03   1.42145E-02   6.70628E-02   1.30676E-02   8.23520E-01 
    9.57003E-02   6.49438E-04   0.00000E+00   9.08302E-01   9.16976E-02  NONE
   8.53000E+02   2.17818E-05   2.62126E-04   9.77906E-01   5.26953E-03 
    2.32578E-03   1.42151E-02   6.70667E-02   1.32326E-02   8.20619E-01 
    9.84287E-02   6.52733E-04   0.00000E+00   9.08247E-01   9.17534E-02  NONE
   8.43000E+02   1.88283E-05   2.48250E-04   9.78149E-01   5.04269E-03 
    2.32558E-03   1.42157E-02   6.70705E-02   1.33952E-02   8.17734E-01 
    1.01144E-01   6.55979E-04   0.00000E+00   9.08197E-01   9.18026E-02  NONE
   8.33000E+02   1.62302E-05   2.34641E-04   9.78390E-01   4.81750E-03 
    2.32538E-03   1.42162E-02   6.70742E-02   1.35553E-02   8.14868E-01 
    1.03844E-01   6.59180E-04   0.00000E+00   9.08154E-01   9.18459E-02  NONE
   8.23000E+02   1.39504E-05   2.21319E-04   9.78629E-01   4.59427E-03 
    2.32517E-03   1.42166E-02   6.70780E-02   1.37125E-02   8.12025E-01 
    1.06522E-01   6.62340E-04   0.00000E+00   9.08116E-01   9.18839E-02  NONE
   8.13000E+02   1.19550E-05   2.08305E-04   9.78865E-01   4.37334E-03 
    2.32495E-03   1.42169E-02   6.70817E-02   1.38665E-02   8.09210E-01 
    1.09177E-01   6.65461E-04   0.00000E+00   9.08083E-01   9.19171E-02  NONE
   8.03000E+02   1.02134E-05   1.95616E-04   9.79097E-01   4.15506E-03 
    2.32473E-03   1.42173E-02   6.70853E-02   1.40171E-02   8.06427E-01 
    1.11802E-01   6.68547E-04   0.00000E+00   9.08054E-01   9.19461E-02  NONE
   7.93000E+02   8.69739E-06   1.83273E-04   9.79326E-01   3.93979E-03 
    2.32451E-03   1.42175E-02   6.70889E-02   1.41640E-02   8.03683E-01 
    1.14393E-01   6.71596E-04   0.00000E+00   9.08029E-01   9.19714E-02  NONE
   7.83000E+02   7.38167E-06   1.71295E-04   9.79551E-01   3.72790E-03 
    2.32429E-03   1.42177E-02   6.70924E-02   1.43069E-02   8.00980E-01 
    1.16946E-01   6.74610E-04   0.00000E+00   9.08007E-01   9.19933E-02  NONE
   7.73000E+02   6.24322E-06   1.59698E-04   9.79772E-01   3.51977E-03 
    2.32407E-03   1.42179E-02   6.70959E-02   1.44456E-02   7.98325E-01 
    1.19456E-01   6.77588E-04   0.00000E+00   9.07988E-01   9.20122E-02  NONE
   7.63000E+02   5.26125E-06   1.48499E-04   9.79989E-01   3.31578E-03 
    2.32384E-03   1.42181E-02   6.70992E-02   1.45797E-02   7.95722E-01 
    1.21918E-01   6.80527E-04   0.00000E+00   9.07971E-01   9.20286E-02  NONE
   7.53000E+02   4.41704E-06   1.37714E-04   9.80200E-01   3.11629E-03 
    2.32362E-03   1.42182E-02   6.71025E-02   1.47092E-02   7.93177E-01 
    1.24328E-01   6.83424E-04   0.00000E+00   9.07957E-01   9.20426E-02  NONE
   7.43000E+02   3.69373E-06   1.27356E-04   9.80406E-01   2.92169E-03 
    2.32339E-03   1.42183E-02   6.71058E-02   1.48337E-02   7.90694E-01 
    1.26680E-01   6.86276E-04   0.00000E+00   9.07945E-01   9.20547E-02  NONE
   7.33000E+02   3.07623E-06   1.17437E-04   9.80606E-01   2.73232E-03 
    2.32317E-03   1.42184E-02   6.71089E-02   1.49532E-02   7.88278E-01 
    1.28971E-01   6.89076E-04   0.00000E+00   9.07935E-01   9.20650E-02  NONE
   7.23000E+02   2.55100E-06   1.07967E-04   9.80800E-01   2.54855E-03 
    2.32295E-03   1.42184E-02   6.71119E-02   1.50674E-02   7.85934E-01 
    1.31195E-01   6.91819E-04   0.00000E+00   9.07926E-01   9.20737E-02  NONE
   7.13000E+02   2.10599E-06   9.89531E-05   9.80987E-01   2.37069E-03 
    2.32274E-03   1.42185E-02   6.71148E-02   1.51762E-02   7.83665E-01 
    1.33349E-01   6.94497E-04   0.00000E+00   9.07919E-01   9.20811E-02  NONE
   7.03000E+02   1.73048E-06   9.04021E-05   9.81168E-01   2.19904E-03 
    2.32252E-03   1.42185E-02   6.71176E-02   1.52796E-02   7.81477E-01 
    1.35429E-01   6.97102E-04   0.00000E+00   9.07913E-01   9.20874E-02  NONE
   6.93000E+02   1.41496E-06   8.23168E-05   9.81342E-01   2.03390E-03 
    2.32232E-03   1.42185E-02   6.71203E-02   1.53775E-02   7.79371E-01 
    1.37431E-01   6.99624E-04   0.00000E+00   9.07907E-01   9.20926E-02  NONE
   6.83000E+02   1.15102E-06   7.46981E-05   9.81508E-01   1.87549E-03 
    2.32212E-03   1.42185E-02   6.71229E-02   1.54698E-02   7.77353E-01 
    1.39353E-01   7.02052E-04   0.00000E+00   9.07903E-01   9.20970E-02  NONE
   6.73000E+02   9.31267E-07   6.75448E-05   9.81667E-01   1.72405E-03 
    2.32193E-03   1.42185E-02   6.71253E-02   1.55566E-02   7.75423E-01 
    1.41190E-01   7.04376E-04   0.00000E+00   9.07899E-01   9.21007E-02  NONE
