
 Phase Region for:
     CEMENTITE                     
     FCC_A1#1                      
 col-1=T, col-2=W(CEMENTITE,C), col-3=W(CEMENTITE,CR), col-4=W(CEMENTITE,FE),
   col-5=W(CEMENTITE,MN), col-6=W(CEMENTITE,NI), col-7=W(CEMENTITE,SI),
   col-8=W(FCC_A1#1,C), col-9=W(FCC_A1#1,CR), col-10=W(FCC_A1#1,FE),
   col-11=W(FCC_A1#1,MN), col-12=W(FCC_A1#1,NI), col-13=W(FCC_A1#1,SI),
   col-14=NP(CEMENTITE), col-15=NP(FCC_A1#1),
   1.17300E+03   6.69294E-02   8.31076E-03   9.08072E-01   1.10511E-02 
    5.63642E-03   0.00000E+00   1.01419E-02   1.31628E-03   9.27661E-01 
    7.79578E-03   2.84923E-02   2.45932E-02   4.34907E-02   9.56509E-01
   1.18300E+03   6.69289E-02   8.29323E-03   9.08048E-01   1.09846E-02 
    5.74547E-03   0.00000E+00   1.04537E-02   1.35525E-03   9.27554E-01 
    7.81584E-03   2.83632E-02   2.44582E-02   3.72917E-02   9.62708E-01
   1.19300E+03   6.69284E-02   8.27481E-03   9.08022E-01   1.09201E-02 
    5.85480E-03   0.00000E+00   1.07701E-02   1.39462E-03   9.27445E-01 
    7.83535E-03   2.82335E-02   2.43211E-02   3.09292E-02   9.69071E-01
   1.20300E+03   6.69279E-02   8.25550E-03   9.07995E-01   1.08575E-02 
    5.96439E-03   0.00000E+00   1.10912E-02   1.43437E-03   9.27335E-01 
    7.85433E-03   2.81032E-02   2.41821E-02   2.43987E-02   9.75601E-01
   1.21300E+03   6.69273E-02   8.23530E-03   9.07966E-01   1.07968E-02 
    6.07424E-03   0.00000E+00   1.14170E-02   1.47448E-03   9.27222E-01 
    7.87279E-03   2.79724E-02   2.40410E-02   1.76953E-02   9.82305E-01
   1.22300E+03   6.69268E-02   8.21422E-03   9.07937E-01   1.07379E-02 
    6.18431E-03   0.00000E+00   1.17475E-02   1.51494E-03   9.27108E-01 
    7.89075E-03   2.78410E-02   2.38978E-02   1.08136E-02   9.89186E-01
   1.23300E+03   6.69263E-02   8.19225E-03   9.07906E-01   1.06808E-02 
    6.29461E-03   0.00000E+00   1.20828E-02   1.55572E-03   9.26992E-01 
    7.90823E-03   2.77090E-02   2.37526E-02   3.74821E-03   9.96252E-01
   1.23820E+03   6.69260E-02   8.18049E-03   9.07890E-01   1.06518E-02 
    6.35204E-03   0.00000E+00   1.22590E-02   1.57704E-03   9.26930E-01 
    7.91714E-03   2.76402E-02   2.36763E-02   0.00000E+00   1.00000E+00

 Phase Region for:
     FCC_A1#1                      
 col-1=T, col-2=W(FCC_A1#1,C), col-3=W(FCC_A1#1,CR), col-4=W(FCC_A1#1,FE),
   col-5=W(FCC_A1#1,MN), col-6=W(FCC_A1#1,NI), col-7=W(FCC_A1#1,SI),
   col-8=NP(FCC_A1#1),
   1.23820E+03   1.22590E-02   1.57704E-03   9.26930E-01   7.91714E-03 
    2.76402E-02   2.36763E-02   1.00000E+00
   1.24300E+03   1.22590E-02   1.57704E-03   9.26930E-01   7.91714E-03 
    2.76402E-02   2.36763E-02   1.00000E+00
   1.25300E+03   1.22590E-02   1.57704E-03   9.26930E-01   7.91714E-03 
    2.76402E-02   2.36763E-02   1.00000E+00
   1.26300E+03   1.22590E-02   1.57704E-03   9.26930E-01   7.91714E-03 
    2.76402E-02   2.36763E-02   1.00000E+00
   1.27300E+03   1.22590E-02   1.57704E-03   9.26930E-01   7.91714E-03 
    2.76402E-02   2.36763E-02   1.00000E+00
   1.28300E+03   1.22590E-02   1.57704E-03   9.26930E-01   7.91714E-03 
    2.76402E-02   2.36763E-02   1.00000E+00
   1.29300E+03   1.22590E-02   1.57704E-03   9.26930E-01   7.91714E-03 
    2.76402E-02   2.36763E-02   1.00000E+00
   1.30300E+03   1.22590E-02   1.57704E-03   9.26930E-01   7.91714E-03 
    2.76402E-02   2.36763E-02   1.00000E+00
   1.31300E+03   1.22590E-02   1.57704E-03   9.26930E-01   7.91714E-03 
    2.76402E-02   2.36763E-02   1.00000E+00
   1.32300E+03   1.22590E-02   1.57704E-03   9.26930E-01   7.91714E-03 
    2.76402E-02   2.36763E-02   1.00000E+00
   1.33300E+03   1.22590E-02   1.57704E-03   9.26930E-01   7.91714E-03 
    2.76402E-02   2.36763E-02   1.00000E+00
   1.34300E+03   1.22590E-02   1.57704E-03   9.26930E-01   7.91714E-03 
    2.76402E-02   2.36763E-02   1.00000E+00
   1.35300E+03   1.22590E-02   1.57704E-03   9.26930E-01   7.91714E-03 
    2.76402E-02   2.36763E-02   1.00000E+00
   1.36300E+03   1.22590E-02   1.57704E-03   9.26930E-01   7.91714E-03 
    2.76402E-02   2.36763E-02   1.00000E+00
   1.37300E+03   1.22590E-02   1.57704E-03   9.26930E-01   7.91714E-03 
    2.76402E-02   2.36763E-02   1.00000E+00
   1.38300E+03   1.22590E-02   1.57704E-03   9.26930E-01   7.91714E-03 
    2.76402E-02   2.36763E-02   1.00000E+00
   1.39300E+03   1.22590E-02   1.57704E-03   9.26930E-01   7.91714E-03 
    2.76402E-02   2.36763E-02   1.00000E+00
   1.40300E+03   1.22590E-02   1.57704E-03   9.26930E-01   7.91714E-03 
    2.76402E-02   2.36763E-02   1.00000E+00
   1.41300E+03   1.22590E-02   1.57704E-03   9.26930E-01   7.91714E-03 
    2.76402E-02   2.36763E-02   1.00000E+00
   1.42300E+03   1.22590E-02   1.57704E-03   9.26930E-01   7.91714E-03 
    2.76402E-02   2.36763E-02   1.00000E+00
   1.43300E+03   1.22590E-02   1.57704E-03   9.26930E-01   7.91714E-03 
    2.76402E-02   2.36763E-02   1.00000E+00
   1.44300E+03   1.22590E-02   1.57704E-03   9.26930E-01   7.91714E-03 
    2.76402E-02   2.36763E-02   1.00000E+00
   1.45300E+03   1.22590E-02   1.57704E-03   9.26930E-01   7.91714E-03 
    2.76402E-02   2.36763E-02   1.00000E+00
   1.46300E+03   1.22590E-02   1.57704E-03   9.26930E-01   7.91714E-03 
    2.76402E-02   2.36763E-02   1.00000E+00
   1.47300E+03   1.22590E-02   1.57704E-03   9.26930E-01   7.91714E-03 
    2.76402E-02   2.36763E-02   1.00000E+00

 Phase Region for:
     CEMENTITE                     
     FCC_A1#1                      
 col-1=T, col-2=W(CEMENTITE,C), col-3=W(CEMENTITE,CR), col-4=W(CEMENTITE,FE),
   col-5=W(CEMENTITE,MN), col-6=W(CEMENTITE,NI), col-7=W(CEMENTITE,SI),
   col-8=W(FCC_A1#1,C), col-9=W(FCC_A1#1,CR), col-10=W(FCC_A1#1,FE),
   col-11=W(FCC_A1#1,MN), col-12=W(FCC_A1#1,NI), col-13=W(FCC_A1#1,SI),
   col-14=NP(CEMENTITE), col-15=NP(FCC_A1#1),
   1.17300E+03   6.69294E-02   8.31076E-03   9.08072E-01   1.10511E-02 
    5.63642E-03   0.00000E+00   1.01419E-02   1.31628E-03   9.27661E-01 
    7.79578E-03   2.84923E-02   2.45932E-02   4.34907E-02   9.56509E-01
   1.16300E+03   6.69299E-02   8.32739E-03   9.08096E-01   1.11194E-02 
    5.52767E-03   0.00000E+00   9.83485E-03   1.27772E-03   9.27765E-01 
    7.77515E-03   2.86207E-02   2.47261E-02   4.95308E-02   9.50469E-01
   1.15300E+03   6.69304E-02   8.34313E-03   9.08117E-01   1.11898E-02 
    5.41923E-03   0.00000E+00   9.53244E-03   1.23960E-03   9.27869E-01 
    7.75393E-03   2.87484E-02   2.48571E-02   5.54162E-02   9.44584E-01
   1.14300E+03   6.69309E-02   8.35797E-03   9.08138E-01   1.12622E-02 
    5.31113E-03   0.00000E+00   9.23467E-03   1.20193E-03   9.27970E-01 
    7.73210E-03   2.88754E-02   2.49860E-02   6.11509E-02   9.38849E-01
   1.13300E+03   6.69314E-02   8.37193E-03   9.08157E-01   1.13367E-02 
    5.20338E-03   0.00000E+00   8.94155E-03   1.16474E-03   9.28069E-01 
    7.70964E-03   2.90016E-02   2.51129E-02   6.67386E-02   9.33261E-01
   1.12300E+03   6.69319E-02   8.38500E-03   9.08174E-01   1.14133E-02 
    5.09600E-03   0.00000E+00   8.65306E-03   1.12802E-03   9.28167E-01 
    7.68655E-03   2.91271E-02   2.52379E-02   7.21831E-02   9.27817E-01
   1.11300E+03   6.69324E-02   8.39720E-03   9.08189E-01   1.14921E-02 
    4.98900E-03   0.00000E+00   8.36922E-03   1.09181E-03   9.28264E-01 
    7.66279E-03   2.92517E-02   2.53608E-02   7.74875E-02   9.22512E-01
   1.10300E+03   6.69329E-02   8.40852E-03   9.08203E-01   1.15732E-02 
    4.88242E-03   0.00000E+00   8.09001E-03   1.05613E-03   9.28358E-01 
    7.63836E-03   2.93755E-02   2.54817E-02   8.26554E-02   9.17345E-01
   1.09300E+03   6.69334E-02   8.41899E-03   9.08215E-01   1.16564E-02 
    4.77627E-03   0.00000E+00   7.81545E-03   1.02097E-03   9.28451E-01 
    7.61324E-03   2.94984E-02   2.56005E-02   8.76896E-02   9.12310E-01
   1.08300E+03   6.69339E-02   8.42862E-03   9.08225E-01   1.17420E-02 
    4.67058E-03   0.00000E+00   7.54555E-03   9.86374E-04   9.28543E-01 
    7.58740E-03   2.96204E-02   2.57174E-02   9.25932E-02   9.07407E-01
   1.07300E+03   6.69344E-02   8.43741E-03   9.08233E-01   1.18300E-02 
    4.56535E-03   0.00000E+00   7.28030E-03   9.52340E-04   9.28633E-01 
    7.56084E-03   2.97414E-02   2.58322E-02   9.73689E-02   9.02631E-01
   1.06300E+03   6.69349E-02   8.44539E-03   9.08239E-01   1.19204E-02 
    4.46063E-03   0.00000E+00   7.01972E-03   9.18885E-04   9.28721E-01 
    7.53353E-03   2.98614E-02   2.59451E-02   1.02019E-01   8.97981E-01
   1.05300E+03   6.69353E-02   8.45257E-03   9.08242E-01   1.20133E-02 
    4.35642E-03   0.00000E+00   6.76382E-03   8.86023E-04   9.28809E-01 
    7.50546E-03   2.99803E-02   2.60559E-02   1.06547E-01   8.93453E-01
   1.04300E+03   6.69358E-02   8.45897E-03   9.08244E-01   1.21087E-02 
    4.25276E-03   0.00000E+00   6.51262E-03   8.53768E-04   9.28894E-01 
    7.47662E-03   3.00982E-02   2.61646E-02   1.10954E-01   8.89046E-01
   1.03300E+03   6.69363E-02   8.46462E-03   9.08243E-01   1.22068E-02 
    4.14967E-03   0.00000E+00   6.26612E-03   8.22130E-04   9.28979E-01 
    7.44698E-03   3.02149E-02   2.62713E-02   1.15244E-01   8.84756E-01
   1.02300E+03   6.69367E-02   8.46955E-03   9.08239E-01   1.23075E-02 
    4.04717E-03   0.00000E+00   6.02435E-03   7.91120E-04   9.29062E-01 
    7.41653E-03   3.03304E-02   2.63760E-02   1.19417E-01   8.80583E-01
   1.01343E+03   6.69372E-02   8.47360E-03   9.08233E-01   1.24064E-02 
    3.94965E-03   0.00000E+00   5.79739E-03   7.62038E-04   9.29140E-01 
    7.38662E-03   3.04398E-02   2.64743E-02   1.23305E-01   8.76695E-01

 Phase Region for:
     BCC_A2                        
     CEMENTITE                     
     FCC_A1#1                      
 col-1=T, col-2=W(BCC_A2,C), col-3=W(BCC_A2,CR), col-4=W(BCC_A2,FE),
   col-5=W(BCC_A2,MN), col-6=W(BCC_A2,NI), col-7=W(BCC_A2,SI),
   col-8=W(CEMENTITE,C), col-9=W(CEMENTITE,CR), col-10=W(CEMENTITE,FE),
   col-11=W(CEMENTITE,MN), col-12=W(CEMENTITE,NI), col-13=W(CEMENTITE,SI),
   col-14=W(FCC_A1#1,C), col-15=W(FCC_A1#1,CR), col-16=W(FCC_A1#1,FE),
   col-17=W(FCC_A1#1,MN), col-18=W(FCC_A1#1,NI), col-19=W(FCC_A1#1,SI),
   col-20=NP(BCC_A2), col-21=NP(CEMENTITE), col-22=NP(FCC_A1#1),
   1.01343E+03   1.46357E-04   4.48262E-04   9.48846E-01   2.45476E-03 
    1.39064E-02   3.41984E-02   6.69372E-02   8.47359E-03   9.08233E-01 
    1.24064E-02   3.94965E-03   0.00000E+00   5.79739E-03   7.62037E-04 
    9.29140E-01   7.38663E-03   3.04399E-02   2.64742E-02   2.07155E-06 
    1.23305E-01   8.76693E-01
   1.01300E+03   1.45730E-04   4.46391E-04   9.48838E-01   2.46151E-03 
    1.39753E-02   3.41336E-02   6.69371E-02   8.45685E-03   9.08166E-01 
    1.24716E-02   3.96824E-03   0.00000E+00   5.78737E-03   7.58691E-04 
    9.28968E-01   7.42400E-03   3.06373E-02   2.64248E-02   8.84546E-03 
    1.24458E-01   8.66696E-01
   1.00300E+03   1.31519E-04   4.07347E-04   9.48396E-01   2.61504E-03 
    1.56565E-02   3.27932E-02   6.69357E-02   8.12573E-03   9.06463E-01 
    1.40477E-02   4.42817E-03   0.00000E+00   5.54522E-03   6.88098E-04 
    9.24367E-01   8.34674E-03   3.56287E-02   2.54242E-02   1.94816E-01 
    1.48311E-01   6.56873E-01
