
 Phase Region for:
     FCC_A1#1                      
 col-1=T, col-2=W(FCC_A1#1,C), col-3=W(FCC_A1#1,CR), col-4=W(FCC_A1#1,FE),
   col-5=W(FCC_A1#1,MN), col-6=W(FCC_A1#1,NI), col-7=W(FCC_A1#1,SI),
   col-8=NP(FCC_A1#1),
   1.17300E+03   7.59112E-03   9.99310E-03   9.22521E-01   2.09217E-02 
    2.05492E-02   1.84242E-02   1.00000E+00
   1.18300E+03   7.59112E-03   9.99310E-03   9.22521E-01   2.09217E-02 
    2.05492E-02   1.84242E-02   1.00000E+00
   1.19300E+03   7.59112E-03   9.99310E-03   9.22521E-01   2.09217E-02 
    2.05492E-02   1.84242E-02   1.00000E+00
   1.20300E+03   7.59112E-03   9.99310E-03   9.22521E-01   2.09217E-02 
    2.05492E-02   1.84242E-02   1.00000E+00
   1.21300E+03   7.59112E-03   9.99310E-03   9.22521E-01   2.09217E-02 
    2.05492E-02   1.84242E-02   1.00000E+00
   1.22300E+03   7.59112E-03   9.99310E-03   9.22521E-01   2.09217E-02 
    2.05492E-02   1.84242E-02   1.00000E+00
   1.23300E+03   7.59112E-03   9.99310E-03   9.22521E-01   2.09217E-02 
    2.05492E-02   1.84242E-02   1.00000E+00
   1.24300E+03   7.59112E-03   9.99310E-03   9.22521E-01   2.09217E-02 
    2.05492E-02   1.84242E-02   1.00000E+00
   1.25300E+03   7.59112E-03   9.99310E-03   9.22521E-01   2.09217E-02 
    2.05492E-02   1.84242E-02   1.00000E+00
   1.26300E+03   7.59112E-03   9.99310E-03   9.22521E-01   2.09217E-02 
    2.05492E-02   1.84242E-02   1.00000E+00
   1.27300E+03   7.59112E-03   9.99310E-03   9.22521E-01   2.09217E-02 
    2.05492E-02   1.84242E-02   1.00000E+00
   1.28300E+03   7.59112E-03   9.99310E-03   9.22521E-01   2.09217E-02 
    2.05492E-02   1.84242E-02   1.00000E+00
   1.29300E+03   7.59112E-03   9.99310E-03   9.22521E-01   2.09217E-02 
    2.05492E-02   1.84242E-02   1.00000E+00
   1.30300E+03   7.59112E-03   9.99310E-03   9.22521E-01   2.09217E-02 
    2.05492E-02   1.84242E-02   1.00000E+00
   1.31300E+03   7.59112E-03   9.99310E-03   9.22521E-01   2.09217E-02 
    2.05492E-02   1.84242E-02   1.00000E+00
   1.32300E+03   7.59112E-03   9.99310E-03   9.22521E-01   2.09217E-02 
    2.05492E-02   1.84242E-02   1.00000E+00
   1.33300E+03   7.59112E-03   9.99310E-03   9.22521E-01   2.09217E-02 
    2.05492E-02   1.84242E-02   1.00000E+00
   1.34300E+03   7.59112E-03   9.99310E-03   9.22521E-01   2.09217E-02 
    2.05492E-02   1.84242E-02   1.00000E+00
   1.35300E+03   7.59112E-03   9.99310E-03   9.22521E-01   2.09217E-02 
    2.05492E-02   1.84242E-02   1.00000E+00
   1.36300E+03   7.59112E-03   9.99310E-03   9.22521E-01   2.09217E-02 
    2.05492E-02   1.84242E-02   1.00000E+00
   1.37300E+03   7.59112E-03   9.99310E-03   9.22521E-01   2.09217E-02 
    2.05492E-02   1.84242E-02   1.00000E+00
   1.38300E+03   7.59112E-03   9.99310E-03   9.22521E-01   2.09217E-02 
    2.05492E-02   1.84242E-02   1.00000E+00
   1.39300E+03   7.59112E-03   9.99310E-03   9.22521E-01   2.09217E-02 
    2.05492E-02   1.84242E-02   1.00000E+00
   1.40300E+03   7.59112E-03   9.99310E-03   9.22521E-01   2.09217E-02 
    2.05492E-02   1.84242E-02   1.00000E+00
   1.41300E+03   7.59112E-03   9.99310E-03   9.22521E-01   2.09217E-02 
    2.05492E-02   1.84242E-02   1.00000E+00
   1.42300E+03   7.59112E-03   9.99310E-03   9.22521E-01   2.09217E-02 
    2.05492E-02   1.84242E-02   1.00000E+00
   1.43300E+03   7.59112E-03   9.99310E-03   9.22521E-01   2.09217E-02 
    2.05492E-02   1.84242E-02   1.00000E+00
   1.44300E+03   7.59112E-03   9.99310E-03   9.22521E-01   2.09217E-02 
    2.05492E-02   1.84242E-02   1.00000E+00
   1.45300E+03   7.59112E-03   9.99310E-03   9.22521E-01   2.09217E-02 
    2.05492E-02   1.84242E-02   1.00000E+00
   1.46300E+03   7.59112E-03   9.99310E-03   9.22521E-01   2.09217E-02 
    2.05492E-02   1.84242E-02   1.00000E+00
   1.47300E+03   7.59112E-03   9.99310E-03   9.22521E-01   2.09217E-02 
    2.05492E-02   1.84242E-02   1.00000E+00

 Phase Region for:
     FCC_A1#1                      
 col-1=T, col-2=W(FCC_A1#1,C), col-3=W(FCC_A1#1,CR), col-4=W(FCC_A1#1,FE),
   col-5=W(FCC_A1#1,MN), col-6=W(FCC_A1#1,NI), col-7=W(FCC_A1#1,SI),
   col-8=NP(FCC_A1#1),
   1.17300E+03   7.59112E-03   9.99310E-03   9.22521E-01   2.09217E-02 
    2.05492E-02   1.84242E-02   1.00000E+00
   1.16300E+03   7.59112E-03   9.99310E-03   9.22521E-01   2.09217E-02 
    2.05492E-02   1.84242E-02   1.00000E+00
   1.15300E+03   7.59112E-03   9.99310E-03   9.22521E-01   2.09217E-02 
    2.05492E-02   1.84242E-02   1.00000E+00
   1.14300E+03   7.59112E-03   9.99310E-03   9.22521E-01   2.09217E-02 
    2.05492E-02   1.84242E-02   1.00000E+00
   1.13300E+03   7.59112E-03   9.99310E-03   9.22521E-01   2.09217E-02 
    2.05492E-02   1.84242E-02   1.00000E+00
   1.12300E+03   7.59112E-03   9.99310E-03   9.22521E-01   2.09217E-02 
    2.05492E-02   1.84242E-02   1.00000E+00
   1.11300E+03   7.59112E-03   9.99310E-03   9.22521E-01   2.09217E-02 
    2.05492E-02   1.84242E-02   1.00000E+00
   1.10722E+03   7.59112E-03   9.99310E-03   9.22521E-01   2.09217E-02 
    2.05492E-02   1.84242E-02   1.00000E+00

 Phase Region for:
     CEMENTITE                     
     FCC_A1#1                      
 col-1=T, col-2=W(CEMENTITE,C), col-3=W(CEMENTITE,CR), col-4=W(CEMENTITE,FE),
   col-5=W(CEMENTITE,MN), col-6=W(CEMENTITE,NI), col-7=W(CEMENTITE,SI),
   col-8=W(FCC_A1#1,C), col-9=W(FCC_A1#1,CR), col-10=W(FCC_A1#1,FE),
   col-11=W(FCC_A1#1,MN), col-12=W(FCC_A1#1,NI), col-13=W(FCC_A1#1,SI),
   col-14=NP(CEMENTITE), col-15=NP(FCC_A1#1),
   1.10722E+03   6.73283E-02   8.19902E-02   8.15666E-01   3.24952E-02 
    2.51995E-03   0.00000E+00   7.59112E-03   9.99310E-03   9.22521E-01 
    2.09217E-02   2.05492E-02   1.84242E-02   5.34041E-08   1.00000E+00
   1.10300E+03   6.73289E-02   8.20764E-02   8.15495E-01   3.26047E-02 
    2.49471E-03   0.00000E+00   7.47924E-03   9.85809E-03   9.22721E-01 
    2.08998E-02   2.05830E-02   1.84587E-02   2.23795E-03   9.97762E-01
   1.09300E+03   6.73304E-02   8.22766E-02   8.15087E-01   3.28704E-02 
    2.43520E-03   0.00000E+00   7.21738E-03   9.54089E-03   9.23193E-01 
    2.08469E-02   2.06625E-02   1.85395E-02   7.44309E-03   9.92557E-01
   1.08300E+03   6.73318E-02   8.24704E-02   8.14677E-01   3.31447E-02 
    2.37619E-03   0.00000E+00   6.96055E-03   9.22809E-03   9.23659E-01 
    2.07927E-02   2.07410E-02   1.86187E-02   1.25046E-02   9.87495E-01
   1.07300E+03   6.73333E-02   8.26577E-02   8.14264E-01   3.34278E-02 
    2.31770E-03   0.00000E+00   6.70872E-03   8.91983E-03   9.24120E-01 
    2.07370E-02   2.08185E-02   1.86963E-02   1.74258E-02   9.82574E-01
   1.06300E+03   6.73347E-02   8.28383E-02   8.13847E-01   3.37200E-02 
    2.25973E-03   0.00000E+00   6.46188E-03   8.61622E-03   9.24575E-01 
    2.06798E-02   2.08949E-02   1.87724E-02   2.22099E-02   9.77790E-01
   1.05300E+03   6.73361E-02   8.30121E-02   8.13428E-01   3.40215E-02 
    2.20230E-03   0.00000E+00   6.22003E-03   8.31738E-03   9.25024E-01 
    2.06211E-02   2.09702E-02   1.88470E-02   2.68600E-02   9.73140E-01
   1.04300E+03   6.73374E-02   8.31791E-02   8.13005E-01   3.43327E-02 
    2.14542E-03   0.00000E+00   5.98314E-03   8.02341E-03   9.25468E-01 
    2.05608E-02   2.10445E-02   1.89201E-02   3.13789E-02   9.68621E-01
   1.03300E+03   6.73388E-02   8.33392E-02   8.12579E-01   3.46538E-02 
    2.08909E-03   0.00000E+00   5.75122E-03   7.73444E-03   9.25906E-01 
    2.04988E-02   2.11177E-02   1.89916E-02   3.57695E-02   9.64231E-01
   1.02300E+03   6.73401E-02   8.34925E-02   8.12149E-01   3.49851E-02 
    2.03332E-03   0.00000E+00   5.52425E-03   7.45056E-03   9.26339E-01 
    2.04352E-02   2.11897E-02   1.90615E-02   4.00345E-02   9.59966E-01
   1.01300E+03   6.73413E-02   8.36388E-02   8.11715E-01   3.53269E-02 
    1.97812E-03   0.00000E+00   5.30221E-03   7.17189E-03   9.26765E-01 
    2.03699E-02   2.12606E-02   1.91300E-02   4.41764E-02   9.55824E-01
   1.00300E+03   6.73426E-02   8.37782E-02   8.11276E-01   3.56795E-02 
    1.92351E-03   0.00000E+00   5.08511E-03   6.89852E-03   9.27186E-01 
    2.03028E-02   2.13304E-02   1.91969E-02   4.81978E-02   9.51802E-01
   9.97940E+02   6.73432E-02   8.38461E-02   8.11052E-01   3.58622E-02 
    1.89610E-03   0.00000E+00   4.97713E-03   6.76223E-03   9.27397E-01 
    2.02681E-02   2.13652E-02   1.92302E-02   5.01876E-02   9.49812E-01

 Phase Region for:
     BCC_A2                        
     CEMENTITE                     
     FCC_A1#1                      
 col-1=T, col-2=W(BCC_A2,C), col-3=W(BCC_A2,CR), col-4=W(BCC_A2,FE),
   col-5=W(BCC_A2,MN), col-6=W(BCC_A2,NI), col-7=W(BCC_A2,SI),
   col-8=W(CEMENTITE,C), col-9=W(CEMENTITE,CR), col-10=W(CEMENTITE,FE),
   col-11=W(CEMENTITE,MN), col-12=W(CEMENTITE,NI), col-13=W(CEMENTITE,SI),
   col-14=W(FCC_A1#1,C), col-15=W(FCC_A1#1,CR), col-16=W(FCC_A1#1,FE),
   col-17=W(FCC_A1#1,MN), col-18=W(FCC_A1#1,NI), col-19=W(FCC_A1#1,SI),
   col-20=NP(BCC_A2), col-21=NP(CEMENTITE), col-22=NP(FCC_A1#1),
   9.97939E+02   1.09278E-04   4.15052E-03   9.55693E-01   6.68689E-03 
    9.00184E-03   2.43584E-02   6.73432E-02   8.38461E-02   8.11052E-01 
    3.58622E-02   1.89610E-03   0.00000E+00   4.97712E-03   6.76222E-03 
    9.27397E-01   2.02681E-02   2.13653E-02   1.92302E-02   2.30166E-06 
    5.01878E-02   9.49810E-01
   9.93000E+02   1.03849E-04   3.91652E-03   9.55792E-01   6.90383E-03 
    9.50305E-03   2.37812E-02   6.73337E-02   8.13940E-02   8.10647E-01 
    3.86065E-02   2.01886E-03   0.00000E+00   4.89650E-03   6.39319E-03 
    9.25023E-01   2.16834E-02   2.31514E-02   1.88525E-02   1.08336E-01 
    6.18410E-02   8.29823E-01
   9.83000E+02   9.29599E-05   3.53340E-03   9.55537E-01   7.37380E-03 
    1.05953E-02   2.28674E-02   6.73205E-02   7.75692E-02   8.08266E-01 
    4.45605E-02   2.28390E-03   0.00000E+00   4.70787E-03   5.76621E-03 
    9.19132E-01   2.48256E-02   2.72705E-02   1.82978E-02   2.94174E-01 
    8.16628E-02   6.24164E-01
   9.73000E+02   8.24978E-05   3.24262E-03   9.54861E-01   7.84123E-03 
    1.17446E-02   2.22282E-02   6.73139E-02   7.50078E-02   8.04274E-01 
    5.08435E-02   2.56096E-03   0.00000E+00   4.49337E-03   5.26535E-03 
    9.12015E-01   2.82434E-02   3.20201E-02   1.79632E-02   4.38106E-01 
    9.66991E-02   4.65195E-01
   9.63000E+02   7.27172E-05   3.01502E-03   9.53949E-01   8.26901E-03 
    1.29073E-02   2.17873E-02   6.73120E-02   7.33833E-02   7.99202E-01 
    5.72620E-02   2.84073E-03   0.00000E+00   4.26247E-03   4.85295E-03 
    9.03896E-01   3.18476E-02   3.73632E-02   1.77777E-02   5.47316E-01 
    1.07759E-01   3.44925E-01
   9.53000E+02   6.37565E-05   2.82972E-03   9.52934E-01   8.63518E-03 
    1.40532E-02   2.14839E-02   6.73135E-02   7.24286E-02   7.93460E-01 
    6.36810E-02   3.11698E-03   0.00000E+00   4.02271E-03   4.50077E-03 
    8.94926E-01   3.55802E-02   4.32864E-02   1.76844E-02   6.29552E-01 
    1.15761E-01   2.54686E-01
   9.43000E+02   5.56642E-05   2.67267E-03   9.51907E-01   8.92852E-03 
    1.51624E-02   2.12740E-02   6.73172E-02   7.19479E-02   7.87339E-01 
    7.00102E-02   3.38569E-03   0.00000E+00   3.77951E-03   4.18949E-03 
    8.85182E-01   3.94094E-02   4.97977E-02   1.76420E-02   6.91401E-01 
    1.21502E-01   1.87097E-01
   9.33000E+02   4.84309E-05   2.53470E-03   9.50923E-01   9.14481E-03 
    1.62215E-02   2.11274E-02   6.73225E-02   7.18043E-02   7.81040E-01 
    7.61891E-02   3.64416E-03   0.00000E+00   3.53658E-03   3.90640E-03 
    8.74690E-01   4.33232E-02   5.69227E-02   1.76215E-02   7.37963E-01 
    1.25598E-01   1.36439E-01
   9.23000E+02   4.20141E-05   2.40976E-03   9.50019E-01   9.28419E-03 
    1.72211E-02   2.10239E-02   6.73289E-02   7.19026E-02   7.74702E-01 
    8.21763E-02   3.89047E-03   0.00000E+00   3.29646E-03   3.64327E-03 
    8.63433E-01   4.73241E-02   6.47001E-02   1.76032E-02   7.73046E-01 
    1.28508E-01   9.84468E-02
   9.13000E+02   3.63541E-05   2.29390E-03   9.49217E-01   9.34951E-03 
    1.81541E-02   2.09496E-02   6.73358E-02   7.21762E-02   7.68421E-01 
    8.79434E-02   4.12308E-03   0.00000E+00   3.06088E-03   3.39484E-03 
    8.51366E-01   5.14261E-02   7.31787E-02   1.75734E-02   7.99461E-01 
    1.30562E-01   6.99770E-02
   9.03000E+02   3.13842E-05   2.18447E-03   9.48529E-01   9.34528E-03 
    1.90146E-02   2.08954E-02   6.73432E-02   7.25777E-02   7.62268E-01 
    9.34705E-02   4.34068E-03   0.00000E+00   2.83108E-03   3.15783E-03 
    8.38421E-01   5.56522E-02   8.24157E-02   1.75224E-02   8.19285E-01 
    1.32003E-01   4.87123E-02
   8.93000E+02   2.70361E-05   2.07973E-03   9.47963E-01   9.27699E-03 
    1.97976E-02   2.08553E-02   6.73509E-02   7.30729E-02   7.56290E-01 
    9.87438E-02   4.54202E-03   0.00000E+00   2.60801E-03   2.93026E-03 
    8.24512E-01   6.00326E-02   9.24735E-02   1.74436E-02   8.34066E-01 
    1.33003E-01   3.29313E-02
   8.83000E+02   2.32437E-05   1.97851E-03   9.47524E-01   9.15070E-03 
    2.04988E-02   2.08250E-02   6.73586E-02   7.36361E-02   7.50525E-01 
    1.03754E-01   4.72599E-03   0.00000E+00   2.39247E-03   2.71111E-03 
    8.09545E-01   6.46027E-02   1.03417E-01   1.73318E-02   8.44971E-01 
    1.33687E-01   2.13421E-02
   8.73000E+02   1.99448E-05   1.88005E-03   9.47211E-01   8.97275E-03 
    2.11148E-02   2.08020E-02   6.73664E-02   7.42482E-02   7.44997E-01 
    1.08497E-01   4.89155E-03   0.00000E+00   2.18523E-03   2.50000E-03 
    7.93424E-01   6.94010E-02   1.15306E-01   1.71838E-02   8.52888E-01 
    1.34148E-01   1.29637E-02
   8.63000E+02   1.70818E-05   1.78387E-03   9.47022E-01   8.74957E-03 
    2.16428E-02   2.07843E-02   6.73740E-02   7.48941E-02   7.39724E-01 
    1.12970E-01   5.03781E-03   0.00000E+00   1.98714E-03   2.29708E-03 
    7.76064E-01   7.44643E-02   1.28190E-01   1.69972E-02   8.58506E-01 
    1.34452E-01   7.04267E-03
   8.53000E+02   1.46023E-05   1.68969E-03   9.46956E-01   8.48756E-03 
    2.20813E-02   2.07708E-02   6.73816E-02   7.55621E-02   7.34718E-01 
    1.17174E-01   5.16410E-03   0.00000E+00   1.79915E-03   2.10290E-03 
    7.57419E-01   7.98215E-02   1.42086E-01   1.67713E-02   8.62360E-01 
    1.34647E-01   2.99306E-03
   8.43000E+02   1.24591E-05   1.59738E-03   9.47006E-01   8.19299E-03 
    2.24301E-02   2.07608E-02   6.73890E-02   7.62425E-02   7.29986E-01 
    1.21112E-01   5.27004E-03   0.00000E+00   1.62240E-03   1.91833E-03 
    7.37502E-01   8.54843E-02   1.56965E-01   1.65073E-02   8.64877E-01 
    1.34768E-01   3.55215E-04
   8.41194E+02   1.21046E-05   1.58091E-03   9.47027E-01   8.13681E-03 
    2.24835E-02   2.07593E-02   6.73903E-02   7.63661E-02   7.29161E-01 
    1.21796E-01   5.28699E-03   0.00000E+00   1.59178E-03   1.88611E-03 
    7.33778E-01   8.65386E-02   1.59750E-01   1.64558E-02   8.65216E-01 
    1.34784E-01   0.00000E+00

 Phase Region for:
     BCC_A2                        
     CEMENTITE                     
 col-1=T, col-2=W(BCC_A2,C), col-3=W(BCC_A2,CR), col-4=W(BCC_A2,FE),
   col-5=W(BCC_A2,MN), col-6=W(BCC_A2,NI), col-7=W(BCC_A2,SI),
   col-8=W(CEMENTITE,C), col-9=W(CEMENTITE,CR), col-10=W(CEMENTITE,FE),
   col-11=W(CEMENTITE,MN), col-12=W(CEMENTITE,NI), col-13=W(CEMENTITE,SI),
   col-14=NP(BCC_A2), col-15=NP(CEMENTITE),
   8.41194E+02   1.21046E-05   1.58091E-03   9.47027E-01   8.13681E-03 
    2.24835E-02   2.07593E-02   6.73903E-02   7.63661E-02   7.29161E-01 
    1.21796E-01   5.28699E-03   0.00000E+00   8.65216E-01   1.34784E-01  NONE
   8.33000E+02   1.06336E-05   1.50593E-03   9.47419E-01   7.82333E-03 
    2.24814E-02   2.07595E-02   6.73959E-02   7.69509E-02   7.26089E-01 
    1.24259E-01   5.30566E-03   0.00000E+00   8.65193E-01   1.34807E-01  NONE
   8.23000E+02   9.05518E-06   1.41650E-03   9.47890E-01   7.44557E-03 
    2.24787E-02   2.07598E-02   6.74025E-02   7.76499E-02   7.22391E-01 
    1.27229E-01   5.32814E-03   0.00000E+00   8.65168E-01   1.34832E-01  NONE
   8.13000E+02   7.68868E-06   1.32946E-03   9.48353E-01   7.07348E-03 
    2.24760E-02   2.07599E-02   6.74091E-02   7.83317E-02   7.18753E-01 
    1.30156E-01   5.35034E-03   0.00000E+00   8.65147E-01   1.34853E-01  NONE
   8.03000E+02   6.50875E-06   1.24492E-03   9.48808E-01   6.70752E-03 
    2.24733E-02   2.07600E-02   6.74155E-02   7.89952E-02   7.15180E-01 
    1.33037E-01   5.37230E-03   0.00000E+00   8.65128E-01   1.34872E-01  NONE
   7.93000E+02   5.49271E-06   1.16300E-03   9.49253E-01   6.34816E-03 
    2.24706E-02   2.07601E-02   6.74217E-02   7.96393E-02   7.11676E-01 
    1.35869E-01   5.39404E-03   0.00000E+00   8.65112E-01   1.34888E-01  NONE
   7.83000E+02   4.62030E-06   1.08381E-03   9.49688E-01   5.99588E-03 
    2.24679E-02   2.07601E-02   6.74278E-02   8.02630E-02   7.08248E-01 
    1.38646E-01   5.41558E-03   0.00000E+00   8.65098E-01   1.34902E-01  NONE
   7.73000E+02   3.87340E-06   1.00743E-03   9.50112E-01   5.65119E-03 
    2.24652E-02   2.07601E-02   6.74338E-02   8.08655E-02   7.04900E-01 
    1.41364E-01   5.43693E-03   0.00000E+00   8.65087E-01   1.34913E-01  NONE
   7.63000E+02   3.23593E-06   9.33967E-04   9.50526E-01   5.31459E-03 
    2.24625E-02   2.07601E-02   6.74395E-02   8.14458E-02   7.01636E-01 
    1.44021E-01   5.45808E-03   0.00000E+00   8.65076E-01   1.34924E-01  NONE
   7.61426E+02   3.14458E-06   9.22672E-04   9.50590E-01   5.26237E-03 
    2.24621E-02   2.07601E-02   6.74404E-02   8.15350E-02   7.01130E-01 
    1.44433E-01   5.46139E-03   0.00000E+00   8.65075E-01   1.34925E-01  NONE

 Phase Region for:
     BCC_A2                        
     CEMENTITE                     
     FCC_A1#1                      
 col-1=T, col-2=W(BCC_A2,C), col-3=W(BCC_A2,CR), col-4=W(BCC_A2,FE),
   col-5=W(BCC_A2,MN), col-6=W(BCC_A2,NI), col-7=W(BCC_A2,SI),
   col-8=W(CEMENTITE,C), col-9=W(CEMENTITE,CR), col-10=W(CEMENTITE,FE),
   col-11=W(CEMENTITE,MN), col-12=W(CEMENTITE,NI), col-13=W(CEMENTITE,SI),
   col-14=W(FCC_A1#1,C), col-15=W(FCC_A1#1,CR), col-16=W(FCC_A1#1,FE),
   col-17=W(FCC_A1#1,MN), col-18=W(FCC_A1#1,NI), col-19=W(FCC_A1#1,SI),
   col-20=NP(BCC_A2), col-21=NP(CEMENTITE), col-22=NP(FCC_A1#1),
   7.61426E+02   3.14458E-06   9.22672E-04   9.50590E-01   5.26237E-03 
    2.24621E-02   2.07601E-02   6.74404E-02   8.15350E-02   7.01130E-01 
    1.44433E-01   5.46139E-03   0.00000E+00   6.86201E-04   8.57023E-04 
    5.60686E-01   1.34532E-01   2.89378E-01   1.38614E-02   8.65075E-01 
    1.34925E-01   7.10009E-09
   7.53000E+02   2.70038E-06   8.62738E-04   9.51144E-01   4.95927E-03 
    2.22660E-02   2.07650E-02   6.74447E-02   8.20134E-02   6.99035E-01 
    1.46077E-01   5.43018E-03   0.00000E+00   6.34304E-04   7.89009E-04 
    5.44771E-01   1.38741E-01   3.01421E-01   1.36433E-02   8.64465E-01 
    1.34925E-01   6.09849E-04
   7.43000E+02   2.24716E-06   7.94404E-04   9.51819E-01   4.60812E-03 
    2.20044E-02   2.07715E-02   6.74495E-02   8.25590E-02   6.96738E-01 
    1.47868E-01   5.38492E-03   0.00000E+00   5.79565E-04   7.15405E-04 
    5.26830E-01   1.43395E-01   3.15070E-01   1.34098E-02   8.63720E-01 
    1.34925E-01   1.35561E-03
   7.33000E+02   1.86363E-06   7.29200E-04   9.52507E-01   4.26783E-03 
    2.17157E-02   2.07784E-02   6.74541E-02   8.30797E-02   6.94643E-01 
    1.49492E-01   5.33159E-03   0.00000E+00   5.31143E-04   6.48641E-04 
    5.09872E-01   1.47689E-01   3.28056E-01   1.32037E-02   8.62961E-01 
    1.34924E-01   2.11501E-03
   7.23000E+02   1.53995E-06   6.67199E-04   9.53203E-01   3.93973E-03 
    2.14032E-02   2.07857E-02   6.74583E-02   8.35747E-02   6.92744E-01 
    1.50952E-01   5.27094E-03   0.00000E+00   4.88040E-04   5.87914E-04 
    4.93831E-01   1.51639E-01   3.40431E-01   1.30239E-02   8.62195E-01 
    1.34924E-01   2.88088E-03
   7.13000E+02   1.26760E-06   6.08456E-04   9.53902E-01   3.62487E-03 
    2.10698E-02   2.07933E-02   6.74623E-02   8.40436E-02   6.91037E-01 
    1.52254E-01   5.20354E-03   0.00000E+00   4.49433E-04   5.32546E-04 
    4.78634E-01   1.55264E-01   3.52250E-01   1.28695E-02   8.61427E-01 
    1.34924E-01   3.64859E-03
   7.03000E+02   1.03916E-06   5.53001E-04   9.54603E-01   3.32407E-03 
    2.07177E-02   2.08011E-02   6.74660E-02   8.44861E-02   6.89517E-01 
    1.53401E-01   5.12983E-03   0.00000E+00   4.14646E-04   4.81972E-04 
    4.64211E-01   1.58586E-01   3.63567E-01   1.27393E-02   8.60661E-01 
    1.34924E-01   4.41522E-03
   6.93000E+02   8.48208E-07   5.00844E-04   9.55303E-01   3.03794E-03 
    2.03487E-02   2.08089E-02   6.74694E-02   8.49020E-02   6.88182E-01 
    1.54397E-01   5.05018E-03   0.00000E+00   3.83126E-04   4.35714E-04 
    4.50491E-01   1.61627E-01   3.74431E-01   1.26321E-02   8.59897E-01 
    1.34924E-01   5.17898E-03
   6.83000E+02   6.89168E-07   4.51976E-04   9.55999E-01   2.76691E-03 
    1.99642E-02   2.08169E-02   6.74726E-02   8.52916E-02   6.87026E-01 
    1.55245E-01   4.96483E-03   0.00000E+00   3.54420E-04   3.93369E-04 
    4.37412E-01   1.64405E-01   3.84888E-01   1.25468E-02   8.59137E-01 
    1.34925E-01   5.93886E-03
   6.73000E+02   5.57221E-07   4.06366E-04   9.56692E-01   2.51125E-03 
    1.95652E-02   2.08247E-02   6.74755E-02   8.56549E-02   6.86046E-01 
    1.55950E-01   4.87400E-03   0.00000E+00   3.28157E-04   3.54591E-04 
    4.24915E-01   1.66941E-01   3.94979E-01   1.24824E-02   8.58381E-01 
    1.34925E-01   6.69440E-03
